1.00000 -3.81500 3.44800 15.38100 -1.16000 -4.35400 -5.76800 -8.64700 -0.15300 -4.04900 -9.63300 -5.37100 -3.75400 -7.62900 -4.00800 -3.40800 -3.94700
2.00000 -4.79100 1.49500 14.89300 -3.11300 -3.37700 -3.81500 -9.62300 -2.59400 -1.60700 -8.65700 -5.85900 -4.73000 -6.65300 -3.03100 -3.89600 -2.97000
3.00000 -5.28000 -1.43400 12.93900 -4.08900 -2.40100 -1.37300 -9.13500 -4.05900 1.32200 -4.26200 -5.85900 -4.73000 -4.70000 -2.54300 -3.89600 -1.99400
4.00000 -6.25600 -3.38700 10.01000 -3.60100 -0.93600 0.09200 -6.20500 -4.05900 3.27600 -1.82100 -4.88300 -3.75400 -1.28200 -2.54300 -3.40800 -1.99400
5.00000 -6.74400 -3.87600 8.54500 -3.11300 -0.44800 0.58000 -3.76400 -3.57100 3.76400 -4.26200 -3.90600 -2.28900 2.13600 -2.54300 -2.92000 -1.50600
6.00000 -6.74400 -4.36400 8.05700 -3.60100 -1.42400 -2.35000 -2.78700 -3.08200 3.27600 -10.61000 -3.90600 -1.31200 4.57800 -2.05500 -1.94300 -0.52900
7.00000 -5.76800 -5.82900 8.05700 -6.04200 -3.86600 -6.74400 -5.71700 -3.08200 1.32200 -15.00400 -5.85900 -1.80100 4.57800 -1.07800 -2.43100 -0.52900
8.00000 -4.30300 -8.75900 6.10400 -8.97200 -6.30700 -9.67400 -10.11100 -4.05900 -0.63100 -12.07500 -8.30100 -3.26500 3.11300 -1.07800 -2.92000 -1.01700
9.00000 -4.79100 -11.68800 1.70900 -10.92500 -7.77200 -10.16200 -13.52900 -6.01200 -2.58400 -2.79700 -10.25400 -4.73000 1.16000 -1.56700 -2.92000 -1.50600
10.00000 -6.74400 -12.17700 -3.66200 -10.92500 -7.77200 -8.69800 -14.50600 -7.47700 -4.53700 6.96800 -9.76600 -5.21900 -0.79300 -2.54300 -2.43100 -1.99400
11.00000 -8.69800 -10.22300 -7.08000 -9.46000 -7.28400 -6.25600 -13.52900 -7.96500 -5.02500 9.89800 -7.81200 -4.73000 -1.28200 -3.52000 -0.47800 -1.01700
12.00000 -9.67400 -7.78200 -6.10400 -7.50700 -6.79500 -5.28000 -11.57600 -7.47700 -4.53700 5.50300 -5.37100 -4.24200 -0.79300 -4.00800 0.98700 -0.52900
13.00000 -9.18600 -5.82900 -3.17400 -6.04200 -5.81900 -6.74400 -10.60000 -6.01200 -3.56000 -4.26200 -4.39500 -3.75400 -0.30500 -4.00800 0.98700 -0.52900
14.00000 -6.25600 -4.85200 0.24400 -5.55400 -4.35400 -8.20900 -10.11100 -4.54700 -2.58400 -12.07500 -3.90600 -4.24200 -0.79300 -4.49600 0.49800 -1.50600
15.00000 -3.32600 -3.38700 1.22100 -4.57800 -2.40100 -7.72100 -7.18200 -2.10600 -3.07200 -14.51600 -3.41800 -4.73000 -2.25800 -5.47300 -0.47800 -2.97000
16.00000 -0.88500 -1.43400 0.73200 -2.62500 -0.44800 -5.76800 -2.29900 -0.64100 -4.53700 -12.56300 -1.95300 -3.75400 -3.72300 -5.96100 0.01000 -2.97000
17.00000 1.06800 0.03100 0.73200 0.30500 0.52900 -2.83800 3.07200 0.33600 -6.00200 -10.12200 0.00000 -2.28900 -4.21100 -5.47300 0.98700 -1.99400
18.00000 2.53300 -0.45800 2.68600 2.25800 0.52900 -1.86200 6.00200 0.82400 -7.46700 -9.14500 1.46500 -1.31200 -3.72300 -4.98500 2.45200 -0.04100
19.00000 3.51000 -2.41100 5.12700 2.74700 -0.44800 -2.35000 4.53700 0.82400 -6.97800 -9.14500 1.95300 -0.33600 -2.25800 -4.98500 2.94000 0.93600
20.00000 3.51000 -4.85200 5.61500 1.28200 -0.93600 -3.32600 -0.34600 0.82400 -5.02500 -7.68000 -0.48800 -0.82400 -0.79300 -5.96100 2.45200 1.42400
21.00000 3.02100 -4.85200 0.73200 -0.67100 0.52900 -3.81500 -5.22900 0.82400 -3.07200 -4.26200 -3.41800 -1.80100 -0.30500 -6.44900 0.49800 0.44800
22.00000 1.55600 -2.89900 -6.59200 -2.62500 1.99400 -3.81500 -7.67000 0.33600 -1.11900 -0.84400 -5.37100 -2.77700 0.18300 -6.44900 -0.96600 -0.04100
23.00000 -0.88500 0.03100 -12.93900 -4.08900 2.97000 -3.81500 -7.67000 -0.15300 -0.63100 0.13200 -5.85900 -2.77700 0.18300 -4.98500 -1.94300 -0.52900
24.00000 -3.32600 1.00700 -13.91600 -4.57800 2.48200 -4.30300 -6.20500 -0.15300 -1.60700 -2.30900 -5.37100 -1.80100 0.67100 -2.05500 -1.94300 -0.04100
25.00000 -4.79100 -1.43400 -9.52100 -5.06600 1.01700 -4.79100 -5.71700 -0.15300 -3.07200 -5.72700 -4.88300 -1.31200 1.16000 0.87500 -1.45500 1.42400
26.00000 -5.76800 -5.34100 -3.17400 -5.55400 -0.93600 -4.30300 -7.18200 -0.64100 -4.04900 -6.21500 -4.39500 -0.33600 1.64800 1.85100 -0.96600 1.91200
27.00000 -5.76800 -8.27000 0.73200 -7.01900 -1.42400 -3.32600 -8.15800 -2.10600 -3.56000 -3.28600 -4.39500 -0.82400 2.13600 1.36300 -0.96600 2.40100
28.00000 -4.79100 -7.78200 -0.24400 -7.50700 -0.93600 -2.35000 -8.64700 -3.57100 -1.60700 0.13200 -5.37100 -1.80100 3.11300 -0.10200 -1.45500 1.91200
29.00000 -3.81500 -4.85200 -4.63900 -7.99600 0.04100 -1.86200 -8.15800 -6.01200 1.81100 -0.35600 -5.85900 -3.75400 3.60100 -2.05500 -1.94300 1.42400
30.00000 -3.81500 -2.89900 -9.03300 -7.50700 -0.44800 -3.32600 -8.15800 -6.98900 3.76400 -5.23900 -6.83600 -5.70700 4.57800 -2.54300 -2.43100 0.93600
31.00000 -5.28000 -4.85200 -11.47500 -8.48400 -2.40100 -6.25600 -9.62300 -6.98900 3.76400 -12.07500 -8.30100 -7.17200 5.06600 -2.54300 -2.92000 -0.04100
32.00000 -8.20900 -10.22300 -12.93900 -9.94900 -5.33000 -8.69800 -12.55300 -6.98900 0.34600 -15.00400 -9.27700 -6.68300 5.06600 -2.54300 -2.92000 -0.52900
33.00000 -11.62700 -17.05900 -13.91600 -11.90200 -8.74800 -10.65100 -14.99400 -6.98900 -4.04900 -11.58700 -9.76600 -5.70700 3.60100 -3.03100 -2.43100 -1.99400
34.00000 -13.58000 -20.47700 -13.91600 -13.36700 -10.70100 -11.62700 -15.97100 -7.47700 -7.95500 -5.23900 -9.27700 -4.24200 1.64800 -4.98500 -1.94300 -4.43500
35.00000 -13.09200 -18.03600 -12.45100 -12.39000 -9.72500 -12.11500 -13.52900 -7.47700 -9.90800 -0.35600 -7.32400 -2.77700 -0.79300 -6.44900 -1.45500 -6.38800
36.00000 -9.67400 -10.22300 -7.56800 -9.46000 -6.79500 -11.62700 -9.62300 -6.50000 -8.93100 -1.33300 -4.88300 -1.31200 -1.77000 -7.42600 -0.96600 -7.36500
37.00000 -4.79100 -0.94600 -0.24400 -5.55400 -3.37700 -9.67400 -4.74000 -3.57100 -6.00200 -5.23900 -2.44100 0.64100 -1.28200 -6.44900 0.01000 -7.85300
38.00000 -0.39700 5.89000 6.59200 -2.13600 0.52900 -5.28000 -1.81100 -0.15300 -3.07200 -8.65700 -0.48800 2.59400 -0.30500 -5.47300 0.98700 -6.87700
39.00000 1.55600 7.35500 10.98600 -0.18300 2.97000 0.58000 -0.34600 2.28900 -1.60700 -7.68000 0.48800 4.05900 0.67100 -4.98500 1.47500 -5.90000
40.00000 2.04500 4.91300 10.49800 0.79300 4.43500 5.46300 -0.34600 2.77700 -1.60700 -3.77400 0.97700 4.05900 -0.79300 -5.96100 0.49800 -5.41200
41.00000 2.53300 0.51900 7.08000 0.79300 5.41200 5.95100 -0.83400 1.31200 -3.07200 -0.84400 0.48800 2.10600 -2.74700 -7.42600 -0.96600 -6.38800
42.00000 2.53300 -2.89900 2.19700 0.79300 5.41200 2.53300 -1.32200 -0.15300 -5.02500 -1.33300 -0.97700 -1.31200 -4.70000 -9.37900 -3.40800 -7.85300
43.00000 3.02100 -3.38700 -1.22100 0.79300 5.41200 -1.86200 -2.29900 -1.12900 -6.00200 -5.23900 -3.41800 -3.75400 -5.18800 -10.35600 -5.36100 -8.83000
44.00000 3.02100 -1.92300 -2.19700 0.79300 4.92400 -5.28000 -4.25200 -0.15300 -5.51400 -9.14500 -5.37100 -4.24200 -3.72300 -10.35600 -5.36100 -8.83000
45.00000 2.04500 -0.94600 -0.73200 0.79300 3.94700 -5.76800 -6.20500 1.80100 -4.04900 -10.61000 -7.32400 -3.26500 -2.74700 -10.35600 -4.87300 -7.85300
46.00000 0.58000 -0.94600 1.22100 0.79300 2.48200 -4.79100 -7.67000 2.77700 -3.07200 -9.14500 -8.30100 -2.77700 -3.72300 -11.82000 -4.38400 -7.36500
47.00000 -0.39700 -1.92300 2.19700 0.30500 1.99400 -4.30300 -8.64700 1.31200 -3.07200 -8.16900 -10.25400 -3.75400 -6.16500 -13.77400 -5.36100 -8.34100
48.00000 -1.37300 -2.89900 2.19700 0.79300 2.48200 -5.28000 -9.13500 -1.61700 -4.53700 -8.65700 -12.69500 -6.68300 -10.55900 -16.70300 -7.31400 -10.29500
49.00000 -1.37300 -2.89900 0.24400 0.79300 3.94700 -7.23300 -9.13500 -5.03500 -6.49000 -11.09800 -15.62500 -9.61300 -13.00000 -18.65600 -10.73200 -13.22400
50.00000 -0.39700 -1.43400 -0.73200 1.28200 5.41200 -7.72100 -10.11100 -6.50000 -8.44300 -13.05100 -18.55500 -11.07800 -13.00000 -19.14500 -13.66200 -14.68900
51.00000 1.55600 -0.94600 -0.24400 1.77000 6.87700 -7.23300 -11.57600 -5.52400 -8.44300 -13.05100 -20.50800 -10.10100 -9.58300 -17.68000 -15.61500 -15.17700
52.00000 2.53300 -1.92300 1.22100 2.25800 7.36500 -5.76800 -13.04100 -3.08200 -6.49000 -11.09800 -20.50800 -8.63600 -5.67600 -15.72700 -15.61500 -14.20100
53.00000 2.04500 -5.82900 2.68600 1.77000 7.36500 -5.28000 -13.52900 -1.61700 -2.58400 -8.16900 -19.04300 -7.17200 -2.74700 -14.75000 -15.12700 -13.71300
54.00000 -0.88500 -10.71200 2.19700 0.79300 6.87700 -5.28000 -12.06500 -1.61700 0.83400 -7.19200 -16.11300 -6.68300 -1.77000 -14.26200 -12.68500 -13.71300
55.00000 -4.79100 -14.61800 -0.24400 -0.67100 6.38800 -5.76800 -8.64700 -2.59400 2.29900 -6.21500 -13.18400 -5.70700 -1.77000 -13.77400 -9.26700 -12.73600
56.00000 -8.69800 -14.61800 -3.17400 -3.60100 5.41200 -4.79100 -4.74000 -3.57100 0.34600 -5.23900 -9.27700 -3.75400 -1.77000 -12.30900 -4.38400 -9.80600
57.00000 -10.16200 -11.68800 -5.12700 -5.55400 4.92400 -3.81500 -1.81100 -2.59400 -2.58400 -3.28600 -5.85900 0.15300 0.67100 -9.37900 1.96300 -5.41200
58.00000 -9.67400 -8.75900 -6.10400 -7.01900 3.45900 -3.81500 -0.34600 -0.15300 -4.53700 -2.30900 -1.95300 4.05900 4.57800 -6.44900 7.82300 1.42400
59.00000 -8.69800 -8.75900 -6.10400 -7.50700 1.50600 -6.25600 -2.29900 2.28900 -4.04900 -4.26200 0.00000 6.50000 8.48400 -3.03100 11.72900 6.79500
60.00000 -7.72100 -11.20000 -6.10400 -7.01900 0.04100 -10.16200 -5.71700 2.77700 -0.63100 -9.14500 0.48800 6.98900 10.92500 -0.10200 13.68200 10.21300
61.00000 -7.72100 -13.15300 -6.59200 -6.04200 0.04100 -12.11500 -9.62300 1.31200 3.76400 -13.05100 -0.48800 5.03500 12.39000 2.34000 12.70500 11.19000
62.00000 -7.23300 -11.20000 -6.10400 -5.06600 2.48200 -9.67400 -11.08800 -1.61700 5.71700 -12.56300 -2.93000 3.08200 12.39000 4.78100 10.75200 10.70100
63.00000 -6.25600 -5.82900 -5.61500 -4.08900 5.41200 -3.32600 -10.11100 -3.57100 4.25200 -6.70400 -4.88300 1.61700 10.92500 7.22200 8.79900 9.23700
64.00000 -4.79100 1.00700 -6.59200 -3.11300 8.34100 3.02100 -7.18200 -5.03500 0.34600 1.10900 -6.34800 0.15300 7.50700 8.19900 5.87000 6.79500
65.00000 -4.30300 3.93700 -9.52100 -2.62500 9.31800 4.97400 -4.74000 -4.54700 -2.58400 5.99200 -7.32400 -1.31200 3.11300 6.24600 2.45200 3.86600
66.00000 -5.76800 1.98400 -13.91600 -2.62500 7.85300 1.06800 -4.25200 -4.05900 -3.56000 5.01500 -9.27700 -3.26500 -1.28200 1.36300 -0.47800 -0.04100
67.00000 -8.69800 -3.38700 -17.82200 -3.11300 5.90000 -5.28000 -6.69400 -4.54700 -2.09600 0.62100 -11.23000 -5.21900 -2.74700 -4.00800 -2.43100 -3.94700
68.00000 -10.16200 -6.31700 -17.82200 -4.08900 4.92400 -9.67400 -10.60000 -6.01200 0.34600 -2.79700 -13.18400 -5.70700 -1.77000 -7.91400 -2.92000 -5.41200
69.00000 -8.69800 -5.34100 -13.42800 -4.08900 5.90000 -9.67400 -13.52900 -7.47700 1.32200 -2.79700 -13.67200 -4.24200 1.16000 -8.40300 -1.45500 -4.43500
70.00000 -4.30300 -1.43400 -7.56800 -3.11300 8.34100 -7.23300 -14.99400 -7.96500 -0.14200 -0.35600 -13.67200 -2.28900 4.08900 -5.96100 0.49800 -2.48200
71.00000 0.58000 1.00700 -2.19700 -1.16000 9.80600 -5.28000 -15.48300 -7.47700 -3.07200 0.62100 -14.16000 -1.31200 4.08900 -4.00800 0.01000 -1.50600
72.00000 3.02100 -0.45800 -1.70900 0.79300 9.80600 -6.25600 -16.45900 -6.98900 -6.49000 -1.33300 -16.11300 -3.26500 0.67100 -5.47300 -3.40800 -3.94700
73.00000 2.53300 -5.82900 -4.63900 1.28200 6.87700 -9.18600 -18.90100 -6.98900 -8.93100 -6.21500 -20.02000 -6.19500 -4.21100 -9.37900 -9.26700 -9.31800
74.00000 0.09200 -11.20000 -9.03300 -0.18300 3.45900 -11.62700 -21.83000 -7.47700 -9.42000 -10.61000 -23.43800 -9.12500 -7.62900 -14.75000 -14.15000 -14.68900
75.00000 -2.35000 -12.66500 -12.45100 -3.11300 1.01700 -13.09200 -23.78300 -7.47700 -8.44300 -12.07500 -23.92600 -9.12500 -8.60600 -17.19200 -15.61500 -17.13100
76.00000 -3.32600 -9.73500 -13.91600 -5.06600 0.52900 -13.09200 -22.31900 -6.98900 -6.49000 -11.58700 -21.48400 -6.19500 -6.16500 -14.75000 -12.19700 -15.17700
77.00000 -2.35000 -5.34100 -13.42800 -6.04200 1.99400 -13.09200 -18.90100 -6.98900 -4.04900 -10.12200 -16.60200 -1.80100 -2.25800 -9.37900 -5.36100 -10.29500
78.00000 -1.37300 -1.43400 -11.47500 -5.06600 4.43500 -13.09200 -13.52900 -6.50000 -2.09600 -9.63300 -11.71900 1.12900 1.16000 -4.00800 0.49800 -4.92400
79.00000 -0.88500 -0.45800 -9.52100 -3.11300 5.90000 -11.62700 -9.62300 -6.98900 -0.63100 -8.65700 -9.76600 1.61700 3.11300 -2.05500 2.94000 -2.48200
80.00000 -1.37300 -1.92300 -8.05700 -2.13600 6.38800 -8.20900 -8.15800 -6.50000 -0.14200 -6.70400 -10.74200 0.64100 3.60100 -3.03100 1.96300 -2.97000
81.00000 -1.86200 -2.89900 -6.59200 -2.62500 6.87700 -4.30300 -10.60000 -6.50000 0.34600 -2.79700 -13.67200 -0.33600 4.08900 -5.47300 -0.96600 -4.92400
82.00000 -1.86200 -2.89900 -5.61500 -4.08900 6.87700 -1.86200 -14.99400 -5.03500 0.34600 0.62100 -16.11300 0.15300 4.57800 -5.47300 -2.43100 -5.90000
83.00000 -1.37300 -2.89900 -4.63900 -6.04200 6.87700 -2.35000 -19.87700 -4.05900 -0.14200 1.59700 -16.60200 1.12900 5.06600 -3.52000 -2.43100 -4.92400
84.00000 -0.88500 -2.89900 -4.15000 -7.01900 6.38800 -5.28000 -22.80700 -4.54700 -0.14200 -1.82100 -15.62500 1.12900 4.08900 -1.07800 -0.96600 -3.45900
85.00000 -2.35000 -3.38700 -5.61500 -6.53100 5.41200 -8.69800 -22.31900 -5.52400 -0.63100 -8.16900 -14.64800 -0.82400 1.64800 -0.59000 0.01000 -3.45900
86.00000 -4.30300 -4.85200 -10.01000 -6.04200 4.43500 -10.16200 -19.87700 -6.98900 -1.11900 -14.02800 -15.13700 -3.26500 -2.25800 -4.00800 -1.45500 -5.41200
87.00000 -7.72100 -7.29400 -14.89300 -6.53100 2.97000 -10.16200 -17.43600 -7.47700 -1.60700 -15.98100 -17.09000 -4.24200 -4.70000 -8.40300 -4.38400 -8.83000
88.00000 -10.65100 -10.22300 -18.79900 -7.50700 2.48200 -9.18600 -16.45900 -6.50000 -2.58400 -14.02800 -18.55500 -3.26500 -5.18800 -12.30900 -6.82600 -10.78300
89.00000 -12.11500 -13.64100 -18.79900 -8.97200 2.48200 -9.18600 -16.45900 -4.54700 -2.58400 -10.61000 -17.57800 -1.31200 -3.23500 -12.30900 -7.31400 -10.78300
90.00000 -12.11500 -16.57100 -15.86900 -9.46000 2.48200 -9.67400 -17.43600 -3.08200 -2.58400 -10.12200 -16.11300 0.15300 -0.30500 -10.35600 -5.84900 -8.83000
91.00000 -12.11500 -18.03600 -10.98600 -9.46000 2.97000 -10.16200 -17.92400 -3.57100 -0.63100 -13.05100 -14.16000 -0.82400 1.16000 -8.89100 -4.38400 -7.36500
92.00000 -12.11500 -16.57100 -9.03300 -8.48400 2.48200 -9.18600 -17.92400 -5.52400 0.83400 -17.93400 -14.64800 -3.26500 -0.30500 -9.37900 -4.38400 -8.34100
93.00000 -11.62700 -13.64100 -10.49800 -7.99600 2.48200 -7.72100 -17.92400 -7.96500 1.32200 -20.86400 -16.11300 -6.68300 -3.23500 -11.33200 -5.84900 -10.78300
94.00000 -10.65100 -10.22300 -13.91600 -7.50700 2.48200 -5.76800 -17.92400 -8.94200 -1.11900 -17.93400 -18.55500 -7.66000 -5.67600 -12.79700 -7.31400 -12.73600
95.00000 -8.69800 -8.75900 -16.35700 -7.01900 3.45900 -4.30300 -18.41200 -7.96500 -4.53700 -11.09800 -19.04300 -6.68300 -7.14100 -12.30900 -6.82600 -12.24800
96.00000 -7.72100 -10.71200 -14.89300 -6.53100 4.43500 -4.79100 -17.92400 -6.50000 -7.95500 -3.28600 -17.57800 -3.75400 -6.16500 -9.37900 -3.89600 -9.80600
97.00000 -7.72100 -13.64100 -11.96300 -5.55400 4.92400 -5.28000 -17.92400 -5.52400 -9.42000 0.13200 -15.62500 -0.82400 -3.72300 -7.42600 0.49800 -6.38800
98.00000 -9.18600 -14.61800 -10.49800 -5.06600 4.43500 -5.76800 -17.92400 -5.03500 -7.95500 -0.84400 -14.16000 1.12900 -0.79300 -6.44900 3.42800 -3.94700
99.00000 -10.16200 -12.17700 -11.96300 -4.08900 2.97000 -5.76800 -18.90100 -4.54700 -5.51400 -4.26200 -14.64800 1.61700 2.13600 -7.91400 4.89300 -2.97000
100.00000 -9.18600 -7.29400 -15.86900 -4.08900 1.01700 -5.76800 -20.36500 -3.57100 -4.04900 -7.19200 -15.62500 2.10600 3.60100 -9.37900 4.40500 -2.97000
101.00000 -7.23300 -2.89900 -18.79900 -4.57800 -0.93600 -6.25600 -20.36500 -2.59400 -4.53700 -7.68000 -15.13700 2.59400 3.60100 -8.89100 3.42800 -2.97000
102.00000 -4.79100 -1.92300 -18.31100 -5.06600 -1.42400 -7.23300 -18.41200 -1.12900 -5.02500 -6.21500 -12.69500 3.57100 3.60100 -6.44900 2.94000 -1.50600
103.00000 -3.32600 -3.87600 -15.38100 -6.04200 -0.93600 -7.72100 -14.01800 -0.64100 -5.02500 -6.21500 -9.27700 3.57100 2.62500 -4.00800 3.91600 -0.52900
104.00000 -3.32600 -6.31700 -13.42800 -7.01900 1.01700 -7.23300 -9.62300 -1.12900 -4.04900 -7.19200 -6.83600 3.08200 2.13600 -3.52000 3.91600 0.44800
105.00000 -3.32600 -7.29400 -13.91600 -7.01900 1.99400 -5.76800 -7.18200 -2.10600 -2.58400 -9.14500 -6.34800 2.59400 1.64800 -4.49600 3.91600 0.93600
106.00000 -3.32600 -5.34100 -16.35700 -6.04200 2.48200 -3.81500 -7.67000 -2.59400 -1.60700 -10.12200 -7.81200 2.10600 1.16000 -5.96100 2.45200 0.44800
107.00000 -2.35000 -3.87600 -17.33400 -3.60100 1.99400 -4.30300 -10.11100 -2.59400 -2.09600 -9.63300 -9.76600 2.10600 0.67100 -6.44900 0.49800 -0.04100
108.00000 -0.39700 -3.87600 -15.38100 -1.16000 1.01700 -7.23300 -12.55300 -2.10600 -3.07200 -10.12200 -10.74200 1.61700 -0.30500 -5.96100 -0.47800 -0.04100
109.00000 0.58000 -6.31700 -11.96300 1.28200 0.52900 -10.16200 -12.55300 -1.12900 -4.04900 -12.07500 -10.74200 1.12900 -0.79300 -4.98500 -0.47800 -0.04100
110.00000 1.06800 -8.75900 -10.49800 1.28200 1.50600 -12.11500 -12.06500 -0.64100 -4.04900 -15.98100 -9.76600 0.64100 -0.79300 -4.00800 0.98700 0.44800
111.00000 -0.39700 -9.24700 -11.96300 -0.67100 2.97000 -10.65100 -11.08800 -0.64100 -2.09600 -20.37600 -8.78900 0.64100 1.64800 -3.52000 2.45200 1.42400
112.00000 -1.86200 -7.78200 -15.38100 -3.60100 5.41200 -7.72100 -11.08800 -0.15300 0.83400 -21.84000 -7.32400 1.61700 4.57800 -3.52000 3.91600 2.40100
113.00000 -3.81500 -6.31700 -17.33400 -5.55400 6.87700 -5.28000 -12.06500 0.82400 3.76400 -19.88700 -6.34800 3.57100 7.01900 -2.54300 4.89300 3.86600
114.00000 -5.28000 -6.80500 -16.35700 -6.04200 6.38800 -6.25600 -12.55300 1.80100 5.22900 -15.98100 -4.39500 5.52400 7.99600 -0.59000 5.38100 4.84200
115.00000 -6.25600 -9.73500 -12.45100 -5.06600 3.45900 -11.13900 -12.55300 1.31200 2.78700 -12.56300 -2.44100 6.98900 7.50700 0.38700 6.84600 4.84200
116.00000 -5.76800 -13.64100 -8.54500 -3.11300 -0.44800 -16.51000 -11.57600 -0.15300 -1.60700 -12.07500 -1.46500 7.96500 5.55400 -0.10200 7.82300 4.84200
117.00000 -5.28000 -15.10600 -8.05700 -3.11300 -4.35400 -19.44000 -10.11100 -1.61700 -6.00200 -15.00400 -0.97700 8.45300 3.60100 -2.54300 9.28800 4.35400
118.00000 -5.28000 -14.13000 -9.03300 -4.57800 -7.28400 -19.44000 -9.13500 -3.08200 -8.44300 -18.91100 -0.97700 8.94200 2.13600 -5.96100 10.26400 3.37700
119.00000 -7.23300 -12.17700 -10.01000 -7.01900 -8.74800 -17.97500 -9.13500 -3.08200 -8.93100 -21.84000 -0.97700 9.43000 1.64800 -8.40300 10.75200 2.40100
120.00000 -10.16200 -11.20000 -9.52100 -8.97200 -9.72500 -16.99800 -10.60000 -1.61700 -8.44300 -21.35200 -1.46500 9.91800 0.18300 -10.35600 10.26400 0.93600
121.00000 -13.09200 -11.68800 -7.08000 -9.94900 -11.19000 -17.97500 -12.06500 -0.15300 -8.44300 -18.91100 -1.95300 8.94200 -0.79300 -11.82000 8.79900 -0.52900
122.00000 -13.58000 -12.66500 -6.10400 -9.94900 -12.65500 -19.44000 -13.52900 0.33600 -10.39600 -16.95800 -2.93000 7.96500 -1.77000 -13.28500 7.33400 -1.99400
123.00000 -11.62700 -13.15300 -7.56800 -9.94900 -13.14300 -20.41600 -14.50600 0.33600 -12.34900 -16.95800 -4.39500 6.50000 -1.28200 -14.26200 5.38100 -2.97000
124.00000 -8.20900 -12.17700 -10.98600 -9.46000 -12.65500 -19.44000 -14.99400 -0.64100 -11.37300 -20.37600 -5.37100 6.01200 0.67100 -14.26200 3.42800 -3.45900
125.00000 -6.74400 -10.71200 -13.91600 -8.48400 -11.19000 -17.97500 -14.50600 -1.61700 -7.95500 -23.79400 -6.34800 5.52400 2.62500 -12.79700 1.96300 -2.97000
126.00000 -6.74400 -10.22300 -13.91600 -7.50700 -8.74800 -16.51000 -12.55300 -3.08200 -3.56000 -25.74700 -5.85900 5.03500 3.11300 -9.86700 1.47500 -2.48200
127.00000 -9.67400 -12.17700 -12.45100 -6.04200 -6.79500 -15.53300 -10.60000 -4.54700 -0.63100 -23.30500 -5.85900 3.57100 1.16000 -6.44900 0.98700 -2.48200
128.00000 -12.11500 -14.61800 -10.49800 -5.06600 -5.81900 -14.06900 -10.11100 -5.03500 -0.63100 -17.93400 -5.85900 1.61700 -1.77000 -4.00800 0.98700 -2.48200
129.00000 -12.11500 -16.08300 -10.49800 -5.06600 -4.35400 -11.62700 -9.62300 -4.54700 -2.58400 -13.05100 -6.34800 -0.33600 -2.74700 -3.03100 0.98700 -1.99400
130.00000 -8.69800 -13.64100 -10.98600 -5.55400 -2.88900 -6.74400 -10.11100 -2.59400 -3.56000 -10.12200 -6.34800 -0.33600 -1.28200 -2.54300 1.47500 -1.01700
131.00000 -3.81500 -8.75900 -10.98600 -5.55400 0.04100 -1.86200 -9.62300 -0.15300 -2.09600 -9.63300 -5.37100 0.64100 3.11300 -2.54300 2.45200 0.44800
132.00000 1.55600 -2.41100 -8.54500 -3.60100 2.97000 1.06800 -8.15800 2.28900 1.32200 -9.63300 -3.41800 2.10600 7.01900 -2.54300 3.42800 1.91200
133.00000 6.43900 2.96000 -4.63900 -0.67100 5.41200 2.04500 -6.69400 2.28900 3.76400 -8.16900 -1.95300 1.61700 7.50700 -2.05500 3.91600 2.40100
134.00000 9.36900 5.89000 -1.70900 2.74700 6.87700 0.58000 -7.67000 0.33600 4.25200 -6.21500 -3.41800 -0.82400 3.60100 -2.54300 2.45200 0.93600
135.00000 11.32200 6.37800 -1.22100 4.21100 6.87700 -1.37300 -11.57600 -2.59400 1.81100 -6.21500 -8.30100 -5.21900 -2.25800 -4.98500 -2.43100 -3.45900
136.00000 13.27500 5.89000 -2.19700 3.72300 5.90000 -3.32600 -17.43600 -5.52400 -1.11900 -10.12200 -14.16000 -8.63600 -6.16500 -8.40300 -7.31400 -7.85300
137.00000 14.25200 6.37800 -3.17400 2.74700 5.41200 -4.79100 -21.34200 -6.01200 -3.56000 -16.46900 -17.57800 -9.12500 -5.67600 -11.33200 -10.73200 -10.29500
138.00000 15.22800 7.35500 -1.22100 2.25800 4.92400 -5.28000 -20.85400 -4.05900 -4.04900 -21.35200 -16.60200 -5.70700 -1.28200 -11.82000 -9.26700 -8.83000
139.00000 16.20500 8.82000 2.19700 3.23500 5.41200 -3.81500 -14.99400 -1.12900 -3.56000 -19.88700 -11.23000 -0.82400 4.08900 -9.37900 -4.38400 -4.92400
140.00000 16.20500 9.79600 4.63900 5.18800 5.41200 -1.86200 -7.67000 1.31200 -2.58400 -15.00400 -4.39500 4.05900 7.01900 -5.96100 1.96300 0.44800
141.00000 15.22800 8.82000 3.66200 6.16500 5.90000 -0.88500 -2.29900 2.28900 -2.09600 -9.63300 0.48800 6.98900 7.01900 -3.52000 5.87000 2.88900
142.00000 14.25200 7.84300 -1.70900 5.18800 4.92400 -2.83800 -1.81100 2.28900 -2.09600 -9.14500 1.46500 7.47700 4.57800 -3.03100 5.87000 1.91200
143.00000 13.76300 7.35500 -8.05700 3.72300 4.43500 -8.20900 -4.25200 2.28900 -3.56000 -14.02800 -0.97700 6.98900 3.11300 -4.00800 3.42800 -0.52900
144.00000 15.71700 7.84300 -11.47500 1.77000 3.94700 -13.58000 -8.15800 2.28900 -4.53700 -20.37600 -3.90600 6.01200 2.62500 -5.47300 0.98700 -2.48200
145.00000 20.11100 10.77300 -9.03300 1.77000 4.43500 -15.04500 -10.11100 2.28900 -6.49000 -21.84000 -5.85900 5.52400 2.62500 -5.96100 0.49800 -2.48200
146.00000 25.97000 14.67900 -1.70900 3.72300 6.87700 -10.65100 -9.62300 1.80100 -7.46700 -15.98100 -6.34800 4.54700 1.64800 -5.96100 0.49800 -1.50600
147.00000 30.85300 19.56200 6.59200 7.14100 10.29500 -1.86200 -8.64700 1.80100 -6.49000 -6.21500 -6.34800 3.08200 -0.30500 -5.47300 0.01000 -1.01700
148.00000 34.27100 23.95600 11.47500 10.55900 13.71300 7.90400 -8.64700 1.80100 -3.56000 0.62100 -6.83600 1.61700 -2.25800 -5.47300 -1.94300 -1.50600
149.00000 35.73600 27.37400 11.47500 12.51200 16.15400 14.25200 -8.64700 2.28900 0.83400 1.10900 -7.32400 1.12900 -1.77000 -4.98500 -3.89600 -2.48200
150.00000 36.22400 29.32700 8.05700 12.51200 17.13100 15.22800 -7.67000 3.26500 4.25200 -4.75100 -6.83600 2.59400 1.16000 -3.03100 -3.89600 -1.99400
151.00000 35.73600 29.81600 5.12700 11.53600 15.66600 12.29900 -5.22900 2.77700 5.71700 -11.09800 -5.37100 4.05900 5.06600 0.38700 -2.43100 0.44800
152.00000 33.78300 28.83900 4.15000 10.07100 13.22400 7.41600 -3.27600 0.82400 4.25200 -13.05100 -4.39500 4.54700 7.99600 3.31600 -0.47800 2.88900
153.00000 30.85300 27.37400 6.10400 9.09400 11.27100 2.53300 -2.78700 -1.61700 1.81100 -9.63300 -5.37100 2.10600 7.01900 3.80500 -0.47800 2.88900
154.00000 26.94700 25.42100 7.56800 7.62900 10.29500 -0.88500 -6.20500 -4.54700 -0.63100 -4.75100 -8.78900 -2.28900 2.62500 0.87500 -3.89600 -0.52900
155.00000 23.52900 22.98000 6.10400 5.67600 9.80600 -2.83800 -11.57600 -6.01200 -0.63100 -2.30900 -13.67200 -6.19500 -1.77000 -4.00800 -8.29100 -5.41200
156.00000 22.55200 21.02700 1.22100 3.72300 10.78300 -2.35000 -16.45900 -6.98900 0.83400 -3.77400 -16.60200 -7.66000 -3.72300 -7.42600 -11.70900 -8.83000
157.00000 24.01700 19.07300 -4.15000 1.28200 11.27100 -0.39700 -17.92400 -6.98900 2.78700 -7.68000 -16.60200 -6.19500 -3.23500 -8.40300 -11.70900 -8.83000
158.00000 25.97000 17.60900 -7.08000 -0.18300 11.27100 3.02100 -16.45900 -6.98900 3.27600 -9.63300 -14.16000 -3.26500 -1.77000 -6.44900 -9.26700 -6.87700
159.00000 26.45900 17.60900 -4.63900 0.79300 10.78300 4.97400 -13.52900 -6.01200 1.32200 -8.16900 -11.23000 -1.31200 -1.77000 -4.98500 -7.31400 -5.41200
160.00000 25.48200 19.56200 1.70900 3.23500 10.29500 4.48600 -11.57600 -4.54700 -3.07200 -5.23900 -9.76600 -1.80100 -5.18800 -5.47300 -8.29100 -6.38800
161.00000 24.01700 21.51500 8.05700 5.67600 9.31800 1.55600 -11.57600 -2.59400 -8.44300 -5.23900 -11.23000 -3.26500 -8.60600 -7.91400 -10.73200 -8.83000
162.00000 23.04100 22.49100 11.47500 7.14100 7.85300 -1.86200 -11.57600 -0.64100 -11.86100 -8.65700 -12.69500 -3.26500 -9.09400 -9.86700 -12.68500 -10.29500
163.00000 23.52900 21.02700 9.52100 6.65300 5.41200 -4.79100 -10.60000 0.82400 -12.34900 -13.05100 -12.20700 -0.82400 -5.67600 -9.86700 -10.73200 -8.83000
164.00000 24.01700 17.60900 5.61500 4.70000 3.45900 -5.76800 -8.64700 1.80100 -8.44300 -15.49300 -10.25400 3.08200 0.67100 -6.44900 -5.84900 -4.43500
165.00000 24.01700 13.70200 3.17400 2.74700 1.50600 -4.30300 -6.20500 1.80100 -3.56000 -12.56300 -7.32400 6.98900 5.55400 -2.54300 0.49800 0.44800
166.00000 23.52900 12.23800 5.12700 2.74700 2.48200 -0.39700 -4.74000 2.28900 1.32200 -7.19200 -5.37100 7.96500 6.04200 -0.59000 3.91600 2.88900
167.00000 23.52900 14.19100 11.47500 5.18800 4.92400 3.99800 -4.25200 3.75400 2.29900 -2.30900 -5.37100 6.50000 3.11300 -2.05500 3.91600 1.91200
168.00000 24.99400 18.58500 19.28700 8.60600 8.34100 8.88100 -4.25200 6.19500 0.34600 -2.30900 -6.34800 4.54700 -1.77000 -5.47300 1.47500 -1.01700
169.00000 27.92400 23.95600 25.14600 12.02400 11.27100 11.32200 -3.27600 8.14800 -3.07200 -5.23900 -6.83600 3.57100 -4.21100 -8.89100 -0.47800 -2.48200
170.00000 30.36500 26.88600 27.10000 13.00000 11.75900 11.32200 -1.32200 8.14800 -5.02500 -6.70400 -6.34800 4.05900 -3.72300 -9.37900 0.01000 -1.50600
171.00000 30.85300 26.39800 26.12300 12.02400 10.29500 8.88100 0.63100 6.19500 -4.04900 -4.75100 -5.37100 5.03500 -0.79300 -7.42600 1.96300 1.42400
172.00000 28.41200 23.46800 22.70500 9.09400 8.83000 5.95100 1.60700 1.80100 -0.63100 0.62100 -4.39500 4.54700 3.11300 -4.00800 3.42800 3.86600
173.00000 24.50600 20.05000 18.79900 6.16500 7.85300 3.99800 0.63100 -2.10600 4.25200 5.99200 -5.37100 2.10600 5.06600 -1.56700 3.42800 4.35400
174.00000 22.55200 19.07300 15.86900 5.18800 9.31800 4.48600 -0.83400 -4.05900 6.69400 8.43300 -7.81200 -0.82400 4.57800 -2.05500 1.47500 2.40100
175.00000 24.50600 21.02700 13.91600 5.67600 11.75900 5.95100 -2.78700 -2.10600 5.71700 5.99200 -9.27700 -2.28900 2.13600 -4.98500 -1.45500 -0.52900
176.00000 29.38800 24.93300 12.45100 7.62900 13.22400 7.90400 -4.25200 1.80100 2.78700 1.10900 -10.25400 -2.28900 -1.28200 -7.91400 -3.40800 -3.45900
177.00000 34.27100 26.88600 12.45100 10.07100 13.22400 8.39200 -4.74000 5.70700 -1.11900 -3.77400 -9.27700 -0.82400 -4.21100 -10.35600 -3.89600 -4.92400
178.00000 34.76000 25.90900 12.93900 11.53600 11.27100 7.90400 -5.71700 6.19500 -3.56000 -6.70400 -8.30100 -0.82400 -5.67600 -10.84400 -4.38400 -5.90000
179.00000 30.36500 21.51500 13.42800 11.04700 8.34100 6.43900 -6.20500 4.24200 -4.04900 -7.68000 -8.30100 -2.28900 -6.16500 -9.86700 -5.36100 -5.90000
180.00000 23.52900 17.12000 13.91600 10.07100 6.38800 4.97400 -6.69400 0.33600 -3.56000 -7.19200 -9.76600 -5.21900 -5.18800 -8.40300 -6.82600 -5.41200
181.00000 18.15800 14.67900 13.91600 8.11800 5.90000 3.99800 -5.22900 -3.08200 -3.56000 -6.21500 -11.23000 -6.68300 -3.23500 -6.44900 -7.80200 -4.43500
182.00000 16.69300 15.16700 13.42800 7.14100 6.87700 2.53300 -2.78700 -3.57100 -3.56000 -4.26200 -11.23000 -5.70700 -1.28200 -4.49600 -7.31400 -2.48200
183.00000 18.15800 17.12000 10.98600 6.65300 7.85300 1.55600 -0.34600 -1.12900 -4.04900 -3.77400 -9.27700 -2.77700 0.67100 -2.54300 -4.87300 -1.01700
184.00000 19.62300 16.63200 8.05700 6.16500 8.34100 0.58000 1.11900 2.28900 -3.56000 -3.77400 -6.34800 0.15300 1.16000 -2.05500 -2.43100 -0.52900
185.00000 18.64600 13.21400 5.12700 4.70000 6.38800 -0.39700 -0.83400 3.75400 -2.58400 -5.72700 -4.88300 2.10600 -0.30500 -2.54300 -1.94300 -1.99400
186.00000 15.22800 7.84300 3.17400 1.77000 3.45900 -3.32600 -4.74000 3.26500 -2.58400 -9.14500 -5.85900 1.12900 -2.74700 -5.47300 -3.89600 -5.41200
187.00000 10.83400 3.44800 1.70900 -1.16000 -0.44800 -7.72100 -8.64700 1.31200 -4.04900 -12.56300 -8.78900 -1.31200 -6.16500 -9.86700 -6.82600 -8.83000
188.00000 8.88100 2.96000 0.24400 -2.62500 -3.37700 -13.09200 -10.11100 -0.64100 -5.51400 -14.51600 -11.23000 -2.77700 -8.11800 -12.30900 -9.75500 -11.27100
189.00000 8.39200 4.91300 -0.24400 -2.62500 -4.35400 -16.51000 -9.13500 -0.64100 -6.49000 -14.51600 -12.20700 -3.26500 -7.62900 -12.79700 -10.24400 -10.78300
190.00000 9.85700 8.33100 -0.73200 -0.18300 -1.91200 -15.53300 -5.71700 0.82400 -4.53700 -12.56300 -10.25400 -2.28900 -3.72300 -9.86700 -7.31400 -7.85300
191.00000 10.83400 11.26100 1.22100 3.23500 2.48200 -8.20900 -1.81100 2.28900 -0.14200 -9.63300 -6.83600 -0.82400 1.16000 -5.96100 -3.40800 -2.97000
192.00000 11.81000 12.23800 4.63900 6.16500 7.85300 2.53300 1.11900 3.26500 5.22900 -6.70400 -3.41800 1.12900 5.55400 -2.05500 2.45200 3.37700
193.00000 12.29900 12.72600 9.03300 7.14100 11.27100 11.81000 4.04900 2.28900 8.15800 -4.26200 -0.97700 2.59400 8.97200 0.87500 7.33400 8.74800
194.00000 14.25200 12.23800 13.42800 6.16500 12.24800 15.22800 6.00200 0.82400 6.69400 -3.28600 -0.48800 3.57100 10.43700 1.85100 10.75200 12.16600
195.00000 16.20500 11.26100 16.35700 3.72300 9.80600 11.32200 7.46700 -0.15300 1.81100 -3.28600 -0.48800 4.54700 9.94900 1.85100 12.21700 13.14300
196.00000 17.18100 8.33100 18.31100 1.28200 5.90000 2.04500 6.49000 1.31200 -3.56000 -6.21500 -0.97700 4.54700 7.99600 -0.59000 11.24100 10.70100
197.00000 15.22800 4.91300 18.79900 -0.67100 0.52900 -8.20900 3.56000 2.77700 -7.95500 -10.61000 -2.93000 3.57100 5.06600 -5.47300 7.82300 4.84200
198.00000 11.81000 1.49500 17.33400 -1.64800 -3.86600 -15.04500 -1.81100 3.75400 -8.93100 -15.98100 -6.34800 1.12900 1.64800 -12.30900 2.45200 -1.50600
199.00000 7.41600 0.03100 13.42800 -1.64800 -5.81900 -16.99800 -6.20500 2.77700 -7.95500 -19.88700 -10.74200 -2.28900 -1.28200 -18.65600 -2.92000 -7.85300
200.00000 4.97400 1.98400 8.05700 -1.16000 -4.35400 -15.53300 -8.64700 0.33600 -5.51400 -20.86400 -14.64800 -5.21900 -2.74700 -21.58600 -7.80200 -11.27100
201.00000 4.97400 4.91300 4.15000 -0.18300 -0.93600 -11.62700 -7.18200 -2.10600 -4.04900 -17.93400 -17.09000 -7.17200 -2.74700 -20.61000 -11.22000 -12.24800
202.00000 6.92700 6.86600 3.66200 1.77000 3.45900 -7.23300 -4.74000 -4.54700 -2.58400 -11.58700 -16.60200 -8.14800 -2.25800 -16.21500 -12.19700 -11.27100
203.00000 9.85700 7.35500 7.08000 3.72300 6.38800 -2.83800 -2.78700 -5.52400 -2.58400 -5.72700 -14.64800 -8.63600 -2.74700 -11.82000 -12.68500 -10.78300
204.00000 10.83400 5.40200 11.96300 5.18800 6.38800 -0.39700 -2.78700 -6.98900 -3.07200 -2.30900 -13.18400 -9.61300 -4.70000 -10.35600 -12.68500 -10.78300
205.00000 10.34500 3.93700 14.89300 4.70000 4.43500 -0.88500 -4.25200 -8.45300 -4.53700 -2.79700 -12.69500 -11.56600 -7.62900 -11.82000 -13.17300 -12.73600
206.00000 9.36900 3.93700 14.40400 3.23500 1.99400 -3.32600 -5.71700 -9.91800 -4.53700 -6.21500 -14.16000 -13.51900 -9.58300 -14.26200 -15.12700 -14.68900
207.00000 8.39200 4.91300 12.93900 1.77000 0.04100 -6.25600 -7.18200 -10.40600 -4.53700 -9.63300 -16.60200 -14.98400 -9.58300 -15.72700 -17.08000 -15.66600
208.00000 8.88100 5.89000 13.91600 1.77000 0.04100 -7.72100 -6.20500 -7.96500 -3.56000 -9.63300 -17.57800 -13.51900 -7.14100 -14.26200 -18.05600 -14.68900
209.00000 10.83400 6.37800 17.82200 3.72300 1.01700 -5.76800 -4.74000 -3.57100 -3.56000 -5.23900 -16.11300 -10.10100 -4.21100 -11.33200 -17.08000 -12.73600
210.00000 13.27500 6.37800 22.70500 6.65300 2.48200 -0.88500 -1.81100 1.80100 -4.53700 0.62100 -13.18400 -6.19500 -2.25800 -7.91400 -13.66200 -10.29500
211.00000 15.22800 5.89000 23.68200 8.60600 3.45900 3.51000 0.63100 5.70700 -5.51400 5.01500 -9.76600 -2.77700 -1.28200 -6.44900 -9.26700 -7.36500
212.00000 15.22800 5.40200 19.77500 9.09400 3.94700 5.46300 3.07200 6.68300 -5.02500 3.06200 -7.32400 -0.82400 -1.28200 -6.93800 -5.36100 -5.41200
213.00000 13.76300 5.40200 13.42800 7.62900 3.94700 3.99800 4.53700 6.19500 -2.09600 -3.77400 -6.34800 -0.33600 0.67100 -7.42600 -2.43100 -3.45900
214.00000 11.32200 4.91300 10.01000 5.18800 4.43500 -0.39700 5.02500 5.21900 1.81100 -12.56300 -6.83600 0.15300 3.60100 -7.42600 -1.45500 -2.48200
215.00000 8.39200 5.40200 11.96300 3.72300 4.43500 -4.79100 4.04900 4.24200 4.25200 -17.93400 -7.81200 0.64100 6.53100 -6.93800 -2.43100 -1.50600
216.00000 7.41600 5.89000 17.33400 4.21100 4.92400 -6.74400 2.09600 4.24200 3.76400 -17.93400 -7.32400 1.12900 6.53100 -5.96100 -3.40800 -1.01700
217.00000 7.90400 5.89000 22.21700 6.16500 5.41200 -6.25600 1.11900 3.75400 0.83400 -12.07500 -6.83600 0.64100 4.08900 -5.96100 -3.89600 -1.50600
218.00000 9.36900 5.89000 23.19300 7.62900 6.38800 -3.81500 0.63100 1.80100 -2.58400 -5.72700 -6.34800 -0.82400 0.18300 -6.44900 -3.40800 -1.50600
219.00000 10.34500 5.40200 20.75200 7.62900 6.38800 -2.35000 1.60700 -0.64100 -4.04900 -1.82100 -6.34800 -3.26500 -2.25800 -7.42600 -2.92000 -1.99400
220.00000 9.85700 4.91300 17.82200 6.16500 5.90000 -3.32600 1.60700 -2.59400 -4.04900 -2.79700 -7.32400 -4.73000 -1.77000 -7.91400 -1.94300 -1.50600
221.00000 8.39200 4.42500 16.84600 4.21100 3.45900 -5.76800 0.63100 -2.10600 -4.53700 -7.19200 -8.78900 -5.21900 0.18300 -8.40300 -1.94300 -1.99400
222.00000 6.43900 3.44800 16.35700 1.77000 0.04100 -8.20900 -1.32200 -0.15300 -6.97800 -12.56300 -10.25400 -4.73000 2.62500 -9.37900 -2.43100 -2.97000
223.00000 4.97400 1.98400 13.42800 -0.67100 -3.37700 -9.67400 -4.25200 1.31200 -9.90800 -16.95800 -11.71900 -4.73000 1.64800 -11.82000 -3.40800 -5.41200
224.00000 3.51000 0.03100 7.56800 -2.62500 -4.35400 -9.67400 -6.20500 0.82400 -11.37300 -19.39900 -13.18400 -5.70700 -1.28200 -14.75000 -6.33700 -8.83000
225.00000 2.04500 -1.43400 0.73200 -4.57800 -2.88900 -8.20900 -7.18200 -2.10600 -10.39600 -21.84000 -15.13700 -8.63600 -5.18800 -16.70300 -9.26700 -11.75900
226.00000 0.58000 -0.94600 -2.19700 -5.06600 0.52900 -7.23300 -7.18200 -6.01200 -7.95500 -23.30500 -16.60200 -11.07800 -7.62900 -16.21500 -13.17300 -13.22400
227.00000 1.06800 1.98400 1.22100 -3.60100 3.94700 -6.25600 -7.18200 -7.47700 -6.49000 -24.28200 -17.57800 -12.54300 -8.60600 -14.75000 -15.61500 -13.71300
228.00000 4.48600 5.89000 9.52100 -0.67100 6.38800 -5.76800 -6.20500 -6.01200 -7.46700 -23.79400 -16.11300 -12.05400 -8.11800 -12.30900 -16.59100 -13.22400
229.00000 9.36900 8.82000 17.33400 2.74700 6.87700 -4.30300 -4.74000 -2.10600 -8.44300 -21.84000 -13.67200 -10.59000 -7.14100 -11.33200 -15.61500 -12.73600
230.00000 13.27500 8.33100 20.75200 4.70000 6.87700 -1.86200 -2.78700 1.80100 -6.97800 -17.44600 -11.23000 -8.14800 -6.65300 -11.82000 -13.17300 -11.75900
231.00000 13.76300 4.91300 18.31100 4.70000 6.38800 1.06800 -1.32200 3.75400 -3.56000 -11.58700 -9.27700 -6.19500 -6.16500 -12.79700 -9.75500 -10.29500
232.00000 10.83400 0.51900 13.91600 2.74700 6.38800 3.99800 -0.34600 3.75400 0.34600 -5.72700 -8.78900 -4.73000 -5.67600 -13.28500 -6.82600 -8.83000
233.00000 6.43900 -1.43400 10.49800 0.30500 6.87700 4.48600 -0.83400 2.77700 2.29900 -1.33300 -9.27700 -3.26500 -5.18800 -11.82000 -3.89600 -6.38800
234.00000 3.51000 0.51900 9.52100 -1.16000 6.87700 3.02100 -1.32200 2.28900 1.32200 -0.84400 -8.78900 -1.31200 -3.72300 -8.89100 -1.45500 -4.92400
235.00000 4.48600 5.40200 9.03300 -0.67100 7.36500 0.58000 -1.32200 2.28900 -0.63100 -2.79700 -7.32400 0.64100 -1.77000 -4.98500 0.49800 -3.45900
236.00000 8.88100 10.28400 8.54500 1.28200 9.31800 -0.39700 0.14200 3.75400 -0.14200 -6.21500 -4.88300 3.08200 2.13600 -1.56700 3.42800 -1.50600
237.00000 13.76300 12.72600 8.05700 4.21100 11.75900 1.06800 2.09600 5.70700 2.78700 -8.16900 -1.95300 5.52400 6.04200 0.87500 6.35800 1.42400
238.00000 16.20500 13.21400 10.01000 6.65300 14.20100 5.46300 4.53700 7.66000 6.69400 -6.21500 1.46500 9.43000 9.46000 3.31600 9.77600 5.33000
239.00000 14.74000 12.72600 14.40400 8.11800 15.17700 9.36900 6.49000 8.63600 8.64700 -2.79700 3.90600 11.87100 11.41400 5.75800 13.19400 8.74800
240.00000 11.32200 12.23800 19.77500 9.09400 13.71300 9.85700 7.46700 8.63600 7.67000 -1.82100 5.37100 12.36000 12.39000 6.73400 14.65900 11.19000
241.00000 7.90400 11.74900 23.19300 8.11800 10.78300 6.43900 6.97800 6.19500 6.20500 -4.75100 3.41800 9.43000 12.39000 6.24600 12.21700 9.72500
242.00000 6.43900 11.26100 22.21700 6.65300 7.85300 1.06800 5.02500 1.31200 4.74000 -11.58700 -1.46500 3.08200 12.39000 3.31600 7.33400 6.30700
243.00000 8.39200 9.30800 17.33400 5.67600 6.38800 -2.83800 0.14200 -3.08200 4.74000 -16.95800 -8.30100 -3.75400 11.41400 -0.10200 0.49800 2.40100
244.00000 11.81000 8.33100 11.96300 5.18800 6.38800 -2.35000 -4.74000 -6.01200 4.25200 -15.98100 -15.13700 -8.63600 8.48400 -3.52000 -4.87300 -0.52900
245.00000 15.22800 9.79600 8.54500 5.67600 7.85300 1.55600 -9.13500 -6.50000 0.34600 -7.68000 -19.04300 -10.59000 4.08900 -4.49600 -7.80200 -0.52900
246.00000 16.20500 12.23800 8.05700 6.16500 8.83000 6.43900 -11.08800 -4.54700 -5.51400 1.59700 -19.53100 -9.12500 -0.79300 -3.52000 -7.80200 0.44800
247.00000 13.27500 13.70200 7.56800 4.21100 9.31800 8.88100 -11.08800 -3.08200 -10.39600 5.50300 -17.09000 -7.17200 -3.72300 -2.05500 -6.33700 1.91200
248.00000 7.41600 11.26100 6.10400 0.79300 9.31800 7.90400 -10.11100 -3.08200 -9.90800 0.62100 -15.13700 -6.68300 -4.21100 -1.56700 -5.84900 1.42400
249.00000 1.55600 4.42500 2.68600 -3.60100 8.34100 4.48600 -10.11100 -5.03500 -5.02500 -10.12200 -15.13700 -8.63600 -2.74700 -3.03100 -7.31400 -1.01700
250.00000 -2.35000 -4.36400 0.24400 -7.01900 6.87700 0.58000 -11.57600 -7.96500 1.81100 -19.88700 -16.60200 -11.07800 -0.79300 -5.96100 -10.24400 -4.92400
251.00000 -3.32600 -10.71200 0.73200 -8.97200 4.92400 -2.35000 -13.52900 -9.43000 4.74000 -23.30500 -18.55500 -13.03100 -1.28200 -8.40300 -12.68500 -7.36500
252.00000 -3.32600 -12.17700 4.63900 -8.48400 2.97000 -4.30300 -13.04100 -8.94200 3.27600 -19.88700 -18.55500 -13.03100 -3.23500 -9.86700 -12.68500 -8.34100
253.00000 -3.32600 -9.24700 10.01000 -7.01900 0.04100 -5.76800 -11.08800 -6.50000 -1.60700 -15.00400 -16.60200 -11.56600 -5.67600 -9.86700 -10.73200 -7.36500
254.00000 -4.30300 -4.36400 12.93900 -5.55400 -1.42400 -6.74400 -7.67000 -3.57100 -4.53700 -12.56300 -14.16000 -9.12500 -6.65300 -9.37900 -8.29100 -6.38800
255.00000 -5.76800 -0.94600 12.93900 -4.57800 -0.93600 -6.25600 -5.22900 -0.64100 -4.53700 -13.05100 -11.71900 -7.17200 -5.67600 -9.86700 -6.82600 -6.38800
256.00000 -5.76800 1.00700 9.52100 -3.60100 1.99400 -2.83800 -4.74000 0.82400 -2.09600 -13.54000 -10.74200 -6.19500 -3.23500 -9.37900 -6.33700 -6.38800
