1.00000 -10.94600 -9.25700 -19.75500 -7.47700 -7.29400 -2.14600 -9.49100 -4.80100 -5.91000 -13.35700 -10.43700 -7.84300 -9.17600 -17.55800 -16.77500 -14.24200
2.00000 -13.38700 -11.21000 -17.31400 -7.47700 -7.78200 -6.05300 -9.49100 -5.77800 -4.44500 -11.40300 -9.94900 -7.35500 -7.71100 -16.09300 -15.79800 -13.75300
3.00000 -13.38700 -11.69800 -15.36100 -6.98900 -7.29400 -10.44700 -10.46800 -6.75500 -3.95700 -8.96200 -10.43700 -7.84300 -6.73400 -13.16300 -13.84500 -13.26500
4.00000 -11.92200 -10.72200 -15.36100 -6.01200 -6.31700 -13.86500 -12.42100 -7.73100 -3.95700 -7.49700 -11.41400 -9.30800 -6.73400 -10.72200 -13.35700 -13.26500
5.00000 -9.48100 -9.74500 -14.38400 -6.50000 -6.31700 -15.33000 -12.90900 -8.21900 -4.44500 -7.00900 -12.87800 -10.28400 -7.71100 -9.74500 -12.86800 -13.26500
6.00000 -9.48100 -9.74500 -10.47800 -7.47700 -7.29400 -15.81800 -11.93200 -8.21900 -4.93400 -7.98500 -13.36700 -10.77300 -8.19900 -10.23400 -13.84500 -13.75300
7.00000 -10.94600 -9.74500 -2.66500 -9.43000 -9.24700 -16.30700 -9.97900 -8.21900 -5.91000 -9.45000 -12.39000 -10.77300 -8.19900 -9.74500 -13.84500 -13.26500
8.00000 -13.87500 -10.23400 4.65900 -9.91800 -10.71200 -16.30700 -9.00300 -7.73100 -6.39900 -11.40300 -10.43700 -9.79600 -7.22300 -9.25700 -13.35700 -11.80000
9.00000 -15.34000 -9.74500 5.14700 -9.91800 -11.20000 -16.79500 -9.00300 -7.24300 -6.39900 -12.38000 -8.48400 -7.84300 -6.24600 -7.30400 -13.35700 -10.82400
10.00000 -14.85200 -9.25700 -2.66500 -8.94200 -10.71200 -17.77100 -10.95600 -6.75500 -5.91000 -12.38000 -7.50700 -6.37800 -5.26900 -6.81600 -13.84500 -10.33500
11.00000 -13.38700 -9.25700 -14.87200 -7.96500 -9.24700 -16.79500 -11.93200 -6.75500 -5.42200 -10.91500 -8.48400 -6.86600 -4.78100 -6.81600 -14.33300 -10.33500
12.00000 -11.92200 -10.23400 -25.61400 -6.98900 -7.78200 -14.35300 -11.44400 -7.24300 -4.93400 -8.96200 -10.92500 -8.33100 -5.26900 -8.76900 -14.82100 -11.31200
13.00000 -10.45700 -10.72200 -29.03200 -6.98900 -6.31700 -10.93500 -9.97900 -7.73100 -3.95700 -7.98500 -14.34300 -11.26100 -6.24600 -10.72200 -15.31000 -12.28800
14.00000 -9.48100 -10.23400 -24.63800 -6.98900 -5.82900 -7.02900 -8.51400 -8.70800 -3.95700 -8.47400 -16.78500 -14.19100 -8.19900 -12.18700 -15.31000 -13.75300
15.00000 -7.52800 -8.76900 -15.36100 -6.50000 -5.82900 -4.58800 -7.05000 -8.21900 -5.42200 -10.42700 -16.78500 -15.16700 -10.15200 -13.16300 -15.79800 -14.73000
16.00000 -6.06300 -7.30400 -5.10700 -6.50000 -5.82900 -5.07600 -6.07300 -7.73100 -6.88700 -12.38000 -14.83200 -14.19100 -11.61700 -12.67500 -16.28600 -15.21800
17.00000 -5.08600 -7.30400 1.24100 -6.50000 -6.80500 -9.95900 -5.09600 -6.75500 -8.35200 -12.86800 -11.90200 -12.23800 -11.61700 -12.67500 -15.79800 -15.21800
18.00000 -6.55100 -9.74500 3.19400 -7.96500 -7.78200 -16.30700 -5.09600 -6.26600 -9.32800 -11.89200 -8.97200 -9.30800 -10.64000 -11.69800 -13.84500 -13.26500
19.00000 -9.48100 -11.69800 1.72900 -8.45300 -8.75900 -20.21300 -5.58500 -5.77800 -8.84000 -10.42700 -7.50700 -6.86600 -8.68700 -11.21000 -10.42700 -10.33500
20.00000 -11.92200 -12.67500 -2.17700 -8.94200 -9.73500 -19.23600 -6.56100 -5.77800 -8.84000 -9.45000 -6.53100 -4.91300 -6.73400 -10.72200 -7.00900 -7.89400
21.00000 -12.89900 -10.72200 -6.57100 -8.45300 -10.22300 -13.37700 -7.53800 -5.77800 -8.84000 -9.45000 -5.06600 -3.93700 -6.73400 -10.23400 -5.05600 -6.42900
22.00000 -11.43400 -8.28000 -10.47800 -7.96500 -10.71200 -7.02900 -7.53800 -6.26600 -8.84000 -9.93900 -4.08900 -4.42500 -7.71100 -9.74500 -6.03200 -7.40600
23.00000 -10.45700 -6.81600 -13.40700 -7.47700 -9.73500 -4.10000 -6.56100 -5.77800 -9.32800 -9.93900 -4.08900 -5.89000 -9.17600 -10.23400 -9.45000 -10.33500
24.00000 -10.45700 -7.30400 -15.36100 -7.47700 -9.24700 -7.02900 -6.56100 -6.75500 -8.84000 -9.93900 -7.01900 -8.33100 -10.64000 -10.72200 -13.84500 -13.75300
25.00000 -12.89900 -10.72200 -15.36100 -7.47700 -8.75900 -13.37700 -9.00300 -7.24300 -8.84000 -10.91500 -10.92500 -9.79600 -11.61700 -11.69800 -17.26300 -17.17100
26.00000 -15.34000 -13.65200 -14.87200 -7.96500 -9.24700 -17.77100 -13.39700 -8.21900 -8.84000 -13.35700 -15.32000 -10.77300 -12.10500 -12.18700 -18.23900 -18.63600
27.00000 -15.82800 -15.11600 -12.91900 -8.94200 -10.71200 -18.74800 -17.79200 -8.70800 -9.81600 -16.28600 -17.27300 -10.28400 -12.10500 -11.69800 -17.75100 -18.14800
28.00000 -14.36400 -13.65200 -10.96600 -9.91800 -11.68800 -16.30700 -19.25700 -9.19600 -10.30500 -18.23900 -16.29600 -8.82000 -11.61700 -10.72200 -15.79800 -16.68300
29.00000 -11.92200 -11.21000 -10.47800 -11.87100 -13.15300 -13.86500 -15.83900 -9.68400 -10.79300 -17.26300 -13.85500 -8.33100 -10.64000 -7.79200 -14.33300 -14.24200
30.00000 -10.45700 -8.76900 -11.45400 -12.84800 -12.66500 -13.37700 -9.49100 -10.17300 -10.79300 -12.86800 -11.90200 -8.82000 -9.17600 -3.88600 -13.84500 -13.26500
31.00000 -10.94600 -6.81600 -13.40700 -13.33600 -12.17700 -14.35300 -4.12000 -10.17300 -9.81600 -8.96200 -11.90200 -11.26100 -8.19900 -0.95600 -14.33300 -13.26500
32.00000 -12.41000 -5.83900 -14.38400 -13.33600 -11.20000 -14.84200 -3.63200 -10.17300 -8.84000 -6.52100 -13.85500 -14.19100 -7.71100 -0.46800 -15.79800 -13.75300
33.00000 -13.87500 -5.35100 -14.38400 -12.36000 -10.71200 -12.40000 -7.53800 -10.66100 -8.35200 -7.00900 -15.80800 -16.14400 -8.68700 -2.90900 -17.75100 -14.73000
34.00000 -14.36400 -6.32700 -14.38400 -10.89500 -11.20000 -9.47100 -13.39700 -10.17300 -7.86300 -9.45000 -16.78500 -17.60900 -10.15200 -8.76900 -19.21600 -15.21800
35.00000 -13.38700 -9.25700 -13.89600 -9.43000 -11.20000 -8.98200 -17.30300 -10.17300 -8.35200 -10.91500 -15.80800 -17.12000 -12.10500 -15.60500 -19.70400 -15.70600
36.00000 -11.92200 -12.67500 -13.89600 -8.45300 -11.68800 -11.91200 -16.81500 -9.68400 -8.35200 -10.91500 -14.34300 -16.14400 -13.57000 -20.97600 -20.19200 -16.19500
37.00000 -10.45700 -15.60500 -13.40700 -7.96500 -11.20000 -16.30700 -13.88500 -9.68400 -8.84000 -10.42700 -13.85500 -14.19100 -14.54700 -22.44100 -19.70400 -17.17100
38.00000 -9.48100 -15.60500 -12.43100 -7.96500 -10.71200 -19.23600 -11.44400 -10.17300 -9.32800 -9.45000 -14.83200 -14.19100 -14.54700 -19.99900 -19.70400 -18.63600
39.00000 -10.45700 -14.14000 -10.96600 -9.43000 -10.71200 -18.74800 -12.42100 -11.14900 -9.81600 -9.93900 -16.29600 -14.19100 -13.57000 -16.09300 -19.21600 -18.63600
40.00000 -13.38700 -12.67500 -11.45400 -11.87100 -12.17700 -15.33000 -15.35000 -12.12600 -9.81600 -10.42700 -17.76100 -14.67900 -11.61700 -12.67500 -19.70400 -18.14800
41.00000 -16.80500 -13.16300 -13.40700 -15.28900 -14.13000 -11.91200 -18.28000 -13.59000 -9.81600 -11.40300 -18.25000 -15.16700 -10.64000 -11.69800 -20.68100 -17.66000
42.00000 -19.73500 -14.62800 -15.84900 -18.21900 -15.59400 -10.44700 -18.28000 -13.10200 -9.32800 -11.40300 -17.76100 -15.65600 -10.64000 -12.67500 -21.65700 -17.17100
43.00000 -20.22300 -16.09300 -16.33700 -18.70700 -15.59400 -10.93500 -15.35000 -12.61400 -9.32800 -11.40300 -18.25000 -17.12000 -12.59400 -14.14000 -22.14600 -17.66000
44.00000 -17.29300 -15.11600 -13.89600 -16.26600 -13.15300 -11.91200 -10.95600 -11.14900 -9.81600 -11.89200 -19.22600 -19.07300 -15.03500 -16.09300 -22.63400 -19.12400
45.00000 -11.92200 -11.69800 -8.52500 -11.38300 -10.22300 -11.91200 -8.02600 -10.17300 -11.28100 -13.35700 -20.69100 -20.53800 -18.45300 -19.02300 -22.63400 -21.07700
46.00000 -6.55100 -8.28000 -3.64200 -6.98900 -7.78200 -10.93500 -7.05000 -9.19600 -12.74600 -14.33300 -21.66700 -20.53800 -21.38300 -21.95200 -22.63400 -22.05400
47.00000 -4.59800 -6.81600 -1.68900 -5.03500 -8.27000 -10.44700 -9.00300 -8.70800 -14.21100 -15.31000 -20.69100 -18.58500 -22.35900 -24.39400 -22.63400 -22.05400
48.00000 -7.03900 -7.30400 -3.64200 -5.52400 -11.20000 -10.93500 -11.44400 -9.19600 -15.18800 -14.82100 -19.22600 -16.14400 -20.89400 -25.37000 -22.14600 -21.07700
49.00000 -12.41000 -10.72200 -7.54800 -9.43000 -15.10600 -11.91200 -13.88500 -10.17300 -14.69900 -13.84500 -17.76100 -14.19100 -18.94100 -23.90500 -21.65700 -19.61300
50.00000 -17.29300 -13.16300 -10.96600 -13.33600 -18.03600 -13.37700 -13.88500 -11.14900 -14.69900 -13.84500 -16.78500 -12.72600 -16.98800 -20.97600 -20.19200 -18.63600
51.00000 -19.73500 -15.11600 -11.94300 -16.75400 -19.50100 -13.86500 -12.90900 -11.63700 -14.21100 -14.82100 -16.78500 -13.21400 -16.50000 -18.53400 -19.70400 -18.63600
52.00000 -17.78200 -16.09300 -11.45400 -17.24200 -18.03600 -13.86500 -10.95600 -12.12600 -14.21100 -16.77500 -16.78500 -14.19100 -16.98800 -18.53400 -19.21600 -19.12400
53.00000 -15.34000 -17.06900 -12.43100 -16.26600 -16.57100 -15.33000 -9.00300 -11.14900 -15.18800 -17.75100 -16.29600 -15.16700 -17.96500 -19.99900 -20.19200 -20.58900
54.00000 -13.87500 -17.55800 -17.31400 -14.80100 -15.59400 -17.77100 -7.53800 -10.66100 -15.67600 -18.23900 -16.29600 -15.16700 -18.45300 -21.46400 -21.16900 -22.05400
55.00000 -15.82800 -18.04600 -23.66100 -13.33600 -16.57100 -19.72500 -7.05000 -9.68400 -16.16400 -17.26300 -16.29600 -15.16700 -18.45300 -21.46400 -22.14600 -23.03100
56.00000 -19.73500 -18.53400 -28.05600 -13.82400 -18.52400 -20.70100 -8.02600 -9.68400 -16.65200 -17.26300 -16.78500 -15.16700 -17.47600 -20.48700 -22.63400 -23.51900
57.00000 -22.66400 -18.04600 -26.10300 -14.80100 -19.50100 -19.72500 -9.49100 -10.66100 -16.16400 -17.26300 -18.25000 -16.14400 -16.98800 -19.99900 -23.12200 -23.51900
58.00000 -24.12900 -18.04600 -18.29000 -16.26600 -19.98900 -17.77100 -11.93200 -12.12600 -15.67600 -18.23900 -19.71400 -17.12000 -16.98800 -19.99900 -24.09900 -23.03100
59.00000 -23.64100 -18.04600 -8.52500 -17.73100 -19.50100 -16.30700 -15.35000 -13.59000 -15.18800 -18.23900 -21.66700 -18.09700 -17.47600 -20.48700 -25.07500 -23.03100
60.00000 -21.68800 -18.53400 -2.66500 -18.70700 -19.01200 -15.81800 -17.79200 -14.56700 -14.69900 -17.26300 -23.13200 -19.07300 -17.96500 -19.99900 -27.02800 -23.03100
61.00000 -18.75800 -17.55800 -4.13000 -19.19600 -18.52400 -16.79500 -18.76800 -14.07900 -14.69900 -15.31000 -24.59700 -20.05000 -17.96500 -18.53400 -28.49300 -23.03100
62.00000 -16.31700 -16.09300 -10.47800 -19.19600 -18.52400 -17.77100 -17.79200 -13.59000 -15.18800 -13.35700 -24.59700 -20.53800 -17.96500 -16.09300 -28.98200 -23.51900
63.00000 -14.36400 -13.65200 -14.87200 -18.21900 -18.52400 -18.26000 -14.37400 -13.10200 -15.18800 -13.35700 -23.13200 -19.56200 -17.96500 -15.11600 -28.00500 -23.03100
64.00000 -12.89900 -10.72200 -13.40700 -16.75400 -18.52400 -18.26000 -10.95600 -12.12600 -15.18800 -14.82100 -19.22600 -17.60900 -17.47600 -16.09300 -25.56400 -21.56600
65.00000 -12.41000 -9.25700 -7.54800 -15.28900 -18.03600 -17.28300 -9.00300 -12.12600 -15.67600 -17.26300 -15.32000 -15.16700 -16.98800 -18.53400 -23.61000 -19.12400
66.00000 -12.89900 -8.76900 -3.64200 -14.31300 -17.05900 -17.28300 -9.49100 -12.12600 -15.67600 -18.23900 -13.36700 -13.70200 -16.50000 -19.99900 -21.65700 -17.66000
67.00000 -13.87500 -10.72200 -6.57100 -13.82400 -16.57100 -17.28300 -11.44400 -12.12600 -15.67600 -17.26300 -13.85500 -13.70200 -16.50000 -19.51100 -21.65700 -17.17100
68.00000 -14.85200 -13.65200 -15.84900 -13.82400 -16.57100 -17.77100 -12.90900 -12.61400 -16.16400 -15.79800 -16.29600 -15.65600 -16.98800 -17.55800 -22.63400 -18.14800
69.00000 -14.85200 -16.58100 -25.61400 -14.31300 -17.05900 -18.74800 -12.42100 -12.61400 -17.14100 -15.79800 -19.71400 -17.60900 -18.45300 -16.58100 -23.61000 -20.10100
70.00000 -15.82800 -19.02300 -26.59100 -14.80100 -18.52400 -19.72500 -9.49100 -12.61400 -18.60600 -17.75100 -21.66700 -19.07300 -19.43000 -16.58100 -24.09900 -22.05400
71.00000 -16.80500 -19.02300 -17.80200 -15.77800 -19.98900 -19.72500 -6.07300 -12.12600 -19.58200 -20.19200 -21.17900 -19.07300 -20.40600 -18.04600 -22.63400 -22.05400
72.00000 -18.27000 -18.04600 -4.13000 -16.75400 -21.45400 -19.23600 -4.12000 -11.63700 -20.07000 -22.14600 -19.22600 -17.12000 -19.91800 -19.02300 -21.16900 -21.07700
73.00000 -19.24600 -16.09300 5.14700 -17.73100 -21.45400 -19.23600 -4.60800 -12.12600 -19.58200 -21.65700 -17.27300 -16.14400 -18.94100 -18.04600 -19.21600 -19.61300
74.00000 -19.24600 -15.11600 4.65900 -18.21900 -20.47700 -19.72500 -8.02600 -13.10200 -19.09400 -19.70400 -17.27300 -16.14400 -18.45300 -15.60500 -18.72800 -18.63600
75.00000 -17.78200 -14.14000 -4.61800 -17.73100 -19.50100 -20.21300 -12.90900 -14.56700 -18.60600 -17.75100 -18.25000 -17.12000 -18.45300 -14.14000 -19.70400 -19.12400
76.00000 -15.34000 -13.65200 -16.33700 -17.24200 -18.52400 -20.21300 -17.79200 -15.54400 -18.11700 -17.26300 -20.20300 -19.07300 -19.43000 -15.60500 -21.65700 -20.58900
77.00000 -14.36400 -13.65200 -22.68500 -17.24200 -18.03600 -19.72500 -21.21000 -16.52000 -18.11700 -18.23900 -22.15600 -21.02700 -21.38300 -20.48700 -23.61000 -22.54200
78.00000 -14.85200 -13.65200 -23.17300 -17.24200 -18.52400 -18.74800 -22.18600 -16.52000 -18.60600 -19.21600 -24.10900 -22.00300 -22.84800 -24.88200 -26.54000 -24.49500
79.00000 -16.80500 -13.65200 -20.24300 -17.73100 -19.01200 -17.77100 -20.72100 -16.03200 -18.60600 -19.21600 -25.57400 -22.49100 -23.33600 -27.81200 -28.98200 -25.96000
80.00000 -18.75800 -14.14000 -16.82500 -17.73100 -19.50100 -18.26000 -18.28000 -15.54400 -19.09400 -18.72800 -26.55000 -22.00300 -23.33600 -26.83500 -31.42300 -27.42500
81.00000 -19.73500 -15.11600 -14.87200 -16.75400 -19.50100 -20.21300 -15.35000 -15.05500 -19.58200 -19.21600 -27.03900 -21.51500 -22.84800 -23.90500 -32.40000 -27.91300
82.00000 -19.24600 -17.06900 -13.89600 -15.77800 -19.50100 -23.14200 -13.88500 -14.56700 -20.55900 -21.16900 -27.03900 -21.51500 -22.35900 -21.46400 -31.91100 -28.40200
83.00000 -18.75800 -19.51100 -11.45400 -15.28900 -19.98900 -25.58400 -14.86200 -15.05500 -20.07000 -24.09900 -27.52700 -21.51500 -22.35900 -20.48700 -30.93500 -27.91300
84.00000 -18.27000 -21.46400 -8.52500 -16.26600 -20.47700 -27.04900 -16.81500 -16.03200 -19.09400 -26.05200 -28.50300 -22.00300 -21.38300 -22.44100 -30.44600 -27.42500
85.00000 -18.75800 -21.46400 -7.06000 -18.21900 -20.96600 -26.07200 -19.74500 -17.00800 -18.11700 -26.05200 -30.45700 -23.95600 -21.38300 -24.39400 -31.42300 -27.91300
86.00000 -19.24600 -19.99900 -8.03600 -19.19600 -20.96600 -24.11900 -22.18600 -17.98500 -17.62900 -23.61000 -31.92100 -25.42100 -20.89400 -25.37000 -33.37600 -28.40200
87.00000 -18.75800 -17.55800 -11.45400 -19.19600 -20.47700 -21.67800 -22.67500 -18.47300 -17.62900 -21.65700 -32.41000 -26.39800 -21.38300 -24.39400 -34.35300 -29.37800
88.00000 -17.29300 -15.11600 -13.89600 -18.21900 -19.50100 -20.21300 -21.69800 -17.98500 -18.11700 -20.19200 -29.48000 -25.42100 -21.38300 -22.44100 -33.37600 -28.89000
89.00000 -15.82800 -15.11600 -13.40700 -17.24200 -19.01200 -20.70100 -19.74500 -17.49700 -19.09400 -20.19200 -24.59700 -22.98000 -20.89400 -19.99900 -30.44600 -26.44900
90.00000 -14.36400 -17.06900 -11.94300 -16.75400 -19.01200 -22.65400 -17.79200 -17.49700 -20.07000 -21.16900 -20.69100 -20.05000 -20.40600 -18.53400 -26.54000 -22.54200
91.00000 -13.38700 -18.53400 -10.47800 -16.75400 -19.01200 -25.09600 -14.86200 -16.52000 -20.55900 -21.16900 -17.76100 -17.60900 -19.91800 -19.02300 -23.61000 -19.61300
92.00000 -12.89900 -17.55800 -11.45400 -16.75400 -18.52400 -24.60700 -12.42100 -16.52000 -20.55900 -20.68100 -18.25000 -17.12000 -19.91800 -19.99900 -23.61000 -19.12400
93.00000 -12.41000 -13.65200 -14.38400 -16.26600 -17.54800 -20.21300 -9.97900 -16.52000 -21.04700 -19.21600 -19.71400 -18.58500 -20.40600 -21.95200 -24.58700 -20.10100
94.00000 -12.41000 -10.72200 -17.80200 -15.28900 -16.57100 -14.35300 -8.51400 -16.03200 -21.04700 -18.23900 -21.66700 -20.53800 -22.35900 -22.92900 -27.02800 -23.51900
95.00000 -13.87500 -9.74500 -19.26700 -14.80100 -15.10600 -10.93500 -9.97900 -17.00800 -21.04700 -18.72800 -22.64400 -22.49100 -23.82400 -23.41700 -28.98200 -26.44900
96.00000 -16.80500 -12.67500 -19.26700 -15.77800 -15.10600 -10.93500 -13.88500 -17.98500 -21.04700 -18.72800 -22.64400 -23.46800 -24.31200 -22.92900 -30.93500 -28.40200
97.00000 -20.22300 -18.04600 -17.80200 -18.70700 -15.59400 -14.84200 -19.25700 -19.45000 -20.55900 -18.72800 -23.62100 -23.95600 -24.80100 -22.92900 -31.91100 -28.89000
98.00000 -22.66400 -21.46400 -16.33700 -21.63700 -16.57100 -18.26000 -24.13900 -20.42600 -19.58200 -17.26300 -24.59700 -23.95600 -23.82400 -23.41700 -32.40000 -28.40200
99.00000 -23.15300 -22.44100 -13.89600 -23.59000 -17.54800 -19.23600 -25.60400 -20.91500 -19.09400 -15.79800 -26.06200 -23.46800 -22.35900 -23.41700 -31.42300 -27.42500
100.00000 -21.68800 -19.99900 -11.45400 -23.59000 -18.52400 -17.77100 -24.13900 -20.91500 -19.09400 -15.79800 -26.55000 -23.46800 -20.89400 -23.90500 -29.95800 -26.44900
101.00000 -19.73500 -17.06900 -9.01300 -22.61400 -20.47700 -17.77100 -20.72100 -20.42600 -19.58200 -17.26300 -25.08500 -22.98000 -20.40600 -22.92900 -27.51700 -25.47200
102.00000 -17.78200 -15.60500 -7.54800 -20.66000 -22.43000 -21.18900 -18.28000 -19.45000 -20.55900 -19.21600 -23.62100 -22.00300 -20.40600 -21.46400 -26.54000 -24.49500
103.00000 -17.78200 -16.58100 -8.52500 -20.66000 -24.38400 -27.53700 -18.76800 -18.47300 -22.02400 -21.16900 -23.62100 -22.00300 -21.87100 -21.46400 -26.54000 -24.00700
104.00000 -18.75800 -18.04600 -11.94300 -20.17200 -25.36000 -31.44300 -19.74500 -17.98500 -23.48800 -22.14600 -25.57400 -22.98000 -24.31200 -23.41700 -28.49300 -25.47200
105.00000 -21.68800 -19.02300 -16.82500 -19.19600 -24.87200 -29.97800 -20.23300 -17.49700 -24.95300 -22.14600 -28.99200 -25.42100 -26.75400 -26.83500 -31.91100 -28.40200
106.00000 -24.12900 -19.99900 -21.22000 -18.70700 -22.43000 -24.11900 -18.28000 -17.49700 -25.44100 -22.63400 -31.92100 -27.86300 -29.68300 -31.71800 -34.84100 -31.82000
107.00000 -26.08200 -20.97600 -24.15000 -17.73100 -19.98900 -18.26000 -15.83900 -17.49700 -25.44100 -23.12200 -32.41000 -28.83900 -30.66000 -34.64800 -36.79400 -34.74900
108.00000 -26.57100 -22.44100 -24.63800 -17.73100 -19.50100 -16.30700 -14.37400 -18.47300 -24.46500 -24.58700 -29.96800 -28.83900 -30.66000 -35.62400 -37.77100 -35.72600
109.00000 -25.10600 -23.90500 -22.19600 -19.68400 -20.47700 -19.72500 -15.35000 -19.45000 -23.97700 -25.07500 -27.03900 -27.86300 -29.68300 -34.15900 -36.79400 -35.72600
110.00000 -22.66400 -24.88200 -17.80200 -22.12500 -23.40700 -24.11900 -18.28000 -20.42600 -23.97700 -25.07500 -25.08500 -26.39800 -27.73000 -31.71800 -35.32900 -33.28500
111.00000 -20.71100 -24.39400 -14.87200 -25.05500 -25.36000 -27.04900 -20.23300 -20.91500 -23.48800 -24.58700 -25.57400 -25.90900 -26.26500 -28.78800 -34.35300 -30.84300
112.00000 -20.22300 -23.41700 -14.87200 -26.52000 -26.33700 -26.56000 -20.72100 -21.40300 -23.48800 -23.61000 -27.52700 -25.90900 -25.28900 -26.83500 -33.86400 -28.89000
113.00000 -22.17600 -23.41700 -17.31400 -26.03100 -24.87200 -25.09600 -19.25700 -21.40300 -22.51200 -21.65700 -29.48000 -26.88600 -24.31200 -25.37000 -33.86400 -27.91300
114.00000 -24.61700 -23.90500 -20.73200 -25.05500 -23.40700 -23.63100 -18.76800 -22.86800 -22.02400 -20.68100 -29.96800 -27.86300 -23.33600 -24.39400 -33.37600 -27.91300
115.00000 -26.08200 -25.37000 -21.70800 -25.05500 -22.43000 -24.11900 -20.72100 -24.33300 -21.53500 -19.21600 -29.48000 -28.35100 -23.33600 -23.90500 -32.40000 -28.40200
116.00000 -26.57100 -26.83500 -20.24300 -25.54300 -22.43000 -25.58400 -24.62800 -25.79800 -21.04700 -19.21600 -28.99200 -28.83900 -23.33600 -24.39400 -31.42300 -28.89000
117.00000 -25.59400 -28.30000 -16.82500 -26.03100 -23.40700 -27.53700 -27.55700 -26.77400 -22.02400 -20.19200 -29.48000 -29.32700 -24.31200 -25.37000 -30.93500 -29.37800
118.00000 -25.59400 -28.78800 -15.36100 -26.52000 -24.38400 -28.51400 -28.04600 -26.77400 -23.48800 -23.61000 -30.94500 -29.81600 -26.26500 -27.81200 -31.91100 -30.35500
119.00000 -26.08200 -28.30000 -16.82500 -26.03100 -25.36000 -29.00200 -25.11600 -25.30900 -24.95300 -27.02800 -32.41000 -29.81600 -27.73000 -29.76500 -33.37600 -31.33100
120.00000 -28.03500 -26.34700 -20.73200 -26.03100 -25.84800 -28.02500 -21.69800 -23.84400 -26.41800 -29.47000 -31.43300 -29.32700 -29.19500 -30.25300 -34.84100 -31.33100
121.00000 -29.01200 -23.90500 -24.15000 -25.54300 -26.82500 -27.04900 -19.74500 -22.38000 -27.39500 -29.47000 -29.48000 -27.86300 -29.19500 -30.74100 -34.35300 -29.86700
122.00000 -29.01200 -20.97600 -24.63800 -27.00800 -28.29000 -25.09600 -19.74500 -20.91500 -27.88300 -27.51700 -25.57400 -25.90900 -27.73000 -29.27700 -32.40000 -27.42500
123.00000 -28.03500 -20.48700 -22.19600 -28.47300 -29.75500 -25.09600 -20.72100 -19.93800 -28.37100 -25.07500 -22.64400 -23.95600 -25.28900 -27.32300 -29.95800 -25.47200
124.00000 -28.03500 -21.95200 -18.77800 -29.93800 -30.73100 -26.56000 -20.72100 -19.45000 -27.88300 -24.09900 -22.15600 -22.49100 -24.31200 -26.34700 -28.49300 -24.98400
125.00000 -29.50000 -24.88200 -17.31400 -30.42600 -31.21900 -29.49000 -19.74500 -19.93800 -28.37100 -25.56400 -24.10900 -22.98000 -24.80100 -25.85900 -28.98200 -26.93700
126.00000 -29.98900 -27.32300 -19.26700 -29.44900 -30.24300 -31.93200 -19.25700 -21.40300 -28.37100 -28.00500 -27.52700 -24.93300 -25.77700 -25.85900 -30.93500 -28.89000
127.00000 -30.47700 -27.81200 -23.17300 -28.47300 -28.77800 -32.42000 -19.25700 -23.35600 -27.39500 -28.98200 -30.45700 -27.37400 -27.24200 -26.34700 -32.88800 -30.35500
128.00000 -29.50000 -26.34700 -27.07900 -27.49600 -27.80200 -31.93200 -21.21000 -25.30900 -26.41800 -28.98200 -30.94500 -28.83900 -27.24200 -26.34700 -33.37600 -29.86700
129.00000 -29.01200 -25.37000 -28.05600 -28.47300 -28.29000 -31.93200 -23.65100 -26.77400 -26.41800 -27.51700 -29.96800 -28.35100 -26.26500 -26.34700 -32.40000 -27.91300
130.00000 -29.50000 -25.85900 -26.59100 -29.44900 -30.24300 -34.37300 -25.60400 -27.26200 -26.41800 -26.05200 -28.99200 -27.37400 -24.31200 -25.85900 -31.42300 -26.44900
131.00000 -31.45300 -27.32300 -23.17300 -30.42600 -32.19600 -37.79100 -26.58100 -27.26200 -26.90600 -25.56400 -28.50300 -26.39800 -23.82400 -25.37000 -30.44600 -26.44900
132.00000 -32.91800 -28.78800 -20.73200 -30.91400 -33.66100 -39.74400 -26.58100 -27.26200 -27.88300 -26.05200 -29.48000 -26.39800 -24.31200 -25.37000 -30.93500 -27.91300
133.00000 -32.43000 -29.76500 -19.75500 -30.42600 -33.66100 -37.79100 -27.55700 -26.77400 -28.85900 -27.02800 -30.94500 -27.37400 -25.77700 -26.83500 -31.42300 -29.86700
134.00000 -30.47700 -28.78800 -19.75500 -30.42600 -32.68400 -33.39600 -30.48700 -26.77400 -30.32400 -28.00500 -32.41000 -28.83900 -28.21900 -29.76500 -31.91100 -31.33100
135.00000 -28.52400 -27.32300 -20.24300 -30.91400 -31.21900 -29.49000 -33.41700 -26.28600 -30.81300 -29.47000 -32.41000 -29.32700 -30.17200 -34.15900 -32.88800 -32.30800
136.00000 -28.52400 -26.83500 -21.22000 -31.40300 -30.73100 -29.49000 -35.37000 -26.28600 -32.27700 -31.42300 -31.92100 -29.32700 -31.63700 -38.55400 -33.37600 -32.79600
137.00000 -30.96500 -27.32300 -23.17300 -32.37900 -31.70800 -33.39600 -35.37000 -25.79800 -33.25400 -34.35300 -32.41000 -29.32700 -32.12500 -40.99500 -35.32900 -34.26100
138.00000 -35.36000 -28.78800 -27.07900 -31.89100 -33.17300 -37.79100 -33.41700 -25.30900 -33.25400 -37.77100 -33.38600 -29.32700 -32.12500 -40.01900 -37.28200 -36.21400
139.00000 -38.77800 -30.25300 -32.93900 -31.40300 -34.63700 -40.72100 -30.48700 -25.30900 -33.25400 -40.70000 -35.33900 -30.30400 -32.12500 -38.55400 -39.72400 -38.16700
140.00000 -40.24200 -31.23000 -38.79800 -30.42600 -35.12600 -41.20900 -27.55700 -25.30900 -32.76600 -41.67700 -37.29200 -31.28100 -32.12500 -37.08900 -40.70000 -39.14400
141.00000 -38.77800 -32.20600 -41.72800 -30.42600 -35.12600 -39.74400 -25.60400 -24.82100 -32.76600 -40.21200 -37.29200 -31.76900 -33.10100 -37.08900 -41.18900 -38.65600
142.00000 -36.82500 -32.20600 -40.26300 -30.42600 -33.66100 -39.74400 -23.65100 -24.82100 -32.76600 -37.28200 -37.29200 -32.25700 -34.07800 -37.57700 -41.67700 -38.16700
143.00000 -34.87100 -31.23000 -34.40300 -29.93800 -32.68400 -40.72100 -22.67500 -25.30900 -32.76600 -33.37600 -38.26900 -32.74500 -34.07800 -38.55400 -42.65300 -38.16700
144.00000 -34.38300 -29.27700 -26.59100 -29.93800 -31.70800 -40.72100 -23.65100 -26.28600 -32.76600 -31.42300 -40.22200 -33.72200 -34.07800 -37.57700 -44.11800 -39.63200
145.00000 -34.87100 -27.32300 -20.73200 -30.42600 -30.73100 -37.30300 -28.04600 -28.72700 -31.78900 -30.44600 -43.15200 -35.67500 -33.10100 -35.13600 -45.58300 -41.58500
146.00000 -34.87100 -25.85900 -19.26700 -31.40300 -30.24300 -33.39600 -34.88200 -31.65700 -30.32400 -31.42300 -45.59300 -37.14000 -32.12500 -33.67100 -46.56000 -43.05000
147.00000 -34.87100 -25.85900 -22.68500 -33.84400 -29.75500 -31.44300 -43.18200 -34.09800 -29.83600 -33.86400 -46.08200 -39.09300 -31.63700 -33.67100 -46.56000 -43.53800
148.00000 -35.36000 -27.32300 -29.03200 -36.28500 -29.26600 -33.39600 -48.06500 -35.56300 -29.34800 -35.32900 -45.10500 -39.09300 -32.12500 -36.11200 -46.07100 -42.56200
149.00000 -36.82500 -29.27700 -34.89200 -36.77400 -29.75500 -38.76700 -48.06500 -35.07500 -30.32400 -36.79400 -43.15200 -37.62800 -33.10100 -38.55400 -45.09500 -41.58500
150.00000 -38.77800 -30.74100 -39.77500 -36.28500 -31.21900 -43.65000 -43.18200 -33.61000 -31.78900 -37.28200 -42.17500 -36.65200 -33.59000 -39.53000 -44.60700 -39.63200
151.00000 -41.21900 -31.71800 -43.19300 -34.33200 -32.19600 -44.13900 -37.32300 -31.65700 -32.27700 -37.28200 -41.68700 -35.18700 -33.10100 -38.55400 -43.14200 -38.65600
152.00000 -42.19600 -32.20600 -46.12200 -32.86700 -33.66100 -40.23200 -34.39300 -30.68000 -32.27700 -36.79400 -42.17500 -35.18700 -32.12500 -36.11200 -41.67700 -37.19100
153.00000 -42.19600 -33.18300 -48.07500 -32.37900 -34.14900 -35.83800 -35.85800 -31.16900 -31.30100 -35.32900 -43.15200 -35.67500 -31.14800 -34.15900 -40.70000 -36.70200
154.00000 -41.70700 -34.15900 -47.58700 -33.35600 -34.14900 -34.37300 -38.78800 -31.65700 -30.32400 -32.88800 -43.15200 -36.65200 -30.66000 -34.15900 -40.21200 -36.70200
155.00000 -41.70700 -35.13600 -42.70400 -34.82100 -33.17300 -36.81400 -40.25300 -32.63300 -30.32400 -30.44600 -42.17500 -37.14000 -31.14800 -36.60100 -41.67700 -38.16700
156.00000 -41.70700 -35.13600 -33.42700 -34.82100 -32.19600 -41.20900 -38.30000 -32.14500 -31.30100 -28.98200 -41.19900 -37.14000 -33.10100 -39.53000 -44.11800 -40.12000
157.00000 -40.73100 -34.64800 -22.68500 -32.86700 -31.70800 -43.16200 -32.92800 -30.68000 -32.76600 -29.47000 -41.19900 -36.65200 -35.54300 -40.50700 -46.56000 -42.56200
158.00000 -38.28900 -33.18300 -16.82500 -31.40300 -32.19600 -40.23200 -29.02200 -29.70400 -33.74200 -31.42300 -41.68700 -36.16300 -36.51900 -39.53000 -47.53600 -44.51500
159.00000 -34.38300 -32.20600 -18.77800 -30.42600 -32.68400 -35.35000 -28.04600 -28.72700 -34.71900 -33.86400 -41.68700 -36.16300 -36.51900 -36.60100 -47.04800 -44.51500
160.00000 -31.45300 -31.71800 -28.05600 -30.42600 -33.66100 -31.93200 -30.48700 -29.21500 -33.74200 -34.84100 -40.71000 -35.67500 -35.05500 -34.64800 -45.58300 -44.02700
161.00000 -31.45300 -32.69400 -39.28600 -31.89100 -34.14900 -32.42000 -34.39300 -30.19200 -32.27700 -33.86400 -39.24600 -35.67500 -34.07800 -34.64800 -44.11800 -42.56200
162.00000 -35.36000 -33.67100 -47.09900 -33.35600 -33.66100 -36.81400 -37.32300 -32.14500 -30.81300 -31.42300 -37.29200 -35.18700 -33.59000 -36.60100 -44.11800 -40.60900
163.00000 -40.73100 -34.15900 -47.09900 -34.33200 -32.68400 -40.72100 -39.27600 -34.09800 -30.32400 -29.47000 -37.78100 -35.67500 -34.07800 -39.04200 -45.09500 -39.14400
164.00000 -44.63700 -31.71800 -40.75100 -35.30900 -31.21900 -40.23200 -41.22900 -35.56300 -30.32400 -28.98200 -40.71000 -37.62800 -34.07800 -39.53000 -47.04800 -39.14400
165.00000 -44.63700 -28.30000 -33.91500 -36.28500 -30.24300 -34.86100 -44.15900 -37.02800 -30.32400 -29.95800 -46.08200 -40.07000 -34.07800 -37.57700 -48.02500 -39.63200
166.00000 -40.73100 -24.39400 -30.98600 -36.28500 -29.26600 -28.02500 -46.60000 -38.49300 -30.32400 -30.93500 -50.47600 -42.51100 -33.10100 -34.15900 -48.51300 -40.60900
167.00000 -35.36000 -22.92900 -32.45000 -35.30900 -29.26600 -24.11900 -47.08900 -38.00500 -30.32400 -30.93500 -51.94100 -43.48800 -32.12500 -30.25300 -47.04800 -41.58500
168.00000 -31.45300 -23.41700 -34.40300 -33.84400 -29.75500 -26.07200 -44.64700 -36.54000 -30.81300 -29.95800 -50.47600 -42.51100 -32.12500 -28.78800 -44.60700 -41.58500
169.00000 -30.47700 -25.37000 -32.93900 -32.37900 -30.73100 -30.46700 -38.78800 -34.58700 -31.30100 -29.47000 -46.57000 -40.55800 -32.61300 -29.76500 -42.16500 -40.60900
170.00000 -31.94200 -26.34700 -26.59100 -31.89100 -31.70800 -33.88500 -34.39300 -33.12200 -32.27700 -29.47000 -42.66400 -38.60500 -34.07800 -33.18300 -41.18900 -39.63200
171.00000 -33.89500 -27.32300 -20.73200 -32.86700 -32.68400 -34.86100 -33.90500 -32.63300 -33.25400 -30.93500 -41.19900 -38.11600 -35.05500 -36.60100 -41.18900 -38.65600
172.00000 -36.33600 -28.30000 -20.24300 -34.82100 -34.14900 -34.37300 -37.32300 -33.12200 -34.23100 -32.40000 -41.68700 -38.11600 -36.03100 -39.04200 -43.63000 -39.14400
173.00000 -38.77800 -30.74100 -26.59100 -36.77400 -35.61400 -35.83800 -43.18200 -33.12200 -34.71900 -31.91100 -43.15200 -38.11600 -36.03100 -39.04200 -45.09500 -40.60900
174.00000 -41.70700 -34.15900 -38.31000 -37.75000 -37.07900 -40.72100 -46.11200 -32.63300 -35.20700 -30.44600 -43.64000 -37.62800 -35.54300 -37.57700 -46.07100 -41.58500
175.00000 -45.12500 -37.57700 -49.05200 -37.26200 -38.54400 -47.55700 -44.15900 -31.65700 -35.69500 -28.00500 -42.17500 -36.65200 -35.05500 -34.64800 -44.60700 -41.09700
176.00000 -46.10200 -38.06600 -52.47000 -35.79700 -39.52000 -49.51000 -38.30000 -31.16900 -35.69500 -26.54000 -39.73400 -36.16300 -35.05500 -32.20600 -42.16500 -39.14400
177.00000 -44.14900 -33.67100 -46.61100 -34.33200 -39.03200 -43.65000 -32.92800 -30.68000 -35.69500 -27.02800 -36.80400 -36.16300 -35.05500 -31.71800 -40.21200 -36.70200
178.00000 -39.26600 -27.32300 -32.93900 -33.35600 -38.05500 -32.42000 -29.51000 -31.16900 -35.20700 -28.98200 -35.82800 -37.14000 -35.05500 -33.18300 -39.23500 -34.26100
179.00000 -33.89500 -22.44100 -19.75500 -33.35600 -36.59100 -22.16600 -29.02200 -31.65700 -34.71900 -31.42300 -35.82800 -37.62800 -35.05500 -35.62400 -39.23500 -33.77300
180.00000 -31.45300 -22.92900 -11.94300 -33.84400 -35.61400 -20.70100 -29.51000 -32.14500 -34.71900 -32.40000 -35.82800 -37.62800 -34.56600 -36.11200 -40.21200 -34.74900
181.00000 -33.40700 -27.81200 -13.40700 -36.28500 -35.12600 -28.51400 -29.51000 -32.14500 -34.23100 -31.91100 -36.80400 -37.62800 -34.07800 -35.13600 -41.18900 -36.70200
182.00000 -37.31300 -34.15900 -23.17300 -38.23900 -36.10200 -40.23200 -28.53400 -32.63300 -34.23100 -31.42300 -38.26900 -37.14000 -34.07800 -32.20600 -42.16500 -37.67900
183.00000 -40.73100 -38.55400 -34.40300 -39.21500 -37.07900 -48.04500 -29.51000 -33.12200 -34.23100 -31.42300 -40.22200 -37.62800 -34.07800 -30.25300 -43.63000 -38.65600
184.00000 -41.70700 -38.06600 -41.23900 -38.72700 -38.05500 -48.04500 -31.95200 -34.09800 -34.71900 -33.37600 -42.66400 -38.60500 -35.05500 -30.25300 -44.60700 -39.63200
185.00000 -40.24200 -34.15900 -41.23900 -37.26200 -38.54400 -42.67400 -35.85800 -34.58700 -35.69500 -34.35300 -45.10500 -39.58100 -35.54300 -32.69400 -45.09500 -40.12000
186.00000 -37.80100 -29.27700 -36.84500 -35.79700 -38.05500 -37.30300 -38.78800 -34.09800 -36.18400 -33.86400 -45.59300 -39.58100 -36.03100 -35.62400 -45.58300 -40.12000
187.00000 -36.82500 -26.83500 -33.91500 -35.30900 -37.07900 -34.37300 -38.78800 -33.12200 -37.16000 -30.93500 -43.64000 -38.60500 -36.03100 -36.11200 -44.11800 -39.14400
188.00000 -38.28900 -27.32300 -34.40300 -36.28500 -36.10200 -33.88500 -36.34600 -33.12200 -37.16000 -27.02800 -40.71000 -37.62800 -35.54300 -34.64800 -42.16500 -37.67900
189.00000 -41.21900 -30.25300 -36.84500 -39.21500 -36.10200 -33.39600 -33.90500 -33.61000 -36.18400 -24.09900 -37.78100 -36.16300 -34.56600 -31.71800 -40.21200 -35.72600
190.00000 -43.66000 -33.18300 -36.84500 -41.16800 -36.59100 -31.44300 -32.92800 -34.58700 -35.20700 -23.12200 -37.29200 -35.67500 -34.56600 -30.25300 -39.72400 -34.74900
191.00000 -44.63700 -34.64800 -34.40300 -42.14500 -37.56700 -30.46700 -34.39300 -35.07500 -35.20700 -24.58700 -38.75700 -36.16300 -34.56600 -30.74100 -39.72400 -35.23800
192.00000 -44.14900 -35.62400 -31.47400 -41.16800 -38.54400 -32.42000 -36.34600 -35.07500 -35.69500 -27.02800 -40.22200 -37.14000 -35.05500 -31.71800 -40.70000 -37.19100
193.00000 -41.21900 -35.62400 -30.49700 -38.23900 -38.54400 -37.79100 -36.34600 -33.61000 -37.64900 -29.47000 -40.22200 -37.14000 -36.03100 -32.69400 -41.18900 -39.14400
194.00000 -39.26600 -35.13600 -31.96200 -35.79700 -38.05500 -42.18500 -33.90500 -32.14500 -39.60200 -32.40000 -39.24600 -38.11600 -37.00800 -32.20600 -41.67700 -40.60900
195.00000 -36.82500 -33.67100 -31.47400 -34.33200 -38.05500 -43.16200 -30.48700 -31.16900 -41.06600 -34.84100 -36.31600 -38.11600 -37.98400 -32.20600 -41.18900 -40.12000
196.00000 -36.33600 -31.23000 -28.54400 -34.82100 -37.56700 -38.27900 -28.53400 -31.16900 -41.06600 -35.81700 -34.36300 -38.11600 -37.98400 -32.20600 -41.18900 -38.65600
197.00000 -37.80100 -29.76500 -25.12600 -37.26200 -37.56700 -32.42000 -29.51000 -33.12200 -40.09000 -35.81700 -34.36300 -38.60500 -37.98400 -33.67100 -41.67700 -37.67900
198.00000 -41.21900 -29.76500 -26.10300 -40.68000 -38.54400 -29.49000 -33.41700 -35.07500 -38.13700 -33.37600 -36.80400 -39.58100 -37.00800 -34.15900 -42.16500 -37.19100
199.00000 -46.59000 -32.20600 -32.93900 -43.61000 -39.03200 -32.90800 -38.30000 -37.02800 -36.18400 -30.93500 -41.19900 -41.53400 -35.05500 -34.15900 -42.65300 -37.19100
200.00000 -51.47300 -36.11200 -41.72800 -45.56300 -39.52000 -38.76700 -41.71800 -38.98100 -34.23100 -28.98200 -45.59300 -42.99900 -33.10100 -31.71800 -42.16500 -37.67900
201.00000 -53.42600 -40.01900 -46.61100 -46.05100 -40.49700 -43.65000 -42.20600 -39.95800 -34.23100 -28.98200 -48.03500 -43.97600 -32.12500 -29.27700 -41.67700 -37.67900
202.00000 -50.98500 -41.48400 -44.16900 -44.58600 -41.47300 -44.62700 -40.25300 -38.98100 -35.20700 -30.44600 -48.03500 -43.48800 -32.12500 -27.81200 -40.70000 -38.16700
203.00000 -45.12500 -40.01900 -37.82100 -42.63300 -41.96200 -41.69700 -37.81100 -37.51600 -37.16000 -31.91100 -45.59300 -41.53400 -33.59000 -29.76500 -40.70000 -38.65600
204.00000 -40.24200 -37.08900 -33.91500 -41.16800 -41.96200 -38.76700 -36.34600 -36.05100 -39.11300 -32.88800 -42.17500 -40.07000 -36.03100 -33.67100 -41.18900 -39.63200
205.00000 -38.28900 -34.64800 -35.38000 -41.65600 -41.96200 -38.76700 -36.83500 -36.05100 -40.09000 -32.88800 -39.73400 -39.58100 -38.47300 -38.55400 -41.67700 -40.12000
206.00000 -40.24200 -34.64800 -38.79800 -43.12100 -40.98500 -41.69700 -39.27600 -36.54000 -40.57800 -32.40000 -38.75700 -40.07000 -40.91400 -42.94800 -43.14200 -40.60900
207.00000 -44.63700 -36.60100 -40.26300 -44.58600 -40.00900 -45.60300 -40.74100 -37.51600 -40.09000 -32.40000 -39.73400 -41.53400 -41.89000 -44.41300 -44.11800 -40.60900
208.00000 -48.05500 -40.01900 -38.79800 -45.07400 -40.00900 -47.06800 -40.74100 -38.98100 -40.09000 -32.88800 -42.17500 -43.48800 -41.89000 -42.94800 -45.09500 -41.09700
209.00000 -48.05500 -41.97200 -35.38000 -43.61000 -40.49700 -44.62700 -38.30000 -38.98100 -40.09000 -33.37600 -44.12800 -44.46400 -41.40200 -40.01900 -45.58300 -41.09700
210.00000 -46.10200 -41.48400 -34.40300 -41.65600 -41.47300 -39.25600 -34.88200 -38.00500 -41.06600 -34.84100 -44.61700 -44.46400 -40.42600 -35.62400 -45.09500 -40.60900
211.00000 -43.17200 -39.04200 -35.38000 -39.21500 -41.96200 -34.86100 -32.44000 -36.54000 -41.55500 -35.81700 -43.64000 -43.48800 -38.96100 -32.69400 -43.63000 -39.63200
212.00000 -41.70700 -37.08900 -34.40300 -38.23900 -41.96200 -33.39600 -31.95200 -35.56300 -42.04300 -36.79400 -41.19900 -42.02300 -37.98400 -31.71800 -41.18900 -37.67900
213.00000 -42.68400 -36.60100 -30.00900 -38.23900 -42.45000 -35.35000 -32.92800 -35.56300 -42.53100 -37.77100 -40.22200 -40.07000 -37.98400 -32.20600 -39.23500 -36.21400
214.00000 -44.63700 -37.57700 -24.63800 -39.21500 -43.42700 -40.23200 -34.88200 -35.56300 -43.02000 -38.25900 -40.71000 -39.58100 -38.47300 -33.67100 -38.74700 -36.21400
215.00000 -46.59000 -39.53000 -25.12600 -40.68000 -44.40300 -46.09200 -35.85800 -35.56300 -43.50800 -38.74700 -43.15200 -39.58100 -39.93700 -35.13600 -40.70000 -38.65600
216.00000 -47.07800 -40.99500 -33.91500 -41.16800 -45.38000 -51.95100 -36.34600 -36.05100 -43.50800 -38.25900 -46.57000 -41.04600 -41.89000 -36.60100 -44.11800 -42.56200
217.00000 -47.56700 -41.48400 -47.58700 -42.14500 -45.38000 -54.39200 -37.81100 -36.05100 -43.99600 -38.74700 -49.50000 -42.02300 -42.86700 -37.08900 -47.53600 -46.46800
218.00000 -48.05500 -41.97200 -56.37600 -42.63300 -44.89100 -53.90400 -39.76400 -36.54000 -43.50800 -39.72400 -49.50000 -42.99900 -43.84400 -37.08900 -49.48900 -48.91000
219.00000 -49.03200 -41.97200 -53.93500 -43.61000 -43.91500 -49.51000 -42.20600 -37.51600 -43.02000 -39.72400 -47.05800 -42.51100 -43.84400 -37.08900 -49.97800 -48.42100
220.00000 -49.03200 -42.46000 -42.21600 -45.07400 -43.91500 -43.65000 -42.69400 -38.98100 -42.04300 -38.74700 -43.15200 -42.02300 -42.86700 -37.57700 -48.51300 -45.00300
221.00000 -49.52000 -42.94800 -30.00900 -46.05100 -43.42700 -39.25600 -40.74100 -40.44600 -41.06600 -36.79400 -40.71000 -41.53400 -41.40200 -37.57700 -46.56000 -41.09700
222.00000 -50.98500 -42.94800 -25.61400 -47.02800 -43.91500 -38.76700 -38.30000 -41.91100 -39.60200 -34.35300 -40.71000 -42.99900 -39.44900 -37.08900 -45.09500 -38.16700
223.00000 -52.93800 -42.94800 -31.47400 -48.00400 -44.89100 -41.20900 -37.32300 -42.88700 -38.62500 -32.40000 -44.12800 -45.44100 -37.98400 -36.60100 -45.09500 -37.67900
224.00000 -55.37900 -43.92500 -40.75100 -48.98100 -45.38000 -45.60300 -38.30000 -43.86400 -38.13700 -31.91100 -49.01100 -48.37000 -37.98400 -36.60100 -46.56000 -39.63200
225.00000 -57.33200 -44.90200 -46.12200 -49.95700 -44.89100 -48.04500 -42.20600 -44.35200 -38.62500 -31.91100 -53.89400 -50.81200 -39.44900 -37.57700 -49.00100 -44.02700
226.00000 -57.82100 -45.87800 -43.68100 -49.46900 -44.40300 -48.53300 -46.60000 -44.35200 -40.09000 -32.88800 -56.33500 -51.30000 -41.89000 -40.50700 -50.95400 -48.42100
227.00000 -55.86700 -46.36600 -37.82100 -48.00400 -44.40300 -48.53300 -49.04200 -43.86400 -41.55500 -33.86400 -56.33500 -50.81200 -45.30800 -43.43700 -52.41900 -51.83900
228.00000 -52.93800 -47.34300 -34.89200 -46.53900 -44.89100 -49.99800 -48.06500 -43.37600 -43.02000 -35.32900 -54.38200 -48.85900 -46.77300 -44.90200 -52.41900 -52.32700
229.00000 -50.49600 -48.31900 -39.28600 -45.56300 -46.84400 -52.43900 -44.64700 -42.39900 -43.50800 -36.79400 -49.98800 -46.90600 -45.79700 -42.94800 -49.97800 -49.88600
230.00000 -49.52000 -50.27300 -48.07500 -46.53900 -49.77400 -55.85700 -40.25300 -41.91100 -43.99600 -39.72400 -45.59300 -44.46400 -43.84400 -38.55400 -47.04800 -45.49200
231.00000 -50.00800 -51.73700 -53.93500 -48.00400 -51.72700 -57.32200 -36.34600 -40.93400 -43.99600 -42.16500 -41.68700 -42.51100 -40.91400 -34.15900 -43.63000 -41.58500
232.00000 -50.98500 -51.73700 -51.98200 -48.49200 -52.70400 -54.39200 -34.39300 -40.93400 -43.99600 -43.14200 -40.22200 -41.53400 -39.44900 -31.71800 -42.65300 -39.63200
233.00000 -51.47300 -49.78400 -42.21600 -48.49200 -51.72700 -50.48600 -35.37000 -40.93400 -44.48400 -42.65300 -40.71000 -41.53400 -40.42600 -33.67100 -43.63000 -40.12000
234.00000 -51.96100 -47.83100 -30.00900 -47.02800 -48.79800 -47.06800 -38.30000 -41.91100 -44.97300 -39.72400 -43.15200 -43.97600 -42.37900 -37.08900 -46.07100 -41.58500
235.00000 -52.45000 -46.36600 -23.17300 -45.07400 -45.86800 -46.58000 -40.74100 -42.39900 -45.46100 -37.28200 -46.57000 -46.90600 -44.33200 -40.99500 -48.51300 -43.53800
236.00000 -53.91400 -47.34300 -25.12600 -44.09800 -44.89100 -49.02100 -43.18200 -42.88700 -45.94900 -36.30600 -49.01100 -49.34700 -45.30800 -41.97200 -49.48900 -44.02700
237.00000 -55.37900 -49.78400 -33.91500 -44.09800 -45.86800 -51.95100 -43.18200 -42.88700 -45.94900 -37.77100 -49.98800 -49.83500 -45.30800 -40.50700 -49.00100 -43.53800
238.00000 -56.84400 -51.73700 -43.68100 -45.07400 -47.82100 -52.92800 -41.71800 -42.88700 -45.46100 -39.72400 -49.50000 -48.37000 -44.33200 -37.57700 -47.53600 -42.56200
239.00000 -56.35600 -52.22600 -48.56400 -46.05100 -48.30900 -51.46300 -39.27600 -42.88700 -44.97300 -40.21200 -48.52300 -46.90600 -43.35500 -35.13600 -47.04800 -43.53800
240.00000 -54.89100 -50.76100 -46.61100 -47.02800 -47.82100 -47.55700 -38.78800 -43.37600 -43.50800 -38.74700 -47.54600 -45.92900 -43.84400 -34.64800 -47.04800 -44.51500
241.00000 -51.96100 -47.83100 -40.75100 -48.00400 -46.84400 -45.11500 -40.74100 -44.35200 -42.04300 -35.81700 -47.05800 -46.41700 -44.33200 -36.11200 -48.51300 -46.46800
242.00000 -50.49600 -44.90200 -34.40300 -48.98100 -45.86800 -45.11500 -43.18200 -44.84000 -41.06600 -33.86400 -47.05800 -47.88200 -45.79700 -39.04200 -49.97800 -47.93300
243.00000 -50.00800 -42.94800 -31.96200 -48.49200 -46.35600 -46.58000 -45.13500 -44.84000 -43.02000 -33.86400 -47.54600 -48.37000 -47.75000 -42.46000 -51.44200 -48.42100
244.00000 -51.47300 -42.46000 -31.96200 -47.02800 -48.79800 -49.51000 -44.15900 -43.86400 -45.94900 -36.79400 -49.01100 -48.37000 -48.72600 -45.87800 -51.93100 -47.44500
245.00000 -51.96100 -42.94800 -32.93900 -44.58600 -50.26200 -51.46300 -41.71800 -41.91100 -48.87900 -39.72400 -50.96400 -47.39400 -49.21500 -48.31900 -50.95400 -47.44500
246.00000 -52.45000 -44.90200 -32.93900 -43.12100 -51.23900 -51.46300 -39.27600 -41.42300 -51.32000 -42.16500 -52.91700 -46.90600 -48.23800 -47.34300 -49.48900 -46.46800
247.00000 -51.47300 -47.34300 -31.96200 -43.12100 -51.23900 -50.97500 -38.78800 -41.91100 -50.83200 -43.14200 -53.40600 -47.39400 -45.79700 -42.46000 -48.02500 -45.98000
248.00000 -50.98500 -50.76100 -30.98600 -46.05100 -50.75100 -50.48600 -40.25300 -43.37600 -48.87900 -43.14200 -52.91700 -47.88200 -43.35500 -36.60100 -47.04800 -45.49200
249.00000 -51.96100 -53.69100 -33.42700 -49.95700 -50.75100 -50.97500 -42.20600 -45.32900 -46.92600 -42.65300 -51.45300 -48.37000 -41.89000 -33.67100 -47.04800 -44.51500
250.00000 -54.40300 -54.66700 -39.77500 -52.88700 -51.72700 -51.95100 -44.15900 -46.30500 -45.94900 -42.65300 -50.47600 -48.37000 -43.35500 -35.62400 -49.48900 -44.51500
251.00000 -57.33200 -53.69100 -47.58700 -52.88700 -52.21600 -52.43900 -44.15900 -45.81700 -45.94900 -43.14200 -50.47600 -48.37000 -46.28500 -42.94800 -52.41900 -46.46800
252.00000 -58.79700 -51.73700 -54.42300 -50.44600 -51.72700 -52.92800 -43.67100 -44.84000 -46.92600 -43.63000 -51.94100 -49.34700 -49.70300 -51.73700 -54.86000 -48.91000
253.00000 -56.35600 -50.27300 -55.40000 -47.02800 -50.26200 -52.92800 -42.69400 -43.86400 -48.39100 -44.11800 -52.91700 -50.32300 -52.14400 -56.62000 -55.34900 -51.35100
254.00000 -52.93800 -48.80800 -49.54000 -45.07400 -49.77400 -53.90400 -42.20600 -44.35200 -49.36700 -44.11800 -52.91700 -50.81200 -52.14400 -55.64400 -54.37200 -51.83900
255.00000 -50.00800 -48.80800 -36.84500 -46.05100 -50.75100 -57.32200 -43.67100 -44.35200 -49.36700 -44.11800 -51.45300 -50.32300 -50.19100 -49.78400 -52.41900 -50.37400
256.00000 -50.49600 -49.78400 -24.15000 -49.46900 -53.19200 -60.25200 -46.11200 -45.32900 -48.87900 -43.14200 -49.98800 -49.34700 -47.26200 -41.97200 -50.95400 -48.42100
