1.00000 -1.22100 -0.65100 0.23400 -3.56000 -0.40700 4.07900 -0.71200 -3.08200 0.27500 3.99800 0.89500 -1.10900 3.82500 3.42800 0.49800 6.27600
2.00000 1.22100 2.76700 0.23400 -3.07200 -0.89500 3.10300 -1.20000 -3.08200 0.27500 4.97400 -0.08100 -1.59700 3.82500 2.45200 0.98700 5.30000
3.00000 3.66200 6.67300 -0.74300 -2.58400 -0.40700 3.10300 -1.20000 -3.08200 0.27500 5.46300 0.40700 -1.59700 2.84800 0.98700 1.47500 3.83500
4.00000 4.63900 8.13800 -1.71900 -2.09600 -0.40700 4.07900 -1.20000 -2.10600 -0.21400 4.97400 0.89500 -1.10900 1.87200 0.01000 0.98700 1.88200
5.00000 4.15000 7.16100 -1.23100 -2.09600 -0.40700 4.56700 -0.71200 -1.12900 -0.21400 2.53300 1.87200 -0.13200 0.89500 0.01000 0.01000 0.90500
6.00000 2.19700 3.74300 -0.25400 -3.07200 -1.38300 4.56700 -1.20000 -1.12900 -0.70200 -0.39700 0.89500 -0.62100 -0.08100 -0.47800 -1.94300 0.41700
7.00000 -0.73200 0.32600 0.23400 -4.04900 -2.84800 3.10300 -1.68900 -1.61700 -1.19000 -2.83800 -0.57000 -1.10900 -0.08100 -0.47800 -2.92000 1.39400
8.00000 -1.70900 -1.62800 -0.74300 -4.53700 -4.31300 1.63800 -1.68900 -1.61700 -1.67800 -2.83800 -1.05800 -1.59700 -0.57000 -0.47800 -1.94300 2.85800
9.00000 -1.70900 -0.65100 -1.23100 -4.04900 -5.29000 1.14900 -0.22400 -1.61700 -2.65500 -1.37300 -0.57000 -1.59700 -1.05800 -0.96600 1.96300 3.83500
10.00000 -0.73200 0.81400 -1.23100 -3.07200 -5.29000 2.61400 2.21800 -0.64100 -3.14300 1.55600 1.87200 -1.10900 -1.54600 -0.47800 5.38100 4.32300
11.00000 0.24400 1.79000 -0.25400 -1.60700 -5.29000 5.05600 5.14700 0.82400 -3.14300 3.02100 4.31300 -0.13200 -1.54600 0.01000 7.82300 4.81200
12.00000 0.73200 1.79000 1.69900 -0.63100 -4.80100 6.52100 6.61200 1.80100 -2.65500 3.02100 6.26600 0.84400 -1.05800 0.98700 7.33400 5.30000
13.00000 0.73200 1.30200 3.16400 -0.63100 -3.33700 7.00900 6.61200 1.80100 -1.67800 2.53300 6.26600 1.33300 -0.57000 2.94000 3.91600 6.27600
14.00000 0.73200 0.81400 3.65200 -1.11900 -2.36000 7.00900 5.14700 0.82400 -1.19000 3.02100 4.80100 1.33300 0.89500 3.91600 0.49800 7.25300
15.00000 0.73200 1.30200 3.65200 -1.60700 -0.89500 6.52100 3.68200 0.33600 -0.70200 4.48600 2.84800 0.35600 1.38300 5.38100 0.01000 8.23000
16.00000 1.70900 2.27900 4.62800 -1.60700 -1.38300 5.54400 3.68200 -0.15300 -0.70200 6.92700 2.36000 -0.13200 1.87200 5.38100 1.96300 8.23000
17.00000 1.70900 2.76700 6.58200 -1.60700 -2.36000 4.56700 5.14700 0.33600 -1.19000 8.39200 2.84800 -0.62100 1.38300 4.40500 5.87000 7.25300
18.00000 2.19700 3.25500 8.04600 -0.63100 -3.82500 3.10300 7.10000 1.31200 -2.16700 7.41600 3.82500 -0.62100 0.40700 2.94000 7.82300 5.78800
19.00000 1.70900 2.76700 8.53500 0.34600 -5.77800 2.12600 8.56500 2.77700 -3.14300 3.99800 4.31300 -0.13200 -1.54600 0.49800 6.84600 3.83500
20.00000 1.70900 2.76700 8.04600 1.32200 -6.26600 2.61400 9.05400 3.26500 -4.12000 -0.39700 4.80100 0.35600 -2.52300 -1.94300 2.94000 2.85800
21.00000 3.17400 3.25500 7.07000 2.78700 -5.77800 3.59100 9.05400 3.75400 -4.60800 -3.81500 4.80100 0.84400 -3.49900 -3.40800 -0.47800 2.37000
22.00000 4.63900 3.25500 7.07000 3.76400 -4.31300 5.05600 9.54200 4.24200 -4.60800 -5.76800 5.29000 1.82100 -3.01100 -3.89600 -0.96600 3.83500
23.00000 5.61500 2.27900 8.04600 4.25200 -3.82500 2.61400 9.54200 4.73000 -4.60800 -5.76800 7.24300 2.79700 -1.54600 -2.92000 2.45200 6.76500
24.00000 4.15000 -0.16300 8.53500 3.76400 -4.31300 -2.26800 9.54200 5.21900 -4.12000 -5.76800 9.19600 3.77400 0.89500 -0.96600 8.31100 10.67100
25.00000 2.19700 -3.09200 8.04600 2.29900 -5.77800 -8.61600 9.05400 5.21900 -4.60800 -6.25600 10.17300 5.23900 3.33700 0.98700 14.65900 14.08900
26.00000 0.24400 -5.04600 5.60500 0.83400 -7.73100 -13.49900 7.58900 4.73000 -5.09600 -8.20900 9.68400 6.21500 5.29000 2.45200 19.05300 16.53000
27.00000 -1.22100 -5.04600 3.65200 -0.14200 -8.70800 -13.98700 6.12400 4.24200 -5.09600 -9.67400 9.19600 7.19200 6.75500 2.94000 20.03000 17.01900
28.00000 -0.73200 -3.09200 3.16400 -0.63100 -8.21900 -9.59300 5.63600 4.24200 -4.60800 -9.18600 8.70800 7.68000 7.73100 3.42800 18.07700 16.53000
29.00000 0.73200 -1.13900 3.65200 -0.14200 -6.75500 -3.24500 5.14700 4.24200 -4.12000 -7.72100 8.21900 7.68000 8.21900 3.91600 13.68200 14.08900
30.00000 1.22100 0.32600 4.14000 0.34600 -4.80100 1.63800 5.14700 3.75400 -2.65500 -3.81500 7.24300 7.19200 7.73100 4.40500 8.79900 10.67100
31.00000 0.24400 -0.65100 3.16400 -0.63100 -2.84800 3.10300 4.17100 2.77700 -1.19000 0.09200 3.82500 4.26200 5.29000 3.42800 3.42800 6.76500
32.00000 -0.24400 -1.62800 0.72200 -1.11900 -1.38300 0.66100 2.21800 1.31200 -0.70200 2.04500 -1.05800 0.35600 0.40700 0.49800 -0.96600 1.88200
33.00000 -0.73200 -2.11600 -0.74300 -2.09600 -1.87200 -2.75700 0.75300 -0.15300 -1.19000 1.06800 -5.45200 -4.03800 -4.96400 -4.38400 -3.89600 -3.48900
34.00000 0.24400 -1.13900 -0.25400 -2.09600 -2.36000 -4.71000 -0.22400 -0.64100 -2.65500 -1.86200 -7.40600 -6.48000 -9.35900 -9.75500 -5.36100 -7.39500
35.00000 2.19700 1.30200 2.67500 -1.11900 -3.33700 -3.73300 1.24100 -0.15300 -4.12000 -5.28000 -5.94100 -6.48000 -10.82400 -12.68500 -5.36100 -9.34900
36.00000 4.15000 3.25500 6.58200 0.34600 -3.33700 0.17300 4.65900 0.82400 -4.12000 -6.25600 -2.52300 -4.52700 -9.84700 -13.17300 -4.87300 -8.37200
37.00000 5.61500 4.72000 8.53500 1.81100 -2.84800 4.07900 7.10000 2.28900 -3.63200 -5.28000 -0.08100 -2.08500 -7.89400 -11.22000 -5.84900 -6.41900
38.00000 6.10400 4.72000 7.55800 2.29900 -1.87200 6.03200 7.58900 2.77700 -2.65500 -2.35000 -0.08100 -2.08500 -6.91700 -8.77900 -7.80200 -4.95400
39.00000 5.61500 3.74300 4.14000 1.81100 -0.89500 5.54400 6.12400 1.80100 -1.67800 0.09200 -3.49900 -4.03800 -8.87000 -9.26700 -10.24400 -5.93100
40.00000 5.61500 3.74300 1.21100 1.32200 -0.40700 3.59100 3.68200 0.33600 -2.16700 0.58000 -7.40600 -6.96800 -11.80000 -11.70900 -12.19700 -9.83700
41.00000 5.61500 3.74300 0.23400 0.83400 -0.40700 1.14900 1.24100 -1.12900 -3.14300 -1.86200 -9.35900 -9.89800 -13.75300 -15.12700 -13.17300 -12.76700
42.00000 5.61500 4.23200 3.16400 0.34600 -1.38300 0.66100 0.75300 -1.61700 -4.60800 -4.30300 -8.38200 -10.87400 -14.73000 -17.56800 -12.19700 -13.74300
43.00000 5.61500 4.72000 8.04600 0.83400 -2.36000 1.63800 2.70600 -1.12900 -5.58500 -5.28000 -5.94100 -9.41000 -12.77700 -16.59100 -9.75500 -11.79000
44.00000 5.12700 4.23200 11.95300 1.32200 -3.33700 3.10300 4.65900 -0.15300 -5.09600 -4.79100 -4.47600 -7.45600 -10.82400 -14.15000 -7.31400 -8.86000
45.00000 4.15000 2.27900 12.44100 1.32200 -3.82500 3.10300 6.12400 0.82400 -5.09600 -3.32600 -4.96400 -6.48000 -9.35900 -11.70900 -6.82600 -6.90700
46.00000 2.68600 0.81400 9.51100 0.34600 -3.82500 1.14900 6.12400 1.31200 -5.09600 -2.83800 -6.91700 -5.99200 -8.87000 -11.22000 -7.80200 -6.41900
47.00000 1.70900 -0.65100 4.62800 -0.14200 -3.82500 -1.29200 5.14700 1.31200 -5.09600 -4.30300 -8.87000 -6.48000 -8.87000 -12.19700 -9.75500 -7.88400
48.00000 0.73200 -1.62800 0.72200 -1.11900 -3.33700 -3.24500 4.17100 0.82400 -5.09600 -7.23300 -7.40600 -5.99200 -7.89400 -12.68500 -10.73200 -9.34900
49.00000 0.73200 -1.62800 0.23400 -1.11900 -2.84800 -4.22200 3.19400 0.82400 -5.09600 -9.18600 -4.96400 -4.52700 -6.42900 -12.19700 -10.73200 -9.34900
50.00000 1.22100 -0.65100 2.18700 -0.63100 -2.36000 -3.73300 3.19400 0.82400 -4.12000 -8.69800 -2.52300 -3.55000 -4.96400 -10.24400 -9.75500 -7.88400
51.00000 2.19700 0.32600 5.60500 0.83400 -1.38300 -2.26800 3.19400 1.31200 -3.63200 -6.25600 -1.54600 -2.57400 -3.98800 -8.77900 -8.29100 -6.90700
52.00000 3.66200 0.81400 7.55800 2.78700 -1.38300 -0.80400 3.68200 1.80100 -3.63200 -3.32600 -3.01100 -2.57400 -3.49900 -8.29100 -6.33700 -6.41900
53.00000 4.63900 1.30200 7.07000 4.25200 -0.89500 0.66100 3.68200 2.28900 -3.14300 -1.37300 -4.47600 -3.06200 -3.98800 -8.77900 -4.38400 -6.90700
54.00000 5.12700 0.81400 5.11700 5.71700 -1.38300 1.14900 4.17100 2.77700 -3.14300 -1.86200 -5.94100 -3.55000 -3.98800 -9.26700 -2.43100 -6.90700
55.00000 5.12700 -0.16300 3.16400 6.20500 -1.38300 0.66100 4.17100 3.26500 -2.65500 -3.32600 -5.45200 -3.55000 -3.49900 -8.77900 -0.96600 -6.41900
56.00000 5.12700 -1.13900 2.67500 6.20500 -1.87200 -0.31500 4.17100 3.26500 -2.16700 -4.79100 -3.98800 -2.57400 -3.49900 -7.80200 -1.94300 -5.44200
57.00000 5.61500 -1.62800 4.14000 5.22900 -1.87200 -1.78000 4.65900 2.77700 -1.67800 -4.79100 -3.01100 -1.59700 -3.01100 -6.33700 -4.87300 -4.95400
58.00000 6.10400 -0.16300 5.11700 4.74000 -0.89500 -3.24500 4.65900 2.77700 -1.67800 -3.32600 -2.52300 -1.10900 -3.01100 -5.36100 -8.29100 -4.95400
59.00000 7.56800 1.30200 5.60500 4.74000 0.08100 -3.24500 4.65900 2.28900 -2.16700 -1.37300 -3.49900 -0.62100 -3.01100 -5.84900 -9.75500 -5.44200
60.00000 8.54500 3.25500 4.62800 4.74000 0.57000 -2.26800 4.17100 1.80100 -3.14300 -0.88500 -4.96400 -1.59700 -3.49900 -7.31400 -8.29100 -5.93100
61.00000 8.54500 4.23200 3.65200 5.22900 1.05800 -0.31500 3.68200 1.31200 -3.63200 -2.35000 -6.42900 -2.57400 -3.49900 -8.29100 -4.38400 -5.93100
62.00000 7.56800 3.25500 3.16400 5.71700 0.57000 0.66100 2.70600 1.31200 -3.63200 -4.30300 -7.89400 -3.55000 -3.98800 -9.75500 -1.45500 -5.93100
63.00000 6.59200 1.30200 4.62800 6.20500 0.08100 0.17300 1.72900 1.31200 -3.63200 -6.74400 -7.89400 -3.55000 -3.98800 -9.75500 -0.96600 -6.41900
64.00000 5.61500 -0.65100 7.07000 6.20500 -0.89500 -0.80400 1.72900 1.31200 -3.14300 -7.72100 -6.42900 -2.57400 -3.49900 -10.73200 -3.40800 -6.90700
65.00000 5.12700 -2.11600 8.53500 6.20500 -1.87200 -2.26800 1.72900 1.80100 -3.14300 -7.72100 -3.98800 -1.59700 -2.52300 -10.73200 -5.84900 -6.90700
66.00000 4.15000 -2.60400 8.04600 5.71700 -2.36000 -4.22200 2.21800 1.80100 -2.16700 -6.25600 -2.52300 -0.13200 -1.05800 -10.24400 -7.31400 -6.41900
67.00000 3.66200 -3.58100 5.60500 4.74000 -3.33700 -6.17500 1.72900 1.31200 -2.16700 -5.28000 -2.03500 -0.13200 -0.08100 -9.75500 -7.31400 -5.44200
68.00000 2.19700 -3.58100 2.18700 3.27600 -3.82500 -7.15100 0.75300 0.33600 -1.67800 -5.28000 -3.98800 -1.10900 0.40700 -9.26700 -5.84900 -4.95400
69.00000 0.73200 -4.55700 -0.74300 1.32200 -3.33700 -8.12800 -0.22400 -0.64100 -1.19000 -6.25600 -6.91700 -2.08500 -0.57000 -9.75500 -3.89600 -4.95400
70.00000 -1.22100 -5.53400 -2.69600 -0.14200 -3.33700 -7.64000 -1.68900 -1.61700 -1.19000 -7.72100 -8.87000 -3.06200 -1.54600 -11.22000 -2.43100 -6.41900
71.00000 -3.17400 -6.99900 -3.67200 -1.11900 -3.33700 -7.15100 -2.17700 -1.61700 -1.67800 -8.20900 -8.87000 -2.57400 -1.54600 -12.19700 -1.45500 -7.39500
72.00000 -5.12700 -8.46400 -5.13700 -2.09600 -3.82500 -7.64000 -2.17700 -1.61700 -2.65500 -8.20900 -6.42900 -2.08500 -0.57000 -12.19700 -0.96600 -7.88400
73.00000 -6.10400 -9.92800 -6.11400 -3.07200 -5.29000 -8.12800 -2.17700 -1.12900 -3.14300 -7.72100 -3.49900 -1.10900 0.89500 -11.22000 -0.47800 -6.90700
74.00000 -7.56800 -10.41700 -6.60200 -4.53700 -6.75500 -9.59300 -3.15300 -1.61700 -3.14300 -6.25600 -1.54600 -1.10900 2.84800 -8.29100 -1.45500 -4.95400
75.00000 -8.05700 -11.39300 -7.09000 -5.51400 -7.24300 -10.08100 -4.13000 -2.59400 -2.65500 -5.76800 -2.03500 -1.10900 3.33700 -6.33700 -2.43100 -3.48900
76.00000 -8.05700 -10.41700 -6.60200 -6.49000 -6.75500 -8.61600 -5.10700 -3.57100 -2.16700 -5.76800 -3.49900 -1.59700 3.33700 -5.84900 -3.40800 -2.02400
77.00000 -8.05700 -10.41700 -6.60200 -6.97800 -5.77800 -6.17500 -5.10700 -3.57100 -2.16700 -7.23300 -4.96400 -1.59700 2.36000 -6.33700 -3.89600 -2.02400
78.00000 -8.05700 -10.41700 -7.57900 -6.97800 -5.29000 -5.19800 -4.61800 -2.59400 -2.16700 -8.20900 -4.96400 -0.62100 1.38300 -7.31400 -2.92000 -3.00100
79.00000 -9.03300 -11.39300 -10.02000 -6.00200 -5.77800 -6.66300 -3.15300 -1.61700 -2.16700 -9.18600 -3.49900 -0.62100 0.89500 -8.77900 -3.40800 -3.97700
80.00000 -10.98600 -13.34600 -11.97300 -6.00200 -7.73100 -10.08100 -2.66500 -0.64100 -2.65500 -9.67400 -2.52300 -0.62100 0.40700 -9.26700 -4.38400 -5.44200
81.00000 -12.45100 -14.81100 -12.95000 -6.00200 -9.19600 -13.49900 -3.15300 -0.64100 -3.14300 -9.18600 -3.01100 -0.62100 -0.08100 -9.75500 -5.84900 -5.93100
82.00000 -12.93900 -15.29900 -11.48500 -6.49000 -9.68400 -14.96400 -4.13000 -1.12900 -3.63200 -9.18600 -3.98800 -1.59700 -0.57000 -10.73200 -5.84900 -6.41900
83.00000 -11.47500 -13.83500 -8.06700 -6.49000 -8.70800 -13.49900 -4.61800 -2.10600 -4.60800 -9.18600 -4.96400 -2.08500 -1.54600 -11.70900 -4.87300 -6.41900
84.00000 -9.52100 -11.88200 -4.64900 -5.51400 -7.24300 -9.59300 -5.10700 -2.59400 -5.09600 -10.16200 -5.94100 -2.57400 -2.03500 -12.19700 -3.40800 -6.90700
85.00000 -8.05700 -9.92800 -2.69600 -5.02500 -6.26600 -5.68600 -4.61800 -2.59400 -5.09600 -10.16200 -5.94100 -3.55000 -2.03500 -11.70900 -2.92000 -7.39500
86.00000 -7.08000 -9.44000 -3.67200 -4.53700 -6.26600 -3.73300 -4.13000 -3.08200 -4.60800 -9.18600 -5.94100 -4.52700 -1.05800 -10.73200 -4.38400 -7.88400
87.00000 -8.05700 -10.41700 -6.60200 -5.02500 -7.24300 -4.71000 -4.13000 -3.08200 -4.12000 -7.23300 -5.45200 -4.52700 0.40700 -9.75500 -5.84900 -7.39500
88.00000 -10.01000 -10.90500 -9.53200 -6.00200 -7.73100 -7.15100 -4.13000 -2.59400 -3.14300 -5.76800 -4.96400 -3.55000 1.38300 -8.77900 -5.36100 -6.41900
89.00000 -11.47500 -11.39300 -10.99700 -6.49000 -8.21900 -10.56900 -4.13000 -1.61700 -2.65500 -5.28000 -2.52300 -1.59700 1.87200 -8.77900 -3.40800 -5.44200
90.00000 -12.45100 -11.88200 -10.02000 -6.97800 -8.21900 -13.01100 -2.66500 -1.12900 -2.65500 -6.74400 -0.57000 0.35600 1.87200 -9.75500 -0.96600 -5.44200
91.00000 -12.93900 -12.37000 -8.06700 -7.46700 -8.21900 -13.01100 -1.20000 -0.15300 -3.14300 -8.69800 1.87200 1.82100 1.38300 -10.24400 0.98700 -4.95400
92.00000 -12.45100 -12.37000 -6.60200 -7.46700 -8.21900 -11.54600 -0.22400 -0.15300 -3.63200 -9.67400 2.84800 2.79700 0.89500 -9.26700 0.01000 -4.95400
93.00000 -11.96300 -12.85800 -6.60200 -7.46700 -8.70800 -8.61600 -0.22400 -0.15300 -3.14300 -9.18600 2.36000 2.79700 1.38300 -7.31400 -1.94300 -4.46600
94.00000 -10.49800 -12.85800 -7.09000 -6.97800 -9.19600 -5.68600 -0.71200 -0.64100 -2.16700 -6.74400 0.89500 2.30900 1.87200 -4.87300 -3.40800 -3.48900
95.00000 -9.03300 -11.88200 -7.57900 -6.00200 -9.19600 -5.19800 -1.20000 -0.64100 -1.19000 -4.30300 -0.08100 2.30900 2.36000 -3.40800 -2.92000 -2.02400
96.00000 -7.56800 -10.90500 -6.11400 -4.53700 -8.21900 -6.17500 -0.22400 -0.64100 -0.70200 -2.35000 -0.08100 2.30900 2.36000 -3.89600 -1.94300 -2.02400
97.00000 -6.10400 -9.44000 -4.16100 -4.04900 -6.75500 -7.64000 0.75300 -0.15300 -0.21400 -1.86200 1.38300 2.30900 1.87200 -4.87300 -0.47800 -2.02400
98.00000 -5.12700 -7.48700 -2.69600 -3.07200 -5.77800 -8.12800 2.21800 0.33600 -0.21400 -1.86200 2.84800 2.30900 2.36000 -5.84900 -0.47800 -2.51300
99.00000 -4.15000 -5.04600 -1.71900 -3.07200 -4.31300 -5.68600 3.19400 0.33600 0.27500 -1.86200 3.82500 2.30900 3.33700 -5.36100 -0.96600 -2.02400
100.00000 -3.17400 -2.60400 -1.71900 -3.07200 -3.33700 -1.29200 3.68200 0.33600 0.76300 0.09200 4.80100 2.79700 4.31300 -2.92000 -1.45500 -0.55900
101.00000 -1.70900 -1.13900 -1.23100 -3.07200 -2.36000 4.07900 3.68200 0.33600 1.25100 3.02100 5.29000 3.28600 5.77800 -0.47800 -1.45500 1.88200
102.00000 -0.73200 -0.16300 0.23400 -2.09600 -1.87200 6.52100 4.17100 0.82400 1.74000 5.95100 5.77800 3.28600 6.26600 1.47500 -0.96600 3.34700
103.00000 0.24400 -0.16300 1.21100 -1.60700 -1.87200 6.03200 5.14700 0.82400 2.22800 7.41600 6.26600 2.79700 5.29000 1.47500 0.01000 3.83500
104.00000 1.22100 -1.13900 2.18700 -0.63100 -1.87200 3.59100 5.63600 0.82400 2.22800 6.92700 6.26600 2.30900 4.80100 0.98700 1.96300 3.34700
105.00000 1.70900 -1.62800 3.16400 0.34600 -1.38300 0.66100 6.12400 0.82400 2.22800 5.46300 5.77800 1.33300 3.82500 0.98700 4.89300 2.37000
106.00000 2.19700 -1.13900 4.14000 0.34600 -0.89500 -0.80400 6.12400 0.33600 2.22800 4.48600 5.77800 1.33300 3.82500 1.47500 7.82300 2.85800
107.00000 2.68600 0.32600 6.09300 0.83400 0.08100 -0.31500 6.12400 0.33600 2.22800 3.51000 5.77800 2.30900 4.80100 2.94000 9.77600 3.83500
108.00000 2.68600 1.30200 9.02300 0.83400 0.57000 1.14900 6.61200 0.82400 2.71600 3.99800 6.26600 3.28600 6.75500 4.89300 9.77600 5.78800
109.00000 3.17400 2.27900 10.97600 0.34600 0.57000 2.61400 7.58900 1.31200 3.20400 5.95100 7.73100 4.75100 8.70800 5.87000 8.31100 7.74100
110.00000 3.17400 2.27900 11.95300 0.34600 0.57000 4.56700 9.54200 1.80100 3.20400 7.41600 9.68400 6.21500 9.19600 5.87000 6.35800 8.23000
111.00000 3.17400 2.76700 10.97600 0.83400 2.03500 7.00900 10.51800 2.77700 3.69300 8.88100 11.63700 5.72700 8.21900 5.38100 4.89300 7.74100
112.00000 3.17400 2.76700 9.51100 2.29900 2.52300 9.45000 11.00700 4.24200 3.20400 8.39200 11.63700 5.23900 6.75500 4.89300 4.89300 7.25300
113.00000 3.66200 3.25500 8.04600 3.76400 4.47600 11.40300 10.51800 4.24200 2.71600 7.41600 10.17300 3.77400 4.80100 4.40500 4.89300 6.76500
114.00000 4.15000 4.23200 7.07000 4.74000 5.45200 10.42700 9.54200 4.24200 2.22800 6.43900 7.73100 3.28600 3.33700 3.91600 4.40500 5.78800
115.00000 4.15000 4.23200 6.09300 4.25200 5.45200 7.49700 8.56500 3.75400 2.22800 6.43900 5.77800 2.79700 2.36000 3.42800 2.94000 5.30000
116.00000 3.66200 4.23200 4.62800 2.78700 4.47600 4.07900 7.10000 2.77700 2.71600 6.92700 5.29000 3.28600 2.84800 2.94000 1.47500 4.81200
117.00000 1.70900 3.74300 3.65200 -0.14200 3.01100 2.12600 5.63600 2.28900 3.69300 8.39200 5.77800 4.26200 3.33700 1.96300 0.98700 4.32300
118.00000 -0.24400 2.76700 2.67500 -2.58400 2.52300 2.61400 4.65900 1.31200 4.66900 8.88100 7.24300 4.75100 3.82500 2.45200 1.47500 4.32300
119.00000 -2.68600 1.30200 2.18700 -4.04900 2.52300 5.05600 4.65900 1.31200 5.64600 8.39200 7.73100 5.23900 4.31300 3.42800 2.94000 4.81200
120.00000 -4.15000 -0.16300 2.18700 -4.04900 3.49900 7.49700 4.65900 1.80100 6.13400 6.92700 7.73100 5.23900 4.80100 3.91600 3.91600 5.78800
121.00000 -4.15000 -0.65100 0.72200 -4.04900 3.49900 8.47400 5.14700 2.77700 5.64600 5.95100 6.26600 4.26200 4.31300 2.94000 4.89300 5.30000
122.00000 -3.17400 0.32600 -0.74300 -3.56000 3.49900 8.47400 5.63600 3.26500 4.66900 5.46300 5.29000 3.28600 2.36000 0.98700 5.87000 3.83500
123.00000 -1.22100 1.79000 -1.71900 -3.56000 2.03500 7.49700 6.12400 3.75400 3.69300 5.46300 5.29000 2.30900 0.89500 -1.94300 6.35800 1.39400
124.00000 0.73200 4.23200 -1.71900 -3.07200 1.05800 7.98500 7.10000 4.73000 2.71600 5.46300 6.26600 1.82100 -0.57000 -4.38400 5.38100 -0.55900
125.00000 1.70900 5.20800 1.21100 -2.09600 1.05800 8.47400 7.58900 5.21900 1.74000 5.46300 7.24300 2.30900 -2.03500 -5.36100 2.94000 -1.53600
126.00000 2.68600 5.69700 4.62800 -0.63100 2.03500 8.96200 8.07700 5.70700 1.25100 4.48600 7.24300 2.79700 -2.52300 -4.87300 -0.47800 -1.53600
127.00000 3.17400 6.18500 9.02300 0.34600 3.49900 8.47400 8.56500 5.70700 1.74000 3.51000 6.75500 3.28600 -2.52300 -4.38400 -1.94300 -0.55900
128.00000 4.15000 7.16100 11.95300 1.32200 4.96400 7.98500 8.56500 5.21900 1.74000 3.02100 5.77800 2.30900 -2.52300 -3.89600 -1.94300 -0.07100
129.00000 5.61500 9.11500 12.44100 1.32200 5.94100 7.49700 8.56500 4.73000 1.74000 3.99800 5.29000 1.82100 -2.52300 -3.40800 0.01000 -0.55900
130.00000 7.08000 11.06800 10.48800 0.83400 5.94100 8.47400 8.07700 4.24200 2.22800 4.97400 4.80100 1.33300 -2.03500 -3.40800 1.47500 -0.55900
131.00000 7.56800 11.55600 7.07000 -1.11900 4.47600 7.98500 6.61200 3.75400 3.20400 5.95100 4.80100 1.33300 -1.05800 -3.40800 0.49800 -1.04800
132.00000 6.59200 10.09100 4.62800 -2.09600 3.49900 6.52100 5.63600 3.26500 4.18100 6.43900 4.31300 1.33300 -0.08100 -2.92000 -1.94300 -0.55900
133.00000 4.63900 8.13800 3.16400 -3.07200 2.52300 4.07900 4.17100 2.28900 5.15700 5.95100 3.82500 1.82100 0.40700 -1.94300 -4.87300 -0.55900
134.00000 3.17400 6.18500 3.16400 -3.07200 2.52300 1.63800 3.19400 1.80100 5.64600 5.46300 3.33700 1.33300 0.40700 -0.96600 -5.84900 -0.07100
135.00000 3.66200 6.67300 3.16400 -2.09600 3.49900 0.66100 2.70600 0.82400 5.15700 4.97400 3.33700 0.35600 0.40700 0.01000 -4.38400 -0.07100
136.00000 5.12700 8.62600 4.14000 -1.11900 4.47600 2.61400 3.19400 0.33600 4.18100 4.48600 3.82500 -0.62100 -0.57000 0.01000 -2.43100 -0.55900
137.00000 8.05700 11.06800 5.11700 0.34600 5.45200 6.03200 3.68200 0.82400 2.71600 3.51000 3.33700 -1.59700 -1.54600 -0.96600 -0.96600 -1.53600
138.00000 10.49800 12.04400 7.07000 1.81100 5.45200 8.96200 5.63600 0.82400 1.74000 3.02100 2.36000 -2.57400 -3.01100 -2.43100 -1.45500 -2.51300
139.00000 11.47500 12.04400 9.51100 2.29900 4.96400 9.45000 7.10000 1.31200 1.25100 3.51000 0.89500 -3.06200 -3.49900 -4.87300 -3.40800 -3.48900
140.00000 11.47500 11.06800 11.46400 2.29900 4.47600 7.98500 8.56500 1.80100 1.25100 3.99800 0.89500 -3.06200 -3.01100 -5.36100 -4.38400 -4.46600
141.00000 10.49800 9.11500 11.95300 1.81100 3.98800 5.54400 9.05400 1.80100 2.22800 5.46300 1.87200 -2.08500 -1.54600 -4.87300 -2.92000 -3.48900
142.00000 9.03300 8.62600 10.00000 0.83400 3.49900 4.56700 8.56500 1.31200 3.20400 7.41600 4.31300 -1.10900 0.40700 -1.94300 -0.96600 -1.53600
143.00000 8.05700 9.11500 7.55800 0.83400 3.01100 5.54400 8.56500 1.31200 4.18100 9.36900 5.77800 0.35600 2.84800 1.47500 1.47500 0.90500
144.00000 8.05700 9.60300 6.09300 0.83400 2.52300 7.49700 8.07700 1.31200 5.15700 10.83400 6.26600 1.33300 3.82500 3.91600 1.47500 2.85800
145.00000 8.54500 11.06800 7.07000 1.81100 3.01100 8.47400 8.07700 2.28900 5.64600 11.81000 4.80100 1.33300 3.33700 4.89300 -0.47800 2.85800
146.00000 9.52100 11.55600 10.48800 3.76400 3.49900 7.98500 8.56500 3.26500 5.64600 11.32200 3.33700 1.33300 1.87200 3.91600 -2.92000 0.90500
147.00000 10.49800 11.55600 14.39400 4.74000 4.47600 6.52100 9.54200 3.75400 5.64600 9.85700 2.84800 -0.62100 -0.08100 1.96300 -4.38400 -1.53600
148.00000 11.47500 11.55600 16.83600 6.69400 5.94100 5.54400 9.54200 3.75400 5.15700 7.90400 2.84800 -2.08500 -1.54600 0.49800 -4.87300 -3.00100
149.00000 11.96300 11.06800 15.37100 7.18200 6.91700 5.54400 9.05400 2.77700 4.66900 5.95100 2.84800 -4.03800 -2.03500 0.01000 -4.87300 -3.48900
150.00000 12.45100 10.57900 12.44100 7.18200 7.40600 7.49700 9.05400 1.80100 5.15700 5.95100 1.87200 -5.99200 -2.03500 0.98700 -4.38400 -2.51300
151.00000 12.45100 11.06800 10.00000 7.18200 7.40600 10.42700 8.56500 0.82400 5.64600 7.41600 0.40700 -6.96800 -1.54600 2.45200 -3.89600 -2.02400
152.00000 12.93900 12.04400 9.51100 7.67000 7.40600 12.38000 9.54200 0.33600 6.62200 10.34500 -0.08100 -7.45600 -1.05800 2.94000 -3.89600 -1.53600
153.00000 13.42800 13.50900 11.95300 7.67000 7.89400 13.35700 10.51800 0.82400 6.62200 12.78700 -0.08100 -6.48000 0.40700 3.42800 -3.89600 -1.53600
154.00000 13.42800 14.48600 15.37100 8.64700 7.89400 11.89200 11.49500 1.80100 6.62200 14.25200 1.38300 -5.01500 1.38300 4.40500 -3.89600 -0.55900
155.00000 12.93900 13.99700 17.32400 9.13500 8.38200 9.45000 11.49500 3.26500 6.13400 13.76300 2.84800 -3.55000 2.36000 5.38100 -3.89600 0.41700
156.00000 11.96300 12.53300 16.83600 9.13500 8.38200 6.03200 11.00700 3.75400 5.15700 13.27500 3.82500 -3.06200 2.36000 6.35800 -2.92000 1.39400
157.00000 11.47500 10.57900 14.88200 9.62300 8.38200 4.07900 10.03000 3.75400 4.66900 12.29900 3.33700 -3.55000 1.38300 5.87000 -1.94300 0.90500
158.00000 11.47500 10.09100 12.92900 9.62300 8.87000 5.54400 9.54200 3.26500 4.18100 11.32200 2.36000 -5.01500 -0.57000 3.91600 -0.47800 -1.04800
159.00000 12.45100 11.55600 12.92900 10.11100 9.84700 8.96200 9.05400 2.77700 3.69300 9.85700 1.38300 -5.99200 -3.01100 0.98700 -0.47800 -3.48900
160.00000 14.40400 13.99700 13.41800 11.08800 11.31200 13.35700 9.05400 2.77700 3.69300 7.90400 0.89500 -5.99200 -3.98800 -0.96600 -1.45500 -5.44200
161.00000 16.35700 15.95100 13.90600 11.57600 11.80000 15.31000 9.05400 3.26500 4.18100 6.43900 0.89500 -5.01500 -4.47600 -1.45500 -4.38400 -5.93100
162.00000 15.86900 15.95100 12.44100 11.08800 11.80000 13.84500 8.56500 3.26500 3.69300 5.46300 0.89500 -4.03800 -4.96400 -0.47800 -7.31400 -5.93100
163.00000 14.40400 14.48600 9.51100 10.60000 10.33500 9.45000 7.58900 3.26500 3.69300 5.95100 -0.08100 -4.52700 -4.96400 0.98700 -9.75500 -5.93100
164.00000 11.47500 12.04400 5.60500 9.13500 8.38200 5.05600 6.12400 2.28900 2.71600 7.41600 -1.05800 -5.50300 -4.96400 0.49800 -10.73200 -6.90700
165.00000 9.03300 10.09100 4.14000 8.64700 7.40600 3.10300 4.17100 1.31200 2.22800 8.39200 -2.52300 -6.96800 -5.45200 -0.47800 -10.24400 -7.88400
166.00000 7.56800 8.13800 5.11700 8.15800 7.40600 3.10300 3.68200 0.82400 1.25100 8.39200 -3.98800 -7.45600 -5.45200 -1.94300 -9.26700 -8.86000
167.00000 6.59200 6.67300 7.07000 8.15800 7.40600 4.56700 2.70600 1.31200 0.76300 6.43900 -4.47600 -7.45600 -4.47600 -2.43100 -7.80200 -8.37200
168.00000 7.08000 5.69700 8.53500 7.67000 7.89400 4.07900 2.21800 1.80100 0.27500 4.97400 -3.98800 -6.96800 -3.98800 -1.94300 -5.84900 -6.90700
169.00000 7.08000 4.72000 8.04600 7.67000 8.38200 2.61400 1.72900 1.80100 -0.21400 4.48600 -3.49900 -6.48000 -3.49900 -0.96600 -4.87300 -5.93100
170.00000 7.56800 4.72000 5.11700 7.18200 8.38200 1.14900 1.72900 1.31200 -0.21400 4.97400 -3.01100 -5.99200 -3.49900 -0.47800 -5.84900 -5.44200
171.00000 8.05700 6.18500 2.67500 7.18200 8.38200 1.63800 1.72900 1.80100 -0.70200 5.46300 -3.01100 -6.48000 -4.47600 -1.45500 -7.31400 -6.41900
172.00000 8.54500 7.65000 0.72200 7.18200 8.87000 3.10300 1.72900 1.80100 -1.67800 4.97400 -4.47600 -6.96800 -5.45200 -3.40800 -9.75500 -7.88400
173.00000 7.56800 7.65000 0.72200 6.69400 9.35900 5.05600 1.72900 1.80100 -2.16700 2.53300 -5.45200 -6.96800 -5.94100 -5.36100 -11.22000 -8.86000
174.00000 5.61500 6.67300 0.72200 5.71700 7.89400 4.56700 1.24100 1.31200 -3.14300 -1.37300 -5.94100 -7.45600 -5.94100 -6.33700 -11.22000 -8.86000
175.00000 3.66200 3.74300 0.72200 4.25200 5.94100 2.12600 0.26400 0.33600 -3.63200 -4.30300 -6.42900 -7.45600 -5.45200 -6.33700 -11.22000 -8.86000
176.00000 1.22100 1.30200 -1.23100 2.29900 3.49900 -1.29200 -1.20000 -0.64100 -4.12000 -5.76800 -6.42900 -7.45600 -4.47600 -5.84900 -11.22000 -8.37200
177.00000 0.24400 -1.13900 -3.67200 1.32200 1.54600 -4.22200 -2.17700 -2.10600 -4.12000 -5.28000 -6.42900 -8.43300 -3.98800 -5.36100 -11.22000 -8.37200
178.00000 0.24400 -1.62800 -4.16100 1.32200 1.54600 -4.71000 -1.68900 -2.10600 -4.12000 -2.83800 -6.42900 -8.43300 -3.98800 -5.36100 -10.24400 -8.37200
179.00000 1.70900 -0.65100 -2.69600 1.32200 2.03500 -3.73300 -0.71200 -1.61700 -3.63200 -0.39700 -6.42900 -8.43300 -4.47600 -5.84900 -8.77900 -7.88400
180.00000 3.66200 1.79000 0.72200 1.32200 3.49900 -1.78000 0.75300 -0.64100 -2.65500 1.06800 -5.45200 -7.94500 -3.49900 -5.36100 -6.82600 -6.90700
181.00000 5.61500 4.72000 3.16400 1.81100 4.96400 0.17300 1.24100 -0.64100 -1.19000 2.04500 -4.47600 -6.96800 -2.52300 -3.89600 -5.84900 -4.46600
182.00000 7.08000 7.16100 4.62800 2.29900 5.94100 1.63800 0.75300 -1.12900 -0.21400 2.53300 -3.49900 -6.48000 -1.54600 -2.43100 -6.33700 -2.51300
183.00000 8.05700 8.13800 4.14000 2.29900 6.42900 3.10300 0.75300 -1.12900 0.27500 3.99800 -2.52300 -5.99200 -1.05800 -0.96600 -8.29100 -1.53600
184.00000 8.54500 7.65000 3.65200 2.78700 7.40600 5.05600 1.24100 -1.12900 0.76300 5.46300 -2.03500 -5.50300 -1.05800 0.01000 -9.75500 -1.04800
185.00000 9.52100 6.67300 4.14000 4.25200 8.87000 7.49700 1.72900 -0.64100 0.27500 6.43900 -1.05800 -5.50300 -2.03500 0.01000 -8.77900 -0.55900
186.00000 10.98600 6.67300 5.11700 6.20500 9.84700 8.96200 3.19400 0.33600 0.27500 6.43900 -1.05800 -5.99200 -2.52300 0.01000 -6.33700 -0.55900
187.00000 12.45100 8.13800 5.60500 7.67000 9.84700 8.96200 4.17100 0.82400 -0.70200 5.46300 -1.05800 -6.96800 -3.01100 -0.47800 -3.89600 -1.04800
188.00000 13.42800 11.06800 4.62800 8.64700 9.35900 7.49700 4.17100 1.31200 -1.19000 3.51000 -2.03500 -7.94500 -3.49900 -0.96600 -3.40800 -1.53600
189.00000 13.42800 13.50900 2.18700 9.13500 8.87000 5.05600 3.68200 1.80100 -1.19000 2.04500 -3.01100 -7.94500 -3.98800 -1.45500 -5.84900 -2.02400
190.00000 12.45100 13.99700 0.72200 8.15800 7.40600 2.61400 3.19400 2.28900 -1.67800 1.06800 -3.49900 -7.45600 -3.98800 -1.94300 -8.77900 -2.51300
191.00000 10.98600 12.53300 2.18700 7.18200 6.91700 2.61400 3.68200 2.77700 -1.67800 2.04500 -3.01100 -5.99200 -3.49900 -1.94300 -10.24400 -1.53600
192.00000 9.52100 9.60300 5.60500 6.20500 6.91700 3.59100 4.17100 2.77700 -1.19000 2.53300 -2.03500 -5.01500 -3.01100 -1.45500 -9.75500 -0.55900
193.00000 8.54500 6.67300 9.51100 4.74000 7.40600 4.56700 4.17100 2.28900 -0.70200 2.53300 -1.05800 -4.52700 -2.52300 -0.96600 -7.31400 0.90500
194.00000 8.54500 5.20800 10.97600 4.74000 7.89400 4.56700 2.70600 1.31200 -0.21400 1.55600 -1.05800 -5.01500 -2.03500 -0.96600 -5.84900 0.90500
195.00000 8.05700 4.72000 8.04600 4.74000 7.89400 1.63800 1.24100 0.33600 -0.70200 -0.39700 -2.03500 -5.99200 -2.52300 -2.43100 -6.33700 -0.07100
196.00000 7.08000 4.72000 3.16400 4.74000 6.91700 -1.78000 -0.71200 -0.64100 -0.70200 -0.88500 -3.49900 -5.99200 -2.52300 -3.40800 -8.29100 -1.53600
197.00000 5.61500 3.74300 -1.23100 4.25200 5.45200 -3.24500 -1.68900 -1.12900 -1.67800 -0.39700 -4.47600 -5.99200 -3.01100 -4.38400 -8.77900 -2.02400
198.00000 4.15000 2.27900 -2.20700 2.78700 3.98800 -3.24500 -1.68900 -1.12900 -2.65500 0.58000 -4.96400 -5.01500 -2.03500 -3.89600 -7.31400 -1.53600
199.00000 2.19700 0.81400 -0.74300 1.32200 2.52300 -0.80400 -1.20000 -0.64100 -3.14300 1.55600 -3.98800 -4.52700 -1.54600 -2.43100 -4.87300 -0.55900
200.00000 1.22100 -0.65100 1.21100 -0.14200 1.54600 0.17300 -0.71200 -0.15300 -3.63200 0.58000 -3.49900 -4.03800 -0.57000 -0.96600 -4.38400 0.90500
201.00000 0.73200 -1.13900 1.21100 -0.63100 1.54600 -0.80400 -1.20000 0.33600 -3.14300 -1.37300 -2.52300 -4.03800 -0.08100 0.01000 -5.84900 1.39400
202.00000 0.73200 -0.16300 -1.71900 -0.63100 2.52300 -3.73300 -2.17700 -0.64100 -3.14300 -3.32600 -2.52300 -4.52700 -0.57000 0.49800 -8.77900 1.39400
203.00000 1.22100 1.79000 -5.13700 0.34600 3.49900 -6.17500 -2.66500 -1.12900 -2.65500 -4.30300 -3.01100 -5.50300 -1.05800 -0.47800 -10.24400 0.41700
204.00000 1.22100 3.74300 -7.09000 0.83400 4.96400 -5.68600 -3.15300 -2.10600 -3.14300 -3.32600 -3.49900 -6.48000 -2.03500 -1.94300 -8.29100 -0.07100
205.00000 1.70900 4.23200 -7.09000 0.83400 5.94100 -1.78000 -2.66500 -3.08200 -3.63200 -1.86200 -4.47600 -7.45600 -3.49900 -3.89600 -4.87300 -0.55900
206.00000 1.70900 4.23200 -6.11400 0.83400 6.42900 2.61400 -2.66500 -3.08200 -3.63200 -0.88500 -4.47600 -7.45600 -3.98800 -5.84900 -2.43100 -1.04800
207.00000 1.70900 2.27900 -5.62500 0.34600 5.94100 4.07900 -3.15300 -2.59400 -4.12000 -1.37300 -4.47600 -6.48000 -3.98800 -5.84900 -2.43100 -1.53600
208.00000 1.70900 0.32600 -6.11400 0.83400 4.47600 1.63800 -3.15300 -2.10600 -4.12000 -2.35000 -4.47600 -5.50300 -3.49900 -5.84900 -5.84900 -2.02400
209.00000 1.22100 -0.65100 -7.09000 0.83400 3.01100 -2.75700 -3.64200 -2.10600 -3.63200 -2.83800 -4.96400 -5.50300 -2.03500 -4.87300 -9.26700 -2.02400
210.00000 0.24400 -0.16300 -6.60200 0.34600 1.54600 -6.17500 -4.13000 -3.08200 -3.14300 -1.86200 -6.42900 -6.48000 -1.05800 -3.89600 -10.24400 -2.02400
211.00000 -0.24400 1.30200 -3.67200 -0.63100 1.05800 -6.66300 -4.13000 -3.57100 -2.16700 0.58000 -7.89400 -7.94500 -0.57000 -2.43100 -9.75500 -1.04800
212.00000 -1.22100 1.30200 -0.74300 -2.09600 1.05800 -4.71000 -3.64200 -4.54700 -1.67800 2.53300 -8.38200 -8.92100 -0.57000 -1.45500 -7.80200 0.41700
213.00000 -3.17400 0.32600 0.23400 -3.56000 1.05800 -2.26800 -3.64200 -4.54700 -1.67800 2.04500 -7.40600 -8.43300 -1.54600 -1.45500 -8.29100 0.90500
214.00000 -4.63900 -2.11600 -2.20700 -5.51400 0.57000 -1.29200 -3.64200 -4.05900 -1.67800 0.09200 -6.42900 -6.96800 -2.03500 -2.43100 -10.73200 0.90500
215.00000 -6.10400 -5.04600 -6.60200 -6.00200 0.08100 -1.29200 -3.64200 -3.57100 -2.16700 -2.83800 -5.45200 -5.99200 -3.01100 -3.89600 -11.70900 -0.55900
216.00000 -7.08000 -7.48700 -10.50800 -5.51400 -0.40700 -2.75700 -3.64200 -2.59400 -3.14300 -4.30300 -5.94100 -5.99200 -3.98800 -5.36100 -11.22000 -2.02400
217.00000 -7.08000 -8.46400 -10.99700 -4.53700 -0.89500 -4.22200 -2.66500 -2.10600 -4.12000 -4.30300 -6.91700 -7.45600 -5.45200 -7.31400 -7.80200 -3.48900
218.00000 -7.08000 -7.97500 -8.55500 -3.56000 -1.87200 -5.68600 -1.20000 -1.61700 -5.58500 -3.81500 -7.89400 -8.92100 -7.40600 -9.26700 -4.87300 -4.95400
219.00000 -7.08000 -7.48700 -5.62500 -2.58400 -2.36000 -7.64000 -0.22400 -1.61700 -6.56100 -3.32600 -7.89400 -9.41000 -8.38200 -10.24400 -4.87300 -5.93100
220.00000 -7.08000 -7.97500 -3.67200 -2.58400 -3.33700 -10.08100 -0.22400 -1.61700 -7.05000 -4.79100 -6.91700 -8.92100 -8.87000 -10.24400 -7.80200 -7.39500
221.00000 -8.05700 -8.95200 -4.64900 -2.58400 -3.82500 -10.56900 -0.71200 -1.12900 -7.53800 -6.74400 -5.45200 -7.45600 -8.38200 -9.75500 -12.19700 -7.88400
222.00000 -9.03300 -11.39300 -7.57900 -3.56000 -3.82500 -11.05800 -1.68900 -1.61700 -7.53800 -7.72100 -5.45200 -6.96800 -7.40600 -8.77900 -14.63800 -7.88400
223.00000 -10.01000 -13.34600 -10.50800 -5.51400 -4.80100 -11.05800 -3.15300 -2.10600 -7.53800 -7.72100 -7.40600 -7.45600 -6.42900 -8.29100 -14.15000 -7.88400
224.00000 -10.49800 -14.81100 -11.97300 -6.49000 -5.29000 -11.54600 -4.61800 -3.08200 -8.02600 -6.74400 -9.35900 -8.43300 -5.94100 -8.77900 -11.70900 -7.39500
225.00000 -10.49800 -15.29900 -11.97300 -7.95500 -6.26600 -13.01100 -5.59500 -4.05900 -8.51400 -6.25600 -11.31200 -9.89800 -6.42900 -10.24400 -10.24400 -7.88400
226.00000 -9.52100 -13.34600 -10.50800 -7.46700 -6.26600 -13.01100 -5.59500 -4.54700 -9.49100 -6.74400 -12.28800 -9.89800 -7.40600 -11.22000 -11.22000 -8.37200
227.00000 -7.08000 -9.44000 -7.57900 -5.51400 -4.80100 -11.05800 -5.59500 -4.54700 -9.97900 -8.69800 -12.28800 -10.38600 -8.38200 -12.19700 -14.63800 -9.83700
228.00000 -4.63900 -5.04600 -3.18400 -3.56000 -2.84800 -6.17500 -4.61800 -4.05900 -9.97900 -9.18600 -11.80000 -10.38600 -8.38200 -12.19700 -17.56800 -10.32500
229.00000 -2.19700 -2.11600 0.72200 -1.60700 -0.89500 -1.78000 -3.64200 -3.08200 -8.51400 -8.20900 -11.31200 -10.38600 -7.40600 -11.70900 -18.05600 -9.83700
230.00000 -1.22100 -1.13900 2.18700 -0.63100 0.57000 0.17300 -2.66500 -3.08200 -7.53800 -5.76800 -10.82400 -9.89800 -6.42900 -10.73200 -16.59100 -8.86000
231.00000 -1.22100 -2.60400 1.21100 -0.63100 1.05800 -0.31500 -2.17700 -2.59400 -6.56100 -2.83800 -10.82400 -9.89800 -5.45200 -10.24400 -16.10300 -7.88400
232.00000 -1.70900 -4.55700 -2.69600 -1.60700 0.57000 -2.75700 -2.17700 -3.08200 -6.07300 -0.88500 -9.84700 -8.92100 -5.45200 -9.75500 -16.10300 -6.90700
233.00000 -2.19700 -6.02200 -6.60200 -3.07200 0.08100 -5.19800 -3.15300 -3.08200 -6.07300 -1.37300 -9.84700 -8.43300 -5.45200 -9.26700 -16.10300 -6.90700
234.00000 -2.68600 -6.02200 -8.55500 -4.04900 0.08100 -5.19800 -4.13000 -3.57100 -6.07300 -2.83800 -9.84700 -8.43300 -5.94100 -8.29100 -14.15000 -7.39500
235.00000 -3.66200 -5.53400 -8.06700 -4.04900 0.08100 -4.22200 -5.59500 -4.05900 -6.07300 -3.81500 -11.31200 -9.41000 -6.42900 -7.80200 -11.22000 -7.88400
236.00000 -3.66200 -4.55700 -6.60200 -3.07200 -0.40700 -3.73300 -7.06000 -4.54700 -6.56100 -3.32600 -13.26500 -10.38600 -6.42900 -7.80200 -8.29100 -8.86000
237.00000 -4.15000 -4.55700 -5.13700 -2.58400 -0.89500 -4.22200 -7.54800 -5.03500 -6.56100 -2.35000 -14.73000 -11.36300 -7.40600 -8.77900 -8.29100 -9.83700
238.00000 -4.15000 -5.04600 -6.11400 -2.58400 -1.87200 -4.71000 -7.54800 -5.03500 -7.53800 -2.35000 -14.73000 -11.85100 -7.89400 -10.73200 -12.19700 -10.81300
239.00000 -4.15000 -6.51000 -7.09000 -2.09600 -2.36000 -4.22200 -7.06000 -5.03500 -8.02600 -3.32600 -13.75300 -10.87400 -7.89400 -11.22000 -16.10300 -10.81300
240.00000 -4.15000 -7.97500 -8.55500 -2.58400 -3.82500 -3.24500 -6.57100 -5.03500 -8.51400 -6.25600 -11.80000 -10.38600 -6.91700 -11.22000 -18.05600 -9.83700
241.00000 -4.63900 -9.44000 -9.04300 -3.07200 -5.29000 -3.73300 -6.08300 -4.54700 -9.00300 -10.16200 -10.82400 -9.41000 -6.42900 -10.24400 -16.59100 -8.37200
242.00000 -5.61500 -10.90500 -8.06700 -4.04900 -6.26600 -6.66300 -5.59500 -4.05900 -9.49100 -12.11500 -10.82400 -8.92100 -5.94100 -9.26700 -12.68500 -7.88400
243.00000 -6.59200 -10.90500 -7.57900 -4.53700 -7.24300 -11.05800 -5.10700 -4.05900 -9.00300 -12.11500 -11.80000 -8.92100 -6.91700 -9.26700 -10.73200 -8.86000
244.00000 -6.59200 -9.92800 -8.06700 -4.53700 -7.24300 -14.47600 -5.59500 -3.57100 -9.00300 -10.16200 -12.77700 -8.43300 -7.89400 -10.73200 -11.22000 -10.32500
245.00000 -6.10400 -8.46400 -9.53200 -4.04900 -5.77800 -13.98700 -5.59500 -3.57100 -8.51400 -7.23300 -12.77700 -7.94500 -9.35900 -11.70900 -13.66200 -11.30200
246.00000 -5.12700 -6.99900 -10.99700 -3.56000 -4.80100 -10.56900 -6.57100 -4.05900 -8.02600 -6.25600 -12.28800 -7.45600 -8.87000 -12.19700 -15.61500 -11.30200
247.00000 -4.15000 -6.99900 -10.99700 -2.58400 -3.33700 -5.68600 -7.06000 -3.57100 -8.02600 -6.25600 -11.31200 -7.45600 -7.89400 -11.70900 -15.61500 -10.81300
248.00000 -4.15000 -7.97500 -9.53200 -2.09600 -2.36000 -3.24500 -7.06000 -3.57100 -7.53800 -7.23300 -9.84700 -7.45600 -6.91700 -10.73200 -12.68500 -9.34900
249.00000 -3.66200 -9.44000 -6.60200 -1.60700 -2.36000 -4.71000 -5.59500 -3.57100 -7.05000 -8.20900 -8.38200 -7.45600 -5.45200 -9.75500 -9.75500 -7.88400
250.00000 -3.66200 -9.92800 -4.16100 -2.09600 -2.36000 -9.10400 -4.13000 -3.08200 -7.05000 -8.20900 -6.42900 -6.48000 -4.96400 -8.77900 -6.33700 -5.44200
251.00000 -3.17400 -9.44000 -3.67200 -2.09600 -3.33700 -12.52200 -2.17700 -2.10600 -7.53800 -7.23300 -3.98800 -5.01500 -3.98800 -8.29100 -2.92000 -2.51300
252.00000 -2.68600 -8.46400 -3.67200 -2.58400 -3.33700 -13.49900 -0.71200 -0.64100 -8.02600 -6.74400 -0.08100 -1.59700 -3.01100 -6.82600 0.98700 1.39400
253.00000 -2.68600 -7.48700 -5.13700 -3.07200 -3.82500 -12.03400 0.75300 0.33600 -9.00300 -7.72100 4.31300 1.33300 -2.03500 -5.36100 4.89300 5.30000
254.00000 -3.17400 -7.48700 -6.11400 -3.07200 -4.31300 -10.56900 1.24100 0.82400 -9.49100 -9.67400 8.21900 2.79700 -1.54600 -4.38400 7.82300 7.74100
255.00000 -3.17400 -7.97500 -6.60200 -3.07200 -3.82500 -10.08100 1.24100 0.33600 -9.00300 -12.11500 9.68400 2.79700 -1.54600 -4.38400 8.79900 8.23000
256.00000 -2.68600 -7.48700 -7.09000 -2.09600 -3.33700 -10.08100 0.75300 -0.64100 -8.02600 -13.09200 8.21900 0.35600 -2.03500 -4.87300 7.33400 6.76500
