1.00000 -1.93300 -3.04200 -3.53000 -3.17400 -3.96700 0.92600 -3.15300 -0.47800 -2.23800 -1.42400 -2.23800 0.16300 -1.81100 -4.46600 2.61400 -3.55000
2.00000 -4.86200 -4.50600 -7.43600 -5.12700 -4.45600 1.41400 -5.59500 -1.94300 -2.23800 -3.37700 -2.72600 -0.32600 -0.34600 -4.95400 5.54400 -0.62100
3.00000 -7.79200 -5.48300 -9.87800 -7.08000 -4.45600 1.41400 -7.06000 -3.40800 -1.26100 -3.37700 -2.23800 0.16300 1.60700 -2.02400 6.03200 1.33300
4.00000 -9.25700 -5.97100 -11.34200 -7.56800 -4.45600 0.43700 -6.57100 -3.40800 -0.28500 -1.42400 -1.75000 1.13900 3.07200 2.37000 4.56700 1.82100
5.00000 -9.25700 -6.94800 -10.85400 -7.08000 -4.45600 -1.51600 -5.10700 -2.92000 -0.28500 0.04100 -1.26100 1.62800 4.04900 5.30000 1.14900 -0.13200
6.00000 -8.28000 -8.41300 -9.87800 -6.59200 -5.43200 -4.44500 -3.64200 -1.94300 -1.26100 0.52900 -0.77300 1.62800 4.04900 5.78800 -3.24500 -2.08500
7.00000 -8.28000 -9.38900 -8.90100 -5.61500 -5.92000 -7.37500 -3.15300 -0.96600 -2.23800 -1.42400 0.20300 2.11600 3.07200 3.34700 -6.17500 -2.57400
8.00000 -8.28000 -8.90100 -7.43600 -5.12700 -5.92000 -8.35200 -2.66500 -0.47800 -3.21500 -3.37700 1.18000 2.60400 2.09600 0.41700 -6.17500 0.35600
9.00000 -8.28000 -6.94800 -6.46000 -5.12700 -5.43200 -7.37500 -2.66500 -0.47800 -2.72600 -3.86600 2.15700 3.09200 1.60700 -1.04800 -2.75700 6.21500
10.00000 -7.30400 -4.99500 -4.50600 -4.63900 -3.96700 -4.93400 -3.15300 -0.96600 -2.23800 -2.40100 2.15700 2.60400 1.60700 -1.04800 1.14900 11.58700
11.00000 -5.83900 -3.04200 -2.55300 -4.63900 -2.01400 -2.00400 -3.15300 -1.45500 -0.77300 0.52900 0.69200 1.13900 1.60700 -0.07100 2.12600 13.05100
12.00000 -3.39800 -3.04200 -2.06500 -3.66200 -0.06100 -0.53900 -3.15300 -2.43100 0.69200 2.48200 -1.26100 -1.30200 0.63100 0.41700 -0.31500 8.16900
13.00000 -1.44400 -3.53000 -3.04200 -3.17400 1.89200 0.43700 -3.64200 -2.43100 1.66800 3.45900 -2.72600 -3.25500 -0.34600 -0.55900 -5.19800 -1.10900
14.00000 -0.95600 -3.53000 -5.48300 -3.17400 2.38000 -0.05100 -3.64200 -2.92000 2.15700 2.48200 -2.72600 -3.74300 -1.81100 -2.51300 -7.64000 -10.87400
15.00000 -2.42100 -2.55300 -7.43600 -3.66200 1.89200 -0.05100 -3.64200 -2.43100 1.66800 1.50600 -2.23800 -2.27900 -2.78700 -3.48900 -4.71000 -14.29200
16.00000 -4.86200 -0.60000 -8.90100 -4.63900 0.91600 -0.05100 -4.13000 -2.43100 0.69200 1.01700 -1.26100 0.16300 -2.29900 -3.00100 0.66100 -10.38600
17.00000 -6.81600 1.35300 -9.87800 -5.61500 -1.03800 0.43700 -3.64200 -1.94300 0.20300 0.52900 -0.77300 2.11600 -0.83400 -0.55900 5.54400 -1.10900
18.00000 -7.30400 2.33000 -9.87800 -5.61500 -2.50200 0.43700 -4.13000 -2.43100 -0.77300 0.52900 -0.77300 1.62800 0.14200 2.37000 6.03200 6.70400
19.00000 -5.83900 1.84100 -7.92400 -4.63900 -2.50200 0.92600 -4.13000 -2.43100 -0.77300 0.52900 -0.77300 0.65100 0.14200 4.81200 3.10300 8.65700
20.00000 -2.42100 1.35300 -4.50600 -2.68600 -1.03800 0.92600 -4.13000 -2.43100 -1.26100 1.50600 -0.28500 -0.32600 -0.83400 4.81200 -1.29200 4.26200
21.00000 0.99700 0.37600 -0.60000 -1.22100 0.42700 0.43700 -3.15300 -1.45500 -1.26100 1.99400 1.18000 -0.32600 -2.78700 3.34700 -3.73300 -2.08500
22.00000 3.43800 -0.11200 2.33000 -0.24400 1.40400 -0.53900 -1.68900 -0.47800 -0.77300 2.97000 2.15700 0.16300 -3.76400 0.90500 -2.75700 -5.01500
23.00000 3.43800 -0.11200 3.79400 -0.24400 1.40400 -1.02700 -0.22400 0.49800 -1.26100 3.45900 3.62100 1.13900 -2.78700 -0.55900 -0.31500 -2.57400
24.00000 1.97300 -0.60000 2.33000 -0.73200 0.42700 -2.00400 1.24100 0.98700 -0.77300 2.97000 4.11000 2.11600 -0.34600 -0.55900 2.61400 4.26200
25.00000 -0.46800 -1.57700 -0.60000 -0.73200 -1.03800 -2.49200 2.21800 1.47500 -0.77300 2.48200 5.08600 3.09200 2.09600 0.90500 5.54400 10.61000
26.00000 -1.44400 -1.57700 -3.53000 -1.22100 -1.52600 -2.49200 2.70600 1.47500 0.20300 1.99400 6.06300 3.58100 5.02500 4.32300 7.98500 13.05100
27.00000 -1.44400 -0.60000 -4.99500 -1.70900 -1.52600 -2.49200 2.21800 1.96300 1.18000 2.48200 7.52800 4.55700 6.97800 8.71800 9.93900 11.09800
28.00000 -0.95600 0.37600 -4.50600 -2.68600 -1.52600 -2.00400 1.72900 1.47500 2.15700 3.45900 8.01600 5.53400 7.95500 11.64800 10.91500 7.19200
29.00000 0.02000 1.35300 -2.06500 -3.66200 -1.03800 -0.53900 1.24100 1.47500 2.64500 4.43500 8.01600 5.53400 7.95500 13.60100 9.93900 5.23900
30.00000 0.50900 1.35300 0.37600 -3.66200 -1.03800 1.90200 1.24100 0.98700 2.64500 4.92400 7.03900 4.55700 6.97800 13.11200 7.49700 4.75100
31.00000 0.99700 0.37600 2.81800 -2.19700 -1.03800 5.32000 1.24100 0.98700 2.15700 4.92400 6.55100 3.09200 4.04900 10.67100 4.07900 4.75100
32.00000 1.97300 -0.60000 4.28300 0.73200 -0.54900 6.78500 1.72900 0.98700 1.18000 4.43500 6.06300 2.11600 0.14200 7.25300 1.63800 2.79700
33.00000 2.95000 -1.08800 4.77100 2.68600 -0.06100 4.83200 2.70600 1.47500 0.20300 4.92400 5.08600 0.65100 -2.78700 4.32300 0.17300 -0.13200
34.00000 3.92700 -0.60000 3.79400 3.17400 0.42700 -0.05100 3.68200 1.96300 -0.28500 5.41200 4.59800 0.16300 -4.25200 2.85800 0.66100 -1.10900
35.00000 3.43800 0.86500 1.35300 2.19700 -0.06100 -5.42200 4.17100 1.96300 -0.28500 5.41200 3.62100 -0.32600 -3.27600 2.85800 1.63800 0.35600
36.00000 1.97300 2.81800 -0.60000 0.73200 -1.03800 -7.37500 4.17100 1.96300 -0.28500 4.92400 3.62100 0.16300 -1.32200 4.32300 3.10300 4.26200
37.00000 0.99700 4.28300 -1.08800 -0.73200 -1.52600 -3.95700 4.17100 1.47500 -0.28500 3.94700 5.08600 0.65100 -0.34600 5.30000 5.05600 7.68000
38.00000 0.02000 4.28300 -0.60000 -1.70900 -1.52600 1.90200 4.17100 1.47500 -0.28500 3.45900 6.55100 2.11600 -0.83400 5.78800 7.49700 7.68000
39.00000 0.50900 2.81800 0.86500 -1.22100 -0.54900 5.80900 4.65900 1.47500 0.20300 2.97000 8.01600 3.09200 -1.81100 4.81200 8.96200 5.23900
40.00000 1.48500 1.35300 1.84100 -0.73200 -0.06100 5.80900 4.17100 0.98700 0.69200 2.48200 7.52800 3.09200 -3.76400 2.85800 7.98500 1.82100
41.00000 1.48500 0.37600 1.35300 -0.73200 0.42700 1.41400 3.19400 0.49800 1.18000 2.97000 6.06300 1.13900 -4.74000 0.90500 5.05600 -0.62100
42.00000 1.97300 0.86500 0.37600 -0.73200 0.91600 -2.98100 1.72900 -0.47800 0.69200 2.48200 4.11000 -0.81400 -5.22900 -0.07100 0.17300 -1.10900
43.00000 2.95000 2.81800 0.86500 -0.24400 0.91600 -2.98100 0.75300 -0.47800 0.69200 2.48200 2.15700 -2.76700 -5.22900 -0.07100 -4.22200 -0.62100
44.00000 4.41500 4.77100 2.33000 1.22100 1.40400 0.43700 0.26400 -0.47800 0.20300 1.99400 1.18000 -3.74300 -4.25200 0.90500 -6.17500 -0.13200
45.00000 5.88000 5.25900 4.77100 2.19700 1.40400 4.83200 0.75300 0.01000 0.20300 1.99400 0.69200 -2.76700 -2.78700 3.34700 -6.17500 0.84400
46.00000 5.88000 4.28300 5.74700 2.68600 0.42700 5.80900 1.24100 0.49800 -0.28500 2.48200 -0.28500 -1.30200 -1.32200 4.32300 -5.19800 0.35600
47.00000 3.92700 0.86500 4.28300 1.70900 -1.03800 1.90200 1.24100 0.98700 -0.77300 2.48200 -1.75000 0.16300 -0.34600 3.34700 -3.73300 -2.08500
48.00000 0.02000 -2.55300 1.35300 0.73200 -2.99100 -4.44500 0.75300 0.98700 -1.75000 1.50600 -3.70300 0.16300 -1.32200 0.41700 -4.22200 -6.48000
49.00000 -2.90900 -5.97100 -1.08800 -0.73200 -4.45600 -9.81600 0.26400 1.47500 -2.72600 -0.44800 -4.67900 -0.81400 -4.25200 -3.00100 -5.68600 -11.36300
50.00000 -3.39800 -6.94800 -1.08800 -0.24400 -3.96700 -11.28100 0.26400 0.98700 -3.21500 -1.91200 -4.19100 -2.27900 -6.20500 -4.46600 -7.64000 -14.29200
51.00000 -1.93300 -7.43600 1.35300 1.22100 -2.99100 -8.84000 1.24100 0.98700 -3.70300 -2.88900 -3.70300 -2.76700 -6.20500 -4.46600 -7.15100 -11.85100
52.00000 0.02000 -5.97100 4.77100 2.19700 -1.52600 -6.39900 2.70600 0.98700 -3.21500 -2.40100 -2.23800 -2.76700 -4.25200 -3.48900 -4.71000 -4.03800
53.00000 0.99700 -4.01800 7.70100 2.19700 -0.54900 -4.44500 4.17100 0.98700 -2.23800 -0.93600 -1.26100 -1.30200 -0.83400 -2.51300 -1.29200 4.26200
54.00000 0.50900 -1.08800 7.21200 1.22100 -0.54900 -5.42200 3.68200 0.49800 -1.26100 0.04100 -0.28500 -0.32600 1.11900 -3.48900 2.12600 9.14500
55.00000 -1.44400 1.84100 5.74700 0.24400 -0.54900 -6.39900 2.70600 0.49800 -0.28500 0.52900 -1.26100 -0.81400 1.11900 -4.95400 1.63800 7.19200
56.00000 -2.42100 3.30600 3.79400 -0.24400 -0.06100 -6.39900 1.24100 0.49800 0.20300 -0.44800 -2.23800 -1.79000 -1.32200 -5.93100 -2.75700 -0.13200
57.00000 -1.93300 3.79400 3.30600 0.24400 0.91600 -4.44500 0.26400 0.49800 0.69200 -0.93600 -4.19100 -3.74300 -3.27600 -5.44200 -8.61600 -7.94500
58.00000 -0.95600 1.35300 3.30600 0.73200 1.89200 -2.00400 0.26400 0.49800 0.20300 -1.91200 -6.63200 -5.20800 -4.74000 -3.97700 -13.98700 -12.33900
59.00000 0.50900 -2.06500 3.79400 1.70900 1.40400 -1.51600 0.26400 0.98700 -0.28500 -2.40100 -8.58600 -5.20800 -4.74000 -3.00100 -14.96400 -11.36300
60.00000 1.97300 -4.50600 3.79400 2.19700 0.42700 -2.49200 1.24100 1.47500 -1.26100 -2.88900 -9.07400 -3.25500 -3.76400 -3.97700 -12.03400 -8.43300
61.00000 1.97300 -4.99500 3.79400 2.68600 -1.03800 -4.93400 1.72900 1.96300 -1.75000 -3.37700 -8.09700 -1.79000 -3.27600 -5.93100 -7.15100 -5.01500
62.00000 1.48500 -4.01800 3.79400 3.17400 -1.52600 -7.86300 2.21800 2.94000 -1.75000 -3.37700 -5.65600 -0.32600 -2.78700 -6.90700 -3.24500 -4.52700
63.00000 0.02000 -2.55300 4.77100 3.17400 -1.52600 -8.35200 2.70600 2.94000 -0.77300 -3.37700 -2.72600 0.65100 -1.81100 -6.41900 -1.78000 -4.52700
64.00000 -1.44400 -3.04200 5.74700 2.19700 -1.52600 -7.86300 2.21800 1.96300 -0.28500 -2.88900 -0.77300 1.13900 -0.83400 -4.46600 -1.78000 -4.03800
65.00000 -2.90900 -4.50600 5.74700 0.73200 -1.52600 -7.37500 1.72900 1.47500 0.20300 -2.88900 1.18000 2.11600 -0.34600 -3.00100 -1.29200 -2.08500
66.00000 -3.88600 -6.46000 4.77100 -0.73200 -1.52600 -6.88700 0.75300 0.49800 -0.28500 -3.86600 2.64500 3.58100 -0.34600 -3.97700 -0.80400 0.35600
67.00000 -3.88600 -6.94800 3.30600 -1.70900 -2.01400 -7.86300 -0.22400 0.49800 -1.26100 -5.33000 3.13300 4.55700 -2.29900 -6.90700 -1.78000 0.84400
68.00000 -3.39800 -6.46000 1.84100 -1.70900 -1.52600 -7.86300 -0.71200 0.98700 -1.75000 -6.30700 2.64500 5.04600 -3.76400 -9.34900 -4.22200 -2.57400
69.00000 -2.90900 -4.50600 1.35300 -1.22100 -1.03800 -6.39900 -1.20000 1.47500 -1.75000 -5.33000 1.18000 4.06900 -4.25200 -8.37200 -8.12800 -6.48000
70.00000 -2.90900 -3.53000 0.37600 -0.24400 -0.54900 -3.46900 -1.68900 1.47500 -0.28500 -2.88900 -2.23800 2.11600 -2.78700 -4.46600 -11.54600 -8.92100
71.00000 -2.90900 -4.01800 -1.08800 -0.73200 -0.06100 -0.53900 -2.66500 0.49800 1.18000 0.52900 -5.65600 0.16300 0.14200 0.90500 -11.05800 -7.94500
72.00000 -2.90900 -4.50600 -3.04200 -1.22100 -0.06100 0.92600 -3.64200 -0.47800 2.15700 1.50600 -7.60900 0.16300 3.07200 3.83500 -7.64000 -5.01500
73.00000 -2.42100 -3.53000 -4.01800 -1.70900 -0.06100 -0.53900 -4.61800 -1.45500 2.15700 1.01700 -8.09700 0.16300 4.53700 3.83500 -3.73300 -1.59700
74.00000 -2.90900 -1.08800 -4.01800 -2.19700 -0.54900 -3.46900 -5.59500 -1.45500 1.66800 -0.93600 -7.12100 1.13900 5.02500 0.41700 -2.75700 0.35600
75.00000 -2.90900 2.33000 -2.55300 -2.19700 -0.54900 -5.91000 -5.59500 -0.96600 1.18000 -1.42400 -6.14400 0.65100 4.53700 -2.51300 -4.71000 1.82100
76.00000 -2.90900 4.28300 -0.11200 -2.19700 -0.54900 -6.39900 -5.10700 -0.96600 1.18000 0.52900 -6.63200 -0.32600 4.53700 -3.00100 -7.64000 2.30900
77.00000 -2.90900 3.79400 0.86500 -2.19700 -0.54900 -3.46900 -5.10700 -1.45500 1.66800 4.43500 -8.09700 -1.79000 5.02500 -0.07100 -8.61600 2.79700
78.00000 -1.44400 0.86500 0.37600 -2.19700 -0.06100 1.41400 -4.61800 -1.94300 2.64500 7.36500 -10.53900 -3.25500 6.00200 4.32300 -6.66300 2.30900
79.00000 0.50900 -2.55300 -1.08800 -1.70900 -0.06100 5.80900 -4.13000 -1.94300 3.62100 8.83000 -10.53900 -3.74300 6.97800 8.23000 -4.22200 1.82100
80.00000 2.46200 -4.01800 -2.55300 -1.22100 0.42700 6.78500 -3.15300 -1.94300 3.62100 7.85300 -8.58600 -3.25500 7.46700 9.69400 -3.73300 1.82100
81.00000 2.95000 -3.04200 -2.06500 -0.73200 0.42700 3.85500 -1.20000 -0.96600 3.62100 6.38800 -4.67900 -2.76700 7.46700 9.69400 -4.71000 2.79700
82.00000 2.95000 0.37600 0.37600 -0.24400 -0.06100 -0.05100 0.26400 0.49800 3.62100 4.92400 -0.77300 -1.79000 6.97800 8.23000 -5.68600 5.72700
83.00000 2.46200 3.79400 3.79400 0.24400 -0.06100 -2.49200 1.24100 0.98700 3.13300 4.43500 2.15700 -0.81400 6.00200 6.76500 -3.73300 8.65700
84.00000 2.46200 5.74700 6.23600 0.24400 -0.06100 -0.05100 2.21800 1.47500 3.13300 5.41200 3.13300 0.16300 4.53700 5.78800 1.14900 10.61000
85.00000 2.95000 6.72400 5.74700 0.24400 1.40400 5.32000 2.21800 1.47500 3.62100 6.87700 3.13300 0.65100 3.56000 5.30000 5.05600 9.14500
86.00000 3.92700 6.23600 5.25900 0.73200 2.86900 9.71500 1.72900 0.98700 4.11000 7.85300 3.13300 1.13900 2.58400 4.81200 5.54400 5.23900
87.00000 3.92700 5.25900 3.79400 0.73200 4.33300 9.22600 2.21800 1.96300 4.11000 8.83000 4.11000 0.65100 2.09600 4.81200 2.61400 0.35600
88.00000 2.95000 3.79400 2.33000 1.22100 4.82200 4.34400 2.70600 1.96300 4.11000 8.83000 5.57500 0.16300 2.09600 4.32300 -0.31500 -3.06200
89.00000 0.50900 0.86500 2.33000 0.73200 3.84500 -2.49200 3.19400 2.45200 3.62100 7.36500 6.06300 0.16300 1.60700 4.32300 0.17300 -3.06200
90.00000 -0.95600 -2.06500 2.33000 0.24400 1.89200 -5.91000 3.19400 1.96300 2.64500 5.90000 5.08600 0.65100 1.11900 4.32300 3.10300 -0.13200
91.00000 -1.44400 -3.04200 2.81800 -0.24400 0.91600 -3.95700 3.19400 1.47500 1.66800 3.94700 2.15700 0.65100 0.63100 5.30000 4.56700 3.28600
92.00000 -0.95600 -0.60000 2.81800 -0.24400 0.42700 2.87900 2.70600 0.98700 1.66800 2.97000 -1.26100 -0.32600 0.14200 5.78800 2.12600 5.23900
93.00000 0.50900 3.30600 3.30600 0.24400 0.91600 9.22600 2.21800 0.49800 1.66800 3.94700 -3.70300 -1.79000 -0.34600 5.78800 -3.73300 3.28600
94.00000 1.97300 7.70100 4.77100 0.73200 1.89200 11.66800 2.21800 0.49800 2.15700 5.90000 -3.70300 -3.25500 -0.83400 3.83500 -9.59300 0.35600
95.00000 3.92700 9.16500 7.21200 1.70900 2.38000 9.71500 2.70600 0.49800 2.64500 7.36500 -2.23800 -3.25500 -1.32200 0.90500 -11.05800 -1.10900
96.00000 5.88000 8.18900 8.18900 2.19700 3.35700 7.27300 2.70600 0.98700 2.64500 8.34100 -0.77300 -2.76700 -0.83400 -1.53600 -7.15100 0.84400
97.00000 7.83300 6.23600 8.18900 2.19700 3.84500 7.27300 2.21800 0.98700 2.64500 7.85300 0.20300 -1.79000 -0.34600 -1.53600 -0.80400 5.23900
98.00000 9.78600 5.25900 6.72400 2.68600 4.82200 10.20300 1.72900 0.98700 3.13300 6.87700 -0.28500 -1.79000 1.11900 0.90500 3.59100 9.14500
99.00000 10.27400 5.74700 5.74700 3.17400 5.79800 12.64400 1.72900 0.98700 3.62100 6.38800 -0.28500 -2.27900 2.09600 4.81200 5.05600 10.12200
100.00000 8.80900 6.23600 6.23600 3.17400 5.31000 11.66800 2.21800 0.98700 4.11000 6.87700 0.20300 -2.27900 2.09600 7.25300 4.07900 7.19200
101.00000 6.85600 6.23600 7.70100 3.66200 4.33300 6.78500 3.68200 1.96300 3.62100 7.85300 1.66800 -1.79000 2.09600 8.23000 3.59100 3.77400
102.00000 3.92700 4.77100 9.65400 3.66200 2.38000 0.43700 6.12400 2.45200 3.13300 8.83000 3.13300 -0.32600 2.09600 7.25300 3.10300 0.35600
103.00000 2.95000 3.79400 10.63000 3.66200 1.40400 -2.98100 8.07700 2.94000 2.64500 9.31800 4.11000 1.13900 2.09600 5.30000 2.61400 -1.10900
104.00000 3.43800 3.30600 10.14200 3.17400 1.40400 -2.00400 9.54200 3.42800 2.64500 8.83000 2.64500 0.65100 3.07200 4.32300 0.66100 -0.62100
105.00000 4.90300 3.79400 9.65400 3.17400 2.38000 2.39100 9.05400 3.42800 2.64500 7.85300 0.69200 -0.81400 3.07200 4.32300 -1.78000 -0.62100
106.00000 5.88000 4.77100 10.14200 3.66200 3.84500 6.29700 8.07700 2.94000 2.64500 6.38800 -0.77300 -2.27900 2.09600 4.32300 -3.24500 -0.62100
107.00000 7.83300 4.77100 11.11900 4.15000 4.33300 7.27300 7.10000 2.45200 2.15700 5.41200 -1.26100 -3.74300 0.63100 3.83500 -1.78000 -0.13200
108.00000 7.34500 3.30600 11.60700 4.15000 3.35700 5.80900 6.12400 1.96300 2.15700 4.92400 -0.77300 -3.74300 -0.34600 3.83500 0.66100 0.84400
109.00000 6.85600 2.33000 10.14200 4.15000 2.86900 3.85500 5.14700 1.47500 1.66800 5.41200 -0.77300 -3.74300 -0.83400 4.32300 0.17300 2.30900
110.00000 5.88000 2.81800 7.21200 3.66200 3.35700 3.85500 4.65900 0.98700 2.15700 6.38800 -1.75000 -4.23200 -0.34600 5.30000 -3.73300 3.28600
111.00000 4.90300 5.25900 4.77100 3.17400 4.33300 5.80900 3.68200 0.98700 2.64500 6.87700 -2.72600 -4.23200 0.63100 6.27600 -9.59300 3.77400
112.00000 3.43800 7.70100 3.79400 3.17400 4.82200 7.27300 2.21800 1.47500 3.13300 7.36500 -3.70300 -4.23200 1.60700 5.78800 -13.01100 3.28600
113.00000 2.46200 8.67700 4.77100 3.17400 5.79800 7.27300 1.24100 1.47500 3.13300 6.38800 -3.70300 -3.25500 1.11900 4.32300 -10.56900 1.82100
114.00000 1.97300 6.72400 6.23600 3.17400 4.82200 4.83200 -0.22400 0.98700 2.64500 5.41200 -2.72600 -1.79000 -0.34600 1.39400 -3.73300 -0.62100
115.00000 2.46200 3.79400 6.72400 2.68600 3.35700 2.39100 -0.71200 0.49800 2.15700 4.92400 -2.23800 -0.32600 -1.32200 -0.07100 2.61400 -3.06200
116.00000 3.92700 0.86500 5.74700 1.70900 2.38000 0.92600 -0.22400 0.01000 1.66800 5.41200 -2.23800 0.65100 -1.81100 -0.55900 5.05600 -4.03800
117.00000 5.88000 1.35300 5.25900 1.22100 1.89200 2.39100 0.75300 0.49800 2.15700 5.90000 -1.75000 1.13900 -0.83400 1.39400 1.63800 -1.59700
118.00000 6.85600 3.79400 6.72400 1.70900 1.89200 4.34400 3.19400 0.98700 2.64500 6.87700 -0.77300 1.13900 1.60700 3.83500 -3.24500 3.77400
119.00000 6.85600 6.72400 9.16500 2.68600 2.38000 6.29700 6.12400 1.96300 3.13300 7.36500 1.66800 1.62800 4.04900 6.27600 -4.71000 9.63300
120.00000 5.88000 8.67700 12.09500 4.15000 2.86900 7.27300 8.07700 2.94000 3.13300 7.85300 5.08600 3.09200 5.02500 7.74100 -0.80400 12.07500
121.00000 5.39100 8.18900 13.07200 4.63900 2.86900 7.76200 10.03000 3.42800 3.13300 8.34100 8.50400 5.04600 4.53700 7.74100 6.52100 8.65700
122.00000 5.88000 6.23600 11.11900 4.63900 2.86900 9.22600 10.51800 3.91600 3.13300 8.83000 11.43400 6.51000 3.07200 6.76500 12.38000 1.33300
123.00000 6.85600 4.28300 8.67700 3.66200 2.38000 10.69100 11.00700 3.91600 3.13300 9.31800 12.41000 7.48700 3.07200 6.76500 13.35700 -4.03800
124.00000 6.36800 2.81800 6.72400 2.68600 1.89200 10.69100 11.00700 3.91600 3.13300 9.80600 11.92200 7.48700 4.04900 8.71800 9.93900 -2.08500
125.00000 5.39100 2.33000 5.74700 1.22100 1.40400 8.25000 10.51800 3.91600 3.62100 10.29500 9.96900 6.99900 6.97800 11.64800 6.52100 6.70400
126.00000 3.43800 1.84100 6.23600 0.73200 0.91600 3.85500 10.51800 3.42800 4.11000 10.78300 8.01600 6.51000 8.93100 14.57700 5.54400 16.95800
127.00000 1.97300 1.35300 7.70100 1.22100 0.91600 -0.05100 10.51800 3.42800 4.11000 11.75900 7.03900 6.51000 9.42000 14.57700 7.98500 21.35200
128.00000 1.97300 1.35300 8.67700 2.19700 0.91600 -1.02700 10.51800 3.42800 3.62100 11.75900 7.52800 6.51000 7.46700 11.64800 9.93900 17.44600
129.00000 2.95000 3.30600 9.65400 2.68600 1.40400 0.43700 10.03000 2.94000 2.64500 10.78300 8.99300 6.99900 4.53700 6.27600 8.96200 8.65700
130.00000 3.43800 5.74700 10.63000 2.68600 1.89200 3.85500 8.56500 2.94000 2.15700 8.83000 10.45700 6.99900 2.58400 1.88200 5.54400 1.82100
131.00000 2.46200 6.72400 10.63000 1.70900 1.40400 5.80900 6.61200 2.94000 1.66800 5.41200 9.96900 6.99900 3.07200 2.37000 2.61400 1.82100
132.00000 0.99700 6.72400 8.67700 0.24400 1.40400 6.29700 4.65900 2.45200 1.66800 2.97000 8.01600 6.99900 5.02500 5.78800 2.61400 8.16900
133.00000 0.50900 4.77100 5.25900 -1.22100 1.40400 6.29700 2.70600 1.47500 2.15700 1.99400 5.57500 6.51000 6.97800 8.71800 6.03200 14.02800
134.00000 0.99700 2.81800 0.86500 -2.19700 1.40400 5.32000 1.24100 0.98700 2.64500 2.48200 3.62100 6.51000 6.97800 9.69400 10.42700 15.49300
135.00000 1.48500 2.33000 -1.57700 -2.19700 1.40400 4.34400 0.26400 0.98700 2.64500 3.94700 3.62100 6.02200 5.51400 6.76500 11.89200 10.61000
136.00000 2.46200 3.30600 -2.06500 -1.70900 1.40400 1.90200 -0.22400 0.49800 2.15700 4.43500 4.11000 5.04600 4.04900 2.85800 9.45000 3.77400
137.00000 2.46200 4.28300 -0.11200 -1.22100 0.91600 -0.53900 -1.20000 0.01000 1.66800 3.94700 4.11000 3.58100 3.07200 -0.07100 3.10300 -1.59700
138.00000 0.99700 4.28300 1.35300 -1.22100 -0.06100 -2.98100 -2.66500 -0.96600 1.18000 1.99400 2.15700 1.13900 2.58400 -0.07100 -3.24500 -2.57400
139.00000 0.50900 2.33000 2.81800 -1.22100 -0.54900 -2.49200 -3.64200 -2.43100 0.20300 -0.44800 -1.75000 -0.81400 2.58400 0.90500 -8.61600 -1.59700
140.00000 0.99700 0.37600 2.33000 -1.70900 -1.03800 0.43700 -4.61800 -2.92000 -0.28500 -2.88900 -6.14400 -1.79000 1.60700 0.41700 -11.05800 -1.10900
141.00000 1.97300 -0.11200 1.84100 -1.70900 -1.03800 3.85500 -4.61800 -3.40800 -1.26100 -4.84200 -9.07400 -1.79000 -0.34600 -2.51300 -11.54600 -2.57400
142.00000 3.43800 0.37600 0.86500 -1.22100 -0.06100 4.34400 -4.13000 -2.92000 -2.23800 -5.81900 -9.56200 -1.79000 -2.29900 -8.37200 -10.08100 -5.01500
143.00000 2.95000 0.86500 -0.60000 -0.73200 0.42700 1.41400 -4.61800 -2.43100 -2.72600 -6.79500 -9.07400 -1.79000 -3.76400 -13.74300 -7.64000 -6.48000
144.00000 0.99700 0.37600 -2.55300 -0.73200 0.42700 -4.93400 -5.59500 -1.94300 -3.21500 -7.28400 -8.58600 -1.79000 -4.25200 -16.67300 -5.19800 -6.96800
145.00000 -1.93300 -1.57700 -4.99500 -1.70900 -0.54900 -10.79300 -7.06000 -2.43100 -3.70300 -7.77200 -8.09700 -2.27900 -4.74000 -16.67300 -3.24500 -7.45600
146.00000 -4.37400 -2.55300 -6.94800 -2.19700 -1.52600 -12.74600 -8.03600 -2.92000 -4.19100 -8.26000 -8.58600 -2.27900 -5.22900 -14.72000 -4.22200 -9.41000
147.00000 -5.83900 -2.06500 -7.43600 -2.68600 -2.99100 -12.25800 -8.52500 -2.92000 -4.19100 -8.74800 -9.07400 -2.76700 -5.71700 -12.27800 -7.15100 -12.33900
148.00000 -5.35100 -0.60000 -6.46000 -3.17400 -3.47900 -10.30500 -8.03600 -2.92000 -4.67900 -9.23700 -9.56200 -2.76700 -6.20500 -11.30200 -10.56900 -14.78100
149.00000 -4.86200 0.37600 -4.50600 -2.68600 -3.96700 -9.81600 -8.03600 -2.92000 -4.67900 -10.21300 -9.56200 -2.76700 -5.71700 -11.30200 -13.01100 -13.80400
150.00000 -3.88600 -1.57700 -2.55300 -3.17400 -3.96700 -11.28100 -9.50100 -3.40800 -4.67900 -11.67800 -9.56200 -2.76700 -4.25200 -12.76700 -11.54600 -9.89800
151.00000 -3.88600 -5.48300 -2.06500 -3.17400 -3.96700 -13.23400 -10.96600 -3.89600 -4.67900 -12.65500 -10.53900 -3.74300 -3.27600 -13.25500 -7.64000 -4.03800
152.00000 -4.37400 -9.38900 -4.01800 -4.15000 -4.45600 -13.72300 -12.43100 -4.87300 -5.16800 -12.16600 -12.00400 -4.23200 -2.29900 -12.76700 -4.22200 0.35600
153.00000 -6.32700 -11.83100 -6.94800 -4.63900 -4.45600 -11.77000 -12.43100 -4.87300 -4.19100 -10.21300 -12.49200 -4.23200 -1.81100 -10.81300 -4.71000 1.82100
154.00000 -8.28000 -10.85400 -9.38900 -4.63900 -4.45600 -10.30500 -11.45400 -4.87300 -4.19100 -7.77200 -12.98000 -4.23200 -2.29900 -8.37200 -8.12800 -0.13200
155.00000 -9.25700 -8.90100 -9.87800 -4.15000 -3.96700 -9.32800 -9.50100 -3.89600 -3.70300 -5.33000 -12.00400 -3.74300 -2.29900 -5.93100 -12.52200 -4.03800
156.00000 -8.76900 -7.92400 -8.41300 -3.66200 -3.96700 -10.30500 -7.54800 -2.92000 -2.72600 -3.86600 -10.53900 -3.25500 -2.78700 -4.95400 -13.98700 -7.94500
157.00000 -6.81600 -8.41300 -5.97100 -2.19700 -2.99100 -11.28100 -5.59500 -2.43100 -2.23800 -4.84200 -9.56200 -3.25500 -2.78700 -5.93100 -11.54600 -11.36300
158.00000 -4.37400 -8.90100 -4.01800 -0.73200 -2.01400 -9.81600 -5.10700 -1.94300 -2.23800 -7.28400 -8.58600 -2.76700 -3.76400 -8.86000 -7.64000 -13.31600
159.00000 -2.90900 -8.41300 -2.55300 0.73200 -1.52600 -6.88700 -4.13000 -1.45500 -2.72600 -9.72500 -8.58600 -3.25500 -5.22900 -11.79000 -6.66300 -14.29200
160.00000 -2.42100 -5.97100 -0.60000 1.70900 -0.54900 -3.95700 -3.64200 -0.96600 -3.21500 -10.70100 -9.56200 -4.23200 -6.20500 -13.74300 -9.59300 -13.80400
161.00000 -2.42100 -3.53000 0.86500 2.19700 -0.06100 -2.98100 -3.15300 -0.47800 -3.21500 -9.72500 -11.02700 -4.72000 -7.18200 -13.74300 -14.47600 -12.33900
162.00000 -3.88600 -3.04200 2.81800 2.19700 -0.06100 -4.93400 -2.66500 0.01000 -3.21500 -7.77200 -11.51500 -4.72000 -6.69400 -12.76700 -16.42900 -9.41000
163.00000 -4.37400 -4.99500 3.30600 1.70900 -0.54900 -7.86300 -2.17700 0.01000 -2.72600 -5.33000 -11.51500 -3.25500 -5.71700 -12.27800 -12.52200 -5.99200
164.00000 -4.86200 -7.43600 2.81800 1.22100 -1.03800 -10.30500 -2.17700 -0.47800 -3.21500 -4.35400 -10.53900 -1.79000 -4.74000 -11.79000 -6.17500 -3.55000
165.00000 -4.37400 -8.90100 1.35300 0.73200 -1.03800 -9.81600 -1.68900 -0.47800 -2.72600 -4.35400 -8.58600 -0.81400 -3.76400 -10.81300 -1.78000 -3.55000
166.00000 -3.88600 -8.90100 -0.11200 1.70900 -1.52600 -7.86300 -0.71200 0.01000 -2.23800 -4.84200 -6.63200 -1.30200 -3.27600 -8.37200 -4.22200 -5.99200
167.00000 -3.39800 -7.43600 1.35300 2.68600 -2.01400 -5.42200 0.26400 0.98700 -2.23800 -5.81900 -6.14400 -2.76700 -3.27600 -5.93100 -10.56900 -9.41000
168.00000 -2.42100 -5.48300 4.28300 3.66200 -2.50200 -4.93400 1.24100 1.47500 -2.23800 -6.30700 -6.14400 -3.74300 -3.76400 -5.44200 -15.45200 -10.38600
169.00000 -1.44400 -4.50600 7.21200 4.15000 -2.50200 -6.39900 1.72900 1.47500 -3.21500 -5.81900 -7.12100 -3.25500 -4.74000 -7.88400 -14.96400 -9.41000
170.00000 -0.46800 -3.04200 9.16500 4.63900 -2.01400 -8.35200 1.72900 1.47500 -3.70300 -4.84200 -8.09700 -1.30200 -5.71700 -12.27800 -9.59300 -5.50300
171.00000 0.02000 -1.08800 8.18900 4.15000 -0.54900 -8.84000 1.24100 0.98700 -3.21500 -4.35400 -8.09700 -0.32600 -6.69400 -16.67300 -4.22200 -2.08500
172.00000 0.50900 0.86500 6.72400 3.66200 1.89200 -6.88700 1.24100 0.49800 -2.23800 -3.37700 -7.12100 -0.32600 -6.20500 -16.67300 -2.26800 -1.10900
173.00000 0.50900 1.35300 4.77100 2.68600 3.84500 -2.49200 0.75300 0.01000 -0.77300 -3.37700 -5.65600 -0.81400 -4.74000 -13.25500 -5.19800 -3.06200
174.00000 0.50900 -0.60000 4.77100 2.19700 4.33300 0.92600 1.24100 0.01000 0.20300 -3.86600 -4.19100 -1.30200 -3.27600 -8.37200 -7.15100 -5.99200
175.00000 -0.46800 -4.50600 4.77100 1.70900 2.86900 1.41400 1.24100 0.98700 0.20300 -4.35400 -3.70300 -0.32600 -2.29900 -4.95400 -7.15100 -8.43300
176.00000 -1.44400 -6.94800 4.28300 1.70900 0.91600 -1.51600 1.24100 1.47500 -0.28500 -4.35400 -4.19100 0.65100 -2.29900 -5.44200 -5.68600 -9.89800
177.00000 -2.42100 -6.94800 3.79400 2.19700 -0.06100 -5.42200 1.24100 1.47500 -1.26100 -3.86600 -5.65600 0.65100 -2.78700 -7.88400 -5.68600 -9.89800
178.00000 -2.42100 -4.50600 2.81800 2.68600 0.42700 -6.39900 0.26400 0.49800 -1.26100 -1.91200 -7.60900 -0.81400 -3.27600 -9.83700 -8.61600 -9.89800
179.00000 -0.95600 -0.60000 3.30600 3.17400 2.38000 -2.98100 -0.22400 0.01000 -0.28500 0.52900 -9.07400 -2.27900 -2.78700 -9.83700 -12.03400 -9.41000
180.00000 0.02000 1.35300 3.79400 3.66200 3.84500 2.87900 -0.71200 -0.96600 0.69200 1.50600 -9.07400 -3.74300 -1.81100 -8.37200 -12.03400 -7.94500
181.00000 0.02000 0.86500 3.79400 3.17400 3.84500 6.78500 -2.17700 -1.45500 1.18000 0.04100 -8.58600 -2.76700 -0.83400 -6.90700 -7.64000 -5.99200
182.00000 -0.46800 -2.06500 2.33000 2.68600 2.38000 6.29700 -2.66500 -1.45500 0.69200 -2.40100 -8.09700 -1.79000 -0.83400 -6.90700 -1.78000 -4.03800
183.00000 -1.44400 -4.01800 -0.11200 1.22100 0.42700 0.92600 -4.13000 -1.94300 -0.28500 -4.84200 -8.58600 -1.79000 -1.81100 -6.90700 0.66100 -3.06200
184.00000 -1.93300 -3.53000 -2.06500 0.73200 0.91600 -4.93400 -5.59500 -2.43100 -0.28500 -4.35400 -10.53900 -3.25500 -2.78700 -6.41900 -2.75700 -4.03800
185.00000 -0.95600 -0.60000 -2.55300 0.24400 2.38000 -6.88700 -6.57100 -2.92000 1.18000 -1.42400 -12.98000 -6.18500 -3.76400 -5.44200 -9.10400 -7.45600
186.00000 0.99700 3.30600 -0.60000 0.24400 5.31000 -3.46900 -6.57100 -2.92000 2.15700 2.48200 -14.44500 -7.65000 -4.25200 -4.95400 -14.47600 -10.87400
187.00000 1.97300 5.25900 1.35300 0.73200 6.77500 2.39100 -6.08300 -2.43100 2.64500 4.43500 -14.44500 -8.62600 -5.71700 -7.39500 -15.94000 -13.31600
188.00000 1.48500 3.79400 2.33000 1.22100 7.26300 6.78500 -5.59500 -1.94300 2.15700 2.48200 -13.46800 -7.65000 -6.69400 -11.79000 -15.45200 -12.82800
189.00000 0.02000 0.37600 1.84100 1.70900 5.79800 7.27300 -4.61800 -1.45500 0.20300 -0.93600 -12.98000 -6.67300 -7.18200 -15.69600 -15.45200 -11.36300
190.00000 -1.44400 -2.55300 -0.11200 2.19700 4.82200 5.32000 -4.13000 -1.94300 -0.77300 -4.35400 -12.49200 -6.67300 -7.67000 -16.67300 -17.89300 -10.38600
191.00000 -1.44400 -2.55300 -1.08800 1.70900 4.82200 2.87900 -4.13000 -2.43100 -0.77300 -5.33000 -12.98000 -7.65000 -7.18200 -13.25500 -20.33500 -10.87400
192.00000 -0.46800 0.37600 -2.06500 1.22100 4.82200 2.39100 -5.59500 -2.92000 0.20300 -2.88900 -12.98000 -8.13800 -5.71700 -9.34900 -19.84700 -12.33900
193.00000 0.50900 3.79400 -2.55300 0.24400 5.31000 3.85500 -6.08300 -3.40800 1.18000 0.52900 -12.00400 -7.65000 -5.22900 -6.41900 -15.45200 -11.85100
194.00000 0.02000 5.74700 -3.53000 -0.24400 5.31000 5.80900 -7.06000 -3.40800 1.66800 2.48200 -10.53900 -5.69700 -4.25200 -5.93100 -9.10400 -8.43300
195.00000 -1.93300 4.28300 -4.99500 -0.73200 4.33300 6.78500 -7.06000 -2.92000 1.66800 2.48200 -8.58600 -4.23200 -3.27600 -7.88400 -4.71000 -4.03800
196.00000 -3.39800 0.86500 -5.97100 -0.73200 3.84500 4.83200 -7.06000 -3.40800 1.18000 1.50600 -8.58600 -3.74300 -2.78700 -8.86000 -3.73300 -0.62100
197.00000 -4.37400 -2.06500 -4.99500 -0.73200 3.84500 1.90200 -7.06000 -3.40800 1.66800 0.52900 -9.56200 -4.23200 -2.29900 -8.86000 -6.17500 -2.08500
198.00000 -3.39800 -2.55300 -3.04200 -0.73200 4.33300 -0.53900 -7.06000 -3.40800 1.66800 1.01700 -11.02700 -5.20800 -2.78700 -6.90700 -9.10400 -7.94500
199.00000 -1.93300 -0.60000 -0.11200 -0.24400 4.33300 -2.00400 -7.06000 -3.40800 2.15700 2.48200 -11.51500 -6.18500 -3.76400 -5.44200 -11.05800 -14.78100
200.00000 -0.95600 1.84100 2.33000 0.73200 4.33300 -2.00400 -6.57100 -2.92000 1.66800 2.97000 -11.51500 -6.67300 -5.22900 -5.44200 -12.03400 -18.68700
201.00000 -0.46800 2.33000 2.81800 1.70900 3.35700 -0.53900 -5.59500 -1.94300 0.69200 1.99400 -11.02700 -6.18500 -6.20500 -7.39500 -13.49900 -17.22200
202.00000 -0.46800 0.86500 2.33000 2.19700 2.86900 0.92600 -4.61800 -1.94300 -0.28500 -0.44800 -11.02700 -6.67300 -6.69400 -9.34900 -14.96400 -10.87400
203.00000 -0.46800 -1.08800 1.84100 2.68600 2.38000 2.39100 -4.13000 -1.94300 -0.28500 -1.91200 -12.00400 -7.16100 -6.69400 -10.81300 -14.96400 -3.55000
204.00000 0.50900 -2.06500 0.86500 2.68600 3.35700 2.87900 -4.13000 -1.94300 0.20300 -1.91200 -12.98000 -7.16100 -6.69400 -10.32500 -12.52200 0.84400
205.00000 1.48500 -0.60000 0.86500 2.68600 3.84500 2.87900 -4.13000 -1.94300 1.18000 0.52900 -13.95700 -6.67300 -6.20500 -9.34900 -8.61600 -0.13200
206.00000 1.97300 1.84100 0.86500 2.19700 4.33300 2.39100 -4.13000 -1.45500 1.18000 3.45900 -13.95700 -6.67300 -6.20500 -8.86000 -7.15100 -6.96800
207.00000 1.97300 3.79400 1.35300 2.68600 5.31000 3.36700 -3.15300 -1.45500 1.18000 4.92400 -13.46800 -6.67300 -6.20500 -9.34900 -9.10400 -15.75700
208.00000 1.97300 4.28300 0.86500 2.68600 5.31000 4.34400 -2.17700 -0.96600 0.69200 3.45900 -12.98000 -7.16100 -6.20500 -10.32500 -13.49900 -21.61700
209.00000 2.95000 3.30600 1.35300 2.19700 4.82200 6.29700 -1.20000 -1.45500 0.20300 1.01700 -12.00400 -6.67300 -5.71700 -10.32500 -16.91700 -21.61700
210.00000 2.95000 1.35300 2.33000 2.19700 4.33300 6.78500 -0.71200 -0.96600 0.20300 -0.93600 -10.53900 -5.69700 -4.25200 -8.37200 -15.45200 -15.75700
211.00000 3.43800 -0.60000 4.28300 1.70900 3.84500 4.83200 -0.22400 -0.96600 0.69200 -0.44800 -8.09700 -3.25500 -2.78700 -5.44200 -10.56900 -6.96800
212.00000 3.43800 -0.60000 7.21200 1.70900 3.84500 1.41400 0.26400 0.01000 1.18000 2.48200 -5.16800 -0.81400 -1.32200 -3.00100 -4.71000 0.84400
213.00000 2.95000 0.37600 9.65400 2.19700 3.84500 -2.00400 1.24100 0.49800 1.66800 6.38800 -1.75000 1.13900 -0.83400 -2.51300 -1.29200 4.75100
214.00000 2.46200 2.33000 10.14200 3.17400 3.84500 -2.98100 2.21800 1.47500 1.18000 7.85300 -0.28500 1.62800 -1.32200 -3.97700 -1.29200 3.77400
215.00000 2.46200 4.28300 9.16500 3.66200 3.84500 -0.53900 2.70600 1.47500 0.20300 6.38800 -0.28500 1.62800 -2.78700 -6.41900 -2.26800 1.33300
216.00000 1.97300 4.77100 6.23600 3.66200 2.38000 3.85500 2.21800 1.47500 -0.77300 2.97000 -1.26100 1.13900 -3.76400 -7.88400 -2.75700 -2.08500
217.00000 1.48500 4.77100 3.79400 3.17400 1.40400 8.25000 1.72900 0.98700 -0.77300 0.52900 -2.23800 1.13900 -3.27600 -6.90700 -2.26800 -5.01500
218.00000 0.99700 3.79400 2.81800 2.19700 0.91600 10.20300 0.75300 0.98700 -0.77300 0.52900 -2.72600 1.13900 -2.78700 -5.93100 -1.78000 -6.48000
219.00000 1.48500 3.30600 3.30600 2.19700 0.42700 9.71500 1.24100 1.47500 -0.28500 2.97000 -2.23800 0.65100 -2.78700 -4.95400 -3.24500 -7.45600
220.00000 3.43800 3.30600 4.77100 2.68600 1.40400 7.76200 2.21800 1.47500 -0.28500 5.41200 -1.75000 0.16300 -3.27600 -5.93100 -5.68600 -5.99200
221.00000 5.39100 3.79400 5.74700 3.17400 1.89200 5.32000 4.17100 1.96300 -0.28500 5.90000 -1.75000 0.16300 -4.25200 -7.39500 -6.17500 -4.03800
222.00000 6.36800 5.25900 6.72400 3.66200 1.40400 4.34400 5.14700 2.45200 -0.77300 4.43500 -2.23800 -0.32600 -5.22900 -8.37200 -4.22200 -2.57400
223.00000 5.88000 5.25900 7.21200 3.17400 0.42700 3.36700 5.14700 1.96300 -1.26100 1.50600 -2.72600 0.65100 -5.22900 -7.88400 0.17300 -2.57400
224.00000 2.95000 4.28300 7.70100 2.68600 -1.03800 1.41400 4.65900 1.96300 -1.26100 0.04100 -1.75000 1.62800 -3.76400 -6.41900 5.05600 -4.03800
225.00000 0.02000 1.84100 8.18900 1.22100 -2.50200 -2.00400 3.19400 1.96300 -0.77300 0.04100 0.20300 3.09200 -1.32200 -4.46600 8.96200 -4.03800
226.00000 -1.44400 -2.06500 7.21200 0.24400 -3.47900 -6.39900 1.24100 1.47500 -0.28500 1.50600 3.13300 4.55700 1.11900 -2.51300 10.42700 0.35600
227.00000 -1.93300 -4.99500 4.28300 -0.73200 -3.47900 -8.84000 0.26400 0.98700 0.20300 2.48200 5.08600 5.53400 3.56000 -0.55900 10.91500 9.14500
228.00000 -2.42100 -7.43600 0.86500 -2.19700 -2.99100 -9.32800 -0.71200 0.01000 1.18000 2.97000 5.57500 6.02200 6.00200 1.39400 10.42700 18.42200
229.00000 -2.90900 -8.90100 -2.55300 -3.17400 -2.50200 -7.86300 -0.71200 0.01000 1.18000 2.48200 5.08600 6.51000 6.97800 3.34700 10.91500 22.81700
230.00000 -4.37400 -8.41300 -4.01800 -4.15000 -2.50200 -5.42200 -1.68900 0.01000 0.69200 0.52900 4.11000 6.51000 6.00200 3.83500 11.89200 17.44600
231.00000 -4.37400 -6.46000 -3.04200 -3.17400 -2.99100 -2.49200 -1.20000 0.98700 0.20300 -1.42400 3.13300 6.51000 3.56000 1.88200 12.86800 6.21500
232.00000 -3.39800 -4.01800 -0.11200 -1.70900 -3.47900 0.43700 -0.22400 1.96300 -1.26100 -2.88900 3.13300 6.51000 0.14200 -2.51300 11.40300 -5.01500
233.00000 -1.44400 -0.11200 2.81800 0.24400 -2.99100 2.39100 1.24100 2.45200 -2.23800 -2.88900 2.15700 5.53400 -1.81100 -7.88400 7.98500 -8.92100
234.00000 0.50900 2.81800 4.77100 1.22100 -2.99100 3.85500 2.21800 1.96300 -2.23800 -0.93600 1.18000 4.06900 -1.81100 -10.81300 3.10300 -4.52700
235.00000 0.99700 3.79400 5.25900 1.22100 -1.52600 4.34400 1.72900 0.98700 -1.75000 1.99400 0.20300 2.60400 -0.83400 -9.83700 -0.80400 3.28600
236.00000 0.50900 3.30600 4.77100 -0.24400 -1.03800 2.87900 0.26400 0.01000 0.20300 4.43500 -1.26100 2.11600 1.11900 -5.44200 -2.26800 8.65700
237.00000 -0.95600 0.86500 2.81800 -2.19700 -1.03800 0.43700 -1.20000 -0.96600 1.18000 5.41200 -2.23800 2.11600 2.09600 -1.04800 -0.80400 8.16900
238.00000 -1.93300 -1.57700 0.37600 -3.66200 -1.52600 -1.51600 -3.15300 -0.96600 1.18000 3.94700 -3.21500 2.11600 2.09600 0.90500 1.63800 3.28600
239.00000 -1.93300 -3.53000 -2.06500 -4.15000 -2.50200 -2.49200 -4.13000 -0.96600 0.20300 1.50600 -4.19100 1.62800 0.63100 -1.04800 2.12600 -1.59700
240.00000 -0.95600 -3.04200 -3.53000 -3.17400 -3.47900 -1.51600 -3.64200 -0.47800 -1.26100 -0.44800 -4.19100 1.13900 -1.32200 -4.46600 1.14900 -4.52700
241.00000 0.99700 -0.60000 -1.08800 -1.70900 -2.50200 -1.02700 -2.17700 0.01000 -2.23800 -0.93600 -2.72600 1.13900 -3.27600 -7.39500 0.66100 -5.01500
242.00000 3.43800 2.33000 2.81800 0.73200 -2.01400 -0.53900 0.75300 0.98700 -2.23800 0.04100 -0.28500 1.62800 -4.25200 -7.88400 1.14900 -5.01500
243.00000 6.85600 5.74700 9.65400 2.68600 -0.54900 -1.02700 2.70600 1.96300 -1.75000 1.01700 1.66800 2.11600 -3.27600 -5.93100 4.07900 -5.01500
244.00000 9.29800 7.21200 13.56000 4.15000 0.42700 -1.02700 4.65900 2.94000 -1.26100 1.01700 1.66800 2.60400 -1.81100 -3.48900 5.05600 -4.03800
245.00000 10.27400 6.72400 13.56000 4.63900 0.91600 -1.02700 4.65900 2.94000 -1.26100 0.04100 -0.77300 1.13900 -0.83400 -2.51300 2.12600 -1.59700
246.00000 9.29800 5.25900 11.11900 4.15000 0.42700 -0.05100 3.68200 2.45200 -1.26100 -0.44800 -4.19100 -0.32600 0.14200 -3.48900 -5.19800 1.33300
247.00000 7.34500 4.28300 7.70100 3.66200 0.42700 1.41400 3.68200 1.47500 -0.77300 0.04100 -6.63200 -2.27900 0.63100 -5.93100 -12.52200 1.33300
248.00000 6.36800 4.28300 7.21200 3.17400 0.42700 2.87900 4.17100 1.47500 -0.28500 1.50600 -6.63200 -1.79000 0.63100 -7.39500 -14.47600 -2.57400
249.00000 6.36800 6.23600 9.16500 3.17400 1.40400 3.85500 4.65900 1.47500 0.20300 3.45900 -3.70300 0.65100 0.14200 -6.90700 -9.59300 -6.96800
250.00000 7.34500 7.21200 12.09500 3.66200 2.86900 4.34400 5.63600 2.45200 0.69200 4.43500 -0.28500 3.58100 0.14200 -4.95400 0.17300 -8.92100
251.00000 8.32100 7.21200 14.04800 3.66200 3.84500 3.36700 6.12400 2.94000 1.18000 4.92400 2.15700 6.02200 0.63100 -2.02400 8.96200 -5.01500
252.00000 7.83300 5.25900 13.07200 3.66200 4.82200 0.92600 5.14700 2.94000 1.66800 4.43500 2.64500 6.51000 1.11900 -0.07100 11.89200 2.79700
253.00000 6.85600 3.30600 11.11900 4.15000 4.82200 -1.02700 4.17100 2.45200 2.15700 4.43500 1.66800 5.53400 1.11900 -0.07100 8.47400 9.14500
254.00000 6.36800 3.30600 9.65400 4.63900 4.82200 -1.51600 3.68200 1.96300 1.66800 4.92400 -0.77300 4.06900 0.63100 -1.04800 2.12600 10.12200
255.00000 7.34500 5.25900 10.63000 5.61500 3.84500 0.92600 3.68200 2.45200 1.18000 5.90000 -2.72600 2.60400 -0.34600 -2.02400 -3.24500 5.72700
256.00000 10.76300 8.67700 13.07200 6.59200 3.84500 6.78500 4.17100 2.45200 0.69200 5.90000 -4.19100 1.62800 -0.34600 -3.97700 -4.71000 1.82100
