1.00000 -1.28200 0.52900 -0.23400 1.84100 -1.79000 2.53300 -1.25100 1.82100 -5.75800 -7.39500 -5.53400 -0.45800 -2.81800 -4.78100 -1.02700 -4.96400
2.00000 -0.30500 2.97000 1.71900 2.33000 -1.30200 4.48600 -0.76300 2.30900 -5.26900 -6.41900 -4.55700 0.03100 -0.86500 -3.80500 -0.05100 -3.49900
3.00000 0.67100 3.45900 3.18400 1.84100 -1.30200 5.46300 -0.27500 1.82100 -3.80500 -4.95400 -4.06900 0.51900 0.60000 -3.31600 0.43700 -2.52300
4.00000 -0.30500 1.50600 2.20700 0.37600 -1.79000 3.99800 -1.25100 1.33300 -1.85100 -3.48900 -5.53400 0.03100 1.57700 -2.34000 -0.53900 -2.52300
5.00000 -2.74700 -1.91200 -0.23400 -2.06500 -2.27900 1.55600 -3.69300 -0.13200 0.10200 -2.02400 -7.48700 -1.43400 2.55300 -0.87500 -1.51600 -2.03500
6.00000 -6.65300 -4.35400 -3.65200 -4.01800 -2.76700 -1.37300 -6.13400 -1.59700 0.59000 -1.04800 -9.92800 -2.41100 3.04200 0.10200 -2.49200 -1.54600
7.00000 -9.09400 -4.84200 -6.09300 -5.48300 -1.79000 -1.86200 -6.62200 -2.57400 1.56700 -0.55900 -11.39300 -2.89900 3.04200 1.56700 -2.49200 -1.05800
8.00000 -9.09400 -2.88900 -6.58200 -4.99500 -0.32600 -0.39700 -4.18100 -2.08500 1.56700 0.41700 -10.90500 -2.41100 2.06500 2.05500 -2.49200 -0.57000
9.00000 -6.16500 0.52900 -4.14000 -2.55300 1.13900 3.02100 -0.27500 -0.62100 1.07800 0.90500 -8.95200 -1.43400 1.08800 2.05500 -1.51600 -0.57000
10.00000 -1.77000 3.94700 -0.72200 -0.11200 2.11600 6.43900 3.14300 1.33300 1.56700 1.39400 -6.02200 -0.94600 0.60000 2.05500 -0.53900 -1.05800
11.00000 3.11300 6.38800 2.69600 1.84100 2.11600 8.88100 4.12000 2.30900 1.56700 2.37000 -4.06900 -0.45800 0.11200 1.56700 -0.05100 -1.54600
12.00000 6.53100 7.85300 5.13700 3.30600 2.60400 9.85700 3.14300 2.79700 2.05500 2.85800 -3.58100 -0.45800 -0.86500 1.07800 -0.05100 -2.03500
13.00000 8.97200 8.34100 6.60200 3.79400 3.58100 10.34500 0.70200 2.30900 2.05500 3.34700 -4.06900 -0.94600 -1.35300 -0.87500 -0.53900 -2.52300
14.00000 9.94900 8.83000 7.09000 3.79400 4.55700 9.85700 -0.76300 1.82100 1.56700 2.85800 -5.53400 -1.92300 -2.33000 -2.82800 -1.51600 -3.49900
15.00000 9.94900 8.34100 6.60200 3.30600 6.02200 9.85700 -0.76300 1.82100 1.56700 2.37000 -6.02200 -2.41100 -2.81800 -4.29300 -2.49200 -3.98800
16.00000 9.46000 7.36500 5.13700 2.33000 6.51000 10.83400 -0.27500 1.33300 2.54300 1.88200 -6.02200 -2.89900 -2.33000 -4.29300 -2.49200 -3.98800
17.00000 8.48400 5.90000 3.18400 0.86500 6.99900 12.29900 0.70200 0.84400 4.00800 1.88200 -5.53400 -3.38700 -0.86500 -2.82800 -1.51600 -3.01100
18.00000 6.53100 4.43500 1.23100 -0.60000 6.99900 14.25200 0.21400 0.84400 5.47300 2.37000 -5.53400 -3.38700 1.57700 -0.87500 -1.51600 -3.01100
19.00000 5.55400 4.43500 -0.23400 -1.08800 6.51000 15.71700 -0.76300 -0.13200 6.44900 2.85800 -5.53400 -3.87600 2.55300 0.59000 -1.51600 -2.52300
20.00000 5.55400 6.38800 0.25400 -0.60000 6.51000 16.69300 -0.76300 -0.13200 6.44900 3.34700 -6.99900 -4.85200 3.04200 1.07800 -2.98100 -3.01100
21.00000 7.01900 9.31800 1.23100 0.37600 6.51000 15.71700 -0.27500 -0.13200 5.47300 4.32300 -9.44000 -5.34100 2.55300 1.56700 -3.95700 -3.01100
22.00000 8.48400 11.75900 3.18400 1.35300 6.51000 14.74000 0.21400 0.35600 4.49600 5.78800 -10.41700 -5.34100 3.04200 3.03100 -3.95700 -2.03500
23.00000 9.94900 12.24800 4.64900 1.84100 6.02200 13.27500 -0.27500 0.84400 4.49600 7.25300 -9.92800 -4.85200 3.53000 4.98500 -3.46900 -0.57000
24.00000 9.46000 10.78300 4.16100 1.35300 5.53400 11.81000 -1.74000 0.35600 5.47300 9.20600 -8.95200 -4.36400 5.48300 7.91400 -1.51600 1.38300
25.00000 7.50700 8.83000 3.18400 0.37600 5.04600 11.32200 -3.69300 -0.13200 7.42600 9.69400 -8.46400 -3.87600 7.43600 9.86700 -0.05100 3.33700
26.00000 5.06600 6.87700 0.74300 -0.60000 4.55700 11.81000 -5.15700 -0.62100 7.91400 9.20600 -8.46400 -3.38700 8.90100 11.33200 0.43700 3.82500
27.00000 3.11300 5.90000 -2.18700 -1.08800 4.06900 11.81000 -5.15700 -1.59700 8.40300 8.23000 -9.92800 -3.87600 9.87800 12.30900 -0.05100 3.33700
28.00000 1.64800 5.41200 -3.65200 -2.06500 3.58100 11.81000 -4.18100 -2.57400 8.40300 6.76500 -11.88200 -4.36400 9.87800 13.28500 -1.02700 2.84800
29.00000 1.16000 5.41200 -4.62800 -3.04200 2.60400 10.34500 -2.22800 -3.06200 7.91400 6.27600 -11.88200 -4.85200 9.87800 14.75000 -1.51600 2.84800
30.00000 1.64800 4.92400 -2.18700 -3.53000 1.13900 8.88100 -0.76300 -2.57400 6.93800 6.76500 -9.92800 -4.36400 9.38900 15.23800 -1.51600 2.84800
31.00000 3.11300 5.41200 1.71900 -3.04200 0.16300 7.90400 0.70200 -2.08500 6.44900 7.25300 -6.99900 -4.36400 7.92400 13.77400 -1.51600 1.87200
32.00000 5.55400 6.38800 6.11400 -1.57700 0.16300 9.36900 2.16700 -0.62100 5.96100 7.74100 -4.06900 -3.38700 6.46000 10.35600 -1.51600 0.40700
33.00000 7.50700 7.85300 8.55500 -0.60000 1.13900 11.81000 3.63200 0.35600 5.47300 7.25300 -3.58100 -3.38700 5.97100 6.93800 -1.51600 -1.05800
34.00000 7.50700 8.83000 8.06700 0.86500 3.09200 14.74000 3.14300 0.84400 5.47300 6.27600 -4.55700 -3.38700 4.99500 4.00800 -2.00400 -2.52300
35.00000 6.53100 9.31800 6.11400 0.37600 3.58100 16.20500 1.19000 0.35600 5.47300 6.27600 -5.04600 -2.89900 5.48300 3.52000 -1.02700 -2.03500
36.00000 3.60100 7.36500 3.18400 -1.08800 3.09200 15.22800 -1.74000 0.35600 5.47300 5.78800 -5.04600 -1.92300 6.46000 4.49600 -0.05100 -0.57000
37.00000 0.67100 4.43500 1.71900 -1.57700 2.11600 13.27500 -4.18100 -0.13200 4.98500 5.30000 -3.58100 -0.94600 6.94800 6.44900 1.41400 1.38300
38.00000 -0.79300 2.48200 2.69600 -1.57700 0.16300 11.32200 -3.69300 0.35600 4.49600 5.30000 -2.60400 -0.45800 5.97100 6.44900 2.39100 2.84800
39.00000 -1.28200 1.50600 4.64900 -0.60000 -0.32600 10.34500 -1.25100 0.84400 3.52000 4.81200 -3.09200 0.03100 4.99500 5.47300 2.39100 3.33700
40.00000 -0.30500 1.99400 6.11400 -0.11200 0.16300 11.32200 1.67800 1.33300 3.52000 4.81200 -4.55700 -0.94600 3.53000 3.52000 0.92600 2.84800
41.00000 0.67100 2.48200 5.62500 0.37600 1.13900 12.78700 3.63200 0.84400 3.52000 5.78800 -6.51000 -1.92300 2.06500 1.56700 -0.53900 1.38300
42.00000 1.64800 3.45900 4.64900 -0.60000 2.11600 13.76300 2.65500 0.84400 4.00800 6.76500 -7.97500 -2.41100 1.57700 0.10200 -2.00400 0.40700
43.00000 1.64800 3.45900 3.67200 -1.57700 2.60400 13.27500 -0.76300 -0.13200 4.98500 7.74100 -8.46400 -2.41100 1.57700 -0.38700 -2.00400 0.40700
44.00000 1.64800 2.97000 3.18400 -2.55300 2.11600 12.78700 -3.69300 -0.13200 5.47300 8.23000 -8.95200 -2.89900 2.06500 -0.87500 -2.00400 0.40700
45.00000 1.64800 1.99400 3.18400 -3.04200 1.13900 11.81000 -5.64600 -1.10900 5.96100 7.25300 -10.41700 -3.87600 2.06500 -0.87500 -2.49200 0.40700
46.00000 1.64800 1.01700 3.18400 -3.53000 1.13900 12.78700 -6.13400 -1.59700 5.96100 6.27600 -12.85800 -5.34100 2.55300 -1.36300 -4.44500 -0.08100
47.00000 2.62500 0.52900 2.69600 -3.53000 1.62800 14.25200 -5.15700 -3.06200 6.44900 5.78800 -15.29900 -7.29400 2.55300 -1.36300 -6.88700 -1.54600
48.00000 4.08900 1.01700 2.20700 -3.04200 2.60400 15.22800 -3.20400 -2.57400 6.44900 5.78800 -17.25300 -8.27000 2.55300 -1.85100 -8.84000 -3.01100
49.00000 5.06600 1.50600 2.20700 -2.06500 3.58100 14.74000 -2.22800 -2.08500 5.96100 5.78800 -16.76400 -8.27000 2.06500 -1.36300 -9.32800 -3.01100
50.00000 4.57800 2.48200 2.20700 -1.08800 3.09200 12.78700 -1.74000 -1.10900 4.98500 4.81200 -15.29900 -7.29400 1.08800 -1.36300 -7.86300 -3.01100
51.00000 4.08900 2.48200 2.69600 -0.60000 3.09200 9.85700 -2.22800 -0.13200 4.00800 2.85800 -13.83500 -5.82900 0.60000 -1.85100 -5.91000 -2.52300
52.00000 2.62500 1.50600 3.18400 0.37600 2.11600 7.90400 -4.18100 0.35600 2.54300 0.41700 -13.83500 -4.85200 0.60000 -3.31600 -4.44500 -2.03500
53.00000 1.64800 -0.44800 3.18400 0.86500 2.11600 6.43900 -6.13400 0.84400 1.56700 -2.51300 -14.32300 -3.87600 0.11200 -4.78100 -4.93400 -2.52300
54.00000 1.64800 -1.42400 2.69600 1.84100 2.60400 6.43900 -7.11100 0.84400 1.07800 -3.97700 -14.81100 -3.87600 -0.37600 -6.73400 -6.39900 -4.47600
55.00000 2.13600 -1.42400 3.18400 2.33000 3.09200 6.92700 -6.62200 0.84400 0.59000 -5.44200 -14.32300 -3.87600 -0.86500 -8.19900 -7.86300 -6.42900
56.00000 2.62500 -0.44800 3.67200 2.81800 3.09200 7.41600 -4.18100 0.84400 0.10200 -4.95400 -13.34600 -3.87600 -1.35300 -8.19900 -7.86300 -7.40600
57.00000 2.13600 1.01700 4.16100 2.33000 2.60400 6.92700 -1.74000 0.35600 -0.38700 -4.46600 -12.85800 -3.87600 -0.86500 -7.22200 -6.39900 -7.40600
58.00000 1.16000 1.50600 3.67200 1.35300 1.13900 5.46300 -0.27500 -0.62100 -0.87500 -4.46600 -13.34600 -3.87600 0.11200 -5.75800 -4.44500 -5.45200
59.00000 0.18300 0.04100 2.69600 -0.11200 0.16300 3.51000 -0.27500 -1.10900 -0.87500 -4.46600 -14.32300 -3.87600 2.06500 -3.31600 -2.98100 -3.01100
60.00000 -0.30500 -1.42400 1.71900 -2.06500 -0.32600 2.04500 -2.22800 -2.57400 0.59000 -3.97700 -15.29900 -4.36400 3.53000 -1.36300 -2.98100 -1.54600
61.00000 -0.30500 -0.93600 1.71900 -2.55300 0.65100 2.04500 -5.15700 -3.06200 2.05500 -2.51300 -15.29900 -4.36400 4.99500 1.07800 -2.98100 -0.08100
62.00000 0.67100 1.01700 2.20700 -2.06500 2.60400 4.48600 -7.11100 -3.55000 3.52000 -0.07100 -13.83500 -4.36400 5.48300 3.03100 -3.46900 0.89500
63.00000 2.13600 4.43500 4.16100 -1.08800 5.04600 7.41600 -7.59900 -3.06200 4.49600 2.37000 -11.88200 -4.36400 5.48300 4.00800 -3.46900 0.89500
64.00000 3.60100 7.36500 5.62500 -0.11200 6.99900 10.34500 -6.62200 -2.57400 4.98500 4.32300 -9.92800 -4.36400 4.50600 4.49600 -3.46900 0.40700
65.00000 5.55400 8.83000 7.09000 0.37600 7.97500 11.32200 -4.66900 -1.59700 4.49600 5.30000 -9.44000 -5.82900 3.04200 3.03100 -3.46900 -0.57000
66.00000 7.01900 7.85300 8.06700 0.86500 7.48700 10.34500 -2.22800 -1.10900 4.00800 4.81200 -9.44000 -6.31700 2.06500 2.05500 -3.46900 -0.57000
67.00000 7.01900 5.90000 7.09000 0.86500 6.51000 7.90400 0.70200 -0.62100 4.00800 2.85800 -9.92800 -6.31700 1.57700 1.56700 -2.98100 -0.08100
68.00000 5.55400 3.45900 6.11400 0.37600 5.04600 4.97400 2.65500 -0.13200 3.52000 1.39400 -8.95200 -4.85200 2.55300 2.54300 -0.53900 2.84800
69.00000 3.11300 1.99400 5.13700 -0.11200 3.58100 2.53300 3.14300 -0.13200 3.52000 -0.07100 -6.99900 -2.41100 4.50600 4.49600 2.87900 7.24300
70.00000 0.18300 0.04100 4.16100 -0.11200 2.11600 0.58000 3.14300 0.35600 3.52000 -0.07100 -4.55700 -0.45800 6.94800 6.93800 6.78500 11.63700
71.00000 -0.79300 -1.42400 3.67200 -0.11200 1.13900 -0.88500 3.14300 0.84400 3.03100 -0.07100 -2.11600 1.00700 8.41300 7.91400 9.22600 14.07900
72.00000 0.18300 -2.40100 3.67200 0.37600 0.65100 -1.86200 2.65500 0.84400 2.54300 -0.07100 -1.62800 1.00700 8.41300 6.44900 9.22600 13.59000
73.00000 2.13600 -2.40100 4.16100 1.35300 1.13900 -1.86200 3.14300 1.33300 2.54300 -0.07100 -2.60400 0.03100 6.94800 3.52000 5.80900 10.17300
74.00000 4.08900 -1.42400 4.64900 1.84100 2.60400 -0.39700 2.16700 0.84400 2.54300 -1.04800 -5.04600 -1.92300 4.50600 0.10200 0.92600 5.29000
75.00000 5.55400 0.04100 5.13700 2.33000 4.55700 2.04500 0.21400 0.35600 3.03100 -1.53600 -7.97500 -3.87600 3.04200 -2.82800 -3.46900 0.40700
76.00000 5.55400 1.01700 4.64900 2.33000 6.99900 4.97400 -3.20400 -0.62100 4.00800 -1.04800 -10.90500 -4.85200 2.55300 -3.31600 -6.88700 -3.01100
77.00000 5.06600 1.50600 4.16100 0.86500 7.48700 6.43900 -5.15700 -1.59700 4.49600 0.90500 -13.83500 -6.31700 2.55300 -2.34000 -8.35200 -4.47600
78.00000 4.08900 0.52900 3.67200 -0.11200 7.48700 5.46300 -5.15700 -3.06200 4.98500 2.85800 -16.27600 -6.80500 3.53000 -0.38700 -8.35200 -4.47600
79.00000 4.57800 -0.44800 3.18400 -1.57700 6.02200 3.02100 -3.20400 -3.55000 5.47300 4.81200 -17.25300 -6.80500 4.01800 1.07800 -7.86300 -3.49900
80.00000 5.06600 0.04100 3.67200 -1.57700 5.04600 0.58000 0.21400 -3.55000 5.96100 5.30000 -16.27600 -6.80500 3.53000 1.07800 -6.88700 -2.52300
81.00000 7.01900 1.50600 5.13700 -1.08800 5.04600 0.09200 3.63200 -3.06200 5.96100 5.30000 -14.32300 -5.34100 3.53000 0.10200 -4.93400 -1.54600
82.00000 8.97200 3.45900 6.11400 0.37600 5.04600 1.55600 4.12000 -2.57400 5.96100 4.32300 -11.39300 -3.38700 3.04200 -0.38700 -3.46900 -0.57000
83.00000 10.43700 4.92400 7.09000 1.35300 5.53400 3.51000 3.14300 -2.08500 5.96100 4.32300 -8.95200 -1.92300 4.01800 0.10200 -2.00400 0.40700
84.00000 10.92500 4.92400 7.57900 0.86500 5.04600 3.99800 1.19000 -1.10900 5.96100 5.30000 -7.48700 -0.45800 4.50600 1.56700 -1.02700 0.89500
85.00000 10.43700 4.43500 6.60200 0.37600 4.06900 3.51000 -0.27500 -1.59700 5.47300 6.27600 -7.48700 0.03100 5.48300 3.52000 -1.02700 1.87200
86.00000 8.48400 3.45900 6.11400 -0.60000 3.09200 1.55600 -0.76300 -2.08500 5.47300 6.76500 -8.95200 -0.94600 5.97100 4.00800 -1.51600 1.38300
87.00000 6.04200 3.45900 5.13700 -0.60000 3.09200 0.09200 -0.27500 -2.57400 5.47300 6.27600 -10.90500 -2.41100 5.48300 3.52000 -2.49200 0.40700
88.00000 5.06600 3.94700 4.64900 -0.11200 3.09200 -0.39700 0.70200 -2.57400 5.47300 4.32300 -12.37000 -3.87600 4.99500 1.56700 -2.98100 -0.57000
89.00000 5.06600 3.94700 5.13700 0.37600 4.06900 1.06800 1.19000 -2.57400 5.47300 2.37000 -13.83500 -5.34100 4.50600 0.59000 -2.49200 -1.05800
90.00000 6.53100 3.45900 5.62500 0.86500 4.55700 2.53300 1.67800 -2.57400 5.96100 1.88200 -13.34600 -5.82900 4.50600 1.07800 -1.51600 -0.08100
91.00000 7.99600 2.48200 6.11400 0.86500 5.04600 3.99800 1.67800 -2.08500 5.96100 2.37000 -12.37000 -4.85200 5.48300 2.54300 -0.53900 1.87200
92.00000 8.97200 1.99400 6.60200 0.37600 4.06900 3.99800 0.70200 -2.08500 5.47300 3.34700 -10.90500 -4.36400 6.46000 4.49600 -0.05100 2.84800
93.00000 8.48400 2.48200 6.60200 -0.60000 3.58100 3.99800 -0.27500 -2.08500 4.98500 3.83500 -9.44000 -3.38700 7.43600 5.96100 -0.05100 2.84800
94.00000 6.53100 2.48200 6.60200 -1.57700 2.60400 3.99800 -1.25100 -2.08500 4.49600 2.85800 -7.97500 -2.89900 6.94800 4.98500 -0.05100 1.87200
95.00000 4.57800 2.48200 5.62500 -2.06500 2.60400 4.48600 -1.25100 -2.08500 4.49600 0.90500 -7.97500 -2.41100 6.46000 3.03100 -0.05100 0.89500
96.00000 2.62500 1.99400 4.64900 -2.55300 2.60400 4.97400 -0.27500 -2.57400 4.98500 -0.07100 -8.95200 -2.89900 6.46000 1.07800 0.43700 0.89500
97.00000 1.64800 1.50600 3.67200 -3.04200 3.09200 4.48600 0.70200 -3.06200 5.47300 0.41700 -10.41700 -3.38700 7.43600 1.07800 0.43700 1.38300
98.00000 2.13600 1.01700 3.18400 -2.55300 3.58100 3.02100 1.67800 -4.03800 5.96100 2.37000 -11.88200 -3.38700 7.92400 2.05500 0.92600 2.36000
99.00000 3.11300 1.01700 3.67200 -2.06500 3.58100 0.58000 2.16700 -4.52700 5.96100 4.81200 -12.37000 -3.87600 8.41300 3.52000 0.43700 2.84800
100.00000 5.06600 1.50600 5.13700 -1.08800 3.58100 -1.37300 2.16700 -4.03800 5.96100 5.78800 -11.88200 -4.36400 8.41300 4.49600 0.43700 2.36000
101.00000 6.04200 1.50600 5.62500 -0.60000 4.06900 -1.86200 1.67800 -4.03800 5.96100 4.81200 -10.90500 -4.85200 7.43600 4.00800 -0.05100 0.89500
102.00000 7.01900 1.01700 5.62500 -0.60000 4.06900 -0.88500 0.70200 -4.03800 5.47300 3.34700 -10.90500 -4.85200 6.46000 2.54300 -0.05100 -0.08100
103.00000 7.01900 0.04100 4.64900 -0.60000 4.06900 1.55600 -1.25100 -4.03800 5.47300 1.88200 -11.39300 -5.82900 4.99500 1.07800 -0.53900 -2.03500
104.00000 6.53100 -0.93600 3.18400 -1.08800 4.55700 3.02100 -3.20400 -4.52700 4.49600 1.39400 -13.34600 -6.80500 3.04200 -0.87500 -2.49200 -3.49900
105.00000 6.04200 -0.44800 2.69600 -1.57700 5.04600 3.51000 -4.18100 -4.52700 4.00800 0.90500 -15.78800 -8.27000 1.08800 -1.85100 -4.44500 -5.45200
106.00000 5.06600 0.52900 2.69600 -2.06500 5.04600 2.53300 -3.69300 -4.52700 4.00800 0.41700 -17.25300 -9.73500 0.11200 -2.34000 -6.88700 -6.91700
107.00000 5.06600 1.50600 3.18400 -1.57700 5.04600 1.06800 -1.74000 -4.03800 4.49600 0.90500 -16.76400 -9.73500 0.11200 -1.85100 -6.88700 -7.89400
108.00000 5.06600 1.50600 4.16100 -1.57700 4.55700 -0.39700 1.19000 -4.03800 4.98500 1.39400 -15.29900 -8.75900 1.57700 -0.38700 -5.42200 -5.94100
109.00000 5.06600 1.01700 4.64900 -2.06500 4.06900 0.09200 3.63200 -3.55000 5.96100 2.37000 -12.85800 -6.80500 3.53000 1.56700 -2.98100 -3.49900
110.00000 5.06600 0.04100 4.64900 -2.06500 3.58100 2.04500 4.12000 -3.06200 6.44900 3.34700 -11.39300 -4.85200 5.48300 3.52000 -0.53900 -1.54600
111.00000 5.06600 -0.44800 4.16100 -2.55300 3.58100 3.02100 3.14300 -3.06200 6.93800 2.85800 -10.41700 -4.36400 5.97100 3.03100 -0.05100 -1.05800
112.00000 4.08900 -0.44800 4.16100 -3.04200 4.06900 3.02100 0.70200 -3.06200 6.93800 1.39400 -10.90500 -4.85200 4.99500 1.07800 -1.51600 -2.52300
113.00000 3.60100 -0.93600 3.67200 -3.04200 4.55700 2.04500 -1.74000 -4.03800 6.44900 -1.53600 -11.39300 -6.31700 3.53000 -2.34000 -3.95700 -4.96400
114.00000 4.08900 -1.42400 3.67200 -3.53000 5.04600 0.09200 -2.22800 -4.52700 5.96100 -3.48900 -11.88200 -7.29400 2.55300 -4.78100 -5.91000 -6.42900
115.00000 4.57800 -1.42400 3.18400 -3.53000 4.55700 -1.86200 -2.22800 -5.01500 5.96100 -3.48900 -11.88200 -8.27000 2.55300 -5.26900 -5.91000 -6.42900
116.00000 5.55400 -2.40100 2.69600 -4.01800 4.06900 -2.35000 -0.27500 -5.50300 5.47300 -2.02400 -11.39300 -8.27000 3.53000 -4.29300 -4.93400 -3.98800
117.00000 6.04200 -1.91200 2.20700 -4.99500 3.09200 -1.37300 1.19000 -5.99200 5.96100 0.41700 -11.39300 -8.27000 5.48300 -2.34000 -3.46900 -1.54600
118.00000 5.06600 -1.91200 1.71900 -5.97100 2.60400 -0.88500 2.65500 -5.50300 5.96100 2.37000 -10.90500 -7.78200 5.97100 -1.36300 -2.98100 -0.57000
119.00000 4.08900 -1.42400 1.71900 -6.46000 2.11600 -0.88500 2.65500 -5.50300 5.96100 1.88200 -10.90500 -7.78200 5.97100 -1.36300 -3.46900 -1.05800
120.00000 3.11300 -2.40100 1.23100 -6.46000 1.62800 -1.37300 1.67800 -5.01500 5.96100 -0.07100 -10.90500 -8.27000 4.50600 -2.82800 -4.93400 -2.52300
121.00000 3.11300 -3.37700 1.23100 -6.46000 1.62800 -2.35000 0.21400 -5.01500 5.47300 -2.02400 -11.88200 -9.24700 3.04200 -4.78100 -6.39900 -4.47600
122.00000 3.11300 -4.84200 1.23100 -5.97100 1.13900 -2.83800 -1.25100 -4.52700 5.47300 -3.97700 -12.85800 -10.22300 2.55300 -5.75800 -8.35200 -5.45200
123.00000 3.11300 -5.81900 1.71900 -5.97100 0.65100 -3.81500 -1.25100 -4.52700 4.98500 -4.46600 -14.32300 -10.71200 2.55300 -6.24600 -9.32800 -5.94100
124.00000 2.62500 -6.30700 2.20700 -5.97100 -0.32600 -4.30300 -0.76300 -4.52700 4.49600 -3.97700 -15.29900 -11.20000 3.53000 -5.26900 -9.32800 -5.45200
125.00000 2.13600 -6.30700 3.18400 -6.46000 -0.81400 -5.76800 1.19000 -4.52700 4.49600 -3.48900 -15.78800 -11.20000 4.01800 -4.78100 -8.35200 -5.45200
126.00000 1.64800 -5.81900 3.67200 -6.46000 -1.79000 -6.74400 2.65500 -4.52700 4.00800 -3.00100 -15.78800 -10.71200 4.01800 -4.29300 -7.37500 -5.94100
127.00000 2.13600 -5.81900 3.18400 -6.46000 -1.79000 -6.74400 3.14300 -4.52700 4.00800 -2.51300 -15.29900 -10.22300 4.01800 -4.78100 -5.42200 -6.42900
128.00000 3.11300 -6.30700 3.18400 -5.48300 -0.81400 -6.25600 2.65500 -4.03800 4.49600 -1.53600 -13.83500 -9.73500 3.04200 -5.75800 -3.95700 -6.42900
129.00000 5.06600 -6.30700 3.18400 -4.50600 -0.32600 -4.30300 2.16700 -3.55000 4.98500 -1.53600 -11.88200 -8.75900 3.04200 -5.75800 -2.98100 -5.94100
130.00000 6.04200 -5.81900 4.16100 -4.01800 0.65100 -2.35000 1.67800 -3.06200 5.47300 -0.55900 -8.95200 -7.78200 3.53000 -5.26900 -2.49200 -4.96400
131.00000 6.53100 -4.35400 5.13700 -3.53000 1.13900 -0.88500 2.65500 -2.08500 5.96100 -0.07100 -6.51000 -7.29400 4.50600 -3.80500 -2.49200 -3.49900
132.00000 6.53100 -2.40100 6.11400 -3.53000 1.62800 -0.88500 3.14300 -1.59700 6.44900 0.41700 -5.53400 -7.78200 5.48300 -1.85100 -2.00400 -2.52300
133.00000 6.53100 -0.93600 6.11400 -4.01800 1.62800 -1.86200 2.65500 -1.59700 6.93800 0.90500 -6.99900 -8.75900 5.97100 -0.87500 -2.49200 -2.03500
134.00000 7.50700 -0.44800 5.62500 -4.50600 1.62800 -2.83800 0.70200 -2.08500 6.93800 0.90500 -9.92800 -10.22300 5.48300 -0.87500 -3.46900 -3.01100
135.00000 8.48400 -0.44800 4.64900 -5.48300 1.13900 -3.32600 -2.71600 -3.06200 6.44900 0.41700 -13.34600 -11.20000 5.48300 -1.85100 -4.44500 -3.98800
136.00000 9.94900 -1.42400 3.18400 -5.97100 1.13900 -2.83800 -4.18100 -3.55000 6.44900 -0.55900 -15.29900 -12.17700 5.97100 -1.36300 -4.93400 -3.98800
137.00000 10.43700 -2.88900 2.69600 -5.97100 1.62800 -2.35000 -3.20400 -3.06200 6.44900 -0.55900 -14.81100 -11.68800 6.46000 -0.38700 -4.44500 -3.01100
138.00000 10.92500 -3.37700 3.18400 -5.48300 2.11600 -2.35000 -0.27500 -2.57400 6.44900 0.90500 -12.37000 -11.20000 7.92400 1.56700 -2.98100 -1.54600
139.00000 10.92500 -2.40100 4.16100 -4.50600 3.09200 -2.83800 3.63200 -1.10900 6.44900 2.85800 -9.44000 -9.73500 9.38900 3.03100 -1.02700 -0.08100
140.00000 10.43700 -1.42400 5.62500 -3.53000 3.09200 -3.81500 5.58500 -0.13200 5.96100 5.30000 -7.48700 -8.27000 9.87800 3.03100 0.92600 0.89500
141.00000 9.94900 0.52900 6.60200 -2.55300 3.09200 -3.81500 5.09600 0.35600 5.96100 5.78800 -6.51000 -7.78200 9.87800 2.05500 1.41400 0.89500
142.00000 8.97200 0.52900 6.11400 -3.04200 2.60400 -2.83800 3.63200 0.35600 5.96100 4.32300 -6.99900 -8.27000 9.38900 1.07800 0.43700 -0.57000
143.00000 7.99600 0.04100 5.62500 -3.53000 2.11600 -1.37300 2.16700 0.35600 6.44900 1.39400 -8.46400 -9.24700 8.41300 0.10200 -1.02700 -2.52300
144.00000 7.01900 -0.93600 4.64900 -4.01800 2.60400 -0.39700 1.19000 -0.13200 6.44900 -0.07100 -10.41700 -10.71200 7.92400 0.10200 -2.98100 -3.98800
145.00000 6.53100 -1.42400 3.18400 -4.01800 3.09200 -0.88500 0.70200 -0.62100 6.93800 -0.55900 -11.88200 -12.66500 7.92400 0.59000 -3.95700 -4.96400
146.00000 7.01900 -1.42400 2.20700 -4.01800 3.58100 -1.86200 -1.25100 -1.10900 7.42600 1.39400 -13.34600 -13.64100 8.90100 1.56700 -4.44500 -4.96400
147.00000 7.99600 -0.93600 1.71900 -4.01800 4.06900 -3.32600 -4.18100 -2.08500 7.91400 2.85800 -14.32300 -14.13000 9.87800 2.54300 -4.44500 -4.47600
148.00000 9.46000 -0.44800 2.20700 -3.53000 4.06900 -4.30300 -6.62200 -2.08500 7.91400 3.83500 -14.81100 -14.13000 10.85400 3.52000 -3.95700 -3.98800
149.00000 9.94900 -0.44800 3.18400 -3.04200 4.06900 -4.79100 -7.11100 -1.10900 8.40300 3.34700 -14.32300 -14.13000 10.85400 4.49600 -3.95700 -3.49900
150.00000 10.43700 -1.42400 3.67200 -3.04200 3.58100 -4.79100 -5.15700 -0.62100 7.91400 1.88200 -13.34600 -14.13000 10.36600 4.98500 -3.46900 -3.49900
151.00000 10.43700 -2.40100 4.16100 -3.04200 3.09200 -4.79100 -1.25100 -0.13200 7.42600 0.90500 -12.37000 -14.61800 9.38900 4.49600 -2.98100 -3.49900
152.00000 10.43700 -2.40100 4.16100 -3.04200 3.09200 -3.81500 1.67800 -0.13200 7.42600 0.90500 -11.39300 -14.13000 8.90100 3.52000 -2.49200 -3.01100
153.00000 10.92500 -1.42400 4.64900 -3.53000 3.09200 -1.37300 3.14300 -0.13200 7.42600 1.39400 -10.90500 -13.64100 8.90100 3.03100 -1.51600 -3.01100
154.00000 12.39000 0.52900 5.62500 -3.53000 4.06900 1.55600 2.65500 0.35600 7.42600 1.88200 -10.41700 -12.66500 9.38900 3.03100 -1.02700 -2.03500
155.00000 13.36700 3.45900 6.60200 -3.04200 5.04600 4.48600 1.67800 0.84400 7.91400 2.37000 -8.95200 -11.68800 9.38900 3.52000 -0.53900 -2.03500
156.00000 14.34300 5.90000 7.09000 -2.55300 6.02200 6.43900 0.70200 1.82100 8.40300 2.37000 -7.97500 -11.68800 8.90100 3.03100 -0.53900 -2.52300
157.00000 14.34300 7.36500 7.09000 -2.06500 6.02200 5.46300 0.21400 2.30900 8.40300 2.85800 -7.97500 -11.68800 7.92400 1.56700 -1.51600 -3.49900
158.00000 13.36700 6.87700 6.11400 -2.06500 5.53400 1.55600 -0.76300 2.30900 7.91400 3.34700 -8.46400 -12.66500 6.94800 -1.36300 -2.98100 -5.45200
159.00000 11.41400 4.92400 4.16100 -2.55300 4.06900 -3.32600 -2.71600 1.33300 7.42600 3.34700 -10.41700 -13.64100 6.46000 -3.80500 -4.44500 -6.42900
160.00000 8.97200 2.48200 3.18400 -3.53000 2.60400 -7.72100 -4.66900 0.84400 6.93800 1.39400 -11.88200 -14.13000 6.46000 -5.26900 -4.93400 -6.91700
161.00000 7.01900 -0.44800 2.20700 -4.01800 1.62800 -9.18600 -5.15700 0.84400 6.44900 -0.55900 -13.34600 -14.13000 6.46000 -4.78100 -4.93400 -6.42900
162.00000 6.04200 -2.40100 2.20700 -4.99500 0.65100 -8.20900 -3.69300 0.84400 5.96100 -2.02400 -13.83500 -14.61800 6.94800 -3.31600 -5.42200 -5.94100
163.00000 5.06600 -3.37700 2.20700 -4.99500 0.65100 -6.25600 -0.76300 1.33300 5.47300 -2.51300 -14.32300 -14.61800 7.43600 -0.87500 -5.42200 -5.45200
164.00000 5.55400 -2.88900 2.20700 -4.99500 0.16300 -4.79100 1.19000 0.84400 5.47300 -1.04800 -14.81100 -15.59400 7.92400 0.59000 -6.39900 -5.45200
165.00000 5.55400 -1.91200 2.20700 -4.99500 0.16300 -4.30300 1.19000 0.35600 5.96100 1.39400 -15.78800 -15.59400 7.92400 0.59000 -7.37500 -5.94100
166.00000 5.55400 -1.42400 2.69600 -4.99500 -0.32600 -5.28000 -0.27500 -0.13200 5.96100 2.85800 -15.78800 -15.59400 7.92400 0.10200 -7.86300 -6.42900
167.00000 4.57800 -1.42400 2.69600 -5.97100 -1.30200 -5.76800 -3.20400 -0.13200 6.44900 2.37000 -14.32300 -15.10600 7.92400 -1.36300 -7.86300 -6.91700
168.00000 3.11300 -2.40100 2.69600 -6.46000 -2.27900 -6.25600 -6.13400 0.35600 6.44900 0.41700 -12.37000 -14.13000 7.43600 -2.34000 -7.37500 -7.40600
169.00000 1.16000 -3.37700 1.71900 -6.94800 -3.25500 -5.76800 -8.08700 0.84400 5.96100 -2.51300 -11.39300 -13.64100 6.46000 -3.80500 -7.86300 -8.38200
170.00000 -0.79300 -4.35400 0.25400 -7.43600 -4.23200 -5.76800 -8.08700 0.84400 5.47300 -4.46600 -12.37000 -13.64100 4.50600 -6.24600 -9.32800 -10.82400
171.00000 -1.77000 -4.84200 -1.21100 -6.46000 -4.72000 -7.23300 -7.11100 0.84400 4.49600 -5.93100 -15.78800 -14.13000 2.55300 -9.17600 -10.79300 -13.75300
172.00000 -1.28200 -4.35400 -1.21100 -4.99500 -5.20800 -8.69800 -5.15700 0.35600 3.52000 -6.41900 -19.69400 -14.61800 0.60000 -11.61700 -12.25800 -16.19500
173.00000 0.18300 -4.35400 -0.23400 -3.53000 -5.20800 -10.65100 -2.71600 0.35600 2.54300 -6.41900 -22.13500 -15.10600 0.11200 -13.08200 -12.74600 -17.66000
174.00000 1.64800 -3.86600 0.74300 -3.04200 -5.20800 -11.62700 -1.74000 0.84400 2.54300 -6.41900 -22.13500 -15.59400 0.11200 -13.08200 -12.25800 -17.17100
175.00000 2.13600 -3.37700 0.74300 -3.04200 -4.72000 -11.62700 -2.22800 0.84400 2.54300 -6.41900 -20.18200 -15.59400 1.08800 -12.10500 -11.28100 -15.21800
176.00000 1.16000 -3.37700 -0.23400 -4.01800 -4.23200 -10.16200 -5.15700 0.84400 2.54300 -5.93100 -18.71700 -16.08300 2.06500 -11.12900 -10.79300 -13.75300
177.00000 0.18300 -2.88900 -2.18700 -4.99500 -2.76700 -8.69800 -8.08700 0.35600 3.03100 -5.44200 -18.71700 -16.57100 3.04200 -11.61700 -11.77000 -13.75300
178.00000 -0.79300 -2.40100 -3.65200 -5.48300 -1.79000 -7.72100 -10.52900 -0.13200 3.03100 -5.93100 -20.67100 -17.05900 4.01800 -12.59400 -13.23400 -15.21800
179.00000 -0.30500 -1.42400 -4.14000 -5.48300 -1.79000 -7.72100 -11.01700 -0.13200 3.52000 -6.41900 -22.62400 -17.54800 5.48300 -14.54700 -13.72300 -16.68300
180.00000 1.16000 -0.93600 -3.16400 -5.48300 -1.79000 -7.72100 -10.04000 -0.13200 3.52000 -7.39500 -22.62400 -17.05900 7.43600 -15.03500 -13.23400 -17.66000
181.00000 2.62500 -0.93600 -2.67500 -5.48300 -2.76700 -8.20900 -6.62200 0.35600 3.52000 -8.37200 -21.15900 -16.57100 9.87800 -14.05800 -11.28100 -16.68300
182.00000 3.60100 -1.42400 -1.69900 -4.99500 -3.25500 -8.20900 -3.20400 1.33300 4.00800 -7.88400 -19.20600 -16.57100 11.34200 -12.59400 -9.81600 -14.73000
183.00000 3.11300 -2.40100 -1.69900 -4.99500 -3.74300 -8.20900 -1.74000 1.33300 4.00800 -7.88400 -17.74100 -16.57100 11.34200 -11.12900 -9.32800 -13.26500
184.00000 1.64800 -3.37700 -1.69900 -4.01800 -3.25500 -8.69800 -2.22800 1.33300 4.00800 -7.39500 -18.22900 -17.54800 10.36600 -10.64000 -10.79300 -13.26500
185.00000 0.18300 -3.86600 -1.21100 -3.53000 -2.76700 -9.67400 -4.18100 1.33300 3.52000 -8.37200 -18.71700 -18.52400 9.38900 -11.61700 -12.74600 -14.24200
186.00000 -0.30500 -3.86600 -1.21100 -4.01800 -2.76700 -10.65100 -7.11100 1.33300 3.52000 -9.34900 -19.69400 -19.98900 9.38900 -12.59400 -14.21100 -15.70600
187.00000 -0.30500 -4.35400 -0.72200 -4.50600 -2.76700 -10.65100 -9.55200 0.84400 3.03100 -9.83700 -19.20600 -20.47700 9.38900 -13.08200 -14.69900 -16.68300
188.00000 0.67100 -4.35400 -0.72200 -4.99500 -3.25500 -10.65100 -10.52900 1.33300 3.03100 -10.81300 -19.20600 -20.47700 9.38900 -14.05800 -13.72300 -17.17100
189.00000 1.64800 -3.86600 -0.72200 -5.48300 -3.25500 -9.18600 -9.06400 0.84400 3.03100 -11.30200 -19.69400 -19.50100 8.90100 -15.03500 -13.23400 -17.17100
190.00000 2.62500 -3.37700 0.25400 -5.48300 -2.27900 -7.72100 -6.62200 0.84400 3.03100 -11.30200 -21.64700 -18.52400 8.41300 -16.01200 -13.72300 -17.66000
191.00000 4.08900 -1.42400 1.23100 -4.01800 -1.30200 -6.74400 -3.69300 1.33300 3.52000 -11.30200 -23.60000 -18.52400 7.43600 -16.98800 -14.69900 -18.14800
192.00000 5.06600 0.52900 2.20700 -3.04200 -0.81400 -5.76800 -1.74000 1.33300 3.52000 -10.32500 -26.04200 -19.50100 7.43600 -16.98800 -15.18800 -18.14800
193.00000 6.53100 1.50600 3.18400 -2.55300 -0.81400 -4.79100 -1.74000 1.33300 3.52000 -9.34900 -27.01800 -20.47700 7.92400 -16.01200 -15.67600 -17.66000
194.00000 7.01900 1.50600 2.69600 -3.04200 -1.79000 -4.79100 -3.20400 0.84400 4.00800 -7.88400 -27.50700 -21.94200 8.41300 -14.05800 -15.67600 -17.17100
195.00000 7.01900 0.52900 0.74300 -4.01800 -2.76700 -5.76800 -5.64600 -0.13200 4.00800 -7.39500 -28.48300 -22.91900 8.90100 -13.08200 -13.72300 -17.17100
196.00000 5.55400 -1.42400 -1.69900 -5.97100 -3.74300 -8.20900 -9.06400 -1.10900 3.52000 -6.90700 -29.46000 -22.91900 8.90100 -12.59400 -15.18800 -17.66000
197.00000 3.60100 -3.37700 -4.62800 -6.94800 -4.72000 -11.13900 -11.99300 -2.08500 3.52000 -8.37200 -29.94800 -21.94200 8.41300 -14.05800 -15.67600 -18.63600
198.00000 2.13600 -5.33000 -6.58200 -7.92400 -5.20800 -13.58000 -13.94700 -2.08500 3.03100 -10.32500 -30.92400 -21.45400 7.92400 -16.50000 -16.65200 -19.61300
199.00000 1.64800 -6.30700 -6.58200 -7.92400 -5.20800 -15.04500 -14.92300 -1.59700 2.54300 -12.76700 -31.41300 -21.94200 7.43600 -18.94100 -17.14100 -20.58900
200.00000 2.62500 -6.30700 -5.11700 -6.94800 -4.23200 -15.53300 -13.45800 -1.10900 2.54300 -13.74300 -31.41300 -22.43000 6.46000 -20.40600 -18.11700 -21.56600
201.00000 4.57800 -6.30700 -2.67500 -4.99500 -3.74300 -14.55700 -10.52900 -0.13200 2.54300 -13.25500 -30.92400 -22.91900 5.48300 -20.40600 -18.11700 -23.03100
202.00000 7.01900 -4.84200 -0.23400 -3.53000 -2.27900 -12.60400 -7.11100 0.84400 2.54300 -11.79000 -30.43600 -21.94200 4.99500 -18.94100 -18.60600 -24.00700
203.00000 8.97200 -2.88900 1.23100 -2.55300 -1.30200 -10.65100 -4.18100 1.82100 2.54300 -10.32500 -28.48300 -20.47700 4.99500 -16.98800 -18.11700 -24.00700
204.00000 10.43700 -0.93600 2.69600 -2.06500 -0.81400 -9.67400 -3.20400 2.30900 3.03100 -9.34900 -26.53000 -18.52400 5.48300 -16.01200 -17.14100 -23.51900
205.00000 11.41400 1.50600 3.18400 -1.57700 -0.32600 -8.20900 -3.20400 2.79700 3.52000 -8.86000 -23.11200 -17.05900 6.46000 -16.01200 -16.16400 -22.05400
206.00000 12.39000 2.97000 4.16100 -2.06500 -0.81400 -7.72100 -3.20400 3.28600 3.52000 -9.34900 -21.15900 -16.08300 6.94800 -16.50000 -15.18800 -20.10100
207.00000 13.36700 3.94700 5.13700 -2.06500 -1.30200 -6.74400 -2.22800 3.28600 3.03100 -8.86000 -19.69400 -16.08300 6.94800 -16.98800 -14.21100 -18.63600
208.00000 14.34300 4.92400 5.62500 -2.06500 -1.79000 -6.25600 -0.27500 3.28600 2.54300 -8.86000 -19.69400 -16.57100 6.94800 -16.98800 -13.72300 -17.66000
209.00000 15.32000 5.41200 6.11400 -1.08800 -1.79000 -5.76800 1.67800 3.28600 2.54300 -7.39500 -19.69400 -16.57100 7.43600 -16.01200 -13.23400 -17.66000
210.00000 16.29600 6.38800 6.60200 -0.60000 -0.81400 -5.28000 1.19000 2.79700 2.54300 -5.93100 -18.71700 -16.57100 7.43600 -15.52300 -12.25800 -17.17100
211.00000 16.78500 8.34100 7.09000 -0.11200 0.16300 -4.30300 -0.76300 2.79700 3.52000 -4.46600 -18.22900 -16.57100 8.41300 -14.54700 -11.77000 -16.68300
212.00000 17.76100 10.29500 7.09000 0.37600 1.62800 -2.83800 -3.20400 2.79700 4.98500 -3.00100 -18.22900 -17.05900 8.90100 -13.08200 -11.28100 -15.21800
213.00000 18.73800 11.27100 7.57900 0.86500 2.11600 -0.39700 -4.66900 2.30900 5.96100 -1.53600 -18.71700 -18.03600 10.36600 -11.61700 -11.28100 -13.26500
214.00000 18.25000 11.75900 8.06700 0.86500 2.60400 2.04500 -3.69300 1.82100 6.44900 -0.07100 -20.18200 -18.52400 11.34200 -9.17600 -11.77000 -11.80000
215.00000 16.29600 10.78300 8.55500 1.84100 2.11600 3.02100 -1.25100 1.82100 6.44900 0.41700 -21.15900 -19.50100 11.83100 -6.73400 -12.25800 -11.31200
216.00000 13.36700 9.31800 8.55500 1.35300 1.13900 2.53300 1.19000 1.82100 5.96100 -0.07100 -21.64700 -19.98900 12.31900 -5.26900 -12.74600 -11.31200
217.00000 9.94900 6.87700 7.57900 0.37600 -0.81400 -0.39700 2.65500 2.30900 4.98500 -2.02400 -20.67100 -19.50100 11.83100 -5.75800 -12.25800 -11.80000
218.00000 6.53100 4.43500 6.60200 -1.08800 -2.76700 -4.30300 2.65500 2.30900 3.52000 -3.97700 -19.20600 -19.01200 11.34200 -7.71100 -11.77000 -11.80000
219.00000 4.57800 2.48200 5.62500 -2.06500 -4.72000 -7.72100 2.16700 2.79700 3.03100 -5.93100 -18.71700 -17.54800 10.85400 -9.66400 -10.30500 -11.80000
220.00000 4.08900 1.01700 5.13700 -3.04200 -5.69700 -9.18600 2.65500 2.79700 2.54300 -6.90700 -18.22900 -15.59400 10.36600 -11.12900 -8.84000 -11.80000
221.00000 4.08900 -0.44800 5.13700 -3.04200 -5.69700 -9.18600 3.14300 3.28600 2.54300 -6.90700 -17.74100 -14.13000 9.87800 -11.61700 -7.37500 -11.80000
222.00000 4.08900 -1.42400 5.13700 -2.55300 -5.69700 -9.18600 3.14300 4.26200 2.54300 -6.90700 -16.76400 -12.66500 9.38900 -12.10500 -5.91000 -11.80000
223.00000 2.62500 -2.40100 5.13700 -3.53000 -6.18500 -10.16200 1.67800 4.75100 1.56700 -7.39500 -16.27600 -12.17700 8.90100 -12.59400 -4.44500 -12.77700
224.00000 1.16000 -3.37700 4.64900 -4.01800 -7.16100 -12.11500 -1.25100 5.23900 0.59000 -8.37200 -15.29900 -11.20000 8.90100 -13.57000 -3.46900 -12.77700
225.00000 0.67100 -3.86600 4.16100 -5.48300 -8.13800 -14.06900 -4.18100 4.75100 -0.38700 -9.34900 -15.29900 -11.20000 9.38900 -14.05800 -3.46900 -11.80000
226.00000 0.67100 -4.35400 3.67200 -5.97100 -8.62600 -14.55700 -5.15700 3.77400 -0.38700 -8.86000 -16.27600 -11.20000 11.34200 -13.08200 -2.98100 -9.84700
227.00000 1.16000 -4.84200 3.18400 -6.94800 -8.62600 -14.06900 -3.69300 2.79700 0.59000 -7.88400 -17.74100 -11.20000 13.29500 -11.12900 -2.49200 -7.40600
228.00000 2.13600 -5.81900 2.69600 -7.92400 -8.13800 -12.11500 -1.74000 1.82100 2.05500 -6.41900 -17.74100 -12.17700 15.24900 -7.71100 -1.51600 -4.96400
229.00000 3.11300 -5.81900 1.71900 -8.90100 -7.16100 -10.16200 -0.27500 0.84400 4.00800 -5.44200 -17.25300 -13.15300 17.20200 -3.80500 -0.53900 -3.01100
230.00000 4.08900 -4.84200 0.74300 -10.36600 -5.69700 -9.18600 -0.27500 -0.13200 5.96100 -3.97700 -16.76400 -15.10600 18.17800 -0.38700 -0.05100 -1.54600
231.00000 5.06600 -2.40100 -0.23400 -11.34200 -4.23200 -7.72100 -1.74000 -1.59700 6.93800 -2.51300 -17.25300 -17.05900 19.64300 2.05500 -0.53900 -0.57000
232.00000 6.04200 0.52900 -0.23400 -10.85400 -3.25500 -6.74400 -3.69300 -2.57400 6.93800 -0.55900 -18.22900 -18.03600 20.13100 4.00800 -1.02700 -0.57000
233.00000 6.53100 2.48200 0.25400 -8.90100 -2.76700 -5.76800 -4.66900 -2.57400 6.93800 1.88200 -18.71700 -18.52400 20.62000 4.98500 -2.00400 -1.05800
234.00000 5.55400 2.48200 1.23100 -7.43600 -3.25500 -4.79100 -4.66900 -1.59700 6.44900 3.34700 -18.71700 -17.05900 20.13100 4.98500 -2.00400 -1.54600
235.00000 3.60100 1.01700 2.20700 -5.48300 -3.25500 -4.79100 -4.66900 -0.13200 5.96100 3.34700 -16.27600 -15.10600 19.64300 4.49600 -1.02700 -2.03500
236.00000 2.13600 -0.44800 3.18400 -4.99500 -3.74300 -5.28000 -3.69300 1.33300 5.47300 1.88200 -13.34600 -12.66500 19.15500 3.03100 0.43700 -2.52300
237.00000 1.64800 -0.44800 3.67200 -4.99500 -3.74300 -6.25600 -1.74000 2.30900 5.47300 -0.55900 -10.90500 -11.20000 18.17800 0.59000 1.41400 -2.52300
238.00000 3.11300 1.50600 4.64900 -4.99500 -3.74300 -6.74400 0.70200 2.79700 4.98500 -3.00100 -9.44000 -11.20000 18.17800 -1.36300 1.41400 -2.52300
239.00000 5.06600 3.94700 5.62500 -4.50600 -3.74300 -6.74400 3.14300 3.28600 4.49600 -4.46600 -9.92800 -11.68800 17.20200 -2.82800 0.43700 -3.49900
240.00000 7.01900 6.38800 6.60200 -4.01800 -3.25500 -6.74400 5.09600 2.79700 4.00800 -4.95400 -11.39300 -13.64100 16.22500 -4.29300 -1.51600 -4.96400
241.00000 7.01900 6.38800 7.09000 -4.01800 -2.76700 -5.28000 5.09600 2.30900 4.00800 -4.46600 -13.83500 -14.61800 15.73700 -3.80500 -3.46900 -5.94100
242.00000 6.04200 5.41200 6.60200 -4.50600 -1.30200 -3.32600 4.12000 1.33300 4.00800 -4.46600 -16.76400 -15.59400 15.24900 -4.29300 -4.93400 -6.42900
243.00000 4.08900 4.43500 5.62500 -5.48300 -0.81400 -1.37300 1.67800 0.35600 4.49600 -3.97700 -19.69400 -16.57100 15.73700 -3.80500 -5.42200 -5.94100
244.00000 3.11300 3.94700 4.16100 -6.46000 -0.81400 -0.88500 -0.76300 -1.10900 4.49600 -3.97700 -22.13500 -17.54800 16.22500 -3.80500 -6.39900 -4.47600
245.00000 3.60100 3.94700 4.16100 -5.48300 -0.81400 -1.37300 -3.20400 -2.08500 5.47300 -2.51300 -24.08900 -18.52400 16.71300 -3.31600 -6.88700 -3.49900
246.00000 5.06600 4.92400 5.13700 -3.53000 -0.81400 -1.86200 -5.15700 -2.57400 6.44900 -0.07100 -25.06500 -19.98900 17.69000 -1.85100 -6.88700 -3.01100
247.00000 7.01900 5.90000 6.60200 -1.57700 -0.81400 -2.35000 -6.13400 -2.57400 7.91400 2.37000 -24.57700 -20.96600 19.15500 0.59000 -6.39900 -2.52300
248.00000 7.50700 5.90000 7.57900 -0.11200 -0.32600 -1.37300 -5.64600 -3.06200 9.37900 4.32300 -24.08900 -21.45400 20.62000 3.52000 -4.93400 -1.54600
249.00000 6.53100 5.41200 7.57900 -1.08800 0.16300 0.09200 -4.66900 -3.06200 10.84400 5.30000 -23.11200 -21.45400 22.08500 6.44900 -2.98100 -0.08100
250.00000 5.06600 4.92400 6.60200 -2.55300 0.65100 1.55600 -2.71600 -3.06200 11.33200 5.30000 -22.13500 -19.98900 23.54900 8.89100 -1.02700 1.38300
251.00000 3.11300 3.94700 4.64900 -4.99500 0.16300 2.04500 -1.25100 -3.06200 10.84400 4.32300 -21.15900 -18.03600 24.03800 10.84400 -0.53900 2.84800
252.00000 2.13600 2.97000 2.20700 -6.94800 -1.79000 1.06800 -1.25100 -3.06200 9.86700 3.34700 -19.69400 -16.08300 24.03800 11.33200 -0.53900 2.36000
253.00000 0.67100 1.50600 0.25400 -8.90100 -2.76700 -0.39700 -1.74000 -3.06200 8.89100 2.37000 -17.74100 -14.13000 24.03800 10.84400 -0.05100 1.87200
254.00000 -0.79300 0.52900 -1.69900 -10.85400 -4.23200 -0.88500 -2.71600 -3.06200 8.40300 2.37000 -16.76400 -13.15300 23.54900 9.37900 0.43700 1.38300
255.00000 -2.25800 -1.42400 -2.67500 -11.83100 -4.72000 -0.88500 -3.20400 -2.57400 8.40300 1.88200 -15.78800 -12.66500 24.03800 8.40300 1.41400 1.38300
256.00000 -3.72300 -2.88900 -3.16400 -13.29500 -5.69700 0.09200 -3.69300 -3.06200 8.40300 1.39400 -15.78800 -12.66500 25.01400 7.42600 2.39100 1.87200
