1.00000 0.07100 2.78700 5.33000 3.09200 1.72900 -2.93000 12.59400 4.01800 -0.47800 -12.68500 -5.33000 0.22400 1.61700 2.77700 -3.21500 0.58000
2.00000 6.90700 2.78700 5.33000 -0.32600 1.24100 -2.44100 5.26900 0.60000 -0.96600 -9.26700 -6.30700 -1.72900 1.61700 2.28900 -4.19100 0.09200
3.00000 13.74300 3.27600 3.37700 -0.81400 -0.22400 0.97700 -2.05500 -1.35300 -1.45500 -1.45500 -4.35400 -1.72900 1.12900 1.31200 -3.70300 0.09200
4.00000 16.67300 4.25200 0.44800 1.13900 -1.20000 3.90600 -8.89100 -1.35300 -1.94300 6.35800 -1.91200 -1.72900 -0.33600 -0.15300 -3.21500 -0.88500
5.00000 14.72000 6.20500 -1.50600 3.58100 -0.71200 2.93000 -14.75000 -0.37600 -2.43100 7.33400 -0.93600 -2.21800 -2.28900 -1.12900 -4.19100 -2.35000
6.00000 10.32500 7.18200 -0.52900 4.55700 0.75300 -0.48800 -17.19200 1.08800 -1.94300 3.42800 -2.40100 -2.21800 -3.75400 -2.59400 -6.14400 -3.81500
7.00000 6.41900 6.69400 2.40100 4.55700 2.21800 -3.90600 -13.28500 1.57700 -1.94300 -2.92000 -4.35400 -2.21800 -4.73000 -4.05900 -7.12100 -4.79100
8.00000 5.44200 5.71700 4.84200 4.55700 2.70600 -4.88300 -4.00800 0.60000 -1.94300 -6.82600 -5.33000 -1.72900 -3.75400 -4.54700 -7.12100 -4.30300
9.00000 6.41900 3.76400 3.86600 4.55700 2.21800 -2.93000 6.24600 -1.35300 -2.43100 -6.33700 -4.84200 -0.75300 -2.28900 -4.54700 -5.65600 -3.32600
10.00000 6.90700 1.81100 -0.52900 4.55700 0.26400 0.00000 11.61700 -3.30600 -2.43100 -3.40800 -4.84200 -0.26400 -1.31200 -3.08200 -4.67900 -1.86200
11.00000 4.95400 -1.11900 -4.92400 4.06900 -1.68900 0.00000 8.68700 -3.30600 -2.92000 -0.96600 -5.81900 -0.75300 -1.31200 -0.15300 -5.16800 -1.37300
12.00000 1.04800 -5.02500 -6.87700 2.11600 -2.66500 -2.44100 1.36300 -1.84100 -1.94300 -0.96600 -8.26000 -1.24100 -1.80100 1.31200 -7.60900 -2.35000
13.00000 -2.37000 -7.95500 -5.41200 0.16300 -2.66500 -5.37100 -4.98500 0.60000 -0.96600 -3.40800 -8.74800 -1.72900 -3.26500 0.82400 -9.56200 -4.30300
14.00000 -2.85800 -8.44300 -1.99400 -1.30200 -1.68900 -4.88300 -4.49600 2.06500 0.01000 -4.38400 -6.79500 -1.24100 -2.77700 -1.12900 -9.07400 -4.30300
15.00000 0.07100 -5.02500 1.42400 -0.81400 -0.22400 -0.97700 1.36300 1.57700 0.98700 -2.43100 -2.40100 0.22400 -1.31200 -3.57100 -5.65600 -3.32600
16.00000 4.46600 1.32200 3.37700 1.62800 1.24100 4.39500 8.19900 0.11200 1.96300 2.45200 1.99400 2.17700 1.61700 -4.05900 -1.75000 -0.88500
17.00000 6.41900 7.67000 4.84200 3.58100 1.24100 7.32400 11.61700 -0.86500 1.96300 6.84600 4.92400 3.64200 4.54700 -0.15300 1.66800 2.53300
18.00000 5.44200 10.60000 5.33000 3.58100 0.75300 5.85900 10.64000 0.60000 2.45200 7.82300 5.41200 4.13000 6.50000 5.70700 4.11000 5.95100
19.00000 2.51300 9.13500 5.33000 3.58100 -1.20000 0.97700 8.68700 2.55300 2.45200 5.87000 4.43500 4.61800 7.47700 12.05400 5.57500 9.85700
20.00000 -0.41700 3.76400 1.91200 2.60400 -3.15300 -5.37100 7.71100 5.48300 2.45200 2.45200 4.43500 5.10700 7.47700 14.49600 7.03900 12.29900
21.00000 -2.37000 -1.60700 -4.92400 4.06900 -4.13000 -9.76600 7.71100 6.46000 2.45200 0.01000 5.41200 5.59500 6.98900 12.05400 8.50400 13.27500
22.00000 -3.83500 -5.51400 -11.27100 6.02200 -3.15300 -10.74200 7.22200 6.46000 2.45200 0.01000 6.87700 5.59500 6.01200 6.68300 9.96900 13.27500
23.00000 -4.32300 -7.46700 -12.24800 7.97500 -1.20000 -9.76600 3.80500 5.97100 2.45200 0.98700 8.34100 5.59500 5.03500 2.77700 11.43400 13.27500
24.00000 -3.83500 -8.44300 -5.90000 7.48700 0.26400 -7.81200 -1.56700 5.48300 2.45200 0.98700 9.80600 6.08300 5.52400 3.26500 13.38700 14.25200
25.00000 -1.88200 -9.90800 4.35400 3.09200 1.24100 -5.37100 -5.47300 5.48300 2.45200 0.01000 10.78300 7.54800 6.98900 8.14800 15.82800 16.69300
26.00000 1.53600 -10.88500 12.16600 -2.27900 0.26400 -4.39500 -4.98500 4.50600 2.45200 -0.96600 12.24800 9.01300 9.91800 14.49600 18.27000 20.11100
27.00000 3.48900 -8.93100 11.19000 -7.16100 -1.68900 -2.93000 -1.56700 2.55300 1.47500 0.98700 12.24800 9.98900 11.87100 17.42600 17.29300 21.57600
28.00000 2.51300 -4.04900 1.42400 -8.62600 -3.64200 -0.97700 1.36300 0.11200 1.47500 4.40500 9.80600 8.52500 11.87100 15.47200 11.92200 19.62300
29.00000 -1.88200 0.83400 -10.29500 -7.65000 -3.64200 0.48800 1.36300 -2.33000 1.96300 7.82300 4.92400 4.61800 10.40600 11.07800 4.59800 14.74000
30.00000 -7.25300 3.76400 -17.13100 -6.18500 -2.66500 1.46500 -2.54300 -3.30600 3.42800 8.31100 -0.44800 0.71200 7.47700 6.68300 -3.21500 8.88100
31.00000 -10.18300 2.29900 -16.15400 -5.20800 -0.71200 1.46500 -6.44900 -4.28300 4.40500 4.89300 -4.35400 -2.70600 4.54700 4.24200 -6.63200 4.48600
32.00000 -9.20600 -2.09600 -10.29500 -5.20800 0.75300 0.00000 -7.91400 -3.79400 4.89300 -1.45500 -7.28400 -3.68200 1.61700 3.26500 -6.63200 2.04500
33.00000 -6.76500 -6.49000 -6.38800 -5.20800 0.75300 -1.95300 -5.47300 -2.81800 3.42800 -6.82600 -8.74800 -4.17100 -0.33600 2.77700 -5.16800 0.58000
34.00000 -4.32300 -7.46700 -7.36500 -3.74300 -0.22400 -3.90600 -2.05500 -2.33000 0.98700 -9.26700 -10.21300 -4.17100 -1.31200 1.80100 -4.19100 -0.88500
35.00000 -4.32300 -5.02500 -12.24800 -1.79000 -2.17700 -6.34800 -0.59000 -1.84100 -0.96600 -7.31400 -10.70100 -5.14700 -1.80100 2.77700 -5.65600 -1.37300
36.00000 -5.30000 -2.09600 -16.15400 -1.30200 -3.64200 -7.32400 -1.56700 -2.33000 -1.94300 -1.94300 -10.70100 -6.12400 -0.82400 6.68300 -7.12100 -1.37300
37.00000 -4.81200 -0.14200 -16.64200 -3.25500 -3.15300 -7.32400 -4.00800 -3.30600 -1.45500 3.91600 -9.72500 -7.10000 0.15300 11.56600 -8.09700 0.09200
38.00000 -1.39400 -1.11900 -12.73600 -6.67300 -2.17700 -4.88300 -4.49600 -4.77100 0.49800 6.84600 -8.26000 -7.58900 1.12900 14.00800 -8.09700 1.55600
39.00000 3.97700 -2.09600 -7.36500 -9.11500 -0.22400 -1.95300 -2.54300 -6.23600 2.45200 6.35800 -8.74800 -9.05400 0.15300 11.07800 -8.09700 1.55600
40.00000 6.90700 -1.60700 -3.94700 -8.62600 1.24100 0.00000 -0.10200 -7.70100 2.94000 2.94000 -11.19000 -11.49500 -2.28900 3.75400 -9.07400 -0.88500
41.00000 4.95400 -0.63100 -3.45900 -5.69700 1.24100 0.48800 -1.56700 -7.70100 2.45200 -0.47800 -14.11900 -13.93600 -4.73000 -4.05900 -12.00400 -4.30300
42.00000 -1.88200 -0.14200 -5.90000 -3.74300 -0.22400 -0.97700 -8.40300 -7.21200 1.47500 -0.47800 -17.53700 -15.88900 -5.70700 -6.98900 -15.42200 -7.23300
43.00000 -9.20600 -1.60700 -9.31800 -2.27900 -2.17700 -3.90600 -16.21500 -5.74700 0.49800 1.47500 -18.51400 -16.37800 -5.21900 -4.05900 -17.37500 -7.72100
44.00000 -12.62400 -3.56000 -11.27100 -2.27900 -3.64200 -6.34800 -20.12100 -4.28300 0.01000 3.91600 -18.02600 -15.40100 -4.73000 1.31200 -17.37500 -7.23300
45.00000 -9.20600 -3.56000 -11.27100 -2.76700 -4.13000 -6.83600 -15.72700 -2.81800 -0.47800 3.91600 -17.04900 -13.44800 -5.21900 3.75400 -16.39800 -6.74400
46.00000 -0.41700 -0.14200 -8.34100 -2.27900 -3.64200 -4.88300 -5.96100 -2.33000 0.01000 0.98700 -17.04900 -12.47200 -6.19500 0.33600 -16.39800 -8.20900
47.00000 8.37200 5.22900 -4.43500 -1.30200 -3.15300 -1.46500 2.34000 -2.81800 0.49800 -1.45500 -18.51400 -12.96000 -8.63600 -6.01200 -18.84000 -11.13900
48.00000 13.74300 8.15800 -1.50600 -0.81400 -2.66500 1.46500 3.80500 -3.79400 0.98700 -1.45500 -19.49100 -14.42500 -10.10100 -12.36000 -22.25700 -14.55700
49.00000 13.25500 6.20500 -1.99400 -0.81400 -3.64200 2.93000 -2.05500 -4.28300 0.49800 0.49800 -19.49100 -15.40100 -10.59000 -14.31300 -25.67500 -16.99800
50.00000 8.37200 0.83400 -7.36500 0.16300 -4.61800 1.95300 -9.37900 -3.30600 -0.47800 1.47500 -17.53700 -15.40100 -10.59000 -12.84800 -26.16400 -17.48700
51.00000 2.51300 -4.04900 -14.20100 3.09200 -5.59500 -0.97700 -13.28500 -0.37600 -2.92000 -0.96600 -14.60800 -13.44800 -10.10100 -9.91800 -23.72200 -16.99800
52.00000 -0.41700 -4.53700 -20.06000 7.48700 -6.08300 -4.39500 -11.33200 2.55300 -4.38400 -6.82600 -11.67800 -10.51800 -10.10100 -8.94200 -19.32800 -15.53300
53.00000 -0.41700 -1.60700 -19.57200 9.44000 -6.08300 -6.83600 -5.96100 3.53000 -4.38400 -11.22000 -10.21300 -7.58900 -9.61300 -8.45300 -15.42200 -14.06900
54.00000 1.04800 2.78700 -13.22400 6.02200 -6.08300 -6.83600 -1.07800 1.08800 -2.43100 -10.24400 -10.21300 -5.63600 -7.66000 -7.96500 -13.46800 -12.11500
55.00000 2.51300 3.76400 -3.45900 -0.32600 -5.59500 -6.34800 0.87500 -3.30600 0.49800 -3.40800 -10.70100 -4.65900 -5.70700 -6.01200 -13.46800 -9.18600
56.00000 1.53600 0.34600 3.86600 -6.18500 -4.61800 -6.34800 0.38700 -5.74700 2.94000 5.87000 -10.70100 -4.17100 -3.26500 -2.59400 -12.98000 -5.76800
57.00000 -0.41700 -5.02500 3.86600 -6.67300 -3.64200 -6.83600 -1.56700 -4.28300 3.42800 10.75200 -9.23700 -3.68200 -1.80100 -0.15300 -11.51500 -3.32600
58.00000 -2.85800 -7.95500 -2.48200 -1.79000 -2.66500 -8.30100 -3.03100 0.60000 1.96300 10.26400 -6.79500 -2.70600 -1.80100 1.31200 -8.58600 -1.86200
59.00000 -3.34700 -6.97800 -9.80600 4.55700 -2.17700 -7.32400 -4.00800 4.01800 0.49800 5.38100 -4.35400 -2.21800 -1.80100 1.31200 -5.16800 -1.86200
60.00000 -1.39400 -2.09600 -12.24800 6.02200 -1.68900 -3.41800 -4.98500 3.53000 0.01000 1.47500 -2.40100 -1.24100 -1.31200 2.28900 -2.72600 -1.86200
61.00000 2.02400 3.27600 -7.85300 1.13900 -0.22400 2.44100 -5.96100 -1.35300 1.96300 0.98700 -0.44800 -0.26400 1.12900 4.73000 -1.26100 -0.39700
62.00000 3.97700 5.71700 0.93600 -6.18500 0.75300 5.85900 -6.44900 -5.74700 4.89300 3.42800 1.99400 2.17700 4.05900 7.66000 0.20300 2.53300
63.00000 3.97700 4.25200 7.77200 -10.09100 2.21800 4.39500 -5.47300 -6.72400 8.31100 6.35800 3.94700 4.61800 6.50000 9.12500 1.66800 5.95100
64.00000 2.02400 -0.14200 8.26000 -7.16100 2.70600 -1.95300 -2.05500 -1.84100 10.26400 8.31100 6.38800 7.06000 7.96500 9.12500 2.64500 8.88100
65.00000 -1.88200 -3.56000 1.42400 0.16300 3.19400 -9.76600 2.34000 4.99500 11.24100 8.31100 7.36500 7.54800 8.45300 9.12500 1.66800 9.85700
66.00000 -5.78800 -4.53700 -6.38800 6.51000 3.68200 -12.69500 7.22200 8.90100 10.75200 7.82300 7.36500 6.57100 8.94200 10.59000 -0.28500 9.85700
67.00000 -6.76500 -2.58400 -10.29500 6.99900 3.68200 -7.81200 9.66400 7.92400 9.28800 7.82300 6.38800 4.13000 9.43000 14.98400 -2.23800 10.34500
68.00000 -4.32300 0.83400 -8.34100 2.60400 3.19400 3.41800 9.66400 4.01800 7.82300 9.28800 4.92400 2.66500 9.91800 19.37900 -2.72600 11.32200
69.00000 0.55900 3.76400 -2.48200 -2.27900 2.70600 14.64800 9.66400 0.60000 6.84600 10.75200 3.94700 2.66500 9.43000 21.33200 -0.77300 11.81000
70.00000 6.41900 4.74000 1.91200 -3.74300 1.72900 20.50800 9.66400 0.60000 6.35800 12.70500 3.45900 3.15300 8.45300 19.37900 3.13300 11.81000
71.00000 10.32500 4.25200 2.40100 -1.79000 1.72900 18.55500 10.15200 3.04200 7.33400 13.68200 3.45900 4.13000 6.98900 15.47200 5.57500 10.34500
72.00000 10.32500 3.76400 -0.52900 1.62800 2.70600 12.20700 9.66400 4.99500 9.28800 14.65900 3.45900 4.13000 6.01200 11.56600 4.59800 7.90400
73.00000 6.41900 3.76400 -4.43500 2.60400 3.19400 5.85900 6.24600 5.48300 10.26400 15.14700 3.45900 3.15300 5.52400 10.10100 2.64500 5.95100
74.00000 1.53600 3.76400 -7.36500 1.62800 2.70600 4.39500 1.36300 4.01800 10.26400 16.12300 3.94700 2.66500 5.52400 11.56600 0.20300 5.95100
75.00000 -1.39400 3.76400 -8.34100 -0.32600 2.21800 6.83600 -1.07800 3.53000 8.79900 16.12300 4.92400 3.64200 5.03500 13.03100 0.20300 7.90400
76.00000 -0.41700 2.78700 -7.36500 -0.81400 1.24100 10.25400 0.87500 4.01800 6.35800 15.14700 6.38800 4.13000 5.03500 13.51900 3.13300 9.85700
77.00000 3.00100 1.81100 -4.43500 -0.32600 0.75300 10.74200 7.22200 5.48300 5.38100 12.21700 6.87700 5.10700 4.54700 13.03100 6.06300 10.34500
78.00000 5.44200 1.81100 -0.04100 0.65100 0.26400 7.81200 12.59400 5.97100 5.38100 7.82300 6.38800 5.10700 4.54700 13.03100 7.03900 8.88100
79.00000 4.95400 2.29900 3.86600 0.65100 -0.22400 3.41800 11.12900 5.97100 5.38100 4.89300 5.41200 4.61800 5.03500 14.00800 5.57500 7.41600
80.00000 1.53600 1.81100 6.30700 -0.32600 -1.20000 0.48800 2.34000 5.48300 4.89300 3.91600 3.94700 4.61800 6.01200 15.47200 2.64500 5.95100
81.00000 -1.88200 0.34600 6.30700 -0.32600 -3.15300 0.00000 -7.91400 5.97100 3.91600 5.38100 2.97000 5.10700 6.50000 14.49600 -0.28500 5.95100
82.00000 -2.37000 -1.60700 3.37700 1.62800 -3.64200 1.46500 -11.82000 6.46000 2.94000 8.31100 2.48200 5.10700 6.01200 11.07800 -1.75000 5.95100
83.00000 -0.90500 -2.58400 -0.52900 4.55700 -3.64200 2.93000 -5.47300 5.97100 2.94000 10.75200 1.99400 4.13000 5.03500 6.68300 -2.23800 5.95100
84.00000 0.55900 -2.09600 -4.92400 6.99900 -2.66500 2.93000 6.73400 4.01800 3.42800 10.75200 2.48200 2.66500 4.05900 4.24200 -2.23800 5.46300
85.00000 -0.90500 -1.60700 -8.83000 6.51000 -1.68900 1.46500 16.01200 1.08800 3.91600 8.31100 2.48200 1.20000 3.08200 4.24200 -2.23800 3.99800
86.00000 -5.30000 -2.09600 -11.27100 2.60400 -2.17700 0.00000 15.52300 0.11200 3.91600 6.35800 2.97000 1.20000 3.08200 6.68300 -2.72600 3.99800
87.00000 -8.71800 -4.53700 -11.27100 -1.30200 -4.13000 -1.46500 7.22200 1.57700 3.42800 5.87000 2.97000 2.17700 3.57100 8.14800 -3.21500 4.48600
88.00000 -8.71800 -7.95500 -9.31800 -4.23200 -5.59500 -2.44100 -0.59000 4.01800 4.89300 7.33400 2.97000 3.15300 4.54700 7.17200 -3.70300 5.46300
89.00000 -4.32300 -9.90800 -6.38800 -4.72000 -5.10700 -2.93000 -2.05500 5.48300 5.38100 9.77600 3.94700 4.13000 6.50000 5.21900 -4.19100 6.43900
90.00000 -0.41700 -10.39600 -3.94700 -3.74300 -3.15300 -3.41800 2.82800 3.53000 7.33400 11.24100 4.92400 4.61800 7.47700 4.73000 -3.70300 7.41600
91.00000 0.07100 -9.90800 -3.94700 -2.27900 -1.20000 -4.88300 7.71100 0.60000 7.82300 10.75200 6.38800 4.61800 8.45300 7.66000 -1.75000 7.41600
92.00000 -2.85800 -8.93100 -5.41200 -2.27900 -1.20000 -6.34800 7.71100 -0.86500 6.35800 7.82300 6.87700 5.10700 8.45300 12.54300 1.18000 7.41600
93.00000 -6.76500 -8.93100 -5.41200 -2.76700 -2.66500 -6.83600 3.31600 0.60000 3.91600 5.38100 6.38800 5.10700 6.98900 15.96100 4.11000 6.92700
94.00000 -7.25300 -7.46700 -1.99400 -3.74300 -5.59500 -5.85900 -0.59000 4.01800 1.96300 4.40500 4.43500 5.10700 5.03500 14.98400 4.59800 4.97400
95.00000 -2.37000 -5.02500 4.35400 -2.76700 -7.06000 -3.90600 0.38700 6.94800 0.98700 4.89300 1.99400 4.13000 3.08200 10.10100 2.64500 3.02100
96.00000 3.48900 -1.11900 9.23700 -0.81400 -6.08300 -1.95300 4.78100 6.46000 1.96300 6.35800 -0.93600 2.66500 2.59400 4.24200 -1.26100 1.55600
97.00000 5.44200 0.83400 9.23700 1.13900 -3.15300 -2.93000 8.19900 3.53000 3.42800 6.35800 -2.88900 0.71200 3.08200 1.31200 -5.16800 0.58000
98.00000 2.02400 -0.14200 1.91200 1.13900 0.75300 -7.32400 4.78100 -0.37600 5.38100 5.87000 -3.86600 -0.75300 3.57100 2.77700 -7.60900 1.55600
99.00000 -4.32300 -2.09600 -9.80600 -0.81400 3.68200 -11.23000 -4.49600 -1.84100 6.84600 4.40500 -4.35400 -0.75300 4.05900 5.70700 -7.60900 2.53300
100.00000 -8.23000 -3.07200 -18.59500 -3.25500 3.68200 -10.74200 -15.72700 -1.35300 7.33400 2.94000 -4.35400 -1.24100 3.08200 7.66000 -6.14400 2.53300
101.00000 -6.76500 -2.09600 -20.06000 -4.23200 2.21800 -3.41800 -23.05100 1.08800 5.38100 2.45200 -5.33000 -1.24100 0.64100 6.68300 -4.67900 0.58000
102.00000 -1.39400 0.83400 -13.71300 -2.27900 -0.22400 6.83600 -23.53900 3.04200 2.94000 1.96300 -6.30700 -1.24100 -1.31200 4.24200 -4.67900 -1.37300
103.00000 3.00100 3.27600 -3.94700 1.13900 -2.17700 13.18400 -19.14500 4.01800 -0.47800 1.96300 -5.81900 -1.24100 -2.77700 2.28900 -6.14400 -2.83800
104.00000 4.46600 2.78700 3.37700 3.58100 -2.66500 12.20700 -10.84400 3.53000 -1.94300 2.45200 -3.86600 -1.24100 -2.28900 3.26500 -7.60900 -2.35000
105.00000 3.97700 -0.14200 5.33000 4.55700 -1.68900 3.90600 -0.10200 2.06500 -0.96600 2.94000 -1.91200 -0.75300 -1.31200 5.70700 -8.09700 -0.88500
106.00000 3.00100 -2.58400 2.40100 3.58100 0.26400 -4.39500 12.10500 1.08800 1.96300 2.94000 0.52900 -0.75300 0.64100 9.12500 -7.12100 1.06800
107.00000 4.46600 -2.58400 0.93600 3.58100 1.72900 -6.34800 20.40600 0.11200 4.40500 3.42800 1.01700 -1.72900 1.12900 10.10100 -6.63200 1.06800
108.00000 6.90700 -0.63100 2.40100 6.02200 2.21800 -1.46500 21.87100 0.11200 5.38100 3.91600 -0.93600 -2.70600 1.12900 8.63600 -6.63200 -0.39700
109.00000 8.37200 2.29900 5.81900 9.92800 1.72900 5.37100 14.05800 1.08800 4.40500 4.89300 -3.86600 -3.68200 0.64100 5.70700 -8.58600 -2.35000
110.00000 7.39500 4.74000 6.79500 12.85800 0.75300 8.30100 1.85100 3.04200 1.96300 5.38100 -6.30700 -3.68200 0.64100 3.75400 -9.56200 -3.32600
111.00000 5.44200 4.74000 2.88900 12.85800 -0.22400 5.37100 -7.91400 4.50600 0.98700 5.38100 -6.79500 -2.21800 0.64100 3.75400 -8.58600 -1.86200
112.00000 4.46600 3.27600 -2.48200 9.92800 -0.22400 0.00000 -8.89100 4.99500 1.47500 3.91600 -4.35400 0.22400 2.10600 5.21900 -3.70300 0.58000
113.00000 5.44200 2.78700 -4.43500 6.02200 0.26400 -1.95300 -1.56700 4.99500 2.45200 2.45200 0.04100 2.66500 3.57100 7.17200 2.15700 3.99800
114.00000 7.39500 3.76400 0.44800 4.06900 0.75300 0.48800 9.17600 4.50600 3.42800 2.94000 3.94700 4.61800 4.54700 8.14800 7.52800 4.97400
115.00000 7.88400 5.71700 10.21300 4.55700 1.24100 4.88300 15.52300 4.01800 3.91600 5.87000 5.90000 5.10700 4.05900 7.66000 8.99300 3.99800
116.00000 5.93100 6.20500 17.04900 7.97500 1.72900 7.81200 14.05800 4.50600 3.42800 9.77600 4.92400 3.15300 2.10600 5.21900 5.57500 0.58000
117.00000 3.00100 3.76400 16.56100 10.41700 2.21800 6.34800 9.17600 4.50600 3.42800 11.72900 1.50600 0.71200 -0.33600 3.26500 -0.77300 -1.86200
118.00000 1.04800 0.34600 8.74800 10.90500 2.21800 3.41800 4.78100 4.01800 3.42800 9.77600 -1.91200 -2.21800 -1.80100 3.26500 -7.12100 -3.32600
119.00000 2.02400 -2.09600 -0.52900 8.46400 1.72900 2.93000 3.80500 2.06500 2.94000 4.89300 -3.86600 -3.68200 -2.28900 5.21900 -11.02700 -3.32600
120.00000 4.95400 -0.63100 -4.92400 4.06900 0.75300 5.37100 4.29300 0.60000 2.45200 -0.47800 -3.86600 -3.68200 -1.80100 7.17200 -11.02700 -2.35000
121.00000 8.37200 3.27600 -2.48200 0.16300 0.26400 8.30100 3.31600 -0.37600 0.98700 -2.43100 -2.88900 -2.70600 -1.80100 7.17200 -8.58600 -2.35000
122.00000 10.32500 7.67000 3.86600 -0.81400 0.26400 7.81200 -0.59000 0.60000 0.01000 0.01000 -2.40100 -2.70600 -2.77700 4.24200 -6.14400 -3.81500
123.00000 10.81300 9.13500 8.26000 1.62800 0.26400 2.93000 -5.47300 3.04200 -0.96600 4.40500 -3.37700 -3.68200 -4.73000 -1.61700 -6.63200 -6.25600
124.00000 10.32500 7.67000 8.74800 6.02200 1.24100 -3.90600 -7.42600 4.99500 -0.96600 6.35800 -5.81900 -6.12400 -7.17200 -6.98900 -9.56200 -9.18600
125.00000 9.34900 5.22900 6.30700 9.92800 1.72900 -7.81200 -5.96100 5.48300 -0.96600 4.40500 -7.77200 -9.05400 -9.61300 -10.40600 -13.46800 -11.13900
126.00000 8.86000 3.27600 4.35400 10.90500 2.70600 -7.81200 -3.03100 4.50600 -0.96600 -1.45500 -8.74800 -10.51800 -10.59000 -9.91800 -15.91000 -12.11500
127.00000 7.39500 2.29900 3.86600 8.95200 2.21800 -5.37100 -2.05500 2.55300 -1.45500 -6.33700 -8.74800 -9.54200 -9.61300 -6.98900 -14.93300 -11.62700
128.00000 5.44200 1.81100 4.35400 5.53400 0.75300 -2.93000 -3.03100 1.57700 -2.43100 -8.77900 -7.77200 -7.58900 -8.63600 -4.05900 -12.98000 -10.16200
129.00000 3.97700 0.83400 3.37700 3.09200 -0.22400 -3.41800 -4.49600 0.60000 -2.92000 -7.80200 -7.77200 -5.63600 -6.19500 -2.59400 -11.02700 -8.69800
130.00000 3.97700 0.34600 0.93600 2.11600 -1.68900 -6.34800 -4.00800 0.11200 -2.92000 -5.36100 -8.26000 -5.14700 -5.21900 -2.59400 -10.53900 -7.72100
131.00000 4.95400 0.34600 -1.50600 2.60400 -2.66500 -9.27700 -1.56700 -0.37600 -1.94300 -3.89600 -9.23700 -5.63600 -4.73000 -3.08200 -11.51500 -7.23300
132.00000 5.93100 1.32200 -2.97000 3.09200 -2.66500 -10.25400 0.38700 -1.35300 -1.45500 -3.89600 -10.21300 -6.12400 -5.21900 -3.08200 -11.02700 -8.20900
133.00000 5.44200 1.32200 -2.48200 3.09200 -2.17700 -9.76600 -0.10200 -1.35300 -1.94300 -5.36100 -10.21300 -6.61200 -6.19500 -3.57100 -9.56200 -9.18600
134.00000 3.00100 0.34600 -1.50600 3.09200 -1.68900 -8.30100 -3.03100 -0.37600 -3.40800 -5.84900 -9.72500 -6.12400 -7.66000 -4.05900 -7.12100 -10.16200
135.00000 1.04800 -2.09600 -1.99400 3.58100 -1.68900 -6.83600 -5.47300 1.08800 -3.89600 -4.87300 -9.72500 -5.63600 -7.66000 -5.52400 -6.14400 -11.13900
136.00000 -0.41700 -5.02500 -3.45900 6.02200 -1.68900 -5.85900 -5.96100 2.55300 -3.89600 -3.40800 -10.21300 -5.63600 -6.19500 -5.52400 -7.12100 -10.16200
137.00000 -0.41700 -6.49000 -4.43500 8.46400 -1.20000 -6.34800 -4.00800 3.53000 -2.43100 -3.40800 -10.21300 -5.14700 -3.75400 -4.54700 -9.56200 -8.69800
138.00000 0.07100 -6.49000 -2.97000 9.92800 -1.20000 -7.81200 -0.59000 3.04200 -0.47800 -4.38400 -9.72500 -4.17100 -1.80100 -2.10600 -12.00400 -7.23300
139.00000 0.07100 -5.51400 0.44800 8.46400 -0.71200 -11.71900 2.82800 2.55300 0.98700 -6.82600 -7.77200 -2.70600 -0.82400 -1.12900 -11.02700 -6.25600
140.00000 -0.41700 -4.53700 4.84200 5.04600 0.26400 -16.60200 6.24600 2.06500 1.47500 -8.29100 -5.81900 -1.72900 -3.26500 -3.08200 -9.07400 -6.74400
141.00000 -1.39400 -4.04900 7.28400 1.13900 0.75300 -20.02000 7.71100 2.06500 0.98700 -8.77900 -4.84200 -1.72900 -6.19500 -6.50000 -7.60900 -8.69800
142.00000 -1.88200 -3.56000 6.79500 -0.81400 0.26400 -19.04300 6.73400 1.57700 -0.47800 -7.31400 -5.81900 -3.19400 -9.12500 -10.40600 -8.58600 -11.13900
143.00000 -1.39400 -3.07200 4.35400 0.16300 -1.68900 -12.69500 2.82800 1.08800 -0.96600 -5.36100 -7.77200 -5.63600 -10.10100 -11.87100 -11.51500 -12.60400
144.00000 -1.39400 -3.56000 0.93600 3.09200 -4.13000 -3.41800 -3.52000 1.08800 -1.94300 -3.40800 -9.23700 -6.61200 -8.14800 -9.91800 -13.95700 -12.11500
145.00000 -1.39400 -4.53700 -2.48200 6.02200 -5.59500 3.90600 -8.89100 1.57700 -1.94300 -1.45500 -9.23700 -5.63600 -5.21900 -6.50000 -12.98000 -9.67400
146.00000 -1.88200 -5.02500 -5.90000 6.51000 -5.10700 5.37100 -11.33200 1.57700 -2.43100 -0.96600 -6.79500 -3.19400 -3.26500 -3.08200 -8.58600 -6.74400
147.00000 -1.39400 -5.02500 -10.29500 5.53400 -3.15300 0.97700 -8.89100 2.06500 -2.92000 -3.40800 -3.37700 -0.75300 -2.77700 -2.10600 -3.70300 -4.79100
148.00000 -1.39400 -3.07200 -12.73600 3.58100 -0.22400 -5.37100 -4.00800 2.06500 -2.92000 -7.31400 -0.93600 -0.26400 -3.75400 -2.10600 -1.26100 -4.30300
149.00000 -1.88200 -1.60700 -12.24800 2.60400 1.72900 -8.78900 -0.10200 2.55300 -2.43100 -10.24400 -0.44800 -0.75300 -4.73000 -2.10600 -2.23800 -5.28000
150.00000 -1.88200 -1.11900 -7.36500 3.09200 1.24100 -6.83600 1.36300 3.04200 -1.45500 -10.24400 -1.91200 -2.21800 -4.73000 -1.12900 -5.16800 -6.25600
151.00000 -2.85800 -2.09600 -0.52900 3.58100 -0.71200 -2.93000 0.87500 3.53000 -0.47800 -6.33700 -3.86600 -3.68200 -3.75400 -0.15300 -7.60900 -6.25600
152.00000 -2.85800 -5.51400 4.35400 3.58100 -2.66500 -0.48800 0.87500 3.53000 0.01000 -1.45500 -5.81900 -3.68200 -2.77700 -0.15300 -8.58600 -6.25600
153.00000 -0.90500 -7.95500 3.37700 2.60400 -3.15300 -1.95300 1.85100 3.53000 -0.47800 1.96300 -6.79500 -3.68200 -3.26500 -1.12900 -9.07400 -6.25600
154.00000 2.02400 -7.95500 -1.01700 1.13900 -2.66500 -5.37100 3.80500 3.04200 -0.96600 0.98700 -7.28400 -3.19400 -4.24200 -3.57100 -9.56200 -6.25600
155.00000 4.46600 -4.53700 -4.92400 -0.81400 -2.17700 -7.32400 5.26900 1.57700 -0.96600 -2.43100 -7.77200 -3.19400 -4.24200 -4.54700 -9.56200 -6.25600
156.00000 5.44200 0.34600 -5.90000 -2.76700 -1.68900 -5.37100 4.78100 -0.37600 0.01000 -5.84900 -6.79500 -3.19400 -3.26500 -3.57100 -8.58600 -5.28000
157.00000 3.97700 3.76400 -2.48200 -4.72000 -3.15300 -1.95300 3.80500 -3.30600 1.47500 -7.31400 -5.81900 -2.21800 -0.33600 -1.12900 -5.16800 -4.30300
158.00000 1.04800 4.25200 1.42400 -5.69700 -4.61800 -0.48800 2.34000 -4.77100 2.45200 -5.84900 -4.35400 -1.24100 1.61700 2.28900 -0.77300 -2.35000
159.00000 -1.39400 0.83400 1.91200 -4.23200 -6.57100 -1.95300 -0.59000 -4.77100 1.96300 -1.94300 -2.40100 0.22400 2.59400 3.75400 1.66800 -1.37300
160.00000 -2.37000 -3.07200 -0.52900 -0.32600 -6.57100 -5.85900 -4.49600 -1.84100 0.49800 1.96300 -0.93600 1.20000 1.12900 3.75400 1.66800 -1.37300
161.00000 -2.85800 -5.51400 -2.97000 3.58100 -6.08300 -7.81200 -8.89100 2.55300 -0.96600 4.40500 -0.44800 1.20000 -0.82400 3.26500 -1.26100 -1.86200
162.00000 -2.37000 -6.49000 -2.48200 6.02200 -5.10700 -6.83600 -11.33200 5.97100 -1.94300 4.89300 -0.93600 0.71200 -2.28900 2.28900 -4.67900 -3.32600
163.00000 -1.88200 -6.97800 0.93600 6.02200 -4.13000 -4.88300 -10.35600 6.46000 -1.45500 3.42800 -1.91200 -0.26400 -2.77700 2.28900 -6.14400 -3.81500
164.00000 -0.90500 -7.46700 4.35400 3.58100 -3.64200 -3.90600 -4.00800 5.48300 -0.47800 1.47500 -2.88900 -1.24100 -2.77700 1.80100 -5.16800 -3.81500
165.00000 0.55900 -7.95500 5.33000 2.60400 -3.15300 -4.88300 4.29300 3.04200 0.01000 -0.96600 -2.88900 -1.24100 -2.77700 1.31200 -3.70300 -3.32600
166.00000 3.97700 -6.97800 5.33000 3.58100 -3.15300 -6.83600 10.64000 1.08800 -0.96600 -2.92000 -1.42400 -1.24100 -2.77700 1.31200 -2.72600 -2.35000
167.00000 7.88400 -5.02500 5.81900 6.99900 -3.15300 -8.30100 11.12900 1.08800 -2.43100 -3.40800 1.01700 -0.26400 -3.26500 0.82400 -2.72600 -1.86200
168.00000 10.32500 -3.07200 8.26000 8.95200 -4.13000 -8.78900 7.71100 2.55300 -3.89600 -4.38400 2.48200 0.22400 -3.26500 1.31200 -2.72600 -2.35000
169.00000 9.34900 -3.07200 11.19000 8.46400 -6.08300 -10.25400 3.31600 4.01800 -4.87300 -5.84900 2.48200 0.71200 -3.75400 1.31200 -2.72600 -4.30300
170.00000 4.95400 -6.00200 10.70100 5.04600 -7.54800 -12.69500 1.36300 4.99500 -4.38400 -6.82600 0.04100 0.22400 -4.24200 -0.15300 -3.21500 -5.76800
171.00000 -1.39400 -10.39600 5.81900 0.65100 -8.03600 -15.62500 3.80500 4.50600 -3.89600 -6.82600 -2.88900 -1.24100 -5.21900 -3.57100 -4.67900 -7.72100
172.00000 -6.76500 -12.83800 -1.50600 0.16300 -6.08300 -16.11300 8.19900 2.55300 -3.89600 -5.36100 -5.33000 -2.70600 -5.70700 -7.47700 -7.12100 -8.20900
173.00000 -9.20600 -11.37300 -6.87700 2.11600 -3.15300 -12.20700 10.64000 0.60000 -3.40800 -2.92000 -6.30700 -3.19400 -7.17200 -10.89500 -9.56200 -8.20900
174.00000 -9.20600 -7.46700 -8.34100 6.02200 -1.20000 -7.81200 9.66400 0.11200 -2.92000 -1.94300 -5.81900 -2.21800 -7.17200 -10.89500 -10.53900 -7.23300
175.00000 -6.27600 -3.07200 -5.90000 8.46400 -0.71200 -5.37100 4.78100 1.08800 -2.92000 -3.40800 -4.84200 -1.24100 -6.68300 -7.96500 -9.56200 -7.23300
176.00000 -2.85800 -1.11900 -2.48200 7.48700 -1.68900 -8.30100 -0.59000 3.04200 -2.92000 -6.33700 -4.84200 -0.26400 -5.21900 -3.08200 -7.12100 -6.25600
177.00000 0.07100 -0.14200 0.44800 4.55700 -2.66500 -13.67200 -2.05500 4.99500 -1.94300 -8.77900 -5.33000 0.71200 -3.75400 0.82400 -4.67900 -5.76800
178.00000 3.48900 -0.14200 2.88900 1.62800 -1.68900 -19.04300 -0.10200 5.97100 -0.47800 -8.77900 -4.84200 0.71200 -3.26500 2.28900 -3.21500 -4.79100
179.00000 4.95400 0.83400 5.33000 1.13900 0.75300 -19.04300 4.78100 5.97100 0.98700 -5.84900 -3.86600 1.20000 -2.28900 1.31200 -2.72600 -3.81500
180.00000 4.95400 2.29900 7.77200 2.11600 2.70600 -13.18400 8.68700 4.99500 1.47500 -1.45500 -1.91200 2.17700 -1.31200 0.33600 -1.26100 -1.86200
181.00000 2.02400 1.32200 9.72500 3.09200 1.72900 -3.41800 10.15200 4.01800 1.47500 1.47500 1.01700 3.64200 0.15300 1.31200 2.64500 0.58000
182.00000 -0.90500 -1.60700 10.21300 2.11600 -1.68900 4.88300 8.68700 3.53000 0.49800 2.94000 4.43500 6.08300 3.08200 4.73000 7.03900 3.02100
183.00000 -1.88200 -5.51400 9.72500 1.13900 -5.10700 8.30100 6.73400 4.01800 0.49800 2.94000 7.85300 9.01300 5.52400 8.14800 10.45700 5.95100
184.00000 -0.41700 -8.44300 9.72500 0.65100 -6.57100 5.37100 5.75800 4.99500 0.98700 3.42800 9.80600 10.96600 7.47700 9.61300 10.94600 7.41600
185.00000 3.00100 -8.93100 10.21300 2.60400 -5.10700 -1.46500 6.24600 6.46000 2.45200 3.42800 11.27100 10.96600 6.98900 8.14800 8.01600 6.92700
186.00000 5.93100 -6.49000 10.70100 6.51000 -1.68900 -7.81200 6.73400 7.92400 3.91600 3.42800 11.27100 9.50100 6.01200 4.73000 3.62100 4.97400
187.00000 6.41900 -2.58400 10.70100 8.95200 0.26400 -10.25400 7.71100 9.38900 3.42800 2.45200 9.31800 7.54800 4.05900 2.28900 1.18000 2.53300
188.00000 4.46600 0.83400 10.70100 8.95200 -0.71200 -7.81200 8.68700 8.90100 2.45200 1.47500 6.87700 6.08300 3.08200 2.77700 1.66800 1.06800
189.00000 2.51300 3.76400 11.19000 6.51000 -3.15300 -3.90600 13.08200 7.43600 0.98700 0.49800 4.92400 6.08300 3.08200 7.17200 4.59800 3.02100
190.00000 3.48900 5.71700 13.14300 3.09200 -5.10700 -0.97700 19.43000 5.48300 0.01000 0.01000 4.43500 7.06000 3.57100 11.56600 7.52800 6.43900
191.00000 6.41900 5.71700 16.07300 1.62800 -4.61800 -0.97700 25.28900 4.01800 1.47500 0.01000 6.38800 8.52500 4.05900 14.00800 8.50400 9.36900
192.00000 10.32500 4.25200 18.02600 3.09200 -2.66500 -2.93000 27.24200 4.99500 2.45200 -0.47800 8.83000 9.01300 4.05900 12.54300 8.01600 10.34500
193.00000 12.76700 1.32200 17.04900 7.48700 -1.20000 -3.90600 23.33600 6.94800 2.45200 -0.47800 11.27100 9.01300 3.57100 9.12500 7.52800 8.88100
194.00000 11.30200 -2.09600 12.65500 12.85800 -1.20000 -2.93000 16.50000 10.36600 0.98700 0.01000 11.75900 8.52500 2.59400 4.73000 7.52800 5.95100
195.00000 8.37200 -4.04900 7.77200 15.78800 -3.15300 -1.46500 12.10500 12.31900 -1.45500 1.96300 10.29500 8.03600 1.12900 2.77700 8.01600 2.53300
196.00000 5.44200 -4.53700 4.84200 15.78800 -5.59500 -1.95300 12.59400 12.80700 -2.43100 4.40500 7.85300 7.06000 0.64100 2.28900 7.52800 1.55600
197.00000 5.93100 -4.04900 6.79500 12.37000 -6.08300 -4.39500 17.47600 11.34200 -1.94300 7.33400 5.90000 6.57100 -0.33600 3.75400 6.06300 2.04500
198.00000 7.88400 -4.04900 11.67800 7.48700 -4.61800 -6.34800 21.38300 8.90100 0.98700 9.77600 5.41200 5.59500 -0.82400 4.73000 4.11000 3.99800
199.00000 10.81300 -4.04900 17.53700 3.58100 -1.68900 -4.88300 19.91800 6.46000 3.91600 10.26400 6.87700 5.59500 -0.33600 5.21900 3.13300 5.95100
200.00000 12.27800 -3.07200 20.46700 3.58100 0.26400 0.48800 14.54700 4.50600 5.38100 9.77600 8.83000 5.59500 1.12900 5.70700 4.11000 6.43900
201.00000 11.79000 0.34600 19.00200 6.02200 0.26400 5.85900 8.19900 4.01800 5.38100 8.31100 9.80600 5.59500 3.08200 7.66000 6.06300 6.92700
202.00000 11.30200 6.69400 16.07300 9.44000 -1.20000 8.78900 4.29300 4.99500 3.91600 5.87000 9.80600 5.10700 3.57100 10.59000 7.52800 6.92700
203.00000 10.81300 12.55300 13.63100 10.90500 -2.66500 6.34800 3.31600 5.48300 2.45200 4.40500 7.36500 4.13000 3.08200 13.51900 7.03900 6.43900
204.00000 10.81300 14.99400 15.58400 9.44000 -3.64200 0.97700 4.78100 5.97100 1.96300 3.91600 3.94700 2.17700 2.10600 14.49600 5.57500 5.95100
205.00000 10.81300 12.06500 20.46700 6.02200 -4.13000 -2.44100 6.73400 5.48300 1.96300 4.40500 1.50600 1.20000 1.12900 13.51900 4.11000 4.48600
206.00000 9.34900 5.71700 23.39700 2.60400 -4.13000 -1.95300 8.68700 4.99500 2.94000 6.35800 0.04100 0.22400 0.64100 10.59000 4.59800 3.51000
207.00000 8.37200 1.32200 20.95500 1.62800 -3.15300 1.95300 11.12900 4.01800 3.91600 8.79900 0.52900 0.71200 1.61700 8.14800 7.03900 3.02100
208.00000 8.86000 0.34600 14.11900 2.60400 -2.17700 5.85900 15.52300 4.01800 4.89300 10.26400 2.97000 1.68900 3.08200 7.66000 9.48100 3.99800
209.00000 10.81300 2.78700 7.28400 4.06900 -1.20000 7.32400 19.91800 4.01800 5.38100 11.24100 5.41200 3.15300 4.05900 8.14800 9.48100 5.95100
210.00000 12.76700 5.22900 5.33000 4.55700 -0.22400 5.37100 21.38300 4.99500 4.40500 11.24100 5.90000 3.64200 4.05900 8.14800 6.06300 7.41600
211.00000 11.79000 4.74000 8.26000 3.58100 -0.22400 2.93000 18.45300 5.48300 3.42800 9.28800 4.92400 3.64200 3.08200 7.17200 0.20300 6.92700
212.00000 7.39500 2.29900 11.19000 3.58100 -0.71200 1.46500 12.59400 5.97100 2.45200 6.84600 3.45900 2.66500 1.61700 5.21900 -3.70300 5.46300
213.00000 3.00100 -1.11900 10.70100 4.06900 -2.17700 1.46500 7.71100 5.97100 0.98700 3.42800 2.48200 2.17700 0.64100 3.75400 -4.19100 2.53300
214.00000 1.04800 -2.09600 6.30700 5.53400 -2.66500 0.48800 6.24600 5.97100 0.49800 1.47500 3.94700 3.15300 0.15300 3.26500 -0.77300 1.55600
215.00000 2.51300 -2.09600 2.40100 6.02200 -2.66500 -3.41800 9.66400 5.48300 0.49800 0.98700 6.38800 4.13000 0.15300 3.75400 3.62100 2.04500
216.00000 6.41900 -3.07200 3.37700 6.02200 -2.66500 -8.78900 14.54700 4.50600 0.98700 2.45200 7.85300 5.10700 -0.33600 3.75400 5.57500 3.02100
217.00000 8.86000 -6.00200 9.72500 5.53400 -2.17700 -12.69500 16.50000 4.01800 0.98700 4.40500 7.36500 5.10700 -0.82400 1.80100 4.11000 3.51000
218.00000 7.88400 -8.44300 16.56100 5.53400 -2.66500 -13.18400 13.57000 4.01800 0.98700 5.38100 4.43500 4.13000 -1.80100 -1.12900 0.69200 2.04500
219.00000 3.97700 -7.95500 18.51400 6.51000 -2.66500 -10.25400 6.73400 4.50600 0.49800 4.40500 1.50600 2.66500 -2.28900 -2.10600 -1.26100 -0.39700
220.00000 0.55900 -3.56000 12.65500 7.97500 -2.66500 -6.34800 0.87500 4.99500 0.98700 1.47500 -0.93600 1.20000 -3.26500 -0.64100 -1.26100 -3.32600
221.00000 0.55900 3.27600 2.88900 8.46400 -1.68900 -4.39500 0.38700 4.99500 0.98700 -1.45500 -1.42400 0.71200 -2.77700 2.28900 0.20300 -3.81500
222.00000 3.48900 7.67000 -4.92400 7.48700 -1.20000 -4.88300 5.26900 4.01800 1.96300 -2.43100 -0.93600 0.22400 -2.28900 4.24200 1.66800 -1.86200
223.00000 7.88400 6.69400 -5.90000 5.53400 -1.20000 -3.90600 12.59400 2.55300 2.45200 -1.94300 -0.44800 0.22400 -1.31200 4.73000 2.15700 1.55600
224.00000 10.81300 2.78700 -0.52900 3.58100 -2.66500 -0.97700 17.47600 2.06500 2.45200 -0.96600 0.52900 0.71200 -0.33600 2.77700 2.64500 5.46300
225.00000 10.81300 -0.14200 7.28400 4.06900 -4.61800 3.41800 16.01200 2.06500 2.45200 -1.45500 2.48200 1.20000 0.15300 0.33600 4.59800 7.90400
226.00000 9.34900 0.83400 12.65500 6.02200 -5.59500 5.85900 8.19900 3.53000 1.96300 -3.89600 3.94700 2.66500 0.64100 -0.15300 8.01600 8.88100
227.00000 7.39500 4.25200 11.67800 8.46400 -4.61800 4.88300 -1.56700 5.48300 1.96300 -4.87300 4.43500 3.64200 0.15300 1.31200 10.45700 8.39200
228.00000 5.44200 6.20500 6.79500 9.92800 -2.66500 1.95300 -7.91400 6.46000 1.96300 -3.40800 2.97000 2.66500 0.15300 3.26500 8.99300 6.92700
229.00000 3.97700 4.25200 1.42400 10.41700 -1.20000 -0.48800 -9.37900 5.97100 1.96300 0.49800 -1.91200 0.22400 -0.33600 4.73000 2.64500 4.97400
230.00000 3.00100 -1.11900 -0.04100 9.44000 -2.17700 0.00000 -5.47300 4.01800 1.47500 4.40500 -7.77200 -3.19400 -0.33600 4.24200 -5.65600 3.02100
231.00000 3.48900 -5.02500 2.40100 7.48700 -4.13000 2.44100 1.36300 2.06500 0.98700 4.40500 -11.19000 -5.14700 0.15300 3.26500 -11.51500 1.55600
232.00000 4.95400 -6.00200 6.79500 4.55700 -6.08300 2.93000 7.71100 1.08800 0.98700 0.49800 -9.23700 -4.17100 1.12900 2.77700 -11.51500 1.55600
233.00000 6.90700 -3.56000 7.77200 1.13900 -6.57100 0.00000 11.61700 2.06500 0.98700 -3.89600 -4.35400 -1.24100 1.61700 3.75400 -6.14400 2.53300
234.00000 7.88400 -1.11900 4.35400 -0.32600 -6.57100 -4.88300 13.08200 4.01800 1.47500 -3.89600 1.01700 2.66500 2.10600 5.70700 0.69200 4.48600
235.00000 6.90700 -1.60700 -0.04100 -0.32600 -5.10700 -7.81200 13.08200 6.46000 1.47500 0.98700 3.94700 5.10700 1.61700 7.66000 5.08600 5.46300
236.00000 4.95400 -3.56000 -1.01700 1.13900 -4.61800 -7.32400 11.12900 7.43600 0.49800 7.82300 3.94700 5.59500 0.15300 9.12500 4.59800 5.95100
237.00000 3.00100 -5.51400 4.84200 3.09200 -5.59500 -4.88300 7.71100 6.94800 -0.96600 11.72900 1.99400 4.13000 -1.31200 8.63600 2.15700 5.46300
238.00000 2.51300 -5.02500 14.60800 3.58100 -7.06000 -3.41800 2.34000 4.99500 -1.94300 9.28800 1.50600 2.66500 -2.28900 6.19500 -0.77300 3.99800
239.00000 2.51300 -2.58400 20.46700 3.09200 -9.50100 -4.39500 -2.05500 3.53000 -0.96600 2.94000 1.99400 2.17700 -1.80100 3.75400 -1.75000 3.51000
240.00000 1.53600 -0.14200 17.04900 2.60400 -10.47800 -7.81200 -2.54300 3.53000 0.49800 -1.45500 2.97000 1.20000 -0.82400 2.28900 -1.75000 2.53300
241.00000 -0.41700 -0.14200 5.81900 2.11600 -10.47800 -9.76600 0.87500 4.01800 1.96300 -0.96600 1.50600 0.71200 0.15300 3.75400 -2.23800 2.04500
242.00000 -2.85800 -2.09600 -5.41200 2.60400 -9.98900 -8.78900 8.68700 4.01800 2.45200 3.91600 -1.91200 -0.26400 1.61700 7.17200 -3.21500 2.04500
243.00000 -2.85800 -4.53700 -9.31800 3.09200 -9.01300 -5.37100 16.01200 3.53000 1.96300 8.79900 -5.33000 -1.24100 2.10600 11.56600 -5.16800 2.04500
244.00000 0.07100 -5.02500 -2.97000 2.11600 -8.03600 -2.93000 17.96500 2.06500 1.47500 9.77600 -7.77200 -1.72900 2.59400 13.51900 -6.14400 1.55600
245.00000 5.44200 -4.04900 6.79500 -0.32600 -7.06000 -1.95300 13.57000 0.60000 1.96300 5.87000 -7.77200 -1.24100 2.59400 12.05400 -7.12100 1.06800
246.00000 8.37200 -2.09600 11.19000 -2.76700 -6.57100 -2.44100 4.78100 -0.37600 2.45200 1.47500 -6.30700 -0.26400 3.08200 8.63600 -7.12100 1.06800
247.00000 7.39500 -1.60700 6.79500 -4.23200 -6.08300 -2.44100 -4.49600 -0.37600 3.42800 -0.96600 -5.33000 0.71200 3.08200 4.24200 -6.63200 1.55600
248.00000 3.00100 -3.07200 -2.48200 -2.76700 -6.08300 -2.44100 -8.89100 0.11200 3.42800 0.49800 -5.81900 0.71200 2.10600 1.31200 -5.16800 2.53300
249.00000 -0.90500 -5.51400 -8.34100 0.16300 -6.08300 -1.95300 -7.91400 0.60000 2.94000 2.94000 -6.79500 0.71200 1.12900 0.82400 -3.70300 3.02100
250.00000 -1.39400 -6.97800 -5.90000 4.06900 -5.59500 -2.44100 -3.03100 1.57700 2.45200 3.91600 -7.77200 0.22400 0.15300 1.31200 -1.75000 2.53300
251.00000 3.48900 -6.00200 1.91200 6.51000 -5.10700 -3.90600 1.85100 3.04200 1.96300 1.96300 -7.28400 0.22400 -1.31200 1.31200 -1.75000 0.58000
252.00000 9.34900 -2.09600 8.74800 7.97500 -5.10700 -5.85900 4.29300 4.01800 1.96300 -0.47800 -7.28400 0.22400 -1.80100 0.33600 -3.21500 -1.86200
253.00000 12.27800 1.32200 8.26000 7.48700 -6.08300 -6.83600 3.31600 4.99500 0.98700 -2.92000 -6.30700 0.22400 -1.80100 -0.15300 -6.14400 -2.35000
254.00000 9.34900 3.27600 2.40100 6.51000 -8.03600 -5.85900 1.36300 4.99500 -0.47800 -3.40800 -5.33000 1.20000 -1.31200 0.82400 -8.58600 -1.37300
255.00000 3.00100 1.32200 -3.94700 5.53400 -9.98900 -4.88300 0.38700 4.50600 -1.45500 -2.43100 -4.35400 2.66500 -0.33600 3.75400 -9.07400 1.06800
256.00000 -1.88200 -2.58400 -4.92400 4.06900 -11.45400 -4.88300 1.36300 4.01800 -1.94300 -1.45500 -2.88900 4.13000 0.15300 5.70700 -7.60900 3.51000
