1.00000 0.58000 -4.48600 4.02800 5.21900 -1.02700 -0.13200 2.93000 3.93700 -2.98100 -2.69600 13.41800 10.94600 -7.59900 -16.67300 2.70600 -8.09700
2.00000 -4.79100 -7.41600 0.61000 2.28900 -2.98100 -3.55000 3.41800 4.42500 -3.46900 -2.69600 13.41800 14.36400 -4.66900 -13.74300 8.56500 -5.65600
3.00000 -9.67400 -6.43900 -3.29600 -1.12900 -4.93400 -5.01500 3.90600 4.42500 -3.46900 -2.69600 11.46400 15.82800 -0.76300 -9.83700 11.00700 -2.72600
4.00000 -11.62700 -3.99800 -6.22600 -4.54700 -5.91000 -4.03800 4.39500 3.44800 -2.98100 -3.18400 9.51100 15.82800 3.63200 -4.95400 9.05400 -0.77300
5.00000 -10.65100 -2.53300 -7.69000 -7.47700 -5.91000 -3.55000 3.90600 1.98400 -1.51600 -3.18400 8.53500 13.38700 7.53800 0.41700 5.14700 0.69200
6.00000 -7.72100 -3.02100 -7.69000 -8.94200 -4.44500 -3.06200 2.93000 0.51900 0.92600 -0.74300 9.02300 10.45700 10.95600 5.78800 3.19400 3.13300
7.00000 -3.81500 -4.97400 -6.22600 -9.43000 -3.46900 -4.52700 0.48800 -1.43400 2.87900 1.69900 8.53500 7.03900 12.42100 10.18300 4.65900 6.55100
8.00000 0.09200 -6.43900 -3.78400 -8.45300 -3.46900 -5.99200 -0.97700 -2.41100 3.85500 4.62900 7.07000 4.11000 12.90900 13.11200 7.10000 10.45700
9.00000 1.55600 -5.95100 -0.36600 -5.52400 -3.95700 -5.99200 -0.97700 -1.92300 3.36700 4.62900 4.14000 2.15700 11.44400 13.60100 8.07700 11.92200
10.00000 1.55600 -3.51000 4.51700 -1.61700 -4.93400 -3.55000 0.97700 -0.94600 1.90200 2.18700 2.18700 0.20300 9.00300 11.64800 4.17100 10.45700
11.00000 0.09200 -1.06800 8.91100 2.77700 -4.93400 0.35600 3.90600 0.51900 0.92600 -0.74300 1.21100 -2.23800 7.05000 9.20600 -2.66500 6.06300
12.00000 -0.88500 -0.09200 10.86400 6.19500 -3.95700 3.28600 5.85900 1.00700 -0.05100 -2.20700 0.72200 -4.19100 5.09600 6.76500 -7.54800 1.66800
13.00000 -1.37300 -1.06800 9.88800 7.17200 -2.98100 3.77400 6.83600 1.00700 -0.05100 -0.74300 0.23400 -6.14400 4.12000 6.27600 -7.54800 -0.77300
14.00000 -0.39700 -2.04500 5.98100 5.70700 -2.00400 2.79700 5.37100 0.51900 -0.05100 3.16400 -1.71900 -7.12100 2.65500 6.27600 -3.64200 -1.26100
15.00000 1.06800 -1.55600 2.07500 3.75400 -1.51600 1.33300 3.90600 0.51900 -0.05100 6.58200 -3.67200 -7.12100 0.70200 5.30000 0.26400 -1.26100
16.00000 2.04500 -0.09200 1.58700 2.28900 -1.02700 1.33300 1.95300 0.51900 -0.53900 8.04600 -4.64900 -5.65600 -2.22800 2.85800 1.24100 -1.75000
17.00000 2.53300 2.35000 3.54000 2.28900 -0.05100 2.30900 0.97700 1.00700 -1.51600 7.07000 -3.18400 -4.67900 -5.15700 -0.55900 -1.68900 -3.70300
18.00000 2.53300 2.83800 6.47000 3.26500 1.41400 3.28600 0.00000 1.98400 -2.49200 4.14000 -1.23100 -3.21500 -7.59900 -3.97700 -6.08300 -4.67900
19.00000 1.55600 0.39700 7.93500 4.73000 1.90200 1.82100 -0.48800 2.96000 -3.95700 0.72200 0.23400 -1.75000 -9.06400 -6.90700 -8.52500 -5.16800
20.00000 -0.39700 -4.48600 5.49300 5.70700 0.92600 -2.08500 -0.48800 3.44800 -5.42200 -2.69600 0.23400 -0.77300 -10.04000 -9.83700 -8.03600 -5.65600
21.00000 -2.83800 -10.34500 0.61000 4.73000 -1.51600 -6.48000 -0.48800 3.93700 -6.39900 -4.64900 -1.23100 1.66800 -10.04000 -13.25500 -5.59500 -7.60900
22.00000 -6.25600 -14.25200 -4.76100 2.77700 -4.93400 -9.41000 0.48800 3.93700 -7.86300 -6.60200 -0.74300 5.08600 -9.06400 -16.18400 -3.64200 -11.51500
23.00000 -9.67400 -15.22800 -8.17900 0.33600 -7.37500 -9.89800 2.44100 4.42500 -7.86300 -7.09000 2.67500 9.48100 -7.11100 -17.64900 -1.20000 -14.44500
24.00000 -11.13900 -14.74000 -8.66700 -2.59400 -7.86300 -7.94500 3.41800 4.91300 -6.88700 -6.60200 8.53500 14.36400 -3.20400 -14.72000 1.72900 -13.46800
25.00000 -11.62700 -12.78700 -7.20200 -5.52400 -7.37500 -5.99200 3.90600 4.42500 -4.93400 -5.13700 14.39400 17.78200 3.14300 -7.88400 6.12400 -7.60900
26.00000 -11.62700 -11.32200 -6.22600 -7.96500 -5.91000 -5.50300 2.93000 3.44800 -2.49200 -3.18400 16.83600 18.27000 9.49100 1.39400 10.51800 2.15700
27.00000 -11.62700 -10.34500 -5.73700 -9.91800 -4.44500 -6.48000 0.48800 1.49500 -0.05100 -1.71900 15.37100 15.82800 14.86200 9.20600 12.96000 9.96900
28.00000 -11.13900 -9.85700 -5.24900 -10.89500 -2.98100 -7.94500 -1.95300 -0.94600 1.90200 -1.23100 10.48800 11.92200 17.30300 14.08900 12.47200 13.87500
29.00000 -11.13900 -9.36900 -4.27200 -9.43000 -2.49200 -8.43300 -2.93000 -2.41100 2.39100 -1.23100 6.58200 8.01600 16.81500 14.57700 9.05400 11.92200
30.00000 -9.67400 -7.90400 -2.80800 -6.50000 -2.00400 -7.45600 -1.95300 -1.92300 2.39100 -1.71900 5.11700 5.08600 13.39700 12.13600 4.65900 7.03900
31.00000 -7.72100 -5.46300 -0.85400 -2.59400 -1.02700 -5.01500 0.48800 -0.94600 2.39100 -0.74300 6.09300 3.62100 9.49100 10.18300 2.21800 3.13300
32.00000 -4.30300 -2.53300 0.61000 1.31200 -0.05100 -2.08500 3.41800 0.51900 2.39100 1.69900 7.07000 1.18000 6.56100 8.23000 1.24100 2.15700
33.00000 -0.39700 -0.58000 2.07500 3.75400 1.41400 0.35600 5.37100 1.00700 2.39100 4.14000 6.58200 -1.26100 5.58500 7.25300 1.24100 3.13300
34.00000 3.51000 1.86200 3.05200 3.75400 3.36700 2.30900 5.85900 1.00700 2.87900 6.09300 5.11700 -3.70300 5.09600 6.27600 0.26400 4.59800
35.00000 6.43900 3.32600 4.51700 2.28900 4.83200 3.28600 4.88300 1.00700 2.87900 6.58200 3.16400 -4.67900 4.60800 4.32300 -1.20000 5.08600
36.00000 6.92700 3.81500 5.98100 0.33600 6.29700 3.77400 3.41800 0.51900 2.87900 6.09300 2.18700 -3.70300 3.63200 2.37000 -2.66500 3.62100
37.00000 4.97400 3.32600 7.44600 -0.64100 7.27300 4.26200 1.95300 0.51900 2.39100 6.09300 3.16400 -1.75000 1.67800 1.39400 -2.66500 1.66800
38.00000 2.04500 1.86200 7.44600 -0.15300 7.27300 3.77400 1.46500 0.51900 2.87900 6.09300 4.14000 -0.77300 0.70200 2.37000 -0.22400 1.66800
39.00000 -0.39700 0.88500 6.47000 0.82400 5.80900 3.28600 1.46500 0.51900 3.36700 7.55800 5.11700 -0.77300 1.19000 5.30000 3.68200 4.11000
40.00000 -0.88500 -0.58000 5.00500 1.31200 3.36700 3.28600 2.44100 0.51900 4.34400 8.04600 5.60500 -0.28500 3.14300 9.20600 7.58900 7.52800
41.00000 1.06800 -1.06800 3.54000 1.80100 1.41400 3.77400 4.39500 0.51900 4.83200 8.53500 7.55800 1.18000 5.58500 12.13600 10.51800 10.45700
42.00000 3.51000 -0.58000 2.56300 0.82400 -0.05100 5.23900 6.83600 1.00700 4.83200 8.53500 10.48800 4.59800 7.53800 12.62400 11.98300 11.43400
43.00000 4.97400 0.39700 3.05200 0.33600 -0.05100 7.19200 9.76600 2.47200 4.34400 8.04600 15.37100 9.96900 7.53800 11.64800 12.47200 9.96900
44.00000 3.99800 0.88500 5.00500 -0.15300 1.41400 8.16900 12.20700 4.42500 3.85500 8.04600 19.76500 14.85200 6.56100 10.67100 13.93600 7.52800
45.00000 1.06800 1.86200 7.44600 -1.12900 2.87900 7.19200 13.67200 5.40200 3.36700 7.55800 23.67100 17.78200 6.56100 10.18300 16.37800 7.52800
46.00000 -1.37300 1.37300 8.91100 -2.10600 2.87900 4.26200 14.16000 5.89000 2.87900 7.07000 24.64800 17.78200 6.56100 10.67100 18.81900 9.96900
47.00000 -2.35000 0.88500 9.39900 -3.57100 2.39100 1.82100 13.67200 5.40200 2.87900 7.07000 23.67100 16.31700 7.05000 11.15900 19.30700 13.38700
48.00000 -1.37300 0.39700 8.42300 -3.57100 0.92600 0.84400 12.20700 4.91300 2.87900 7.07000 19.27700 13.87500 6.56100 9.69400 16.86600 14.36400
49.00000 1.06800 0.88500 6.47000 -3.57100 -0.05100 1.33300 10.25400 4.42500 2.87900 8.04600 13.90600 10.94600 4.60800 6.27600 11.00700 11.43400
50.00000 3.51000 1.86200 5.00500 -2.59400 -0.05100 3.28600 7.32400 3.44800 2.39100 9.02300 8.53500 7.52800 2.16700 1.88200 4.17100 6.06300
51.00000 3.99800 3.32600 4.51700 -2.10600 0.92600 4.75100 4.88300 2.47200 2.39100 9.02300 4.62800 4.59800 0.70200 -1.04800 -0.22400 1.66800
52.00000 3.02100 4.30300 4.51700 -2.10600 2.39100 4.75100 2.44100 1.49500 2.39100 7.07000 3.16400 2.15700 0.70200 -1.04800 -1.20000 0.69200
53.00000 1.55600 4.30300 4.51700 -2.59400 2.87900 3.77400 0.97700 0.03100 2.87900 3.65200 4.62800 0.69200 2.16700 0.90500 0.75300 3.13300
54.00000 1.06800 4.30300 3.54000 -2.59400 3.36700 3.28600 0.00000 -0.94600 3.36700 0.72200 6.09300 0.20300 3.63200 2.85800 2.70600 6.06300
55.00000 1.55600 4.30300 2.07500 -2.10600 4.34400 4.75100 -0.48800 -1.43400 3.85500 -0.74300 6.58200 -0.28500 3.63200 3.34700 1.72900 6.55100
56.00000 2.53300 5.28000 2.56300 -0.64100 5.80900 7.19200 -0.48800 -1.43400 4.34400 0.72200 4.62800 -0.77300 1.67800 1.88200 -1.68900 5.08600
57.00000 4.48600 6.25600 5.00500 1.80100 7.27300 9.14500 0.97700 -0.45800 5.32000 3.16400 2.18700 -2.23800 -0.27500 -0.07100 -5.10700 3.13300
58.00000 4.97400 7.23300 9.88800 3.75400 9.22600 10.12200 4.39500 1.49500 5.32000 6.09300 2.67500 -1.75000 -1.25100 -0.55900 -5.59500 3.62100
59.00000 5.46300 7.72100 14.77100 5.70700 9.71500 11.09800 8.78900 3.44800 5.80900 9.02300 6.09300 0.69200 -0.27500 1.88200 -1.68900 6.06300
60.00000 7.41600 9.18600 18.67700 7.17200 9.22600 12.07500 13.18400 4.91300 5.80900 10.97600 10.97600 4.11000 1.19000 5.30000 4.65900 8.50400
61.00000 11.81000 11.62700 21.11800 8.63600 8.25000 15.00400 16.60200 6.37800 5.80900 12.92900 14.39400 7.52800 2.65500 7.25300 9.54200 7.52800
62.00000 17.18100 16.02200 22.09500 9.61300 7.76200 18.42200 17.57800 6.86600 6.29700 14.39400 14.88200 8.50400 3.63200 7.74100 11.49500 3.62100
63.00000 21.08800 19.44000 22.09500 10.10100 8.73800 20.37600 17.09000 6.37800 6.29700 15.37100 12.92900 7.52800 3.14300 6.76500 10.03000 0.20300
64.00000 21.08800 21.39300 22.09500 9.61300 9.71500 19.88700 16.11300 5.89000 6.78500 14.88200 11.95300 6.06300 2.65500 5.78800 8.07700 1.18000
65.00000 16.69300 19.92800 20.14200 8.14800 10.69100 17.44600 15.13700 5.40200 6.29700 11.95300 13.41800 6.55100 2.65500 6.27600 8.56500 6.06300
66.00000 10.83400 16.02200 17.21200 7.17200 10.69100 15.98100 14.16000 4.91300 5.80900 8.53500 16.34700 8.01600 4.12000 7.74100 11.00700 11.43400
67.00000 7.41600 12.11500 13.30600 6.19500 9.71500 16.46900 12.20700 4.42500 5.32000 6.09300 17.81200 8.99300 5.09600 8.71800 12.47200 13.87500
68.00000 6.92700 9.67400 10.86400 5.21900 7.76200 19.39900 9.27700 3.44800 5.32000 5.11700 15.37100 8.50400 5.58500 9.20600 11.49500 11.92200
69.00000 8.88100 8.20900 10.37600 4.24200 5.32000 20.37600 5.37100 1.98400 5.80900 7.07000 10.00000 6.55100 6.56100 9.20600 7.58900 8.50400
70.00000 9.85700 7.23300 10.37600 1.31200 3.36700 17.44600 1.95300 0.51900 5.32000 10.48800 5.11700 4.59800 8.02600 9.69400 4.17100 7.03900
71.00000 8.88100 6.25600 10.37600 -1.61700 1.41400 10.12200 0.00000 0.03100 5.32000 12.92900 3.65200 5.08600 9.49100 11.15900 4.17100 9.48100
72.00000 6.43900 5.76800 7.93500 -3.57100 0.43700 2.79700 -0.48800 -0.45800 4.34400 12.44100 5.60500 7.52800 10.95600 13.11200 8.07700 13.38700
73.00000 4.48600 5.28000 3.54000 -4.54700 0.92600 -1.10900 -0.48800 0.03100 3.36700 8.53500 9.02300 9.48100 10.95600 13.11200 11.98300 14.36400
74.00000 3.02100 5.76800 -0.85400 -3.08200 2.39100 0.84400 -1.46500 0.51900 2.39100 2.18700 10.97600 9.96900 8.51400 10.67100 12.47200 10.45700
75.00000 2.53300 6.74400 -3.29600 -0.15300 3.85500 6.21500 -3.41800 1.49500 1.41400 -3.67200 9.51100 8.50400 5.09600 7.25300 8.07700 4.59800
76.00000 2.04500 6.74400 -2.31900 1.80100 4.83200 10.12200 -5.37100 1.49500 0.92600 -6.11400 7.07000 7.03900 3.14300 4.81200 2.21800 1.18000
77.00000 0.58000 6.25600 0.61000 1.80100 4.83200 9.63300 -6.83600 1.49500 0.92600 -5.62500 5.60500 6.55100 3.63200 5.30000 -0.71200 2.15700
78.00000 0.09200 4.79100 4.02800 0.33600 4.34400 6.21500 -5.37100 1.49500 0.92600 -2.69600 6.58200 8.01600 5.58500 8.23000 2.70600 8.01600
79.00000 1.55600 3.32600 6.47000 -1.12900 3.85500 1.82100 -1.95300 1.98400 1.41400 0.72200 10.48800 10.94600 7.53800 11.15900 10.51800 12.89900
80.00000 5.46300 4.30300 8.42300 -1.12900 4.34400 0.84400 2.93000 2.96000 2.39100 2.67500 13.90600 12.89900 7.53800 11.64800 17.35400 14.36400
81.00000 11.32200 7.23300 10.86400 1.31200 5.80900 4.26200 7.81200 4.42500 2.39100 3.65200 16.34700 12.41000 6.07300 8.71800 17.35400 11.92200
82.00000 15.71700 12.11500 13.79400 5.70700 8.25000 10.12200 10.25400 5.40200 2.39100 3.65200 16.34700 10.45700 4.12000 5.30000 11.00700 7.03900
83.00000 17.18100 16.51000 16.72400 8.63600 10.69100 15.00400 10.74200 5.89000 2.87900 3.65200 14.88200 8.50400 3.14300 2.85800 2.21800 4.11000
84.00000 16.20500 17.97500 18.18800 9.61300 11.66800 17.44600 9.27700 5.40200 3.36700 3.65200 13.90600 7.52800 3.63200 2.85800 -3.15300 3.13300
85.00000 13.76300 16.02200 16.23500 9.12500 12.15600 16.46900 7.32400 4.91300 4.34400 3.16400 12.44100 7.03900 4.60800 4.32300 -2.17700 3.62100
86.00000 10.83400 12.11500 13.79400 8.14800 12.15600 14.02800 6.34800 4.42500 5.80900 2.67500 11.46400 6.55100 5.58500 5.78800 3.68200 3.62100
87.00000 8.88100 9.67400 10.86400 8.14800 12.64400 11.09800 7.32400 3.93700 6.29700 1.69900 9.51100 5.57500 4.60800 4.81200 9.54200 2.15700
88.00000 8.88100 10.65100 10.37600 8.63600 13.13300 10.12200 8.78900 3.93700 6.29700 1.21100 7.07000 4.11000 3.63200 2.37000 10.03000 0.20300
89.00000 9.36900 13.58000 11.84100 8.63600 13.13300 10.12200 9.27700 3.93700 5.80900 1.69900 6.58200 3.62100 2.16700 0.41700 6.12400 -0.77300
90.00000 10.34500 16.02200 13.30600 6.68300 12.64400 10.61000 7.81200 3.93700 5.32000 2.18700 7.55800 4.11000 1.67800 -0.55900 0.26400 0.20300
91.00000 9.85700 14.55700 12.32900 3.75400 11.66800 11.09800 4.39500 3.44800 4.34400 2.67500 10.48800 6.06300 2.16700 0.41700 -3.15300 1.66800
92.00000 7.41600 9.67400 7.44600 0.82400 9.22600 11.09800 -0.48800 2.96000 3.85500 2.67500 12.92900 7.52800 1.67800 1.39400 -2.66500 1.66800
93.00000 2.04500 3.32600 1.09900 -0.64100 7.76200 10.12200 -4.39500 1.98400 3.36700 1.69900 13.41800 8.01600 1.67800 1.39400 -0.71200 0.20300
94.00000 -3.32600 -1.06800 -4.27200 -0.15300 6.78500 7.68000 -5.85900 1.49500 2.87900 0.23400 10.00000 6.06300 1.67800 -0.07100 0.75300 -1.75000
95.00000 -7.72100 -1.55600 -5.73700 1.31200 6.78500 4.26200 -6.83600 0.51900 3.36700 -0.25400 5.11700 3.13300 1.67800 -1.04800 0.26400 -3.70300
96.00000 -8.69800 -0.09200 -4.27200 2.77700 7.76200 2.30900 -6.83600 0.03100 4.34400 0.23400 0.23400 1.18000 2.65500 -1.53600 -2.17700 -4.19100
97.00000 -7.72100 2.35000 -1.83100 3.26500 8.25000 2.30900 -6.83600 -0.45800 5.32000 2.18700 -1.71900 0.69200 3.14300 -0.55900 -4.13000 -4.67900
98.00000 -5.28000 3.32600 -0.36600 3.26500 8.25000 4.26200 -7.81200 -0.45800 6.29700 4.62900 -0.25400 2.15700 2.16700 0.41700 -4.61800 -5.65600
99.00000 -3.32600 3.81500 -0.85400 3.26500 7.76200 7.19200 -7.81200 -0.45800 6.29700 5.11700 3.16400 4.11000 1.19000 0.90500 -4.13000 -5.16800
100.00000 -1.86200 5.28000 -0.85400 3.75400 7.76200 10.12200 -7.81200 -0.45800 5.80900 4.14000 4.62800 4.11000 0.21400 0.41700 -3.15300 -3.21500
101.00000 0.58000 7.23300 0.61000 4.73000 8.73800 11.09800 -8.30100 -0.94600 5.32000 2.18700 3.16400 2.64500 0.70200 0.41700 -2.66500 -0.28500
102.00000 4.48600 9.67400 3.54000 5.70700 9.71500 11.09800 -8.30100 -1.43400 5.32000 0.72200 0.23400 -0.77300 2.65500 1.39400 -2.66500 3.13300
103.00000 8.88100 11.13900 5.98100 6.19500 11.18000 9.63300 -8.30100 -1.43400 6.29700 1.21100 -2.20700 -3.21500 3.63200 3.34700 -3.15300 3.62100
104.00000 11.81000 10.65100 5.98100 7.17200 11.66800 7.68000 -7.81200 -1.43400 7.27300 3.16400 -2.69600 -3.21500 2.65500 3.83500 -3.15300 0.20300
105.00000 11.81000 8.20900 4.51700 8.14800 11.66800 6.21500 -5.85900 -0.94600 7.27300 5.60500 -0.25400 -1.75000 0.70200 1.88200 -3.64200 -4.67900
106.00000 8.39200 6.25600 3.05200 8.63600 11.18000 4.75100 -2.44100 0.03100 7.27300 6.09300 3.65200 0.20300 -1.74000 -0.55900 -4.13000 -8.58600
107.00000 4.48600 5.28000 3.05200 8.14800 10.20300 4.26200 0.97700 0.51900 6.29700 5.11700 5.60500 1.66800 -3.20400 -3.00100 -4.13000 -8.58600
108.00000 2.04500 6.74400 5.00500 6.68300 9.22600 5.23900 3.41800 0.51900 5.80900 2.18700 6.09300 2.15700 -2.71600 -3.48900 -3.15300 -5.65600
109.00000 2.53300 11.13900 7.44600 4.24200 8.25000 6.70400 2.93000 0.03100 5.80900 -0.25400 4.62800 1.18000 -1.74000 -2.51300 -1.20000 -2.23800
110.00000 4.48600 15.53300 8.42300 2.28900 7.76200 9.63300 0.97700 -0.45800 6.78500 -0.25400 3.65200 0.69200 -1.25100 -0.55900 -0.22400 -0.77300
111.00000 5.95100 17.48700 7.44600 1.31200 7.76200 12.07500 -1.46500 -0.94600 7.27300 2.18700 2.67500 0.20300 -1.25100 -0.07100 -0.71200 -1.26100
112.00000 6.43900 16.02200 6.47000 1.31200 8.25000 14.51600 -3.41800 -1.43400 7.76200 6.09300 2.18700 -0.28500 -2.22800 -1.04800 -3.15300 -3.70300
113.00000 4.97400 12.11500 6.47000 2.28900 9.22600 15.00400 -2.93000 -1.43400 8.25000 9.51100 1.21100 -0.77300 -2.22800 -2.51300 -7.54800 -5.16800
114.00000 3.99800 8.20900 6.95800 2.77700 9.71500 14.51600 -1.95300 -1.43400 8.25000 11.95300 -0.74300 -1.75000 -1.25100 -3.00100 -10.47800 -5.65600
115.00000 3.51000 6.74400 6.95800 2.77700 9.22600 13.54000 -0.48800 -1.92300 7.76200 12.44100 -1.23100 -1.26100 0.21400 -1.04800 -9.98900 -5.65600
116.00000 4.97400 8.69800 6.47000 2.28900 8.25000 12.56300 0.00000 -1.92300 7.76200 11.95300 -0.25400 -0.28500 1.67800 2.37000 -6.57100 -6.14400
117.00000 6.92700 12.60400 5.49300 1.80100 6.29700 12.56300 0.48800 -1.92300 7.27300 11.95300 1.69900 1.18000 2.65500 5.78800 -1.20000 -6.63200
118.00000 8.88100 15.04500 6.47000 0.82400 5.80900 13.54000 0.97700 -1.43400 7.27300 11.95300 4.62800 3.13300 2.65500 7.25300 3.19400 -5.16800
119.00000 9.85700 14.55700 8.42300 0.33600 5.80900 14.51600 1.46500 -0.94600 6.78500 10.97600 7.55800 4.59800 3.14300 6.76500 4.65900 -1.26100
120.00000 9.85700 12.60400 10.86400 0.33600 6.78500 15.49300 2.44100 0.03100 7.27300 9.02300 8.53500 5.08600 3.14300 6.27600 4.17100 4.11000
121.00000 9.36900 12.11500 12.32900 0.82400 7.76200 16.95800 2.93000 1.00700 7.76200 7.55800 9.51100 5.57500 3.63200 5.78800 3.68200 8.99300
122.00000 9.36900 13.58000 11.84100 2.28900 9.22600 17.93400 3.90600 1.49500 8.25000 7.07000 9.51100 5.08600 3.63200 6.76500 3.19400 10.45700
123.00000 8.88100 16.51000 11.35300 3.75400 10.69100 18.42200 4.88300 1.49500 8.25000 8.53500 9.51100 4.11000 3.63200 7.74100 3.19400 8.99300
124.00000 9.85700 17.97500 11.84100 5.70700 11.66800 18.42200 6.34800 1.98400 8.25000 11.46400 10.48800 3.62100 3.63200 8.71800 3.19400 5.57500
125.00000 10.83400 17.48700 13.79400 6.68300 12.15600 16.95800 7.81200 1.98400 7.76200 14.39400 10.48800 3.62100 2.65500 8.71800 1.24100 2.64500
126.00000 12.29900 15.04500 16.23500 7.66000 13.13300 15.00400 8.78900 2.47200 7.27300 15.85900 10.48800 4.11000 2.16700 7.74100 -0.71200 0.20300
127.00000 12.78700 13.58000 16.23500 7.66000 13.62100 12.56300 8.30100 2.47200 7.27300 15.85900 8.53500 4.11000 2.16700 6.76500 -2.17700 -0.77300
128.00000 12.78700 14.55700 13.30600 7.17200 14.10900 11.09800 5.85900 1.49500 8.25000 14.88200 6.09300 2.64500 2.65500 5.78800 -2.17700 -0.77300
129.00000 11.32200 16.51000 9.88800 6.68300 13.62100 10.61000 3.90600 0.51900 9.71500 13.90600 2.18700 -0.28500 3.14300 4.81200 -0.71200 0.69200
130.00000 8.88100 17.48700 8.42300 5.21900 12.64400 11.58700 2.44100 -0.45800 10.20300 11.95300 0.23400 -3.21500 3.14300 3.34700 0.26400 2.15700
131.00000 5.95100 15.53300 9.39900 3.26500 11.66800 13.05100 1.95300 -0.94600 10.20300 10.48800 -0.25400 -4.19100 2.65500 1.88200 0.26400 3.13300
132.00000 3.02100 11.13900 11.35300 1.80100 11.66800 13.54000 2.93000 -0.45800 8.73800 8.04600 1.21100 -2.72600 1.19000 -0.07100 -1.68900 1.18000
133.00000 1.06800 7.23300 11.84100 0.82400 12.64400 13.54000 3.41800 0.03100 6.78500 5.60500 3.65200 -0.28500 -1.25100 -2.02400 -5.10700 -3.70300
134.00000 1.55600 7.23300 9.39900 1.31200 14.59800 13.54000 2.93000 0.51900 5.80900 3.16400 3.65200 0.69200 -4.18100 -3.48900 -7.54800 -9.56200
135.00000 3.99800 11.13900 5.98100 2.77700 16.55100 13.54000 0.97700 0.51900 5.32000 1.69900 2.18700 -0.28500 -6.13400 -5.44200 -9.01300 -14.44500
136.00000 8.39200 16.51000 5.00500 4.73000 17.52700 14.02800 -0.48800 0.03100 5.32000 2.67500 -0.74300 -2.72600 -6.62200 -7.39500 -9.01300 -15.42200
137.00000 11.32200 19.44000 8.42300 6.19500 16.55100 14.51600 0.00000 0.03100 4.83200 4.14000 -1.71900 -3.70300 -6.62200 -8.86000 -7.54800 -12.98000
138.00000 11.81000 17.97500 13.30600 6.19500 15.08600 14.51600 1.95300 0.51900 3.85500 6.09300 0.23400 -1.75000 -6.13400 -9.34900 -5.59500 -9.07400
139.00000 9.36900 14.06900 16.72400 5.21900 13.62100 13.05100 4.39500 1.49500 3.36700 7.55800 5.11700 1.66800 -5.64600 -8.86000 -5.10700 -6.63200
140.00000 5.46300 9.18600 15.25900 4.24200 13.13300 11.58700 5.85900 2.47200 3.36700 8.04600 9.51100 4.59800 -5.15700 -7.39500 -5.10700 -6.63200
141.00000 3.99800 7.72100 11.35300 3.75400 13.62100 11.58700 6.34800 1.98400 5.32000 7.55800 11.46400 4.59800 -4.18100 -5.44200 -6.08300 -7.60900
142.00000 5.95100 8.69800 7.44600 2.77700 15.57400 13.54000 5.37100 1.00700 6.78500 6.58200 9.51100 1.66800 -2.22800 -3.48900 -6.57100 -8.09700
143.00000 11.32200 12.60400 6.47000 2.77700 17.03900 15.98100 4.39500 -0.45800 8.73800 5.11700 5.60500 -1.26100 -0.76300 -1.53600 -6.08300 -6.14400
144.00000 15.22800 16.02200 8.91100 1.80100 17.03900 17.93400 4.39500 -0.45800 9.22600 4.14000 3.65200 -2.23800 0.21400 -0.55900 -4.61800 -3.21500
145.00000 15.71700 18.46300 11.84100 1.80100 14.59800 17.44600 4.88300 0.51900 8.25000 3.16400 3.65200 -0.28500 -0.27500 -0.07100 -2.66500 -0.77300
146.00000 11.81000 18.95100 12.81700 1.80100 12.15600 14.51600 5.85900 2.47200 6.29700 3.16400 6.58200 3.62100 -1.25100 -0.55900 -1.20000 -0.77300
147.00000 6.92700 17.48700 12.32900 3.26500 9.22600 10.61000 6.34800 3.93700 4.83200 3.65200 9.51100 6.55100 -1.74000 -1.04800 -0.71200 -1.75000
148.00000 3.51000 14.06900 10.86400 5.21900 8.25000 7.19200 5.85900 4.42500 3.85500 5.11700 10.97600 7.03900 -0.76300 -1.04800 -0.71200 -3.21500
149.00000 3.51000 10.65100 10.86400 6.68300 8.25000 5.72700 4.88300 2.96000 4.83200 6.58200 10.48800 5.08600 1.19000 -0.07100 -1.20000 -3.70300
150.00000 4.97400 7.72100 11.84100 7.66000 9.22600 5.72700 3.41800 1.49500 6.29700 8.53500 9.02300 3.62100 4.12000 2.37000 -1.20000 -4.19100
151.00000 6.43900 6.25600 12.81700 7.17200 9.71500 6.70400 1.95300 0.51900 7.76200 10.48800 8.04600 2.64500 6.07300 4.81200 -2.66500 -3.70300
152.00000 6.43900 6.74400 11.84100 6.19500 9.22600 7.19200 0.48800 -0.45800 8.73800 11.95300 7.07000 2.15700 6.56100 5.78800 -4.13000 -3.70300
153.00000 5.46300 7.23300 8.91100 4.24200 7.76200 8.16900 0.00000 -0.94600 8.73800 11.46400 6.09300 2.15700 6.56100 5.30000 -6.08300 -3.70300
154.00000 4.97400 8.20900 5.98100 1.80100 5.80900 8.65700 -0.48800 -0.94600 7.76200 9.51100 4.62800 2.64500 5.09600 3.34700 -6.08300 -3.70300
155.00000 6.43900 7.72100 4.51700 -0.15300 3.85500 8.16900 -0.48800 -1.43400 6.29700 6.58200 3.65200 3.13300 4.60800 0.90500 -4.13000 -3.21500
156.00000 7.41600 7.23300 4.02800 -1.61700 2.87900 8.16900 -0.48800 -1.43400 5.32000 4.62900 3.16400 4.11000 4.12000 -0.07100 -0.22400 -2.72600
157.00000 7.41600 6.74400 4.02800 -1.61700 2.39100 7.68000 -0.48800 -1.43400 5.32000 5.11700 3.65200 5.08600 4.12000 0.90500 2.70600 -2.72600
158.00000 4.97400 7.23300 3.54000 -1.61700 2.87900 7.19200 -0.97700 -1.43400 5.80900 8.04600 4.62800 6.06300 4.60800 2.37000 3.19400 -3.21500
159.00000 1.55600 8.20900 3.54000 -0.15300 3.36700 8.16900 -0.48800 -1.43400 6.78500 10.97600 6.09300 5.57500 4.12000 3.34700 1.24100 -3.70300
160.00000 -0.88500 8.20900 4.51700 0.82400 4.34400 10.12200 0.97700 -1.43400 7.76200 13.41800 8.04600 4.59800 2.65500 2.85800 -2.17700 -3.70300
161.00000 -0.88500 8.20900 6.95800 2.28900 5.32000 13.05100 3.41800 -0.45800 7.27300 12.92900 10.48800 5.08600 0.70200 0.90500 -3.64200 -3.70300
162.00000 1.06800 7.23300 9.39900 3.26500 5.80900 14.51600 5.85900 0.51900 6.78500 11.46400 13.90600 6.55100 -0.76300 -1.04800 -2.66500 -3.70300
163.00000 2.53300 5.76800 10.37600 2.77700 5.80900 14.02800 6.83600 1.49500 5.80900 10.48800 16.34700 8.50400 -1.25100 -2.02400 -0.71200 -3.70300
164.00000 3.51000 3.81500 8.91100 0.82400 3.85500 11.09800 6.83600 1.98400 5.32000 9.51100 16.83600 8.99300 -0.27500 -1.53600 0.75300 -3.70300
165.00000 3.02100 2.35000 6.47000 -2.10600 1.90200 7.19200 4.88300 1.49500 6.29700 10.00000 13.41800 7.52800 2.16700 -0.55900 0.26400 -3.70300
166.00000 2.53300 2.35000 4.02800 -4.54700 -0.05100 4.75100 3.41800 0.51900 7.27300 10.00000 8.53500 5.08600 4.60800 -0.07100 -1.20000 -3.21500
167.00000 2.04500 2.83800 3.54000 -5.52400 -0.53900 3.77400 2.93000 -0.45800 7.27300 8.04600 4.62800 3.62100 5.58500 -0.55900 -1.20000 -1.75000
168.00000 1.06800 4.79100 4.51700 -4.05900 -0.53900 4.26200 3.90600 0.03100 6.78500 5.60500 4.14000 5.08600 5.09600 -1.04800 0.75300 -0.77300
169.00000 0.09200 6.25600 5.00500 -1.61700 -0.05100 4.26200 4.88300 1.00700 5.32000 3.65200 7.55800 8.01600 3.63200 -1.04800 3.19400 -0.28500
170.00000 -0.88500 6.25600 4.51700 0.33600 0.43700 4.26200 5.37100 2.47200 4.34400 3.65200 12.44100 11.43400 2.16700 0.41700 4.65900 -1.26100
171.00000 -1.86200 5.28000 3.54000 0.82400 0.43700 3.28600 3.90600 2.96000 4.34400 5.60500 15.37100 11.92200 1.19000 1.88200 2.70600 -3.21500
172.00000 -1.86200 3.81500 2.56300 -2.10600 -0.53900 3.77400 2.93000 1.98400 4.83200 9.51100 14.88200 9.48100 1.19000 2.37000 -0.71200 -5.65600
173.00000 -0.88500 3.32600 3.05200 -5.03500 -0.53900 6.21500 2.44100 1.00700 5.32000 12.44100 11.46400 6.06300 1.67800 1.88200 -5.10700 -7.60900
174.00000 1.06800 4.30300 4.51700 -6.98900 -0.53900 9.14500 2.93000 -0.45800 6.29700 15.85900 8.04600 4.11000 2.16700 1.88200 -7.06000 -7.60900
175.00000 2.04500 5.76800 6.47000 -6.98900 -0.53900 12.07500 4.39500 -0.45800 6.29700 16.34700 7.07000 5.08600 4.12000 3.83500 -6.57100 -6.63200
176.00000 3.02100 6.25600 6.47000 -5.03500 -1.02700 13.05100 4.88300 0.03100 6.29700 15.85900 9.02300 7.52800 6.07300 7.25300 -2.66500 -4.67900
177.00000 2.53300 5.28000 5.00500 -2.59400 -1.02700 11.58700 4.88300 0.51900 6.29700 14.88200 11.95300 9.96900 7.05000 9.69400 2.21800 -2.23800
178.00000 2.04500 4.79100 3.54000 -1.61700 -1.02700 10.12200 4.39500 1.00700 6.78500 13.41800 14.88200 10.94600 7.05000 10.18300 7.10000 -0.28500
179.00000 2.04500 6.25600 3.05200 -1.61700 -0.05100 10.12200 4.39500 1.00700 6.78500 12.92900 15.85900 9.96900 6.07300 7.25300 9.05400 1.18000
180.00000 2.53300 10.16200 5.49300 -2.10600 1.90200 11.58700 5.85900 0.51900 7.76200 13.90600 15.85900 8.01600 4.12000 3.83500 8.56500 2.15700
181.00000 3.51000 15.04500 8.42300 -2.10600 3.85500 14.51600 7.81200 0.51900 8.25000 14.88200 15.37100 8.01600 3.14300 2.37000 5.63600 2.15700
182.00000 6.43900 16.99800 11.35300 -1.61700 5.32000 15.98100 9.27700 1.49500 8.25000 16.34700 15.37100 8.99300 3.14300 3.34700 2.70600 2.15700
183.00000 8.39200 15.04500 12.32900 -0.64100 5.80900 15.00400 9.27700 1.98400 8.25000 16.83600 16.34700 10.94600 3.63200 5.30000 0.75300 1.66800
184.00000 8.39200 11.13900 12.32900 0.33600 4.83200 11.58700 7.81200 1.98400 7.27300 15.85900 17.32400 10.94600 3.63200 6.27600 1.72900 0.20300
185.00000 6.43900 6.74400 12.32900 1.31200 3.85500 9.14500 6.83600 2.47200 6.29700 14.88200 17.81200 9.96900 2.65500 4.81200 3.68200 -2.23800
186.00000 3.51000 5.28000 12.32900 2.77700 2.87900 8.65700 6.34800 2.47200 4.83200 13.41800 16.83600 8.01600 1.19000 1.39400 4.17100 -4.19100
187.00000 2.53300 7.23300 12.32900 4.73000 2.39100 10.12200 7.32400 2.47200 4.34400 12.44100 14.39400 5.57500 -0.27500 -1.53600 3.19400 -5.16800
188.00000 3.99800 11.13900 12.32900 6.68300 2.39100 11.58700 9.27700 3.44800 4.34400 11.95300 11.46400 5.08600 -0.27500 -2.02400 1.24100 -4.67900
189.00000 7.90400 14.06900 10.86400 7.17200 2.39100 10.61000 11.23000 3.93700 4.83200 10.97600 10.48800 6.55100 0.70200 -0.07100 1.24100 -3.21500
190.00000 10.83400 14.55700 10.37600 5.70700 1.90200 8.16900 12.69500 4.42500 5.32000 10.48800 12.92900 9.48100 2.16700 3.34700 4.17100 -1.75000
191.00000 11.32200 12.11500 10.37600 1.31200 0.92600 4.75100 14.16000 3.93700 5.32000 10.00000 18.30000 12.89900 3.63200 6.76500 7.58900 -0.28500
192.00000 8.39200 8.20900 11.35300 -3.08200 -0.05100 4.26200 14.64800 3.93700 5.32000 10.00000 23.67100 15.34000 4.12000 8.23000 10.03000 0.69200
193.00000 3.99800 5.28000 13.79400 -5.52400 -0.53900 7.19200 14.64800 3.44800 5.32000 10.00000 26.11300 15.82800 4.12000 7.74100 9.05400 1.18000
194.00000 1.06800 3.81500 14.77100 -4.54700 0.92600 12.07500 13.67200 2.96000 5.80900 10.97600 23.18300 14.36400 3.63200 5.30000 5.14700 0.20300
195.00000 1.06800 5.28000 14.28200 -1.61700 3.36700 16.95800 11.23000 1.98400 6.29700 12.44100 16.83600 10.94600 3.14300 2.37000 1.24100 -2.72600
196.00000 3.51000 8.20900 11.35300 2.28900 5.32000 17.93400 8.78900 1.00700 7.27300 14.88200 10.00000 7.03900 2.16700 0.41700 -0.22400 -7.12100
197.00000 7.41600 11.62700 8.91100 4.73000 6.29700 15.98100 7.32400 0.03100 7.27300 17.81200 6.58200 4.59800 0.70200 -0.55900 0.75300 -10.53900
198.00000 9.36900 14.55700 7.44600 4.24200 5.80900 13.54000 7.32400 -0.45800 7.76200 20.25400 8.04600 4.11000 0.21400 0.41700 1.72900 -11.51500
199.00000 9.36900 15.04500 7.93500 1.80100 3.85500 12.07500 7.81200 -0.45800 7.27300 21.23000 11.95300 5.08600 0.70200 2.37000 2.21800 -8.58600
200.00000 7.90400 13.58000 9.39900 -1.12900 1.90200 12.07500 8.30100 0.51900 6.78500 20.74200 16.83600 8.01600 2.16700 4.81200 1.72900 -2.72600
201.00000 4.97400 10.16200 9.39900 -3.57100 0.92600 12.56300 8.30100 0.51900 6.78500 18.78900 18.78900 10.45700 4.12000 6.27600 2.70600 2.15700
202.00000 2.53300 6.74400 6.95800 -5.03500 0.43700 12.07500 6.83600 0.51900 6.78500 16.83600 18.30000 11.43400 5.58500 6.76500 4.65900 4.11000
203.00000 1.06800 4.30300 3.54000 -5.52400 1.41400 10.61000 5.85900 0.51900 6.78500 14.39400 16.34700 11.43400 6.07300 5.78800 7.58900 3.62100
204.00000 1.06800 4.30300 1.09900 -6.50000 1.41400 8.65700 4.88300 -0.45800 6.29700 12.92900 15.37100 10.45700 5.58500 4.81200 8.56500 1.66800
205.00000 1.55600 5.28000 1.09900 -6.98900 1.41400 7.68000 4.88300 -0.94600 5.80900 11.46400 14.39400 9.48100 5.09600 4.32300 6.12400 0.69200
206.00000 2.04500 7.23300 4.02800 -7.96500 1.41400 8.16900 4.88300 -1.43400 5.80900 10.00000 14.39400 8.99300 5.09600 4.81200 2.21800 1.18000
207.00000 2.04500 7.23300 6.47000 -8.94200 0.43700 9.14500 4.39500 -1.43400 5.80900 9.51100 13.41800 9.48100 5.09600 4.32300 -1.20000 1.66800
208.00000 -0.39700 6.25600 7.44600 -9.91800 -0.53900 10.12200 2.93000 -0.94600 5.80900 9.02300 12.44100 10.45700 5.58500 2.85800 -1.20000 1.18000
209.00000 -3.32600 2.83800 5.98100 -11.38300 -2.00400 8.65700 1.95300 -0.94600 5.32000 9.51100 12.44100 10.94600 5.09600 0.41700 2.70600 -0.28500
210.00000 -6.25600 -0.58000 3.05200 -12.36000 -4.44500 5.72700 2.44100 -0.94600 3.85500 10.00000 13.90600 11.43400 4.60800 -2.02400 8.56500 -1.75000
211.00000 -8.20900 -3.99800 1.58700 -13.33600 -6.88700 1.82100 5.37100 -0.45800 2.87900 9.51100 17.32400 11.43400 3.63200 -3.97700 13.93600 -1.26100
212.00000 -8.20900 -6.43900 1.58700 -12.84800 -9.81600 -2.08500 8.78900 0.51900 1.90200 7.07000 21.71800 12.41000 3.63200 -4.46600 18.81900 1.66800
213.00000 -8.69800 -8.88100 3.05200 -12.36000 -11.77000 -5.99200 11.23000 1.49500 1.41400 3.16400 25.62500 14.36400 5.09600 -2.02400 23.21400 7.03900
214.00000 -10.65100 -11.81000 2.56300 -12.84800 -13.23400 -9.41000 10.74200 1.98400 0.92600 -1.23100 28.06600 16.80500 6.56100 1.39400 27.12000 12.89900
215.00000 -14.06900 -14.74000 -0.85400 -13.82400 -12.25800 -11.36300 7.32400 1.98400 0.92600 -3.67200 27.57800 18.75800 7.05000 4.32300 29.07300 16.80500
216.00000 -16.99800 -16.69300 -5.24900 -14.80100 -10.30500 -11.85100 2.44100 1.49500 0.92600 -3.67200 23.67100 17.78200 6.56100 5.78800 27.12000 16.80500
217.00000 -16.99800 -13.76300 -8.17900 -15.28900 -6.88700 -9.41000 -2.44100 -0.45800 1.41400 -0.25400 16.83600 14.36400 5.09600 4.81200 19.79600 11.92200
218.00000 -13.09200 -6.92700 -7.20200 -13.33600 -2.98100 -3.55000 -4.88300 -1.43400 2.87900 4.14000 9.51100 8.99300 3.14300 1.88200 9.05400 2.64500
219.00000 -6.25600 2.83800 -2.80800 -9.91800 0.92600 3.28600 -4.88300 -2.41100 4.34400 8.04600 4.62800 3.62100 1.67800 -1.53600 -1.20000 -7.12100
220.00000 0.58000 10.65100 3.54000 -6.01200 2.87900 8.65700 -2.93000 -1.92300 5.80900 10.48800 4.14000 2.15700 1.19000 -3.97700 -7.06000 -12.98000
221.00000 5.46300 13.09200 7.93500 -4.05900 2.87900 10.12200 -0.48800 -0.94600 6.29700 10.97600 7.55800 3.62100 1.67800 -4.46600 -7.06000 -12.98000
222.00000 6.43900 10.16200 9.39900 -4.54700 1.41400 8.16900 1.46500 0.51900 5.80900 10.97600 12.44100 7.03900 2.16700 -3.48900 -2.17700 -7.12100
223.00000 4.48600 4.79100 7.93500 -6.98900 -0.53900 5.23900 2.44100 1.49500 4.83200 10.97600 15.37100 10.45700 2.65500 -2.02400 3.19400 -0.28500
224.00000 2.04500 0.88500 5.98100 -9.43000 -1.51600 3.28600 2.93000 1.49500 3.85500 10.48800 15.37100 11.43400 2.65500 -1.53600 6.12400 3.13300
225.00000 0.09200 1.37300 3.54000 -10.40600 -1.02700 2.30900 2.93000 1.00700 3.36700 9.51100 13.41800 9.96900 3.14300 -2.02400 6.61200 2.15700
226.00000 -0.39700 2.83800 2.07500 -10.40600 -0.05100 3.28600 3.41800 0.03100 3.85500 7.07000 11.46400 8.50400 3.63200 -2.51300 5.14700 -1.75000
227.00000 -0.39700 4.30300 0.61000 -9.91800 0.92600 4.26200 3.41800 -0.45800 4.34400 5.11700 11.46400 7.52800 4.60800 -3.00100 4.65900 -5.16800
228.00000 0.58000 2.83800 0.61000 -9.91800 0.92600 5.23900 4.39500 -0.94600 4.83200 4.14000 12.92900 8.99300 5.09600 -2.51300 4.17100 -5.65600
229.00000 1.06800 0.39700 2.07500 -10.40600 -0.05100 5.72700 4.88300 -0.45800 4.83200 4.62900 13.90600 10.45700 5.58500 -1.53600 3.68200 -4.67900
230.00000 1.06800 -0.58000 5.49300 -9.91800 -2.00400 6.21500 5.37100 0.03100 5.32000 6.09300 13.90600 11.43400 5.09600 -0.55900 2.70600 -4.19100
231.00000 0.58000 1.37300 9.39900 -8.45300 -3.46900 6.21500 6.34800 0.51900 5.32000 7.55800 12.92900 10.94600 3.63200 0.41700 1.72900 -5.65600
232.00000 -0.39700 5.76800 11.35300 -6.01200 -3.95700 4.75100 6.83600 1.00700 4.83200 7.55800 12.92900 9.96900 3.14300 0.41700 1.72900 -7.12100
233.00000 -0.39700 10.16200 10.86400 -4.05900 -3.95700 2.30900 6.83600 1.00700 4.83200 7.07000 13.41800 8.50400 2.65500 0.41700 3.19400 -7.12100
234.00000 1.06800 12.11500 8.42300 -3.57100 -2.49200 0.84400 5.37100 1.00700 4.34400 7.07000 14.88200 8.50400 1.67800 0.41700 4.65900 -5.16800
235.00000 3.99800 11.13900 6.95800 -3.57100 -0.53900 2.30900 3.90600 1.00700 4.34400 8.04600 14.88200 9.48100 0.21400 -1.04800 5.14700 -4.19100
236.00000 7.90400 9.18600 6.95800 -3.57100 1.90200 5.72700 2.93000 1.00700 4.34400 9.51100 13.90600 8.99300 -1.74000 -2.02400 3.68200 -5.16800
237.00000 10.34500 7.72100 8.91100 -2.59400 4.83200 10.12200 1.95300 1.00700 5.32000 11.46400 11.46400 7.52800 -3.20400 -3.97700 0.26400 -10.05000
238.00000 10.34500 6.74400 9.88800 -1.12900 6.29700 12.56300 1.95300 1.00700 5.80900 12.44100 9.51100 5.57500 -3.69300 -4.95400 -3.15300 -14.44500
239.00000 8.39200 5.76800 8.91100 -0.64100 6.29700 12.07500 2.93000 1.00700 6.78500 11.46400 8.04600 3.62100 -2.71600 -4.95400 -5.59500 -17.37500
240.00000 4.97400 5.28000 5.98100 -1.12900 5.32000 9.63300 4.39500 1.00700 6.78500 10.48800 7.55800 3.13300 -0.76300 -3.97700 -6.57100 -15.91000
241.00000 2.04500 5.76800 4.02800 -3.08200 2.87900 7.19200 6.34800 1.49500 6.78500 10.00000 8.04600 3.62100 0.70200 -2.02400 -6.08300 -11.51500
242.00000 1.55600 7.72100 5.49300 -5.52400 0.92600 6.21500 8.78900 1.98400 6.78500 10.97600 9.02300 5.57500 1.19000 -1.04800 -4.13000 -6.63200
243.00000 2.53300 10.65100 8.91100 -7.47700 0.43700 7.19200 10.25400 1.98400 6.29700 11.95300 10.97600 8.01600 1.19000 0.41700 -1.20000 -3.70300
244.00000 3.99800 13.58000 12.81700 -7.96500 1.90200 9.14500 10.25400 1.98400 6.29700 12.92900 13.41800 10.45700 1.67800 0.90500 2.70600 -2.23800
245.00000 5.46300 13.09200 13.79400 -7.47700 3.36700 11.58700 8.78900 1.49500 6.78500 12.44100 15.37100 12.41000 3.14300 2.37000 6.61200 -2.23800
246.00000 4.97400 8.69800 10.37600 -8.45300 4.34400 13.05100 6.34800 1.00700 7.27300 11.46400 16.34700 13.87500 5.09600 4.32300 9.05400 -1.26100
247.00000 3.02100 2.35000 5.49300 -9.91800 2.87900 12.56300 3.90600 0.51900 7.27300 10.48800 17.32400 14.85200 6.56100 6.27600 10.51800 0.20300
248.00000 -0.39700 -3.02100 1.58700 -12.36000 -0.05100 10.12200 2.93000 0.03100 6.29700 10.48800 18.78900 15.82800 7.05000 6.76500 11.00700 1.66800
249.00000 -3.32600 -4.48600 1.58700 -13.33600 -2.49200 6.21500 4.39500 0.03100 5.32000 10.97600 20.25300 15.82800 6.07300 5.78800 11.00700 2.15700
250.00000 -4.79100 -1.55600 3.54000 -12.84800 -3.95700 2.30900 6.83600 0.51900 4.83200 10.97600 21.71800 15.82800 5.58500 4.32300 11.49500 1.66800
251.00000 -4.79100 1.86200 5.98100 -10.89500 -2.98100 0.35600 8.78900 0.51900 5.32000 11.46400 20.74200 14.36400 5.58500 3.83500 10.51800 0.69200
252.00000 -3.81500 3.81500 6.47000 -8.94200 -1.51600 0.84400 8.78900 0.51900 6.78500 11.95300 17.81200 12.41000 6.56100 4.81200 8.07700 -0.28500
253.00000 -2.83800 1.86200 5.00500 -7.96500 0.43700 1.82100 7.32400 0.51900 7.76200 12.92900 13.90600 9.96900 7.53800 5.78800 5.14700 -0.77300
254.00000 -3.32600 -2.04500 3.54000 -7.96500 1.41400 3.28600 5.85900 0.03100 8.25000 13.41800 10.97600 7.52800 7.05000 6.76500 1.72900 -1.75000
255.00000 -5.28000 -4.97400 3.54000 -7.47700 1.41400 3.28600 4.88300 0.03100 7.76200 12.92900 9.51100 5.57500 6.07300 5.78800 0.75300 -2.72600
256.00000 -7.23300 -4.97400 5.00500 -6.98900 0.92600 2.30900 4.39500 0.03100 6.29700 10.00000 9.51100 5.08600 4.12000 2.85800 1.24100 -5.65600
