1.00000 -12.88900 -11.64800 -14.21100 -9.72500 -5.78800 -11.35300 -14.82100 -6.66300 -0.75300 -14.59800 -10.86400 -4.51700 -1.90200 -8.23000 -7.87400 -9.69400
2.00000 -13.86500 -12.62400 -15.67600 -11.19000 -6.76500 -12.32900 -22.63400 -7.64000 -2.70600 -18.99200 -12.32900 -5.00500 -4.34400 -11.15900 -8.85000 -13.11200
3.00000 -15.81800 -13.60100 -17.14100 -13.14300 -8.71800 -13.79400 -27.51700 -8.12800 -4.65900 -20.94500 -13.79400 -5.49300 -6.78500 -14.08900 -10.31500 -15.06600
4.00000 -18.26000 -14.57700 -18.11700 -14.60800 -10.67100 -15.25900 -26.05200 -8.12800 -6.12400 -18.99200 -12.81700 -5.00500 -6.78500 -15.06600 -10.80300 -15.06600
5.00000 -20.70100 -16.04200 -17.62900 -15.58400 -13.11200 -16.72400 -18.23900 -7.15100 -7.10000 -15.57400 -9.88800 -3.54000 -5.32000 -14.57700 -8.85000 -11.64800
6.00000 -21.67800 -16.53000 -16.65200 -16.07300 -15.06600 -17.70000 -9.45000 -6.66300 -8.56500 -12.15600 -5.98100 -1.58700 -2.87900 -12.62400 -4.94400 -6.27600
7.00000 -21.18900 -17.50700 -15.67600 -16.07300 -16.04200 -18.18800 -4.56700 -6.66300 -10.03000 -10.69100 -2.07500 -0.12200 -0.43700 -9.69400 0.91600 -1.39400
8.00000 -19.23600 -17.01900 -15.18800 -15.58400 -16.04200 -18.18800 -6.52100 -7.64000 -11.49500 -10.69100 -0.12200 -0.61000 -0.43700 -6.76500 4.82200 2.02400
9.00000 -15.33000 -14.57700 -14.69900 -14.60800 -14.57700 -17.21200 -11.40300 -9.10400 -12.96000 -11.18000 -1.09900 -2.07500 -2.39100 -5.78800 5.31000 3.00100
10.00000 -11.42400 -11.15900 -13.23400 -12.65500 -11.64800 -15.74700 -14.82100 -10.08100 -13.44800 -12.15600 -2.56300 -4.51700 -5.80900 -5.78800 3.84500 2.51300
11.00000 -7.02900 -6.76500 -10.30500 -8.26000 -8.23000 -12.81700 -12.38000 -9.59300 -12.96000 -13.13300 -4.02800 -5.98100 -8.73800 -7.74100 1.40400 1.04800
12.00000 -2.63500 -1.88200 -5.42200 -2.40100 -3.34700 -8.91100 -5.54400 -7.64000 -11.98300 -14.59800 -4.02800 -6.95800 -11.18000 -10.18300 -0.06100 0.07100
13.00000 1.76000 3.00100 -0.05100 3.94700 1.53600 -4.02800 0.80400 -5.68600 -10.03000 -16.06200 -3.54000 -8.42300 -13.13300 -13.11200 -0.54900 -1.39400
14.00000 5.66600 7.39500 5.32000 9.31800 5.44200 0.85400 2.75700 -4.22200 -8.07700 -16.06200 -4.02800 -10.37600 -15.08600 -16.04200 -1.52600 -3.34700
15.00000 9.57200 10.32500 7.76200 13.22400 8.86000 4.27200 -1.14900 -4.71000 -6.61200 -15.08600 -5.49300 -13.79400 -18.01600 -19.94800 -3.96700 -7.25300
16.00000 11.52500 11.79000 8.73800 15.17700 10.32500 5.24900 -8.47400 -6.17500 -5.63600 -12.15600 -8.42300 -17.70000 -20.94500 -22.87800 -7.87400 -12.13600
17.00000 11.03700 11.30200 8.25000 14.68900 10.81300 3.78400 -12.86800 -8.12800 -4.65900 -8.25000 -10.37600 -20.14200 -21.92200 -24.34300 -11.29200 -16.04200
18.00000 9.08400 9.34900 6.78500 12.24800 9.83700 2.80800 -10.91500 -8.61600 -2.70600 -3.85500 -10.86400 -19.65300 -20.45700 -22.87800 -12.75600 -16.53000
19.00000 6.64300 7.39500 5.80900 9.80600 8.86000 2.31900 -4.07900 -7.64000 0.71200 0.53900 -8.91100 -17.21200 -15.57400 -17.50700 -10.80300 -13.11200
20.00000 4.69000 5.93100 5.32000 7.36500 7.39500 3.78400 4.22200 -4.71000 4.61800 4.93400 -5.49300 -12.81700 -9.71500 -10.67100 -6.89700 -8.23000
21.00000 4.20100 5.93100 5.80900 5.90000 6.90700 4.76100 9.59300 -0.80400 7.54800 7.86300 -1.09900 -7.44600 -4.83200 -4.81200 -2.99100 -4.32300
22.00000 5.17800 6.41900 6.78500 5.90000 6.90700 5.24900 11.05800 2.61400 8.52500 9.32800 2.80800 -2.07500 -1.41400 -0.90500 0.42700 -2.85800
23.00000 5.17800 6.41900 7.76200 6.87700 5.93100 4.27200 10.56900 6.52100 7.06000 8.35200 6.71400 3.78400 0.53900 1.53600 2.86900 -2.37000
24.00000 3.71300 4.95400 8.73800 6.87700 4.95400 2.80800 12.03400 9.93900 5.10700 5.91000 11.10800 10.13200 2.98100 3.97700 4.33300 -0.90500
25.00000 1.27200 2.51300 8.25000 5.41200 3.00100 1.34300 16.42900 13.35700 3.15300 4.44500 14.52600 15.01500 5.42200 7.39500 6.28700 2.51300
26.00000 -1.17000 -0.41700 7.76200 2.97000 1.04800 0.85400 21.80000 15.79800 2.66500 5.42200 17.94400 18.92100 8.35200 11.79000 7.75100 6.90700
27.00000 -2.63500 -2.37000 6.78500 0.04100 -0.90500 0.85400 24.72900 17.26300 2.66500 8.84000 20.38600 20.87400 10.30500 15.20800 10.19300 9.83700
28.00000 -2.63500 -2.85800 5.80900 -1.91200 -1.88200 1.34300 21.31100 17.26300 2.66500 12.25800 21.85100 21.36200 10.30500 16.67300 11.65800 10.32500
29.00000 -1.17000 -1.88200 5.80900 -2.88900 -1.88200 1.83100 12.52200 16.77400 2.17700 14.69900 22.33900 20.87400 8.35200 15.20800 13.61100 8.37200
30.00000 0.29500 -0.90500 4.83200 -2.88900 -0.90500 2.31900 3.24500 14.82100 0.71200 15.18800 21.85100 18.92100 5.91000 12.27800 13.61100 6.41900
31.00000 -0.68200 -1.39400 3.36700 -2.88900 0.07100 1.34300 -2.12600 12.38000 -1.24100 12.74600 18.92100 15.50300 2.49200 9.34900 11.65800 5.44200
32.00000 -3.61100 -3.34700 -0.05100 -4.35400 -0.41700 -0.61000 -1.63800 8.47400 -3.68200 7.86300 13.55000 11.10800 -0.43700 7.39500 7.75100 5.44200
33.00000 -7.02900 -5.78800 -4.44500 -6.79500 -2.37000 -4.02800 1.29200 4.07900 -5.63600 2.98100 6.71400 6.22600 -2.87900 5.93100 2.38000 5.44200
34.00000 -9.95900 -7.25300 -9.32800 -9.72500 -3.83500 -7.44600 1.29200 -1.78000 -7.10000 -2.39100 -0.12200 0.36600 -4.83200 4.46600 -2.99100 3.48900
35.00000 -11.42400 -7.25300 -13.72300 -12.16600 -5.30000 -9.39900 -4.56700 -7.64000 -7.10000 -7.27300 -6.47000 -4.51700 -6.29700 1.04800 -6.40900 0.07100
36.00000 -10.93500 -6.76500 -16.65200 -13.14300 -5.30000 -9.88800 -13.84500 -13.01100 -6.12400 -10.69100 -11.84100 -8.91100 -6.29700 -2.37000 -8.36200 -4.32300
37.00000 -10.44700 -6.27600 -18.11700 -12.65500 -4.81200 -9.39900 -22.14600 -16.91700 -5.14700 -13.13300 -16.23500 -12.81700 -6.29700 -5.30000 -10.31500 -6.76500
38.00000 -10.93500 -6.76500 -18.11700 -12.16600 -3.83500 -9.39900 -25.07500 -18.38200 -3.68200 -14.10900 -20.63000 -16.23500 -7.27300 -8.23000 -13.24500 -9.20600
39.00000 -11.91200 -8.23000 -17.62900 -11.67800 -3.34700 -9.88800 -23.61000 -17.40500 -3.68200 -13.62100 -25.51300 -18.67700 -9.71500 -11.64800 -18.12700 -11.15900
40.00000 -12.88900 -9.20600 -17.62900 -11.67800 -3.83500 -11.35300 -22.14600 -15.94000 -4.65900 -13.13300 -29.41900 -21.11800 -13.13300 -15.55400 -23.49900 -14.57700
41.00000 -12.88900 -9.20600 -16.65200 -11.19000 -3.34700 -12.81700 -23.61000 -13.98700 -6.12400 -14.10900 -31.86000 -22.58300 -17.03900 -20.92500 -28.38100 -18.97200
42.00000 -11.42400 -8.23000 -14.69900 -9.23700 -3.34700 -13.79400 -27.51700 -13.49900 -7.58900 -17.52700 -31.86000 -23.56000 -19.96900 -27.27300 -30.33400 -24.34300
43.00000 -8.49400 -6.27600 -11.28100 -6.30700 -2.37000 -14.28200 -28.00500 -13.01100 -8.07700 -22.89800 -29.90700 -23.56000 -21.43400 -32.15500 -29.35800 -28.24900
44.00000 -5.56400 -5.30000 -6.39900 -1.91200 -1.88200 -16.23500 -21.65700 -12.03400 -8.56500 -29.24600 -25.02400 -22.58300 -20.94500 -35.08500 -24.96300 -28.73700
45.00000 -2.63500 -4.81200 -1.51600 1.01700 -2.85800 -19.65300 -8.47400 -9.59300 -8.56500 -35.10500 -17.21200 -20.14200 -19.96900 -36.06200 -17.63900 -25.80800
46.00000 -1.17000 -5.30000 2.39100 3.45900 -4.32300 -23.07100 6.17500 -6.17500 -9.05400 -39.50000 -6.47000 -15.25900 -18.01600 -36.06200 -7.38500 -18.97200
47.00000 -1.65800 -6.27600 3.36700 3.45900 -6.27600 -26.00100 14.47600 -2.75700 -9.54200 -41.94100 6.71400 -8.91100 -16.06200 -35.08500 5.31000 -10.18300
48.00000 -3.61100 -7.74100 2.39100 2.48200 -7.25300 -26.97800 15.45200 -0.31500 -10.03000 -41.94100 19.40900 -2.07500 -13.62100 -34.10800 18.49400 -1.39400
49.00000 -7.02900 -9.20600 -0.05100 1.50600 -7.25300 -26.00100 10.56900 1.14900 -10.51800 -39.50000 29.66300 3.78400 -11.18000 -33.13200 29.72400 4.95400
50.00000 -11.42400 -11.15900 -2.49200 1.01700 -6.76500 -25.02400 6.66300 2.61400 -10.51800 -35.10500 34.05800 7.69000 -9.71500 -30.69100 36.07200 8.37200
51.00000 -13.86500 -12.62400 -3.95700 0.52900 -6.76500 -25.02400 6.66300 4.07900 -10.51800 -30.22300 32.10400 10.13200 -9.22600 -27.76100 36.56000 8.37200
52.00000 -15.33000 -14.08900 -5.42200 0.04100 -7.25300 -25.02400 10.08100 6.52100 -11.00700 -25.82800 25.75700 10.62000 -10.20300 -25.80800 31.18900 5.44200
53.00000 -14.84200 -14.08900 -5.91000 -0.44800 -7.74100 -25.02400 12.03400 7.98500 -11.49500 -23.38700 17.45600 10.13200 -11.18000 -24.83100 22.40000 1.04800
54.00000 -13.37700 -13.11200 -6.39900 -1.42400 -7.25300 -24.04800 8.61600 8.47400 -11.49500 -23.38700 9.64400 8.66700 -12.15600 -25.31900 11.65800 -4.81200
55.00000 -12.40000 -12.13600 -7.86300 -2.40100 -6.76500 -22.09500 -0.17300 7.00900 -10.51800 -24.85100 3.29600 6.71400 -12.64400 -26.29600 1.89200 -10.67100
56.00000 -13.86500 -12.13600 -9.81600 -3.37700 -6.27600 -21.11800 -9.93900 5.05600 -9.05400 -26.80500 -1.09900 4.76100 -12.64400 -27.27300 -4.94400 -15.06600
57.00000 -16.30700 -13.11200 -13.23400 -5.33000 -7.25300 -21.60600 -15.79800 2.61400 -7.58900 -28.26900 -3.54000 3.29600 -12.15600 -26.29600 -8.36200 -17.50700
58.00000 -20.21300 -15.55400 -17.14100 -7.77200 -8.71800 -23.56000 -16.28600 0.66100 -6.12400 -27.78100 -5.49300 2.31900 -11.18000 -24.34300 -9.82700 -17.01900
59.00000 -23.14200 -17.99500 -20.55900 -9.72500 -10.18300 -25.51300 -13.84500 -0.31500 -5.14700 -25.82800 -6.95800 2.31900 -9.71500 -21.90100 -9.82700 -15.55400
60.00000 -23.63100 -18.97200 -23.00000 -11.19000 -10.18300 -25.51300 -12.38000 -0.80400 -3.68200 -22.41000 -7.93500 1.83100 -7.76200 -19.46000 -9.33800 -14.57700
61.00000 -22.16600 -17.99500 -23.48800 -10.70100 -7.74100 -23.56000 -12.86800 -0.80400 -1.24100 -17.52700 -8.91100 1.34300 -6.29700 -17.99500 -10.31500 -14.57700
62.00000 -19.23600 -14.57700 -22.51200 -9.23700 -3.34700 -19.16500 -14.33300 -1.29200 1.20000 -13.62100 -9.88800 -0.12200 -6.29700 -17.50700 -11.29200 -16.04200
63.00000 -15.33000 -9.20600 -21.53500 -6.79500 1.53600 -12.81700 -14.82100 -1.78000 3.15300 -9.71500 -11.35300 -2.56300 -6.78500 -17.01900 -13.24500 -17.50700
64.00000 -11.42400 -3.34700 -19.58200 -4.35400 4.95400 -7.44600 -12.86800 -1.78000 4.13000 -7.27300 -13.79400 -5.00500 -8.25000 -15.55400 -15.68600 -18.48300
65.00000 -9.47100 1.04800 -17.62900 -2.88900 6.41900 -3.05200 -10.91500 -1.78000 4.13000 -7.27300 -17.21200 -7.44600 -8.73800 -14.08900 -17.63900 -18.48300
66.00000 -8.00600 2.02400 -16.16400 -1.91200 5.93100 -2.07500 -12.38000 -1.29200 3.64200 -8.25000 -20.14200 -8.42300 -8.73800 -12.62400 -20.08100 -17.50700
67.00000 -8.00600 0.07100 -14.69900 -1.91200 3.97700 -4.51700 -16.77400 -1.29200 2.66500 -10.20300 -21.11800 -7.93500 -8.25000 -11.64800 -21.05700 -16.53000
68.00000 -8.49400 -3.34700 -13.23400 -2.40100 1.53600 -8.91100 -21.65700 -0.80400 1.68900 -11.18000 -18.67700 -6.47000 -6.78500 -10.67100 -19.59200 -16.04200
69.00000 -8.49400 -5.78800 -12.25800 -3.37700 0.07100 -12.81700 -23.61000 -0.80400 2.17700 -10.69100 -14.28200 -4.51700 -5.32000 -10.18300 -15.68600 -15.55400
70.00000 -7.51700 -5.78800 -10.79300 -3.37700 0.07100 -12.81700 -20.19200 -1.29200 2.66500 -7.76200 -9.39900 -3.54000 -4.34400 -9.69400 -11.29200 -14.57700
71.00000 -6.54100 -3.34700 -8.84000 -2.88900 1.04800 -9.88800 -13.84500 -1.78000 3.64200 -4.34400 -5.49300 -3.54000 -2.87900 -8.71800 -7.38500 -12.62400
72.00000 -4.58800 -0.41700 -6.39900 -2.40100 2.02400 -5.49300 -7.49700 -2.26800 3.64200 -2.39100 -4.02800 -4.02800 -1.41400 -6.27600 -5.43200 -9.69400
73.00000 -3.61100 2.02400 -2.98100 -0.93600 3.00100 -2.07500 -3.10300 -2.26800 4.13000 -1.41400 -4.02800 -4.51700 0.05100 -3.83500 -4.45600 -6.27600
74.00000 -2.63500 3.48900 0.43700 1.01700 3.48900 -1.09900 0.31500 -1.78000 4.13000 -1.90200 -4.51700 -3.54000 1.51600 -1.39400 -4.45600 -3.34700
75.00000 -1.65800 4.46600 3.85500 2.97000 4.46600 -1.09900 2.75700 -0.80400 3.64200 -1.90200 -3.54000 -2.56300 2.00400 0.07100 -2.99100 -1.39400
76.00000 -0.68200 5.44200 6.29700 5.41200 5.93100 -1.09900 5.68600 0.17300 2.66500 -1.90200 -1.58700 -1.58700 1.51600 0.07100 -1.52600 -0.41700
77.00000 0.78300 7.39500 7.76200 7.85300 7.88400 0.36600 7.15100 1.14900 1.20000 -1.41400 0.36600 -1.09900 0.05100 -2.37000 0.42700 -0.90500
78.00000 3.22500 8.86000 8.25000 8.83000 8.86000 1.83100 6.17500 1.14900 -0.75300 -2.87900 1.83100 -0.61000 -1.41400 -6.27600 0.91600 -2.37000
79.00000 5.17800 10.32500 7.76200 9.80600 8.86000 1.34300 3.73300 1.14900 -3.68200 -6.29700 2.31900 -0.61000 -3.36700 -10.18300 -0.06100 -3.83500
80.00000 6.15400 9.83700 7.76200 9.31800 7.39500 -0.61000 1.78000 1.14900 -6.12400 -11.18000 2.31900 -1.09900 -4.83200 -12.62400 -0.54900 -3.83500
81.00000 6.64300 9.34900 7.76200 9.31800 5.44200 -4.02800 2.75700 1.14900 -8.07700 -15.08600 1.34300 -1.09900 -5.32000 -13.11200 -0.06100 -2.37000
82.00000 7.13100 8.37200 8.25000 8.83000 3.97700 -6.47000 6.17500 1.63800 -7.58900 -16.06200 1.83100 -0.61000 -4.34400 -11.15900 1.40400 0.55900
83.00000 6.64300 7.39500 8.73800 8.83000 3.97700 -5.98100 8.61600 2.12600 -5.14700 -12.64400 2.80800 -0.12200 -1.41400 -7.74100 3.35700 3.97700
84.00000 5.66600 6.90700 8.25000 8.34100 3.97700 -3.05200 7.64000 2.61400 -1.24100 -7.27300 4.27200 0.85400 2.00400 -4.81200 4.82200 4.95400
85.00000 4.20100 5.44200 6.78500 6.87700 4.46600 -0.12200 3.73300 2.12600 3.15300 0.53900 5.73700 2.31900 4.44500 -2.85800 4.33300 3.97700
86.00000 1.27200 3.48900 5.32000 4.92400 3.97700 0.36600 -1.14900 2.12600 6.08300 5.91000 6.22600 2.80800 5.91000 -2.37000 3.35700 1.53600
87.00000 -0.68200 2.51300 4.34400 3.45900 3.48900 -1.58700 -2.12600 2.61400 8.52500 7.86300 6.22600 3.78400 5.91000 -1.88200 1.89200 -0.90500
88.00000 -2.14600 2.02400 3.36700 2.48200 3.00100 -4.51700 1.78000 3.59100 9.01300 6.88700 5.24900 3.78400 4.93400 -0.41700 0.91600 -1.39400
89.00000 -2.14600 3.48900 3.36700 2.97000 3.48900 -5.49300 9.10400 5.05600 9.01300 4.44500 4.76100 3.29600 3.46900 1.04800 0.42700 -0.90500
90.00000 -1.65800 4.95400 2.39100 3.45900 4.46600 -3.54000 14.47600 6.03200 9.01300 2.49200 3.78400 2.31900 2.49200 2.02400 -0.06100 0.07100
91.00000 -1.17000 6.41900 0.92600 3.94700 5.44200 -1.09900 13.98700 5.54400 9.01300 2.00400 2.31900 0.85400 0.53900 2.02400 -1.52600 -0.90500
92.00000 -1.65800 5.93100 -0.53900 4.43500 5.44200 0.36600 6.66300 4.56700 9.01300 2.98100 1.34300 -0.12200 -1.41400 0.07100 -2.99100 -3.34700
93.00000 -3.12300 4.46600 -2.00400 4.92400 4.46600 -0.12200 -3.59100 3.59100 9.01300 4.44500 0.36600 -1.09900 -2.87900 -2.37000 -3.47900 -5.78800
94.00000 -3.12300 2.02400 -1.02700 4.92400 3.48900 -2.56300 -11.89200 3.10300 9.01300 4.44500 0.36600 -1.58700 -3.85500 -4.81200 -2.99100 -6.76500
95.00000 -2.14600 0.07100 0.92600 5.90000 2.51300 -4.51700 -12.86800 4.07900 7.54800 3.46900 1.83100 -0.12200 -3.36700 -5.78800 -1.03800 -5.30000
96.00000 0.29500 0.07100 3.85500 6.87700 2.02400 -5.49300 -6.52100 6.03200 6.08300 0.53900 3.29600 1.34300 -2.87900 -6.27600 1.40400 -3.83500
97.00000 3.22500 0.07100 6.78500 7.85300 2.02400 -5.49300 2.75700 7.98500 3.64200 -3.36700 4.76100 2.80800 -2.39100 -5.78800 2.86900 -3.34700
98.00000 4.69000 0.55900 8.25000 8.34100 1.53600 -5.98100 10.08100 9.45000 1.68900 -7.27300 5.24900 3.29600 -3.36700 -6.76500 3.35700 -4.32300
99.00000 5.17800 1.53600 8.73800 7.85300 0.07100 -8.42300 11.05800 8.96200 -0.75300 -11.18000 4.27200 1.83100 -3.85500 -8.23000 2.86900 -5.30000
100.00000 3.71300 1.53600 8.73800 7.36500 -1.88200 -11.84100 7.64000 7.98500 -3.19400 -14.10900 2.31900 -0.12200 -4.83200 -10.67100 0.91600 -6.27600
101.00000 2.73600 1.53600 8.25000 7.85300 -3.83500 -14.77100 3.24500 6.52100 -5.14700 -16.06200 0.85400 -2.56300 -5.80900 -13.11200 -1.52600 -6.76500
102.00000 2.24800 1.53600 7.76200 8.34100 -4.32300 -15.74700 2.75700 5.05600 -7.10000 -17.52700 -0.61000 -4.51700 -7.27300 -15.55400 -5.43200 -8.23000
103.00000 2.73600 1.53600 7.27300 9.31800 -4.32300 -15.25900 5.68600 3.59100 -8.56500 -18.99200 -2.56300 -6.95800 -9.22600 -17.99500 -9.33800 -11.64800
104.00000 3.71300 1.04800 6.78500 9.31800 -2.37000 -13.30600 7.64000 1.63800 -9.05400 -19.48000 -5.00500 -8.91100 -12.15600 -19.94800 -12.75600 -16.04200
105.00000 4.20100 1.04800 6.78500 9.31800 -0.41700 -11.35300 5.19800 0.17300 -9.05400 -18.50400 -7.44600 -10.86400 -14.10900 -22.39000 -14.70900 -18.97200
106.00000 4.69000 1.53600 6.29700 9.80600 1.53600 -9.88800 -1.14900 -0.80400 -8.07700 -17.52700 -9.39900 -11.84100 -16.06200 -24.83100 -14.22100 -19.94800
107.00000 4.20100 2.51300 6.78500 10.29500 3.48900 -8.42300 -7.49700 -0.31500 -7.10000 -18.50400 -10.37600 -11.84100 -16.55100 -27.27300 -12.26800 -18.97200
108.00000 4.20100 3.48900 7.27300 10.29500 4.46600 -7.44600 -8.47400 0.66100 -7.10000 -21.92200 -9.88800 -11.35300 -17.03900 -29.71400 -10.80300 -17.01900
109.00000 3.71300 3.00100 6.78500 10.29500 4.46600 -7.44600 -3.10300 1.63800 -7.10000 -26.31600 -10.37600 -10.86400 -17.03900 -30.69100 -10.80300 -15.55400
110.00000 2.73600 2.02400 4.83200 8.34100 3.97700 -8.42300 3.24500 2.12600 -8.07700 -29.73400 -10.86400 -10.37600 -16.06200 -30.20200 -12.26800 -14.08900
111.00000 1.27200 0.55900 1.90200 5.41200 2.02400 -10.37600 5.68600 1.63800 -8.07700 -29.24600 -11.35300 -10.37600 -13.13300 -27.27300 -13.24500 -12.13600
112.00000 -0.68200 -0.90500 -1.51600 1.99400 1.04800 -11.35300 0.80400 0.17300 -7.10000 -23.87500 -11.84100 -10.37600 -9.22600 -22.87800 -13.24500 -10.18300
113.00000 -1.65800 -0.90500 -3.95700 -0.44800 0.07100 -11.35300 -5.54400 -0.80400 -5.14700 -16.55100 -11.35300 -9.88800 -5.80900 -18.48300 -11.78000 -8.23000
114.00000 -2.63500 -0.41700 -4.93400 -0.93600 0.07100 -9.88800 -7.98500 -0.80400 -3.19400 -11.18000 -9.39900 -8.42300 -3.85500 -16.04200 -9.82700 -8.71800
115.00000 -2.63500 -0.41700 -3.95700 -0.44800 -0.41700 -8.42300 -3.59100 0.17300 -1.24100 -9.71500 -7.93500 -6.95800 -4.34400 -16.04200 -9.33800 -10.67100
116.00000 -2.63500 -1.39400 -2.49200 0.04100 -0.41700 -6.95800 4.71000 1.63800 -0.26400 -11.18000 -6.95800 -5.98100 -5.80900 -16.53000 -9.33800 -12.62400
117.00000 -3.12300 -2.37000 -1.02700 0.52900 -0.41700 -6.47000 8.61600 1.63800 1.20000 -11.66800 -6.95800 -5.49300 -6.29700 -16.53000 -10.31500 -13.11200
118.00000 -3.61100 -3.34700 -1.02700 1.01700 -0.41700 -6.95800 5.19800 -0.31500 2.66500 -10.20300 -7.44600 -5.98100 -5.80900 -15.55400 -9.82700 -11.15900
119.00000 -3.61100 -2.37000 -1.51600 1.50600 0.07100 -6.95800 -4.07900 -2.26800 4.13000 -6.78500 -7.44600 -6.47000 -4.34400 -13.60100 -8.36200 -8.23000
120.00000 -3.12300 -0.41700 -2.98100 2.97000 1.53600 -6.95800 -11.89200 -3.73300 5.10700 -4.34400 -6.95800 -6.47000 -3.36700 -12.13600 -6.89700 -6.27600
121.00000 -2.14600 1.53600 -3.95700 3.94700 2.02400 -6.95800 -13.35700 -3.24500 5.10700 -4.83200 -6.47000 -5.98100 -4.34400 -12.13600 -6.40900 -6.76500
122.00000 -2.14600 1.53600 -5.42200 3.94700 1.04800 -8.42300 -8.96200 -1.29200 3.64200 -8.25000 -6.47000 -4.51700 -6.29700 -13.11200 -7.87400 -8.71800
123.00000 -3.61100 0.07100 -7.37500 1.99400 -1.39400 -10.86400 -3.10300 0.17300 1.20000 -12.15600 -7.93500 -3.54000 -8.73800 -14.57700 -10.31500 -11.64800
124.00000 -6.05300 -2.37000 -9.32800 -1.42400 -3.83500 -13.79400 -1.14900 1.63800 -1.24100 -14.10900 -9.39900 -3.54000 -9.71500 -15.55400 -11.78000 -13.11200
125.00000 -8.00600 -4.32300 -10.30500 -3.86600 -5.78800 -15.74700 -3.10300 2.12600 -2.21800 -12.64400 -10.86400 -4.02800 -10.20300 -16.04200 -12.26800 -14.08900
126.00000 -8.98200 -4.81200 -10.30500 -4.84200 -6.76500 -16.72400 -6.52100 1.63800 -2.21800 -10.69100 -11.35300 -5.49300 -9.71500 -16.53000 -11.78000 -14.57700
127.00000 -8.00600 -3.83500 -9.81600 -4.35400 -5.78800 -16.23500 -7.98500 0.66100 -2.21800 -10.20300 -11.84100 -6.95800 -8.73800 -16.04200 -11.29200 -14.57700
128.00000 -6.05300 -3.34700 -9.32800 -2.88900 -4.81200 -15.74700 -6.03200 0.17300 -2.21800 -11.18000 -12.81700 -8.42300 -7.27300 -16.04200 -12.75600 -14.57700
129.00000 -4.10000 -2.37000 -8.84000 -0.93600 -3.34700 -14.28200 -3.59100 -0.80400 -2.70600 -13.13300 -14.28200 -9.88800 -5.32000 -15.06600 -14.22100 -13.11200
130.00000 -2.14600 -1.39400 -8.84000 0.52900 -2.37000 -12.32900 -3.10300 -1.78000 -3.19400 -14.10900 -16.23500 -10.37600 -3.85500 -14.08900 -15.68600 -11.15900
131.00000 0.29500 0.55900 -7.86300 1.99400 -0.41700 -9.88800 -4.56700 -2.26800 -3.19400 -13.13300 -16.72400 -11.35300 -3.85500 -13.11200 -15.19800 -9.20600
132.00000 3.22500 3.48900 -5.42200 3.94700 1.53600 -6.47000 -7.98500 -2.75700 -3.19400 -11.66800 -15.25900 -11.35300 -4.34400 -13.60100 -13.73300 -8.71800
133.00000 6.15400 6.41900 -2.49200 5.90000 3.00100 -3.54000 -10.42700 -2.75700 -3.19400 -10.69100 -12.32900 -10.37600 -5.80900 -14.57700 -11.78000 -9.69400
134.00000 8.10800 8.37200 -0.05100 6.87700 3.48900 -2.56300 -10.91500 -2.26800 -3.19400 -12.15600 -9.88800 -9.39900 -6.78500 -16.04200 -10.80300 -10.67100
135.00000 8.10800 8.37200 -0.05100 5.90000 2.51300 -3.54000 -10.42700 -2.26800 -3.68200 -14.59800 -9.39900 -9.39900 -7.27300 -17.01900 -11.29200 -11.64800
136.00000 7.13100 7.39500 -1.51600 4.43500 1.04800 -6.47000 -9.45000 -2.26800 -4.17100 -17.52700 -10.86400 -10.37600 -7.76200 -17.99500 -13.24500 -11.64800
137.00000 6.64300 7.39500 -3.46900 3.45900 0.07100 -9.39900 -8.47400 -2.75700 -4.17100 -18.99200 -14.28200 -11.84100 -8.73800 -18.97200 -15.68600 -11.64800
138.00000 7.61900 8.86000 -3.95700 3.45900 0.55900 -10.37600 -7.98500 -3.24500 -3.68200 -18.01600 -17.21200 -13.30600 -9.71500 -19.94800 -17.63900 -12.13600
139.00000 9.57200 11.30200 -2.98100 4.92400 2.02400 -8.42300 -7.49700 -3.24500 -2.21800 -15.57400 -18.67700 -13.79400 -9.71500 -20.43700 -17.63900 -12.62400
140.00000 12.99000 13.25500 -1.51600 6.87700 3.97700 -5.49300 -7.00900 -3.24500 0.22400 -12.15600 -18.18800 -12.81700 -7.76200 -18.97200 -16.17400 -12.62400
141.00000 15.43200 14.72000 -1.02700 8.34100 4.95400 -3.05200 -7.00900 -3.24500 2.17700 -9.22600 -17.21200 -10.86400 -3.85500 -16.53000 -13.24500 -10.67100
142.00000 16.40800 14.23100 -1.51600 9.31800 5.44200 -2.07500 -7.98500 -3.24500 3.64200 -7.27300 -16.72400 -8.91100 0.05100 -12.62400 -8.85000 -7.74100
143.00000 16.89700 14.23100 -1.51600 9.80600 5.44200 -2.07500 -9.45000 -2.26800 4.13000 -5.80900 -15.74700 -7.44600 2.49200 -9.20600 -5.43200 -3.83500
144.00000 17.38500 14.23100 -0.05100 10.78300 5.44200 -2.56300 -9.93900 -0.31500 2.66500 -4.83200 -13.30600 -5.49300 2.98100 -7.25300 -2.99100 -0.90500
145.00000 17.87300 15.20800 3.36700 11.75900 4.95400 -3.05200 -9.45000 2.12600 0.71200 -4.34400 -9.88800 -3.05200 2.49200 -6.27600 -2.01400 1.04800
146.00000 18.85000 16.18400 7.27300 12.24800 4.95400 -3.05200 -7.00900 5.05600 -1.24100 -5.32000 -5.98100 -0.61000 2.00400 -5.30000 -1.52600 2.51300
147.00000 19.33800 16.18400 9.71500 12.24800 3.97700 -3.54000 -2.61400 6.52100 -2.21800 -6.78500 -2.56300 1.83100 2.00400 -3.83500 -1.52600 3.97700
148.00000 17.87300 15.20800 9.71500 10.29500 2.51300 -4.51700 3.73300 7.49700 -2.70600 -8.73800 -0.61000 2.80800 2.00400 -3.34700 -1.52600 3.97700
149.00000 16.40800 13.74300 6.78500 7.85300 0.55900 -6.47000 9.10400 6.52100 -3.19400 -10.69100 -1.09900 1.83100 1.02700 -3.83500 -1.52600 3.48900
150.00000 14.94300 12.76700 3.85500 5.90000 -0.90500 -7.44600 12.03400 5.05600 -3.19400 -11.18000 -2.56300 -0.12200 -1.41400 -5.78800 -1.52600 1.53600
151.00000 14.45500 12.27800 2.39100 4.92400 -2.37000 -8.42300 11.05800 3.10300 -4.17100 -11.18000 -4.02800 -1.58700 -3.85500 -8.23000 -2.50200 -1.39400
152.00000 13.96700 12.27800 2.39100 4.92400 -3.83500 -9.39900 6.17500 2.12600 -5.63600 -12.15600 -5.49300 -2.56300 -6.29700 -11.15900 -3.96700 -4.32300
153.00000 12.99000 10.81300 2.87900 4.92400 -6.27600 -11.35300 -0.17300 1.14900 -7.58900 -15.08600 -6.95800 -3.05200 -8.25000 -13.60100 -6.40900 -7.25300
154.00000 11.52500 8.37200 1.90200 4.92400 -9.20600 -16.23500 -6.03200 0.17300 -9.54200 -20.45700 -9.88800 -4.02800 -9.71500 -16.53000 -9.33800 -10.67100
155.00000 9.57200 5.44200 -0.05100 4.92400 -11.64800 -22.09500 -10.91500 -1.78000 -11.49500 -26.31600 -13.79400 -6.47000 -12.15600 -21.41300 -13.24500 -14.57700
156.00000 8.10800 2.51300 -2.98100 4.92400 -12.13600 -26.97800 -14.82100 -3.73300 -13.44800 -30.22300 -18.67700 -9.88800 -15.08600 -27.27300 -17.63900 -18.97200
157.00000 7.61900 1.53600 -5.91000 4.92400 -9.69400 -28.44200 -20.19200 -6.66300 -13.93600 -31.19900 -23.56000 -14.28200 -18.01600 -33.13200 -23.01000 -23.85500
158.00000 8.59600 3.48900 -8.84000 5.41200 -3.83500 -25.51300 -28.00500 -9.59300 -12.96000 -29.24600 -28.93100 -18.67700 -19.96900 -36.06200 -27.40500 -27.27300
159.00000 11.03700 6.90700 -11.28100 6.38800 2.51300 -19.65300 -34.84100 -12.52200 -10.51800 -25.82800 -32.83700 -23.07100 -19.48000 -35.57300 -30.82300 -29.22600
160.00000 12.99000 10.81300 -12.74600 7.85300 8.37200 -12.81700 -38.25900 -14.96400 -7.10000 -22.41000 -35.76700 -26.00100 -18.01600 -32.15500 -31.31100 -28.24900
161.00000 14.94300 14.72000 -12.25800 8.83000 11.30200 -7.44600 -35.81700 -16.91700 -3.19400 -19.96900 -36.25500 -27.46600 -15.08600 -27.27300 -29.84600 -25.31900
162.00000 16.40800 17.64900 -11.28100 9.80600 12.27800 -3.54000 -28.49300 -17.40500 -0.26400 -18.01600 -34.30200 -27.95400 -12.15600 -22.87800 -26.91700 -21.41300
163.00000 17.38500 18.62600 -8.84000 10.29500 11.30200 -2.56300 -20.19200 -17.40500 1.68900 -16.06200 -30.88400 -27.95400 -9.71500 -19.46000 -23.98700 -17.99500
164.00000 17.38500 18.13800 -5.91000 9.31800 8.86000 -3.54000 -14.82100 -16.91700 2.66500 -13.62100 -26.97800 -26.97800 -8.25000 -17.99500 -23.01000 -17.01900
165.00000 17.38500 16.67300 -4.44500 7.85300 5.93100 -5.49300 -13.35700 -15.45200 2.17700 -11.66800 -24.53600 -26.00100 -7.76200 -17.50700 -22.52200 -17.99500
166.00000 15.92000 13.74300 -3.95700 5.90000 3.00100 -8.91100 -12.86800 -13.98700 1.68900 -11.18000 -23.56000 -24.53600 -7.76200 -18.97200 -23.01000 -20.43700
167.00000 13.96700 10.81300 -3.46900 4.43500 -0.90500 -11.84100 -10.42700 -11.54600 0.22400 -11.66800 -23.07100 -23.07100 -8.73800 -21.90100 -23.01000 -22.39000
168.00000 12.01400 8.37200 -2.00400 4.43500 -3.83500 -14.28200 -5.54400 -8.12800 -1.72900 -13.62100 -22.58300 -20.63000 -9.71500 -24.83100 -22.03400 -22.87800
169.00000 11.03700 7.39500 -0.05100 5.41200 -6.27600 -15.74700 -1.63800 -4.22200 -3.19400 -16.55100 -21.11800 -18.18800 -10.20300 -26.29600 -21.05700 -21.90100
170.00000 11.52500 6.90700 2.39100 6.38800 -6.76500 -15.74700 -2.61400 -0.80400 -4.17100 -19.96900 -18.67700 -16.23500 -10.20300 -25.80800 -20.08100 -18.48300
171.00000 12.01400 7.39500 3.85500 6.87700 -6.27600 -15.74700 -7.98500 1.63800 -5.14700 -23.87500 -16.72400 -14.77100 -9.71500 -23.85500 -19.59200 -15.55400
172.00000 12.99000 7.39500 3.85500 6.87700 -5.78800 -16.23500 -13.35700 2.12600 -5.14700 -26.80500 -15.74700 -13.79400 -10.20300 -22.39000 -20.08100 -14.57700
173.00000 12.50200 6.41900 3.36700 6.38800 -5.78800 -17.21200 -12.86800 2.61400 -5.63600 -28.75800 -16.23500 -13.30600 -11.18000 -22.87800 -20.56900 -15.06600
174.00000 12.01400 4.46600 2.87900 5.90000 -7.25300 -19.65300 -4.07900 3.10300 -7.10000 -29.73400 -17.21200 -12.81700 -13.62100 -25.31900 -21.05700 -17.50700
175.00000 10.54900 2.02400 3.36700 5.41200 -9.20600 -22.09500 8.61600 4.07900 -8.56500 -29.24600 -17.70000 -11.35300 -15.57400 -27.76100 -21.05700 -19.46000
176.00000 8.10800 -0.41700 2.87900 4.92400 -11.64800 -24.53600 16.91700 5.05600 -10.03000 -28.75800 -17.70000 -9.88800 -16.55100 -29.71400 -20.56900 -20.92500
177.00000 5.66600 -2.37000 1.90200 3.45900 -13.11200 -25.51300 15.94000 5.05600 -10.51800 -28.26900 -16.23500 -7.44600 -16.06200 -28.24900 -19.59200 -20.92500
178.00000 2.73600 -3.83500 -0.53900 1.01700 -14.08900 -25.02400 7.15100 4.07900 -10.03000 -26.31600 -13.79400 -4.02800 -14.10900 -25.31900 -18.12700 -19.94800
179.00000 1.76000 -3.83500 -2.00400 -1.42400 -14.08900 -23.07100 -2.61400 3.59100 -9.05400 -22.41000 -11.35300 -0.12200 -11.18000 -20.92500 -15.68600 -17.99500
180.00000 2.24800 -2.37000 -1.02700 -2.40100 -13.60100 -20.14200 -7.49700 3.59100 -8.07700 -16.55100 -7.44600 3.29600 -8.25000 -17.01900 -12.75600 -14.57700
181.00000 4.20100 -0.90500 2.39100 -1.42400 -13.11200 -17.21200 -6.03200 4.07900 -7.10000 -10.69100 -4.02800 6.22600 -5.80900 -13.60100 -8.85000 -10.18300
182.00000 6.64300 1.04800 7.27300 1.50600 -11.64800 -14.77100 -2.12600 4.07900 -7.10000 -7.27300 -1.58700 6.71400 -2.87900 -10.18300 -5.92000 -5.78800
183.00000 8.10800 2.02400 10.20300 3.45900 -9.69400 -12.81700 -0.66100 3.10300 -5.63600 -6.78500 -2.07500 4.76100 -0.92600 -6.76500 -4.94400 -2.85800
184.00000 8.59600 3.48900 9.71500 4.92400 -7.25300 -10.86400 -2.61400 0.17300 -3.19400 -8.25000 -5.98100 0.36600 0.05100 -5.78800 -6.40900 -2.85800
185.00000 9.08400 5.93100 7.76200 5.90000 -4.81200 -7.93500 -5.05600 -3.24500 0.22400 -7.76200 -12.32900 -5.00500 0.05100 -6.27600 -10.31500 -6.27600
186.00000 11.03700 8.86000 6.78500 7.85300 -1.39400 -5.00500 -5.54400 -5.19800 4.13000 -4.83200 -18.67700 -10.86400 -1.41400 -9.69400 -15.68600 -11.15900
187.00000 14.94300 12.76700 7.76200 10.78300 2.51300 -2.07500 -3.10300 -5.68600 7.54800 -0.43700 -22.09500 -15.25900 -3.85500 -13.60100 -19.59200 -15.06600
188.00000 18.85000 16.18400 9.71500 13.71300 5.93100 0.36600 0.31500 -5.19800 8.52500 2.49200 -22.58300 -17.21200 -5.32000 -16.04200 -21.05700 -16.53000
189.00000 21.77900 18.62600 12.15600 16.15400 8.86000 2.31900 2.75700 -4.22200 8.52500 2.98100 -19.16500 -16.72400 -5.32000 -15.06600 -19.10400 -14.57700
190.00000 22.75600 20.09100 12.15600 16.64200 10.81300 3.78400 1.78000 -4.22200 8.03600 1.51600 -16.23500 -15.74700 -3.36700 -11.15900 -16.17400 -11.64800
191.00000 21.77900 21.06700 9.22600 15.17700 11.30200 5.24900 -0.17300 -4.71000 8.03600 0.05100 -13.79400 -14.77100 -0.43700 -5.78800 -13.24500 -8.71800
192.00000 20.80300 22.53200 6.78500 14.20100 12.27800 6.71400 -3.10300 -4.71000 9.01300 1.51600 -13.30600 -15.25900 2.00400 -1.88200 -11.78000 -6.76500
193.00000 20.80300 24.97400 6.29700 13.71300 12.27800 7.69000 -6.03200 -4.22200 9.50100 4.93400 -14.28200 -16.72400 2.98100 -0.90500 -11.29200 -5.78800
194.00000 22.75600 26.92700 7.27300 14.20100 12.76700 7.69000 -8.96200 -3.73300 9.98900 6.88700 -14.77100 -18.67700 2.49200 -2.37000 -11.78000 -6.27600
195.00000 24.22100 28.39200 8.73800 14.68900 12.27800 6.71400 -11.40300 -3.24500 9.01300 6.39900 -14.77100 -20.63000 1.02700 -4.81200 -13.24500 -7.74100
196.00000 24.70900 27.41500 9.22600 12.73600 10.81300 4.27200 -10.91500 -3.73300 7.54800 1.51600 -15.74700 -22.58300 -0.92600 -8.23000 -14.70900 -9.69400
197.00000 23.24400 24.48500 8.73800 8.83000 8.37200 2.31900 -7.00900 -3.24500 6.08300 -3.85500 -16.72400 -22.58300 -2.87900 -10.18300 -16.66300 -11.64800
198.00000 20.31500 21.06700 7.76200 4.92400 6.41900 0.36600 -0.17300 -2.26800 5.10700 -8.25000 -17.21200 -21.60600 -4.83200 -12.13600 -18.12700 -13.60100
199.00000 17.87300 18.13800 7.76200 2.97000 4.95400 -0.61000 6.17500 0.17300 4.13000 -10.20300 -16.23500 -18.67700 -7.27300 -14.57700 -18.61600 -14.57700
200.00000 16.40800 16.67300 9.71500 2.97000 5.44200 -1.58700 8.61600 3.10300 3.15300 -11.18000 -13.79400 -14.77100 -10.69100 -18.48300 -17.63900 -15.55400
201.00000 16.40800 16.67300 12.64400 4.92400 7.39500 -1.58700 6.17500 5.54400 0.71200 -13.62100 -9.88800 -10.37600 -14.59800 -23.85500 -15.68600 -17.50700
202.00000 16.89700 17.16100 14.10900 7.36500 8.86000 -2.07500 2.26800 6.03200 -2.21800 -17.52700 -6.95800 -7.44600 -18.50400 -29.22600 -13.73300 -19.94800
203.00000 16.89700 17.16100 14.10900 9.31800 9.34900 -4.02800 0.80400 5.54400 -6.12400 -22.41000 -5.98100 -5.98100 -21.43400 -34.10800 -12.26800 -22.87800
204.00000 16.40800 15.20800 12.64400 10.29500 7.39500 -7.44600 3.73300 5.54400 -10.03000 -26.31600 -6.95800 -5.00500 -23.38700 -37.52600 -12.26800 -23.36600
205.00000 14.94300 11.79000 10.69100 9.80600 3.97700 -11.84100 7.64000 6.03200 -13.44800 -28.26900 -8.42300 -4.51700 -22.89800 -38.50300 -11.78000 -21.41300
206.00000 12.01400 7.88400 8.25000 9.80600 0.07100 -16.23500 9.59300 7.00900 -15.88900 -29.24600 -8.91100 -3.54000 -20.94500 -38.01500 -11.29200 -17.01900
207.00000 9.57200 4.95400 5.80900 8.83000 -3.83500 -19.16500 6.17500 7.98500 -16.37800 -29.73400 -7.93500 -2.56300 -17.52700 -34.59700 -9.82700 -11.15900
208.00000 7.13100 4.46600 3.85500 7.85300 -6.76500 -19.65300 -0.66100 8.47400 -14.91300 -28.75800 -5.98100 -0.61000 -13.13300 -30.20200 -7.38500 -6.76500
209.00000 5.66600 4.95400 1.41400 6.87700 -8.23000 -18.67700 -6.03200 7.49700 -11.49500 -25.82800 -4.02800 0.36600 -8.73800 -23.85500 -4.94400 -3.83500
210.00000 5.66600 6.41900 -0.53900 5.90000 -8.71800 -16.23500 -7.00900 6.03200 -6.12400 -20.45700 -3.05200 0.85400 -4.34400 -17.99500 -2.50200 -2.85800
211.00000 6.15400 7.39500 -1.51600 5.90000 -7.74100 -14.77100 -4.07900 4.56700 -1.24100 -13.13300 -3.54000 0.36600 -1.90200 -13.11200 -1.03800 -2.85800
212.00000 7.13100 7.39500 -2.00400 5.41200 -6.76500 -14.28200 -1.63800 3.10300 2.17700 -6.78500 -5.49300 -1.58700 -0.43700 -10.18300 -2.01400 -3.34700
213.00000 7.13100 6.41900 -2.98100 3.94700 -5.30000 -15.25900 -3.59100 1.14900 4.13000 -2.87900 -7.44600 -3.54000 -0.43700 -10.18300 -3.96700 -4.81200
214.00000 5.66600 4.95400 -4.44500 1.50600 -3.83500 -15.25900 -9.93900 -1.29200 5.59500 -2.39100 -9.39900 -5.00500 -0.43700 -11.64800 -7.38500 -5.78800
215.00000 3.22500 3.97700 -6.39900 -1.42400 -2.37000 -13.79400 -15.31000 -3.24500 7.06000 -2.87900 -9.88800 -5.98100 0.05100 -12.62400 -9.82700 -7.74100
216.00000 1.27200 4.46600 -5.91000 -1.91200 -0.90500 -11.84100 -15.31000 -4.22200 9.01300 -1.90200 -9.39900 -5.49300 1.02700 -12.13600 -10.31500 -9.69400
217.00000 1.76000 6.41900 -3.46900 -0.93600 1.04800 -8.91100 -9.45000 -3.73300 10.47800 0.05100 -7.93500 -4.51700 2.49200 -10.67100 -9.33800 -10.67100
218.00000 5.17800 10.32500 1.41400 2.97000 3.97700 -6.47000 -1.14900 -1.78000 10.96600 1.51600 -6.47000 -3.54000 2.49200 -8.71800 -8.85000 -10.67100
219.00000 11.03700 14.23100 5.80900 6.87700 6.41900 -5.00500 2.75700 -0.31500 10.47800 1.51600 -5.98100 -4.51700 1.51600 -7.25300 -9.33800 -10.67100
220.00000 15.92000 18.62600 7.27300 9.31800 9.34900 -3.05200 0.80400 -1.29200 8.52500 -0.43700 -7.44600 -7.93500 -0.43700 -7.74100 -11.78000 -10.67100
221.00000 18.85000 22.53200 5.32000 9.80600 12.27800 -0.12200 -5.05600 -4.71000 7.54800 -0.92600 -10.37600 -13.30600 -2.87900 -8.71800 -14.70900 -11.64800
222.00000 18.85000 24.97400 0.92600 8.83000 14.72000 3.78400 -10.42700 -10.08100 7.06000 -0.43700 -13.79400 -19.16500 -4.83200 -10.67100 -16.66300 -13.11200
223.00000 17.38500 25.95000 -2.49200 8.34100 16.67300 7.20200 -11.40300 -14.47600 6.57100 2.00400 -18.18800 -24.53600 -6.29700 -11.64800 -17.15100 -14.08900
224.00000 15.92000 25.46200 -2.98100 8.34100 17.64900 9.15500 -10.91500 -17.40500 5.59500 2.98100 -21.60600 -28.44200 -8.73800 -12.13600 -16.66300 -13.60100
225.00000 15.43200 23.50900 -1.51600 9.80600 17.64900 8.17900 -10.91500 -17.40500 3.64200 0.53900 -25.02400 -31.37200 -11.18000 -13.11200 -16.66300 -12.62400
226.00000 14.94300 20.09100 0.92600 11.27100 16.18400 5.24900 -14.33300 -15.45200 0.71200 -4.83200 -26.97800 -32.83700 -13.62100 -14.57700 -18.12700 -12.13600
227.00000 13.96700 17.16100 2.39100 11.27100 14.23100 2.31900 -18.23900 -12.52200 -2.70600 -9.71500 -26.97800 -32.34900 -16.06200 -17.01900 -20.56900 -13.11200
228.00000 12.50200 15.20800 2.87900 10.29500 12.27800 1.34300 -19.21600 -9.10400 -4.17100 -11.66800 -25.02400 -30.39600 -17.52700 -19.46000 -21.05700 -15.06600
229.00000 11.52500 15.20800 2.87900 8.83000 10.81300 1.34300 -15.31000 -5.68600 -4.65900 -10.20300 -20.63000 -26.00100 -18.01600 -20.92500 -19.59200 -16.53000
230.00000 10.54900 15.69600 3.36700 7.36500 8.37200 1.34300 -7.98500 -2.26800 -4.17100 -8.25000 -16.23500 -21.60600 -17.52700 -21.90100 -16.66300 -16.53000
231.00000 10.06100 15.20800 4.83200 5.90000 6.90700 -0.61000 -1.63800 0.17300 -3.19400 -7.76200 -12.81700 -17.70000 -16.55100 -22.39000 -14.22100 -15.55400
232.00000 9.08400 12.76700 4.34400 3.94700 4.46600 -5.00500 0.31500 0.66100 -3.19400 -10.69100 -11.84100 -15.74700 -16.06200 -22.87800 -14.22100 -15.06600
233.00000 5.66600 8.86000 1.90200 1.50600 3.00100 -9.88800 -2.61400 -0.31500 -3.68200 -15.08600 -12.81700 -14.77100 -15.57400 -23.85500 -15.68600 -15.55400
234.00000 2.24800 4.46600 -1.51600 -0.93600 1.53600 -13.30600 -7.00900 -1.29200 -4.65900 -19.48000 -14.28200 -14.28200 -15.08600 -24.83100 -17.63900 -17.50700
235.00000 -0.19300 3.00100 -2.98100 -1.42400 0.07100 -14.28200 -9.93900 -1.78000 -6.12400 -21.92200 -14.77100 -12.32900 -15.08600 -25.80800 -18.61600 -19.46000
236.00000 -0.19300 3.48900 -1.02700 0.04100 -0.90500 -13.79400 -8.47400 0.17300 -7.58900 -22.89800 -13.79400 -8.91100 -14.59800 -26.78400 -18.61600 -20.43700
237.00000 2.24800 4.95400 3.36700 1.99400 -3.34700 -14.77100 -3.10300 3.59100 -9.05400 -22.41000 -10.86400 -5.00500 -13.62100 -26.78400 -18.61600 -20.43700
238.00000 4.20100 4.95400 8.73800 3.94700 -5.30000 -17.21200 4.71000 7.49700 -9.54200 -21.43400 -7.44600 -1.09900 -12.15600 -26.78400 -17.15100 -18.97200
239.00000 3.22500 1.53600 11.18000 3.45900 -8.23000 -21.11800 12.52200 10.42700 -8.56500 -19.96900 -3.05200 2.80800 -9.71500 -26.29600 -13.73300 -17.50700
240.00000 -1.65800 -4.32300 9.71500 1.01700 -11.64800 -26.48900 18.38200 11.40300 -7.58900 -18.50400 3.29600 6.71400 -6.29700 -25.80800 -5.92000 -14.57700
241.00000 -7.51700 -11.15900 6.29700 -2.88900 -15.55400 -31.86000 21.80000 11.89200 -6.12400 -17.52700 12.57300 12.08500 -2.87900 -24.34300 7.26300 -9.20600
242.00000 -11.91200 -16.04200 4.34400 -5.81900 -19.46000 -36.74300 21.80000 12.38000 -5.14700 -18.99200 24.29200 17.45600 2.49200 -21.41300 22.88800 -0.41700
243.00000 -12.40000 -17.99500 4.34400 -6.79500 -22.87800 -39.67300 17.89300 12.86800 -4.17100 -21.92200 36.49900 22.82700 6.88700 -17.01900 38.02500 10.81300
244.00000 -9.47100 -16.53000 5.32000 -5.81900 -23.85500 -40.64900 13.01100 13.35700 -3.68200 -24.85100 45.28800 25.75700 11.77000 -11.15900 48.27900 20.57900
245.00000 -5.56400 -13.11200 6.78500 -3.86600 -22.39000 -38.69600 9.10400 11.89200 -1.24100 -25.82800 48.70600 26.24500 15.18800 -4.81200 52.67300 27.90300
246.00000 -2.14600 -8.23000 6.78500 -1.91200 -17.50700 -32.83700 8.61600 9.45000 1.68900 -22.41000 46.26500 23.80400 16.65200 1.04800 51.20800 30.34500
247.00000 1.76000 -1.88200 7.76200 0.04100 -10.67100 -25.02400 11.54600 6.52100 4.61800 -15.08600 39.42900 19.89700 16.16400 5.44200 45.83700 29.36800
248.00000 6.15400 4.46600 11.18000 2.97000 -3.83500 -16.23500 16.42900 4.56700 7.54800 -5.80900 31.12800 15.50300 14.21100 7.39500 37.53700 25.46200
249.00000 12.50200 11.30200 17.03900 6.38800 2.51300 -9.39900 20.33500 3.59100 9.50100 2.49200 22.82700 10.62000 10.79300 6.90700 28.74800 20.09100
250.00000 18.85000 17.16100 23.38700 10.78300 5.93100 -5.00500 21.31100 3.10300 9.98900 7.86300 16.47900 6.22600 6.39900 3.97700 19.95800 14.23100
251.00000 23.24400 21.06700 27.29300 13.71300 8.37200 -2.07500 19.84700 3.10300 8.03600 9.32800 11.59700 1.83100 1.02700 -0.41700 12.14600 7.39500
252.00000 24.70900 23.02000 26.31600 15.17700 8.86000 -0.61000 17.89300 1.63800 6.08300 8.35200 8.17900 -1.58700 -4.34400 -4.81200 5.79800 1.53600
253.00000 23.73300 23.50900 23.38700 15.66600 9.83700 0.85400 16.91700 1.14900 3.64200 5.42200 5.73700 -4.02800 -8.73800 -8.71800 1.89200 -2.37000
254.00000 22.75600 23.02000 21.43400 15.66600 10.81300 2.80800 17.40500 1.63800 1.20000 2.98100 3.78400 -5.49300 -12.15600 -11.64800 -0.54900 -4.81200
255.00000 24.22100 24.48500 22.89800 18.10700 12.27800 4.27200 18.38200 4.56700 -0.75300 -0.43700 2.80800 -5.98100 -14.10900 -13.60100 -2.01400 -5.78800
256.00000 28.12700 27.41500 28.26900 22.01300 14.23100 5.73700 18.38200 9.45000 -3.19400 -3.36700 1.83100 -5.49300 -15.57400 -15.55400 -3.47900 -7.74100
