1.00000 -16.95800 -21.56600 -10.23400 -11.80000 -15.16700 -20.10100 -4.60800 3.49900 -7.12100 -9.77600 -2.03500 6.65300 4.78100 1.59700 -5.56400 -2.25800
2.00000 -16.46900 -20.10100 -10.72200 -12.28800 -15.65600 -18.63600 -9.97900 3.49900 -8.58600 -9.28800 -1.54600 6.65300 1.36300 -0.35600 -4.58800 -4.70000
3.00000 -13.54000 -15.70600 -9.74500 -11.31200 -14.19100 -12.28800 -14.86200 3.49900 -9.56200 -4.89300 -0.08100 6.65300 -1.07800 -0.35600 -1.17000 -4.21100
4.00000 -9.63300 -8.87000 -7.30400 -8.38200 -10.77300 -3.01100 -13.88500 3.49900 -8.58600 0.96600 3.33700 7.14100 -0.59000 1.59700 3.22500 -0.30500
5.00000 -5.23900 -2.03500 -4.86200 -5.45200 -7.35500 4.80100 -8.02600 3.98800 -7.12100 5.36100 6.26600 7.62900 0.38700 4.52700 6.15400 4.57800
6.00000 -2.79700 1.38300 -4.37400 -3.98800 -5.40200 7.24300 0.76300 3.98800 -5.65600 4.87300 7.24300 7.62900 1.36300 5.99200 6.15400 7.50700
7.00000 -2.30900 1.38300 -5.35100 -3.98800 -5.89000 4.31300 7.11100 2.52300 -5.65600 -1.47500 5.77800 6.16500 -0.10200 3.55000 4.20100 5.55400
8.00000 -2.79700 -1.05800 -5.83900 -4.96400 -6.37800 -1.54600 7.59900 1.05800 -5.16800 -8.31100 2.84800 3.72300 -3.03100 -2.30900 1.27200 0.67100
9.00000 -2.30900 -2.03500 -4.37400 -3.98800 -5.40200 -5.45200 3.69300 -0.40700 -4.19100 -13.19400 -0.08100 1.77000 -6.44900 -8.16900 -0.19300 -4.70000
10.00000 -0.35600 -0.57000 -1.44400 -1.54600 -0.51900 -3.01100 -0.70200 -0.89500 -1.75000 -13.19400 -1.05800 0.30500 -7.91400 -13.05100 -0.68200 -9.09400
11.00000 2.57400 3.33700 0.50900 1.38300 5.82900 2.36000 -3.14300 -1.38300 2.15700 -10.26400 -2.03500 -1.16000 -8.40300 -15.98100 -1.17000 -11.53600
12.00000 4.52700 6.26600 -0.95600 2.84800 11.68800 7.24300 -4.12000 -2.84800 5.08600 -7.33400 -3.49900 -3.11300 -8.40300 -17.44600 -3.12300 -13.48900
13.00000 3.55000 6.26600 -6.32700 1.87200 13.64100 7.24300 -7.05000 -5.29000 6.06300 -6.84600 -6.91700 -6.04200 -8.89100 -19.39900 -6.54100 -15.44200
14.00000 0.62100 2.84800 -12.67500 -1.05800 11.20000 2.36000 -13.88500 -8.21900 4.11000 -9.77600 -11.31200 -8.48400 -9.86700 -21.35200 -9.47100 -17.39500
15.00000 -2.30900 -1.05800 -16.58100 -3.49900 7.29400 -3.98800 -20.72100 -10.66100 1.18000 -13.68200 -14.73000 -9.94900 -10.35600 -21.84000 -11.42400 -18.37200
16.00000 -3.28600 -3.01100 -16.09300 -3.98800 4.36400 -8.38200 -25.11600 -10.66100 -1.26100 -16.61200 -15.70600 -9.46000 -9.37900 -20.37600 -12.40000 -17.88300
17.00000 -2.30900 -2.03500 -13.16300 -2.52300 2.41100 -9.35900 -22.67500 -8.21900 -2.72600 -17.58800 -15.21800 -7.99600 -7.91400 -17.44600 -12.88900 -16.90700
18.00000 -1.33300 0.40700 -9.74500 -0.57000 1.92300 -7.89400 -14.37400 -4.80100 -2.72600 -15.63500 -13.26500 -6.04200 -6.44900 -14.51600 -14.35300 -16.41800
19.00000 -1.82100 1.87200 -8.28000 0.40700 1.43400 -5.45200 -4.60800 -0.89500 -1.75000 -12.70500 -11.31200 -3.11300 -5.96100 -13.05100 -15.33000 -15.93000
20.00000 -3.28600 0.40700 -10.23400 -0.08100 -0.03100 -3.01100 1.74000 2.03500 -1.75000 -8.31100 -8.38200 0.30500 -4.98500 -12.56300 -14.35300 -14.95400
21.00000 -4.75100 -2.03500 -11.69800 -1.54600 -1.49500 -0.57000 3.20400 4.47600 -1.26100 -3.91600 -3.49900 5.67600 -3.52000 -10.61000 -9.47100 -12.51200
22.00000 -4.75100 -3.98800 -11.21000 -3.01100 -2.47200 1.87200 2.71600 6.91700 -0.28500 1.45500 1.87200 11.04700 -0.59000 -7.19200 -3.12300 -9.09400
23.00000 -4.75100 -4.47600 -9.25700 -3.49900 -1.49500 3.82500 2.22800 9.35900 0.69200 7.31400 6.75500 15.44200 2.82800 -2.79700 2.24800 -7.14100
24.00000 -4.75100 -3.98800 -6.81600 -3.49900 -1.00700 4.80100 3.20400 11.31200 1.18000 10.73200 8.70800 17.88300 3.80500 -0.35600 3.22500 -7.14100
25.00000 -6.21500 -3.98800 -5.83900 -3.98800 -1.49500 3.33700 3.69300 12.28800 0.20300 10.73200 7.73100 17.88300 3.31600 -0.35600 0.29500 -10.07100
26.00000 -9.14500 -5.45200 -6.81600 -4.96400 -4.42500 -1.05800 1.74000 11.80000 -2.72600 5.36100 5.29000 15.93000 0.87500 -3.28600 -4.10000 -13.48900
27.00000 -12.07500 -7.89400 -8.28000 -5.94100 -8.82000 -5.94100 -2.16700 10.33500 -6.14400 -2.94000 3.33700 14.95400 -1.07800 -5.72700 -7.51700 -14.95400
28.00000 -12.56300 -9.35900 -9.25700 -6.42900 -11.74900 -8.87000 -5.58500 7.89400 -8.58600 -11.72900 3.33700 13.97700 -2.05500 -6.21500 -7.51700 -13.97700
29.00000 -10.61000 -7.89400 -8.28000 -5.45200 -12.72600 -9.35900 -5.58500 6.42900 -8.58600 -15.63500 3.82500 13.00000 -2.05500 -3.77400 -5.56400 -11.04700
30.00000 -7.19200 -4.47600 -6.32700 -3.01100 -10.28400 -6.42900 -1.67800 4.96400 -7.60900 -14.65900 4.80100 11.53600 -2.05500 -0.84400 -3.12300 -8.60600
31.00000 -2.79700 -0.08100 -4.86200 0.89500 -5.40200 -3.01100 2.71600 3.98800 -5.65600 -7.82300 3.82500 9.58300 -4.00800 0.62100 -1.65800 -7.14100
32.00000 0.62100 3.82500 -3.88600 4.31300 -0.51900 0.40700 4.18100 3.01100 -4.67900 -0.49800 1.38300 7.62900 -5.96100 0.62100 -1.17000 -6.65300
33.00000 3.06200 5.77800 -3.39800 7.73100 3.87600 1.87200 2.71600 2.52300 -4.67900 4.38400 -1.05800 6.16500 -7.42600 -0.84400 -0.68200 -5.18800
34.00000 5.01500 6.75500 -2.42100 8.70800 5.34100 2.36000 -0.21400 2.52300 -5.16800 5.36100 -2.03500 5.67600 -6.93800 -1.33300 0.78300 -2.25800
35.00000 6.48000 6.75500 -0.95600 9.19600 5.82900 1.38300 -2.16700 3.98800 -6.14400 2.43100 -0.08100 6.65300 -5.47300 -0.35600 3.22500 1.16000
36.00000 6.96800 7.73100 0.99700 8.21900 5.34100 1.38300 -1.19000 5.45200 -6.63200 0.47800 4.31300 8.11800 -4.49600 1.10900 6.15400 3.60100
37.00000 7.45600 10.17300 3.43800 8.21900 4.85200 1.38300 2.71600 6.91700 -6.63200 0.47800 8.70800 8.60600 -4.00800 2.57400 9.08400 6.04200
38.00000 9.41000 12.12600 6.36800 8.70800 5.82900 2.84800 6.13400 7.89400 -6.63200 3.40800 12.61400 8.60600 -3.52000 4.52700 11.03700 8.48400
39.00000 11.85100 15.05500 10.27400 10.17300 8.27000 5.29000 8.57500 7.40600 -5.65600 6.82600 13.59000 7.14100 -3.03100 7.94500 12.50200 10.92500
40.00000 15.75700 18.47300 13.20400 12.61400 11.20000 8.21900 9.55200 6.42900 -4.19100 8.77900 12.12600 4.70000 -2.54300 11.85100 12.01400 13.36700
41.00000 18.68700 21.40300 14.66900 14.56700 14.13000 11.14900 9.55200 4.47600 -2.72600 8.29100 9.19600 1.28200 -2.54300 13.80400 9.57200 12.87800
42.00000 19.17500 22.86800 14.66900 15.54400 16.08300 13.10200 8.08700 3.01100 -1.26100 6.82600 5.77800 -3.11300 -4.98500 12.82800 5.17800 9.46000
43.00000 16.73400 21.89100 11.25100 14.56700 16.08300 13.10200 3.69300 1.05800 -0.77300 5.36100 2.84800 -6.53100 -9.86700 6.48000 0.29500 2.13600
44.00000 11.85100 18.47300 6.85600 12.12600 14.13000 11.63700 -1.19000 -0.89500 -0.28500 5.36100 0.89500 -9.46000 -14.75000 -2.79700 -4.58800 -6.16500
45.00000 6.48000 12.61400 1.97300 8.70800 10.71200 7.73100 -5.09600 -2.36000 -0.77300 5.36100 -1.54600 -10.92500 -17.68000 -10.61000 -9.47100 -12.02400
46.00000 1.10900 6.26600 -2.90900 4.31300 6.80500 2.36000 -7.05000 -2.84800 -1.75000 3.89600 -5.45200 -11.90200 -18.16800 -15.00400 -13.86500 -16.41800
47.00000 -3.28600 0.40700 -6.81600 1.38300 2.41100 -2.52300 -6.56100 -1.87200 -2.72600 0.47800 -10.33500 -10.92500 -16.21500 -14.02800 -17.77100 -17.39500
48.00000 -6.70400 -3.49900 -9.25700 -0.57000 -1.49500 -6.91700 -5.58500 -0.40700 -3.70300 -3.91600 -14.24200 -8.97200 -13.28500 -10.61000 -20.21300 -17.88300
49.00000 -9.14500 -5.94100 -10.72200 -2.03500 -5.40200 -10.33500 -6.56100 1.54600 -4.19100 -7.82300 -15.70600 -5.55400 -9.37900 -7.19200 -20.21300 -17.39500
50.00000 -11.09800 -7.89400 -11.69800 -3.49900 -8.33100 -12.77700 -9.97900 3.49900 -4.67900 -9.28800 -13.26500 -1.16000 -5.96100 -5.23900 -17.77100 -16.90700
51.00000 -13.05100 -9.84700 -11.69800 -5.45200 -10.77300 -15.21800 -12.90900 3.98800 -4.67900 -7.82300 -7.40600 3.72300 -2.54300 -5.23900 -12.88900 -15.44200
52.00000 -14.02800 -12.77700 -11.69800 -6.91700 -12.23800 -17.17100 -11.93200 5.45200 -4.19100 -6.35800 0.40700 8.60600 1.36300 -4.26200 -6.05300 -11.04700
53.00000 -14.02800 -15.70600 -11.21000 -7.40600 -13.21400 -19.12400 -6.56100 6.91700 -3.21500 -6.35800 10.17300 13.97700 5.26900 -1.82100 4.20100 -3.23500
54.00000 -13.05100 -17.66000 -9.25700 -6.42900 -13.21400 -21.07700 2.71600 9.35900 -2.72600 -7.82300 22.38000 20.81300 9.17600 2.57400 18.36100 7.50700
55.00000 -12.07500 -18.14800 -7.30400 -4.47600 -13.21400 -22.54200 11.01700 12.77700 -2.72600 -10.26400 35.56300 29.11400 13.08200 7.45600 35.94000 20.69100
56.00000 -11.09800 -18.14800 -4.86200 -2.52300 -13.70200 -24.00700 15.90000 14.73000 -3.21500 -12.21700 49.23500 37.41500 16.50000 11.36300 53.51800 33.38600
57.00000 -10.61000 -18.14800 -2.90900 -2.52300 -14.67900 -25.96000 17.36500 15.70600 -4.67900 -12.21700 59.00100 43.27400 18.94100 13.80400 67.19000 43.64000
58.00000 -11.09800 -19.12400 -2.42100 -3.98800 -15.65600 -27.42500 16.87600 15.70600 -7.12100 -11.24100 63.39500 45.22700 19.43000 15.26900 74.02500 49.98800
59.00000 -11.58700 -19.61300 -3.39800 -5.94100 -17.12000 -27.91300 15.90000 14.24200 -10.05000 -10.75200 61.44200 44.25000 17.96500 16.24600 74.02500 50.96400
60.00000 -11.09800 -19.12400 -4.86200 -7.40600 -17.60900 -26.44900 13.94700 12.77700 -12.49200 -10.26400 55.09400 40.34400 16.01200 17.22200 69.14300 49.01100
61.00000 -9.63300 -15.70600 -5.83900 -6.91700 -17.60900 -23.51900 9.55200 11.80000 -14.44500 -9.28800 47.77000 37.41500 15.03500 19.17500 62.30700 46.57000
62.00000 -6.70400 -10.82400 -4.86200 -4.47600 -16.14400 -19.61300 5.15700 11.31200 -13.95700 -6.84600 42.39900 36.43800 16.50000 22.59300 55.95900 44.61700
63.00000 -3.28600 -5.45200 -1.44400 -1.05800 -14.19100 -14.73000 1.74000 12.28800 -12.00400 -1.96300 38.00500 35.95000 20.40600 26.98800 50.58800 43.64000
64.00000 0.13200 -1.05800 3.43800 2.84800 -12.23800 -10.33500 3.20400 14.24200 -8.58600 4.87300 35.56300 35.95000 24.31200 30.40600 46.19300 43.15200
65.00000 3.06200 1.38300 7.83300 7.24300 -8.82000 -5.45200 9.06400 17.17100 -4.67900 11.70900 34.09800 35.46100 26.75400 32.84700 42.28700 40.71000
66.00000 5.99200 3.33700 11.25100 10.66100 -4.91300 -0.57000 17.36500 19.12400 -0.77300 16.10300 33.12200 34.48500 26.26500 32.84700 39.35800 36.31600
67.00000 7.45600 5.77800 12.71600 13.10200 0.94600 3.82500 23.22400 19.61300 3.13300 17.56800 32.14500 32.53200 23.82400 30.89400 35.45100 30.45700
68.00000 6.96800 8.21900 11.25100 12.61400 5.82900 7.73100 26.64200 17.17100 6.55100 17.08000 30.19200 28.13700 19.43000 26.49900 30.08000 23.62100
69.00000 3.55000 9.19600 7.34500 9.68400 9.24700 9.19600 25.17700 12.28800 8.99300 15.12700 24.33300 21.30100 14.05800 21.61700 21.29100 16.78500
70.00000 -1.82100 6.75500 0.50900 3.33700 9.24700 7.24300 19.31800 6.42900 10.45700 13.17300 15.05500 12.51200 8.68700 15.26900 10.54900 9.46000
71.00000 -9.14500 0.40700 -8.28000 -3.49900 5.82900 2.36000 8.57500 1.05800 10.45700 9.75500 4.31300 3.23500 4.29300 9.41000 -0.19300 1.16000
72.00000 -16.95800 -7.40600 -17.06900 -10.33500 1.43400 -3.49900 -6.07300 -3.33700 8.99300 4.87300 -4.96400 -3.60100 -0.10200 3.55000 -8.00600 -6.65300
73.00000 -22.32900 -14.73000 -23.90500 -14.73000 -3.44800 -8.87000 -20.72100 -5.77800 7.52800 -0.49800 -9.84700 -7.01900 -3.03100 -1.33300 -12.40000 -13.97700
74.00000 -24.77000 -19.61300 -26.34700 -16.68300 -5.89000 -12.28800 -29.99900 -6.26600 6.06300 -5.38100 -10.82400 -7.50700 -4.98500 -5.72700 -14.84200 -18.86000
75.00000 -24.28200 -20.10100 -24.88200 -15.21800 -5.89000 -12.28800 -29.51000 -5.29000 6.06300 -7.82300 -10.33500 -7.50700 -5.96100 -9.14500 -16.30700 -21.79000
76.00000 -21.35200 -17.66000 -20.48700 -12.77700 -4.42500 -10.82400 -20.72100 -3.33700 5.57500 -6.84600 -10.82400 -7.01900 -6.44900 -10.61000 -18.74800 -22.27800
77.00000 -18.42200 -14.24200 -16.58100 -9.84700 -1.98400 -8.38200 -9.49100 -0.40700 5.08600 -5.38100 -11.80000 -6.04200 -5.96100 -10.12200 -19.72500 -20.32500
78.00000 -16.95800 -11.31200 -16.09300 -7.89400 -0.51900 -6.42900 -3.63200 1.54600 4.11000 -3.42800 -12.28800 -4.08900 -4.98500 -9.14500 -18.74800 -16.90700
79.00000 -18.42200 -10.33500 -19.51100 -7.40600 0.45800 -5.45200 -5.09600 1.54600 3.13300 -3.42800 -10.33500 -1.16000 -3.03100 -7.68000 -15.33000 -13.00000
80.00000 -20.86400 -10.33500 -24.88200 -8.38200 0.94600 -4.96400 -9.97900 0.08100 2.15700 -6.35800 -8.38200 1.77000 -1.56700 -8.16900 -11.42400 -10.55900
81.00000 -22.81700 -10.82400 -28.78800 -9.84700 0.94600 -5.45200 -12.90900 -1.87200 0.69200 -10.26400 -6.42900 3.23500 -2.05500 -10.61000 -9.47100 -10.07100
82.00000 -22.32900 -10.82400 -28.78800 -9.84700 1.43400 -6.91700 -12.42100 -3.33700 -1.75000 -15.14700 -7.89400 2.74700 -4.00800 -14.51600 -10.44700 -13.00000
83.00000 -19.39900 -9.35900 -25.85900 -7.89400 0.94600 -9.35900 -10.95600 -3.33700 -5.16800 -20.03000 -11.31200 0.79300 -6.93800 -18.91100 -13.37700 -17.39500
84.00000 -15.00400 -6.42900 -21.46400 -5.45200 -0.03100 -11.80000 -14.37400 -2.36000 -8.58600 -24.42400 -14.73000 0.30500 -9.37900 -21.35200 -15.33000 -20.32500
85.00000 -10.12200 -3.01100 -18.53400 -2.03500 -0.51900 -13.26500 -22.18600 -1.38300 -11.51500 -25.88900 -15.21800 1.28200 -9.86700 -20.37600 -14.35300 -20.32500
86.00000 -6.21500 2.36000 -17.06900 0.89500 0.45800 -11.31200 -29.99900 -1.38300 -11.51500 -24.42400 -12.28800 3.72300 -7.42600 -16.46900 -10.93500 -15.93000
87.00000 -1.82100 7.24300 -15.11600 2.84800 3.38700 -6.42900 -30.48700 -0.40700 -10.53900 -19.05300 -6.91700 6.65300 -3.03100 -10.61000 -5.56400 -8.60600
88.00000 3.06200 12.61400 -11.69800 4.80100 7.29400 -1.54600 -21.69800 1.05800 -8.09700 -10.75200 -2.03500 10.07100 1.36300 -4.26200 -0.68200 -0.79300
89.00000 7.94500 17.49700 -6.32700 6.75500 11.20000 3.82500 -7.05000 3.49900 -5.65600 -1.47500 2.36000 13.00000 4.78100 2.08500 3.71300 5.55400
90.00000 12.33900 20.91500 -0.46800 8.21900 14.13000 7.24300 4.66900 5.94100 -4.19100 7.31400 6.26600 15.93000 6.73400 6.48000 8.59600 9.46000
91.00000 14.29200 22.86800 3.92700 9.68400 15.59400 9.19600 11.01700 8.38200 -3.21500 13.66200 10.66100 19.34800 8.68700 10.38600 14.94300 11.90200
92.00000 15.26900 23.35600 6.36800 11.14900 16.57100 10.17300 12.48200 10.33500 -2.72600 17.08000 16.52000 22.76600 10.64000 14.29200 21.29100 14.83200
93.00000 14.78100 23.35600 7.83300 13.10200 16.57100 11.63700 13.45800 12.28800 -2.23800 16.59100 21.89100 25.69600 12.10500 17.71000 26.66200 18.25000
94.00000 14.78100 23.35600 9.78600 15.54400 17.05900 13.10200 15.90000 14.24200 -2.23800 13.66200 25.30900 26.67200 12.59400 20.64000 29.10400 21.66700
95.00000 15.75700 24.33300 12.71600 17.49700 17.54800 14.56700 18.82900 15.70600 -2.23800 8.77900 25.79800 25.69600 12.10500 22.10500 27.63900 22.64400
96.00000 16.73400 25.30900 16.62200 19.45000 18.03600 15.54400 18.82900 16.68300 -2.23800 5.84900 24.82100 23.74300 11.12900 21.61700 24.70900 20.69100
97.00000 16.73400 24.82100 19.06300 19.93800 17.54800 15.54400 15.90000 16.19500 -0.77300 5.36100 23.84400 20.81300 10.64000 21.12800 21.29100 16.78500
98.00000 15.26900 21.89100 19.55200 18.96200 17.05900 14.07900 13.94700 14.73000 1.66800 8.77900 24.33300 18.37200 11.61700 20.64000 19.33800 13.85500
99.00000 12.33900 16.52000 17.59800 17.00800 14.61800 11.14900 16.38800 13.26500 4.59800 13.66200 25.30900 16.41800 13.08200 21.12800 18.85000 14.34300
100.00000 8.92100 10.17300 15.64500 13.59000 11.20000 7.73100 23.71200 12.77700 6.55100 17.08000 25.30900 15.93000 15.52300 22.59300 19.82600 16.29600
101.00000 5.50300 4.80100 14.18100 10.66100 7.29400 4.31300 30.54800 12.77700 8.50400 17.56800 23.35600 15.93000 17.47600 25.03500 20.31500 19.22600
102.00000 2.57400 1.38300 13.20400 8.21900 3.87600 2.36000 31.03600 13.26500 9.48100 15.61500 20.91500 16.41800 18.45300 26.01100 19.33800 20.20300
103.00000 1.10900 0.40700 12.22700 5.77800 1.92300 1.87200 24.20000 12.77700 10.45700 13.66200 18.47300 15.93000 18.45300 25.52300 17.87300 18.73800
104.00000 -0.35600 1.38300 10.76300 4.31300 0.94600 2.36000 12.97000 10.82400 10.45700 12.19700 17.00800 14.46500 16.98800 22.59300 16.40800 14.83200
105.00000 -0.84400 2.36000 8.32100 3.33700 1.43400 3.82500 3.69300 7.89400 9.96900 10.73200 16.03200 12.02400 13.57000 17.71000 14.45500 11.41400
106.00000 -1.33300 3.33700 6.85600 3.33700 2.41100 4.31300 1.74000 5.94100 7.03900 8.77900 14.56700 9.58300 8.19900 11.85100 12.01400 8.48400
107.00000 -0.84400 3.82500 6.36800 3.82500 3.38700 3.82500 5.15700 5.45200 2.64500 4.87300 12.12600 7.14100 1.36300 5.01500 8.10800 5.55400
108.00000 1.10900 3.33700 7.34500 5.77800 4.36400 1.87200 10.52900 5.94100 -2.72600 -0.98700 9.19600 5.18800 -5.47300 -0.84400 3.22500 2.13600
109.00000 3.06200 2.84800 7.83300 7.73100 5.34100 -0.08100 13.94700 7.89400 -7.60900 -6.35800 6.26600 4.70000 -11.33200 -6.21500 -0.68200 -2.25800
110.00000 4.52700 2.84800 6.85600 8.70800 6.31700 -1.54600 13.94700 9.35900 -10.53900 -10.75200 5.29000 5.18800 -13.77400 -10.12200 -2.63500 -6.16500
111.00000 4.52700 2.84800 4.41500 7.73100 6.80500 -2.52300 12.48200 9.35900 -11.02700 -12.70500 5.77800 6.65300 -13.28500 -12.07500 -1.65800 -8.11800
112.00000 3.06200 3.33700 0.50900 5.77800 6.80500 -3.01100 10.52900 7.89400 -9.56200 -14.17000 5.77800 7.62900 -10.84400 -12.56300 0.78300 -7.62900
113.00000 0.62100 3.33700 -3.88600 3.33700 6.31700 -3.01100 8.08700 5.45200 -8.09700 -15.14700 5.77800 9.09400 -6.93800 -10.61000 4.20100 -4.70000
114.00000 -1.82100 2.84800 -7.30400 1.38300 5.34100 -3.01100 2.22800 3.49900 -6.14400 -15.63500 4.80100 10.07100 -2.54300 -7.19200 6.64300 -0.30500
115.00000 -3.28600 2.84800 -9.74500 -0.57000 4.85200 -2.03500 -6.56100 1.54600 -4.19100 -14.17000 5.29000 10.55900 1.36300 -3.28600 8.10800 2.62500
116.00000 -3.28600 2.36000 -11.21000 -1.54600 4.36400 -1.05800 -16.32700 0.57000 -1.75000 -10.26400 6.75500 11.53600 5.75800 1.10900 10.06100 5.55400
117.00000 -2.30900 2.84800 -11.69800 -2.52300 4.85200 0.89500 -22.67500 0.08100 1.18000 -4.40500 9.68400 13.00000 9.66400 4.52700 12.99000 7.50700
118.00000 -0.84400 3.33700 -11.69800 -3.49900 5.34100 3.33700 -21.69800 -0.40700 4.11000 1.45500 12.61400 14.46500 13.08200 8.43300 16.40800 10.43700
119.00000 0.62100 4.80100 -11.21000 -4.47600 5.34100 5.77800 -14.37400 -0.40700 6.55100 5.84900 15.05500 15.93000 16.01200 11.85100 19.33800 12.87800
120.00000 2.57400 6.26600 -10.23400 -4.96400 5.34100 7.73100 -2.65500 -0.40700 8.01600 7.80200 15.54400 15.93000 17.96500 15.75700 20.31500 15.32000
121.00000 4.03800 8.21900 -9.74500 -3.98800 5.34100 8.70800 8.57500 0.08100 7.52800 7.80200 15.05500 15.44200 17.96500 18.68700 18.85000 16.29600
122.00000 5.50300 10.66100 -8.28000 -1.54600 6.31700 9.19600 14.43500 1.05800 5.57500 7.80200 13.59000 13.97700 16.50000 19.17500 15.43200 15.32000
123.00000 7.45600 13.59000 -6.81600 1.87200 8.27000 10.17300 15.41100 2.03500 3.62100 7.31400 11.63700 12.02400 13.08200 17.22200 11.52500 11.90200
124.00000 8.43300 16.03200 -4.37400 5.29000 11.20000 10.66100 11.99300 3.01100 1.66800 7.31400 10.17300 10.07100 9.17600 13.31600 8.10800 7.99600
125.00000 9.41000 17.98500 -1.93300 7.73100 14.13000 11.14900 6.13400 3.49900 0.20300 7.80200 7.73100 8.60600 7.22200 10.38600 6.64300 5.55400
126.00000 9.41000 17.49700 -0.46800 8.70800 16.08300 11.14900 0.27500 3.01100 0.69200 8.29100 6.26600 7.14100 6.73400 9.41000 6.64300 4.57800
127.00000 9.41000 16.52000 -0.46800 8.21900 16.57100 11.63700 -4.12000 2.52300 2.64500 9.26700 4.80100 7.14100 9.66400 11.36300 8.59600 7.50700
128.00000 9.41000 15.05500 -0.95600 8.21900 15.10600 12.12600 -6.07300 2.03500 5.57500 11.70900 4.31300 8.60600 14.05800 15.26900 11.03700 11.90200
129.00000 10.38600 14.56700 -0.95600 8.21900 13.15300 12.61400 -4.12000 2.03500 8.99300 13.66200 5.77800 11.04700 18.94100 19.17500 13.47900 16.29600
130.00000 11.36300 14.56700 0.50900 7.73100 10.71200 13.59000 0.76300 3.01100 12.41000 14.63800 8.21900 13.48900 22.84700 21.61700 15.43200 18.73800
131.00000 11.36300 13.59000 1.97300 6.75500 8.75900 13.10200 6.13400 3.98800 13.38700 13.17300 10.17300 14.95400 24.31200 21.61700 16.40800 18.73800
132.00000 9.89800 11.63700 2.46200 4.80100 6.80500 11.14900 10.52900 3.49900 12.89900 10.24400 9.68400 14.46500 23.33600 20.15200 15.43200 16.78500
133.00000 7.45600 8.70800 0.99700 2.36000 4.36400 8.70800 11.50500 3.01100 11.43400 6.82600 6.26600 12.02400 20.89400 16.73400 12.50200 13.36700
134.00000 4.52700 6.26600 -1.93300 0.40700 2.89900 5.77800 8.08700 1.54600 9.48100 4.38400 1.38300 8.11800 18.45300 13.31600 7.61900 9.46000
135.00000 2.57400 5.77800 -5.83900 -0.57000 2.89900 3.82500 2.71600 0.08100 8.50400 3.89600 -2.52300 5.18800 16.01200 9.41000 2.73600 5.55400
136.00000 2.08500 6.75500 -9.25700 -0.08100 3.38700 2.84800 -3.14300 -0.89500 8.01600 4.87300 -5.94100 3.72300 13.57000 5.01500 -1.17000 1.64800
137.00000 2.57400 9.19600 -11.21000 0.40700 4.85200 1.87200 -6.56100 -1.38300 7.52800 4.87300 -6.91700 3.72300 11.12900 1.10900 -3.61100 -1.28200
138.00000 4.03800 11.14900 -12.67500 1.38300 6.31700 0.40700 -9.00300 -2.84800 6.55100 3.89600 -6.91700 3.23500 8.19900 -1.82100 -4.10000 -2.25800
139.00000 5.01500 11.63700 -13.65200 1.87200 7.29400 -1.05800 -10.95600 -4.31300 4.59800 0.47800 -7.40600 2.74700 5.75800 -2.79700 -4.10000 -1.28200
140.00000 5.50300 11.63700 -14.62800 1.87200 7.29400 -2.52300 -13.88500 -6.26600 2.15700 -3.91600 -8.87000 1.28200 3.80500 -2.79700 -3.61100 0.18300
141.00000 5.99200 12.12600 -16.09300 1.87200 6.31700 -3.49900 -17.79200 -7.24300 -0.28500 -9.28800 -10.82400 0.30500 2.82800 -1.82100 -4.10000 0.67100
142.00000 6.96800 12.61400 -17.55800 2.36000 5.34100 -3.49900 -20.72100 -7.73100 -2.23800 -14.17000 -11.80000 -0.18300 1.36300 -1.33300 -4.58800 -0.30500
143.00000 8.43300 14.56700 -18.53400 2.84800 5.34100 -3.49900 -20.72100 -7.73100 -4.19100 -17.10000 -12.77700 -0.18300 0.38700 -0.84400 -5.07600 -2.25800
144.00000 10.38600 16.52000 -18.53400 4.31300 7.29400 -2.03500 -17.79200 -7.73100 -5.65600 -16.61200 -12.28800 -0.67100 -0.59000 -0.84400 -5.07600 -4.21100
145.00000 12.82800 18.96200 -18.04600 5.77800 10.22300 -0.08100 -13.39700 -8.70800 -6.14400 -12.70500 -12.77700 -2.13600 -1.56700 -1.33300 -4.58800 -5.18800
146.00000 15.26900 21.40300 -17.06900 7.24300 13.64100 3.33700 -10.46800 -10.17300 -6.63200 -7.82300 -13.26500 -5.06600 -2.54300 -0.84400 -5.07600 -4.21100
147.00000 16.73400 23.35600 -16.09300 8.70800 16.57100 6.75500 -11.44400 -11.14900 -6.14400 -3.42800 -13.75300 -7.01900 -2.54300 -0.84400 -6.54100 -3.72300
148.00000 16.73400 23.35600 -16.09300 8.70800 18.03600 9.68400 -16.32700 -11.63700 -6.14400 -2.94000 -14.73000 -7.99600 -2.05500 -1.33300 -7.51700 -3.23500
149.00000 14.78100 21.89100 -16.58100 7.24300 17.05900 10.17300 -23.16300 -11.63700 -7.12100 -5.38100 -14.24200 -7.01900 -0.59000 -2.30900 -7.51700 -3.23500
150.00000 11.85100 18.47300 -18.04600 4.31300 13.64100 8.70800 -28.04600 -11.14900 -7.60900 -10.75200 -12.77700 -5.06600 0.87500 -3.28600 -5.56400 -3.72300
151.00000 7.45600 14.07900 -20.48700 0.89500 9.73500 5.29000 -29.51000 -11.14900 -8.58600 -15.63500 -10.33500 -2.13600 2.82800 -3.77400 -2.63500 -3.23500
152.00000 3.06200 10.17300 -23.41700 -2.03500 5.34100 0.40700 -28.04600 -12.12600 -8.58600 -18.56500 -8.87000 -0.18300 4.29300 -3.77400 0.29500 -2.25800
153.00000 -0.35600 6.75500 -26.34700 -4.96400 1.92300 -3.49900 -24.62800 -12.61400 -7.12100 -19.05300 -8.38200 0.79300 6.73400 -2.30900 1.27200 -0.79300
154.00000 -3.77400 3.82500 -27.81200 -6.91700 0.45800 -6.42900 -21.69800 -12.61400 -4.19100 -16.61200 -9.35900 0.79300 9.66400 -0.35600 1.27200 1.16000
155.00000 -5.23900 1.38300 -27.81200 -8.38200 -0.51900 -6.91700 -20.23300 -12.61400 0.20300 -12.21700 -10.33500 0.30500 13.08200 2.08500 0.29500 3.60100
156.00000 -4.75100 -0.08100 -25.85900 -9.35900 -0.03100 -5.94100 -19.25700 -12.12600 4.11000 -6.84600 -9.84700 0.30500 16.50000 4.52700 0.29500 6.04200
157.00000 -3.28600 -0.08100 -22.44100 -8.87000 1.43400 -2.52300 -18.28000 -12.12600 8.01600 -1.47500 -7.89400 0.79300 18.94100 6.96800 1.76000 7.99600
158.00000 -0.84400 0.89500 -19.99900 -7.89400 3.38700 1.38300 -16.32700 -12.12600 10.45700 2.92000 -4.96400 0.79300 20.89400 8.92100 4.20100 8.97200
159.00000 -0.35600 1.87200 -19.02300 -7.40600 3.38700 3.82500 -13.88500 -12.12600 11.92200 5.36100 -2.03500 1.77000 22.35900 11.85100 6.64300 9.46000
160.00000 -2.79700 0.40700 -19.99900 -8.87000 1.92300 5.29000 -11.93200 -12.12600 12.41000 5.84900 -1.05800 2.74700 23.33600 14.29200 8.10800 9.94900
161.00000 -6.70400 -2.52300 -22.44100 -12.77700 -1.98400 3.82500 -10.95600 -12.61400 12.89900 5.84900 -2.03500 3.72300 24.80100 16.73400 8.10800 10.43700
162.00000 -11.09800 -6.91700 -24.88200 -17.17100 -5.89000 2.36000 -10.95600 -12.61400 13.87500 6.33700 -2.52300 5.67600 26.26500 18.68700 7.61900 13.36700
163.00000 -14.51600 -9.84700 -25.85900 -20.10100 -8.82000 1.87200 -11.44400 -12.12600 14.85200 8.29100 -3.01100 7.14100 27.24200 19.66300 7.61900 16.78500
164.00000 -15.00400 -9.84700 -24.39400 -21.07700 -8.82000 2.84800 -11.93200 -10.66100 15.82800 10.73200 -1.54600 9.09400 27.73000 19.66300 7.61900 19.71400
165.00000 -14.02800 -7.89400 -22.44100 -19.61300 -6.37800 4.31300 -12.42100 -9.19600 15.82800 12.19700 -0.08100 10.07100 25.77700 18.68700 8.59600 20.20300
166.00000 -12.07500 -5.45200 -20.97600 -16.19500 -3.44800 5.29000 -11.93200 -6.75500 13.87500 10.24400 0.40700 10.07100 21.87100 15.26900 8.59600 16.29600
167.00000 -10.12200 -3.98800 -19.51100 -12.77700 -1.98400 3.33700 -10.95600 -4.80100 10.45700 4.38400 -1.05800 8.11800 15.52300 9.89800 6.15400 8.48400
168.00000 -8.65700 -3.98800 -19.02300 -9.35900 -1.98400 -0.57000 -10.46800 -2.84800 6.06300 -2.45200 -3.98800 5.18800 9.17600 2.57400 2.24800 0.18300
169.00000 -6.70400 -3.98800 -19.02300 -6.91700 -1.49500 -4.47600 -11.44400 -1.87200 2.64500 -8.31100 -6.91700 2.25800 3.31600 -3.28600 -3.12300 -5.67600
170.00000 -4.75100 -3.49900 -19.02300 -4.96400 -1.00700 -6.42900 -12.90900 -1.38300 0.69200 -11.24100 -9.35900 0.30500 -0.10200 -6.21500 -8.00600 -7.14100
171.00000 -3.28600 -1.05800 -19.02300 -3.98800 0.94600 -5.94100 -12.90900 -1.38300 0.20300 -12.21700 -9.84700 -0.18300 -1.07800 -6.21500 -9.95900 -5.67600
172.00000 -2.30900 1.38300 -19.02300 -3.01100 3.38700 -3.01100 -10.46800 -1.87200 0.20300 -11.24100 -9.35900 -0.18300 -1.07800 -3.28600 -8.98200 -3.72300
173.00000 -1.33300 3.82500 -18.04600 -2.52300 5.34100 1.38300 -6.07300 -1.87200 0.20300 -10.26400 -7.89400 0.30500 -1.07800 -1.82100 -6.05300 -3.72300
174.00000 -0.84400 5.77800 -16.09300 -2.03500 6.80500 5.29000 -3.14300 -2.36000 -0.77300 -8.31100 -6.91700 0.30500 -1.56700 -2.30900 -3.12300 -5.67600
175.00000 0.62100 7.24300 -14.14000 -2.03500 7.78200 7.73100 -4.60800 -3.82500 -1.75000 -6.84600 -6.91700 -0.18300 -2.05500 -4.26200 -1.17000 -6.65300
176.00000 1.59700 8.21900 -13.16300 -2.03500 8.27000 8.21900 -9.49100 -5.77800 -3.21500 -5.38100 -7.40600 -1.16000 -2.05500 -6.21500 -1.17000 -5.18800
177.00000 1.10900 7.73100 -14.14000 -3.49900 7.29400 6.75500 -15.35000 -7.73100 -4.19100 -6.35800 -8.87000 -2.13600 -1.56700 -7.19200 -3.12300 -2.74700
178.00000 -1.33300 5.29000 -17.55800 -5.94100 5.34100 3.33700 -17.79200 -10.17300 -5.16800 -9.77600 -9.84700 -2.62500 -0.59000 -6.70400 -5.07600 -0.30500
179.00000 -5.72700 0.89500 -22.44100 -9.35900 1.43400 -0.08100 -17.30300 -11.63700 -5.65600 -14.17000 -10.82400 -3.11300 0.38700 -6.70400 -6.05300 -0.30500
180.00000 -9.14500 -3.98800 -26.83500 -12.28800 -1.98400 -1.54600 -16.32700 -12.61400 -5.16800 -16.12300 -11.80000 -3.11300 2.34000 -6.21500 -5.56400 -1.77000
181.00000 -10.61000 -7.40600 -28.78800 -14.73000 -3.93700 -1.05800 -17.79200 -13.10200 -3.70300 -13.19400 -11.31200 -2.62500 5.26900 -5.23900 -3.61100 -1.77000
182.00000 -10.61000 -7.89400 -29.27700 -16.19500 -4.91300 1.38300 -21.21000 -13.10200 -1.75000 -6.84600 -10.33500 -1.16000 9.17600 -2.79700 -0.68200 0.67100
183.00000 -10.61000 -7.40600 -28.78800 -17.17100 -5.40200 2.36000 -23.65100 -12.12600 -0.28500 -0.49800 -8.87000 0.30500 12.10500 1.59700 2.24800 4.57800
184.00000 -12.07500 -7.40600 -28.30000 -18.14800 -6.86600 0.89500 -20.72100 -10.66100 0.20300 2.43100 -6.91700 1.77000 13.57000 5.01500 3.22500 7.99600
185.00000 -15.00400 -8.87000 -27.81200 -18.63600 -8.82000 -3.01100 -13.88500 -8.21900 -0.77300 0.96600 -5.94100 2.25800 12.59400 5.50300 2.24800 7.99600
186.00000 -17.93400 -10.82400 -27.32300 -17.66000 -9.79600 -7.89400 -7.53800 -6.26600 -1.75000 -2.94000 -5.94100 1.77000 10.15200 3.55000 -0.19300 4.08900
187.00000 -17.44600 -11.31200 -25.85900 -15.21800 -8.33100 -9.84700 -6.56100 -5.29000 -2.23800 -6.35800 -6.91700 1.77000 8.68700 0.13200 -2.63500 -0.30500
188.00000 -14.02800 -9.84700 -23.41700 -11.80000 -4.42500 -8.87000 -10.95600 -4.80100 -1.75000 -7.33400 -8.38200 1.77000 8.68700 -1.33300 -3.61100 -2.25800
189.00000 -9.14500 -5.94100 -21.46400 -8.38200 -0.03100 -5.45200 -16.32700 -4.80100 -1.26100 -6.35800 -9.35900 2.25800 10.15200 0.13200 -2.14600 -0.79300
190.00000 -5.72700 -2.52300 -19.99900 -6.42900 2.41100 -2.03500 -17.30300 -5.29000 -0.77300 -5.38100 -8.87000 3.72300 12.59400 3.55000 1.27200 4.08900
191.00000 -4.26200 -0.08100 -18.53400 -5.94100 2.41100 -1.05800 -11.93200 -5.77800 -0.28500 -3.91600 -6.42900 4.70000 14.05800 7.45600 4.20100 8.97200
192.00000 -3.77400 0.89500 -17.06900 -6.42900 0.45800 -0.08100 -5.09600 -6.26600 -0.28500 -1.96300 -3.98800 4.70000 15.03500 9.89800 6.64300 12.39000
193.00000 -3.28600 1.87200 -15.60500 -6.91700 -0.03100 1.38300 -2.16700 -7.24300 0.20300 1.94300 -2.03500 4.21100 15.03500 10.38600 7.13100 13.85500
194.00000 -1.33300 3.82500 -14.14000 -6.91700 0.94600 4.80100 -6.56100 -8.70800 1.18000 7.80200 -2.03500 2.74700 15.03500 10.38600 7.13100 13.36700
195.00000 0.62100 6.75500 -13.65200 -6.91700 2.41100 8.70800 -13.88500 -10.17300 2.64500 13.17300 -3.98800 0.30500 15.03500 11.36300 6.15400 11.90200
196.00000 1.10900 8.21900 -14.14000 -6.91700 3.87600 10.17300 -18.28000 -11.14900 4.11000 15.61500 -5.94100 -2.13600 15.03500 13.31600 4.20100 9.46000
197.00000 1.10900 7.73100 -14.14000 -5.94100 3.38700 7.73100 -16.81500 -11.14900 5.08600 14.15000 -6.42900 -4.08900 15.03500 15.75700 2.73600 8.48400
198.00000 1.10900 6.75500 -13.16300 -5.45200 2.89900 3.33700 -10.95600 -10.17300 6.06300 12.19700 -5.45200 -4.57800 14.54700 17.71000 2.24800 7.99600
199.00000 3.06200 6.26600 -10.72200 -3.98800 3.38700 0.89500 -4.60800 -8.70800 6.55100 11.22000 -3.01100 -3.60100 14.54700 18.19900 2.73600 8.48400
200.00000 5.99200 7.73100 -7.79200 -3.49900 5.34100 2.84800 -1.19000 -6.75500 7.52800 12.19700 -0.08100 -1.16000 14.05800 17.71000 4.69000 9.46000
201.00000 7.94500 10.66100 -6.32700 -2.52300 8.27000 7.73100 -0.21400 -4.80100 8.50400 13.66200 2.36000 1.28200 13.08200 15.75700 7.13100 9.94900
202.00000 7.94500 12.61400 -6.32700 -2.03500 9.73500 12.12600 1.74000 -2.36000 7.52800 13.17300 4.31300 4.21100 11.12900 13.31600 9.08400 10.43700
203.00000 5.50300 12.61400 -6.81600 -2.03500 8.27000 12.12600 6.13400 0.57000 6.06300 9.75500 6.26600 7.14100 8.68700 10.87400 10.06100 10.43700
204.00000 2.57400 10.17300 -6.81600 -1.05800 5.34100 8.21900 11.01700 3.49900 3.62100 5.36100 8.21900 9.58300 6.24600 8.92100 10.54900 9.94900
205.00000 1.59700 8.21900 -4.86200 -0.08100 2.41100 2.84800 12.48200 5.45200 1.66800 2.43100 9.68400 11.04700 5.26900 7.94500 11.03700 9.94900
206.00000 3.55000 7.24300 -2.90900 0.89500 1.92300 0.40700 8.08700 4.96400 1.18000 2.92000 9.68400 11.53600 5.26900 7.45600 12.01400 9.94900
207.00000 6.48000 8.21900 -2.42100 1.38300 2.89900 2.36000 -0.21400 3.49900 2.15700 5.84900 8.21900 11.04700 6.73400 8.43300 12.99000 10.92500
208.00000 7.45600 9.68400 -4.86200 -0.08100 4.85200 6.75500 -8.02600 1.05800 4.11000 9.26700 5.77800 9.58300 8.19900 9.41000 12.99000 11.90200
209.00000 5.99200 9.68400 -9.25700 -2.52300 5.82900 10.17300 -10.46800 -1.38300 6.06300 10.73200 3.82500 8.60600 10.64000 11.36300 12.50200 13.36700
210.00000 2.08500 7.73100 -13.65200 -4.96400 5.34100 10.17300 -7.53800 -2.84800 7.52800 10.73200 3.82500 8.60600 13.08200 13.31600 12.50200 14.83200
211.00000 -2.30900 4.80100 -15.60500 -6.91700 4.36400 7.73100 -1.67800 -3.33700 8.50400 9.75500 4.80100 9.09400 15.52300 14.29200 12.50200 15.80800
212.00000 -3.77400 2.84800 -16.58100 -8.38200 3.87600 5.29000 1.74000 -3.82500 9.48100 11.22000 5.77800 10.07100 18.45300 15.26900 12.99000 15.80800
213.00000 -3.77400 3.33700 -16.58100 -9.35900 5.34100 5.77800 1.25100 -4.80100 10.45700 14.63800 5.77800 10.07100 20.89400 16.24600 13.96700 15.32000
214.00000 -1.82100 5.29000 -17.06900 -8.87000 7.29400 8.70800 -3.14300 -5.77800 11.92200 19.03300 5.29000 9.58300 21.87100 17.22200 14.45500 14.83200
215.00000 0.13200 8.21900 -17.06900 -7.40600 9.24700 12.61400 -7.53800 -6.26600 12.89900 22.45100 4.31300 9.58300 22.84700 18.68700 13.96700 14.83200
216.00000 2.57400 10.66100 -16.09300 -4.96400 10.71200 15.54400 -9.97900 -5.77800 12.89900 22.93900 4.80100 9.58300 22.35900 19.66300 13.96700 15.32000
217.00000 5.01500 12.61400 -12.67500 -1.54600 11.20000 16.52000 -8.02600 -4.80100 12.41000 20.00900 5.29000 10.07100 21.87100 20.64000 13.96700 16.29600
218.00000 8.43300 13.59000 -8.28000 1.87200 12.17700 15.54400 -4.12000 -3.82500 10.45700 15.61500 6.26600 9.58300 21.38300 21.12800 13.96700 17.27300
219.00000 11.36300 15.05500 -4.86200 4.80100 13.15300 14.07900 -1.67800 -4.80100 8.50400 11.22000 5.29000 7.14100 19.91800 19.66300 12.50200 17.27300
220.00000 12.33900 16.03200 -3.39800 6.75500 14.61800 14.07900 -1.67800 -6.75500 7.52800 9.26700 2.84800 3.72300 16.98800 17.22200 10.06100 15.80800
221.00000 12.82800 16.52000 -3.88600 7.24300 15.59400 14.07900 -4.12000 -9.68400 7.03900 8.77900 -0.57000 -0.18300 13.57000 13.80400 6.15400 12.87800
222.00000 12.82800 16.52000 -4.86200 7.73100 16.08300 14.07900 -5.58500 -11.14900 6.55100 9.75500 -3.98800 -3.11300 10.64000 10.87400 2.73600 9.46000
223.00000 13.31600 16.52000 -4.86200 7.73100 15.59400 13.10200 -4.60800 -10.66100 6.55100 10.73200 -4.96400 -4.57800 8.68700 8.92100 1.27200 6.53100
224.00000 14.29200 16.03200 -2.90900 8.70800 14.13000 11.14900 -1.67800 -8.21900 5.57500 10.73200 -3.01100 -3.11300 8.19900 8.92100 2.73600 6.53100
225.00000 15.75700 16.03200 -0.46800 9.68400 13.64100 9.68400 1.74000 -4.80100 4.59800 9.75500 1.38300 -0.18300 9.66400 10.38600 7.61900 9.46000
226.00000 16.24600 17.00800 1.48500 10.17300 13.64100 9.19600 3.20400 -2.36000 4.11000 9.26700 6.75500 3.72300 12.10500 12.33900 13.96700 13.85500
227.00000 15.26900 17.98500 2.46200 9.68400 13.64100 11.14900 2.71600 -0.40700 5.08600 8.77900 11.14900 6.65300 15.03500 15.75700 19.82600 19.71400
228.00000 13.80400 19.45000 1.97300 8.21900 13.64100 14.07900 2.22800 0.57000 7.03900 9.26700 13.59000 9.09400 17.47600 18.68700 24.22100 23.62100
229.00000 11.85100 19.93800 0.50900 5.77800 13.64100 17.00800 2.71600 2.03500 8.99300 10.24400 14.56700 10.07100 18.94100 20.64000 25.19700 26.06200
230.00000 9.89800 18.96200 -0.95600 3.33700 12.17700 17.98500 4.66900 3.01100 9.48100 11.70900 13.10200 10.07100 17.96500 20.15200 23.24400 25.08500
231.00000 6.96800 15.54400 -4.37400 0.89500 10.71200 16.03200 5.64600 3.49900 8.01600 12.19700 10.66100 9.58300 15.52300 16.73400 18.85000 21.66700
232.00000 3.55000 11.14900 -8.28000 -1.54600 7.78200 11.63700 4.18100 3.49900 5.57500 11.70900 7.24300 8.11800 11.12900 10.87400 13.47900 17.27300
233.00000 0.13200 5.77800 -12.67500 -3.49900 4.85200 5.29000 0.27500 2.52300 2.15700 9.26700 3.82500 7.14100 6.73400 5.01500 9.08400 12.87800
234.00000 -2.79700 2.36000 -16.58100 -4.96400 2.41100 -0.08100 -3.63200 1.54600 0.20300 5.36100 0.40700 7.14100 4.29300 1.10900 6.15400 9.94900
235.00000 -4.26200 -0.08100 -19.51100 -5.94100 0.45800 -3.98800 -6.07300 0.57000 -1.26100 0.47800 -2.52300 7.14100 4.29300 0.13200 5.17800 8.48400
236.00000 -4.26200 -0.57000 -20.97600 -6.91700 -0.51900 -5.45200 -7.53800 -0.40700 -1.26100 -3.91600 -4.47600 6.65300 5.26900 1.59700 5.17800 8.48400
237.00000 -3.77400 -0.08100 -21.95200 -7.40600 -0.03100 -5.45200 -9.97900 -1.87200 -0.77300 -5.87000 -4.96400 6.16500 7.22200 3.55000 5.66600 8.48400
238.00000 -4.26200 0.89500 -22.44100 -7.40600 0.94600 -3.98800 -13.88500 -3.82500 0.20300 -4.89300 -5.45200 5.67600 8.19900 4.03800 5.66600 7.50700
239.00000 -5.23900 1.38300 -22.92900 -7.40600 1.43400 -2.52300 -18.28000 -6.26600 1.18000 -2.45200 -5.94100 5.18800 8.19900 3.06200 4.69000 6.04200
240.00000 -5.23900 2.36000 -21.95200 -6.42900 1.43400 -0.57000 -19.74500 -7.73100 1.18000 0.96600 -6.42900 4.70000 7.71100 2.57400 2.24800 4.08900
241.00000 -3.77400 4.31300 -19.02300 -4.96400 1.92300 1.87200 -16.32700 -7.24300 2.15700 3.89600 -7.40600 4.70000 8.19900 3.06200 -0.19300 3.60100
242.00000 -0.35600 6.75500 -14.62800 -2.52300 2.89900 4.80100 -9.00300 -5.29000 3.62100 5.84900 -7.40600 5.18800 9.66400 5.50300 -1.65800 4.08900
243.00000 4.03800 9.68400 -9.25700 -0.08100 5.34100 8.21900 -1.19000 -3.82500 5.57500 7.31400 -4.47600 6.65300 11.61700 7.94500 -1.17000 6.04200
244.00000 6.96800 12.12600 -4.86200 1.38300 7.78200 11.14900 4.66900 -2.84800 8.50400 9.26700 1.87200 9.09400 14.54700 9.41000 4.69000 9.46000
245.00000 7.45600 12.12600 -2.42100 1.38300 9.24700 10.66100 8.57500 -1.87200 9.96900 9.26700 12.12600 13.48900 17.47600 10.38600 15.43200 14.34300
246.00000 4.52700 9.68400 -1.93300 -0.08100 7.29400 6.75500 11.99300 0.08100 10.45700 6.82600 26.28600 19.83600 20.40600 10.87400 31.05700 21.17900
247.00000 0.13200 4.31300 -1.44400 -2.03500 2.89900 -0.57000 16.87600 3.01100 8.99300 1.45500 40.93400 26.67200 22.84700 11.36300 47.65800 28.99200
248.00000 -3.77400 -1.54600 0.02000 -2.52300 -3.44800 -8.87000 21.75900 6.91700 6.06300 -4.89300 52.65300 32.53200 24.31200 12.82800 61.81800 36.80400
249.00000 -6.21500 -5.94100 2.46200 -2.03500 -8.82000 -16.19500 23.71200 9.84700 3.13300 -10.26400 58.51200 34.97300 23.82400 13.80400 68.65400 41.68700
250.00000 -7.19200 -8.87000 2.95000 -1.05800 -10.77300 -20.10100 21.27100 11.31200 1.18000 -11.72900 57.53600 33.50800 21.87100 13.80400 68.65400 43.64000
251.00000 -7.19200 -7.89400 0.99700 -0.08100 -9.30800 -18.14800 15.90000 9.84700 0.20300 -8.79900 50.70000 29.60200 18.94100 12.82800 62.79500 42.66400
252.00000 -6.70400 -5.45200 -2.90900 -0.08100 -5.89000 -13.26500 10.52900 6.91700 -0.28500 -3.42800 40.93400 24.23100 15.52300 11.85100 54.00600 38.26900
253.00000 -5.72700 -1.54600 -7.30400 -0.08100 -1.98400 -7.40600 8.57500 4.47600 -0.77300 -0.01000 31.16900 18.86000 11.61700 9.89800 44.24000 32.41000
254.00000 -2.79700 1.87200 -8.28000 0.89500 1.43400 -2.52300 10.04000 3.01100 -2.23800 1.45500 22.86800 15.44200 9.17600 7.94500 35.45100 26.06200
255.00000 0.62100 4.80100 -6.32700 2.84800 2.89900 -1.05800 12.48200 3.49900 -3.70300 -0.49800 17.00800 13.48900 7.22200 6.48000 27.63900 20.20300
256.00000 3.55000 6.75500 -1.93300 4.80100 4.36400 -2.03500 14.43500 4.96400 -4.67900 -2.45200 14.07900 12.02400 6.73400 5.99200 20.80300 15.80800
