1.00000 1.64800 9.30800 1.10900 0.42700 -0.64100 4.02800 2.26800 -0.72200 -2.31900 -1.09900 1.87200 2.81800 3.09200 5.69700 4.53700 6.27600
2.00000 3.11300 10.77300 1.10900 0.42700 -0.15300 3.54000 0.31500 -1.69900 -1.34300 0.36600 2.36000 2.33000 4.06900 7.65000 6.49000 8.23000
3.00000 4.57800 11.74900 1.59700 0.91600 0.82400 2.56300 -1.14900 -1.69900 0.12200 1.83100 3.33700 1.84100 4.55700 9.11500 7.46700 10.18300
4.00000 5.55400 13.70200 3.55000 1.89200 1.80100 1.58700 -1.63800 -0.72200 0.61000 3.29600 4.31300 1.35300 3.58100 9.60300 6.49000 10.18300
5.00000 7.01900 15.65600 5.01500 3.35700 2.28900 1.58700 -0.17300 -0.23400 1.09900 4.27200 4.31300 1.35300 2.11600 9.11500 5.02500 8.23000
6.00000 8.48400 17.12000 6.96800 4.82200 3.26500 2.56300 2.26800 0.74300 1.09900 4.76100 3.33700 0.86500 0.65100 8.13800 3.07200 6.76500
7.00000 8.97200 17.12000 7.94500 5.31000 2.77700 4.51700 3.24500 0.25400 0.61000 5.24900 2.84800 0.86500 -0.81400 6.67300 3.07200 5.30000
8.00000 8.48400 15.16700 7.94500 4.33300 1.31200 5.49300 3.24500 -0.23400 -0.36600 5.24900 2.36000 0.86500 -1.79000 5.69700 3.56000 5.30000
9.00000 6.04200 11.74900 5.99200 2.86900 -0.15300 5.00500 1.29200 -0.72200 -1.34300 4.27200 2.36000 0.86500 -2.76700 4.23200 3.56000 4.81200
10.00000 2.62500 8.33100 3.55000 2.38000 -1.12900 2.56300 -0.66100 -0.72200 -2.80800 1.83100 1.87200 0.37600 -4.23200 1.79000 2.09600 3.83500
11.00000 0.67100 5.89000 1.59700 3.35700 -1.12900 0.61000 -2.61400 -0.23400 -3.78400 -2.07500 0.40700 -0.60000 -6.67300 -1.13900 -0.34600 1.88200
12.00000 0.67100 5.89000 1.10900 5.31000 -0.64100 -0.36600 -3.59100 0.25400 -4.76100 -5.49300 -2.52300 -2.06500 -8.62600 -4.06900 -2.29900 -1.04800
13.00000 2.62500 6.37800 1.10900 6.28700 -0.15300 -0.36600 -3.59100 0.25400 -5.24900 -7.93500 -4.96400 -3.04200 -9.11500 -6.02200 -2.78700 -2.51300
14.00000 5.06600 6.86600 1.10900 5.79800 -0.64100 -1.34300 -3.10300 -0.23400 -5.73700 -9.88800 -6.91700 -4.01800 -9.11500 -7.48700 -2.29900 -2.51300
15.00000 5.55400 5.89000 1.10900 3.84500 -1.61700 -4.27200 -2.61400 -1.21100 -6.22600 -10.37600 -7.40600 -4.01800 -8.13800 -7.48700 -1.81100 -2.02400
16.00000 4.08900 3.93700 0.13200 0.91600 -3.57100 -7.69000 -2.12600 -1.69900 -6.22600 -9.88800 -6.91700 -3.53000 -7.65000 -7.48700 -2.29900 -1.53600
17.00000 0.67100 1.98400 -0.35600 -1.52600 -5.03500 -9.64400 -3.10300 -2.18700 -6.22600 -8.42300 -5.94100 -3.53000 -7.16100 -7.48700 -3.27600 -1.04800
18.00000 -3.23500 1.00700 -1.33300 -2.01400 -5.52400 -9.15500 -5.05600 -2.67500 -5.73700 -6.95800 -4.96400 -4.01800 -6.67300 -6.99900 -4.25200 -1.04800
19.00000 -5.67600 0.51900 -1.33300 -1.03800 -5.52400 -6.71400 -7.49700 -2.67500 -5.24900 -5.98100 -5.45200 -4.01800 -6.67300 -6.51000 -4.74000 -1.04800
20.00000 -5.67600 0.51900 -2.30900 0.42700 -5.03500 -4.27200 -8.96200 -2.67500 -4.76100 -5.98100 -6.91700 -4.01800 -6.18500 -6.02200 -4.25200 -1.53600
21.00000 -4.21100 0.51900 -2.79700 0.91600 -4.54700 -4.27200 -8.96200 -2.18700 -4.27200 -7.44600 -8.38200 -4.01800 -5.69700 -6.02200 -4.25200 -1.53600
22.00000 -2.74700 -0.45800 -2.79700 0.91600 -4.54700 -6.71400 -7.49700 -1.69900 -5.24900 -9.39900 -9.84700 -4.01800 -5.20800 -6.51000 -4.74000 -2.02400
23.00000 -2.25800 -1.43400 -1.82100 0.42700 -4.54700 -8.17900 -5.05600 -0.72200 -6.22600 -9.88800 -9.35900 -4.01800 -5.20800 -6.51000 -6.69400 -3.48900
24.00000 -2.25800 -1.43400 -0.84400 -0.06100 -4.05900 -7.69000 -3.59100 -0.23400 -6.22600 -8.91100 -6.42900 -3.53000 -4.72000 -6.02200 -7.18200 -3.97700
25.00000 -1.77000 0.03100 -0.84400 0.42700 -3.08200 -5.24900 -3.10300 -0.23400 -5.24900 -5.98100 -3.01100 -3.04200 -3.74300 -4.06900 -6.69400 -3.48900
26.00000 1.16000 2.47200 -1.33300 1.89200 -1.61700 -1.34300 -3.59100 -0.23400 -3.78400 -3.05200 -0.08100 -2.06500 -2.27900 -1.62800 -4.74000 -2.51300
27.00000 4.08900 4.42500 -2.79700 2.86900 -0.15300 -0.36600 -4.07900 -0.72200 -2.80800 -1.58700 1.38300 -1.57700 -1.30200 0.32600 -2.78700 -1.04800
28.00000 6.04200 5.89000 -5.23900 3.35700 0.33600 -2.31900 -4.56700 -1.69900 -2.80800 -2.07500 0.89500 -1.57700 -1.30200 1.30200 -2.78700 -0.07100
29.00000 5.06600 5.89000 -6.70400 2.86900 0.33600 -6.22600 -4.07900 -1.69900 -3.29600 -4.02800 -0.57000 -2.06500 -2.27900 1.30200 -4.25200 -0.07100
30.00000 1.64800 5.40200 -6.70400 2.38000 -0.15300 -9.15500 -4.56700 -1.69900 -4.27200 -5.98100 -2.52300 -3.04200 -4.23200 -0.16300 -7.18200 -1.53600
31.00000 -0.79300 5.40200 -5.72700 2.38000 -0.15300 -9.64400 -4.56700 -1.69900 -4.76100 -5.98100 -4.47600 -4.50600 -6.18500 -1.62800 -9.13500 -3.97700
32.00000 -1.77000 6.37800 -3.77400 3.35700 0.33600 -7.69000 -5.05600 -1.69900 -4.27200 -5.00500 -6.91700 -6.46000 -9.11500 -3.58100 -10.11100 -7.39500
33.00000 0.67100 8.33100 -1.82100 4.82200 2.28900 -4.27200 -5.54400 -1.21100 -3.78400 -4.51700 -8.87000 -7.92400 -11.55600 -6.02200 -10.60000 -10.32500
34.00000 4.08900 10.28400 -0.84400 5.31000 4.24200 -0.85400 -5.54400 -1.69900 -3.78400 -4.51700 -10.33500 -9.38900 -14.48600 -8.95200 -11.57600 -13.74300
35.00000 6.04200 11.26100 -0.84400 4.82200 5.70700 1.09900 -5.54400 -2.18700 -4.76100 -5.98100 -10.33500 -10.36600 -16.43900 -11.88200 -12.55300 -16.67300
36.00000 5.06600 11.26100 -2.30900 1.89200 6.19500 1.58700 -6.03200 -3.16400 -5.73700 -6.95800 -8.38200 -9.87800 -17.41500 -14.32300 -14.01800 -18.13800
37.00000 2.62500 10.77300 -3.77400 -0.54900 5.21900 0.12200 -6.03200 -3.65200 -5.73700 -6.47000 -5.94100 -8.41300 -16.92700 -15.78800 -14.99400 -18.62600
38.00000 0.67100 9.79600 -5.72700 -1.52600 4.24200 -1.34300 -6.03200 -3.65200 -5.73700 -5.00500 -4.96400 -7.43600 -14.48600 -15.29900 -14.99400 -17.64900
39.00000 0.18300 9.30800 -7.68000 -1.03800 3.26500 -2.31900 -5.05600 -3.16400 -4.76100 -3.05200 -5.94100 -7.43600 -12.04400 -14.32300 -14.50600 -16.18400
40.00000 0.67100 8.82000 -8.65700 0.42700 3.26500 -2.80800 -3.59100 -2.67500 -3.29600 -2.56300 -8.87000 -8.41300 -11.06800 -13.83500 -14.50600 -15.20800
41.00000 0.67100 7.84300 -8.65700 1.89200 3.26500 -1.83100 -2.61400 -2.18700 -2.80800 -2.56300 -11.80000 -9.38900 -11.06800 -13.34600 -14.99400 -14.72000
42.00000 -0.30500 6.86600 -7.68000 1.89200 3.75400 -2.31900 -2.12600 -1.69900 -2.31900 -3.54000 -12.77700 -10.36600 -10.57900 -12.85800 -15.97100 -13.74300
43.00000 -1.28200 6.37800 -5.72700 1.40400 4.24200 -3.78400 -2.61400 -0.72200 -2.31900 -4.02800 -12.28800 -9.38900 -9.11500 -11.39300 -15.48300 -12.27800
44.00000 -2.25800 5.89000 -4.26200 0.42700 4.24200 -6.71400 -3.59100 -0.72200 -2.80800 -4.02800 -10.33500 -7.43600 -7.16100 -9.44000 -14.50600 -10.32500
45.00000 -2.25800 5.40200 -3.28600 -0.06100 3.75400 -8.17900 -4.56700 -0.23400 -3.29600 -3.54000 -8.38200 -5.97100 -4.72000 -7.48700 -11.57600 -7.39500
46.00000 -0.79300 5.40200 -3.77400 0.91600 4.24200 -6.71400 -4.56700 0.25400 -3.78400 -3.54000 -6.91700 -4.01800 -3.74300 -6.51000 -9.13500 -4.95400
47.00000 0.18300 5.89000 -4.75100 1.89200 4.73000 -2.31900 -3.59100 0.74300 -3.78400 -3.54000 -6.42900 -4.01800 -3.25500 -6.02200 -6.69400 -3.48900
48.00000 0.67100 7.35500 -4.75100 2.38000 5.70700 2.07500 -3.10300 1.23100 -2.80800 -3.54000 -5.94100 -4.01800 -3.74300 -6.02200 -4.74000 -3.00100
49.00000 0.18300 8.33100 -4.75100 2.38000 6.68300 4.51700 -2.61400 1.71900 -1.83100 -2.56300 -4.96400 -4.01800 -3.74300 -5.53400 -3.76400 -3.48900
50.00000 0.18300 9.79600 -4.26200 1.89200 7.17200 3.05200 -2.12600 2.20700 -0.85400 -0.61000 -3.98800 -3.53000 -2.76700 -4.06900 -3.27600 -3.48900
51.00000 0.67100 10.77300 -3.28600 2.38000 7.17200 -0.36600 -1.63800 1.71900 0.61000 1.34300 -3.98800 -4.01800 -1.79000 -2.60400 -3.27600 -3.48900
52.00000 1.64800 11.74900 -2.30900 3.35700 7.66000 -2.31900 -1.14900 1.23100 1.09900 2.80800 -3.98800 -4.01800 -0.81400 -1.13900 -4.25200 -3.48900
53.00000 2.62500 11.74900 -0.84400 4.33300 7.66000 -2.31900 0.31500 0.74300 1.09900 2.80800 -4.47600 -4.50600 -0.81400 -0.16300 -5.22900 -3.00100
54.00000 3.11300 11.74900 1.59700 4.82200 7.66000 -1.34300 1.29200 0.74300 0.61000 2.31900 -4.47600 -4.01800 -0.81400 -0.16300 -5.71700 -2.51300
55.00000 3.60100 11.74900 5.50300 3.84500 7.66000 -0.85400 1.29200 1.23100 0.12200 1.34300 -3.98800 -3.04200 -0.32600 0.32600 -3.76400 -1.53600
56.00000 5.06600 11.74900 8.43300 2.86900 7.17200 -2.31900 0.31500 2.20700 -0.36600 -0.12200 -2.03500 -1.57700 1.13900 1.79000 -0.83400 0.41700
57.00000 7.01900 12.72600 9.41000 2.38000 6.68300 -4.27200 -0.17300 2.20700 -0.36600 -1.58700 -0.08100 0.37600 3.09200 2.76700 2.58400 2.85800
58.00000 8.97200 13.21400 6.96800 3.84500 6.19500 -4.27200 -0.17300 3.18400 -1.34300 -3.54000 1.87200 1.84100 4.06900 3.74300 4.53700 4.81200
59.00000 9.94900 13.21400 3.06200 6.28700 5.21900 -2.31900 1.29200 3.67200 -1.83100 -4.02800 3.33700 2.33000 4.55700 3.74300 4.53700 5.30000
60.00000 8.97200 12.23800 0.13200 7.75100 4.24200 0.61000 3.24500 3.67200 -1.34300 -4.02800 4.31300 2.81800 4.55700 2.76700 3.07200 4.81200
61.00000 6.04200 9.79600 -1.33300 7.26300 3.26500 1.09900 4.71000 4.16100 -0.85400 -2.56300 3.33700 1.84100 4.55700 2.27900 2.09600 3.34700
62.00000 2.62500 7.35500 -0.84400 4.82200 2.28900 -1.83100 5.19800 3.18400 0.12200 -0.61000 0.89500 1.35300 5.04600 1.79000 1.11900 2.37000
63.00000 0.67100 5.89000 -0.84400 1.89200 2.28900 -5.73700 2.75700 2.20700 1.09900 0.36600 -2.52300 0.86500 6.02200 1.79000 1.60700 1.88200
64.00000 0.18300 5.40200 -0.84400 0.42700 3.26500 -8.17900 -0.66100 0.74300 2.07500 0.36600 -5.45200 -0.11200 6.51000 1.79000 2.09600 1.88200
65.00000 1.16000 6.86600 -1.82100 0.42700 5.21900 -7.20200 -3.10300 0.25400 1.58700 -1.09900 -7.40600 -0.11200 6.02200 1.30200 1.60700 1.88200
66.00000 2.62500 8.33100 -1.82100 1.40400 6.19500 -3.78400 -4.07900 0.25400 1.09900 -2.56300 -6.42900 -0.11200 4.55700 -0.16300 0.14200 0.90500
67.00000 2.62500 8.33100 -1.33300 2.38000 6.68300 -2.31900 -4.07900 0.74300 0.12200 -4.02800 -4.96400 -0.60000 2.60400 -2.11600 -1.81100 -0.55900
68.00000 1.16000 6.86600 -1.82100 1.89200 5.21900 -3.78400 -4.07900 0.25400 -0.36600 -4.51700 -3.01100 -0.60000 1.62800 -4.06900 -3.76400 -3.48900
69.00000 -1.77000 3.93700 -3.77400 0.42700 3.26500 -7.69000 -4.56700 0.25400 -0.85400 -4.51700 -2.52300 -1.57700 0.65100 -6.02200 -5.22900 -5.44200
70.00000 -4.21100 1.49500 -8.16900 -1.03800 0.82400 -10.62000 -6.03200 -0.72200 -1.34300 -5.00500 -3.98800 -2.55300 -0.32600 -7.48700 -6.20500 -7.39500
71.00000 -5.18800 0.03100 -12.07500 -1.03800 -0.64100 -10.62000 -7.00900 -0.72200 -1.34300 -5.49300 -5.94100 -3.53000 -0.32600 -7.97500 -6.69400 -7.88400
72.00000 -5.18800 0.03100 -13.54000 0.42700 -0.64100 -7.69000 -7.00900 -0.23400 -0.85400 -5.00500 -6.91700 -3.53000 -0.32600 -7.97500 -6.69400 -7.88400
73.00000 -4.21100 1.00700 -12.07500 2.86900 0.82400 -4.76100 -5.05600 1.23100 -0.36600 -3.54000 -5.94100 -2.06500 0.16300 -6.99900 -6.20500 -6.90700
74.00000 -3.23500 2.96000 -8.16900 3.84500 1.80100 -3.78400 -2.12600 2.20700 0.12200 -2.07500 -3.49900 -1.08800 0.65100 -5.04600 -5.22900 -5.44200
75.00000 -3.23500 3.93700 -3.77400 4.33300 3.26500 -4.27200 -0.17300 2.69600 0.61000 -0.61000 -1.54600 0.37600 1.13900 -3.09200 -3.76400 -3.97700
76.00000 -2.74700 5.89000 -1.33300 3.35700 4.24200 -4.76100 1.78000 2.20700 1.09900 0.85400 -1.05800 0.37600 1.62800 -2.11600 -2.78700 -3.48900
77.00000 -1.28200 7.84300 -0.35600 2.38000 5.21900 -2.31900 3.24500 1.71900 1.58700 1.83100 -1.54600 0.37600 1.62800 -1.62800 -1.81100 -3.00100
78.00000 0.67100 9.30800 -0.35600 1.89200 6.19500 1.09900 4.71000 2.20700 1.58700 2.31900 -2.03500 0.37600 1.62800 -0.65100 -1.32200 -2.51300
79.00000 3.11300 10.77300 0.62100 2.86900 6.68300 5.00500 5.19800 2.69600 1.58700 1.83100 -1.54600 0.86500 1.13900 -0.65100 -1.32200 -2.02400
80.00000 4.57800 10.77300 2.57400 4.33300 7.17200 5.00500 4.71000 3.18400 1.58700 1.34300 -0.57000 1.35300 1.13900 -1.13900 -0.83400 -1.53600
81.00000 4.08900 10.77300 3.55000 4.82200 7.17200 2.07500 2.26800 3.18400 1.09900 0.85400 0.89500 1.84100 1.13900 -1.62800 -0.83400 -1.53600
82.00000 1.16000 9.79600 2.57400 4.33300 7.17200 -1.34300 -1.63800 2.20700 1.09900 0.85400 0.40700 1.35300 1.13900 -3.09200 -0.83400 -2.51300
83.00000 -1.77000 8.82000 -2.30900 2.38000 6.68300 -3.29600 -4.07900 0.74300 0.61000 0.36600 -1.05800 0.37600 1.13900 -4.55700 -2.29900 -3.97700
84.00000 -4.70000 7.84300 -8.65700 -1.03800 5.21900 -2.31900 -5.05600 -0.72200 0.61000 0.36600 -3.49900 -0.60000 1.13900 -5.53400 -3.76400 -4.95400
85.00000 -7.14100 5.89000 -13.54000 -4.45600 3.26500 -0.36600 -4.07900 -1.69900 0.61000 -0.61000 -4.96400 -0.60000 1.13900 -6.51000 -5.22900 -5.44200
86.00000 -7.62900 3.44800 -15.00400 -5.43200 1.31200 -0.36600 -3.10300 -1.69900 0.12200 -1.58700 -5.45200 -0.11200 1.62800 -6.51000 -6.20500 -5.44200
87.00000 -7.14100 1.49500 -13.05100 -4.94400 0.33600 -1.83100 -2.12600 -0.23400 -0.85400 -3.05200 -4.47600 0.86500 2.11600 -6.02200 -6.20500 -5.44200
88.00000 -5.67600 1.00700 -11.09800 -1.52600 -0.15300 -3.78400 -1.63800 1.23100 -0.85400 -4.51700 -3.49900 1.35300 1.62800 -6.51000 -5.71700 -5.44200
89.00000 -3.72300 1.98400 -10.61000 1.40400 1.31200 -4.27200 -2.12600 2.69600 -0.85400 -5.00500 -3.49900 0.37600 1.13900 -6.99900 -4.25200 -4.95400
90.00000 -1.77000 3.93700 -11.58700 3.84500 2.77700 -2.31900 -2.12600 2.69600 -0.85400 -5.00500 -4.47600 -1.08800 -0.32600 -7.48700 -3.76400 -4.95400
91.00000 -0.30500 5.89000 -11.09800 3.84500 4.24200 -0.85400 -1.14900 2.20700 -0.36600 -4.51700 -5.94100 -3.04200 -2.27900 -8.46400 -4.25200 -5.93100
92.00000 0.18300 6.37800 -7.68000 2.86900 4.73000 -2.31900 0.31500 1.23100 -0.85400 -4.02800 -7.40600 -4.50600 -4.23200 -9.44000 -5.71700 -7.39500
93.00000 0.18300 6.86600 -1.82100 0.91600 4.24200 -5.24900 1.29200 0.74300 -1.34300 -4.02800 -7.40600 -4.99500 -5.20800 -10.41700 -7.67000 -8.86000
94.00000 -1.28200 6.37800 3.06200 -1.03800 3.75400 -7.20200 1.78000 0.25400 -1.83100 -4.51700 -6.42900 -4.50600 -5.69700 -10.90500 -9.13500 -9.83700
95.00000 -3.23500 5.89000 2.57400 -2.01400 3.75400 -6.71400 1.78000 0.25400 -1.83100 -4.02800 -3.98800 -3.04200 -4.72000 -9.92800 -9.13500 -9.34900
96.00000 -5.18800 4.91300 -4.75100 -2.50200 4.24200 -2.80800 1.29200 0.74300 -0.85400 -2.56300 -1.54600 -1.08800 -2.27900 -7.48700 -7.18200 -7.39500
97.00000 -7.14100 2.96000 -14.02800 -2.99100 3.75400 0.12200 0.31500 1.23100 0.61000 -1.58700 0.40700 0.37600 0.16300 -4.06900 -4.74000 -4.95400
98.00000 -9.09400 -0.45800 -20.86400 -3.96700 2.77700 0.61000 -1.14900 1.23100 1.58700 -1.09900 1.38300 1.84100 2.11600 -1.62800 -3.27600 -3.00100
99.00000 -11.04700 -3.87600 -22.81700 -4.45600 0.82400 -2.80800 -2.61400 1.23100 1.58700 -1.58700 1.38300 2.81800 2.60400 -1.13900 -3.27600 -3.00100
100.00000 -13.48900 -7.29400 -21.35200 -5.43200 -2.10600 -6.22600 -4.07900 1.23100 0.12200 -3.54000 0.40700 2.33000 1.62800 -2.60400 -4.25200 -4.95400
101.00000 -15.44200 -9.24700 -19.88700 -5.43200 -4.05900 -7.69000 -4.07900 1.23100 -1.34300 -4.51700 -1.54600 1.84100 0.16300 -5.04600 -6.20500 -6.41900
102.00000 -16.90700 -9.73500 -20.37600 -5.43200 -5.03500 -6.22600 -4.07900 1.71900 -2.31900 -5.49300 -3.98800 0.86500 -1.30200 -6.99900 -7.18200 -7.39500
103.00000 -16.90700 -8.75900 -20.86400 -4.94400 -4.54700 -4.76100 -4.07900 1.71900 -2.31900 -5.00500 -5.45200 -0.60000 -2.27900 -7.48700 -8.15800 -7.39500
104.00000 -15.93000 -6.80500 -19.39900 -3.96700 -3.57100 -6.22600 -3.59100 1.71900 -1.83100 -5.00500 -5.94100 -1.08800 -2.27900 -6.99900 -9.13500 -6.90700
105.00000 -14.46500 -4.36400 -15.49300 -2.99100 -1.12900 -10.62000 -4.07900 1.71900 -1.34300 -5.49300 -5.94100 -1.57700 -2.27900 -6.51000 -10.11100 -7.39500
106.00000 -13.48900 -1.92300 -12.07500 -2.50200 0.33600 -15.01500 -5.05600 1.71900 -1.83100 -5.98100 -4.96400 -2.06500 -2.76700 -6.99900 -11.08800 -8.37200
107.00000 -13.48900 -0.45800 -12.56300 -3.47900 1.31200 -16.47900 -5.54400 1.23100 -1.83100 -5.98100 -4.47600 -2.06500 -3.25500 -6.99900 -11.08800 -8.86000
108.00000 -14.46500 -0.94600 -16.95800 -4.94400 1.31200 -12.57300 -5.54400 1.23100 -1.83100 -5.00500 -3.98800 -1.57700 -2.76700 -7.48700 -9.62300 -8.37200
109.00000 -15.44200 -2.41100 -21.35200 -7.87400 -0.15300 -5.24900 -5.05600 1.23100 -1.34300 -2.07500 -3.49900 -0.11200 -1.79000 -6.99900 -7.67000 -7.39500
110.00000 -16.41800 -4.85200 -21.35200 -10.80300 -1.61700 0.12200 -4.56700 1.23100 -0.36600 0.85400 -2.52300 0.86500 -0.81400 -6.51000 -6.20500 -6.41900
111.00000 -17.39500 -7.29400 -18.42200 -12.26800 -3.08200 1.09900 -4.07900 1.23100 0.12200 1.83100 -2.52300 1.35300 -0.81400 -6.99900 -6.20500 -6.41900
112.00000 -18.86000 -8.27000 -15.00400 -11.78000 -4.54700 -2.31900 -4.56700 1.23100 0.12200 0.85400 -2.52300 1.35300 -1.79000 -8.46400 -8.15800 -8.37200
113.00000 -19.83600 -8.27000 -15.49300 -9.82700 -4.54700 -7.20200 -6.03200 1.23100 -1.34300 -2.56300 -3.49900 0.37600 -3.74300 -10.41700 -11.08800 -10.32500
114.00000 -20.32500 -7.78200 -19.88700 -6.40900 -4.05900 -10.62000 -7.98500 1.23100 -2.31900 -6.47000 -4.47600 -0.60000 -5.20800 -11.88200 -12.55300 -11.79000
115.00000 -19.34800 -6.80500 -23.30500 -4.45600 -3.08200 -10.62000 -8.96200 0.25400 -2.80800 -7.93500 -5.94100 -1.57700 -5.20800 -12.37000 -12.06500 -10.81300
116.00000 -16.41800 -5.82900 -21.35200 -3.96700 -2.59400 -9.64400 -7.98500 -0.23400 -2.31900 -7.44600 -5.94100 -1.08800 -3.74300 -10.41700 -9.13500 -7.88400
117.00000 -12.02400 -3.38700 -12.56300 -4.94400 -2.10600 -9.15500 -6.03200 0.25400 -1.34300 -4.51700 -4.96400 -0.60000 -1.30200 -8.46400 -4.74000 -4.46600
118.00000 -7.14100 -0.45800 -1.82100 -5.92000 -2.10600 -9.64400 -2.12600 1.23100 -0.85400 -1.09900 -3.98800 0.37600 0.65100 -5.53400 -1.81100 -1.53600
119.00000 -3.72300 2.96000 4.52700 -6.40900 -2.59400 -10.13200 1.29200 2.20700 -1.34300 1.34300 -3.01100 0.86500 1.13900 -4.06900 -1.32200 -0.07100
120.00000 -3.23500 5.89000 3.55000 -5.92000 -2.59400 -8.66700 3.24500 3.67200 -1.83100 1.34300 -2.03500 1.35300 0.16300 -3.58100 -2.29900 -0.07100
121.00000 -5.67600 7.35500 -3.28600 -4.94400 -2.10600 -4.76100 3.73300 4.16100 -2.31900 -0.12200 -1.54600 1.35300 -1.30200 -3.58100 -3.76400 -0.07100
122.00000 -10.07100 6.37800 -10.12200 -4.94400 -0.64100 0.61000 3.73300 3.67200 -1.83100 -1.09900 -0.08100 1.84100 -0.81400 -3.09200 -3.76400 0.90500
123.00000 -13.00000 3.93700 -13.54000 -5.43200 0.33600 3.54000 2.75700 3.18400 -0.85400 -0.61000 1.38300 2.81800 -0.32600 -2.11600 -2.29900 1.88200
124.00000 -13.48900 1.49500 -14.02800 -5.92000 1.31200 3.05200 1.29200 2.69600 0.12200 0.85400 1.87200 2.81800 0.65100 -0.65100 -0.83400 3.34700
125.00000 -12.02400 0.03100 -13.05100 -5.43200 1.80100 -0.36600 -0.66100 2.20700 0.61000 2.31900 1.87200 2.33000 1.13900 -0.65100 -0.34600 2.85800
126.00000 -9.58300 0.51900 -13.54000 -4.45600 2.28900 -3.78400 -2.61400 1.71900 0.61000 2.31900 0.89500 1.35300 0.65100 -1.62800 -1.81100 1.88200
127.00000 -8.11800 1.49500 -15.49300 -2.99100 1.80100 -5.24900 -4.56700 1.23100 -0.36600 0.85400 -0.08100 -0.11200 -0.32600 -3.09200 -3.27600 0.90500
128.00000 -8.11800 1.98400 -16.46900 -2.50200 0.82400 -4.76100 -6.03200 0.25400 -1.34300 -2.07500 -1.54600 -0.11200 -0.81400 -4.06900 -4.25200 0.41700
129.00000 -9.58300 0.51900 -15.98100 -2.99100 -0.15300 -3.78400 -6.52100 -0.23400 -2.31900 -4.51700 -2.52300 -0.11200 -0.81400 -4.55700 -3.76400 0.90500
130.00000 -11.04700 -1.92300 -15.00400 -4.45600 -1.12900 -4.76100 -7.00900 -0.72200 -3.29600 -5.00500 -3.01100 0.37600 -1.30200 -5.04600 -3.27600 0.41700
131.00000 -12.02400 -4.36400 -14.02800 -4.94400 -1.12900 -6.71400 -6.52100 -0.72200 -4.27200 -5.00500 -3.49900 -0.11200 -1.79000 -5.53400 -3.27600 -0.55900
132.00000 -12.02400 -4.85200 -13.05100 -4.45600 -1.12900 -8.17900 -7.00900 -0.72200 -4.76100 -4.02800 -4.47600 -1.08800 -3.25500 -6.02200 -4.74000 -2.02400
133.00000 -11.04700 -3.38700 -11.58700 -2.99100 0.33600 -7.69000 -7.00900 -0.72200 -4.76100 -4.02800 -5.45200 -2.55300 -4.23200 -6.51000 -6.20500 -3.48900
134.00000 -10.07100 -1.43400 -9.63300 -2.01400 1.31200 -5.24900 -7.00900 -0.72200 -4.27200 -5.00500 -6.42900 -4.50600 -4.72000 -6.02200 -8.15800 -3.97700
135.00000 -9.09400 -0.45800 -9.14500 -2.01400 2.28900 -2.80800 -6.52100 -1.69900 -3.78400 -6.47000 -7.89400 -6.46000 -4.72000 -5.53400 -10.11100 -4.46600
136.00000 -8.11800 -1.43400 -11.09800 -2.01400 2.77700 -1.83100 -7.49700 -2.18700 -3.29600 -7.44600 -9.84700 -8.90100 -5.69700 -6.51000 -12.55300 -5.93100
137.00000 -8.60600 -3.87600 -15.49300 -2.99100 1.80100 -4.27200 -8.96200 -3.16400 -3.78400 -8.42300 -12.28800 -11.34200 -7.65000 -8.46400 -16.45900 -8.86000
138.00000 -10.07100 -6.31700 -20.86400 -2.99100 -0.15300 -7.20200 -11.40300 -3.65200 -5.24900 -7.93500 -13.75300 -12.31900 -10.09100 -10.90500 -18.90100 -12.27800
139.00000 -13.48900 -7.78200 -24.28200 -3.96700 -2.10600 -9.64400 -14.33300 -3.16400 -6.22600 -6.95800 -12.77700 -11.34200 -10.57900 -12.37000 -18.41200 -12.76700
140.00000 -16.41800 -6.80500 -23.79400 -5.43200 -2.10600 -9.15500 -15.79800 -3.16400 -5.73700 -5.00500 -8.87000 -7.92400 -9.11500 -10.90500 -14.01800 -10.32500
141.00000 -18.37200 -5.34100 -20.37600 -7.38500 -1.61700 -6.71400 -13.84500 -1.69900 -3.29600 -2.56300 -3.49900 -3.53000 -5.20800 -6.99900 -7.18200 -4.95400
142.00000 -17.39500 -3.38700 -16.46900 -8.36200 -0.15300 -3.29600 -9.93900 -0.23400 -0.85400 -0.12200 1.38300 -0.11200 -1.79000 -2.11600 -1.32200 0.41700
143.00000 -13.97700 -2.41100 -13.54000 -8.85000 1.31200 0.12200 -4.56700 1.23100 1.09900 1.34300 4.31300 1.35300 0.65100 0.81400 1.11900 3.34700
144.00000 -10.07100 -1.92300 -13.05100 -6.89700 2.28900 2.07500 -0.66100 2.20700 1.09900 1.83100 4.80100 1.35300 0.16300 1.30200 -0.34600 2.85800
145.00000 -7.62900 -1.43400 -13.54000 -4.45600 1.80100 3.05200 0.80400 2.69600 0.12200 1.83100 4.31300 0.37600 -1.30200 -0.65100 -3.76400 0.90500
146.00000 -7.62900 -1.43400 -14.02800 -2.99100 1.80100 3.54000 -0.17300 2.20700 -0.85400 0.85400 2.84800 -0.60000 -2.76700 -2.60400 -5.71700 -1.04800
147.00000 -9.09400 -0.94600 -13.05100 -2.01400 1.31200 2.56300 -2.12600 1.71900 -1.34300 -1.09900 2.36000 -1.08800 -3.74300 -4.06900 -5.71700 -1.53600
148.00000 -9.58300 -0.94600 -11.58700 -1.03800 1.80100 0.61000 -2.12600 1.71900 -0.85400 -2.07500 2.36000 -1.57700 -3.74300 -4.55700 -4.74000 -1.53600
149.00000 -8.60600 -0.94600 -10.12200 -0.06100 2.28900 -1.83100 -0.66100 1.71900 -0.85400 -3.05200 2.36000 -2.55300 -4.23200 -5.04600 -4.25200 -2.51300
150.00000 -6.65300 -0.94600 -9.63300 2.38000 2.77700 -4.27200 0.80400 2.69600 -1.83100 -4.51700 1.38300 -4.01800 -5.69700 -6.02200 -6.20500 -4.95400
151.00000 -6.16500 -0.45800 -10.12200 4.82200 2.77700 -6.22600 1.78000 3.67200 -2.80800 -5.00500 0.40700 -5.97100 -8.13800 -7.97500 -9.13500 -7.88400
152.00000 -7.14100 -0.45800 -11.58700 5.79800 2.28900 -7.20200 0.31500 3.67200 -3.29600 -5.98100 -1.05800 -7.43600 -9.60300 -9.44000 -12.06500 -8.86000
153.00000 -9.58300 0.51900 -13.05100 3.35700 1.31200 -7.20200 -2.12600 2.20700 -3.29600 -5.98100 -1.05800 -7.43600 -10.09100 -9.44000 -12.06500 -8.37200
154.00000 -11.53600 1.49500 -15.00400 -1.52600 0.82400 -5.24900 -4.07900 0.74300 -2.31900 -5.98100 -0.57000 -5.97100 -8.62600 -7.97500 -9.13500 -5.93100
155.00000 -11.53600 2.47200 -16.46900 -6.89700 1.31200 -1.34300 -4.56700 -0.23400 -0.85400 -5.49300 1.38300 -3.53000 -6.18500 -5.53400 -5.71700 -3.00100
156.00000 -10.55900 2.96000 -17.93400 -10.31500 1.31200 3.05200 -4.07900 -0.72200 0.12200 -4.51700 3.33700 -0.60000 -4.23200 -3.09200 -3.27600 -0.55900
157.00000 -9.58300 1.98400 -18.91100 -10.80300 0.33600 5.49300 -3.10300 -0.23400 0.12200 -3.05200 4.80100 1.35300 -2.76700 -2.11600 -3.27600 -0.07100
158.00000 -11.53600 -0.45800 -18.91100 -9.82700 -0.64100 4.02800 -3.59100 0.25400 -0.36600 -2.07500 5.77800 1.35300 -2.27900 -2.11600 -4.25200 -0.55900
159.00000 -15.93000 -3.87600 -17.93400 -7.87400 -2.10600 -0.85400 -5.54400 0.25400 -1.83100 -1.58700 4.80100 0.86500 -3.25500 -2.60400 -5.22900 -2.51300
160.00000 -20.81300 -7.29400 -15.98100 -6.89700 -3.57100 -8.17900 -7.98500 -0.23400 -3.29600 -2.07500 2.36000 -1.57700 -4.72000 -4.55700 -5.71700 -3.97700
161.00000 -22.76600 -9.73500 -14.51600 -6.40900 -4.54700 -13.06200 -9.45000 -0.72200 -4.27200 -4.02800 -1.54600 -4.50600 -6.67300 -6.51000 -6.20500 -6.41900
162.00000 -21.30100 -9.73500 -13.54000 -4.94400 -4.05900 -15.01500 -8.96200 -0.72200 -4.76100 -6.47000 -5.94100 -6.94800 -8.62600 -8.46400 -8.15800 -8.37200
163.00000 -16.90700 -7.78200 -13.05100 -2.99100 -3.57100 -13.55000 -6.52100 -0.72200 -5.24900 -8.42300 -8.87000 -8.90100 -10.09100 -10.41700 -11.57600 -10.32500
164.00000 -12.51200 -5.34100 -13.05100 -1.03800 -2.10600 -11.59700 -5.05600 -0.23400 -5.24900 -10.37600 -10.33500 -9.38900 -11.06800 -11.39300 -14.99400 -11.30200
165.00000 -10.55900 -2.89900 -13.05100 -0.06100 -1.12900 -10.13200 -5.05600 -0.23400 -5.24900 -10.86400 -9.84700 -9.38900 -11.06800 -11.39300 -17.43600 -11.30200
166.00000 -11.04700 -1.92300 -12.56300 -1.03800 -0.15300 -10.13200 -6.52100 -0.72200 -4.27200 -10.37600 -8.38200 -9.38900 -11.06800 -10.41700 -17.43600 -10.81300
167.00000 -13.00000 -2.41100 -11.09800 -2.99100 -0.15300 -9.15500 -8.47400 -0.72200 -3.29600 -9.39900 -7.40600 -8.90100 -11.06800 -8.95200 -15.48300 -9.83700
168.00000 -13.48900 -3.87600 -10.12200 -4.45600 -0.64100 -5.73700 -9.45000 -1.21100 -2.31900 -6.95800 -6.91700 -8.90100 -10.57900 -7.48700 -13.52900 -8.37200
169.00000 -13.00000 -3.87600 -8.65700 -4.94400 -0.64100 0.12200 -8.96200 -1.21100 -1.83100 -4.02800 -6.91700 -8.41300 -10.09100 -5.53400 -12.55300 -7.39500
170.00000 -11.53600 -2.89900 -8.65700 -4.45600 -0.64100 5.00500 -7.00900 -0.72200 -0.85400 -0.61000 -5.94100 -7.43600 -8.13800 -2.60400 -12.06500 -4.46600
171.00000 -11.04700 -0.94600 -10.12200 -4.45600 -0.15300 6.95800 -4.56700 -0.23400 -0.36600 2.31900 -3.01100 -4.99500 -5.69700 0.32600 -10.60000 -1.53600
172.00000 -11.04700 1.00700 -12.56300 -4.45600 0.33600 4.51700 -2.61400 -0.23400 0.61000 4.76100 1.38300 -2.06500 -2.76700 3.25500 -7.18200 2.37000
173.00000 -12.02400 2.96000 -15.49300 -5.43200 0.82400 -0.85400 -1.63800 -0.23400 1.09900 5.24900 5.29000 0.86500 -0.81400 5.20800 -3.27600 5.30000
174.00000 -11.53600 3.44800 -17.93400 -5.92000 1.31200 -4.76100 -1.14900 -0.23400 0.61000 3.78400 7.24300 2.33000 -0.32600 5.69700 -0.34600 6.27600
175.00000 -10.07100 3.93700 -17.44600 -5.92000 1.31200 -6.22600 -1.63800 -0.23400 -0.36600 1.34300 6.26600 1.84100 -1.30200 4.23200 -0.34600 5.78800
176.00000 -8.11800 4.42500 -15.49300 -4.45600 2.28900 -4.76100 -3.10300 -0.23400 -1.83100 -1.58700 1.87200 -1.08800 -3.25500 1.79000 -4.25200 2.85800
177.00000 -6.65300 4.91300 -13.54000 -2.50200 2.77700 -2.31900 -5.54400 -0.72200 -3.29600 -4.51700 -3.01100 -4.99500 -6.18500 -1.13900 -10.11100 -1.04800
178.00000 -7.14100 4.42500 -13.54000 -1.52600 2.77700 -0.85400 -8.96200 -2.18700 -4.27200 -6.95800 -7.89400 -8.41300 -8.62600 -4.06900 -15.97100 -4.95400
179.00000 -9.58300 2.96000 -16.46900 -1.52600 1.80100 -1.34300 -12.86800 -3.65200 -4.76100 -8.91100 -11.31200 -11.34200 -10.09100 -6.02200 -19.38900 -7.88400
180.00000 -13.00000 0.51900 -21.35200 -2.99100 -0.15300 -3.29600 -16.28600 -4.62800 -5.24900 -10.37600 -12.28800 -12.31900 -10.57900 -6.99900 -19.87700 -9.34900
181.00000 -15.93000 -1.92300 -24.77000 -4.94400 -1.61700 -5.24900 -17.75100 -5.11700 -4.76100 -10.86400 -12.77700 -12.80700 -10.57900 -7.48700 -19.38900 -9.34900
182.00000 -17.39500 -2.41100 -24.77000 -7.38500 -2.10600 -6.22600 -17.75100 -6.09300 -3.78400 -9.39900 -13.26500 -12.31900 -10.09100 -7.48700 -18.90100 -9.34900
183.00000 -16.41800 -0.94600 -21.84000 -8.36200 -1.61700 -6.71400 -16.28600 -5.60500 -3.29600 -6.95800 -14.24200 -12.80700 -10.57900 -7.48700 -19.87700 -9.83700
184.00000 -14.46500 1.49500 -18.42200 -8.85000 0.33600 -6.22600 -13.84500 -5.11700 -3.29600 -4.02800 -15.21800 -13.29500 -11.06800 -7.97500 -21.34200 -10.32500
185.00000 -12.02400 3.44800 -15.49300 -7.87400 1.31200 -5.73700 -11.40300 -4.14000 -3.78400 -1.58700 -15.21800 -13.29500 -11.06800 -7.48700 -22.80700 -10.81300
186.00000 -11.04700 4.91300 -15.49300 -6.89700 1.80100 -4.76100 -9.93900 -3.16400 -3.78400 -1.09900 -14.24200 -12.31900 -10.57900 -6.99900 -22.31900 -10.32500
187.00000 -10.55900 4.91300 -16.46900 -4.94400 1.80100 -3.78400 -9.93900 -2.67500 -3.78400 -2.07500 -12.28800 -10.36600 -9.11500 -6.02200 -20.36500 -8.37200
188.00000 -11.04700 4.42500 -15.98100 -3.47900 1.80100 -2.80800 -9.93900 -1.69900 -3.78400 -3.54000 -8.87000 -8.41300 -8.13800 -5.04600 -17.92400 -6.41900
189.00000 -11.04700 4.42500 -13.54000 -1.52600 1.80100 -2.31900 -9.93900 -0.72200 -3.29600 -5.00500 -6.42900 -6.94800 -7.65000 -5.04600 -16.45900 -4.95400
190.00000 -10.55900 4.42500 -10.61000 0.42700 2.28900 -2.31900 -9.45000 -0.72200 -2.80800 -5.00500 -5.45200 -6.46000 -8.13800 -5.53400 -16.45900 -5.44200
191.00000 -9.58300 4.42500 -9.14500 1.40400 1.80100 -2.31900 -8.96200 -1.21100 -3.29600 -5.49300 -6.42900 -6.94800 -9.11500 -7.48700 -17.43600 -6.90700
192.00000 -9.09400 2.47200 -10.61000 1.89200 0.82400 -3.29600 -8.47400 -2.18700 -4.76100 -6.95800 -7.89400 -8.41300 -10.09100 -8.95200 -18.90100 -8.37200
193.00000 -9.58300 0.03100 -13.54000 0.91600 -0.64100 -5.24900 -8.96200 -3.16400 -5.73700 -8.91100 -9.35900 -8.90100 -11.06800 -9.92800 -19.87700 -9.34900
194.00000 -11.04700 -1.92300 -15.00400 -0.06100 -2.59400 -7.69000 -9.45000 -4.14000 -7.20200 -11.35300 -10.33500 -8.41300 -11.06800 -10.41700 -20.36500 -9.83700
195.00000 -12.51200 -2.41100 -14.02800 -2.01400 -4.05900 -10.13200 -8.96200 -3.65200 -8.17900 -12.81700 -9.35900 -7.43600 -11.55600 -10.41700 -19.87700 -8.37200
196.00000 -12.51200 -1.43400 -11.58700 -2.99100 -4.54700 -11.59700 -7.00900 -2.67500 -7.69000 -12.81700 -6.91700 -6.46000 -11.06800 -9.44000 -19.38900 -6.90700
197.00000 -12.02400 0.03100 -10.12200 -3.47900 -4.54700 -13.06200 -5.05600 -1.69900 -7.20200 -11.35300 -4.47600 -4.99500 -9.60300 -7.48700 -17.43600 -4.46600
198.00000 -11.04700 1.00700 -12.07500 -4.45600 -5.03500 -14.03800 -3.59100 -1.69900 -6.22600 -9.39900 -2.03500 -4.01800 -8.13800 -4.55700 -15.48300 -2.02400
199.00000 -11.53600 0.51900 -17.44600 -5.43200 -5.52400 -15.01500 -4.07900 -1.69900 -5.73700 -8.42300 -1.05800 -4.01800 -5.69700 -1.62800 -12.55300 0.41700
200.00000 -13.48900 -0.94600 -22.81700 -7.38500 -6.01200 -14.52600 -7.49700 -3.16400 -4.76100 -8.91100 -1.54600 -4.50600 -4.23200 -0.16300 -10.60000 2.37000
201.00000 -15.93000 -3.38700 -25.25800 -8.85000 -5.52400 -13.06200 -10.42700 -4.14000 -4.27200 -9.88800 -2.52300 -4.50600 -3.74300 0.32600 -10.11100 2.85800
202.00000 -18.37200 -4.85200 -23.79400 -9.82700 -5.52400 -10.62000 -12.38000 -4.14000 -4.76100 -9.88800 -3.01100 -4.50600 -4.72000 -0.65100 -11.57600 1.88200
203.00000 -18.37200 -5.34100 -19.88700 -9.82700 -5.03500 -7.69000 -12.38000 -4.14000 -4.76100 -9.88800 -2.52300 -4.50600 -6.18500 -2.60400 -14.01800 -0.07100
204.00000 -16.90700 -5.34100 -16.46900 -8.85000 -5.03500 -7.20200 -10.91500 -3.65200 -5.24900 -8.91100 -2.03500 -4.01800 -7.65000 -5.04600 -16.45900 -3.00100
205.00000 -15.44200 -4.85200 -16.46900 -6.40900 -5.03500 -8.66700 -10.42700 -3.16400 -5.73700 -8.42300 -1.54600 -4.01800 -8.62600 -6.02200 -17.92400 -4.95400
206.00000 -15.44200 -3.87600 -18.91100 -4.94400 -5.52400 -11.59700 -10.91500 -3.16400 -6.22600 -8.91100 -3.01100 -3.53000 -9.11500 -6.99900 -17.92400 -5.44200
207.00000 -16.41800 -3.87600 -21.84000 -3.47900 -6.01200 -14.03800 -11.89200 -3.16400 -6.71400 -9.88800 -4.96400 -3.53000 -8.13800 -7.48700 -17.43600 -5.44200
208.00000 -17.88300 -3.87600 -23.30500 -3.96700 -6.01200 -15.50300 -11.89200 -2.18700 -6.71400 -11.35300 -6.42900 -3.53000 -8.62600 -7.97500 -17.92400 -5.44200
209.00000 -19.34800 -4.85200 -23.30500 -5.43200 -6.50000 -15.50300 -9.93900 -0.72200 -7.69000 -12.32900 -6.42900 -4.01800 -9.11500 -8.95200 -20.36500 -6.41900
210.00000 -18.86000 -5.34100 -21.35200 -6.40900 -7.47700 -15.50300 -7.49700 0.74300 -8.66700 -12.32900 -4.96400 -4.01800 -10.09100 -10.41700 -23.29500 -9.34900
211.00000 -16.90700 -4.85200 -18.42200 -6.40900 -8.45300 -15.99100 -5.05600 1.71900 -9.64400 -13.30600 -3.49900 -4.99500 -12.04400 -12.37000 -25.73600 -11.79000
212.00000 -13.97700 -3.38700 -14.51600 -4.45600 -8.94200 -16.47900 -4.07900 1.71900 -10.62000 -14.28200 -2.52300 -6.46000 -13.50900 -13.34600 -26.22500 -12.76700
213.00000 -10.55900 -0.45800 -11.09800 -1.52600 -8.45300 -15.99100 -4.07900 1.23100 -10.62000 -14.77100 -3.49900 -7.92400 -14.48600 -13.34600 -24.76000 -11.79000
214.00000 -8.11800 1.98400 -8.65700 1.40400 -6.98900 -13.55000 -4.56700 0.25400 -10.13200 -14.77100 -5.94100 -9.38900 -14.48600 -11.88200 -21.83000 -8.86000
215.00000 -7.62900 3.93700 -8.16900 2.38000 -5.52400 -11.10800 -4.56700 -0.23400 -9.64400 -12.81700 -7.89400 -9.87800 -13.99700 -10.41700 -19.87700 -5.93100
216.00000 -8.60600 3.93700 -9.63300 1.40400 -4.54700 -9.64400 -4.07900 0.25400 -9.15500 -10.86400 -8.38200 -9.38900 -13.50900 -9.44000 -19.38900 -4.95400
217.00000 -10.07100 2.47200 -12.56300 -1.52600 -4.54700 -10.13200 -4.07900 0.25400 -9.64400 -9.88800 -6.91700 -8.41300 -13.50900 -8.95200 -20.85400 -5.44200
218.00000 -12.02400 0.51900 -15.98100 -4.94400 -5.52400 -12.57300 -5.54400 -0.23400 -10.13200 -9.88800 -4.47600 -6.94800 -13.99700 -8.95200 -22.31900 -6.41900
219.00000 -13.97700 -0.45800 -18.91100 -6.40900 -6.50000 -14.03800 -7.49700 -1.21100 -10.13200 -10.37600 -3.01100 -4.99500 -13.02100 -8.95200 -22.31900 -6.90700
220.00000 -14.95400 -0.94600 -20.86400 -6.40900 -6.98900 -13.55000 -9.45000 -2.18700 -9.64400 -10.37600 -2.52300 -3.53000 -12.04400 -8.46400 -20.85400 -5.44200
221.00000 -14.95400 -0.45800 -22.32900 -5.43200 -6.98900 -11.10800 -9.93900 -2.67500 -8.66700 -9.88800 -2.52300 -3.04200 -10.09100 -6.51000 -17.92400 -3.00100
222.00000 -14.46500 0.51900 -22.32900 -4.45600 -6.98900 -9.15500 -9.45000 -2.67500 -7.69000 -8.42300 -3.01100 -2.55300 -8.13800 -5.04600 -16.45900 -0.55900
223.00000 -13.97700 0.51900 -21.35200 -4.45600 -6.98900 -9.15500 -9.45000 -2.67500 -7.69000 -8.42300 -3.01100 -3.04200 -7.65000 -4.06900 -15.97100 -0.07100
224.00000 -13.48900 0.03100 -20.37600 -4.45600 -7.47700 -10.13200 -10.42700 -2.67500 -8.17900 -9.39900 -2.03500 -3.53000 -8.13800 -4.06900 -16.94700 -1.04800
225.00000 -13.48900 -0.45800 -19.39900 -4.94400 -7.47700 -11.59700 -11.89200 -3.16400 -8.66700 -10.86400 -1.05800 -4.01800 -8.62600 -4.55700 -17.92400 -2.51300
226.00000 -14.46500 -0.94600 -19.39900 -5.43200 -7.47700 -11.59700 -13.35700 -4.14000 -8.66700 -11.84100 -0.57000 -4.50600 -8.62600 -4.55700 -18.90100 -2.51300
227.00000 -14.95400 -1.43400 -20.37600 -6.40900 -6.50000 -10.62000 -12.86800 -4.62800 -8.66700 -10.86400 -1.54600 -5.48300 -7.65000 -3.58100 -18.90100 -1.53600
228.00000 -15.44200 -1.43400 -21.35200 -7.38500 -6.50000 -9.15500 -10.42700 -4.62800 -8.17900 -8.91100 -2.52300 -5.97100 -6.67300 -2.11600 -18.90100 -0.07100
229.00000 -14.95400 -0.45800 -22.32900 -7.38500 -6.01200 -9.15500 -7.98500 -4.62800 -8.66700 -7.44600 -3.98800 -5.97100 -6.18500 -1.62800 -19.87700 -0.07100
230.00000 -14.95400 0.03100 -22.32900 -6.89700 -5.52400 -10.62000 -7.00900 -3.65200 -8.66700 -7.93500 -4.47600 -5.97100 -7.16100 -2.11600 -20.36500 -1.04800
231.00000 -15.93000 0.51900 -22.81700 -5.92000 -4.54700 -13.06200 -7.00900 -3.16400 -9.64400 -10.37600 -5.45200 -5.97100 -9.11500 -4.06900 -20.36500 -3.48900
232.00000 -17.88300 0.03100 -24.28200 -4.94400 -4.54700 -15.01500 -7.98500 -2.67500 -10.13200 -12.81700 -6.42900 -5.48300 -11.06800 -6.99900 -18.90100 -5.44200
233.00000 -20.32500 -0.94600 -25.74700 -4.94400 -5.03500 -15.99100 -8.96200 -2.67500 -10.62000 -14.77100 -6.91700 -4.99500 -12.53300 -8.95200 -17.92400 -5.93100
234.00000 -22.27800 -2.89900 -27.21200 -6.89700 -6.98900 -15.50300 -9.93900 -3.16400 -11.59700 -14.28200 -5.94100 -4.01800 -13.02100 -9.92800 -16.94700 -5.44200
235.00000 -21.30100 -5.34100 -27.21200 -9.82700 -9.91800 -15.01500 -10.91500 -4.14000 -12.08500 -12.81700 -3.49900 -3.04200 -13.02100 -9.92800 -16.94700 -3.97700
236.00000 -19.34800 -6.31700 -26.72300 -11.78000 -12.84800 -14.52600 -12.38000 -5.11700 -12.57300 -11.35300 -0.57000 -2.06500 -12.04400 -8.95200 -16.94700 -3.00100
237.00000 -15.93000 -6.80500 -25.74700 -11.78000 -14.31300 -15.01500 -14.33300 -5.60500 -12.57300 -10.86400 0.89500 -1.57700 -11.06800 -7.48700 -17.43600 -2.02400
238.00000 -13.48900 -4.85200 -25.74700 -10.31500 -13.33600 -15.01500 -15.31000 -6.09300 -12.08500 -10.86400 -0.08100 -2.55300 -9.60300 -5.53400 -17.43600 -1.53600
239.00000 -12.51200 -1.92300 -26.23500 -7.38500 -9.91800 -14.52600 -14.82100 -6.09300 -10.13200 -10.86400 -3.49900 -4.50600 -8.62600 -4.55700 -17.92400 -2.02400
240.00000 -12.51200 1.49500 -26.72300 -4.94400 -6.01200 -12.57300 -12.86800 -6.58200 -9.15500 -9.39900 -7.89400 -6.94800 -8.62600 -4.06900 -19.38900 -3.00100
241.00000 -13.48900 3.93700 -26.23500 -3.96700 -3.57100 -10.13200 -12.38000 -7.07000 -8.17900 -7.93500 -10.82400 -9.38900 -9.11500 -4.55700 -22.31900 -4.46600
242.00000 -14.46500 3.93700 -24.77000 -4.94400 -3.08200 -8.66700 -13.35700 -8.53500 -8.17900 -6.95800 -12.28800 -11.83100 -10.57900 -5.53400 -25.73600 -6.90700
243.00000 -15.44200 2.47200 -22.81700 -6.89700 -4.05900 -7.69000 -16.28600 -10.00000 -9.64400 -7.93500 -12.28800 -13.29500 -12.53300 -7.48700 -27.69000 -8.86000
244.00000 -16.41800 0.03100 -22.81700 -7.87400 -6.01200 -8.66700 -19.21600 -10.00000 -10.62000 -9.88800 -11.80000 -13.29500 -13.02100 -8.46400 -28.66600 -9.34900
245.00000 -15.93000 -2.41100 -23.30500 -8.36200 -7.47700 -10.13200 -19.21600 -9.51100 -10.62000 -11.84100 -10.82400 -12.31900 -12.53300 -8.46400 -27.20100 -8.37200
246.00000 -13.97700 -2.89900 -23.79400 -7.38500 -7.96500 -10.62000 -15.79800 -7.55800 -10.13200 -11.84100 -8.38200 -9.38900 -11.06800 -6.02200 -24.27200 -5.44200
247.00000 -11.53600 -1.92300 -23.30500 -5.92000 -7.47700 -10.13200 -10.42700 -5.11700 -9.15500 -9.88800 -3.49900 -6.46000 -9.11500 -3.09200 -20.85400 -2.02400
248.00000 -9.58300 1.00700 -22.32900 -3.96700 -6.50000 -9.15500 -6.03200 -3.65200 -8.17900 -6.95800 2.36000 -3.53000 -7.65000 0.32600 -17.92400 1.88200
249.00000 -8.60600 3.44800 -22.32900 -2.50200 -5.52400 -8.17900 -6.03200 -3.16400 -8.17900 -4.51700 6.26600 -2.55300 -6.67300 2.27900 -15.48300 3.83500
250.00000 -9.58300 4.91300 -24.28200 -2.01400 -6.01200 -8.17900 -8.96200 -4.14000 -8.17900 -3.05200 6.75500 -4.01800 -7.65000 2.76700 -14.50600 3.83500
251.00000 -13.00000 4.91300 -26.72300 -2.50200 -6.98900 -9.15500 -12.86800 -6.09300 -9.15500 -3.54000 3.33700 -6.94800 -9.60300 1.30200 -14.01800 2.37000
252.00000 -16.41800 2.47200 -27.70000 -4.45600 -8.45300 -10.62000 -15.31000 -7.07000 -10.13200 -4.51700 -1.05800 -9.38900 -11.06800 -1.13900 -14.99400 0.41700
253.00000 -19.83600 -0.45800 -26.72300 -7.38500 -9.91800 -11.59700 -14.82100 -7.07000 -11.59700 -5.98100 -3.98800 -10.36600 -12.53300 -3.58100 -16.94700 -1.04800
254.00000 -21.79000 -3.38700 -25.25800 -10.80300 -10.89500 -11.59700 -12.38000 -6.58200 -11.59700 -6.95800 -3.98800 -8.41300 -12.04400 -5.04600 -17.92400 -1.04800
255.00000 -22.27800 -5.34100 -24.28200 -13.73300 -10.40600 -10.13200 -10.91500 -5.60500 -11.59700 -7.93500 -1.05800 -4.99500 -10.09100 -4.55700 -17.43600 -0.07100
256.00000 -22.76600 -5.82900 -26.72300 -15.19800 -9.43000 -9.64400 -11.89200 -5.11700 -10.62000 -8.91100 2.36000 -2.06500 -8.13800 -3.58100 -15.97100 1.88200
