1.00000 -3.14300 -3.85500 -4.53700 -0.90500 -2.24800 -4.52700 -4.51700 1.55600 -3.01100 -9.80600 -8.11800 -5.38100 -22.97000 -23.94600 -6.74400 -17.93400
2.00000 -7.05000 -6.78500 -7.95500 -4.32300 -3.71300 -4.03800 -5.98100 0.58000 -1.05800 -6.38800 -8.11800 -4.40500 -14.66900 -14.66900 -3.81500 -11.58700
3.00000 -10.46800 -10.20300 -11.37300 -7.25300 -6.15400 -3.55000 -6.95800 -0.39700 0.40700 -2.97000 -5.67600 -2.45200 -4.90300 -3.43800 0.58000 -4.26200
4.00000 -13.39700 -13.13300 -13.32600 -10.18300 -8.10800 -4.03800 -6.95800 -0.88500 1.38300 -0.52900 -1.77000 0.47800 4.86200 7.30400 4.97400 3.55000
5.00000 -14.37400 -14.59800 -14.79100 -12.13600 -9.57200 -5.01500 -6.47000 -1.37300 2.84800 1.42400 2.62500 2.92000 11.21000 16.58100 8.88100 9.89800
6.00000 -15.35000 -15.08600 -16.74400 -13.60100 -9.57200 -5.99200 -5.98100 -1.86200 4.31300 2.88900 6.53100 5.36100 16.09300 22.44100 11.32200 14.29200
7.00000 -16.32700 -15.57400 -19.67400 -15.55400 -10.06100 -6.48000 -5.98100 -2.35000 5.77800 3.86600 8.48400 6.82600 18.04600 26.34700 13.27500 16.24600
8.00000 -17.79200 -15.57400 -22.60300 -17.50700 -11.03700 -6.48000 -6.95800 -3.32600 6.75500 5.81900 8.97200 7.80200 19.51100 27.81200 14.25200 16.73400
9.00000 -19.25700 -16.06200 -24.06800 -18.97200 -11.52500 -6.48000 -7.93500 -4.79100 6.26600 7.77200 7.99600 7.31400 19.99900 28.78800 14.74000 16.73400
10.00000 -20.23300 -16.55100 -23.58000 -19.94800 -12.99000 -6.96800 -8.91100 -6.25600 6.26600 9.72500 7.01900 6.33700 19.99900 28.78800 14.25200 16.73400
11.00000 -20.23300 -16.55100 -21.13900 -19.94800 -13.47900 -6.96800 -8.42300 -7.23300 5.77800 10.21300 6.04200 5.36100 19.99900 27.81200 13.76300 17.22200
12.00000 -19.25700 -16.55100 -18.20900 -18.97200 -12.99000 -5.99200 -6.95800 -7.72100 5.29000 8.74800 6.04200 4.87300 19.02300 24.88200 13.76300 17.22200
13.00000 -17.79200 -16.55100 -14.79100 -17.99500 -11.52500 -4.52700 -5.98100 -7.23300 4.80100 6.30700 6.53100 4.87300 17.55800 20.97600 13.76300 16.73400
14.00000 -15.83900 -15.57400 -12.34900 -16.04200 -10.06100 -2.57400 -4.02800 -5.76800 3.33700 3.37700 7.50700 5.36100 14.62800 16.58100 14.25200 15.26900
15.00000 -13.39700 -14.10900 -9.42000 -14.08900 -8.10800 -2.08500 -2.07500 -4.79100 1.87200 0.93600 8.48400 5.84900 10.72200 12.67500 14.74000 13.31600
16.00000 -10.95600 -11.66800 -6.49000 -11.15900 -6.64300 -2.08500 -0.12200 -2.83800 -0.08100 -0.52900 8.97200 5.36100 6.32700 8.76900 14.74000 10.38600
17.00000 -7.53800 -8.25000 -3.07200 -7.74100 -5.17800 -3.55000 2.31900 -1.86200 -1.54600 -1.50600 8.97200 4.87300 1.44400 4.37400 14.25200 7.94500
18.00000 -4.60800 -5.32000 1.32200 -4.81200 -4.20100 -5.50300 4.27200 -0.39700 -3.01100 -2.97000 8.48400 3.89600 -2.95000 -0.02000 12.29900 4.52700
19.00000 -1.67800 -2.87900 4.25200 -2.37000 -3.22500 -6.96800 5.73700 1.06800 -4.47600 -5.41200 7.01900 3.40800 -6.85600 -4.90300 10.34500 1.10900
20.00000 0.27500 -1.90200 6.20500 -0.90500 -2.73600 -6.96800 6.22600 2.04500 -6.42900 -7.85300 5.55400 2.43100 -9.78600 -10.27400 7.90400 -2.30900
21.00000 1.74000 -1.41400 7.18200 0.07100 -2.24800 -5.99200 5.73700 2.53300 -7.40600 -10.29500 3.11300 1.45500 -11.73900 -14.66900 4.97400 -6.70400
22.00000 2.22800 -1.90200 6.69400 0.55900 -2.73600 -5.50300 4.76100 3.51000 -7.40600 -12.24800 0.18300 -0.01000 -12.71600 -18.08700 1.55600 -10.12200
23.00000 2.22800 -2.39100 5.71700 1.04800 -3.71300 -5.99200 4.76100 3.51000 -6.42900 -12.73600 -2.25800 -1.47500 -11.73900 -18.57500 -0.88500 -11.58700
24.00000 0.76300 -3.85500 4.74000 0.07100 -4.69000 -7.45600 4.27200 3.51000 -4.96400 -12.24800 -3.23500 -1.47500 -8.80900 -15.64500 -1.37300 -9.14500
25.00000 -2.65500 -6.29700 2.78700 -1.39400 -6.64300 -9.41000 4.27200 3.51000 -3.49900 -10.78300 -1.77000 0.47800 -3.92700 -9.78600 0.09200 -3.77400
26.00000 -6.56100 -9.71500 0.83400 -3.83500 -9.08400 -11.36300 4.27200 3.99800 -3.01100 -8.83000 2.62500 4.38400 2.42100 -1.48500 4.97400 4.03800
27.00000 -10.46800 -13.62100 -1.11900 -6.27600 -11.52500 -13.80400 4.27200 3.99800 -3.01100 -7.36500 9.46000 9.75500 8.76900 6.32700 11.81000 11.36300
28.00000 -13.39700 -17.03900 -3.56000 -8.71800 -13.96700 -15.75700 3.78400 3.99800 -3.01100 -6.38800 15.32000 14.15000 13.16300 13.16300 18.64600 16.73400
29.00000 -15.35000 -18.99200 -6.00200 -10.67100 -15.43200 -17.71000 2.31900 3.02100 -2.52300 -5.90000 18.73800 15.61500 15.60500 17.06900 23.04100 18.68700
30.00000 -16.32700 -19.96900 -9.42000 -11.64800 -15.43200 -20.15200 -0.12200 1.06800 -1.54600 -5.90000 18.25000 14.63800 17.06900 18.53400 23.52900 18.19900
31.00000 -17.30300 -19.96900 -12.83800 -13.11200 -15.43200 -22.10500 -3.54000 -2.35000 -0.08100 -7.36500 14.34300 11.22000 16.58100 19.51100 21.08800 15.75700
32.00000 -18.28000 -19.96900 -16.25600 -14.57700 -14.45500 -22.59300 -6.95800 -5.76800 0.40700 -8.83000 8.97200 6.82600 16.09300 19.51100 15.71700 12.82800
33.00000 -19.25700 -19.48000 -19.18500 -16.04200 -12.99000 -21.61700 -9.88800 -8.20900 -0.08100 -9.31800 4.08900 3.40800 15.11600 19.02300 10.34500 9.89800
34.00000 -18.76800 -18.50400 -20.16200 -17.01900 -11.03700 -19.66300 -11.35300 -9.67400 -0.57000 -8.34100 0.67100 1.45500 14.14000 18.04600 6.43900 7.94500
35.00000 -17.79200 -16.55100 -19.67400 -17.50700 -9.08400 -17.71000 -11.35300 -10.16200 -1.05800 -5.41200 -0.79300 0.96600 13.65200 16.09300 3.99800 6.48000
36.00000 -15.35000 -14.59800 -18.20900 -16.53000 -6.64300 -16.73400 -10.37600 -9.67400 -0.57000 -1.99400 -0.79300 0.96600 12.67500 13.65200 3.99800 5.50300
37.00000 -13.39700 -12.15600 -16.74400 -15.55400 -5.17800 -16.24600 -9.88800 -9.67400 -0.57000 0.44800 0.18300 1.45500 12.18700 11.21000 5.46300 5.50300
38.00000 -11.93200 -9.71500 -15.76700 -14.08900 -4.20100 -14.78100 -8.91100 -9.18600 -0.57000 1.42400 0.67100 1.45500 11.69800 10.23400 7.41600 5.01500
39.00000 -10.95600 -8.25000 -14.30300 -13.11200 -3.22500 -11.36300 -8.91100 -9.67400 -1.05800 1.42400 1.16000 1.45500 11.21000 10.23400 8.88100 5.01500
40.00000 -9.00300 -7.27300 -12.83800 -11.64800 -2.73600 -7.94500 -8.42300 -9.67400 -1.54600 1.91200 2.13600 1.45500 10.23400 9.74500 9.85700 5.50300
41.00000 -7.53800 -6.29700 -10.39600 -10.67100 -1.76000 -4.52700 -7.44600 -9.18600 -2.03500 1.91200 3.60100 1.45500 9.25700 9.25700 10.83400 5.50300
42.00000 -5.58500 -5.32000 -7.95500 -10.18300 -0.78300 -3.55000 -5.98100 -8.69800 -2.03500 3.37700 4.57800 1.94300 8.28000 8.28000 11.81000 6.48000
43.00000 -4.60800 -5.32000 -6.49000 -10.18300 -0.29500 -4.03800 -4.51700 -8.69800 -2.03500 4.84200 6.53100 3.40800 8.76900 7.79200 14.25200 8.43300
44.00000 -5.58500 -5.80900 -6.00200 -10.67100 -0.78300 -4.52700 -3.05200 -8.20900 -1.54600 5.33000 9.46000 5.36100 9.25700 8.28000 17.67000 11.36300
45.00000 -7.53800 -6.78500 -6.49000 -10.67100 -0.78300 -4.03800 -1.58700 -7.23300 -1.54600 4.84200 12.39000 7.31400 10.23400 10.23400 21.57600 14.78100
46.00000 -9.00300 -7.76200 -6.97800 -10.67100 -0.78300 -2.57400 0.36600 -5.76800 -1.54600 4.35400 15.32000 8.77900 11.69800 12.67500 25.48200 18.19900
47.00000 -9.49100 -7.76200 -6.49000 -10.18300 0.19300 -1.10900 1.83100 -4.30300 -2.52300 3.37700 17.27300 9.75500 11.69800 14.62800 27.92400 21.12800
48.00000 -9.00300 -6.29700 -5.51400 -8.71800 1.17000 -1.10900 3.78400 -2.35000 -3.01100 2.40100 18.73800 9.75500 10.72200 15.11600 29.38800 23.08100
49.00000 -7.53800 -4.83200 -4.04900 -6.76500 1.65800 -1.10900 5.24900 -0.39700 -3.98800 1.91200 18.73800 9.75500 9.74500 14.14000 28.90000 23.08100
50.00000 -7.53800 -4.83200 -4.53700 -6.27600 1.65800 -2.08500 5.24900 0.58000 -4.47600 0.44800 18.73800 9.75500 7.79200 12.18700 26.45900 21.61700
51.00000 -9.00300 -6.78500 -6.49000 -6.76500 0.19300 -3.55000 4.27200 0.58000 -5.45200 -1.01700 17.27300 9.26700 5.35100 9.74500 23.04100 17.71000
52.00000 -12.90900 -10.69100 -9.90800 -8.71800 -1.76000 -5.99200 1.83100 -0.39700 -6.42900 -3.45900 15.32000 8.29100 2.90900 6.32700 18.64600 12.82800
53.00000 -17.30300 -14.59800 -14.30300 -11.15900 -3.71300 -8.92100 -1.58700 -1.86200 -6.91700 -5.90000 12.39000 6.33700 0.95600 3.39800 13.76300 7.94500
54.00000 -21.69800 -18.01600 -19.18500 -14.08900 -5.17800 -12.33900 -4.02800 -3.32600 -7.40600 -8.34100 8.48400 3.89600 -0.99700 -0.50900 9.36900 3.06200
55.00000 -24.62800 -20.45700 -23.09200 -16.04200 -7.13100 -14.78100 -6.47000 -4.79100 -7.40600 -10.29500 5.06600 1.45500 -2.46200 -3.43800 5.95100 -0.84400
56.00000 -25.60400 -21.43400 -26.99800 -18.48300 -8.59600 -16.73400 -7.44600 -5.76800 -7.40600 -11.75900 2.13600 -0.01000 -3.43800 -5.39100 3.99800 -3.28600
57.00000 -25.60400 -21.92200 -28.46300 -18.97200 -9.57200 -17.22200 -7.93500 -6.74400 -6.42900 -11.75900 0.67100 -0.49800 -3.43800 -5.88000 2.53300 -4.26200
58.00000 -24.62800 -22.41000 -28.46300 -19.46000 -10.06100 -16.73400 -7.93500 -7.72100 -5.45200 -12.24800 -0.30500 -0.49800 -3.92700 -5.39100 0.58000 -5.72700
59.00000 -23.65100 -22.41000 -26.99800 -18.97200 -10.54900 -16.73400 -8.91100 -8.20900 -4.96400 -12.24800 -0.79300 -0.01000 -3.43800 -5.39100 -0.88500 -6.70400
60.00000 -22.18600 -21.92200 -25.53300 -18.48300 -10.06100 -16.73400 -10.37600 -9.18600 -4.47600 -13.22400 -2.25800 -0.01000 -3.43800 -5.39100 -2.83800 -8.16900
61.00000 -21.21000 -20.45700 -25.53300 -18.48300 -9.08400 -16.73400 -12.32900 -10.16200 -3.98800 -15.17700 -3.72300 -0.49800 -2.46200 -5.88000 -4.79100 -9.63300
62.00000 -20.72100 -18.50400 -26.51000 -18.48300 -8.10800 -16.24600 -15.25900 -11.13900 -3.98800 -16.15400 -6.16500 -1.96300 -1.97300 -5.39100 -5.76800 -10.12200
63.00000 -20.23300 -17.03900 -27.97400 -18.48300 -6.64300 -15.26900 -18.18800 -11.62700 -3.49900 -17.13100 -8.60600 -2.94000 -0.99700 -4.41500 -5.76800 -10.12200
64.00000 -19.74500 -15.57400 -28.95100 -17.99500 -5.66600 -13.80400 -20.14200 -12.60400 -3.49900 -17.61900 -9.58300 -3.42800 0.46800 -1.97300 -5.28000 -9.14500
65.00000 -19.25700 -15.08600 -28.46300 -17.99500 -4.20100 -12.33900 -21.60600 -12.11500 -2.03500 -16.64200 -8.60600 -2.94000 2.90900 0.95600 -2.83800 -6.70400
66.00000 -18.28000 -14.59800 -26.02100 -17.99500 -2.73600 -10.87400 -21.60600 -11.62700 -1.05800 -14.20100 -5.67600 -1.47500 5.83900 4.86200 1.06800 -2.30900
67.00000 -16.81500 -13.62100 -23.58000 -17.50700 -2.24800 -9.41000 -20.14200 -10.65100 -0.08100 -11.27100 -0.79300 1.45500 9.74500 8.76900 6.43900 2.08500
68.00000 -15.83900 -12.15600 -21.13900 -17.01900 -2.24800 -7.45600 -18.18800 -9.67400 0.89500 -7.36500 4.57800 4.87300 13.65200 13.16300 11.81000 7.45600
69.00000 -14.37400 -10.69100 -19.67400 -16.04200 -2.24800 -6.48000 -16.23500 -8.69800 1.38300 -4.43500 9.46000 7.80200 17.06900 17.06900 15.71700 11.85100
70.00000 -13.39700 -9.71500 -18.20900 -15.06600 -2.73600 -6.48000 -14.77100 -7.72100 0.89500 -2.48200 12.87800 9.26700 19.02300 21.46400 18.15800 15.26900
71.00000 -12.90900 -9.71500 -16.74400 -14.08900 -3.22500 -6.96800 -13.30600 -6.74400 0.40700 -2.48200 15.32000 10.24400 19.99900 23.90500 19.62300 17.22200
72.00000 -12.42100 -9.71500 -14.30300 -14.08900 -4.20100 -8.43300 -12.32900 -5.76800 -0.08100 -2.97000 16.29600 11.22000 19.51100 25.85900 20.59900 18.19900
73.00000 -13.39700 -10.69100 -13.32600 -14.08900 -4.69000 -8.92100 -11.84100 -5.28000 -0.08100 -3.94700 16.29600 11.70900 19.02300 25.85900 22.06400 18.68700
74.00000 -14.86200 -11.66800 -13.32600 -15.06600 -5.66600 -8.43300 -11.84100 -5.28000 -0.08100 -3.94700 16.29600 11.70900 18.04600 24.39400 22.55200 18.19900
75.00000 -16.81500 -12.64400 -15.27900 -16.04200 -5.66600 -7.45600 -11.84100 -5.76800 0.89500 -3.45900 14.83200 10.24400 17.06900 22.92900 21.57600 17.22200
76.00000 -18.28000 -13.62100 -18.20900 -16.04200 -4.69000 -6.48000 -12.81700 -6.25600 0.89500 -3.94700 12.39000 7.31400 15.60500 21.46400 18.64600 14.78100
77.00000 -19.74500 -14.59800 -20.65000 -16.53000 -3.71300 -6.48000 -13.79400 -7.72100 0.89500 -4.92400 8.97200 4.38400 14.14000 19.51100 13.27500 10.87400
78.00000 -20.72100 -15.57400 -21.62700 -16.04200 -3.22500 -7.45600 -14.77100 -8.69800 0.40700 -6.38800 6.04200 1.45500 12.18700 17.55800 8.39200 7.45600
79.00000 -21.69800 -17.03900 -21.13900 -16.04200 -4.20100 -8.92100 -15.25900 -8.69800 -0.57000 -8.83000 2.62500 -0.49800 9.74500 14.62800 3.99800 4.52700
80.00000 -22.67500 -19.48000 -20.16200 -16.53000 -5.66600 -9.89800 -15.74700 -9.18600 -1.54600 -10.78300 0.18300 -0.98700 7.79200 11.21000 2.04500 2.08500
81.00000 -23.65100 -21.43400 -19.18500 -17.01900 -7.61900 -10.38600 -16.23500 -8.69800 -2.52300 -12.73600 -2.74700 -1.47500 5.35100 7.30400 0.09200 -0.84400
82.00000 -23.65100 -23.38700 -19.18500 -17.01900 -8.59600 -9.89800 -16.72400 -8.20900 -3.49900 -14.20100 -5.67600 -2.94000 2.42100 3.88600 -1.86200 -3.28600
83.00000 -23.16300 -24.36300 -19.18500 -15.55400 -8.59600 -8.43300 -17.70000 -8.20900 -4.47600 -15.66600 -7.62900 -4.40500 0.46800 1.44400 -4.30300 -5.72700
84.00000 -21.69800 -24.36300 -18.69700 -14.57700 -7.61900 -7.94500 -18.18800 -8.20900 -5.94100 -17.61900 -8.60600 -5.38100 -0.99700 -0.02000 -5.28000 -6.70400
85.00000 -20.72100 -23.87500 -17.23200 -13.60100 -7.61900 -8.43300 -17.70000 -8.69800 -7.40600 -18.59500 -8.11800 -5.38100 -0.99700 -0.02000 -4.79100 -6.21500
86.00000 -20.23300 -23.38700 -16.25600 -13.11200 -8.59600 -9.89800 -15.74700 -9.18600 -7.89400 -18.59500 -5.67600 -3.91600 0.95600 0.95600 -2.35000 -3.28600
87.00000 -20.23300 -22.41000 -14.79100 -13.11200 -9.57200 -11.85100 -13.30600 -8.69800 -7.89400 -17.61900 -2.74700 -1.47500 3.39800 3.39800 1.06800 0.13200
88.00000 -19.74500 -20.94500 -13.32600 -13.11200 -9.57200 -12.82800 -10.86400 -8.69800 -7.40600 -16.15400 0.67100 0.47800 5.83900 6.32700 3.99800 2.57400
89.00000 -18.76800 -18.99200 -11.86100 -13.11200 -7.61900 -12.33900 -8.42300 -8.20900 -5.94100 -13.71300 3.60100 1.45500 7.79200 10.23400 6.43900 5.01500
90.00000 -15.83900 -16.55100 -9.90800 -12.13600 -5.17800 -9.41000 -5.98100 -7.72100 -3.49900 -10.78300 6.53100 2.92000 9.74500 14.14000 8.39200 7.45600
91.00000 -12.90900 -14.10900 -6.97800 -11.15900 -2.73600 -4.52700 -4.51700 -7.23300 -1.54600 -8.34100 9.46000 3.89600 12.18700 18.53400 10.83400 10.87400
92.00000 -10.46800 -12.64400 -5.02500 -10.18300 -1.76000 -0.13200 -3.05200 -6.74400 -0.57000 -5.41200 11.90200 5.36100 15.11600 22.92900 14.25200 15.75700
93.00000 -9.49100 -12.15600 -4.04900 -10.18300 -1.76000 3.28600 -3.54000 -6.74400 -0.57000 -3.45900 12.87800 6.82600 18.53400 25.85900 17.67000 20.64000
94.00000 -9.49100 -12.64400 -5.02500 -10.67100 -2.73600 4.26200 -4.51700 -6.74400 -0.57000 -2.48200 12.87800 8.29100 20.48700 28.30000 20.11100 24.05800
95.00000 -9.97900 -13.62100 -7.95500 -11.15900 -3.22500 3.28600 -6.47000 -7.23300 -0.57000 -2.97000 12.39000 8.29100 20.97600 28.78800 21.08800 24.54600
96.00000 -10.46800 -14.10900 -10.88500 -11.15900 -3.22500 1.33300 -7.93500 -7.23300 -1.05800 -3.45900 11.90200 8.77900 19.99900 28.30000 20.59900 22.59300
97.00000 -9.49100 -14.10900 -12.34900 -11.15900 -2.73600 -0.62100 -7.93500 -6.74400 -1.05800 -4.43500 12.39000 8.77900 17.55800 27.32300 19.13500 19.66300
98.00000 -8.51400 -14.10900 -12.34900 -10.67100 -2.24800 -2.57400 -7.44600 -6.25600 -1.54600 -4.92400 12.87800 8.77900 15.60500 25.37000 17.67000 16.73400
99.00000 -8.02600 -13.62100 -10.88500 -10.18300 -2.24800 -3.55000 -6.47000 -5.76800 -2.03500 -5.41200 12.87800 9.26700 14.62800 23.41700 17.18100 14.78100
100.00000 -7.53800 -13.13300 -8.93100 -9.69400 -2.73600 -4.03800 -5.98100 -4.79100 -2.52300 -6.38800 11.90200 9.75500 14.14000 21.46400 16.69300 13.31600
101.00000 -8.51400 -13.13300 -7.46700 -10.18300 -3.22500 -4.52700 -5.49300 -4.30300 -3.01100 -7.85300 10.43700 10.24400 13.16300 19.51100 15.71700 12.33900
102.00000 -9.00300 -13.13300 -6.97800 -10.18300 -3.22500 -4.03800 -5.49300 -4.30300 -3.01100 -9.31800 8.97200 9.75500 12.18700 17.06900 14.25200 10.87400
103.00000 -9.00300 -12.64400 -7.46700 -10.67100 -3.71300 -2.08500 -5.49300 -4.30300 -3.01100 -10.29500 7.99600 9.26700 10.72200 15.11600 12.29900 9.41000
104.00000 -8.51400 -12.64400 -8.44300 -11.15900 -3.71300 0.35600 -5.98100 -5.28000 -3.01100 -9.80600 6.53100 7.80200 9.74500 13.65200 9.85700 7.94500
105.00000 -8.51400 -12.15600 -9.90800 -12.13600 -3.22500 2.79700 -7.93500 -6.25600 -2.52300 -7.85300 4.08900 5.36100 9.25700 13.16300 7.41600 5.99200
106.00000 -9.00300 -12.15600 -11.37300 -12.62400 -2.73600 3.28600 -10.37600 -7.72100 -2.52300 -6.38800 0.18300 2.92000 9.25700 12.18700 4.48600 4.03800
107.00000 -9.49100 -11.66800 -13.32600 -13.11200 -2.24800 2.30900 -13.79400 -8.69800 -2.52300 -6.87700 -3.72300 -0.01000 8.28000 10.72200 1.55600 2.08500
108.00000 -9.49100 -11.18000 -15.27900 -13.11200 -1.27200 0.35600 -16.23500 -9.18600 -3.01100 -8.83000 -7.14100 -1.96300 6.81600 8.76900 -1.37300 -0.84400
109.00000 -9.00300 -10.69100 -15.76700 -12.62400 -0.29500 -0.62100 -17.70000 -9.18600 -3.98800 -11.75900 -8.11800 -1.96300 4.86200 6.32700 -3.32600 -2.79700
110.00000 -7.53800 -8.73800 -16.25600 -11.64800 1.17000 -0.13200 -16.72400 -9.18600 -3.49900 -13.71300 -8.11800 -2.45200 3.88600 5.35100 -3.81500 -3.77400
111.00000 -6.07300 -7.76200 -15.76700 -10.67100 2.14600 1.33300 -15.25900 -9.18600 -3.01100 -13.22400 -7.62900 -2.94000 3.39800 6.32700 -3.81500 -3.77400
112.00000 -5.09600 -6.29700 -14.79100 -9.69400 2.63500 3.77400 -13.79400 -9.67400 -2.03500 -10.29500 -7.14100 -3.42800 4.86200 9.25700 -3.32600 -1.82100
113.00000 -4.60800 -5.80900 -13.32600 -9.20600 2.63500 5.23900 -12.81700 -9.67400 -0.57000 -6.87700 -6.16500 -3.91600 6.81600 12.67500 -2.35000 0.62100
114.00000 -5.09600 -5.80900 -12.34900 -8.71800 2.14600 5.72700 -11.84100 -9.67400 -0.08100 -4.43500 -4.70000 -2.94000 8.76900 15.60500 -0.88500 3.55000
115.00000 -5.09600 -5.80900 -10.88500 -8.71800 1.17000 5.23900 -11.35300 -9.18600 -0.08100 -3.45900 -1.28200 -0.49800 10.23400 17.06900 2.04500 6.48000
116.00000 -5.58500 -6.29700 -10.39600 -9.20600 0.19300 4.75100 -10.37600 -7.72100 -0.08100 -3.94700 2.62500 2.92000 10.72200 18.04600 4.97400 8.92100
117.00000 -5.09600 -5.80900 -9.90800 -9.20600 0.19300 4.26200 -8.91100 -6.74400 -0.57000 -4.92400 6.04200 5.84900 11.21000 18.04600 8.88100 10.38600
118.00000 -4.60800 -5.32000 -10.39600 -9.20600 0.19300 2.79700 -7.44600 -5.28000 -1.05800 -5.90000 8.48400 7.31400 11.69800 18.04600 11.32200 11.36300
119.00000 -5.09600 -5.32000 -10.88500 -8.71800 0.19300 0.84400 -5.98100 -4.30300 -1.54600 -6.38800 9.46000 7.80200 11.69800 18.04600 13.27500 11.36300
120.00000 -5.58500 -5.32000 -10.88500 -8.23000 -0.78300 -0.62100 -5.00500 -3.32600 -2.03500 -7.36500 10.43700 7.80200 11.21000 17.06900 13.76300 10.87400
121.00000 -7.05000 -6.29700 -10.39600 -8.23000 -1.27200 -2.08500 -4.51700 -2.35000 -2.52300 -8.34100 11.90200 8.77900 9.74500 15.60500 14.25200 10.87400
122.00000 -8.51400 -8.25000 -10.39600 -8.23000 -1.76000 -2.57400 -4.51700 -1.86200 -3.01100 -10.29500 13.36700 9.75500 8.76900 14.14000 14.74000 11.85100
123.00000 -9.97900 -9.71500 -10.39600 -8.71800 -1.76000 -3.06200 -5.49300 -1.86200 -2.52300 -11.75900 14.83200 10.73200 8.28000 13.16300 15.71700 12.33900
124.00000 -11.44400 -10.69100 -11.37300 -9.69400 -1.27200 -2.57400 -7.44600 -2.83800 -2.03500 -12.73600 13.36700 10.73200 8.28000 12.67500 15.22800 12.33900
125.00000 -12.42100 -11.66800 -12.34900 -10.67100 0.19300 -2.08500 -10.37600 -4.79100 -1.05800 -12.24800 9.94900 8.77900 8.76900 13.16300 12.29900 9.89800
126.00000 -12.42100 -10.69100 -13.32600 -10.67100 2.14600 -0.13200 -13.79400 -6.25600 -0.57000 -9.80600 4.08900 5.36100 8.76900 13.65200 7.41600 6.96800
127.00000 -11.93200 -9.71500 -13.32600 -10.18300 3.61100 2.30900 -16.72400 -7.72100 -0.08100 -6.87700 -1.77000 1.94300 7.79200 13.65200 1.55600 3.06200
128.00000 -9.97900 -7.76200 -12.34900 -9.69400 4.58800 4.75100 -17.70000 -7.72100 -0.08100 -4.92400 -5.18800 -0.49800 6.81600 13.16300 -2.83800 1.10900
129.00000 -8.02600 -5.32000 -11.37300 -8.71800 4.58800 5.72700 -17.21200 -7.23300 -0.08100 -4.92400 -6.65300 -1.47500 5.35100 11.69800 -5.28000 0.13200
130.00000 -6.56100 -4.34400 -11.37300 -7.74100 4.58800 4.26200 -15.74700 -6.25600 -0.08100 -7.36500 -5.67600 -1.96300 4.86200 10.23400 -5.28000 0.13200
131.00000 -5.58500 -4.34400 -11.86100 -6.76500 4.58800 2.30900 -13.30600 -5.28000 -0.57000 -10.78300 -4.70000 -1.96300 4.86200 8.28000 -4.30300 0.13200
132.00000 -5.09600 -4.34400 -12.34900 -6.27600 4.58800 0.35600 -12.32900 -5.28000 -1.05800 -13.22400 -4.21100 -1.96300 4.37400 6.81600 -4.30300 -0.35600
133.00000 -4.60800 -5.32000 -12.34900 -5.78800 5.07600 0.84400 -12.32900 -5.76800 -1.54600 -13.71300 -4.70000 -2.45200 4.37400 6.32700 -4.30300 -0.84400
134.00000 -4.60800 -5.80900 -11.86100 -5.30000 5.07600 2.79700 -12.32900 -6.25600 -2.03500 -12.24800 -4.70000 -2.45200 4.37400 6.32700 -4.79100 -1.33300
135.00000 -4.12000 -5.32000 -10.39600 -4.32300 4.58800 5.23900 -12.81700 -6.74400 -2.52300 -9.80600 -3.72300 -2.45200 4.37400 7.79200 -4.79100 -0.35600
136.00000 -4.12000 -4.34400 -9.42000 -4.32300 4.10000 6.21500 -12.81700 -6.74400 -3.01100 -7.85300 -2.74700 -1.96300 4.37400 9.25700 -4.30300 0.62100
137.00000 -3.63200 -2.87900 -9.42000 -3.83500 3.61100 5.23900 -12.32900 -6.25600 -2.03500 -7.36500 -2.25800 -1.96300 4.86200 10.72200 -3.32600 1.59700
138.00000 -3.63200 -1.90200 -9.42000 -4.32300 4.10000 3.77400 -12.32900 -6.74400 -1.05800 -7.85300 -2.74700 -1.96300 5.83900 12.67500 -3.32600 2.08500
139.00000 -3.63200 -1.41400 -10.39600 -4.32300 3.61100 1.33300 -12.81700 -6.74400 -0.08100 -8.83000 -3.72300 -1.47500 6.81600 14.62800 -3.32600 3.06200
140.00000 -3.14300 -2.39100 -10.88500 -3.83500 3.61100 -0.62100 -12.81700 -6.25600 0.40700 -9.31800 -4.70000 -1.47500 7.30400 15.60500 -2.35000 3.55000
141.00000 -3.14300 -3.85500 -10.39600 -3.83500 3.12300 -2.08500 -12.32900 -5.28000 -0.08100 -9.31800 -4.21100 -0.49800 7.79200 15.11600 -1.37300 4.03800
142.00000 -2.65500 -4.83200 -9.42000 -3.34700 3.12300 -3.06200 -11.84100 -4.79100 -0.57000 -9.80600 -3.23500 0.47800 7.30400 12.18700 -0.88500 3.06200
143.00000 -2.16700 -4.83200 -7.95500 -2.37000 3.12300 -3.55000 -10.86400 -3.81500 -1.54600 -11.75900 -2.74700 0.47800 5.35100 7.30400 -1.37300 1.10900
144.00000 -2.16700 -3.85500 -6.97800 -2.37000 4.10000 -3.55000 -10.86400 -4.30300 -2.03500 -14.68900 -3.72300 -0.98700 3.39800 2.42100 -3.81500 -2.79700
145.00000 -2.65500 -2.87900 -6.97800 -2.85800 5.56400 -3.06200 -11.35300 -4.79100 -2.03500 -16.64200 -5.67600 -1.96300 0.95600 -0.99700 -6.74400 -6.21500
146.00000 -3.14300 -1.90200 -7.95500 -2.85800 6.05300 -2.08500 -12.81700 -5.76800 -2.03500 -17.13100 -8.11800 -3.42800 -0.50900 -2.95000 -8.69800 -8.65700
147.00000 -4.12000 -1.90200 -8.93100 -3.34700 5.56400 -2.08500 -13.79400 -6.25600 -2.52300 -16.64200 -8.60600 -2.94000 -1.48500 -2.95000 -8.69800 -9.63300
148.00000 -4.60800 -2.39100 -9.42000 -2.85800 5.07600 -3.06200 -13.30600 -5.76800 -3.01100 -15.17700 -7.62900 -2.45200 -2.46200 -2.95000 -7.72100 -9.63300
149.00000 -3.14300 -1.90200 -8.93100 -1.88200 4.58800 -4.03800 -12.32900 -5.28000 -3.98800 -14.68900 -5.67600 -1.96300 -3.43800 -3.43800 -7.72100 -9.63300
150.00000 -0.70200 -0.92600 -7.95500 -0.41700 5.07600 -4.03800 -11.35300 -4.79100 -4.96400 -15.17700 -5.18800 -2.94000 -4.90300 -5.39100 -8.69800 -10.61000
151.00000 1.74000 0.53900 -6.97800 1.04800 6.54100 -3.06200 -10.86400 -4.79100 -4.96400 -17.13100 -5.67600 -4.40500 -6.36800 -7.83300 -11.62700 -12.56300
152.00000 3.20400 1.02700 -6.00200 2.02400 7.51700 -2.08500 -11.35300 -4.79100 -4.96400 -18.59500 -7.62900 -6.35800 -7.34500 -8.80900 -14.55700 -14.02800
153.00000 2.71600 1.02700 -6.00200 2.02400 7.51700 -1.59700 -10.86400 -4.79100 -4.47600 -19.57200 -9.09400 -6.84600 -7.34500 -8.32100 -14.55700 -14.02800
154.00000 1.25100 0.53900 -6.49000 1.53600 6.54100 -2.08500 -10.37600 -4.30300 -4.47600 -19.57200 -8.11800 -5.87000 -6.85600 -6.85600 -12.60400 -12.07500
155.00000 0.27500 0.05100 -6.00200 1.53600 6.05300 -2.57400 -8.91100 -3.32600 -4.96400 -18.59500 -5.67600 -4.40500 -5.88000 -4.41500 -8.69800 -9.14500
156.00000 0.27500 0.05100 -4.53700 1.53600 6.05300 -3.06200 -6.95800 -2.35000 -5.45200 -17.13100 -1.77000 -3.42800 -4.41500 -2.95000 -4.79100 -5.72700
157.00000 1.25100 0.53900 -2.58400 2.51300 7.02900 -2.08500 -5.49300 -1.37300 -5.94100 -16.15400 1.16000 -2.94000 -3.43800 -0.99700 -2.35000 -2.79700
158.00000 1.74000 0.53900 0.34600 3.00100 7.51700 -0.13200 -4.51700 -0.39700 -5.45200 -15.17700 2.62500 -2.45200 -1.97300 1.44400 -1.37300 -0.35600
159.00000 1.25100 -0.43700 1.32200 3.00100 7.02900 0.35600 -3.54000 0.09200 -5.45200 -13.71300 4.08900 -1.96300 -0.50900 4.86200 -0.39700 1.10900
160.00000 -0.70200 -2.39100 1.81100 2.02400 5.07600 -0.62100 -2.56300 0.58000 -5.45200 -13.22400 5.55400 -0.49800 2.42100 10.23400 1.06800 3.06200
161.00000 -3.14300 -4.34400 0.83400 1.04800 2.63500 -3.55000 -1.58700 0.58000 -4.96400 -12.73600 7.50700 2.43100 5.35100 16.09300 3.02100 4.52700
162.00000 -5.09600 -6.29700 0.34600 -0.41700 0.19300 -6.48000 -0.61000 0.58000 -4.47600 -12.73600 9.46000 4.38400 7.79200 21.95200 5.46300 6.48000
163.00000 -5.58500 -7.27300 0.34600 -0.41700 -0.29500 -8.92100 0.36600 0.58000 -3.49900 -13.22400 10.92500 4.87300 9.25700 26.34700 7.41600 7.45600
164.00000 -5.58500 -7.27300 1.32200 -0.41700 0.19300 -9.41000 0.36600 1.06800 -3.01100 -13.71300 11.41400 5.36100 10.23400 28.30000 8.39200 8.43300
165.00000 -5.58500 -7.27300 1.81100 0.07100 0.68200 -8.92100 0.85400 1.06800 -3.01100 -14.20100 11.90200 5.36100 10.72200 28.30000 9.36900 9.41000
166.00000 -6.56100 -7.76200 1.81100 -0.41700 0.19300 -8.43300 1.83100 1.55600 -3.98800 -14.20100 12.87800 6.82600 10.72200 26.34700 10.83400 9.41000
167.00000 -7.53800 -7.76200 0.83400 -1.39400 -0.78300 -7.45600 2.80800 2.53300 -4.47600 -13.71300 14.83200 8.77900 10.23400 23.90500 12.29900 8.92100
168.00000 -8.51400 -8.25000 -0.14200 -2.37000 -2.24800 -7.45600 3.78400 3.02100 -5.94100 -13.22400 16.78500 10.24400 8.76900 21.95200 13.76300 7.94500
169.00000 -9.49100 -9.22600 -0.63100 -2.85800 -2.24800 -6.96800 3.29600 3.02100 -6.42900 -13.71300 17.76100 10.73200 7.30400 20.48700 14.74000 5.99200
170.00000 -10.46800 -10.20300 -1.60700 -3.83500 -1.27200 -6.96800 1.34300 2.53300 -6.42900 -14.68900 17.27300 10.24400 5.83900 19.99900 14.25200 5.01500
171.00000 -11.44400 -11.66800 -3.56000 -4.81200 -0.29500 -6.96800 -1.58700 1.06800 -6.42900 -15.66600 14.83200 8.77900 4.86200 19.51100 12.78700 4.03800
172.00000 -12.90900 -12.64400 -6.49000 -5.30000 0.68200 -7.45600 -4.51700 -0.39700 -6.42900 -16.64200 12.39000 6.82600 4.37400 19.02300 10.83400 3.55000
173.00000 -13.39700 -12.64400 -9.42000 -5.78800 0.68200 -7.94500 -6.47000 -1.86200 -6.91700 -17.13100 9.94900 5.36100 3.39800 17.55800 8.39200 2.57400
174.00000 -11.93200 -11.66800 -10.88500 -5.78800 0.68200 -8.43300 -6.47000 -2.35000 -7.40600 -17.13100 8.48400 4.38400 1.93300 15.60500 6.92700 1.10900
175.00000 -9.97900 -9.71500 -11.37300 -4.81200 0.68200 -7.94500 -5.49300 -2.35000 -7.40600 -17.13100 8.48400 3.40800 0.46800 13.65200 5.46300 -0.84400
176.00000 -7.53800 -7.76200 -9.90800 -3.83500 1.17000 -6.48000 -4.02800 -1.86200 -7.40600 -17.61900 9.46000 2.92000 -0.99700 12.67500 5.46300 -2.79700
177.00000 -6.56100 -6.29700 -8.93100 -3.34700 2.63500 -5.01500 -3.05200 -1.86200 -6.91700 -18.10700 10.92500 3.40800 -0.99700 12.67500 5.95100 -3.28600
178.00000 -7.53800 -6.29700 -7.95500 -3.83500 3.61100 -5.01500 -2.56300 -1.37300 -6.42900 -19.57200 12.39000 3.89600 -0.50900 14.62800 7.41600 -2.30900
179.00000 -9.00300 -6.78500 -8.44300 -4.81200 3.61100 -5.50300 -2.56300 -1.37300 -6.42900 -20.54900 13.85500 4.38400 0.95600 17.06900 8.88100 0.62100
180.00000 -10.95600 -7.76200 -8.93100 -4.81200 3.12300 -6.96800 -2.56300 -1.86200 -6.42900 -20.54900 14.83200 5.84900 3.88600 20.48700 10.83400 4.03800
181.00000 -11.44400 -8.25000 -7.95500 -3.83500 2.63500 -8.43300 -2.07500 -1.37300 -5.94100 -19.57200 16.78500 6.82600 6.32700 23.90500 12.78700 7.45600
182.00000 -10.46800 -8.25000 -6.00200 -2.37000 2.63500 -7.94500 -0.61000 -0.88500 -4.96400 -17.61900 18.73800 7.80200 9.25700 26.34700 15.22800 10.87400
183.00000 -9.49100 -7.27300 -4.04900 -1.39400 3.12300 -6.48000 0.36600 -0.39700 -4.47600 -15.66600 20.20300 9.26700 11.69800 28.78800 18.15800 13.80400
184.00000 -9.00300 -7.27300 -2.58400 -1.39400 3.61100 -5.50300 0.85400 0.09200 -3.98800 -13.71300 21.17900 10.73200 13.65200 31.23000 21.08800 16.24600
185.00000 -9.97900 -7.76200 -3.56000 -2.37000 3.12300 -6.48000 0.85400 0.09200 -3.98800 -13.22400 20.69100 11.70900 15.60500 32.69400 22.55200 17.71000
186.00000 -11.44400 -8.73800 -5.02500 -4.32300 1.65800 -8.43300 -0.12200 -0.39700 -3.98800 -13.71300 19.71400 12.19700 16.09300 33.18300 23.04100 18.19900
187.00000 -12.90900 -11.18000 -6.49000 -5.78800 -0.29500 -11.36300 -1.58700 -1.37300 -4.47600 -14.68900 18.25000 12.19700 16.09300 32.69400 22.55200 17.22200
188.00000 -13.39700 -13.13300 -6.97800 -6.76500 -2.24800 -13.31600 -2.07500 -1.37300 -4.47600 -15.66600 17.76100 11.70900 15.11600 31.23000 21.57600 14.78100
189.00000 -12.90900 -14.59800 -5.51400 -6.27600 -4.20100 -12.82800 -2.56300 -1.37300 -3.98800 -16.64200 17.76100 11.70900 14.62800 29.76500 20.59900 12.82800
190.00000 -12.42100 -14.59800 -4.53700 -5.78800 -4.20100 -10.38600 -2.56300 -0.88500 -3.98800 -16.64200 18.25000 12.19700 13.65200 28.78800 19.13500 11.36300
191.00000 -11.93200 -12.64400 -4.04900 -5.30000 -3.22500 -7.45600 -2.56300 -0.39700 -4.47600 -16.64200 17.76100 12.19700 12.67500 27.81200 18.64600 10.38600
192.00000 -11.44400 -10.20300 -4.04900 -4.81200 -2.24800 -5.50300 -3.54000 -0.39700 -4.96400 -16.15400 17.27300 12.19700 10.72200 26.83500 17.18100 9.41000
193.00000 -10.46800 -7.27300 -4.53700 -4.32300 -0.78300 -5.01500 -4.51700 -0.39700 -5.94100 -16.64200 16.29600 11.70900 8.28000 24.39400 15.71700 7.45600
194.00000 -9.49100 -5.32000 -4.53700 -3.34700 0.19300 -5.99200 -5.49300 -0.39700 -6.91700 -17.61900 15.32000 10.24400 5.35100 20.97600 13.76300 4.52700
195.00000 -8.51400 -4.83200 -3.56000 -2.37000 0.19300 -6.96800 -6.47000 -0.39700 -7.40600 -18.59500 14.83200 8.77900 2.42100 17.55800 11.32200 1.10900
196.00000 -8.02600 -5.80900 -2.58400 -1.88200 -0.29500 -7.45600 -7.44600 -0.39700 -7.40600 -20.06000 13.85500 7.80200 0.46800 14.62800 8.39200 -2.30900
197.00000 -8.02600 -7.27300 -2.09600 -2.37000 -1.76000 -7.45600 -7.93500 -0.39700 -7.40600 -20.06000 12.39000 6.33700 -0.02000 13.16300 6.43900 -4.26200
198.00000 -9.49100 -8.73800 -3.07200 -3.34700 -2.73600 -7.45600 -8.91100 -0.88500 -7.40600 -19.57200 9.94900 5.36100 0.95600 13.65200 4.48600 -3.77400
199.00000 -10.46800 -9.71500 -5.02500 -5.30000 -3.22500 -6.96800 -9.88800 -1.86200 -6.42900 -18.10700 8.48400 5.36100 3.39800 15.11600 4.97400 -1.82100
200.00000 -11.93200 -10.20300 -8.44300 -7.25300 -3.71300 -6.48000 -10.86400 -3.32600 -6.42900 -16.64200 7.99600 5.36100 5.83900 18.04600 6.92700 1.10900
201.00000 -12.42100 -10.20300 -12.34900 -9.20600 -2.73600 -5.50300 -12.32900 -4.79100 -5.45200 -14.20100 8.48400 5.84900 8.76900 21.95200 9.36900 4.52700
202.00000 -12.90900 -10.69100 -15.27900 -11.15900 -1.76000 -5.01500 -13.79400 -6.25600 -5.45200 -12.73600 9.94900 5.84900 11.69800 25.37000 11.81000 7.94500
203.00000 -12.90900 -10.20300 -16.74400 -12.13600 -0.78300 -4.52700 -14.77100 -7.72100 -4.96400 -11.27100 10.43700 5.84900 13.65200 27.81200 13.27500 10.87400
204.00000 -12.90900 -9.71500 -16.74400 -12.62400 0.19300 -4.52700 -15.74700 -8.69800 -4.47600 -10.29500 9.94900 4.87300 14.62800 29.76500 12.78700 13.31600
205.00000 -12.42100 -8.73800 -15.76700 -12.13600 1.17000 -4.52700 -15.74700 -8.69800 -3.98800 -8.83000 7.50700 3.89600 14.14000 30.74100 11.81000 14.78100
206.00000 -11.44400 -7.76200 -14.30300 -11.64800 1.65800 -4.52700 -14.77100 -8.69800 -3.01100 -7.36500 5.55400 2.92000 13.65200 30.74100 10.34500 15.26900
207.00000 -10.95600 -7.76200 -13.32600 -11.15900 1.17000 -5.01500 -14.28200 -8.20900 -2.03500 -6.38800 5.06600 2.43100 13.16300 30.74100 10.34500 14.78100
208.00000 -10.95600 -8.73800 -13.32600 -10.18300 0.19300 -5.50300 -13.30600 -7.72100 -1.54600 -5.41200 6.04200 3.89600 13.16300 30.74100 11.81000 14.78100
209.00000 -11.44400 -10.69100 -14.79100 -10.67100 -1.76000 -6.48000 -12.81700 -7.23300 -1.54600 -6.38800 8.97200 5.84900 14.14000 31.23000 14.25200 15.75700
210.00000 -13.39700 -12.64400 -15.76700 -11.64800 -3.22500 -7.94500 -11.84100 -6.25600 -2.03500 -7.36500 12.39000 7.80200 15.60500 31.71800 17.18100 17.71000
211.00000 -15.35000 -14.10900 -16.74400 -12.62400 -4.20100 -9.41000 -10.86400 -5.28000 -3.01100 -8.34100 15.80800 10.24400 16.58100 32.69400 20.11100 20.15200
212.00000 -17.30300 -15.57400 -16.74400 -13.60100 -4.69000 -11.36300 -9.88800 -4.30300 -3.49900 -8.83000 17.76100 11.22000 17.55800 33.67100 22.06400 22.10500
213.00000 -18.76800 -16.55100 -17.23200 -14.08900 -4.69000 -12.33900 -9.88800 -3.81500 -3.01100 -8.83000 18.73800 11.22000 18.04600 33.67100 21.57600 21.61700
214.00000 -19.74500 -17.52700 -18.69700 -14.57700 -5.17800 -12.82800 -10.37600 -4.30300 -3.01100 -8.34100 18.25000 11.22000 17.06900 32.69400 20.11100 20.15200
215.00000 -19.74500 -18.99200 -20.16200 -15.06600 -6.15400 -13.80400 -11.84100 -5.28000 -3.01100 -8.83000 16.78500 10.24400 15.60500 30.74100 18.15800 18.19900
216.00000 -20.23300 -19.96900 -21.13900 -16.04200 -7.13100 -14.78100 -13.30600 -6.74400 -3.49900 -10.29500 14.83200 9.75500 13.65200 27.81200 16.69300 16.24600
217.00000 -21.21000 -20.45700 -21.13900 -16.53000 -8.10800 -15.75700 -14.77100 -7.72100 -4.47600 -12.73600 12.87800 8.77900 12.18700 24.39400 15.22800 15.26900
218.00000 -22.18600 -21.43400 -20.16200 -17.01900 -9.08400 -17.71000 -15.74700 -7.72100 -5.45200 -14.68900 11.90200 8.29100 10.72200 21.95200 14.74000 14.29200
219.00000 -23.65100 -21.92200 -18.69700 -17.50700 -9.08400 -19.17500 -16.23500 -7.72100 -6.42900 -16.15400 10.92500 7.31400 10.23400 20.97600 13.76300 12.82800
220.00000 -25.11600 -22.41000 -18.20900 -17.99500 -9.57200 -19.17500 -16.72400 -7.72100 -6.91700 -16.15400 10.43700 5.84900 9.74500 20.97600 12.78700 10.87400
221.00000 -26.09300 -22.89800 -18.69700 -17.99500 -9.57200 -17.71000 -17.70000 -8.20900 -6.91700 -16.15400 8.48400 4.38400 9.74500 20.48700 10.83400 8.92100
222.00000 -26.09300 -22.89800 -20.65000 -17.99500 -9.57200 -14.78100 -19.65300 -9.18600 -6.42900 -15.66600 6.04200 2.92000 9.25700 19.99900 8.39200 7.45600
223.00000 -25.11600 -21.92200 -22.60300 -17.99500 -9.08400 -12.33900 -22.09500 -10.16200 -6.42900 -16.64200 3.11300 0.96600 8.76900 18.04600 6.43900 5.99200
224.00000 -24.13900 -20.45700 -22.60300 -17.50700 -8.10800 -11.36300 -24.04800 -10.65100 -5.94100 -17.61900 0.67100 -0.01000 8.28000 16.58100 4.48600 5.01500
225.00000 -23.16300 -18.99200 -21.13900 -17.01900 -7.13100 -11.85100 -25.02400 -11.13900 -5.45200 -19.08400 -0.30500 -1.47500 8.28000 16.09300 3.51000 4.52700
226.00000 -22.67500 -18.99200 -19.18500 -16.04200 -6.64300 -12.82800 -25.02400 -11.62700 -4.47600 -19.57200 -0.30500 -1.96300 9.25700 17.06900 3.51000 4.52700
227.00000 -22.18600 -19.48000 -17.23200 -16.04200 -6.64300 -13.80400 -24.53600 -12.11500 -3.49900 -18.10700 -0.79300 -1.96300 10.23400 19.02300 3.99800 5.50300
228.00000 -22.18600 -19.48000 -17.23200 -15.55400 -7.61900 -13.31600 -24.04800 -12.60400 -3.01100 -16.64200 -1.77000 -2.45200 11.21000 20.97600 4.97400 6.96800
229.00000 -21.21000 -18.99200 -17.23200 -15.55400 -7.61900 -11.36300 -24.04800 -12.60400 -3.49900 -14.68900 -2.74700 -3.42800 11.69800 22.44100 5.95100 8.43300
230.00000 -20.23300 -17.52700 -18.20900 -15.06600 -7.13100 -9.41000 -24.04800 -13.09200 -3.98800 -13.71300 -3.72300 -3.91600 11.69800 23.41700 6.92700 9.89800
231.00000 -19.25700 -15.57400 -19.18500 -15.06600 -6.15400 -7.94500 -24.04800 -12.60400 -4.96400 -13.22400 -2.74700 -3.42800 11.21000 24.39400 7.90400 10.87400
232.00000 -19.25700 -15.08600 -19.67400 -15.06600 -5.66600 -7.45600 -23.07100 -12.11500 -4.96400 -13.22400 -0.30500 -1.96300 12.18700 26.83500 8.39200 12.82800
233.00000 -20.23300 -16.06200 -19.67400 -15.55400 -5.17800 -7.45600 -21.60600 -11.62700 -4.96400 -12.73600 2.62500 -0.98700 13.65200 29.27700 9.36900 14.78100
234.00000 -21.21000 -17.52700 -18.20900 -15.55400 -5.66600 -7.45600 -20.63000 -11.13900 -4.47600 -12.24800 4.57800 -0.01000 14.62800 31.71800 10.34500 16.24600
235.00000 -20.72100 -18.01600 -16.25600 -14.57700 -5.66600 -7.45600 -19.65300 -10.16200 -4.47600 -11.27100 6.04200 0.47800 14.62800 32.20600 9.85700 16.24600
236.00000 -19.25700 -16.55100 -13.32600 -13.11200 -4.20100 -7.45600 -18.67700 -9.18600 -5.45200 -11.27100 6.04200 -0.01000 13.16300 30.25300 8.88100 14.29200
237.00000 -17.30300 -15.08600 -11.37300 -11.15900 -3.22500 -8.43300 -18.18800 -8.69800 -6.91700 -12.24800 5.55400 -0.49800 9.74500 26.34700 6.92700 11.36300
238.00000 -15.83900 -13.62100 -10.88500 -10.18300 -2.24800 -9.41000 -18.18800 -8.20900 -8.87000 -14.20100 5.06600 -0.98700 6.81600 22.92900 5.46300 8.92100
239.00000 -15.83900 -14.10900 -11.86100 -10.67100 -2.24800 -10.38600 -17.70000 -8.69800 -9.35900 -16.15400 5.55400 -0.49800 4.86200 20.97600 4.48600 7.45600
240.00000 -17.30300 -15.08600 -13.81400 -11.15900 -2.73600 -9.41000 -17.70000 -8.69800 -8.38200 -16.15400 5.55400 -0.49800 3.88600 20.97600 4.48600 7.45600
241.00000 -17.79200 -16.55100 -14.30300 -11.64800 -2.73600 -7.45600 -18.18800 -8.69800 -7.40600 -15.66600 5.06600 -0.98700 3.88600 20.97600 3.99800 7.45600
242.00000 -17.79200 -16.06200 -12.83800 -11.15900 -2.24800 -5.01500 -18.18800 -8.69800 -6.42900 -14.20100 4.08900 -1.96300 3.88600 19.99900 3.02100 5.99200
243.00000 -16.32700 -14.59800 -10.88500 -9.69400 -1.27200 -4.52700 -17.70000 -8.69800 -6.42900 -13.22400 3.11300 -2.94000 2.90900 18.04600 1.06800 3.06200
244.00000 -15.35000 -13.13300 -9.42000 -8.71800 -1.27200 -5.50300 -17.70000 -8.69800 -7.40600 -14.20100 2.13600 -3.91600 0.95600 15.11600 -0.88500 0.62100
245.00000 -15.83900 -13.13300 -9.42000 -7.74100 -2.24800 -7.94500 -17.70000 -8.69800 -8.87000 -17.13100 1.16000 -4.40500 -0.02000 12.67500 -2.35000 -0.84400
246.00000 -17.30300 -15.08600 -10.88500 -8.23000 -4.20100 -10.87400 -18.18800 -8.69800 -9.84700 -20.06000 0.67100 -3.91600 -0.99700 11.69800 -1.86200 -1.33300
247.00000 -19.25700 -17.52700 -12.34900 -9.20600 -6.64300 -12.82800 -18.67700 -8.69800 -10.33500 -22.01300 -0.30500 -2.94000 -0.50900 12.18700 -1.37300 -0.84400
248.00000 -20.23300 -19.48000 -12.83800 -10.18300 -8.10800 -13.80400 -18.67700 -8.20900 -9.84700 -22.50200 -0.30500 -1.96300 0.46800 12.18700 -0.39700 -0.35600
249.00000 -20.72100 -19.96900 -11.37300 -10.18300 -8.59600 -12.33900 -18.67700 -8.69800 -9.84700 -21.03700 -0.30500 -1.96300 1.44400 12.67500 -0.39700 0.13200
250.00000 -18.76800 -18.50400 -10.39600 -10.18300 -7.61900 -11.36300 -17.70000 -9.18600 -9.35900 -19.57200 0.18300 -2.94000 1.93300 13.16300 -0.39700 0.13200
251.00000 -16.81500 -16.06200 -9.42000 -10.18300 -5.66600 -9.41000 -17.21200 -10.16200 -8.38200 -18.10700 0.67100 -4.40500 2.90900 14.62800 -0.88500 1.10900
252.00000 -14.86200 -14.59800 -8.93100 -10.18300 -4.20100 -7.45600 -16.72400 -11.13900 -7.40600 -17.61900 1.64800 -5.38100 3.39800 17.06900 -0.39700 3.06200
253.00000 -13.88500 -14.10900 -9.42000 -10.18300 -3.22500 -5.99200 -15.25900 -11.62700 -6.42900 -17.13100 2.62500 -5.38100 4.86200 19.51100 1.06800 5.50300
254.00000 -13.88500 -14.59800 -9.42000 -10.67100 -3.22500 -5.01500 -14.28200 -11.13900 -4.96400 -16.15400 3.60100 -3.91600 5.83900 21.95200 3.02100 7.45600
255.00000 -14.86200 -15.57400 -9.90800 -10.67100 -3.71300 -5.01500 -13.30600 -10.65100 -4.47600 -15.17700 4.57800 -2.45200 7.30400 22.92900 4.48600 8.92100
256.00000 -16.32700 -16.55100 -10.39600 -11.15900 -4.20100 -6.48000 -12.81700 -9.67400 -4.47600 -14.68900 5.55400 -0.49800 8.28000 23.41700 5.46300 9.89800
