1.00000 7.75100 -0.25400 4.24200 1.92300 -4.06900 5.08600 6.34800 5.51400 -4.51700 19.71400 5.60500 4.38400 4.91300 8.82000 3.81500 3.77400
2.00000 7.75100 -2.69600 6.68300 0.94600 0.81400 11.43400 6.83600 6.00200 -7.44600 21.17900 6.58200 5.84900 5.89000 13.21400 3.81500 6.70400
3.00000 3.84500 0.23400 10.10100 2.41100 3.74300 14.85200 6.83600 6.49000 -10.37600 15.80800 9.02300 7.31400 4.91300 15.16700 7.72100 11.58700
4.00000 0.91600 6.58200 14.49600 5.34100 5.69700 15.34000 7.81200 6.49000 -9.39900 5.55400 12.44100 8.77900 2.47200 11.74900 13.09200 14.02800
5.00000 4.33300 13.90600 18.40200 8.27000 6.67300 14.85200 10.25400 6.49000 -5.00500 -3.23500 14.88200 8.29100 -1.92300 5.40200 16.02200 12.07500
6.00000 13.61100 17.81200 19.86700 9.73500 8.62600 14.85200 14.16000 5.51400 0.85400 -4.21100 16.34700 7.31400 -4.85200 0.03100 16.02200 7.19200
7.00000 21.91200 16.34700 19.37900 9.24700 10.57900 15.82800 17.09000 3.56000 5.73700 3.60100 16.34700 6.33700 -5.82900 -1.43400 14.55700 3.77400
8.00000 23.86500 10.97600 16.93700 7.78200 10.57900 14.85200 17.57800 1.60700 8.17900 13.85500 15.37100 5.84900 -4.36400 1.00700 13.09200 2.30900
9.00000 16.54100 4.62800 13.51900 5.82900 8.62600 9.48100 14.64800 -0.34600 9.15500 17.27300 12.44100 5.84900 -1.92300 3.44800 12.11500 2.79700
10.00000 4.82200 0.72200 11.56600 3.38700 4.72000 1.66800 9.76600 -1.81100 9.15500 10.43700 8.53500 4.87300 -0.45800 2.96000 9.67400 1.82100
11.00000 -3.47900 1.21100 9.61300 0.94600 -1.13900 -4.67900 4.88300 -2.29900 6.22600 -2.25800 3.65200 3.40800 -1.92300 -1.43400 4.30300 -2.08500
12.00000 -2.99100 3.65200 8.14800 -1.49500 -6.02200 -5.16800 2.93000 -0.83400 -0.61000 -11.53600 -1.23100 0.96600 -4.36400 -7.29400 -3.99800 -6.96800
13.00000 2.38000 5.60500 7.17200 -2.47200 -9.44000 -1.75000 3.41800 0.63100 -8.42300 -10.55900 -5.62500 -0.98700 -6.80500 -12.17700 -10.83400 -9.89800
14.00000 5.31000 3.16400 7.66000 -1.98400 -8.95200 2.15700 4.88300 3.07200 -13.79400 -2.25800 -9.04300 -2.45200 -6.31700 -13.15300 -14.25200 -9.89800
15.00000 0.91600 -2.69600 8.63600 -0.03100 -5.04600 1.66800 4.88300 4.53700 -12.32900 5.55400 -10.50800 -2.45200 -3.87600 -12.17700 -11.81000 -7.94500
16.00000 -8.85000 -9.04300 10.10100 2.89900 1.79000 -2.23800 2.93000 4.53700 -4.02800 4.08900 -10.02000 -1.47500 0.03100 -10.71200 -4.48600 -5.99200
17.00000 -16.17400 -10.50800 11.56600 5.34100 8.13800 -4.67900 0.48800 3.07200 6.22600 -5.18800 -7.57900 -0.01000 2.96000 -9.24700 2.35000 -4.03800
18.00000 -13.73300 -5.62500 12.05400 6.31700 11.06800 -0.77300 0.48800 2.09600 11.10800 -15.44200 -4.16100 2.43100 5.40200 -8.27000 5.76800 -3.06200
19.00000 -0.54900 5.11700 11.07800 5.34100 8.13800 8.01600 2.93000 1.60700 7.69000 -16.90700 -0.25400 4.87300 6.86600 -4.85200 5.76800 -0.13200
20.00000 16.05200 14.39400 9.61300 2.41100 0.81400 13.87500 5.37100 2.09600 -1.58700 -8.11800 1.21100 6.33700 6.86600 -0.94600 3.81500 3.28600
21.00000 25.81800 15.85900 7.17200 -1.49500 -6.51000 8.99300 4.88300 1.60700 -8.91100 5.55400 1.69900 6.82600 6.86600 2.47200 1.86200 5.23900
22.00000 21.91200 8.04600 3.26500 -4.91300 -9.92800 -4.19100 0.00000 0.14200 -10.37600 14.34300 0.23400 5.36100 4.91300 2.47200 2.35000 4.26200
23.00000 9.21600 -4.64900 -0.15300 -6.37800 -7.97500 -16.88600 -6.34800 -1.32200 -6.47000 12.87800 -0.25400 4.38400 1.49500 -1.43400 4.30300 -0.13200
24.00000 -2.01400 -11.48500 -2.10600 -4.42500 -1.13900 -17.86300 -10.74200 -2.78700 -2.56300 5.55400 0.23400 3.89600 -1.43400 -5.82900 5.28000 -4.52700
25.00000 -1.52600 -6.60200 0.33600 0.94600 4.72000 -5.16800 -8.78900 -2.29900 -2.07500 -1.28200 2.67500 4.38400 -2.41100 -6.31700 5.28000 -5.01500
26.00000 10.19300 9.02300 7.17200 7.78200 8.13800 11.92200 -2.44100 0.14200 -5.98100 -2.25800 6.09300 5.84900 -0.45800 -0.94600 4.79100 -0.62100
27.00000 24.84100 25.62500 16.44900 14.61800 9.11500 22.17600 4.39500 2.09600 -8.42300 2.13600 8.53500 6.33700 3.93700 8.82000 5.28000 6.21500
28.00000 32.16600 33.92500 22.30800 18.52400 9.60300 19.73500 7.81200 2.09600 -5.00500 7.01900 8.04600 5.36100 8.82000 17.12000 6.74400 12.07500
29.00000 28.25900 30.01900 22.79700 18.52400 12.04400 10.45700 6.34800 -0.34600 2.80800 9.94900 5.60500 2.92000 11.74900 20.05000 8.20900 12.07500
30.00000 18.49400 19.27700 17.91400 14.61800 15.46200 4.11000 2.44100 -4.25200 10.13200 9.94900 3.65200 0.96600 10.77300 16.14400 8.69800 9.14500
31.00000 11.16900 9.51100 11.56600 9.24700 15.95100 6.55100 -0.48800 -6.20500 11.10800 10.92500 2.67500 0.47800 7.35500 8.82000 7.23300 5.23900
32.00000 8.72800 5.11700 8.63600 5.34100 12.04400 14.36400 -0.97700 -6.20500 3.78400 12.87800 4.62800 2.92000 3.93700 2.47200 5.76800 4.26200
33.00000 10.19300 7.55800 9.12500 3.87600 5.20800 20.22300 0.97700 -3.76400 -5.49300 14.34300 7.55800 5.84900 1.98400 0.51900 4.79100 6.21500
34.00000 10.68100 11.46400 11.07800 4.85200 -1.13900 18.27000 3.90600 -0.34600 -10.86400 12.39000 9.51100 7.80200 1.49500 1.98400 4.79100 7.68000
35.00000 8.24000 14.39400 11.56600 6.80500 -2.60400 11.43400 5.37100 2.58400 -8.91100 6.04200 9.51100 8.29100 1.49500 3.93700 5.76800 6.21500
36.00000 4.33300 15.37100 10.10100 8.75900 1.30200 5.08600 6.34800 4.53700 -1.58700 -2.74700 8.04600 7.31400 0.03100 3.93700 5.76800 1.33300
37.00000 1.89200 14.39400 7.17200 9.73500 8.13800 4.11000 6.83600 5.02500 4.27200 -10.07100 5.60500 5.84900 -3.87600 -0.45800 3.32600 -6.48000
38.00000 2.86900 11.95300 6.68300 10.22300 13.02100 7.52800 6.83600 4.53700 5.24900 -13.97700 2.18700 2.43100 -9.24700 -6.80500 -3.51000 -14.29200
39.00000 6.28700 7.07000 8.63600 10.71200 13.02100 9.96900 5.37100 4.04900 2.31900 -15.93000 -4.16100 -1.96300 -15.10600 -14.61800 -14.25200 -21.61700
40.00000 11.16900 1.69900 11.56600 10.71200 9.11500 5.08600 2.44100 2.09600 -1.09900 -16.41800 -11.97300 -8.31100 -19.01200 -20.96600 -24.50600 -27.96400
41.00000 16.54100 -0.74300 13.51900 9.24700 2.76700 -5.16800 -1.46500 -1.32200 -2.56300 -14.95400 -20.27400 -13.68200 -20.96600 -24.87200 -31.34200 -31.38200
42.00000 20.44700 1.69900 12.05400 6.31700 -3.09200 -16.39800 -3.90600 -4.74000 -3.05200 -8.60600 -24.66800 -16.61200 -19.98900 -25.36000 -30.36500 -31.38200
43.00000 19.95800 7.55800 8.63600 1.92300 -6.51000 -21.28100 -4.39500 -7.18200 -5.49300 2.13600 -23.69200 -15.14700 -17.05900 -22.91900 -22.06400 -26.98800
44.00000 11.65800 10.00000 3.75400 -1.00700 -7.48700 -18.35100 -4.39500 -8.64700 -9.88800 12.39000 -18.80900 -10.75200 -13.15300 -19.01200 -11.81000 -19.66300
45.00000 -3.47900 4.62800 -1.61700 -1.98400 -6.02200 -12.00400 -4.88300 -8.64700 -13.79400 14.34300 -14.41400 -6.84600 -9.73500 -15.59400 -5.95100 -12.33900
46.00000 -17.63900 -8.55500 -6.01200 -1.00700 -3.58100 -9.56200 -7.32400 -8.64700 -13.79400 5.06600 -13.92600 -6.35800 -7.29400 -14.13000 -6.43900 -8.43300
47.00000 -22.03400 -21.73900 -9.43000 -0.03100 -0.65100 -13.46800 -11.23000 -9.13500 -8.42300 -12.51200 -16.85600 -8.31100 -6.31700 -15.10600 -10.83400 -9.89800
48.00000 -13.73300 -26.13300 -9.91800 0.45800 0.81400 -19.81600 -15.13700 -10.11100 -1.09900 -29.11400 -21.25000 -10.75200 -6.31700 -17.05900 -15.71700 -14.78100
49.00000 1.89200 -19.78600 -7.47700 -0.51900 1.79000 -21.28100 -17.57800 -11.08800 3.78400 -36.43800 -23.20400 -11.72900 -7.78200 -19.01200 -16.69300 -19.66300
50.00000 12.63400 -6.11400 -2.59400 -1.00700 2.27900 -13.95700 -19.04300 -11.08800 3.78400 -33.99700 -22.22700 -10.26400 -8.75900 -19.50100 -15.71700 -22.10500
51.00000 11.16900 6.09300 0.82400 -0.03100 3.74300 -1.26100 -20.02000 -10.11100 0.85400 -26.18400 -20.76200 -8.79900 -8.75900 -17.54800 -14.25200 -21.61700
52.00000 -0.54900 10.00000 0.82400 2.89900 6.18500 7.03900 -20.99600 -9.62300 -2.07500 -18.86000 -20.76200 -7.82300 -8.27000 -15.10600 -14.25200 -19.17500
53.00000 -12.26800 6.58200 -4.54700 5.34100 7.16100 2.64500 -20.99600 -9.62300 -2.56300 -13.48900 -22.22700 -8.31100 -6.80500 -13.15300 -15.71700 -16.73400
54.00000 -13.73300 1.69900 -11.38300 5.82900 6.18500 -12.00400 -20.02000 -10.11100 -2.56300 -8.11800 -23.20400 -7.82300 -5.82900 -12.17700 -15.71700 -15.26900
55.00000 -3.96700 -1.23100 -15.28900 2.89900 2.76700 -26.16400 -17.57800 -10.60000 -3.54000 -0.79300 -21.25000 -6.35800 -5.82900 -12.17700 -13.76300 -14.78100
56.00000 8.24000 0.23400 -13.82400 -1.49500 -1.62800 -28.60500 -15.13700 -10.11100 -5.98100 6.04200 -16.85600 -3.42800 -6.31700 -13.15300 -9.85700 -14.78100
57.00000 10.68100 3.16400 -9.43000 -4.91300 -4.06900 -16.88600 -13.18400 -9.13500 -7.44600 8.97200 -11.48500 -0.01000 -6.80500 -12.66500 -6.43900 -14.29200
58.00000 0.91600 4.14000 -5.03500 -6.37800 -3.09200 -0.28500 -12.69500 -8.15800 -6.47000 4.57800 -7.09000 1.94300 -6.31700 -11.20000 -3.51000 -12.82800
59.00000 -14.22100 2.18700 -3.57100 -5.89000 -0.65100 8.01600 -12.69500 -6.69400 -3.05200 -5.18800 -5.13700 2.92000 -5.34100 -9.73500 -2.53300 -10.38600
60.00000 -23.01000 -1.71900 -5.03500 -4.42500 1.30200 0.69200 -11.71900 -6.20500 2.31900 -15.93000 -4.64900 3.40800 -3.87600 -9.24700 -1.55600 -7.45600
61.00000 -18.61600 -5.13700 -6.50000 -3.93700 0.32600 -14.93300 -10.25400 -5.71700 6.22600 -22.76600 -4.64900 3.89600 -2.41100 -9.73500 -1.06800 -6.48000
62.00000 -4.45600 -7.57900 -5.52400 -3.44800 -2.11600 -26.16400 -8.30100 -4.74000 8.66700 -22.76600 -5.13700 4.38400 -2.41100 -10.22300 -1.55600 -7.45600
63.00000 9.21600 -8.06700 -1.61700 -2.96000 -4.55700 -24.69900 -6.34800 -3.76400 8.17900 -16.41800 -5.62500 3.89600 -1.92300 -10.22300 -3.02100 -9.41000
64.00000 12.63400 -8.06700 2.28900 -1.98400 -5.04600 -10.53900 -4.39500 -2.78700 5.24900 -8.11800 -6.60200 3.40800 -1.92300 -8.75900 -4.97400 -11.36300
65.00000 4.82200 -7.57900 3.75400 -1.98400 -4.55700 4.11000 -2.44100 -1.32200 0.85400 -2.25800 -6.11400 3.89600 -0.94600 -6.31700 -3.99800 -10.38600
66.00000 -6.89700 -6.11400 1.80100 -3.93700 -5.04600 8.50400 0.00000 -1.32200 -4.02800 -1.77000 -3.18400 6.33700 1.00700 -3.87600 -0.09200 -6.96800
67.00000 -14.70900 -3.18400 -3.08200 -6.86600 -6.99900 1.18000 2.93000 -0.34600 -5.98100 -6.16500 1.21100 9.75500 2.96000 -2.41100 6.25600 -2.57400
68.00000 -14.70900 0.72200 -7.96500 -10.77300 -9.92800 -12.00400 3.90600 -0.83400 -4.02800 -11.53600 4.62800 11.70900 4.42500 -3.38700 10.65100 -0.62100
69.00000 -11.29200 3.65200 -9.91800 -12.72600 -10.90500 -20.79300 1.95300 -0.83400 0.85400 -13.00000 5.11700 10.73200 3.93700 -4.85200 10.16200 -2.08500
70.00000 -10.31500 2.67500 -8.94200 -11.26100 -9.44000 -20.30400 -1.95300 -1.32200 5.73700 -9.09400 1.21100 6.82600 1.49500 -6.80500 3.81500 -7.94500
71.00000 -14.70900 -3.18400 -6.98900 -8.33100 -6.02200 -11.51500 -6.83600 -1.81100 7.20200 -1.28200 -5.62500 1.94300 -1.43400 -8.27000 -6.43900 -13.80400
72.00000 -19.10400 -11.97300 -6.01200 -5.89000 -3.58100 -2.72600 -8.78900 -2.29900 5.73700 6.04200 -10.99700 -0.98700 -2.89900 -8.75900 -14.74000 -17.71000
73.00000 -17.63900 -18.32100 -6.98900 -6.86600 -3.09200 -0.28500 -7.81200 -3.27600 4.76100 9.46000 -13.43800 -0.49800 -1.92300 -7.29400 -16.69300 -16.73400
74.00000 -9.82700 -19.29700 -8.45300 -9.79600 -5.53400 -5.16800 -4.88300 -3.76400 4.76100 8.97200 -10.50800 2.92000 1.00700 -5.34100 -12.29900 -12.82800
75.00000 -0.54900 -14.41400 -7.96500 -13.70200 -8.95200 -12.98000 -1.95300 -3.76400 5.73700 7.50700 -6.11400 5.84900 3.93700 -3.87600 -4.48600 -8.43300
76.00000 2.38000 -7.09000 -5.52400 -15.65600 -11.88200 -18.35100 -0.48800 -3.76400 3.78400 5.55400 -2.69600 7.31400 3.93700 -4.36400 1.37300 -6.48000
77.00000 -5.43200 -4.16100 -3.08200 -14.67900 -13.83500 -19.81600 -1.95300 -3.27600 -1.58700 2.13600 -2.69600 5.84900 1.49500 -8.27000 1.86200 -8.43300
78.00000 -19.10400 -7.57900 -3.08200 -12.23800 -13.83500 -17.86300 -4.88300 -3.27600 -8.42300 -4.70000 -7.09000 1.94300 -3.38700 -13.64100 -3.99800 -13.80400
79.00000 -29.84600 -15.39100 -6.50000 -9.79600 -12.85800 -15.91000 -7.81200 -3.76400 -11.35300 -14.46500 -12.95000 -2.45200 -7.29400 -18.03600 -13.27500 -19.17500
80.00000 -30.33400 -20.27400 -11.38300 -8.82000 -10.41700 -13.95700 -9.76600 -3.76400 -6.95800 -24.23100 -17.83200 -5.38100 -8.75900 -19.50100 -21.57600 -23.57000
81.00000 -22.03400 -19.29700 -13.82400 -8.33100 -6.99900 -12.98000 -9.76600 -3.76400 2.80800 -29.60200 -18.80900 -6.84600 -7.29400 -16.57100 -24.99400 -24.54600
82.00000 -10.31500 -12.46100 -12.36000 -7.35500 -3.58100 -11.02700 -9.27700 -2.29900 12.08500 -27.16100 -16.36800 -5.38100 -3.87600 -12.66500 -22.55200 -23.57000
83.00000 -4.45600 -6.60200 -9.43000 -6.37800 -1.13900 -9.07400 -8.30100 -0.34600 15.50300 -19.34800 -12.95000 -2.94000 -1.92300 -9.73500 -17.18100 -20.15200
84.00000 -6.40900 -5.13700 -7.47700 -6.37800 -1.62800 -9.56200 -8.30100 1.11900 9.64400 -9.09400 -10.02000 -0.49800 -2.41100 -10.71200 -11.81000 -17.71000
85.00000 -12.75600 -10.02000 -9.43000 -7.35500 -4.55700 -14.44500 -8.78900 1.60700 -1.09900 0.67100 -8.55500 0.47800 -4.85200 -14.61800 -9.85700 -15.75700
86.00000 -16.66300 -15.39100 -13.82400 -9.30800 -7.97500 -20.79300 -9.76600 1.60700 -10.37600 5.55400 -9.53200 0.47800 -8.27000 -19.01200 -11.32200 -15.75700
87.00000 -14.70900 -16.85600 -16.75400 -10.77300 -9.92800 -24.69900 -10.25400 1.11900 -15.25900 5.06600 -11.48500 -0.49800 -10.71200 -21.45400 -14.74000 -18.19900
88.00000 -8.85000 -12.95000 -14.80100 -10.28400 -9.44000 -20.79300 -10.25400 1.11900 -13.79400 -2.25800 -13.92600 -1.96300 -12.17700 -21.45400 -18.15800 -23.08100
89.00000 -2.99100 -7.09000 -7.96500 -7.35500 -6.99900 -11.02700 -9.76600 1.11900 -7.93500 -12.51200 -15.39100 -3.91600 -11.68800 -19.01200 -20.59900 -28.45300
90.00000 -1.52600 -4.16100 0.33600 -3.44800 -4.06900 -1.75000 -8.30100 1.11900 -1.58700 -20.81300 -16.85600 -4.40500 -10.71200 -17.05900 -22.55200 -32.35900
91.00000 -5.43200 -5.13700 4.24200 -1.00700 -2.60400 1.18000 -7.32400 1.60700 2.80800 -21.30100 -15.87900 -3.42800 -9.24700 -16.57100 -22.55200 -32.35900
92.00000 -13.24500 -7.57900 2.28900 -0.51900 -4.55700 -4.19100 -6.34800 2.58400 3.29600 -13.00000 -12.95000 -0.49800 -8.27000 -17.54800 -19.62300 -28.94100
93.00000 -20.08100 -6.60200 -4.05900 -2.47200 -7.97500 -12.98000 -5.85900 4.04900 -0.12200 -1.77000 -7.09000 3.89600 -6.31700 -18.03600 -13.27500 -22.10500
94.00000 -21.05700 -1.23100 -9.43000 -5.40200 -11.88200 -17.37500 -4.88300 5.51400 -4.51700 4.08900 -1.23100 8.77900 -4.85200 -17.05900 -4.48600 -15.26900
95.00000 -14.70900 4.14000 -8.94200 -7.35500 -13.34600 -14.93300 -4.39500 5.51400 -7.93500 -0.30500 3.65200 12.19700 -2.89900 -14.13000 4.30300 -9.41000
96.00000 -3.47900 3.16400 -3.57100 -8.33100 -12.85800 -7.60900 -3.90600 5.51400 -7.93500 -11.04700 5.11700 13.17300 -0.45800 -10.71200 10.65100 -5.50300
97.00000 6.77500 -5.13700 3.26500 -8.33100 -9.92800 -2.72600 -2.93000 5.02500 -5.98100 -17.88300 4.14000 13.17300 1.49500 -7.78200 11.62700 -4.03800
98.00000 9.21600 -15.87900 6.19500 -7.84300 -7.97500 -3.70300 -0.97700 5.02500 -3.54000 -13.97700 2.67500 12.68500 3.44800 -4.85200 9.18600 -3.06200
99.00000 3.84500 -21.73900 3.75400 -7.35500 -6.99900 -10.05000 1.95300 5.51400 -2.07500 -2.74700 3.65200 13.17300 4.42500 -2.41100 5.28000 -3.06200
100.00000 -4.94400 -18.80900 -1.12900 -7.84300 -7.97500 -17.37500 4.39500 6.97800 -1.58700 5.55400 5.60500 13.66200 5.40200 0.03100 1.37300 -3.06200
101.00000 -10.31500 -9.53200 -5.52400 -9.30800 -9.92800 -21.76900 4.39500 6.97800 -1.09900 2.13600 6.58200 13.66200 5.40200 1.49500 -1.06800 -3.06200
102.00000 -9.33800 -0.74300 -6.98900 -11.26100 -10.90500 -20.30400 1.95300 5.02500 0.85400 -10.55900 4.14000 11.22000 4.91300 1.00700 -2.04500 -4.03800
103.00000 -4.45600 2.18700 -5.52400 -11.26100 -10.41700 -15.42200 -1.95300 2.09600 2.80800 -19.34800 -1.71900 7.31400 2.96000 -1.92300 -3.02100 -5.50300
104.00000 -1.03800 -0.25400 -3.08200 -8.82000 -7.97500 -9.56200 -5.37100 -0.34600 1.83100 -15.44200 -8.06700 3.40800 0.51900 -6.80500 -3.51000 -7.45600
105.00000 -3.47900 -4.64900 -1.61700 -4.91300 -5.53400 -6.63200 -7.81200 -1.32200 -3.05200 -0.79300 -11.48500 0.96600 -2.41100 -11.20000 -3.99800 -9.41000
106.00000 -11.29200 -6.60200 -1.12900 -0.51900 -3.09200 -7.60900 -8.78900 -0.83400 -8.42300 10.92500 -10.99700 -0.01000 -4.85200 -13.64100 -3.99800 -11.36300
107.00000 -18.12700 -5.62500 -2.10600 1.43400 -1.13900 -10.53900 -10.25400 -0.83400 -10.37600 7.50700 -8.55500 0.47800 -5.82900 -13.64100 -5.46300 -13.31600
108.00000 -18.61600 -3.18400 -4.54700 -0.51900 0.32600 -12.49200 -11.71900 -1.81100 -6.95800 -10.55900 -7.57900 0.47800 -5.34100 -12.17700 -8.39200 -15.26900
109.00000 -11.78000 -0.74300 -7.96500 -4.42500 0.32600 -11.02700 -14.64800 -3.76400 0.36600 -27.16100 -9.04300 -0.49800 -3.38700 -10.71200 -12.29900 -16.24600
110.00000 -2.99100 0.23400 -10.89500 -8.82000 -0.65100 -7.12100 -16.60200 -4.74000 4.76100 -27.16100 -11.48500 -0.98700 -2.89900 -10.22300 -16.20500 -17.71000
111.00000 1.89200 0.72200 -12.36000 -10.77300 -3.58100 -5.16800 -16.60200 -4.25200 2.80800 -9.58300 -12.95000 -0.49800 -3.87600 -12.17700 -16.20500 -18.19900
112.00000 -0.54900 -0.25400 -11.87100 -10.28400 -6.51000 -9.07400 -15.13700 -2.29900 -5.00500 11.41400 -10.99700 1.45500 -6.80500 -15.10600 -12.78700 -18.68700
113.00000 -6.89700 -4.16100 -10.40600 -8.33100 -8.95200 -16.88600 -13.18400 -0.83400 -12.81700 17.27300 -8.06700 2.43100 -10.22300 -18.52400 -8.39200 -19.66300
114.00000 -10.31500 -10.50800 -9.43000 -5.89000 -8.46400 -24.21100 -13.18400 -1.32200 -14.77100 2.62500 -8.06700 0.96600 -12.17700 -21.45400 -6.92700 -22.10500
115.00000 -8.85000 -17.34400 -10.40600 -4.42500 -5.53400 -24.69900 -15.13700 -3.76400 -9.88800 -21.79000 -11.48500 -2.94000 -12.17700 -21.45400 -10.83400 -25.52300
116.00000 -3.96700 -20.27400 -12.36000 -3.93700 -1.13900 -18.84000 -18.06600 -5.71700 -1.09900 -35.95000 -17.83200 -6.84600 -10.71200 -19.01200 -18.64600 -28.45300
117.00000 -1.52600 -18.32100 -13.33600 -4.91300 0.81400 -12.00400 -19.04300 -6.69400 4.76100 -31.55500 -21.25000 -8.79900 -8.27000 -16.08300 -23.04100 -27.96400
118.00000 -4.94400 -12.46100 -11.87100 -6.86600 -0.16300 -10.53900 -17.09000 -5.22900 5.24900 -13.97700 -18.80900 -6.84600 -7.29400 -13.64100 -20.11100 -23.57000
119.00000 -13.24500 -6.11400 -8.45300 -8.82000 -5.04600 -13.95700 -12.20700 -2.29900 0.85400 0.18300 -10.99700 -0.98700 -6.80500 -12.17700 -9.36900 -16.73400
120.00000 -21.05700 -1.71900 -4.54700 -9.79600 -10.41700 -18.35100 -6.83600 0.63100 -4.51700 0.67100 -2.20700 3.89600 -7.29400 -12.66500 1.37300 -10.87400
121.00000 -23.01000 -1.23100 -3.57100 -9.30800 -13.83500 -18.84000 -2.93000 1.60700 -5.98100 -11.53600 1.21100 5.36100 -7.78200 -13.15300 4.79100 -10.38600
122.00000 -17.63900 -2.69600 -6.01200 -8.33100 -13.34600 -15.42200 -3.90600 0.63100 -3.54000 -26.18400 -1.23100 2.92000 -8.27000 -14.13000 -2.53300 -14.29200
123.00000 -8.85000 -4.64900 -10.89500 -7.35500 -9.92800 -12.00400 -7.81200 -1.32200 1.83100 -32.53200 -8.55500 -1.96300 -7.78200 -13.64100 -14.74000 -19.66300
124.00000 -0.06100 -5.62500 -14.80100 -8.82000 -6.02200 -11.51500 -13.18400 -3.76400 4.76100 -27.16100 -14.41400 -5.87000 -7.29400 -13.64100 -23.52900 -22.59300
125.00000 4.33300 -5.62500 -15.77800 -11.26100 -3.58100 -12.98000 -16.11300 -4.74000 3.78400 -14.46500 -14.90300 -5.38100 -5.82900 -13.15300 -20.59900 -19.66300
126.00000 3.84500 -4.64900 -14.31300 -13.21400 -2.60400 -13.46800 -15.13700 -5.71700 -0.61000 -1.77000 -10.02000 -1.96300 -5.34100 -12.17700 -7.90400 -12.82800
127.00000 -0.06100 -2.20700 -11.38300 -13.21400 -3.58100 -10.53900 -11.71900 -5.71700 -4.02800 7.50700 -4.16100 1.45500 -4.85200 -11.20000 4.30300 -6.48000
128.00000 -4.45600 0.72200 -7.96500 -11.26100 -5.04600 -5.65600 -6.83600 -6.20500 -4.51700 11.90200 -0.74300 3.89600 -3.38700 -8.75900 9.18600 -3.06200
129.00000 -6.89700 2.67500 -5.52400 -8.33100 -6.02200 -3.70300 -3.90600 -6.20500 -1.58700 11.90200 -1.23100 3.40800 -1.92300 -5.34100 5.28000 -2.57400
130.00000 -6.40900 1.21100 -2.59400 -7.35500 -7.97500 -6.14400 -2.93000 -5.71700 2.31900 7.99600 -2.20700 2.92000 0.51900 -3.38700 -0.09200 -2.57400
131.00000 -3.96700 -4.64900 -0.15300 -7.84300 -9.92800 -12.00400 -3.41800 -4.74000 3.78400 1.64800 -0.74300 3.89600 2.47200 -3.38700 0.39700 -0.62100
132.00000 -1.03800 -12.95000 1.31200 -9.79600 -11.88200 -16.88600 -3.90600 -2.78700 1.34300 -5.67600 4.62800 6.82600 2.47200 -6.80500 8.69800 2.30900
133.00000 -1.03800 -20.76200 -0.15300 -11.74900 -12.85800 -19.81600 -2.93000 -1.32200 -4.02800 -12.02400 10.48800 9.75500 0.51900 -11.20000 18.95100 3.77400
134.00000 -2.99100 -23.20400 -5.03500 -12.23800 -12.85800 -21.28100 -2.44100 -1.32200 -7.93500 -15.93000 12.44100 9.75500 -2.41100 -14.61800 21.88100 3.28600
135.00000 -5.92000 -18.32100 -10.40600 -12.23800 -12.37000 -23.23400 -1.95300 -2.29900 -7.93500 -17.39500 9.02300 7.31400 -3.38700 -14.13000 15.53300 0.84400
136.00000 -6.40900 -8.55500 -13.82400 -12.72600 -12.85800 -24.21100 -2.44100 -3.76400 -4.51700 -15.93000 1.69900 3.40800 -1.92300 -9.73500 4.79100 -0.13200
137.00000 -4.45600 1.21100 -11.87100 -13.21400 -13.34600 -23.23400 -3.90600 -4.74000 0.36600 -13.97700 -5.13700 0.96600 1.00700 -4.36400 -2.04500 0.84400
138.00000 -2.01400 4.62800 -6.50000 -13.21400 -13.34600 -18.84000 -4.88300 -3.76400 3.29600 -12.51200 -7.57900 -0.01000 3.44800 -1.43400 -1.55600 2.79700
139.00000 -2.01400 0.72200 -2.59400 -12.72600 -11.88200 -14.44500 -4.88300 -2.29900 4.27200 -13.00000 -6.60200 0.96600 2.47200 -2.41100 4.30300 2.79700
140.00000 -7.38500 -7.57900 -2.59400 -11.74900 -9.44000 -11.51500 -4.39500 -0.34600 3.78400 -14.95400 -3.67200 0.96600 -0.45800 -7.29400 8.20900 -2.08500
141.00000 -13.24500 -12.95000 -7.47700 -10.77300 -6.99900 -10.53900 -4.39500 0.14200 2.80800 -16.41800 -2.20700 0.47800 -3.87600 -12.17700 6.25600 -8.92100
142.00000 -14.22100 -10.99700 -11.87100 -10.77300 -5.53400 -10.53900 -4.39500 -0.34600 2.31900 -13.97700 -2.20700 -0.01000 -5.34100 -14.13000 0.39700 -12.82800
143.00000 -6.89700 -2.20700 -12.36000 -10.28400 -5.04600 -6.63200 -3.41800 -1.32200 1.34300 -5.67600 -2.20700 0.47800 -3.87600 -11.68800 -3.51000 -11.36300
144.00000 6.28700 8.04600 -6.01200 -8.82000 -4.55700 -1.26100 -1.95300 -1.32200 -1.09900 5.06600 -0.74300 3.40800 -0.45800 -6.31700 -2.53300 -5.01500
145.00000 17.02900 13.41800 2.28900 -6.37800 -3.58100 2.15700 0.00000 -0.83400 -3.05200 11.90200 1.69900 6.82600 2.96000 -1.43400 2.83800 1.33300
146.00000 18.49400 11.95300 8.14800 -2.96000 -1.62800 0.20300 1.46500 -0.34600 -2.56300 9.94900 4.14000 8.77900 4.91300 1.00700 7.72100 5.72700
147.00000 9.70500 5.60500 7.17200 -1.49500 -1.13900 -5.16800 0.48800 -1.32200 -0.12200 0.67100 2.67500 7.31400 5.89000 0.51900 8.69800 4.75100
148.00000 -2.01400 -0.25400 0.33600 -1.98400 -1.62800 -9.56200 -2.44100 -3.76400 3.29600 -8.60600 -2.20700 3.40800 4.91300 -1.43400 3.81500 1.33300
149.00000 -9.33800 -2.69600 -6.50000 -4.91300 -4.06900 -9.07400 -6.34800 -6.20500 5.24900 -9.09400 -8.55500 -1.47500 3.44800 -3.38700 -4.48600 -3.06200
150.00000 -9.33800 0.23400 -9.43000 -6.37800 -5.04600 -4.67900 -8.78900 -7.67000 3.78400 0.18300 -14.41400 -5.38100 0.51900 -5.34100 -11.32200 -5.99200
151.00000 -3.47900 4.62800 -7.47700 -5.40200 -4.55700 -1.75000 -9.27700 -6.69400 -0.12200 11.41400 -16.36800 -6.84600 -3.38700 -7.78200 -14.25200 -8.92100
152.00000 4.33300 8.53500 -2.59400 -1.49500 -2.60400 -3.70300 -7.81200 -4.25200 -4.02800 15.32000 -15.87900 -5.87000 -7.29400 -11.20000 -14.25200 -12.82800
153.00000 9.70500 10.48800 1.31200 1.92300 -0.65100 -9.56200 -6.34800 -2.29900 -5.49300 7.01900 -13.92600 -5.38100 -10.71200 -15.59400 -13.76300 -18.19900
154.00000 13.61100 10.97600 1.80100 2.89900 -0.16300 -13.95700 -6.34800 -1.32200 -5.00500 -7.62900 -13.92600 -5.87000 -11.20000 -19.01200 -15.22800 -24.05800
155.00000 15.07600 10.00000 0.33600 0.94600 -1.62800 -13.46800 -8.30100 -1.81100 -3.05200 -19.34800 -17.34400 -8.31100 -10.22300 -20.47700 -20.11100 -27.96400
156.00000 14.09900 6.58200 -1.61700 -2.47200 -4.06900 -10.53900 -12.20700 -3.27600 -0.61000 -22.27800 -22.22700 -11.24100 -8.27000 -19.98900 -25.97000 -27.47600
157.00000 9.70500 1.69900 -2.59400 -5.40200 -6.02200 -10.05000 -16.60200 -3.76400 0.85400 -18.86000 -26.13300 -12.70500 -5.82900 -17.54800 -28.41200 -24.05800
158.00000 3.84500 -1.23100 -3.08200 -4.91300 -6.51000 -12.98000 -19.53100 -3.76400 1.83100 -15.93000 -25.64500 -11.72900 -4.36400 -15.10600 -24.99400 -19.17500
159.00000 0.42700 0.72200 -3.08200 -2.96000 -7.48700 -17.86300 -20.02000 -1.81100 2.80800 -20.32500 -21.25000 -8.79900 -4.36400 -13.64100 -17.67000 -16.24600
160.00000 4.82200 9.02300 -1.61700 -1.00700 -7.97500 -19.32800 -17.09000 0.14200 3.29600 -28.62500 -15.87900 -5.87000 -5.82900 -15.10600 -10.34500 -17.22200
161.00000 15.07600 19.76500 2.28900 -0.03100 -7.97500 -16.39800 -12.69500 1.11900 2.80800 -33.50800 -12.95000 -4.89300 -8.27000 -18.52400 -8.39200 -22.10500
162.00000 27.28300 26.60100 8.63600 0.45800 -6.02200 -11.51500 -8.30100 1.60700 0.85400 -27.64900 -13.92600 -6.84600 -12.17700 -23.40700 -12.29900 -27.47600
163.00000 33.14200 27.08900 14.00800 1.92300 -2.60400 -9.07400 -7.32400 1.60700 -3.54000 -13.48900 -17.34400 -9.28800 -15.59400 -27.80200 -18.64600 -29.42900
164.00000 29.72400 22.20700 15.47200 4.36400 0.32600 -8.58600 -8.30100 1.11900 -7.93500 1.16000 -21.25000 -10.75200 -17.54800 -29.75500 -22.55200 -27.96400
165.00000 21.91200 19.76500 11.56600 7.29400 2.76700 -6.14400 -11.71900 -0.34600 -10.37600 6.53100 -23.20400 -10.75200 -17.05900 -28.77800 -21.57600 -22.59300
166.00000 18.49400 22.69500 4.73000 7.29400 2.76700 1.18000 -13.67200 -1.81100 -8.42300 0.18300 -22.22700 -9.77600 -14.13000 -24.87200 -18.15800 -16.73400
167.00000 24.35300 31.48400 -0.15300 3.87600 2.27900 11.43400 -14.64800 -3.27600 -2.56300 -11.53600 -21.25000 -9.77600 -10.22300 -19.01200 -15.22800 -12.82800
168.00000 36.07200 37.83200 1.31200 -1.98400 1.79000 17.78200 -14.64800 -3.76400 5.24900 -18.37200 -21.25000 -10.75200 -6.80500 -13.64100 -14.25200 -11.36300
169.00000 43.88400 36.36700 7.17200 -5.89000 2.76700 13.87500 -15.13700 -3.27600 10.13200 -13.00000 -22.71500 -12.21700 -4.85200 -9.73500 -14.25200 -10.87400
170.00000 39.97800 26.11300 14.00800 -5.89000 3.25500 1.66800 -15.13700 -1.81100 9.64400 2.13600 -23.69200 -12.70500 -4.36400 -7.78200 -14.25200 -10.87400
171.00000 24.35300 12.92900 15.47200 -1.49500 2.76700 -12.00400 -14.64800 1.11900 3.29600 16.29600 -23.69200 -11.24100 -3.87600 -7.78200 -13.27500 -11.36300
172.00000 6.77500 4.62800 10.10100 4.36400 0.81400 -17.37500 -12.20700 2.58400 -3.54000 19.71400 -21.73900 -8.79900 -3.38700 -8.27000 -11.81000 -11.36300
173.00000 -0.54900 4.62800 0.82400 6.80500 -1.62800 -12.00400 -8.30100 3.07200 -6.47000 7.01900 -18.32100 -7.82300 -2.41100 -8.27000 -11.81000 -11.85100
174.00000 6.77500 12.44100 -6.50000 5.82900 -2.11600 -0.77300 -6.34800 1.60700 -4.51700 -13.48900 -15.39100 -6.84600 -1.43400 -9.24700 -12.29900 -12.82800
175.00000 22.88800 22.69500 -6.98900 2.41100 -0.16300 6.55100 -6.83600 -0.83400 0.36600 -31.06700 -12.95000 -6.35800 -1.92300 -10.22300 -11.81000 -14.29200
176.00000 36.07200 30.01900 -0.64100 0.45800 2.27900 4.59800 -9.27700 -2.78700 2.80800 -34.48500 -10.99700 -5.87000 -3.87600 -11.68800 -10.34500 -14.78100
177.00000 38.02500 32.46100 9.12500 1.43400 4.23200 -4.19100 -11.23000 -2.29900 0.85400 -24.23100 -9.53200 -3.91600 -6.31700 -12.17700 -8.39200 -15.26900
178.00000 30.21200 30.01900 15.96100 5.34100 4.23200 -11.51500 -10.74200 -0.34600 -4.02800 -8.60600 -8.06700 -2.45200 -7.78200 -12.66500 -8.39200 -14.29200
179.00000 21.42300 25.62500 17.42600 9.24700 3.25500 -11.02700 -7.81200 2.09600 -7.93500 2.62500 -8.55500 -1.47500 -8.75900 -13.64100 -10.34500 -13.31600
180.00000 18.00500 20.74200 13.03100 10.71200 3.25500 -4.67900 -4.88300 3.56000 -8.91100 3.60100 -10.02000 -1.96300 -9.24700 -15.59400 -12.29900 -12.33900
181.00000 19.47000 17.32400 6.19500 8.27000 3.25500 1.66800 -5.37100 3.56000 -6.47000 -2.74700 -12.95000 -3.42800 -9.73500 -19.98900 -12.78700 -12.33900
182.00000 20.44700 14.39400 -0.15300 3.87600 3.25500 1.18000 -9.76600 1.60700 -4.51700 -11.04700 -16.36800 -4.89300 -11.20000 -24.87200 -11.32200 -12.33900
183.00000 17.02900 10.97600 -6.01200 -0.03100 1.30200 -7.12100 -15.62500 -1.32200 -4.02800 -17.39500 -19.78600 -6.84600 -12.17700 -28.77800 -9.85700 -12.82800
184.00000 12.14600 7.07000 -9.91800 -2.96000 -2.60400 -18.35100 -20.02000 -3.76400 -5.00500 -21.79000 -22.22700 -8.79900 -13.15300 -30.24300 -10.83400 -13.80400
185.00000 10.19300 3.16400 -12.36000 -4.91300 -5.04600 -24.21100 -20.50800 -5.22900 -5.98100 -25.20800 -23.69200 -10.75200 -12.66500 -28.29000 -12.29900 -14.78100
186.00000 13.61100 1.69900 -12.36000 -4.91300 -5.04600 -21.28100 -17.09000 -5.22900 -4.51700 -27.64900 -22.71500 -12.21700 -11.20000 -24.38400 -13.27500 -14.29200
187.00000 18.98200 3.65200 -7.96500 -3.93700 -1.62800 -12.49200 -12.20700 -4.74000 -1.09900 -27.16100 -19.78600 -12.21700 -9.24700 -19.50100 -10.34500 -12.82800
188.00000 20.44700 9.51100 -0.64100 -1.49500 1.79000 -3.70300 -7.81200 -4.74000 2.31900 -21.30100 -15.39100 -11.24100 -7.29400 -15.10600 -5.46300 -11.36300
189.00000 15.56400 17.32400 6.19500 1.92300 3.74300 1.66800 -5.37100 -4.74000 3.78400 -11.53600 -11.48500 -10.26400 -5.34100 -11.20000 -2.04500 -9.89800
190.00000 8.24000 24.16000 9.61300 5.34100 2.76700 1.66800 -4.88300 -5.71700 2.31900 -1.28200 -9.04300 -9.77600 -3.87600 -8.75900 -3.02100 -8.92100
191.00000 5.79800 26.60100 7.66000 6.31700 0.32600 0.20300 -4.88300 -6.20500 0.36600 7.50700 -8.55500 -9.28800 -3.87600 -7.29400 -7.41600 -8.92100
192.00000 10.68100 24.16000 1.80100 5.34100 -0.65100 -1.75000 -5.85900 -5.71700 -1.58700 11.90200 -9.04300 -9.28800 -4.36400 -8.75900 -11.81000 -9.89800
193.00000 17.51700 18.78900 -5.03500 2.41100 -0.16300 -3.21500 -6.83600 -4.74000 -2.56300 10.43700 -8.55500 -8.31100 -6.31700 -12.17700 -11.32200 -11.36300
194.00000 19.47000 11.95300 -8.94200 -1.00700 0.81400 -3.21500 -8.30100 -2.78700 -3.05200 4.08900 -8.55500 -6.84600 -8.27000 -16.08300 -6.43900 -13.31600
195.00000 14.09900 7.07000 -10.40600 -1.98400 0.32600 -3.21500 -11.23000 -0.83400 -2.56300 -7.62900 -8.55500 -6.84600 -9.73500 -18.03600 -0.58000 -14.78100
196.00000 5.79800 5.11700 -9.91800 -1.98400 -2.11600 -3.21500 -13.67200 -0.34600 -2.07500 -20.32500 -10.02000 -7.33400 -10.22300 -16.57100 1.86200 -15.26900
197.00000 1.89200 5.11700 -8.45300 -1.00700 -5.04600 -4.19100 -15.13700 -0.83400 -1.58700 -28.62500 -13.43800 -8.79900 -9.24700 -12.17700 -1.55600 -14.29200
198.00000 6.28700 6.58200 -6.98900 -1.00700 -6.99900 -7.60900 -14.64800 -2.29900 -2.07500 -27.64900 -16.85600 -10.75200 -8.75900 -7.29400 -8.39200 -13.31600
199.00000 14.58700 8.53500 -5.03500 -1.49500 -6.99900 -12.49200 -13.18400 -3.27600 -4.02800 -17.39500 -18.80900 -10.75200 -9.73500 -4.36400 -14.25200 -11.85100
200.00000 19.95800 10.00000 -4.05900 -2.47200 -5.53400 -18.35100 -10.74200 -2.78700 -7.44600 -4.21100 -16.85600 -7.82300 -11.20000 -3.87600 -13.76300 -9.89800
201.00000 18.00500 10.00000 -3.57100 -2.96000 -4.06900 -19.81600 -7.81200 -1.81100 -10.37600 5.55400 -11.97300 -3.42800 -11.20000 -4.36400 -6.92700 -5.50300
202.00000 12.14600 8.53500 -3.57100 -2.47200 -2.60400 -15.42200 -5.37100 -0.34600 -11.35300 6.53100 -6.11400 1.45500 -10.22300 -3.38700 3.81500 -0.13200
203.00000 8.24000 7.55800 -2.59400 -0.51900 -1.62800 -4.67900 -2.93000 0.63100 -9.39900 1.16000 -1.23100 4.87300 -6.80500 -0.45800 11.62700 5.72700
204.00000 10.19300 10.00000 0.33600 2.41100 -1.13900 6.55100 -0.48800 1.60700 -5.98100 -4.70000 0.23400 5.36100 -4.36400 2.47200 13.09200 9.14500
205.00000 16.54100 15.85900 5.21900 5.34100 -0.16300 12.41000 1.46500 2.09600 -3.05200 -7.62900 -0.74300 4.38400 -3.87600 2.96000 7.72100 7.19200
206.00000 20.93500 21.71800 8.63600 7.29400 0.32600 8.99300 1.95300 2.58400 -2.56300 -7.14100 -3.18400 1.94300 -5.82900 -1.43400 -0.09200 0.84400
207.00000 18.98200 23.18300 9.12500 6.80500 0.32600 -0.77300 1.46500 2.58400 -2.07500 -6.65300 -6.11400 -0.98700 -9.24700 -8.75900 -5.46300 -6.96800
208.00000 10.68100 17.32400 4.73000 4.36400 -1.13900 -11.02700 0.00000 1.11900 -1.58700 -9.58300 -7.57900 -3.42800 -11.68800 -15.59400 -6.43900 -11.36300
209.00000 -0.54900 5.11700 -0.64100 0.45800 -3.58100 -15.91000 -1.46500 -0.83400 -0.12200 -13.48900 -7.57900 -5.38100 -11.68800 -18.52400 -3.51000 -11.36300
210.00000 -8.36200 -6.60200 -4.05900 -2.47200 -5.53400 -14.44500 -1.95300 -3.27600 1.34300 -16.41800 -7.57900 -7.82300 -9.73500 -17.05900 -0.09200 -7.45600
211.00000 -10.31500 -13.43800 -4.05900 -3.44800 -6.99900 -11.02700 -1.95300 -5.22900 1.34300 -14.46500 -7.57900 -9.77600 -7.29400 -12.17700 0.88500 -3.55000
212.00000 -4.45600 -12.95000 -1.12900 -2.96000 -6.99900 -9.56200 -1.95300 -6.20500 -0.61000 -8.60600 -6.60200 -11.24100 -4.85200 -6.80500 0.88500 -1.59700
213.00000 6.28700 -5.62500 1.31200 -2.47200 -6.02200 -10.53900 -2.44100 -6.69400 -2.56300 -1.28200 -4.64900 -11.24100 -2.89900 -2.89900 -0.09200 -2.08500
214.00000 18.98200 5.11700 3.26500 -2.47200 -5.04600 -9.07400 -1.46500 -6.69400 -3.05200 5.06600 -1.23100 -9.77600 -0.94600 -1.43400 0.39700 -2.08500
215.00000 27.77100 15.37100 4.24200 -2.96000 -5.04600 -2.23800 0.48800 -5.71700 -2.07500 9.94900 2.18700 -6.35800 0.03100 -0.45800 1.86200 -1.10900
216.00000 28.74800 22.20700 5.70700 -3.44800 -6.02200 7.52800 3.41800 -4.74000 -0.61000 13.85500 4.62800 -2.45200 1.00700 0.51900 4.30300 0.84400
217.00000 21.42300 24.16000 7.17200 -2.47200 -7.48700 14.36400 4.88300 -3.27600 -1.09900 15.32000 4.62800 0.47800 0.51900 1.00700 5.28000 2.79700
218.00000 10.19300 19.76500 6.19500 -1.00700 -8.46400 11.43400 2.44100 -1.32200 -3.05200 10.92500 2.67500 1.94300 -1.92300 -1.43400 5.28000 0.84400
219.00000 0.91600 10.97600 0.82400 -0.03100 -8.46400 -0.77300 -3.41800 -0.34600 -5.49300 0.67100 -0.74300 2.43100 -4.36400 -5.34100 4.79100 -3.55000
220.00000 -2.50200 3.65200 -6.98900 -1.00700 -7.97500 -13.95700 -9.76600 0.14200 -6.95800 -13.97700 -3.67200 1.94300 -7.29400 -10.22300 2.83800 -7.94500
221.00000 -0.06100 -0.25400 -13.33600 -4.42500 -8.46400 -19.81600 -13.67200 0.63100 -7.44600 -25.69600 -5.13700 2.43100 -8.27000 -13.64100 -0.09200 -9.89800
222.00000 3.35700 1.21100 -15.77800 -6.86600 -8.46400 -15.91000 -12.20700 1.11900 -6.95800 -28.62500 -5.13700 3.40800 -7.78200 -12.66500 -3.51000 -9.41000
223.00000 3.35700 5.60500 -12.84800 -6.37800 -8.46400 -7.12100 -6.34800 2.09600 -5.49300 -21.30100 -3.67200 4.87300 -6.31700 -8.27000 -4.97400 -6.48000
224.00000 -0.54900 7.07000 -8.94200 -3.44800 -6.02200 -1.26100 0.00000 3.56000 -4.51700 -9.09400 -0.74300 6.33700 -4.85200 -2.89900 -3.51000 -3.55000
225.00000 -5.92000 4.14000 -6.01200 0.45800 -3.09200 -1.75000 2.44100 3.56000 -3.05200 0.18300 0.72200 7.31400 -4.36400 0.03100 0.88500 -2.08500
226.00000 -6.40900 -1.71900 -6.01200 2.41100 0.32600 -6.63200 -0.48800 2.09600 -2.56300 0.67100 1.69900 6.33700 -4.36400 -0.45800 5.76800 -2.08500
227.00000 -1.03800 -6.11400 -6.98900 0.94600 0.81400 -10.53900 -5.85900 -0.34600 -3.54000 -6.65300 0.23400 4.38400 -4.85200 -2.89900 7.23300 -2.57400
228.00000 6.77500 -4.64900 -6.01200 -1.98400 -2.11600 -10.53900 -9.76600 -2.78700 -5.98100 -14.95400 -2.69600 1.45500 -6.31700 -5.34100 3.81500 -2.57400
229.00000 12.14600 1.21100 -3.57100 -4.42500 -6.51000 -8.58600 -10.25400 -3.76400 -10.37600 -16.90700 -6.11400 -1.47500 -6.80500 -5.82900 -1.55600 -2.08500
230.00000 12.14600 8.53500 -0.64100 -3.93700 -9.92800 -7.12100 -7.81200 -3.76400 -14.28200 -10.55900 -7.57900 -2.45200 -6.31700 -4.85200 -3.99800 -0.62100
231.00000 6.77500 12.44100 -1.12900 -1.49500 -10.41700 -7.12100 -4.39500 -2.78700 -14.77100 -0.30500 -6.60200 -1.96300 -4.36400 -3.38700 -0.58000 0.84400
232.00000 1.40400 11.46400 -4.05900 0.45800 -7.48700 -8.09700 -2.93000 -2.29900 -11.35300 6.53100 -3.67200 -0.98700 -1.43400 -2.89900 6.25600 2.30900
233.00000 0.42700 7.55800 -8.45300 -0.51900 -2.60400 -7.60900 -4.39500 -3.76400 -5.49300 4.57800 -1.71900 -0.49800 1.00700 -4.36400 11.62700 3.28600
234.00000 4.33300 4.62800 -10.40600 -3.93700 1.79000 -6.14400 -7.32400 -6.20500 0.36600 -4.21100 -2.20700 -2.45200 1.98400 -6.31700 11.13900 2.79700
235.00000 9.21600 2.67500 -8.94200 -7.84300 2.76700 -5.16800 -10.25400 -9.62300 2.31900 -14.95400 -5.13700 -6.84600 0.03100 -8.27000 4.79100 0.84400
236.00000 9.21600 1.69900 -7.96500 -9.30800 0.32600 -6.14400 -12.20700 -11.57600 -0.12200 -21.30100 -9.04300 -11.24100 -3.87600 -9.24700 -3.51000 -2.57400
237.00000 0.91600 -0.74300 -9.91800 -7.84300 -3.09200 -7.60900 -14.16000 -13.04100 -4.51700 -20.32500 -13.43800 -15.14700 -7.29400 -9.73500 -10.34500 -6.96800
238.00000 -14.22100 -3.67200 -15.77800 -5.40200 -4.55700 -8.58600 -16.11300 -12.55300 -7.44600 -14.95400 -15.87900 -16.61200 -9.24700 -9.24700 -13.27500 -11.36300
239.00000 -26.91700 -5.13700 -21.14900 -2.47200 -4.06900 -7.60900 -17.57800 -11.57600 -6.47000 -9.58300 -16.36800 -15.14700 -8.27000 -9.24700 -11.81000 -13.31600
240.00000 -27.40500 -3.67200 -20.17200 -1.98400 -2.11600 -5.16800 -16.11300 -9.13500 -4.02800 -6.65300 -14.41400 -10.75200 -5.34100 -7.29400 -7.90400 -11.85100
241.00000 -13.24500 0.23400 -12.36000 -2.96000 -1.13900 -3.70300 -12.69500 -5.71700 -2.07500 -6.65300 -10.02000 -4.89300 -0.94600 -3.87600 -3.02100 -7.94500
242.00000 8.24000 3.16400 -1.12900 -4.42500 -3.09200 -4.67900 -7.32400 -2.29900 -3.05200 -7.62900 -5.13700 0.96600 2.47200 0.51900 1.86200 -2.57400
243.00000 24.35300 3.65200 6.19500 -4.91300 -6.02200 -6.14400 -4.39500 0.14200 -5.00500 -6.65300 -2.20700 3.89600 3.93700 3.44800 3.81500 0.35600
244.00000 25.33000 2.18700 4.24200 -4.91300 -7.48700 -6.63200 -4.39500 1.11900 -5.98100 -4.70000 -2.69600 3.40800 3.44800 3.93700 2.35000 -0.13200
245.00000 11.65800 0.72200 -4.05900 -3.93700 -6.02200 -5.16800 -7.81200 -0.34600 -4.02800 -3.23500 -5.13700 0.47800 1.49500 2.47200 -2.04500 -3.06200
246.00000 -5.92000 2.18700 -11.87100 -2.96000 -3.09200 -2.72600 -10.74200 -2.78700 0.36600 -5.18800 -8.55500 -3.42800 -0.45800 -0.45800 -5.46300 -5.99200
247.00000 -15.19800 5.11700 -14.31300 -2.47200 -0.16300 -2.23800 -10.74200 -3.76400 4.76100 -9.58300 -10.02000 -4.89300 -1.92300 -2.41100 -6.92700 -6.96800
248.00000 -11.78000 8.53500 -9.43000 -1.49500 0.32600 -4.19100 -6.34800 -2.78700 5.73700 -12.51200 -9.53200 -3.91600 -1.92300 -3.38700 -5.95100 -5.01500
249.00000 -0.06100 8.53500 -1.61700 -0.51900 -0.65100 -7.60900 -0.48800 0.14200 2.31900 -10.55900 -7.09000 -0.98700 -2.41100 -2.89900 -3.51000 -3.06200
250.00000 12.14600 7.07000 3.75400 0.45800 -2.60400 -10.05000 4.88300 3.56000 -4.51700 -2.74700 -4.16100 1.94300 -3.87600 -2.41100 -1.06800 -2.08500
251.00000 18.98200 4.62800 4.24200 0.94600 -3.58100 -8.09700 5.85900 6.00200 -10.86400 6.53100 -2.69600 3.89600 -5.82900 -3.87600 0.88500 -2.57400
252.00000 18.49400 4.14000 2.28900 -0.03100 -3.58100 -3.21500 2.44100 5.51400 -13.79400 10.43700 -1.71900 3.89600 -8.27000 -6.80500 2.83800 -3.55000
253.00000 14.58700 7.07000 -0.15300 -1.00700 -3.09200 1.66800 -3.41800 3.56000 -12.32900 5.06600 -1.71900 1.94300 -10.22300 -10.71200 4.79100 -4.03800
254.00000 9.70500 11.46400 -2.10600 -1.98400 -3.09200 4.11000 -8.78900 0.63100 -7.93500 -6.65300 -3.18400 -1.47500 -11.20000 -12.66500 4.79100 -4.03800
255.00000 3.84500 15.37100 -3.08200 -1.98400 -4.06900 1.66800 -10.74200 -2.29900 -4.51700 -16.41800 -4.64900 -5.38100 -11.20000 -12.66500 2.83800 -4.03800
256.00000 -1.52600 15.85900 -3.57100 -0.03100 -4.55700 -2.72600 -8.30100 -4.25200 -4.02800 -17.88300 -6.11400 -7.33400 -9.73500 -9.73500 -0.09200 -5.50300
