1.00000 7.18200 7.87400 7.73100 4.52700 3.20400 7.68000 6.69400 7.49700 -0.71200 4.19100 7.90400 4.31300 -2.98100 4.91300 2.33000 2.36000
2.00000 5.71700 5.43200 4.31300 3.06200 2.71600 6.70400 3.76400 6.03200 -1.20000 3.70300 3.99800 2.84800 -2.98100 2.96000 0.86500 0.89500
3.00000 4.25200 3.96700 0.40700 1.59700 2.22800 5.23900 -0.63100 3.59100 -1.20000 2.23800 0.58000 1.87200 -2.49200 0.51900 0.86500 -0.08100
4.00000 2.78700 2.99100 -2.52300 0.62100 3.20400 3.28600 -4.53700 1.14900 -1.20000 -0.20300 -2.83800 -0.08100 -1.51600 -1.92300 0.37600 -1.54600
5.00000 0.34600 1.52600 -4.96400 -0.84400 2.22800 0.35600 -6.97800 -0.80400 -0.71200 -3.62100 -4.79100 -1.54600 -1.51600 -4.36400 -0.60000 -3.01100
6.00000 -3.56000 -0.42700 -6.42900 -2.79700 -0.21400 -3.55000 -7.46700 -1.78000 -0.71200 -7.03900 -4.79100 -2.03500 -1.51600 -5.82900 -2.06500 -4.47600
7.00000 -6.49000 -3.35700 -7.40600 -5.23900 -3.63200 -7.45600 -6.49000 -1.78000 -1.20000 -9.48100 -3.81500 -1.54600 -1.02700 -6.80500 -3.04200 -4.96400
8.00000 -8.93100 -5.31000 -8.38200 -8.16900 -7.53800 -10.38600 -6.00200 -1.29200 -1.68900 -9.96900 -2.83800 -0.57000 -0.53900 -5.82900 -3.04200 -4.47600
9.00000 -9.90800 -6.77500 -10.33500 -10.12200 -9.97900 -11.85100 -6.49000 -1.29200 -2.66500 -8.99300 -2.83800 0.40700 0.92600 -4.85200 -2.55300 -3.01100
10.00000 -9.90800 -6.77500 -12.77700 -10.61000 -9.97900 -10.87400 -8.44300 -1.29200 -2.66500 -7.52800 -3.81500 0.40700 2.39100 -3.38700 -2.55300 -1.54600
11.00000 -9.90800 -6.77500 -14.73000 -9.63300 -8.02600 -8.92100 -10.39600 -2.26800 -1.68900 -6.55100 -5.28000 -0.08100 3.85500 -1.92300 -2.55300 -1.54600
12.00000 -9.90800 -7.26300 -15.21800 -8.16900 -5.09600 -6.48000 -11.86100 -2.75700 -1.20000 -6.55100 -6.25600 -1.05800 4.34400 -1.43400 -3.53000 -2.03500
13.00000 -9.42000 -7.26300 -14.73000 -6.70400 -3.63200 -4.52700 -12.34900 -3.24500 -1.20000 -7.52800 -5.76800 -1.54600 3.85500 -1.43400 -4.01800 -3.49900
14.00000 -8.44300 -6.77500 -13.26500 -5.72700 -3.63200 -4.52700 -11.86100 -3.73300 -1.68900 -8.99300 -4.30300 -1.54600 2.87900 -2.41100 -4.50600 -4.47600
15.00000 -6.49000 -4.82200 -12.28800 -4.75100 -3.63200 -5.01500 -11.37300 -4.22200 -2.17700 -9.48100 -3.32600 -1.05800 1.41400 -3.38700 -5.48300 -5.45200
16.00000 -4.53700 -3.35700 -12.77700 -4.26200 -3.63200 -5.99200 -11.37300 -4.71000 -2.66500 -8.50400 -4.30300 -1.54600 0.43700 -2.89900 -6.94800 -4.96400
17.00000 -4.04900 -1.89200 -13.26500 -3.77400 -2.16700 -6.96800 -11.37300 -5.68600 -1.68900 -6.55100 -6.25600 -2.52300 -0.53900 -1.43400 -7.92400 -3.98800
18.00000 -4.53700 -1.89200 -13.26500 -3.77400 -0.70200 -6.96800 -10.39600 -6.17500 -0.71200 -4.11000 -8.20900 -3.01100 -0.53900 0.03100 -6.46000 -2.52300
19.00000 -4.53700 -1.89200 -12.77700 -4.26200 0.27500 -5.99200 -9.42000 -5.68600 -0.22400 -3.13300 -8.69800 -2.52300 -0.53900 1.00700 -3.04200 -0.57000
20.00000 -4.53700 -1.40400 -11.31200 -3.77400 0.27500 -5.01500 -8.44300 -4.71000 -0.22400 -3.13300 -6.74400 -1.05800 -0.53900 1.00700 1.35300 0.40700
21.00000 -3.07200 0.06100 -9.35900 -3.28600 -0.70200 -3.55000 -7.95500 -3.24500 -0.22400 -4.11000 -3.81500 0.40700 -0.53900 0.03100 3.30600 -0.08100
22.00000 -1.60700 1.52600 -8.38200 -1.82100 -1.19000 -3.06200 -8.93100 -0.80400 -0.71200 -6.06300 -1.37300 1.38300 -0.05100 -0.94600 1.84100 -1.05800
23.00000 -1.60700 1.03800 -9.35900 -0.84400 -1.67800 -4.03800 -9.90800 0.66100 -1.68900 -8.01600 -1.37300 0.89500 -0.05100 -1.43400 -1.57700 -2.52300
24.00000 -3.56000 -2.38000 -11.31200 -0.84400 -2.65500 -6.96800 -10.39600 1.63800 -2.66500 -9.96900 -2.35000 0.40700 -0.05100 -1.43400 -4.01800 -2.52300
25.00000 -6.49000 -6.77500 -13.26500 -1.82100 -4.60800 -10.87400 -10.39600 2.61400 -3.15300 -12.89900 -2.83800 0.89500 -0.05100 -2.41100 -2.06500 -1.05800
26.00000 -10.39600 -11.16900 -14.24200 -3.28600 -7.05000 -15.26900 -8.93100 2.61400 -4.61800 -17.29300 -2.35000 2.84800 -0.05100 -4.85200 4.28300 0.40700
27.00000 -13.81400 -14.09900 -14.24200 -5.72700 -9.49100 -19.66300 -7.95500 2.61400 -5.59500 -21.68800 -0.39700 5.29000 -0.05100 -8.75900 10.14200 0.89500
28.00000 -16.25600 -15.07600 -14.24200 -7.68000 -10.95600 -23.08100 -7.95500 2.12600 -6.57100 -25.59400 1.06800 6.26600 -0.53900 -12.17700 12.09500 -1.05800
29.00000 -17.23200 -15.56400 -15.21800 -9.63300 -11.44400 -24.54600 -9.90800 0.66100 -6.57100 -27.05900 0.58000 5.29000 -0.53900 -14.13000 8.67700 -3.98800
30.00000 -17.72100 -16.05200 -17.66000 -11.58700 -10.95600 -25.03500 -12.34900 -0.80400 -6.57100 -26.57100 -2.35000 3.33700 -0.53900 -14.13000 1.84100 -6.91700
31.00000 -17.23200 -17.51700 -20.10100 -12.56300 -10.95600 -24.05800 -14.79100 -1.78000 -6.08300 -24.61800 -4.79100 0.89500 -1.02700 -13.15300 -4.01800 -8.87000
32.00000 -16.74400 -18.98200 -21.56600 -12.07500 -10.95600 -22.10500 -15.76700 -2.26800 -6.08300 -22.66400 -6.25600 -1.05800 -2.98100 -12.66500 -6.46000 -10.33500
33.00000 -15.76700 -19.47000 -20.58900 -9.63300 -10.46800 -19.66300 -14.79100 -1.29200 -6.08300 -21.20000 -5.28000 -1.54600 -4.44500 -13.15300 -6.46000 -11.31200
34.00000 -14.30300 -18.00500 -18.14800 -6.70400 -9.00300 -16.24600 -13.81400 -0.31500 -6.08300 -20.71100 -3.81500 -1.05800 -5.91000 -13.64100 -5.97100 -11.80000
35.00000 -13.32600 -14.58700 -16.19500 -4.75100 -6.56100 -12.33900 -13.32600 0.17300 -5.10700 -19.73500 -3.32600 -1.05800 -5.91000 -13.64100 -6.46000 -12.28800
36.00000 -11.86100 -8.72800 -15.21800 -4.26200 -4.12000 -9.41000 -12.83800 0.17300 -3.64200 -17.78200 -6.25600 -1.54600 -4.93400 -12.17700 -8.41300 -11.80000
37.00000 -9.90800 -2.86900 -16.19500 -5.72700 -3.14300 -7.45600 -12.34900 -1.29200 -2.17700 -14.85200 -10.16200 -3.01100 -3.46900 -9.73500 -8.90100 -10.82400
38.00000 -7.95500 1.52600 -17.17100 -7.68000 -3.63200 -6.96800 -12.34900 -2.75700 -1.20000 -11.92200 -13.58000 -4.47600 -2.98100 -7.78200 -7.92400 -9.84700
39.00000 -6.97800 2.01400 -16.19500 -8.65700 -5.09600 -7.45600 -11.86100 -4.71000 -1.20000 -9.48100 -15.04500 -4.96400 -3.46900 -7.29400 -6.94800 -9.35900
40.00000 -6.49000 0.06100 -14.24200 -8.16900 -6.07300 -8.43300 -12.34900 -5.68600 -2.17700 -8.99300 -14.06900 -5.94100 -4.93400 -7.78200 -7.43600 -10.33500
41.00000 -5.51400 -2.86900 -12.28800 -6.70400 -4.60800 -8.92100 -13.32600 -5.68600 -2.66500 -8.99300 -12.60400 -5.94100 -5.91000 -8.75900 -10.36600 -11.80000
42.00000 -5.51400 -4.82200 -11.31200 -4.75100 -2.16700 -7.94500 -15.27900 -6.17500 -2.66500 -8.50400 -12.60400 -5.94100 -5.42200 -8.27000 -13.29500 -12.28800
43.00000 -4.53700 -3.84500 -12.28800 -3.28600 0.27500 -6.48000 -16.25600 -6.66300 -1.68900 -7.03900 -14.06900 -6.42900 -4.44500 -6.80500 -13.78400 -11.31200
44.00000 -4.04900 -1.89200 -12.77700 -1.82100 1.74000 -4.03800 -16.25600 -6.66300 -0.71200 -4.59800 -15.53300 -5.94100 -2.98100 -4.36400 -10.85400 -8.87000
45.00000 -2.58400 0.06100 -11.80000 0.13200 2.22800 -2.08500 -14.30300 -6.66300 0.26400 -2.64500 -15.53300 -5.45200 -2.00400 -2.89900 -5.97100 -6.42900
46.00000 -1.11900 0.54900 -8.87000 1.59700 0.76300 -0.62100 -10.88500 -5.19800 0.75300 -1.18000 -13.09200 -4.96400 -2.00400 -2.89900 -2.06500 -4.47600
47.00000 -0.14200 1.03800 -4.47600 3.06200 -0.70200 0.35600 -7.46700 -2.75700 0.26400 -0.69200 -9.18600 -3.98800 -2.00400 -2.41100 -1.57700 -3.49900
48.00000 0.83400 2.01400 -1.54600 3.06200 -1.67800 0.35600 -5.02500 -0.31500 -0.22400 -0.20300 -5.28000 -2.03500 -2.00400 -1.92300 -2.55300 -2.03500
49.00000 0.83400 3.96700 -1.54600 1.59700 -2.16700 -0.13200 -4.04900 2.12600 -0.22400 -0.69200 -2.83800 -0.08100 -1.02700 -0.94600 -3.53000 -0.57000
50.00000 0.34600 5.43200 -3.49900 -0.84400 -3.14300 -1.59700 -4.53700 3.10300 -0.71200 -1.66800 -1.37300 2.36000 0.43700 0.51900 -1.57700 1.38300
51.00000 -0.63100 4.45600 -6.91700 -3.77400 -4.12000 -2.08500 -5.51400 3.10300 -0.71200 -3.13300 -1.37300 4.31300 1.90200 1.00700 2.33000 2.84800
52.00000 -2.58400 1.52600 -8.87000 -6.21500 -5.58500 -3.06200 -6.49000 2.61400 -1.20000 -4.59800 -2.35000 5.29000 2.39100 1.00700 5.74700 2.84800
53.00000 -5.02500 -3.35700 -8.87000 -8.65700 -6.56100 -3.55000 -6.97800 2.12600 -1.20000 -5.08600 -3.81500 4.80100 2.39100 -0.45800 6.72400 1.87200
54.00000 -7.46700 -7.26300 -8.87000 -10.12200 -8.02600 -4.52700 -7.46700 1.14900 -1.20000 -5.57500 -5.76800 4.31300 2.39100 -0.94600 4.77100 0.89500
55.00000 -10.39600 -9.70500 -9.35900 -11.58700 -9.49100 -6.48000 -8.93100 0.66100 -1.20000 -5.08600 -7.72100 3.82500 2.87900 -0.94600 1.84100 -0.08100
56.00000 -13.32600 -11.16900 -11.80000 -12.07500 -11.44400 -8.43300 -10.39600 -0.31500 -1.20000 -5.08600 -8.69800 4.31300 3.85500 0.03100 -0.11200 -0.08100
57.00000 -15.27900 -11.65800 -14.24200 -12.56300 -13.39700 -9.89800 -11.86100 -0.80400 -0.71200 -6.06300 -8.20900 5.29000 5.32000 1.49500 -0.60000 -0.08100
58.00000 -15.27900 -12.63400 -15.21800 -13.05100 -14.86200 -11.36300 -12.83800 -1.29200 -1.20000 -7.52800 -6.74400 5.77800 6.29700 2.96000 0.37600 -0.08100
59.00000 -13.81400 -12.63400 -13.75300 -13.54000 -14.86200 -11.36300 -11.37300 -1.78000 -0.71200 -7.52800 -4.79100 6.26600 7.76200 3.93700 1.84100 0.40700
60.00000 -11.37300 -11.16900 -10.82400 -13.05100 -13.39700 -9.89800 -9.42000 -1.29200 -0.22400 -6.06300 -2.83800 6.26600 8.73800 5.89000 2.81800 2.36000
61.00000 -8.93100 -8.72800 -8.38200 -11.58700 -10.95600 -6.96800 -6.49000 -0.80400 0.75300 -2.64500 -1.37300 6.26600 10.20300 7.84300 4.28300 5.29000
62.00000 -6.97800 -5.79800 -6.91700 -10.12200 -8.02600 -2.08500 -4.04900 -0.31500 1.24100 1.26100 0.58000 7.73100 11.66800 10.77300 7.70100 9.19600
63.00000 -5.51400 -3.35700 -6.42900 -8.16900 -6.07300 2.79700 -2.09600 -0.31500 2.21800 4.19100 3.99800 9.68400 13.13300 14.19100 13.07200 13.10200
64.00000 -4.04900 -0.91600 -6.91700 -7.19200 -4.60800 5.72700 -0.14200 0.17300 2.21800 5.16800 8.88100 12.12600 14.59800 17.12000 18.44300 16.52000
65.00000 -1.60700 1.03800 -5.94100 -6.70400 -3.63200 5.23900 1.81100 0.17300 2.70600 4.67900 14.25200 13.59000 16.06200 19.56200 22.34900 18.47300
66.00000 1.32200 3.96700 -3.01100 -6.21500 -2.65500 2.30900 4.25200 -0.31500 3.19400 4.19100 17.18100 14.07900 17.03900 21.02700 22.83700 19.93800
67.00000 5.71700 6.89700 -0.08100 -4.75100 -1.67800 -0.62100 6.20500 -0.80400 3.68200 4.67900 17.18100 13.59000 17.52700 22.00300 22.34900 20.42600
68.00000 9.13500 9.82700 2.84800 -1.82100 -0.70200 -0.62100 7.18200 -0.31500 4.17100 7.12100 16.20500 12.61400 18.01600 22.98000 20.88400 20.91500
69.00000 11.08800 11.29200 5.29000 2.08500 1.25100 3.28600 7.67000 -0.31500 5.14700 9.56200 14.74000 12.61400 18.50400 24.93300 20.88400 21.89100
70.00000 11.57600 12.75600 7.24300 5.50300 4.18100 8.65700 8.15800 1.14900 6.61200 11.51500 14.74000 12.61400 18.99200 25.90900 21.37200 22.38000
71.00000 10.11100 12.75600 8.70800 7.45600 6.13400 12.56300 9.13500 2.61400 7.58900 12.00400 15.22800 12.61400 18.99200 25.90900 20.88400 21.40300
72.00000 7.18200 11.78000 8.70800 7.45600 7.11100 13.05100 9.62300 4.56700 8.56500 10.53900 15.22800 12.12600 17.52700 23.95600 17.46600 18.47300
73.00000 4.25200 9.82700 6.75500 5.99200 5.64600 10.61000 8.15800 6.03200 7.58900 8.09700 13.27500 11.14900 14.59800 19.07300 12.58300 13.59000
74.00000 0.34600 5.92000 1.87200 2.57400 2.71600 6.70400 4.25200 6.52100 5.63600 4.67900 8.39200 9.19600 10.20300 12.23800 6.72400 7.24300
75.00000 -3.07200 1.52600 -4.96400 -1.82100 -1.67800 2.30900 -1.60700 5.54400 2.70600 0.28500 2.53300 7.24300 5.32000 4.91300 2.33000 0.89500
76.00000 -6.97800 -2.38000 -11.80000 -7.19200 -6.07300 -2.08500 -7.46700 4.07900 -0.22400 -4.59800 -2.83800 5.29000 1.41400 -1.92300 -0.60000 -3.98800
77.00000 -10.39600 -5.79800 -17.17100 -12.07500 -9.49100 -7.94500 -11.37300 1.14900 -2.66500 -10.45700 -6.25600 3.82500 -1.51600 -6.80500 -2.06500 -7.40600
78.00000 -13.81400 -7.75100 -20.10100 -15.00400 -11.93200 -14.29200 -13.32600 -1.78000 -3.64200 -15.34000 -7.72100 2.36000 -3.46900 -9.73500 -4.99500 -10.33500
79.00000 -16.74400 -9.21600 -21.56600 -16.46900 -12.90900 -19.66300 -14.30300 -3.73300 -4.13000 -19.24600 -8.69800 0.89500 -4.44500 -10.71200 -8.90100 -12.28800
80.00000 -18.20900 -10.68100 -22.05400 -16.46900 -12.42100 -20.64000 -15.76700 -6.17500 -4.13000 -19.73500 -10.16200 -1.05800 -4.93400 -10.22300 -12.80700 -13.26500
81.00000 -19.18500 -12.14600 -23.03100 -16.46900 -11.44400 -16.73400 -18.20900 -7.15100 -3.64200 -17.78200 -12.11500 -2.52300 -4.44500 -9.73500 -13.78400 -12.28800
82.00000 -19.18500 -12.63400 -23.03100 -16.95800 -9.97900 -11.36300 -20.65000 -7.64000 -2.66500 -14.36400 -13.58000 -3.49900 -3.46900 -8.27000 -12.31900 -11.31200
83.00000 -17.23200 -11.65800 -23.51900 -17.44600 -8.51400 -6.96800 -21.62700 -8.12800 -1.68900 -10.94600 -13.09200 -3.49900 -2.00400 -7.29400 -8.41300 -9.35900
84.00000 -14.79100 -9.70500 -22.54200 -17.93400 -8.51400 -5.99200 -20.16200 -8.12800 -1.20000 -8.99300 -11.13900 -2.52300 -1.02700 -6.80500 -4.50600 -7.89400
85.00000 -11.86100 -7.75100 -21.07700 -17.44600 -9.00300 -7.94500 -17.72100 -7.64000 -1.20000 -8.01600 -8.20900 -1.05800 -0.05100 -6.80500 -3.04200 -6.91700
86.00000 -8.93100 -6.28700 -18.63600 -15.98100 -9.97900 -8.92100 -14.79100 -6.17500 -1.68900 -6.55100 -6.25600 -0.08100 -0.05100 -5.82900 -3.04200 -5.94100
87.00000 -6.97800 -5.31000 -16.68300 -14.02800 -9.97900 -7.45600 -13.32600 -5.68600 -2.66500 -5.08600 -6.74400 -0.08100 -0.05100 -4.36400 -3.53000 -4.47600
88.00000 -6.00200 -3.84500 -14.73000 -13.05100 -8.02600 -3.55000 -13.32600 -6.17500 -1.68900 -2.64500 -8.20900 -0.57000 0.43700 -2.41100 -2.55300 -2.52300
89.00000 -6.49000 -1.89200 -13.26500 -12.07500 -4.60800 0.84400 -13.32600 -7.15100 -0.22400 -0.20300 -9.67400 -1.54600 1.41400 0.03100 -0.11200 -0.57000
90.00000 -6.49000 1.52600 -11.80000 -10.61000 -0.70200 3.77400 -12.83800 -8.12800 2.21800 1.75000 -9.18600 -2.52300 2.39100 1.00700 1.84100 0.89500
91.00000 -6.49000 4.45600 -11.31200 -9.14500 2.71600 3.77400 -11.37300 -8.61600 4.65900 2.72600 -6.74400 -3.49900 2.87900 1.98400 1.84100 1.38300
92.00000 -5.02500 5.43200 -11.31200 -6.70400 4.66900 2.30900 -9.42000 -8.61600 5.63600 3.21500 -4.30300 -3.49900 2.87900 2.47200 0.37600 0.89500
93.00000 -3.07200 4.94400 -10.82400 -4.75100 4.66900 0.35600 -7.95500 -7.64000 5.63600 3.70300 -2.83800 -2.52300 2.87900 2.47200 -1.08800 0.40700
94.00000 -1.11900 2.99100 -10.82400 -2.30900 3.69300 -1.10900 -6.97800 -6.17500 4.17100 3.21500 -1.86200 -1.05800 2.87900 3.44800 -1.08800 0.40700
95.00000 0.34600 2.01400 -9.35900 -1.33300 3.20400 -0.62100 -6.49000 -3.73300 3.68200 2.72600 -1.86200 0.89500 2.87900 4.42500 0.37600 0.89500
96.00000 1.32200 2.01400 -7.40600 -0.84400 3.20400 1.82100 -6.97800 -2.26800 3.19400 1.75000 -1.86200 2.36000 2.87900 4.42500 1.84100 0.40700
97.00000 2.29900 3.47900 -4.47600 -0.84400 3.20400 4.26200 -7.46700 -0.80400 3.19400 0.28500 -1.37300 2.84800 1.90200 1.98400 1.84100 -1.05800
98.00000 1.81100 5.43200 -1.54600 -1.33300 2.22800 6.70400 -7.46700 -0.31500 3.19400 -0.69200 -0.88500 2.84800 0.92600 -0.94600 -0.60000 -3.49900
99.00000 0.34600 5.92000 -0.08100 -2.79700 1.25100 6.21500 -6.97800 0.17300 2.70600 -1.66800 -1.37300 2.36000 -1.02700 -3.87600 -4.50600 -6.42900
100.00000 -2.58400 4.45600 -0.57000 -3.77400 -0.70200 3.28600 -6.49000 0.17300 1.72900 -2.64500 -3.32600 1.38300 -2.49200 -6.80500 -7.92400 -8.87000
101.00000 -6.49000 1.03800 -3.49900 -5.23900 -1.67800 -1.10900 -6.49000 -0.80400 0.75300 -4.59800 -5.28000 0.89500 -3.46900 -8.27000 -9.38900 -9.84700
102.00000 -8.93100 -3.84500 -7.40600 -5.72700 -1.19000 -5.01500 -7.95500 -1.78000 0.26400 -6.55100 -7.23300 -0.08100 -3.95700 -9.24700 -8.90100 -9.84700
103.00000 -9.90800 -7.26300 -10.33500 -6.21500 -0.21400 -6.96800 -9.42000 -2.26800 0.26400 -8.01600 -8.20900 -0.57000 -4.44500 -9.73500 -7.43600 -8.87000
104.00000 -8.93100 -8.24000 -10.82400 -6.70400 0.27500 -5.99200 -10.88500 -3.24500 -0.22400 -8.01600 -8.69800 -1.54600 -4.44500 -10.22300 -6.94800 -8.38200
105.00000 -6.49000 -6.28700 -9.84700 -7.19200 -0.21400 -5.01500 -10.88500 -3.73300 -0.71200 -7.03900 -8.69800 -2.03500 -4.44500 -10.22300 -7.92400 -8.38200
106.00000 -4.53700 -2.38000 -7.89400 -7.19200 -1.67800 -4.03800 -10.39600 -4.71000 -1.20000 -5.08600 -8.69800 -2.52300 -3.95700 -9.73500 -9.87800 -9.35900
107.00000 -4.04900 0.06100 -7.40600 -7.19200 -3.14300 -3.06200 -8.93100 -4.71000 -1.20000 -3.62100 -8.20900 -2.52300 -2.98100 -8.27000 -11.34200 -9.84700
108.00000 -4.53700 0.06100 -7.89400 -6.21500 -3.63200 -1.59700 -7.95500 -5.19800 -0.71200 -3.13300 -7.72100 -3.01100 -2.00400 -7.29400 -11.34200 -10.33500
109.00000 -5.51400 -2.38000 -9.35900 -5.72700 -2.65500 0.35600 -7.95500 -5.68600 -0.22400 -3.13300 -7.23300 -3.01100 -1.51600 -6.31700 -11.34200 -10.33500
110.00000 -6.00200 -4.33300 -10.33500 -5.23900 -0.70200 2.79700 -8.44300 -5.68600 0.26400 -3.13300 -6.25600 -3.01100 -2.00400 -5.82900 -11.34200 -10.33500
111.00000 -5.51400 -3.84500 -10.33500 -5.23900 0.27500 3.77400 -9.42000 -6.17500 -0.22400 -2.64500 -6.74400 -3.49900 -2.98100 -5.82900 -11.34200 -10.33500
112.00000 -3.56000 0.06100 -9.35900 -6.21500 -0.21400 1.33300 -11.37300 -6.17500 -1.20000 -2.15700 -8.20900 -4.96400 -2.98100 -5.34100 -11.34200 -9.84700
113.00000 -1.11900 4.45600 -9.35900 -6.70400 -2.16700 -3.06200 -13.32600 -6.66300 -1.68900 -3.13300 -11.62700 -5.94100 -2.49200 -4.85200 -11.34200 -10.33500
114.00000 0.83400 6.40900 -10.33500 -7.19200 -3.14300 -6.48000 -14.79100 -7.64000 -2.17700 -4.59800 -15.04500 -6.91700 -2.00400 -5.34100 -10.36600 -9.84700
115.00000 1.81100 5.43200 -11.80000 -7.19200 -3.14300 -7.94500 -16.25600 -8.12800 -1.68900 -7.03900 -16.99800 -7.89400 -2.98100 -5.82900 -9.87800 -10.33500
116.00000 1.32200 1.52600 -13.26500 -6.21500 -1.19000 -6.48000 -16.74400 -8.12800 -1.20000 -8.01600 -16.51000 -7.89400 -4.44500 -7.29400 -10.36600 -10.82400
117.00000 -0.14200 -2.38000 -14.24200 -5.72700 0.76300 -4.52700 -16.74400 -7.15100 -0.71200 -7.03900 -14.06900 -7.89400 -6.39900 -8.75900 -11.83100 -11.80000
118.00000 -3.07200 -3.35700 -14.24200 -4.75100 1.74000 -3.55000 -15.76700 -6.17500 -0.71200 -5.57500 -10.65100 -6.91700 -8.35200 -9.73500 -13.78400 -12.77700
119.00000 -5.02500 -1.89200 -13.75300 -3.77400 1.25100 -3.55000 -15.27900 -5.68600 -1.20000 -4.59800 -8.69800 -6.42900 -9.81600 -10.22300 -15.24900 -13.75300
120.00000 -6.49000 0.06100 -13.26500 -3.28600 0.27500 -3.55000 -14.79100 -5.19800 -1.68900 -5.57500 -9.67400 -6.42900 -9.32800 -10.71200 -15.24900 -14.24200
121.00000 -6.49000 1.03800 -12.77700 -2.79700 -0.21400 -2.08500 -14.79100 -5.19800 -1.68900 -8.01600 -12.11500 -6.91700 -9.32800 -11.68800 -14.27200 -14.73000
122.00000 -4.53700 1.03800 -12.28800 -2.79700 0.27500 -0.62100 -14.79100 -5.19800 -1.20000 -10.94600 -14.55700 -7.40600 -8.35200 -12.66500 -13.78400 -14.73000
123.00000 -2.58400 -0.42700 -10.82400 -2.30900 1.74000 -0.13200 -14.30300 -4.71000 -0.71200 -11.92200 -15.04500 -7.40600 -8.84000 -14.13000 -14.27200 -15.70600
124.00000 0.34600 -0.91600 -9.35900 -2.30900 2.71600 -0.62100 -13.32600 -4.22200 -0.22400 -10.94600 -13.58000 -6.91700 -9.32800 -14.13000 -14.76000 -16.19500
125.00000 2.29900 0.06100 -7.40600 -2.79700 2.71600 -2.08500 -11.86100 -3.73300 0.26400 -8.01600 -11.62700 -6.42900 -8.84000 -13.64100 -15.24900 -16.19500
126.00000 2.29900 2.01400 -6.42900 -3.28600 1.74000 -3.06200 -10.88500 -3.73300 0.26400 -6.06300 -10.65100 -5.94100 -8.35200 -12.17700 -15.73700 -15.70600
127.00000 1.32200 3.96700 -5.45200 -2.79700 1.25100 -3.06200 -9.90800 -3.73300 0.26400 -5.08600 -11.13900 -5.94100 -7.86300 -11.20000 -15.24900 -14.24200
128.00000 -0.63100 3.96700 -4.96400 -2.30900 0.76300 -2.57400 -9.42000 -3.73300 -0.22400 -6.06300 -11.62700 -5.45200 -7.37500 -10.71200 -14.76000 -12.77700
129.00000 -3.07200 2.99100 -4.96400 -0.84400 0.27500 -3.55000 -9.42000 -3.73300 -0.71200 -6.55100 -11.13900 -4.96400 -6.88700 -10.22300 -13.29500 -11.31200
130.00000 -4.53700 1.52600 -4.47600 0.13200 -0.21400 -4.52700 -9.42000 -3.24500 -1.20000 -7.03900 -9.18600 -3.49900 -6.39900 -9.73500 -10.85400 -10.33500
131.00000 -4.04900 1.03800 -4.96400 0.13200 -0.70200 -4.52700 -9.42000 -3.24500 -1.20000 -6.06300 -6.74400 -2.03500 -4.93400 -8.27000 -7.92400 -8.87000
132.00000 -1.60700 1.03800 -3.98800 -0.84400 -0.70200 -2.57400 -7.95500 -3.24500 -0.22400 -4.59800 -4.30300 -1.05800 -2.98100 -6.80500 -5.48300 -7.40600
133.00000 0.83400 2.01400 -2.52300 -1.82100 0.76300 1.82100 -5.51400 -3.24500 0.26400 -2.15700 -3.32600 -0.57000 -1.51600 -5.34100 -4.01800 -5.94100
134.00000 2.29900 2.01400 -0.57000 -2.79700 2.22800 5.23900 -2.58400 -3.24500 1.24100 -0.20300 -3.32600 -1.05800 -0.53900 -3.38700 -4.01800 -4.96400
135.00000 1.81100 1.52600 -0.08100 -2.79700 2.71600 6.70400 -0.63100 -2.75700 1.24100 0.77300 -3.32600 -1.54600 -0.05100 -1.92300 -4.99500 -3.98800
136.00000 -0.14200 0.06100 -2.03500 -2.30900 2.22800 4.26200 -1.11900 -1.29200 1.24100 0.77300 -2.35000 -1.54600 0.43700 -0.45800 -5.48300 -3.49900
137.00000 -2.58400 -0.42700 -5.94100 -2.30900 0.27500 -0.62100 -2.58400 -0.80400 0.75300 0.28500 -0.88500 -1.54600 0.92600 0.51900 -4.99500 -2.52300
138.00000 -4.04900 0.06100 -10.82400 -3.28600 -1.67800 -4.03800 -5.51400 -1.29200 1.24100 -0.69200 -0.39700 -1.05800 1.90200 1.49500 -2.55300 -2.03500
139.00000 -4.04900 1.52600 -13.26500 -4.75100 -2.16700 -4.03800 -7.46700 -1.78000 1.72900 -1.18000 -1.86200 -1.05800 1.90200 1.00700 -0.60000 -1.54600
140.00000 -3.07200 2.01400 -11.80000 -6.21500 -1.19000 -1.59700 -7.95500 -2.75700 2.21800 -0.69200 -3.81500 -2.03500 1.90200 0.03100 -0.60000 -2.03500
141.00000 -3.07200 0.54900 -8.87000 -6.21500 0.76300 1.33300 -8.44300 -3.73300 2.21800 0.28500 -5.76800 -3.01100 0.43700 -1.43400 -3.53000 -4.96400
142.00000 -3.56000 -2.86900 -6.42900 -6.21500 2.22800 1.82100 -8.93100 -3.73300 1.72900 0.28500 -7.72100 -4.96400 -1.02700 -3.87600 -7.92400 -8.38200
143.00000 -6.49000 -6.28700 -7.40600 -5.72700 1.74000 -1.10900 -10.39600 -3.73300 0.75300 -1.66800 -8.69800 -6.42900 -2.98100 -6.31700 -11.83100 -11.31200
144.00000 -9.42000 -8.72800 -11.80000 -6.70400 -1.19000 -5.50300 -13.32600 -3.73300 -0.71200 -5.08600 -9.67400 -6.91700 -4.44500 -8.75900 -14.27200 -13.26500
145.00000 -12.34900 -9.21600 -17.17100 -8.16900 -5.09600 -9.89800 -15.76700 -4.71000 -1.68900 -8.99300 -11.62700 -6.42900 -4.93400 -10.71200 -14.27200 -13.26500
146.00000 -13.81400 -8.24000 -19.61300 -10.12200 -8.02600 -11.36300 -17.23200 -5.19800 -2.66500 -10.45700 -14.06900 -5.45200 -4.93400 -12.17700 -13.78400 -12.77700
147.00000 -14.30300 -7.26300 -19.61300 -10.61000 -8.51400 -10.38600 -17.23200 -5.19800 -2.66500 -10.45700 -16.02200 -4.96400 -4.44500 -12.66500 -12.80700 -13.26500
148.00000 -14.79100 -7.75100 -17.66000 -10.12200 -7.05000 -8.92100 -16.25600 -4.71000 -1.68900 -9.48100 -16.02200 -3.98800 -4.44500 -12.17700 -12.31900 -13.75300
149.00000 -14.79100 -9.70500 -16.68300 -9.14500 -4.60800 -7.45600 -14.79100 -4.22200 -1.20000 -9.48100 -14.55700 -3.49900 -4.44500 -11.68800 -11.34200 -14.24200
150.00000 -14.79100 -12.14600 -17.17100 -8.16900 -2.65500 -6.96800 -14.30300 -3.73300 -1.20000 -9.96900 -12.11500 -3.01100 -4.93400 -11.20000 -10.36600 -13.75300
151.00000 -13.32600 -12.63400 -18.63600 -8.65700 -2.16700 -8.92100 -14.79100 -4.22200 -1.20000 -10.94600 -10.65100 -3.01100 -4.93400 -10.71200 -9.87800 -11.31200
152.00000 -10.88500 -10.19300 -19.12400 -10.12200 -3.63200 -10.87400 -16.25600 -5.19800 -1.20000 -10.45700 -10.65100 -3.49900 -4.44500 -10.22300 -9.87800 -9.35900
153.00000 -8.44300 -6.28700 -18.14800 -11.58700 -5.09600 -11.85100 -17.23200 -5.19800 -1.20000 -8.01600 -12.11500 -3.49900 -3.46900 -9.24700 -10.36600 -8.38200
154.00000 -7.95500 -2.86900 -17.17100 -12.07500 -6.07300 -10.38600 -16.74400 -5.68600 -0.71200 -4.59800 -12.11500 -3.01100 -1.51600 -7.29400 -10.85400 -7.89400
155.00000 -8.44300 -1.89200 -16.19500 -11.58700 -6.07300 -7.94500 -14.79100 -4.71000 0.26400 -2.15700 -9.67400 -2.52300 -0.05100 -5.34100 -9.87800 -7.89400
156.00000 -10.39600 -4.33300 -16.68300 -10.12200 -5.58500 -5.50300 -11.37300 -3.73300 0.26400 -1.66800 -6.74400 -1.54600 0.43700 -3.87600 -8.41300 -7.40600
157.00000 -12.83800 -7.75100 -16.68300 -8.65700 -4.12000 -4.52700 -7.95500 -3.24500 0.75300 -2.15700 -3.81500 -0.57000 1.41400 -2.41100 -6.46000 -5.94100
158.00000 -13.81400 -10.19300 -15.70600 -7.19200 -2.65500 -5.01500 -6.49000 -2.75700 0.75300 -2.15700 -3.81500 -1.05800 1.41400 -0.94600 -4.99500 -4.96400
159.00000 -12.34900 -9.21600 -13.26500 -5.72700 -0.70200 -5.01500 -6.49000 -3.24500 1.24100 0.28500 -4.79100 -1.54600 2.39100 1.00700 -4.01800 -3.49900
160.00000 -8.93100 -5.79800 -9.84700 -4.26200 1.25100 -3.06200 -6.49000 -3.24500 2.70600 3.21500 -5.76800 -2.03500 4.34400 3.44800 -3.04200 -1.54600
161.00000 -4.53700 -0.91600 -7.40600 -2.79700 2.22800 0.84400 -5.51400 -2.75700 4.65900 6.14400 -3.81500 -1.05800 6.78500 6.86600 -0.60000 1.38300
162.00000 -0.14200 2.99100 -5.45200 -1.82100 2.71600 4.75100 -4.53700 -1.78000 6.61200 8.09700 0.09200 0.40700 8.73800 9.79600 1.84100 4.80100
163.00000 2.29900 4.94400 -4.47600 -1.33300 2.22800 6.21500 -3.07200 0.17300 8.07700 9.07400 3.99800 2.36000 10.20300 11.74900 4.28300 7.73100
164.00000 2.78700 5.43200 -3.98800 -1.33300 0.27500 4.75100 -1.60700 1.63800 8.07700 8.58600 5.46300 3.82500 9.71500 11.74900 5.74700 8.70800
165.00000 0.83400 5.43200 -4.47600 -1.33300 -0.70200 1.33300 -1.60700 2.12600 6.61200 8.09700 3.51000 4.31300 8.73800 9.79600 5.74700 7.24300
166.00000 -3.07200 3.47900 -6.42900 -1.33300 -0.70200 -1.59700 -3.07200 2.12600 4.65900 6.14400 -0.39700 3.33700 6.29700 5.40200 5.25900 4.31300
167.00000 -6.97800 0.06100 -9.35900 -2.30900 -0.21400 -3.06200 -5.51400 0.66100 2.70600 2.23800 -3.81500 1.38300 3.36700 0.03100 3.79400 0.89500
168.00000 -10.39600 -5.31000 -13.26500 -4.75100 -0.21400 -4.52700 -8.44300 -0.80400 1.24100 -3.62100 -5.76800 -0.57000 0.43700 -5.34100 1.35300 -2.52300
169.00000 -13.32600 -11.16900 -16.19500 -7.68000 -1.67800 -7.45600 -11.37300 -3.24500 0.26400 -10.45700 -6.74400 -2.03500 -2.00400 -10.22300 -3.04200 -5.94100
170.00000 -15.76700 -15.56400 -17.66000 -10.61000 -4.60800 -12.33900 -14.30300 -4.71000 -1.20000 -16.31700 -8.20900 -4.47600 -4.44500 -13.15300 -8.41300 -9.35900
171.00000 -16.74400 -16.05200 -17.66000 -12.56300 -9.49100 -18.68700 -16.74400 -5.68600 -3.64200 -19.73500 -10.65100 -5.45200 -5.91000 -15.10600 -14.27200 -13.26500
172.00000 -16.74400 -14.09900 -17.17100 -13.54000 -12.90900 -22.59300 -17.72100 -5.68600 -5.59500 -19.73500 -12.60400 -5.94100 -7.37500 -16.57100 -17.69000 -16.19500
173.00000 -16.25600 -10.68100 -18.14800 -13.05100 -14.37400 -21.61700 -17.72100 -5.19800 -6.08300 -18.75800 -13.09200 -5.45200 -7.37500 -16.57100 -17.69000 -17.66000
174.00000 -14.30300 -8.24000 -19.61300 -12.56300 -13.39700 -15.75700 -16.74400 -4.71000 -5.59500 -16.31700 -11.62700 -4.47600 -6.88700 -16.08300 -15.24900 -17.17100
175.00000 -13.32600 -7.75100 -20.58900 -11.58700 -10.46800 -8.92100 -15.76700 -4.22200 -4.13000 -13.87500 -9.67400 -3.01100 -5.91000 -14.61800 -12.31900 -15.70600
176.00000 -12.34900 -8.72800 -19.61300 -10.12200 -7.05000 -4.03800 -14.30300 -3.73300 -2.17700 -10.94600 -9.67400 -2.52300 -5.42200 -12.66500 -11.34200 -13.75300
177.00000 -10.88500 -9.21600 -16.19500 -7.68000 -4.60800 -4.03800 -12.83800 -3.24500 -1.20000 -8.99300 -11.62700 -3.01100 -5.42200 -11.68800 -12.80700 -13.26500
178.00000 -9.42000 -8.72800 -12.28800 -5.72700 -4.12000 -7.45600 -10.88500 -2.26800 -1.20000 -7.03900 -13.09200 -3.49900 -5.91000 -10.71200 -14.27200 -12.77700
179.00000 -6.97800 -6.77500 -9.84700 -4.75100 -5.09600 -9.89800 -9.42000 -0.80400 -2.66500 -6.55100 -12.11500 -2.52300 -5.42200 -9.73500 -13.78400 -11.80000
180.00000 -4.53700 -3.35700 -8.87000 -5.23900 -6.56100 -9.41000 -7.46700 -0.31500 -3.64200 -6.55100 -7.72100 -0.08100 -3.46900 -7.78200 -10.85400 -9.35900
181.00000 -3.07200 -1.40400 -8.38200 -6.21500 -8.51400 -5.01500 -5.51400 0.17300 -3.15300 -6.06300 -1.86200 2.36000 -1.51600 -4.36400 -5.48300 -5.94100
182.00000 -2.09600 0.06100 -6.42900 -6.21500 -8.02600 -0.62100 -3.56000 0.66100 -2.66500 -5.08600 3.51000 3.82500 -0.05100 -0.94600 -1.57700 -3.01100
183.00000 -1.60700 0.54900 -3.01100 -4.75100 -5.58500 3.28600 -1.60700 0.66100 -2.17700 -3.13300 6.43900 4.31300 0.43700 1.49500 0.37600 -1.54600
184.00000 -0.63100 2.50200 1.38300 -1.33300 -1.67800 4.26200 0.83400 1.14900 -1.68900 -0.20300 6.43900 3.82500 -0.05100 2.47200 0.37600 -0.57000
185.00000 2.29900 5.92000 5.29000 2.08500 2.22800 5.23900 3.76400 2.12600 -0.71200 2.72600 5.95100 3.33700 -0.05100 2.96000 0.37600 0.40700
186.00000 5.71700 10.80300 7.24300 4.52700 5.64600 6.70400 6.69400 3.10300 0.75300 6.14400 6.92700 2.84800 0.92600 4.91300 1.84100 2.84800
187.00000 9.13500 13.73300 7.73100 5.01500 6.62200 9.14500 8.64700 4.56700 3.19400 9.07400 8.88100 3.33700 3.85500 8.33100 5.25900 6.26600
188.00000 10.11100 14.22100 7.73100 5.50300 6.13400 11.09800 9.62300 6.03200 5.63600 11.02700 10.83400 3.33700 6.78500 12.72600 8.67700 10.17300
189.00000 9.13500 12.26800 7.73100 5.50300 5.15700 11.58700 9.13500 6.52100 7.58900 12.00400 10.34500 2.36000 9.22600 15.65600 9.65400 12.12600
190.00000 6.69400 8.85000 6.26600 5.50300 4.66900 11.09800 7.18200 6.52100 8.56500 12.00400 6.92700 0.40700 9.71500 16.14400 8.18900 11.63700
191.00000 3.76400 5.92000 2.84800 4.52700 4.18100 10.12200 3.76400 5.05600 9.05400 10.05000 1.55600 -1.54600 8.73800 13.70200 4.28300 8.70800
192.00000 1.32200 4.45600 -2.03500 1.59700 4.18100 9.14500 -0.63100 3.10300 8.56500 6.63200 -4.30300 -3.98800 6.78500 9.30800 -0.11200 4.80100
193.00000 -0.63100 3.96700 -7.89400 -2.79700 3.69300 7.68000 -6.00200 0.66100 7.58900 2.72600 -7.72100 -4.96400 4.34400 5.40200 -3.53000 0.40700
194.00000 -3.07200 3.47900 -12.28800 -7.19200 2.22800 5.23900 -10.88500 -1.29200 5.63600 -1.18000 -9.18600 -4.96400 2.39100 1.98400 -4.99500 -3.01100
195.00000 -6.49000 1.52600 -14.24200 -10.12200 -0.70200 0.84400 -14.30300 -1.78000 3.68200 -3.62100 -8.20900 -4.47600 0.43700 -0.45800 -5.48300 -4.96400
196.00000 -10.39600 -1.40400 -14.24200 -11.58700 -4.60800 -4.52700 -15.27900 -1.29200 0.75300 -6.06300 -6.25600 -2.03500 -0.05100 -2.41100 -4.50600 -6.42900
197.00000 -13.81400 -4.82200 -14.24200 -11.58700 -9.00300 -10.38600 -13.81400 -0.31500 -1.20000 -8.99300 -2.83800 0.40700 0.43700 -3.87600 -2.55300 -5.94100
198.00000 -15.76700 -9.21600 -14.73000 -12.07500 -13.39700 -14.78100 -10.88500 0.17300 -2.66500 -12.41000 0.58000 3.82500 2.39100 -5.34100 0.37600 -4.96400
199.00000 -17.23200 -14.09900 -16.68300 -14.02800 -17.30300 -16.73400 -8.44300 0.66100 -2.66500 -16.80500 3.99800 7.24300 4.83200 -5.82900 3.79400 -2.52300
200.00000 -18.20900 -18.00500 -19.12400 -15.49300 -18.76800 -15.75700 -7.95500 0.17300 -1.68900 -19.24600 6.43900 10.17300 7.27300 -5.34100 6.23600 0.40700
201.00000 -18.69700 -19.95800 -20.10100 -16.46900 -18.28000 -13.31600 -8.93100 -0.31500 -0.22400 -19.24600 7.41600 11.14900 8.73800 -3.87600 7.70100 2.36000
202.00000 -18.69700 -18.98200 -20.58900 -16.46900 -15.35000 -9.89800 -10.39600 -0.80400 0.75300 -16.31700 5.95100 10.66100 8.73800 -2.89900 6.72400 2.84800
203.00000 -17.23200 -15.07600 -20.10100 -15.49300 -11.44400 -7.45600 -11.86100 -1.78000 1.24100 -12.89900 3.02100 8.70800 8.25000 -1.92300 4.28300 1.87200
204.00000 -14.79100 -10.19300 -19.61300 -14.02800 -8.51400 -6.48000 -12.34900 -2.26800 0.75300 -9.48100 0.58000 6.26600 6.29700 -1.92300 2.33000 -0.57000
205.00000 -12.83800 -6.77500 -18.63600 -12.56300 -7.05000 -6.96800 -11.86100 -2.75700 -0.71200 -8.01600 -1.37300 3.82500 3.85500 -2.89900 -0.11200 -2.52300
206.00000 -11.37300 -4.82200 -16.68300 -10.61000 -6.56100 -7.94500 -11.37300 -2.26800 -2.17700 -8.50400 -2.35000 1.87200 0.92600 -3.38700 -2.06500 -4.47600
207.00000 -9.90800 -4.33300 -13.26500 -7.68000 -7.05000 -8.43300 -10.39600 -1.29200 -3.15300 -9.48100 -1.86200 1.38300 -1.51600 -4.36400 -3.53000 -5.45200
208.00000 -8.44300 -3.84500 -8.87000 -4.75100 -5.58500 -6.48000 -8.93100 -0.31500 -3.15300 -8.99300 -0.88500 1.38300 -3.46900 -3.87600 -4.01800 -5.45200
209.00000 -5.51400 -2.38000 -4.96400 -2.79700 -3.14300 -2.08500 -6.97800 0.66100 -1.68900 -7.03900 0.58000 1.87200 -3.46900 -2.41100 -3.53000 -3.98800
210.00000 -2.09600 0.06100 -3.49900 -2.79700 0.76300 2.79700 -5.02500 0.66100 0.75300 -3.13300 1.55600 1.87200 -1.51600 -0.45800 -1.57700 -1.54600
211.00000 0.34600 2.99100 -3.49900 -3.28600 3.69300 5.72700 -4.04900 0.17300 4.17100 1.26100 2.53300 1.87200 0.43700 1.98400 1.35300 0.40700
212.00000 1.81100 5.43200 -4.47600 -4.26200 4.18100 5.72700 -3.56000 -0.80400 6.12400 4.67900 3.02100 1.38300 2.87900 3.93700 2.81800 2.36000
213.00000 2.29900 6.89700 -5.45200 -4.26200 3.20400 4.26200 -4.04900 -1.29200 7.58900 7.12100 3.02100 0.40700 3.85500 5.40200 3.30600 3.33700
214.00000 1.81100 7.38500 -4.47600 -2.30900 1.25100 2.79700 -4.53700 -1.29200 8.07700 8.09700 1.55600 -0.57000 3.36700 6.37800 3.30600 3.33700
215.00000 1.32200 7.38500 -3.98800 -0.35600 0.76300 3.77400 -5.02500 -1.29200 8.56500 7.60900 -0.88500 -2.03500 2.39100 6.86600 2.81800 2.84800
216.00000 0.34600 6.40900 -3.98800 1.10900 2.22800 7.19200 -5.51400 -0.80400 8.56500 6.14400 -2.83800 -3.01100 0.92600 6.37800 2.33000 1.87200
217.00000 -0.14200 4.94400 -5.45200 1.59700 4.66900 9.63300 -6.00200 -0.31500 8.07700 4.19100 -4.79100 -4.47600 -0.53900 5.89000 0.86500 0.40700
218.00000 -1.60700 3.47900 -7.40600 1.10900 6.13400 9.14500 -7.46700 -0.31500 7.10000 2.23800 -5.76800 -5.94100 -1.51600 4.42500 -1.57700 -1.05800
219.00000 -3.07200 2.01400 -9.84700 -0.84400 5.64600 5.72700 -8.93100 -0.80400 5.14700 -0.69200 -6.74400 -6.91700 -2.00400 2.96000 -4.99500 -2.03500
220.00000 -4.53700 -0.42700 -11.31200 -2.79700 2.71600 0.35600 -10.88500 -0.80400 3.19400 -3.62100 -8.20900 -7.89400 -2.98100 1.49500 -6.94800 -3.01100
221.00000 -6.00200 -4.33300 -12.28800 -5.23900 -1.67800 -4.52700 -12.83800 -0.80400 1.72900 -6.55100 -9.67400 -7.89400 -2.49200 -0.45800 -7.43600 -3.01100
222.00000 -8.44300 -8.72800 -13.75300 -7.68000 -5.58500 -7.94500 -14.79100 -0.80400 0.26400 -8.99300 -11.62700 -6.42900 -2.00400 -1.92300 -5.97100 -2.52300
223.00000 -10.88500 -11.65800 -15.70600 -9.63300 -8.51400 -9.41000 -15.76700 -0.80400 -0.22400 -10.94600 -12.11500 -4.47600 -1.02700 -1.92300 -3.04200 -1.54600
224.00000 -13.32600 -11.65800 -17.66000 -10.61000 -9.97900 -9.89800 -15.76700 -1.29200 -0.22400 -11.92200 -9.67400 -1.54600 0.43700 -0.94600 -1.08800 -0.57000
225.00000 -14.30300 -8.24000 -19.12400 -10.61000 -9.49100 -8.92100 -14.30300 -1.78000 0.26400 -10.94600 -5.76800 1.38300 2.87900 1.00700 0.86500 0.40700
226.00000 -12.83800 -3.84500 -18.63600 -9.63300 -8.02600 -6.48000 -11.37300 -1.78000 1.24100 -8.50400 -1.37300 3.82500 5.32000 3.93700 2.33000 2.36000
227.00000 -9.90800 -1.40400 -16.19500 -8.16900 -5.58500 -3.06200 -9.42000 -2.26800 1.72900 -5.08600 1.55600 5.29000 7.27300 5.89000 3.79400 3.82500
228.00000 -6.97800 -1.40400 -12.28800 -6.70400 -3.14300 -0.62100 -7.95500 -2.26800 2.70600 -1.66800 3.51000 5.77800 7.27300 6.37800 5.25900 3.82500
229.00000 -5.51400 -3.35700 -9.84700 -5.23900 -1.67800 -0.13200 -8.44300 -2.26800 2.70600 -0.20300 3.99800 4.80100 5.80900 4.91300 5.25900 3.33700
230.00000 -5.51400 -5.31000 -9.35900 -4.75100 -2.16700 -2.57400 -9.42000 -2.26800 1.72900 -2.15700 3.99800 3.33700 3.85500 2.47200 3.30600 1.38300
231.00000 -6.49000 -5.31000 -10.82400 -4.75100 -4.12000 -5.99200 -9.42000 -1.29200 0.75300 -6.06300 3.02100 1.87200 1.41400 0.03100 0.86500 -0.57000
232.00000 -6.00200 -3.84500 -12.28800 -4.75100 -6.07300 -7.94500 -8.44300 -0.31500 -0.22400 -9.48100 1.55600 0.89500 -0.05100 -1.43400 -1.57700 -1.54600
233.00000 -5.02500 -1.40400 -12.28800 -4.26200 -6.07300 -6.96800 -6.49000 0.66100 -0.71200 -10.94600 0.09200 -0.57000 -1.02700 -1.92300 -1.57700 -1.54600
234.00000 -4.04900 -0.42700 -10.82400 -3.28600 -4.60800 -4.03800 -5.51400 1.14900 -0.22400 -9.96900 -2.83800 -1.05800 -1.51600 -1.43400 -1.08800 -1.05800
235.00000 -4.53700 -1.89200 -8.87000 -2.79700 -1.67800 -1.59700 -5.51400 1.63800 0.75300 -7.52800 -4.79100 -1.54600 -2.00400 -1.43400 -0.60000 -0.57000
236.00000 -6.49000 -3.35700 -8.87000 -2.79700 -0.21400 -1.59700 -7.46700 1.14900 0.75300 -6.55100 -6.25600 -1.54600 -2.49200 -2.41100 -1.57700 -0.57000
237.00000 -8.44300 -4.82200 -11.31200 -3.77400 -0.70200 -3.55000 -10.39600 1.14900 0.75300 -7.52800 -6.25600 -1.05800 -2.49200 -3.87600 -3.04200 -1.54600
238.00000 -9.42000 -4.33300 -14.24200 -5.72700 -3.14300 -5.99200 -12.34900 1.14900 -0.22400 -9.96900 -5.28000 -0.08100 -1.51600 -4.85200 -4.50600 -3.98800
239.00000 -8.44300 -3.84500 -16.19500 -7.19200 -5.58500 -7.45600 -12.83800 1.14900 -0.22400 -10.94600 -3.81500 0.89500 -0.05100 -4.85200 -4.50600 -5.94100
240.00000 -6.97800 -3.84500 -15.70600 -8.16900 -6.56100 -6.96800 -11.37300 1.63800 0.75300 -9.48100 -1.86200 1.87200 0.92600 -4.36400 -3.04200 -7.40600
241.00000 -6.00200 -4.82200 -13.75300 -8.16900 -6.07300 -6.48000 -9.42000 1.14900 1.24100 -7.03900 -1.37300 2.36000 0.92600 -3.38700 -2.55300 -7.40600
242.00000 -7.46700 -6.28700 -13.26500 -8.16900 -4.60800 -5.99200 -7.95500 0.66100 1.72900 -4.59800 -0.88500 2.36000 0.43700 -2.41100 -2.06500 -5.94100
243.00000 -10.88500 -7.26300 -15.70600 -8.16900 -3.63200 -5.99200 -8.44300 -0.31500 0.75300 -5.08600 -1.86200 1.87200 -1.02700 -3.38700 -2.55300 -3.98800
244.00000 -14.79100 -8.72800 -19.61300 -9.63300 -4.12000 -6.48000 -9.90800 -1.29200 -0.71200 -8.01600 -3.32600 0.89500 -2.98100 -4.36400 -3.04200 -2.52300
245.00000 -17.72100 -8.72800 -22.54200 -11.58700 -5.58500 -6.96800 -11.37300 -2.26800 -2.66500 -11.43400 -4.79100 0.40700 -3.95700 -6.80500 -3.04200 -2.52300
246.00000 -17.23200 -9.21600 -21.56600 -12.07500 -6.56100 -7.45600 -12.34900 -2.26800 -3.15300 -13.87500 -5.76800 -0.57000 -4.93400 -8.27000 -2.06500 -3.98800
247.00000 -14.79100 -8.72800 -16.68300 -11.58700 -7.53800 -8.92100 -11.86100 -2.75700 -3.64200 -14.36400 -6.74400 -1.05800 -5.91000 -9.24700 -1.57700 -6.42900
248.00000 -10.88500 -7.26300 -9.84700 -9.14500 -7.53800 -10.87400 -11.37300 -2.26800 -3.15300 -12.89900 -7.23300 -1.54600 -6.39900 -8.75900 -1.57700 -7.40600
249.00000 -6.49000 -5.31000 -4.96400 -6.21500 -7.53800 -11.85100 -9.90800 -1.78000 -2.66500 -10.94600 -7.72100 -2.03500 -5.91000 -7.29400 -2.55300 -6.91700
250.00000 -3.07200 -2.38000 -3.01100 -3.28600 -7.05000 -9.89800 -8.93100 -1.78000 -1.68900 -9.48100 -7.72100 -2.52300 -4.93400 -4.85200 -4.01800 -4.96400
251.00000 -1.11900 0.06100 -3.98800 -0.84400 -6.56100 -5.50300 -7.46700 -1.78000 -1.20000 -7.52800 -6.74400 -2.52300 -2.00400 -2.41100 -4.50600 -2.52300
252.00000 -0.63100 0.06100 -5.94100 0.13200 -4.60800 -0.62100 -6.00200 -1.78000 0.26400 -4.59800 -4.30300 -1.05800 0.92600 0.51900 -4.50600 -0.08100
253.00000 -1.60700 -1.40400 -6.42900 -0.35600 -1.67800 1.82100 -4.53700 -1.78000 1.72900 -2.15700 -0.88500 0.89500 4.83200 2.96000 -2.55300 1.87200
254.00000 -3.56000 -3.35700 -5.94100 -1.33300 0.27500 0.35600 -3.56000 -1.29200 3.19400 -1.18000 1.55600 2.84800 7.27300 4.42500 -0.11200 3.33700
255.00000 -6.00200 -5.79800 -5.94100 -3.28600 0.27500 -3.55000 -3.56000 -0.80400 3.68200 -2.15700 3.02100 4.80100 8.25000 4.42500 2.33000 3.82500
256.00000 -8.44300 -6.77500 -6.91700 -5.23900 -2.16700 -7.94500 -4.53700 0.17300 2.70600 -5.08600 2.53300 5.77800 7.27300 3.44800 3.79400 4.80100
