1.00000 0.75300 -0.72200 1.65800 1.85100 -0.87500 -3.44800 0.20300 -5.99200 -0.37600 -3.94700 -14.54700 -11.62700 -7.65000 -10.92500 -12.67500 -11.11900
2.00000 -0.22400 -2.67500 0.19300 0.87500 -0.38700 -3.93700 0.20300 -5.50300 0.60000 -4.43500 -13.57000 -9.18600 -5.69700 -9.94900 -10.72200 -9.65400
3.00000 -0.71200 -3.16400 -0.78300 0.38700 -0.38700 -2.96000 -3.70300 -4.03800 1.08800 -4.43500 -11.12900 -6.25600 -3.74300 -7.99600 -8.28000 -7.70100
4.00000 -1.20000 -2.67500 -0.78300 0.38700 -0.38700 -2.47200 -8.09700 -2.08500 1.08800 -4.43500 -8.68700 -3.81500 -2.27900 -6.53100 -6.81600 -6.72400
5.00000 -1.20000 -1.69900 -0.78300 0.38700 -1.36300 -2.47200 -10.53900 -0.13200 0.60000 -4.43500 -6.73400 -0.88500 -1.79000 -5.55400 -5.83900 -6.72400
6.00000 -1.20000 -2.18700 -0.78300 0.38700 -3.80500 -4.42500 -8.58600 1.33300 0.11200 -4.92400 -3.80500 1.06800 -1.30200 -5.06600 -4.86200 -6.23600
7.00000 -1.68900 -3.16400 -1.27200 -0.10200 -5.26900 -6.86600 -2.72600 2.30900 -0.86500 -5.90000 -1.36300 3.51000 -0.32600 -3.60100 -3.39800 -5.25900
8.00000 -2.66500 -4.62800 -1.76000 -1.56700 -7.22200 -8.82000 2.64500 2.30900 -1.35300 -6.38800 1.07800 5.46300 1.13900 -2.62500 -0.95600 -3.30600
9.00000 -3.64200 -6.09300 -2.73600 -3.03100 -8.19900 -10.28400 4.59800 1.33300 -1.35300 -5.90000 3.52000 6.92700 3.09200 -1.16000 1.48500 -0.37600
10.00000 -4.61800 -7.07000 -3.71300 -4.00800 -8.68700 -9.79600 1.66800 0.84400 -1.84100 -4.92400 4.00800 6.92700 4.06900 0.30500 2.46200 1.57700
11.00000 -5.59500 -7.07000 -4.69000 -4.98500 -7.71100 -8.82000 -2.23800 -0.13200 -1.84100 -3.45900 3.52000 5.95100 4.06900 1.28200 2.95000 2.55300
12.00000 -5.59500 -5.60500 -5.66600 -5.47300 -6.73400 -6.86600 -4.67900 -0.62100 -1.84100 -2.48200 2.54300 3.99800 3.09200 1.28200 1.97300 2.06500
13.00000 -5.10700 -4.14000 -6.15400 -4.98500 -4.78100 -5.40200 -4.19100 -1.10900 -2.81800 -2.48200 1.07800 2.04500 2.11600 1.28200 0.50900 1.08800
14.00000 -3.15300 -2.18700 -5.17800 -4.00800 -2.82800 -3.44800 -2.23800 -1.10900 -3.30600 -2.48200 0.10200 0.58000 0.65100 1.28200 -0.46800 0.11200
15.00000 -0.22400 -0.23400 -2.73600 -2.05500 -0.87500 -1.00700 -1.75000 -0.62100 -3.79400 -2.97000 0.59000 -0.39700 -0.32600 1.28200 -0.95600 -0.86500
16.00000 3.68200 2.20700 1.65800 0.38700 1.07800 0.94600 -2.72600 0.84400 -3.79400 -2.48200 1.07800 -0.39700 -1.30200 1.28200 -1.44400 -1.35300
17.00000 7.10000 4.64900 6.54100 4.29300 2.05500 2.89900 -3.21500 2.79700 -4.28300 -1.50600 1.56700 -0.39700 -2.27900 0.79300 -1.93300 -1.84100
18.00000 10.51800 7.57900 10.93500 7.71100 3.52000 4.36400 -0.28500 4.26200 -4.77100 -0.52900 1.56700 -0.39700 -3.25500 0.30500 -2.90900 -2.33000
19.00000 12.47200 10.50800 13.86500 10.64000 4.98500 5.34100 6.06300 5.72700 -4.77100 0.44800 1.07800 -0.88500 -4.23200 -0.67100 -3.39800 -2.33000
20.00000 13.93600 12.46100 14.84200 12.59400 5.96100 6.31700 13.87500 5.72700 -4.77100 0.44800 0.59000 -0.88500 -5.20800 -1.16000 -3.88600 -2.33000
21.00000 14.42500 13.43800 14.35300 12.59400 6.44900 7.29400 17.29300 4.75100 -4.28300 0.44800 0.10200 -1.37300 -5.20800 -1.64800 -3.88600 -2.33000
22.00000 13.44800 13.43800 12.40000 11.61700 6.93800 8.75900 15.34000 2.79700 -2.81800 1.42400 0.10200 -1.86200 -4.72000 -1.16000 -3.39800 -2.33000
23.00000 12.47200 12.46100 10.44700 9.17600 7.42600 9.24700 8.99300 0.84400 -0.37600 2.88900 0.59000 -2.83800 -3.25500 -0.67100 -3.39800 -2.33000
24.00000 11.00700 11.48500 8.98200 7.22200 7.42600 9.73500 2.64500 -0.62100 2.06500 4.35400 0.59000 -2.83800 -1.79000 -0.18300 -2.90900 -2.33000
25.00000 10.51800 10.99700 8.49400 6.24600 6.93800 8.75900 0.69200 -1.59700 3.53000 5.81900 0.59000 -2.83800 -0.81400 -0.67100 -3.39800 -3.30600
26.00000 10.51800 10.50800 9.47100 5.75800 6.44900 7.29400 3.13300 -0.62100 4.50600 5.33000 0.59000 -1.86200 -0.81400 -1.16000 -3.39800 -4.28300
27.00000 10.51800 9.53200 10.44700 6.24600 5.47300 6.31700 7.52800 0.84400 4.01800 3.86600 -0.38700 -0.39700 -1.79000 -3.11300 -4.37400 -5.74700
28.00000 11.00700 9.04300 10.93500 7.22200 4.00800 5.34100 8.99300 2.30900 2.55300 1.91200 -1.85100 -0.39700 -3.74300 -5.06600 -5.83900 -8.18900
29.00000 10.03000 7.57900 10.44700 7.71100 2.54300 3.87600 6.55100 3.77400 1.57700 -1.01700 -2.82800 -0.88500 -5.20800 -7.01900 -7.79200 -10.14200
30.00000 7.10000 4.64900 7.51700 6.73400 1.07800 1.43400 1.18000 3.28600 0.11200 -2.97000 -4.29300 -1.86200 -6.18500 -8.97200 -9.74500 -12.09500
31.00000 2.70600 1.23100 2.63500 4.29300 0.10200 -1.49500 -4.67900 1.82100 -0.86500 -5.90000 -5.75800 -3.32600 -6.18500 -9.46000 -11.69800 -14.04800
32.00000 -2.66500 -3.16400 -2.73600 0.87500 -1.36300 -5.89000 -7.60900 -0.13200 -1.35300 -8.34100 -7.22200 -4.30300 -6.18500 -9.94900 -12.67500 -14.53700
33.00000 -7.06000 -7.55800 -7.13100 -2.54300 -3.31600 -9.30800 -8.58600 -1.59700 -1.35300 -11.27100 -8.68700 -4.79100 -5.20800 -10.43700 -13.16300 -14.53700
34.00000 -8.52500 -10.00000 -9.57200 -4.98500 -4.78100 -11.26100 -8.58600 -3.06200 -0.86500 -13.22400 -10.15200 -4.79100 -3.74300 -10.43700 -13.65200 -14.04800
35.00000 -8.03600 -10.00000 -9.08400 -5.47300 -5.75800 -10.77300 -9.07400 -3.06200 -0.86500 -13.22400 -11.12900 -4.79100 -2.27900 -10.43700 -13.65200 -13.56000
36.00000 -5.10700 -7.55800 -6.64300 -4.49600 -5.26900 -8.33100 -10.53900 -2.57400 -0.37600 -11.75900 -11.61700 -4.79100 -1.79000 -10.92500 -14.62800 -13.56000
37.00000 -1.20000 -4.14000 -3.71300 -2.05500 -3.31600 -4.91300 -11.02700 -2.08500 -0.37600 -8.83000 -11.12900 -5.76800 -2.27900 -10.43700 -15.11600 -13.56000
38.00000 1.24100 -0.72200 -0.78300 0.87500 -1.36300 -1.98400 -11.02700 -1.59700 -0.37600 -6.87700 -10.15200 -6.74400 -3.25500 -10.43700 -15.60500 -14.04800
39.00000 2.70600 1.23100 0.68200 2.82800 0.10200 -1.00700 -10.53900 -1.10900 -1.35300 -6.38800 -9.66400 -7.72100 -4.72000 -9.94900 -16.58100 -14.53700
40.00000 3.19400 1.71900 0.68200 3.80500 1.07800 -1.00700 -9.56200 -0.62100 -2.81800 -6.87700 -10.64000 -8.69800 -5.69700 -10.43700 -17.55800 -15.51300
41.00000 3.68200 1.71900 0.68200 3.80500 0.59000 -2.47200 -7.12100 -1.10900 -3.79400 -8.34100 -12.10500 -9.18600 -6.67300 -10.92500 -17.55800 -15.51300
42.00000 4.17100 1.23100 0.68200 3.31600 -0.38700 -3.44800 -4.19100 -1.59700 -4.77100 -8.83000 -13.08200 -9.67400 -6.67300 -11.41400 -17.55800 -15.02500
43.00000 4.17100 1.23100 1.17000 2.34000 -0.87500 -3.44800 -0.28500 -2.08500 -5.25900 -7.36500 -13.08200 -9.18600 -5.69700 -10.92500 -16.58100 -14.04800
44.00000 4.65900 2.20700 1.65800 1.36300 -0.87500 -2.47200 3.13300 -2.08500 -5.25900 -4.92400 -11.61700 -8.69800 -4.72000 -9.46000 -14.62800 -12.58300
45.00000 5.14700 3.67200 2.63500 1.85100 0.59000 0.45800 3.62100 -2.57400 -4.77100 -1.99400 -9.66400 -7.23300 -3.74300 -7.01900 -12.67500 -10.14200
46.00000 6.12400 6.11400 4.58800 2.34000 2.54300 4.36400 2.15700 -2.08500 -3.79400 0.44800 -7.71100 -6.25600 -3.25500 -5.06600 -10.72200 -8.18900
47.00000 8.07700 9.04300 6.54100 4.29300 5.47300 9.24700 0.69200 -1.59700 -2.33000 1.91200 -7.22200 -5.76800 -2.76700 -4.08900 -9.74500 -7.21200
48.00000 10.51800 11.97300 8.98200 6.73400 8.40300 13.15300 0.69200 -0.62100 -0.37600 2.88900 -7.22200 -5.76800 -2.76700 -4.08900 -9.25700 -7.21200
49.00000 13.44800 14.41400 10.93500 8.68700 10.35600 15.59400 3.13300 -0.13200 0.60000 3.86600 -7.71100 -5.76800 -3.25500 -4.08900 -9.25700 -7.21200
50.00000 14.91300 15.39100 12.88900 10.15200 11.33200 16.57100 6.06300 -0.13200 1.57700 4.35400 -7.71100 -5.76800 -3.25500 -4.08900 -8.76900 -7.21200
51.00000 15.88900 14.41400 13.86500 10.64000 10.84400 14.61800 7.03900 -0.13200 1.57700 4.84200 -6.73400 -5.28000 -3.25500 -3.60100 -7.79200 -6.23600
52.00000 14.91300 12.46100 13.37700 10.64000 9.37900 11.68800 5.57500 -0.13200 1.57700 4.84200 -5.26900 -4.30300 -2.76700 -2.62500 -6.32700 -5.25900
53.00000 12.47200 9.53200 11.42400 9.66400 6.93800 8.27000 3.13300 -0.13200 1.57700 3.37700 -4.29300 -3.32600 -2.76700 -2.13600 -5.83900 -4.28300
54.00000 9.05400 7.09000 8.49400 7.71100 4.98500 5.82900 1.18000 0.84400 1.08800 1.91200 -3.31600 -2.35000 -2.76700 -2.62500 -5.35100 -4.77100
55.00000 5.63600 5.13700 5.56400 6.24600 3.52000 4.85200 0.69200 1.33300 1.08800 -0.04100 -2.82800 -1.86200 -2.76700 -4.08900 -5.35100 -5.25900
56.00000 2.70600 3.67200 2.63500 4.29300 2.05500 4.85200 0.20300 1.82100 1.08800 -1.50600 -3.31600 -1.37300 -2.76700 -5.55400 -5.83900 -6.72400
57.00000 1.72900 3.18400 0.68200 2.34000 1.56700 5.34100 -0.77300 1.82100 1.08800 -2.97000 -4.78100 -1.86200 -2.76700 -6.53100 -6.81600 -7.70100
58.00000 1.72900 3.67200 -0.29500 1.85100 2.05500 5.34100 -3.70300 1.33300 1.08800 -3.45900 -6.24600 -2.35000 -2.27900 -7.01900 -7.79200 -8.18900
59.00000 3.19400 4.16100 -0.29500 1.85100 2.05500 4.85200 -6.14400 0.84400 0.60000 -4.43500 -7.71100 -2.35000 -1.79000 -7.50700 -8.76900 -8.18900
60.00000 5.14700 5.13700 -0.29500 2.34000 2.05500 3.87600 -8.09700 0.84400 0.11200 -4.92400 -8.68700 -2.35000 -2.27900 -7.50700 -9.25700 -8.67700
61.00000 5.63600 4.64900 -0.78300 2.82800 1.56700 1.43400 -8.58600 0.84400 -0.86500 -6.38800 -8.68700 -2.35000 -2.27900 -8.48400 -9.74500 -9.16500
62.00000 4.65900 3.18400 -1.27200 2.82800 0.10200 -1.49500 -9.07400 0.84400 -2.33000 -8.34100 -9.17600 -2.35000 -3.74300 -8.97200 -9.74500 -9.65400
63.00000 2.21800 0.74300 -2.24800 2.34000 -2.34000 -4.42500 -11.02700 0.84400 -4.28300 -11.27100 -9.17600 -2.83800 -4.72000 -9.94900 -10.23400 -10.63000
64.00000 0.26400 -2.18700 -3.71300 1.36300 -5.26900 -7.35500 -13.95700 -0.13200 -5.74700 -14.20100 -9.66400 -2.83800 -5.69700 -10.43700 -10.23400 -10.63000
65.00000 -0.71200 -3.16400 -4.69000 0.38700 -6.24600 -8.33100 -15.91000 -1.10900 -7.21200 -16.15400 -9.17600 -2.83800 -5.69700 -10.92500 -10.23400 -10.63000
66.00000 -0.22400 -2.67500 -5.17800 -0.10200 -6.24600 -8.33100 -13.46800 -2.08500 -7.21200 -16.15400 -7.71100 -2.35000 -5.20800 -10.43700 -9.25700 -9.65400
67.00000 1.72900 -0.72200 -5.17800 -0.59000 -5.26900 -6.86600 -6.63200 -2.57400 -6.72400 -13.71300 -5.75800 -1.37300 -4.23200 -9.46000 -7.79200 -8.67700
68.00000 3.68200 1.71900 -5.17800 -0.59000 -2.82800 -4.42500 0.69200 -2.57400 -5.25900 -10.29500 -3.80500 -0.88500 -2.76700 -7.50700 -6.32700 -7.21200
69.00000 3.68200 3.67200 -4.69000 -0.10200 -0.87500 -1.98400 4.11000 -2.57400 -4.28300 -7.36500 -2.34000 -0.39700 -1.79000 -5.55400 -5.35100 -5.74700
70.00000 4.17100 4.64900 -3.71300 0.38700 0.10200 0.45800 2.15700 -2.57400 -3.79400 -5.90000 -1.85100 0.09200 -1.30200 -4.08900 -4.86200 -5.25900
71.00000 4.65900 5.13700 -2.73600 0.87500 0.10200 1.43400 -2.72600 -2.57400 -3.30600 -5.41200 -2.34000 0.09200 -0.81400 -3.60100 -4.86200 -5.25900
72.00000 5.14700 5.62500 -0.78300 0.87500 -0.87500 1.43400 -6.14400 -2.08500 -3.30600 -5.41200 -2.34000 0.58000 -1.30200 -3.60100 -4.86200 -5.25900
73.00000 5.14700 5.13700 0.68200 1.36300 -1.36300 0.94600 -4.67900 -1.59700 -3.30600 -4.43500 -2.34000 0.58000 -1.30200 -3.60100 -4.37400 -5.25900
74.00000 5.14700 4.16100 1.17000 0.87500 -1.85100 0.45800 0.69200 -1.10900 -3.30600 -3.45900 -1.36300 1.06800 -1.79000 -3.11300 -4.37400 -5.25900
75.00000 4.17100 2.69600 0.68200 0.38700 -1.85100 0.45800 5.57500 -0.62100 -2.81800 -2.48200 -0.87500 0.58000 -1.30200 -2.13600 -3.88600 -5.25900
76.00000 3.19400 2.20700 -0.29500 0.38700 -1.36300 0.45800 5.57500 -0.62100 -1.84100 -1.50600 -0.38700 0.09200 -1.30200 -1.64800 -4.37400 -4.77100
77.00000 3.68200 2.69600 -0.78300 0.38700 -0.38700 1.43400 2.15700 -0.62100 -0.86500 -1.50600 0.10200 -0.88500 -0.81400 -1.16000 -4.86200 -4.77100
78.00000 4.65900 4.16100 -0.78300 1.36300 0.10200 2.41100 -1.75000 -0.13200 -0.37600 -1.01700 -0.38700 -0.88500 -0.81400 -1.16000 -5.35100 -5.25900
79.00000 6.61200 6.11400 0.68200 2.82800 0.59000 2.89900 -2.23800 0.84400 0.11200 -1.01700 -0.38700 0.09200 -0.32600 -1.16000 -5.83900 -5.74700
80.00000 7.58900 6.60200 2.14600 3.31600 0.10200 2.89900 1.18000 2.30900 -0.37600 -0.52900 -0.38700 1.55600 -0.81400 -1.16000 -5.83900 -5.74700
81.00000 7.10000 6.11400 2.63500 3.80500 -0.38700 1.92300 5.57500 3.28600 -1.35300 -1.01700 -0.38700 3.02100 -0.81400 -0.67100 -5.35100 -5.25900
82.00000 5.63600 3.67200 2.63500 2.82800 -1.85100 -0.51900 7.03900 4.26200 -2.33000 -1.99400 0.10200 3.99800 -0.32600 -0.67100 -4.37400 -5.25900
83.00000 4.17100 2.20700 2.14600 2.34000 -2.82800 -2.96000 4.11000 3.77400 -2.81800 -3.45900 0.59000 3.99800 -0.32600 -1.16000 -3.88600 -4.28300
84.00000 4.17100 1.23100 2.14600 1.85100 -3.80500 -4.91300 -0.77300 3.28600 -3.30600 -4.43500 1.56700 4.48600 0.16300 -1.64800 -3.88600 -3.79400
85.00000 5.63600 2.20700 2.63500 2.34000 -4.29300 -5.89000 -3.70300 3.28600 -3.30600 -4.43500 2.54300 4.48600 0.65100 -1.64800 -2.90900 -3.30600
86.00000 7.58900 3.67200 3.61100 2.34000 -4.78100 -5.40200 -0.77300 2.79700 -2.81800 -3.45900 3.03100 4.48600 1.62800 -1.16000 -2.42100 -2.81800
87.00000 9.05400 5.13700 4.58800 2.82800 -5.26900 -4.42500 5.57500 3.28600 -2.33000 -1.99400 3.03100 4.48600 2.60400 -0.18300 -1.93300 -1.84100
88.00000 9.05400 5.62500 4.58800 2.82800 -4.29300 -2.96000 12.41000 3.28600 -2.33000 -1.01700 3.03100 4.48600 3.58100 -0.18300 -0.95600 -1.35300
89.00000 8.56500 5.62500 4.58800 1.85100 -2.82800 -1.98400 15.34000 3.28600 -2.33000 -1.50600 3.03100 3.99800 3.09200 -0.67100 -1.44400 -1.35300
90.00000 8.07700 6.11400 4.10000 1.85100 -1.85100 -1.00700 12.89900 3.28600 -2.81800 -2.97000 3.03100 3.51000 1.62800 -2.62500 -1.93300 -2.81800
91.00000 7.58900 5.62500 3.61100 1.85100 -0.87500 -1.00700 7.52800 3.77400 -3.30600 -4.92400 3.03100 3.51000 0.16300 -5.06600 -2.90900 -4.28300
92.00000 7.10000 5.62500 3.61100 2.34000 -0.87500 -1.00700 3.13300 3.77400 -3.79400 -6.38800 4.00800 3.99800 -0.81400 -6.53100 -2.90900 -5.25900
93.00000 7.10000 4.64900 4.10000 2.82800 -0.87500 -1.98400 2.15700 3.77400 -3.79400 -6.87700 4.49600 4.97400 -0.81400 -6.04200 -1.44400 -4.28300
94.00000 7.10000 4.16100 3.61100 3.31600 -1.36300 -2.47200 4.11000 4.26200 -3.30600 -6.38800 5.47300 5.46300 0.16300 -4.57800 0.99700 -2.33000
95.00000 7.58900 4.64900 3.61100 3.31600 -1.36300 -2.96000 6.55100 3.77400 -2.33000 -5.90000 6.44900 5.95100 1.13900 -2.62500 2.95000 0.11200
96.00000 8.07700 5.62500 3.61100 2.82800 -0.38700 -2.47200 7.52800 3.28600 -1.84100 -5.41200 6.44900 5.95100 2.11600 -1.64800 3.92700 1.08800
97.00000 9.05400 7.09000 3.61100 2.34000 1.07800 -1.49500 6.55100 2.30900 -1.84100 -4.92400 4.98500 4.97400 1.62800 -1.64800 2.46200 -0.37600
98.00000 8.56500 7.09000 2.63500 1.85100 1.56700 -1.00700 4.59800 1.33300 -1.35300 -4.43500 2.54300 3.02100 0.65100 -3.11300 -0.95600 -2.81800
99.00000 7.10000 5.62500 1.65800 0.87500 0.59000 -0.51900 3.13300 0.84400 -1.35300 -3.94700 -0.38700 1.55600 -0.32600 -4.57800 -4.86200 -6.23600
100.00000 5.14700 3.18400 0.19300 0.38700 -0.38700 -1.00700 2.64500 0.84400 -0.86500 -3.45900 -2.82800 0.09200 -1.30200 -5.55400 -7.79200 -8.18900
101.00000 2.70600 0.25400 -0.78300 -0.59000 -1.36300 -2.47200 1.66800 1.33300 -0.37600 -2.97000 -3.31600 -0.39700 -1.30200 -5.55400 -9.25700 -8.67700
102.00000 1.24100 -2.18700 -1.76000 -1.07800 -1.85100 -3.44800 -0.77300 1.33300 0.11200 -2.97000 -3.31600 -0.39700 -0.81400 -4.57800 -8.76900 -8.18900
103.00000 -0.22400 -2.18700 -2.73600 -2.05500 -1.36300 -3.93700 -4.19100 0.84400 0.60000 -2.48200 -3.31600 -0.39700 -0.32600 -4.08900 -7.79200 -7.70100
104.00000 -0.71200 -1.69900 -3.22500 -3.03100 -0.38700 -3.93700 -5.65600 -0.13200 1.57700 -2.48200 -3.80500 -1.37300 0.65100 -3.60100 -7.30400 -7.21200
105.00000 -0.71200 -1.21100 -3.71300 -3.52000 -0.38700 -3.93700 -4.67900 -0.62100 2.06500 -1.50600 -5.26900 -1.86200 1.13900 -3.11300 -7.79200 -7.21200
106.00000 -1.20000 -1.21100 -4.20100 -4.00800 -0.87500 -3.93700 -0.77300 -1.59700 2.55300 -0.52900 -6.73400 -2.83800 1.62800 -2.62500 -8.76900 -7.21200
107.00000 -0.71200 -2.18700 -4.69000 -4.00800 -2.34000 -4.91300 3.13300 -1.59700 2.06500 -0.52900 -7.22200 -3.32600 1.62800 -2.13600 -9.25700 -6.72400
108.00000 -0.71200 -3.65200 -5.17800 -4.00800 -3.80500 -6.86600 4.11000 -1.59700 0.60000 -1.99400 -6.24600 -3.32600 1.13900 -2.13600 -8.76900 -6.72400
109.00000 -1.68900 -5.60500 -6.15400 -4.49600 -5.75800 -9.79600 1.18000 -1.59700 -0.86500 -3.94700 -4.29300 -2.35000 0.16300 -3.11300 -8.28000 -7.21200
110.00000 -4.13000 -8.04600 -7.61900 -5.96100 -7.22200 -11.74900 -4.19100 -1.59700 -2.33000 -6.38800 -3.31600 -1.86200 -0.81400 -4.08900 -7.79200 -7.21200
111.00000 -7.54800 -10.97600 -9.57200 -7.91400 -8.19900 -13.70200 -7.60900 -1.59700 -3.30600 -7.85300 -3.80500 -1.37300 -1.30200 -5.55400 -7.30400 -7.70100
112.00000 -9.98900 -12.92900 -11.52500 -10.35600 -8.68700 -14.67900 -8.58600 -2.08500 -2.81800 -7.85300 -5.26900 -1.37300 -1.30200 -5.55400 -7.79200 -7.21200
113.00000 -11.94300 -13.41800 -12.99000 -11.82000 -8.68700 -14.19100 -6.14400 -2.08500 -2.33000 -7.85300 -7.22200 -1.37300 -0.81400 -5.06600 -7.79200 -6.72400
114.00000 -11.45400 -12.44100 -13.96700 -11.82000 -8.68700 -13.21400 -4.19100 -3.06200 -1.84100 -6.87700 -8.19900 -1.37300 -0.32600 -4.57800 -7.30400 -6.23600
115.00000 -9.98900 -10.97600 -13.96700 -11.82000 -8.19900 -11.74900 -4.67900 -3.55000 -1.35300 -5.90000 -8.19900 -1.37300 0.65100 -4.08900 -6.81600 -5.25900
116.00000 -8.52500 -9.02300 -13.96700 -11.33200 -8.19900 -10.28400 -7.60900 -4.52700 -0.86500 -4.92400 -7.71100 -1.86200 1.62800 -3.60100 -6.81600 -4.77100
117.00000 -7.54800 -8.04600 -14.45500 -10.35600 -7.71100 -9.79600 -12.00400 -5.50300 -1.35300 -4.92400 -7.22200 -1.86200 1.62800 -4.08900 -6.81600 -4.77100
118.00000 -7.54800 -7.55800 -14.94300 -9.86700 -7.22200 -9.79600 -14.44500 -5.99200 -2.33000 -5.41200 -7.22200 -1.86200 1.13900 -5.06600 -6.32700 -4.77100
119.00000 -8.03600 -7.55800 -14.45500 -9.37900 -7.22200 -9.79600 -13.46800 -5.99200 -2.81800 -6.87700 -7.71100 -2.35000 0.65100 -6.04200 -6.32700 -4.28300
120.00000 -8.03600 -7.07000 -12.99000 -8.89100 -6.73400 -9.30800 -11.02700 -5.01500 -3.30600 -7.85300 -7.71100 -2.35000 -0.32600 -6.53100 -5.35100 -4.28300
121.00000 -6.57100 -6.58200 -12.01400 -7.91400 -5.75800 -8.33100 -8.09700 -4.52700 -2.81800 -8.34100 -6.73400 -1.86200 -0.81400 -7.01900 -4.37400 -4.28300
122.00000 -6.08300 -6.09300 -11.03700 -7.42600 -5.26900 -6.86600 -7.60900 -3.55000 -2.81800 -7.85300 -6.24600 -1.86200 -0.81400 -7.01900 -3.88600 -4.77100
123.00000 -6.08300 -6.09300 -10.54900 -7.42600 -4.78100 -5.89000 -8.58600 -3.06200 -1.84100 -6.87700 -5.75800 -1.86200 -0.32600 -6.04200 -4.37400 -4.77100
124.00000 -6.57100 -6.58200 -11.52500 -7.91400 -4.78100 -5.89000 -10.53900 -2.57400 -0.86500 -5.90000 -5.75800 -1.86200 0.16300 -5.06600 -5.35100 -5.25900
125.00000 -8.52500 -8.04600 -12.99000 -9.37900 -6.24600 -7.84300 -11.51500 -2.57400 -0.86500 -5.41200 -6.73400 -2.35000 0.16300 -4.57800 -6.32700 -4.77100
126.00000 -10.47800 -10.00000 -14.45500 -10.84400 -8.19900 -9.79600 -9.56200 -2.57400 -1.35300 -4.92400 -7.71100 -2.35000 0.16300 -4.57800 -6.81600 -4.77100
127.00000 -12.43100 -11.95300 -15.43200 -12.30900 -10.15200 -11.26100 -5.16800 -2.57400 -2.33000 -4.92400 -7.71100 -2.35000 0.16300 -4.57800 -5.83900 -4.28300
128.00000 -13.40700 -12.92900 -15.92000 -13.28500 -10.64000 -11.74900 -0.77300 -3.06200 -2.33000 -4.43500 -7.71100 -1.86200 0.65100 -4.57800 -4.86200 -3.79400
129.00000 -13.40700 -12.44100 -14.94300 -12.79700 -10.15200 -10.28400 1.18000 -3.55000 -2.33000 -4.43500 -6.24600 -1.86200 0.65100 -4.08900 -3.88600 -3.30600
130.00000 -11.94300 -10.97600 -12.99000 -11.33200 -7.71100 -8.33100 -0.28500 -3.06200 -1.35300 -3.94700 -5.26900 -1.86200 1.13900 -3.11300 -3.39800 -2.81800
131.00000 -9.50100 -8.53500 -10.06100 -9.37900 -4.78100 -5.89000 -4.19100 -2.57400 0.11200 -2.97000 -4.29300 -1.37300 1.13900 -1.64800 -3.88600 -2.81800
132.00000 -7.54800 -6.58200 -8.10800 -7.42600 -2.34000 -4.42500 -8.09700 -2.08500 0.60000 -1.50600 -3.80500 -1.37300 1.13900 -0.67100 -3.88600 -2.33000
133.00000 -7.54800 -6.09300 -8.10800 -5.96100 -1.85100 -3.93700 -9.56200 -2.08500 1.08800 -0.52900 -3.80500 -1.37300 1.13900 -0.18300 -4.37400 -2.81800
134.00000 -9.01300 -7.07000 -9.57200 -6.44900 -2.34000 -3.93700 -8.09700 -3.06200 1.57700 -0.04100 -4.29300 -1.86200 0.65100 -0.67100 -5.35100 -3.30600
135.00000 -11.45400 -9.02300 -12.99000 -7.91400 -3.80500 -5.40200 -5.65600 -3.55000 1.08800 -1.01700 -6.24600 -2.83800 0.16300 -2.62500 -6.81600 -5.74700
136.00000 -14.87200 -10.97600 -15.92000 -9.86700 -5.26900 -6.86600 -4.67900 -4.52700 0.60000 -2.48200 -8.68700 -4.30300 -1.30200 -5.06600 -8.76900 -7.70100
137.00000 -16.82500 -12.92900 -18.36100 -11.33200 -6.24600 -8.33100 -6.63200 -5.01500 -0.37600 -4.92400 -10.64000 -5.28000 -2.27900 -7.01900 -10.72200 -9.65400
138.00000 -17.31400 -13.41800 -18.36100 -12.30900 -7.22200 -9.79600 -9.56200 -4.03800 -1.84100 -6.38800 -11.61700 -4.79100 -2.76700 -7.99600 -11.21000 -10.14200
139.00000 -16.33700 -13.41800 -17.38500 -12.30900 -8.19900 -10.77300 -11.51500 -3.55000 -2.33000 -6.87700 -10.15200 -3.81500 -3.25500 -7.50700 -9.74500 -9.16500
140.00000 -14.87200 -11.95300 -15.92000 -12.30900 -8.68700 -9.79600 -11.51500 -3.06200 -1.84100 -5.90000 -8.19900 -2.35000 -2.27900 -6.04200 -7.79200 -7.21200
141.00000 -12.91900 -10.00000 -14.45500 -12.79700 -8.19900 -7.84300 -9.07400 -3.06200 -0.86500 -3.45900 -5.26900 -1.37300 -0.32600 -3.60100 -4.86200 -4.28300
142.00000 -9.50100 -6.58200 -12.99000 -12.79700 -5.75800 -3.44800 -6.14400 -3.55000 0.60000 -1.50600 -2.82800 -0.88500 1.13900 -2.13600 -2.90900 -2.33000
143.00000 -5.59500 -2.18700 -11.03700 -11.82000 -2.34000 0.94600 -4.67900 -3.55000 1.08800 -0.04100 -1.85100 -0.88500 2.11600 -0.67100 -1.93300 -1.35300
144.00000 -1.68900 2.69600 -8.10800 -8.89100 1.56700 4.36400 -6.14400 -3.55000 1.08800 0.44800 -1.85100 -0.88500 1.62800 -0.67100 -1.93300 -1.35300
145.00000 1.72900 6.11400 -5.66600 -5.47300 4.49600 5.82900 -8.58600 -3.06200 0.11200 -1.01700 -2.82800 -1.37300 0.16300 -2.13600 -2.90900 -2.33000
146.00000 2.70600 7.09000 -5.66600 -3.03100 4.98500 4.85200 -11.51500 -2.57400 -1.35300 -2.97000 -4.29300 -2.35000 -1.79000 -4.57800 -4.37400 -4.28300
147.00000 0.75300 6.11400 -7.61900 -2.05500 4.00800 2.89900 -12.49200 -3.06200 -2.33000 -5.41200 -5.75800 -3.81500 -3.25500 -6.53100 -5.83900 -6.23600
148.00000 -2.17700 3.67200 -10.54900 -3.52000 1.56700 0.45800 -10.53900 -4.03800 -2.81800 -6.38800 -7.22200 -4.79100 -4.23200 -7.99600 -6.32700 -7.21200
149.00000 -5.10700 1.23100 -13.47900 -5.47300 -0.87500 -1.00700 -7.12100 -5.01500 -1.84100 -5.90000 -8.19900 -5.76800 -3.74300 -7.50700 -6.32700 -6.72400
150.00000 -6.08300 -0.72200 -13.47900 -6.93800 -1.85100 -1.49500 -3.21500 -5.01500 -0.86500 -3.94700 -7.71100 -5.28000 -2.27900 -5.55400 -5.35100 -4.77100
151.00000 -5.10700 -1.21100 -12.01400 -7.91400 -1.85100 -1.49500 -1.26100 -4.52700 0.11200 -1.50600 -6.24600 -4.30300 -0.81400 -2.62500 -3.39800 -2.33000
152.00000 -3.15300 -0.72200 -9.08400 -7.91400 -1.85100 -1.00700 -2.23800 -3.55000 1.08800 0.93600 -4.29300 -2.35000 0.65100 -0.18300 -0.95600 0.11200
153.00000 -1.68900 -0.72200 -7.61900 -7.42600 -1.85100 -0.51900 -4.67900 -2.57400 2.06500 1.91200 -2.82800 -1.37300 2.60400 1.77000 0.50900 2.06500
154.00000 -2.17700 -1.21100 -7.61900 -7.42600 -2.34000 -0.03100 -6.63200 -2.57400 3.04200 2.88900 -2.34000 -0.88500 3.58100 2.74700 1.48500 2.55300
155.00000 -4.13000 -2.18700 -8.59600 -8.40300 -2.34000 1.43400 -7.12100 -3.06200 4.01800 3.86600 -2.82800 -0.88500 4.55700 3.23500 0.99700 3.04200
156.00000 -6.08300 -2.67500 -10.54900 -9.37900 -2.82800 1.92300 -5.65600 -4.03800 4.50600 4.84200 -3.80500 -1.37300 5.04600 3.23500 0.50900 2.55300
157.00000 -7.54800 -3.65200 -12.50200 -10.35600 -2.82800 1.92300 -5.16800 -5.01500 4.50600 4.84200 -4.29300 -1.37300 5.04600 2.25800 -0.46800 2.06500
158.00000 -8.52500 -4.62800 -13.96700 -11.33200 -3.80500 0.45800 -5.65600 -5.50300 4.01800 3.86600 -4.29300 -1.37300 4.55700 1.28200 -1.44400 1.08800
159.00000 -9.50100 -6.09300 -15.43200 -12.30900 -5.26900 -2.47200 -7.12100 -5.99200 3.04200 1.91200 -4.29300 -1.37300 3.58100 -0.18300 -1.44400 0.11200
160.00000 -10.47800 -7.07000 -16.40800 -12.79700 -7.22200 -4.91300 -9.56200 -6.48000 1.08800 -1.01700 -3.80500 -1.86200 2.11600 -1.64800 -1.44400 -0.37600
161.00000 -10.47800 -7.07000 -16.40800 -12.79700 -8.19900 -5.89000 -10.05000 -5.99200 0.11200 -2.97000 -3.80500 -2.35000 0.65100 -2.13600 -1.44400 -1.35300
162.00000 -9.50100 -5.60500 -14.94300 -11.82000 -7.22200 -4.91300 -9.56200 -5.01500 -1.35300 -4.43500 -4.29300 -3.32600 -0.81400 -2.62500 -1.93300 -1.35300
163.00000 -6.57100 -2.67500 -12.50200 -9.37900 -4.78100 -2.96000 -8.09700 -4.03800 -1.84100 -4.92400 -4.78100 -4.30300 -1.79000 -2.62500 -2.90900 -2.33000
164.00000 -3.64200 0.74300 -10.06100 -6.44900 -0.87500 -0.51900 -8.58600 -3.06200 -1.84100 -4.92400 -6.24600 -4.79100 -3.25500 -3.60100 -4.37400 -3.30600
165.00000 -1.20000 3.67200 -9.08400 -4.49600 1.56700 0.94600 -10.53900 -2.57400 -1.84100 -4.43500 -7.22200 -5.28000 -4.23200 -5.06600 -6.32700 -5.25900
166.00000 -0.22400 4.64900 -8.10800 -3.52000 3.52000 2.41100 -13.46800 -3.06200 -1.84100 -3.94700 -7.71100 -4.79100 -4.23200 -6.53100 -7.79200 -7.21200
167.00000 -0.22400 4.64900 -8.59600 -3.52000 3.03100 2.89900 -13.46800 -3.55000 -1.84100 -3.94700 -7.22200 -5.28000 -4.23200 -7.50700 -8.76900 -8.18900
168.00000 -1.20000 3.67200 -9.57200 -4.49600 2.05500 3.38700 -10.05000 -4.03800 -1.84100 -3.45900 -6.73400 -5.28000 -4.23200 -7.50700 -8.76900 -8.67700
169.00000 -2.17700 2.20700 -10.06100 -5.47300 0.59000 2.89900 -4.19100 -4.52700 -1.84100 -2.48200 -6.24600 -5.28000 -4.23200 -6.53100 -7.79200 -8.18900
170.00000 -4.13000 0.25400 -10.06100 -5.96100 -0.87500 1.92300 0.69200 -5.01500 -1.84100 -1.99400 -6.24600 -5.28000 -4.72000 -5.55400 -7.30400 -7.70100
171.00000 -5.59500 -2.18700 -10.54900 -6.93800 -1.85100 0.94600 1.66800 -4.52700 -1.84100 -1.50600 -5.75800 -5.28000 -4.72000 -5.55400 -6.32700 -6.72400
172.00000 -7.06000 -4.14000 -10.06100 -6.93800 -2.34000 -0.51900 -1.75000 -4.03800 -1.35300 -1.50600 -4.78100 -4.30300 -4.23200 -5.06600 -5.83900 -6.23600
173.00000 -7.54800 -4.62800 -8.59600 -5.96100 -2.82800 -1.00700 -5.65600 -3.06200 -0.37600 -0.52900 -3.31600 -3.32600 -3.25500 -4.08900 -4.86200 -4.77100
174.00000 -6.08300 -3.16400 -6.15400 -4.98500 -2.82800 0.45800 -6.14400 -1.59700 1.08800 0.93600 -1.36300 -1.86200 -1.79000 -2.62500 -2.90900 -2.81800
175.00000 -2.66500 -0.23400 -3.22500 -3.52000 -1.85100 2.89900 -2.72600 -1.10900 2.06500 2.40100 0.59000 -0.88500 0.16300 -0.18300 -0.46800 -0.37600
176.00000 1.24100 2.69600 -0.29500 -1.56700 -0.87500 4.85200 3.13300 -0.62100 3.53000 3.86600 2.05500 0.58000 2.11600 2.25800 1.97300 2.06500
177.00000 3.68200 4.64900 1.17000 -1.07800 -0.38700 5.82900 7.03900 -0.62100 3.04200 4.35400 2.54300 1.06800 2.60400 3.72300 2.95000 3.53000
178.00000 3.68200 4.64900 0.68200 -1.56700 -0.87500 4.85200 6.06300 -1.10900 2.06500 3.37700 1.56700 0.58000 2.60400 3.72300 2.95000 3.53000
179.00000 2.21800 3.18400 -1.27200 -3.03100 -2.34000 1.92300 1.66800 -2.08500 0.60000 0.93600 0.10200 -0.39700 1.13900 1.77000 0.99700 2.06500
180.00000 -0.22400 1.23100 -4.20100 -4.98500 -4.78100 -1.00700 -4.19100 -3.55000 -1.35300 -2.48200 -2.34000 -1.86200 -0.32600 -1.16000 -1.44400 -0.37600
181.00000 -2.17700 -0.72200 -6.15400 -5.47300 -6.73400 -3.93700 -7.12100 -4.03800 -3.30600 -4.92400 -5.26900 -3.32600 -1.30200 -3.60100 -4.37400 -2.33000
182.00000 -3.15300 -1.69900 -7.61900 -5.47300 -7.22200 -5.40200 -7.60900 -4.03800 -3.79400 -6.38800 -7.22200 -3.81500 -1.79000 -5.06600 -5.83900 -3.30600
183.00000 -3.15300 -2.18700 -7.61900 -4.49600 -6.24600 -5.89000 -7.60900 -3.55000 -4.28300 -6.87700 -7.22200 -3.81500 -2.27900 -4.08900 -5.35100 -3.30600
184.00000 -3.15300 -1.69900 -7.61900 -3.52000 -3.80500 -4.91300 -8.09700 -2.57400 -4.28300 -6.38800 -5.26900 -2.83800 -2.27900 -2.62500 -4.37400 -2.33000
185.00000 -2.66500 -1.21100 -7.13100 -2.54300 -1.36300 -3.44800 -10.05000 -2.08500 -4.28300 -5.41200 -2.82800 -1.86200 -2.27900 -1.16000 -3.39800 -2.33000
186.00000 -2.17700 0.25400 -6.64300 -2.05500 0.10200 -1.49500 -11.02700 -1.10900 -3.30600 -4.43500 -1.85100 -1.37300 -2.27900 -0.67100 -3.39800 -2.33000
187.00000 -1.20000 1.23100 -6.15400 -2.05500 0.59000 -0.03100 -9.07400 -0.62100 -2.81800 -3.94700 -1.85100 -1.86200 -2.27900 -1.64800 -4.86200 -3.79400
188.00000 -0.71200 1.71900 -6.15400 -2.54300 -0.38700 -0.51900 -3.70300 -0.62100 -1.84100 -2.97000 -3.80500 -2.35000 -2.27900 -3.11300 -6.32700 -5.25900
189.00000 -1.20000 1.23100 -6.15400 -3.03100 -1.85100 -1.49500 1.18000 -0.62100 -1.35300 -3.45900 -6.24600 -3.32600 -2.76700 -4.57800 -7.79200 -5.74700
190.00000 -2.17700 -0.23400 -6.64300 -4.00800 -3.31600 -2.96000 3.62100 -1.59700 -1.35300 -3.94700 -7.22200 -3.81500 -2.76700 -4.08900 -7.79200 -6.23600
191.00000 -2.66500 -1.69900 -7.13100 -4.98500 -3.31600 -3.93700 2.15700 -1.59700 -1.35300 -4.43500 -6.73400 -4.30300 -3.25500 -3.60100 -7.79200 -5.74700
192.00000 -3.15300 -2.18700 -6.64300 -4.98500 -2.34000 -3.93700 -1.75000 -2.08500 -1.84100 -3.94700 -4.78100 -4.30300 -3.25500 -3.60100 -7.30400 -5.25900
193.00000 -1.68900 -0.72200 -5.66600 -4.49600 -0.87500 -2.96000 -4.19100 -2.08500 -1.84100 -2.48200 -3.80500 -4.30300 -3.25500 -4.08900 -6.81600 -5.25900
194.00000 0.75300 1.71900 -3.71300 -3.03100 1.07800 -1.49500 -3.21500 -1.59700 -1.35300 -1.99400 -3.80500 -4.30300 -3.25500 -4.57800 -6.81600 -5.25900
195.00000 3.19400 3.67200 -1.27200 -1.56700 1.56700 -1.00700 0.20300 -1.10900 -0.37600 -1.99400 -4.29300 -3.81500 -2.76700 -5.55400 -6.81600 -5.25900
196.00000 4.65900 4.16100 0.19300 -0.59000 1.07800 -1.00700 2.64500 -0.62100 0.11200 -2.97000 -4.29300 -3.81500 -1.79000 -5.06600 -5.83900 -4.28300
197.00000 5.14700 3.67200 1.17000 -0.10200 0.10200 -1.98400 3.13300 -0.62100 0.60000 -3.94700 -3.80500 -2.83800 -0.81400 -3.11300 -5.35100 -3.30600
198.00000 4.65900 2.20700 1.17000 -0.59000 -0.87500 -2.47200 1.18000 -0.62100 1.08800 -3.45900 -2.82800 -2.35000 -0.32600 -1.64800 -4.37400 -2.33000
199.00000 3.68200 0.74300 1.17000 -1.56700 -1.85100 -1.98400 -0.28500 -0.13200 1.08800 -1.99400 -2.34000 -1.86200 0.65100 -0.18300 -3.88600 -1.84100
200.00000 3.19400 0.25400 0.19300 -2.05500 -2.34000 -1.49500 -0.77300 0.35600 1.08800 -0.04100 -2.34000 -1.86200 1.13900 0.79300 -3.88600 -1.84100
201.00000 1.72900 -0.23400 -1.27200 -2.54300 -2.82800 -1.49500 -0.28500 0.84400 0.11200 0.93600 -3.31600 -1.37300 0.65100 0.30500 -4.37400 -2.33000
202.00000 0.26400 -0.72200 -3.22500 -3.52000 -4.29300 -2.47200 -0.28500 1.33300 -0.86500 0.44800 -4.29300 -0.88500 0.16300 -0.67100 -4.37400 -2.81800
203.00000 -1.68900 -0.23400 -4.69000 -4.49600 -4.78100 -3.44800 -1.75000 0.84400 -1.84100 -1.01700 -4.78100 -0.88500 -0.32600 -1.64800 -4.37400 -3.30600
204.00000 -2.17700 0.74300 -6.15400 -5.96100 -3.80500 -2.96000 -4.19100 -0.13200 -2.33000 -2.97000 -4.78100 -1.37300 -0.32600 -2.13600 -4.86200 -3.30600
205.00000 -0.71200 2.69600 -6.15400 -6.44900 -1.36300 -1.49500 -6.14400 -1.59700 -2.33000 -3.94700 -4.78100 -2.35000 -0.81400 -2.13600 -4.86200 -3.30600
206.00000 1.24100 3.67200 -5.17800 -5.96100 0.59000 -0.51900 -7.60900 -2.08500 -1.84100 -3.45900 -5.26900 -2.83800 -0.81400 -2.13600 -5.83900 -3.30600
207.00000 2.70600 4.16100 -4.20100 -4.98500 2.05500 -0.03100 -7.60900 -2.57400 -2.33000 -2.48200 -5.75800 -3.32600 -0.81400 -2.62500 -6.32700 -4.28300
208.00000 2.70600 2.69600 -3.71300 -4.49600 0.59000 -1.00700 -6.14400 -2.08500 -2.81800 -2.97000 -6.24600 -3.32600 -1.30200 -3.11300 -6.81600 -4.77100
209.00000 0.75300 0.74300 -4.20100 -4.49600 -1.85100 -2.96000 -3.70300 -1.10900 -3.30600 -3.45900 -6.73400 -2.83800 -2.27900 -4.08900 -7.30400 -5.25900
210.00000 -1.68900 -1.69900 -5.17800 -4.98500 -4.78100 -3.93700 -0.28500 -0.62100 -3.79400 -4.43500 -6.24600 -2.83800 -2.76700 -4.57800 -7.30400 -5.74700
211.00000 -3.64200 -2.18700 -6.15400 -5.47300 -6.24600 -3.93700 2.64500 -0.13200 -4.28300 -4.43500 -6.24600 -3.32600 -3.25500 -5.06600 -7.79200 -6.23600
212.00000 -3.64200 -1.21100 -6.15400 -5.47300 -5.75800 -1.49500 3.62100 -0.13200 -3.30600 -3.45900 -7.22200 -3.81500 -3.25500 -5.55400 -8.76900 -6.72400
213.00000 -2.66500 1.23100 -6.64300 -5.96100 -4.29300 0.45800 1.66800 -1.10900 -1.84100 -1.50600 -9.17600 -5.28000 -2.76700 -5.06600 -9.74500 -7.21200
214.00000 -1.68900 2.69600 -7.13100 -6.44900 -2.34000 1.92300 -3.21500 -3.06200 -0.37600 -0.04100 -11.12900 -6.25600 -2.27900 -4.57800 -10.72200 -7.21200
215.00000 -0.71200 3.67200 -7.61900 -6.93800 -1.36300 2.89900 -8.09700 -4.52700 1.08800 1.91200 -12.10500 -6.74400 -1.30200 -3.11300 -10.72200 -7.21200
216.00000 0.26400 4.16100 -7.13100 -7.42600 -0.38700 2.89900 -10.05000 -5.50300 2.55300 2.40100 -11.61700 -7.23300 -0.81400 -1.64800 -9.74500 -6.23600
217.00000 1.72900 5.62500 -5.66600 -6.93800 0.59000 3.87600 -8.09700 -5.50300 3.04200 3.37700 -9.17600 -6.74400 -0.32600 -0.67100 -8.28000 -4.77100
218.00000 3.68200 7.57900 -2.73600 -5.47300 2.05500 5.34100 -3.70300 -4.03800 3.04200 3.86600 -6.73400 -6.25600 -0.32600 0.30500 -6.32700 -3.30600
219.00000 5.14700 8.55500 -0.78300 -4.00800 3.03100 5.34100 0.20300 -2.57400 2.55300 4.35400 -4.29300 -5.28000 -0.32600 0.79300 -5.35100 -2.81800
220.00000 5.63600 8.55500 -0.29500 -3.03100 2.54300 4.36400 1.18000 -1.59700 2.06500 4.35400 -3.80500 -3.81500 -0.32600 0.30500 -4.86200 -2.81800
221.00000 4.65900 6.60200 -0.78300 -2.54300 1.07800 2.41100 0.20300 -0.62100 2.06500 3.86600 -3.80500 -2.83800 -0.32600 0.30500 -4.86200 -3.30600
222.00000 3.19400 4.16100 -0.78300 -2.05500 -0.38700 0.94600 -0.77300 -0.13200 2.06500 3.37700 -4.29300 -2.35000 0.16300 -0.18300 -4.86200 -3.30600
223.00000 3.19400 3.18400 -0.78300 -1.07800 -1.36300 0.94600 -0.77300 -0.13200 2.06500 2.88900 -3.80500 -1.86200 0.16300 -0.18300 -4.86200 -3.30600
224.00000 4.17100 3.67200 0.19300 0.38700 0.10200 2.41100 0.20300 0.35600 2.55300 3.86600 -3.31600 -1.86200 0.16300 0.30500 -4.86200 -2.81800
225.00000 6.12400 5.62500 1.17000 1.36300 1.56700 4.85200 0.20300 0.35600 3.04200 5.33000 -2.34000 -2.35000 -0.32600 1.28200 -3.88600 -1.84100
226.00000 7.10000 7.57900 1.65800 1.36300 3.52000 6.80500 -2.23800 0.35600 4.01800 6.79500 -1.36300 -2.35000 0.16300 2.25800 -2.90900 -1.35300
227.00000 6.61200 8.06700 0.68200 0.38700 4.00800 7.29400 -5.16800 -0.13200 4.99500 7.77200 -1.36300 -2.35000 0.65100 3.23500 -1.93300 -0.37600
228.00000 5.63600 7.57900 0.19300 -1.07800 3.52000 6.31700 -6.63200 -0.62100 4.99500 8.26000 -1.36300 -1.86200 1.13900 3.23500 -0.95600 0.60000
229.00000 4.17100 6.11400 -0.78300 -2.54300 2.54300 4.85200 -3.70300 -0.62100 4.01800 7.28400 -1.36300 -1.37300 2.11600 3.23500 -0.95600 0.60000
230.00000 3.19400 4.64900 -0.78300 -4.00800 0.10200 2.89900 2.64500 0.35600 2.06500 5.33000 -1.36300 -0.88500 2.11600 2.74700 -1.44400 0.11200
231.00000 3.19400 3.18400 -0.78300 -4.00800 -1.85100 0.94600 8.99300 0.84400 -0.37600 2.88900 -1.85100 -0.39700 1.13900 1.77000 -2.42100 -0.86500
232.00000 3.68200 3.18400 -0.29500 -3.03100 -2.82800 -0.03100 11.43400 1.33300 -2.81800 0.44800 -2.34000 -0.39700 0.16300 0.79300 -3.88600 -2.33000
233.00000 5.14700 4.64900 0.68200 -1.56700 -2.82800 0.45800 8.50400 1.33300 -4.77100 -0.52900 -3.31600 -1.37300 -1.30200 -0.67100 -5.35100 -3.30600
234.00000 7.58900 8.06700 1.65800 -0.10200 -0.38700 2.89900 2.15700 0.35600 -5.25900 -1.01700 -4.78100 -2.83800 -2.27900 -2.13600 -6.32700 -4.28300
235.00000 10.51800 11.97300 3.12300 1.85100 3.03100 6.31700 -2.23800 -0.62100 -5.25900 -1.01700 -6.24600 -4.30300 -3.74300 -3.60100 -7.79200 -5.25900
236.00000 13.44800 14.90300 5.07600 2.82800 6.93800 9.24700 -2.72600 -1.59700 -4.28300 -0.52900 -6.73400 -5.28000 -4.72000 -5.06600 -8.28000 -6.23600
237.00000 14.91300 15.87900 6.05300 3.31600 8.40300 10.22300 0.69200 -1.59700 -2.81800 -0.04100 -6.73400 -5.76800 -5.20800 -5.55400 -8.28000 -7.21200
238.00000 13.93600 13.92600 5.56400 2.34000 7.42600 9.24700 4.59800 -1.59700 -1.35300 -0.04100 -5.75800 -5.28000 -4.72000 -4.57800 -7.79200 -6.23600
239.00000 11.00700 10.50800 4.58800 0.38700 4.49600 6.80500 6.06300 -1.10900 0.60000 0.44800 -4.29300 -4.30300 -2.76700 -2.13600 -5.83900 -4.77100
240.00000 7.58900 7.57900 3.12300 -1.56700 1.56700 4.36400 5.08600 -0.13200 2.55300 2.40100 -2.82800 -2.83800 -0.32600 -0.18300 -3.88600 -2.81800
241.00000 4.65900 6.11400 1.65800 -3.52000 -0.38700 3.87600 3.62100 0.35600 3.53000 4.35400 -0.87500 -0.88500 2.11600 2.74700 -1.44400 0.11200
242.00000 2.70600 6.11400 0.19300 -5.47300 -0.87500 3.87600 3.13300 0.84400 4.50600 6.79500 1.07800 0.09200 3.58100 4.70000 0.50900 2.55300
243.00000 1.72900 6.11400 -0.78300 -5.96100 -0.87500 4.36400 4.11000 1.33300 4.50600 8.74800 2.05500 0.58000 4.06900 5.67600 1.97300 4.01800
244.00000 1.72900 6.11400 -2.24800 -6.93800 -0.38700 4.85200 5.08600 1.33300 4.50600 9.72500 1.07800 0.58000 4.06900 6.16500 2.46200 4.50600
245.00000 1.72900 5.62500 -3.22500 -7.42600 -0.87500 5.34100 5.08600 -0.13200 4.99500 9.23700 0.10200 -0.88500 4.06900 6.16500 1.97300 4.50600
246.00000 1.72900 5.62500 -3.22500 -7.42600 -0.38700 6.31700 3.13300 -0.62100 5.97100 8.74800 -0.87500 -1.37300 4.55700 6.65300 1.97300 4.50600
247.00000 2.70600 6.60200 -2.73600 -7.42600 0.59000 7.78200 1.66800 -1.10900 6.46000 8.26000 -0.38700 -1.37300 5.53400 7.14100 2.46200 5.48300
248.00000 4.17100 8.06700 -0.78300 -6.93800 2.54300 9.73500 2.15700 -1.10900 7.43600 9.23700 2.54300 0.09200 6.51000 8.60600 4.41500 6.94800
249.00000 4.65900 8.55500 0.19300 -6.93800 3.52000 10.71200 4.11000 -0.13200 7.43600 10.70100 5.47300 2.53300 7.48700 9.58300 6.85600 8.90100
250.00000 4.17100 7.57900 0.19300 -6.93800 2.54300 9.73500 6.06300 -0.13200 6.94800 11.19000 6.93800 3.99800 7.97500 10.07100 7.83300 9.38900
251.00000 2.70600 5.13700 -1.27200 -7.42600 0.59000 6.80500 6.55100 -0.13200 6.46000 11.19000 6.44900 4.48600 7.97500 10.07100 7.83300 9.38900
252.00000 -0.22400 1.71900 -3.71300 -7.91400 -1.85100 3.87600 3.13300 -1.10900 5.48300 8.74800 3.03100 3.02100 7.48700 8.11800 5.88000 7.43600
253.00000 -2.66500 -0.23400 -6.15400 -8.89100 -3.31600 1.92300 -2.72600 -2.57400 5.48300 6.30700 -0.87500 1.06800 6.51000 5.67600 2.95000 5.48300
254.00000 -4.13000 -1.21100 -8.10800 -8.89100 -2.82800 1.43400 -8.58600 -4.52700 4.99500 4.84200 -4.29300 -1.86200 5.53400 3.72300 0.02000 3.04200
255.00000 -4.61800 -0.72200 -8.59600 -8.40300 -1.36300 2.41100 -12.00400 -6.48000 4.50600 4.35400 -7.22200 -3.81500 4.06900 2.74700 -1.93300 1.08800
256.00000 -3.64200 1.23100 -8.10800 -7.42600 0.59000 3.38700 -12.00400 -7.94500 4.01800 4.35400 -8.68700 -5.76800 3.09200 1.77000 -3.88600 -0.86500
