1.00000 -6.36800 -4.47600 -4.72000 -3.43800 -2.55300 0.10200 6.13400 -1.97300 0.52900 -2.38000 0.99700 1.41400 0.05100 -2.96000 -0.25400 -1.81100
2.00000 -4.90300 -3.01100 -3.74300 -3.43800 -1.57700 1.56700 5.64600 -1.48500 1.01700 -1.40400 3.43800 3.36700 0.53900 -1.49500 2.18700 0.14200
3.00000 -2.46200 -1.05800 -1.79000 -2.46200 -0.60000 3.52000 1.25100 -0.99700 1.50600 0.54900 5.88000 5.32000 2.49200 0.94600 5.60500 3.07200
4.00000 -0.02000 1.38300 0.16300 -1.48500 0.86500 4.98500 -3.14300 -0.50900 2.48200 2.50200 7.34500 6.78500 3.95700 2.89900 7.55800 5.02500
5.00000 1.44400 2.84800 0.65100 -0.99700 1.35300 5.47300 -4.12000 -0.99700 2.97000 3.96700 7.83300 7.27300 5.42200 4.36400 9.02300 6.49000
6.00000 0.95600 2.84800 0.16300 -1.48500 -0.11200 4.98500 -2.16700 -1.48500 3.45900 4.94400 7.83300 6.78500 6.39900 5.82900 8.53500 7.46700
7.00000 -0.99700 1.38300 -1.79000 -3.92700 -1.57700 3.03100 0.76300 -3.43800 3.45900 5.43200 7.34500 5.80900 6.88700 6.80500 8.04600 7.95500
8.00000 -3.43800 -1.05800 -4.23200 -6.36800 -3.53000 1.07800 1.25100 -5.39100 3.94700 5.43200 6.85600 4.34400 7.37500 8.27000 7.55800 8.44300
9.00000 -5.88000 -3.01100 -7.16100 -8.80900 -4.99500 -0.38700 -2.16700 -7.34500 3.94700 4.94400 5.88000 2.87900 7.86300 9.24700 7.55800 8.93100
10.00000 -7.34500 -4.47600 -9.11500 -10.76300 -5.97100 -1.36300 -6.07300 -8.32100 3.94700 4.94400 4.41500 1.41400 8.35200 10.22300 7.55800 9.42000
11.00000 -7.83300 -4.47600 -9.60300 -10.76300 -5.97100 -0.87500 -9.00300 -8.32100 2.97000 4.45600 3.43800 0.92600 7.86300 10.22300 7.07000 8.93100
12.00000 -6.85600 -3.49900 -9.11500 -9.78600 -5.48300 -0.38700 -8.51400 -6.85600 1.50600 3.47900 2.46200 -0.05100 6.88700 9.73500 6.09300 7.95500
13.00000 -5.39100 -2.52300 -7.65000 -7.34500 -4.01800 -0.38700 -4.60800 -4.90300 0.04100 2.01400 1.97300 0.43700 4.93400 8.27000 5.11700 6.97800
14.00000 -3.43800 -2.03500 -5.20800 -4.90300 -2.55300 -0.87500 -0.70200 -2.46200 -0.93600 -0.42700 1.97300 0.92600 3.46900 6.31700 4.14000 5.51400
15.00000 -1.48500 -1.05800 -2.27900 -1.97300 -1.57700 -1.85100 0.76300 -0.02000 -1.91200 -2.38000 1.97300 1.90200 1.51600 3.87600 3.65200 4.53700
16.00000 -0.02000 -0.57000 -0.32600 -0.50900 -2.06500 -2.82800 0.76300 1.93300 -2.40100 -3.84500 1.97300 2.87900 0.53900 2.41100 4.14000 4.04900
17.00000 0.95600 -0.57000 1.13900 -0.02000 -3.04200 -3.80500 -0.70200 3.39800 -2.40100 -3.35700 1.48500 3.36700 1.02700 2.41100 4.62800 4.04900
18.00000 0.46800 -1.05800 1.13900 -0.50900 -4.01800 -3.80500 -1.19000 3.39800 -1.42400 -1.89200 1.48500 3.36700 2.00400 2.41100 5.11700 4.53700
19.00000 -0.50900 -1.54600 1.13900 -1.97300 -4.99500 -3.31600 -0.21400 2.90900 -0.44800 0.06100 0.50900 2.87900 2.49200 2.89900 5.11700 4.53700
20.00000 -2.46200 -2.52300 -0.81400 -2.95000 -4.99500 -2.34000 -0.21400 1.93300 0.52900 2.01400 0.02000 2.39100 3.46900 2.41100 5.11700 4.53700
21.00000 -4.41500 -3.49900 -2.76700 -4.41500 -4.01800 -1.85100 -1.19000 0.46800 1.50600 1.52600 -0.95600 1.90200 2.98100 1.92300 4.14000 3.07200
22.00000 -5.88000 -3.98800 -4.72000 -4.90300 -3.04200 -1.36300 -4.12000 -0.50900 1.01700 0.06100 -1.93300 1.41400 1.51600 -0.51900 2.18700 1.11900
23.00000 -6.36800 -3.98800 -5.69700 -4.90300 -3.04200 -2.34000 -8.02600 -0.99700 0.04100 -2.38000 -2.42100 1.41400 0.05100 -3.44800 -0.25400 -2.29900
24.00000 -5.39100 -3.98800 -5.69700 -3.92700 -3.53000 -3.80500 -11.44400 -0.99700 -1.42400 -5.31000 -2.90900 0.43700 -1.90200 -6.86600 -2.69600 -5.71700
25.00000 -4.41500 -4.47600 -5.69700 -3.92700 -4.01800 -4.78100 -13.39700 -0.99700 -1.91200 -6.77500 -2.90900 -0.05100 -3.36700 -9.79600 -4.64900 -8.64700
26.00000 -3.92700 -4.47600 -5.69700 -3.43800 -4.01800 -5.75800 -13.88500 -0.99700 -1.91200 -7.75100 -2.42100 -0.05100 -4.34400 -11.74900 -6.11400 -11.08800
27.00000 -4.90300 -4.96400 -6.18500 -3.92700 -3.53000 -5.75800 -12.42100 -1.48500 -1.42400 -8.24000 -2.42100 -0.05100 -4.34400 -12.72600 -6.60200 -12.06500
28.00000 -6.36800 -5.45200 -7.65000 -4.41500 -3.04200 -5.26900 -9.97900 -1.97300 -0.93600 -8.72800 -2.90900 -0.05100 -4.34400 -12.72600 -6.60200 -12.55300
29.00000 -8.32100 -5.45200 -9.11500 -5.39100 -2.55300 -4.78100 -7.53800 -3.43800 -0.93600 -9.21600 -4.37400 -0.53900 -3.85500 -12.72600 -7.57900 -13.04100
30.00000 -8.80900 -5.45200 -10.09100 -5.88000 -2.55300 -5.26900 -7.05000 -5.39100 -0.44800 -9.70500 -6.32700 -2.00400 -3.85500 -12.23800 -8.55500 -13.04100
31.00000 -8.32100 -5.45200 -10.09100 -6.36800 -2.55300 -5.75800 -9.00300 -7.83300 -0.44800 -9.70500 -7.79200 -3.46900 -3.85500 -11.26100 -10.02000 -13.04100
32.00000 -7.34500 -5.45200 -10.57900 -6.36800 -3.04200 -6.24600 -12.90900 -9.78600 -0.93600 -9.70500 -8.76900 -4.93400 -3.85500 -9.79600 -10.99700 -13.04100
33.00000 -6.36800 -5.94100 -10.09100 -6.36800 -3.04200 -7.71100 -16.81500 -10.27400 -1.42400 -10.19300 -9.25700 -5.42200 -3.36700 -8.82000 -10.99700 -12.55300
34.00000 -5.88000 -6.42900 -9.60300 -6.36800 -4.01800 -9.66400 -17.30300 -9.29800 -1.91200 -11.16900 -8.28000 -4.44500 -3.36700 -7.84300 -10.50800 -11.57600
35.00000 -5.39100 -6.42900 -8.13800 -6.36800 -5.48300 -11.12900 -13.88500 -6.36800 -3.37700 -12.63400 -6.32700 -2.98100 -3.36700 -7.35500 -9.04300 -10.60000
36.00000 -3.92700 -5.45200 -5.20800 -4.90300 -7.43600 -12.10500 -8.51400 -2.95000 -4.84200 -13.61100 -3.88600 -1.02700 -3.36700 -7.35500 -8.06700 -9.62300
37.00000 -2.46200 -3.98800 -2.27900 -2.46200 -8.41300 -12.10500 -4.60800 -0.50900 -5.33000 -13.12300 -1.93300 -0.05100 -2.87900 -7.35500 -7.09000 -8.64700
38.00000 -0.99700 -2.52300 0.16300 -0.50900 -8.41300 -11.12900 -3.14300 1.44400 -5.33000 -11.65800 -1.44400 0.92600 -1.90200 -6.37800 -6.60200 -7.67000
39.00000 -0.02000 -2.03500 0.65100 0.46800 -7.43600 -9.66400 -5.09600 1.44400 -4.84200 -10.19300 -2.42100 0.43700 -1.41400 -5.40200 -6.60200 -6.69400
40.00000 -0.02000 -2.03500 -0.81400 0.46800 -6.46000 -8.19900 -8.02600 0.46800 -3.37700 -8.72800 -4.37400 -0.05100 -0.43700 -4.42500 -7.09000 -6.20500
41.00000 -1.97300 -2.52300 -3.74300 -1.48500 -5.48300 -8.19900 -9.97900 -0.50900 -2.88900 -8.24000 -6.81600 -1.51600 -0.43700 -4.91300 -7.57900 -6.69400
42.00000 -4.41500 -3.98800 -6.67300 -3.43800 -5.48300 -7.71100 -10.46800 -1.97300 -1.91200 -7.75100 -8.76900 -3.46900 -1.41400 -5.89000 -8.55500 -7.67000
43.00000 -6.36800 -4.47600 -9.11500 -5.88000 -4.99500 -7.22200 -10.46800 -3.92700 -1.42400 -7.75100 -11.21000 -5.91000 -2.39100 -7.35500 -10.50800 -9.13500
44.00000 -8.32100 -4.47600 -9.60300 -6.85600 -4.50600 -6.24600 -10.95600 -4.90300 -0.44800 -6.77500 -12.67500 -7.86300 -2.87900 -7.84300 -11.97300 -10.60000
45.00000 -7.83300 -3.98800 -8.62600 -6.36800 -3.53000 -4.78100 -11.93200 -5.39100 0.52900 -5.79800 -14.14000 -9.81600 -2.87900 -8.33100 -13.92600 -11.08800
46.00000 -6.36800 -3.49900 -7.16100 -4.90300 -2.55300 -3.80500 -11.44400 -5.39100 0.52900 -5.79800 -15.11600 -9.81600 -2.87900 -7.84300 -14.41400 -11.08800
47.00000 -3.92700 -2.03500 -4.72000 -2.95000 -2.06500 -3.80500 -9.49100 -4.90300 0.52900 -5.79800 -14.62800 -9.81600 -2.87900 -7.35500 -14.41400 -10.60000
48.00000 -1.48500 -0.57000 -1.79000 -0.99700 -1.57700 -3.80500 -7.05000 -3.92700 0.04100 -5.79800 -13.65200 -8.35200 -2.87900 -7.84300 -12.95000 -10.11100
49.00000 0.46800 0.89500 0.16300 0.46800 -1.08800 -3.31600 -4.60800 -3.43800 0.04100 -5.79800 -11.69800 -7.86300 -3.36700 -8.82000 -11.97300 -10.11100
50.00000 1.44400 2.36000 0.65100 1.93300 -0.11200 -2.82800 -5.09600 -3.92700 0.04100 -5.79800 -10.72200 -7.37500 -3.36700 -9.79600 -10.50800 -10.11100
51.00000 1.44400 3.33700 -0.32600 1.93300 1.84100 -1.85100 -7.53800 -4.90300 1.01700 -5.79800 -9.25700 -6.88700 -3.36700 -10.28400 -10.02000 -10.11100
52.00000 0.46800 3.82500 -2.27900 1.44400 3.30600 -1.36300 -10.95600 -6.36800 1.99400 -5.79800 -9.25700 -6.88700 -2.87900 -9.79600 -10.02000 -9.62300
53.00000 -0.50900 3.82500 -4.23200 0.46800 4.28300 -0.38700 -13.88500 -7.34500 2.48200 -6.77500 -9.25700 -6.88700 -1.90200 -8.82000 -10.02000 -9.13500
54.00000 -0.50900 3.33700 -4.72000 -0.02000 3.79400 0.10200 -15.83900 -8.32100 2.97000 -6.77500 -9.74500 -6.39900 -1.41400 -7.84300 -9.53200 -8.64700
55.00000 -0.02000 3.33700 -4.23200 -0.50900 3.30600 0.10200 -16.81500 -8.32100 2.48200 -6.28700 -9.74500 -5.91000 -0.92600 -6.86600 -9.04300 -8.15800
56.00000 0.46800 3.33700 -3.25500 -0.50900 2.33000 0.10200 -16.81500 -8.32100 1.50600 -5.31000 -9.25700 -5.42200 -0.43700 -6.37800 -8.06700 -7.67000
57.00000 0.46800 2.84800 -2.76700 -0.50900 0.86500 -0.38700 -15.83900 -6.85600 0.52900 -4.82200 -8.28000 -4.44500 0.53900 -5.89000 -7.09000 -7.18200
58.00000 -0.50900 1.38300 -3.25500 -0.50900 -0.60000 -1.85100 -12.42100 -4.90300 -0.93600 -4.33300 -6.81600 -2.98100 0.53900 -5.40200 -6.11400 -6.20500
59.00000 -1.97300 -0.57000 -5.20800 -1.48500 -2.55300 -3.80500 -8.51400 -2.95000 -1.91200 -5.79800 -5.83900 -1.51600 0.53900 -5.40200 -5.62500 -5.71700
60.00000 -3.92700 -1.54600 -7.65000 -2.46200 -3.53000 -5.26900 -6.07300 -1.97300 -2.40100 -7.26300 -6.32700 -1.51600 0.53900 -4.91300 -5.62500 -4.74000
61.00000 -4.90300 -1.54600 -9.60300 -2.95000 -3.53000 -5.75800 -7.53800 -1.97300 -2.40100 -8.72800 -7.79200 -2.00400 0.05100 -4.91300 -6.11400 -5.22900
62.00000 -4.90300 -1.05800 -10.57900 -3.43800 -2.06500 -5.26900 -11.93200 -2.95000 -1.42400 -9.21600 -9.74500 -3.95700 0.05100 -5.40200 -7.09000 -5.71700
63.00000 -4.41500 -0.57000 -11.06800 -3.43800 -0.60000 -4.78100 -17.30300 -4.90300 -1.42400 -8.72800 -11.69800 -5.42200 -0.43700 -5.89000 -7.57900 -6.69400
64.00000 -4.41500 -0.57000 -10.57900 -3.43800 0.37600 -5.26900 -19.74500 -5.39100 -0.44800 -8.24000 -11.69800 -5.42200 -0.92600 -6.37800 -8.06700 -7.18200
65.00000 -5.39100 -2.03500 -10.57900 -3.92700 -0.60000 -6.24600 -17.79200 -5.39100 -0.44800 -8.24000 -10.72200 -4.93400 -1.41400 -7.35500 -8.06700 -7.18200
66.00000 -7.34500 -4.47600 -10.57900 -3.92700 -3.53000 -7.71100 -13.39700 -4.41500 -0.93600 -8.72800 -9.74500 -3.46900 -1.41400 -6.86600 -7.09000 -7.18200
67.00000 -8.80900 -6.42900 -10.09100 -3.92700 -5.97100 -8.68700 -10.46800 -3.43800 -1.42400 -9.70500 -8.76900 -2.49200 -1.41400 -6.86600 -6.60200 -6.69400
68.00000 -9.29800 -6.91700 -9.11500 -3.92700 -6.46000 -8.19900 -10.95600 -2.95000 -1.42400 -9.70500 -8.28000 -2.00400 -1.41400 -6.37800 -6.60200 -6.69400
69.00000 -7.83300 -5.94100 -8.13800 -2.95000 -4.99500 -6.73400 -13.39700 -2.95000 -1.42400 -7.75100 -8.28000 -2.49200 -1.41400 -5.89000 -7.09000 -7.18200
70.00000 -5.39100 -4.47600 -6.18500 -1.97300 -3.04200 -4.78100 -15.35000 -3.43800 -0.93600 -5.79800 -8.76900 -2.98100 -1.41400 -5.40200 -8.06700 -8.15800
71.00000 -2.95000 -2.52300 -5.20800 -1.97300 -1.08800 -3.31600 -14.37400 -3.92700 -0.44800 -4.82200 -9.25700 -3.46900 -1.41400 -5.40200 -8.55500 -8.64700
72.00000 -1.97300 -2.03500 -4.72000 -1.97300 -1.08800 -2.82800 -11.44400 -3.92700 0.04100 -4.33300 -8.76900 -3.46900 -1.41400 -4.91300 -8.55500 -8.64700
73.00000 -2.46200 -1.54600 -4.72000 -2.95000 -2.06500 -2.82800 -8.02600 -4.41500 0.04100 -4.82200 -7.79200 -3.95700 -0.92600 -4.42500 -7.57900 -7.67000
74.00000 -2.95000 -2.03500 -4.72000 -3.43800 -3.04200 -2.82800 -7.53800 -4.90300 0.04100 -5.31000 -5.83900 -3.95700 -0.43700 -3.93700 -6.60200 -6.69400
75.00000 -3.43800 -2.52300 -4.23200 -3.92700 -3.04200 -2.82800 -8.51400 -4.90300 0.04100 -4.82200 -4.37400 -3.95700 0.05100 -3.44800 -5.62500 -6.20500
76.00000 -3.43800 -2.52300 -3.74300 -3.43800 -2.55300 -2.82800 -9.97900 -4.90300 0.52900 -3.84500 -3.39800 -3.46900 0.53900 -2.47200 -5.13700 -5.71700
77.00000 -2.95000 -2.03500 -1.79000 -2.95000 -1.57700 -2.34000 -9.00300 -4.41500 1.01700 -2.38000 -2.42100 -2.00400 1.02700 -1.49500 -5.13700 -5.22900
78.00000 -1.97300 -1.54600 0.16300 -1.97300 -1.57700 -1.36300 -6.56100 -3.92700 1.50600 -1.40400 -2.90900 -1.02700 1.51600 -0.03100 -4.64900 -4.74000
79.00000 -0.50900 -0.57000 2.11600 -0.02000 -1.57700 -0.87500 -4.12000 -4.41500 1.99400 -1.40400 -3.88600 -1.02700 2.49200 0.45800 -4.16100 -3.76400
80.00000 0.95600 0.40700 3.58100 1.44400 -1.57700 0.10200 -4.12000 -5.39100 2.48200 -1.40400 -4.86200 -2.00400 2.98100 0.94600 -4.16100 -3.27600
81.00000 1.93300 1.38300 3.58100 1.93300 -1.57700 0.10200 -5.58500 -6.36800 2.48200 -1.40400 -6.32700 -3.95700 2.49200 0.45800 -5.13700 -3.76400
82.00000 1.93300 0.89500 2.11600 1.93300 -1.08800 -0.38700 -9.00300 -6.85600 2.48200 -0.91600 -7.30400 -5.42200 1.51600 -0.51900 -6.60200 -5.22900
83.00000 -0.02000 -0.57000 -0.81400 0.46800 -1.08800 -1.36300 -11.44400 -6.85600 1.99400 -0.91600 -9.25700 -6.39900 0.53900 -1.98400 -8.55500 -7.18200
84.00000 -2.95000 -3.01100 -4.23200 -1.97300 -2.06500 -2.82800 -13.88500 -6.85600 1.01700 -1.40400 -10.72200 -6.88700 -1.41400 -4.42500 -10.50800 -9.62300
85.00000 -6.36800 -5.94100 -7.65000 -4.90300 -4.01800 -3.80500 -15.83900 -6.36800 0.52900 -2.38000 -12.18700 -6.88700 -1.41400 -5.40200 -11.97300 -11.08800
86.00000 -8.32100 -7.89400 -10.09100 -6.85600 -5.48300 -4.78100 -17.79200 -6.36800 -0.44800 -4.33300 -13.65200 -7.37500 -2.39100 -7.35500 -12.95000 -12.06500
87.00000 -9.29800 -8.38200 -10.57900 -7.34500 -5.97100 -4.78100 -19.74500 -5.39100 -0.44800 -5.79800 -14.14000 -7.37500 -2.39100 -7.84300 -13.92600 -12.55300
88.00000 -8.32100 -7.89400 -9.60300 -6.85600 -5.48300 -3.80500 -19.74500 -4.90300 -0.44800 -7.26300 -15.11600 -7.37500 -2.39100 -8.33100 -14.41400 -13.04100
89.00000 -6.85600 -6.42900 -7.65000 -5.39100 -4.50600 -3.31600 -16.81500 -3.92700 0.04100 -6.77500 -15.11600 -7.37500 -2.39100 -8.33100 -13.92600 -12.55300
90.00000 -5.39100 -4.96400 -5.69700 -4.41500 -4.01800 -2.82800 -10.95600 -3.92700 0.04100 -5.31000 -14.62800 -6.88700 -1.90200 -7.84300 -12.95000 -11.57600
91.00000 -3.92700 -3.49900 -4.23200 -3.43800 -4.01800 -2.34000 -5.58500 -3.92700 0.52900 -3.84500 -14.14000 -6.88700 -1.41400 -6.37800 -11.48500 -10.11100
92.00000 -2.46200 -2.52300 -2.27900 -2.95000 -3.53000 -1.85100 -4.12000 -3.92700 0.52900 -2.38000 -12.67500 -6.88700 -1.41400 -5.40200 -10.02000 -8.64700
93.00000 -0.50900 -0.57000 -1.30200 -2.46200 -2.55300 -0.87500 -6.56100 -4.90300 0.04100 -1.89200 -11.21000 -6.88700 -0.92600 -4.91300 -9.04300 -7.67000
94.00000 1.93300 1.87200 0.16300 -1.48500 -0.11200 0.59000 -10.46800 -4.90300 0.04100 -2.38000 -10.23400 -6.88700 -1.41400 -4.91300 -9.04300 -7.67000
95.00000 3.88600 4.80100 2.11600 -0.02000 2.33000 3.03100 -12.42100 -4.90300 0.52900 -2.38000 -9.25700 -6.39900 -1.41400 -5.40200 -9.04300 -8.15800
96.00000 4.86200 6.75500 3.09200 1.93300 4.28300 4.49600 -10.46800 -4.41500 1.01700 -1.89200 -9.25700 -6.39900 -1.41400 -5.40200 -9.53200 -8.64700
97.00000 4.86200 7.24300 4.06900 2.90900 4.77100 5.47300 -6.07300 -3.92700 1.50600 -0.91600 -9.25700 -6.39900 -1.41400 -5.40200 -9.53200 -8.64700
98.00000 3.88600 6.26600 4.55700 2.90900 4.28300 5.47300 -2.16700 -3.92700 1.99400 0.06100 -9.25700 -6.39900 -1.41400 -4.91300 -9.04300 -7.67000
99.00000 2.90900 4.31300 4.06900 2.42100 2.81800 4.49600 -1.67800 -4.41500 2.48200 0.54900 -8.28000 -6.39900 -0.92600 -3.93700 -8.55500 -6.69400
100.00000 1.93300 2.36000 3.09200 1.44400 1.84100 2.54300 -4.12000 -4.90300 2.48200 0.06100 -7.30400 -5.91000 -0.43700 -3.93700 -8.06700 -6.69400
101.00000 0.95600 0.40700 1.62800 -0.02000 0.86500 1.07800 -7.53800 -4.90300 2.48200 -0.91600 -6.32700 -5.42200 0.05100 -3.93700 -8.06700 -6.69400
102.00000 -0.02000 -0.57000 -0.32600 -1.48500 -0.11200 -0.87500 -9.00300 -5.88000 1.50600 -2.38000 -6.81600 -5.42200 -0.43700 -4.91300 -8.55500 -7.67000
103.00000 -1.48500 -0.57000 -1.79000 -2.95000 -1.08800 -1.36300 -8.51400 -6.85600 1.01700 -3.35700 -8.76900 -5.91000 -1.41400 -5.89000 -10.02000 -8.64700
104.00000 -1.48500 0.89500 -3.25500 -3.43800 -0.60000 -0.38700 -8.02600 -8.32100 0.52900 -4.33300 -11.21000 -7.37500 -2.39100 -7.35500 -11.48500 -10.11100
105.00000 -0.50900 3.33700 -3.25500 -3.43800 1.35300 1.56700 -8.02600 -9.29800 1.01700 -4.33300 -13.16300 -9.32800 -3.36700 -8.33100 -12.95000 -11.57600
106.00000 1.44400 5.77800 -2.76700 -1.97300 3.79400 3.52000 -9.49100 -9.29800 1.50600 -3.84500 -14.14000 -10.79300 -3.85500 -9.30800 -13.92600 -13.04100
107.00000 3.39800 7.24300 -2.27900 -0.99700 5.74700 5.47300 -10.95600 -7.83300 1.99400 -3.84500 -13.16300 -10.79300 -4.34400 -9.79600 -13.92600 -13.52900
108.00000 4.37400 7.24300 -1.79000 -0.02000 6.72400 5.47300 -9.97900 -5.39100 1.50600 -3.35700 -11.69800 -9.81600 -4.83200 -9.79600 -13.43800 -13.52900
109.00000 3.39800 6.26600 -1.79000 -0.02000 5.74700 4.98500 -8.02600 -3.43800 1.50600 -3.35700 -10.72200 -7.86300 -4.83200 -9.79600 -12.46100 -13.04100
110.00000 1.93300 5.29000 -2.27900 -1.48500 3.79400 3.52000 -5.58500 -1.97300 0.52900 -2.86900 -10.23400 -6.39900 -4.34400 -9.30800 -11.48500 -12.06500
111.00000 0.46800 3.82500 -3.74300 -3.43800 1.84100 3.03100 -5.58500 -2.46200 0.52900 -2.38000 -10.72200 -5.91000 -3.36700 -7.84300 -11.48500 -11.08800
112.00000 -0.50900 3.33700 -4.23200 -4.90300 1.35300 3.52000 -9.00300 -2.95000 0.04100 -1.89200 -11.69800 -6.39900 -2.39100 -6.86600 -11.48500 -10.11100
113.00000 -0.50900 3.33700 -4.23200 -5.88000 1.35300 4.00800 -12.90900 -3.92700 0.52900 -0.91600 -11.69800 -6.88700 -1.90200 -5.40200 -11.48500 -9.62300
114.00000 -0.02000 3.33700 -3.74300 -5.88000 1.84100 4.49600 -15.35000 -4.41500 0.52900 -0.42700 -11.21000 -6.88700 -1.41400 -4.42500 -11.48500 -9.13500
115.00000 0.46800 3.82500 -2.76700 -4.90300 1.84100 4.49600 -12.90900 -3.43800 0.04100 -0.42700 -9.74500 -6.39900 -0.92600 -3.44800 -10.50800 -8.15800
116.00000 1.44400 4.31300 -1.30200 -3.43800 1.84100 4.98500 -6.56100 -2.95000 0.04100 0.06100 -8.28000 -4.44500 0.05100 -2.96000 -9.04300 -6.69400
117.00000 3.39800 5.77800 -0.32600 -2.46200 1.35300 5.47300 1.25100 -1.97300 0.04100 0.54900 -6.81600 -2.98100 0.53900 -1.98400 -6.60200 -5.22900
118.00000 5.35100 7.73100 1.13900 -1.97300 1.84100 6.44900 6.62200 -1.48500 0.52900 1.52600 -4.86200 -1.02700 1.51600 -0.51900 -4.16100 -3.27600
119.00000 7.30400 9.19600 3.09200 -1.48500 2.81800 7.42600 6.62200 -1.48500 1.50600 2.99100 -3.39800 -0.05100 2.00400 0.45800 -2.69600 -1.81100
120.00000 9.25700 10.66100 4.55700 -0.02000 3.30600 7.42600 3.69300 -0.99700 1.50600 4.45600 -1.93300 -0.05100 2.00400 0.94600 -1.71900 -1.32200
121.00000 10.72200 11.14900 6.02200 1.44400 4.28300 7.42600 -0.21400 -0.99700 1.50600 4.94400 -1.44400 -0.53900 1.51600 1.92300 -2.20700 -1.32200
122.00000 11.69800 11.63700 6.99900 3.39800 3.79400 6.93800 -2.16700 -0.99700 1.50600 4.45600 -1.93300 -2.00400 0.53900 1.43400 -3.18400 -1.81100
123.00000 12.18700 11.63700 7.97500 4.86200 3.79400 6.44900 -0.70200 -1.48500 1.01700 3.47900 -3.88600 -2.98100 0.53900 0.45800 -4.16100 -2.29900
124.00000 11.69800 11.14900 7.97500 4.86200 3.30600 6.44900 1.25100 -2.46200 1.01700 2.99100 -5.83900 -4.44500 0.53900 -0.51900 -4.64900 -2.78700
125.00000 10.72200 10.17300 6.99900 3.39800 3.30600 5.96100 1.25100 -3.92700 1.01700 2.50200 -7.79200 -4.93400 0.53900 -1.49500 -5.13700 -3.27600
126.00000 9.74500 8.70800 6.02200 1.93300 2.81800 4.98500 -1.19000 -5.39100 1.01700 2.01400 -9.25700 -5.42200 0.53900 -2.47200 -5.62500 -3.76400
127.00000 8.76900 6.75500 4.55700 0.95600 1.35300 3.03100 -4.60800 -6.36800 1.01700 1.03800 -9.74500 -5.91000 0.05100 -4.42500 -6.11400 -4.74000
128.00000 7.79200 5.29000 3.58100 0.46800 -0.11200 1.07800 -6.56100 -6.36800 0.04100 0.06100 -9.25700 -5.91000 -0.92600 -5.89000 -6.60200 -5.71700
129.00000 7.30400 4.31300 3.09200 0.95600 -2.06500 -0.38700 -5.58500 -4.90300 -0.93600 -1.40400 -8.28000 -5.91000 -1.90200 -7.35500 -7.09000 -6.69400
130.00000 6.81600 3.82500 2.60400 0.95600 -3.04200 -0.87500 -3.63200 -2.95000 -1.42400 -2.86900 -6.81600 -4.93400 -3.36700 -8.33100 -7.09000 -7.67000
131.00000 6.32700 3.33700 2.60400 0.95600 -3.53000 -1.36300 -1.67800 -0.99700 -1.42400 -3.84500 -5.35100 -3.46900 -3.36700 -8.82000 -6.60200 -7.67000
132.00000 4.86200 2.36000 2.11600 -0.02000 -3.04200 -1.85100 -1.67800 -0.50900 -1.42400 -4.82200 -4.86200 -2.49200 -3.36700 -9.79600 -5.13700 -7.18200
133.00000 3.39800 1.38300 1.62800 -1.97300 -2.55300 -2.82800 -3.14300 -0.99700 -1.42400 -4.82200 -4.86200 -1.51600 -2.39100 -9.30800 -4.16100 -6.20500
134.00000 1.93300 -0.08100 0.16300 -3.92700 -2.55300 -3.80500 -4.60800 -1.97300 -0.44800 -5.31000 -4.37400 -1.02700 -1.41400 -7.84300 -2.69600 -4.74000
135.00000 0.46800 -0.57000 -1.30200 -5.88000 -3.04200 -4.29300 -5.09600 -2.95000 0.04100 -4.82200 -4.37400 -1.51600 -0.92600 -5.89000 -0.74300 -2.78700
136.00000 -0.02000 -0.57000 -2.76700 -6.36800 -3.53000 -4.29300 -4.60800 -2.95000 0.04100 -4.33300 -3.88600 -2.00400 0.53900 -3.93700 0.72200 -0.83400
137.00000 -0.50900 -0.57000 -3.74300 -6.36800 -3.53000 -3.80500 -5.09600 -3.43800 0.52900 -3.84500 -4.37400 -2.49200 0.53900 -2.96000 1.21100 0.14200
138.00000 -0.99700 -1.05800 -4.23200 -5.88000 -3.53000 -3.80500 -7.53800 -3.92700 0.52900 -3.84500 -5.35100 -3.46900 0.53900 -3.44800 -0.25400 -0.83400
139.00000 -2.46200 -2.03500 -5.20800 -5.88000 -4.50600 -4.78100 -11.93200 -4.41500 -0.44800 -4.82200 -7.30400 -4.93400 0.05100 -4.91300 -3.18400 -2.78700
140.00000 -3.43800 -3.49900 -6.18500 -5.88000 -6.46000 -6.73400 -14.86200 -4.90300 -0.93600 -6.28700 -9.25700 -5.42200 -0.43700 -6.37800 -5.13700 -4.25200
141.00000 -3.92700 -4.96400 -6.18500 -6.36800 -8.90100 -9.17600 -13.88500 -4.41500 -1.42400 -7.26300 -9.74500 -4.93400 -0.43700 -6.37800 -6.11400 -4.74000
142.00000 -2.95000 -5.94100 -5.20800 -5.88000 -11.34200 -11.61700 -8.51400 -3.43800 -2.40100 -7.75100 -8.28000 -3.46900 0.53900 -4.42500 -4.64900 -2.78700
143.00000 -0.99700 -5.45200 -3.25500 -5.39100 -12.80700 -13.08200 -1.19000 -2.46200 -2.88900 -6.77500 -5.83900 -2.00400 1.02700 -2.47200 -1.71900 -0.83400
144.00000 1.44400 -4.47600 -1.79000 -3.92700 -12.31900 -13.08200 3.69300 -1.48500 -3.37700 -5.79800 -3.88600 -1.02700 1.51600 -1.98400 0.23400 0.63100
145.00000 2.42100 -3.49900 -1.30200 -2.95000 -10.85400 -12.10500 2.71600 -1.97300 -3.37700 -5.31000 -3.39800 -1.02700 0.53900 -2.47200 -0.25400 0.63100
146.00000 1.44400 -3.49900 -1.79000 -2.46200 -8.90100 -11.12900 -2.65500 -2.95000 -3.37700 -6.28700 -5.35100 -2.49200 -0.43700 -4.42500 -1.71900 -1.32200
147.00000 -0.02000 -4.47600 -3.74300 -3.43800 -7.43600 -11.12900 -9.49100 -4.90300 -3.37700 -8.24000 -7.79200 -4.44500 -1.41400 -6.37800 -4.16100 -3.76400
148.00000 -1.97300 -5.94100 -5.20800 -4.41500 -7.92400 -12.10500 -13.39700 -6.36800 -3.37700 -9.70500 -10.23400 -5.42200 -1.41400 -7.35500 -6.11400 -4.74000
149.00000 -2.46200 -7.40600 -6.18500 -5.39100 -8.90100 -12.59400 -12.90900 -6.85600 -3.37700 -10.19300 -11.69800 -5.42200 -1.41400 -7.35500 -6.11400 -4.74000
150.00000 -2.46200 -8.38200 -6.18500 -5.39100 -9.38900 -12.59400 -9.97900 -6.85600 -3.37700 -9.21600 -11.69800 -5.91000 -0.92600 -6.86600 -6.11400 -4.25200
151.00000 -2.46200 -7.89400 -6.18500 -5.39100 -9.38900 -12.10500 -8.51400 -7.34500 -2.88900 -7.26300 -11.69800 -5.42200 -0.43700 -5.89000 -6.60200 -4.25200
152.00000 -2.46200 -6.42900 -6.67300 -5.39100 -7.92400 -10.64000 -9.00300 -7.34500 -2.88900 -5.79800 -11.69800 -5.91000 -0.43700 -5.89000 -7.09000 -4.74000
153.00000 -2.95000 -4.96400 -7.65000 -5.88000 -6.46000 -9.17600 -11.93200 -7.34500 -2.40100 -5.31000 -11.69800 -6.39900 -0.92600 -5.89000 -7.57900 -5.22900
154.00000 -3.43800 -3.98800 -8.13800 -5.88000 -5.48300 -8.19900 -13.88500 -6.85600 -2.40100 -5.31000 -11.69800 -6.88700 -1.90200 -6.37800 -8.06700 -5.71700
155.00000 -2.95000 -3.01100 -8.13800 -5.88000 -4.99500 -7.22200 -13.88500 -5.88000 -2.88900 -5.79800 -12.18700 -6.88700 -2.87900 -6.86600 -8.06700 -6.20500
156.00000 -1.97300 -2.03500 -7.16100 -5.88000 -4.99500 -6.24600 -10.95600 -4.90300 -2.40100 -5.31000 -12.18700 -7.37500 -3.36700 -6.86600 -8.06700 -6.69400
157.00000 -0.50900 -1.05800 -5.69700 -5.88000 -4.50600 -5.26900 -7.53800 -4.41500 -1.91200 -3.84500 -12.18700 -7.37500 -3.85500 -7.35500 -8.06700 -7.18200
158.00000 0.46800 -1.05800 -4.23200 -6.36800 -4.01800 -3.80500 -5.09600 -3.92700 -1.42400 -2.38000 -11.69800 -6.88700 -3.85500 -6.86600 -8.55500 -7.67000
159.00000 0.46800 -0.57000 -3.74300 -6.36800 -3.53000 -2.34000 -4.12000 -3.92700 -0.44800 -0.91600 -10.72200 -6.39900 -2.87900 -6.37800 -8.55500 -7.18200
160.00000 0.46800 -0.57000 -3.25500 -6.85600 -3.04200 -1.85100 -4.12000 -3.92700 0.04100 -0.42700 -8.76900 -4.93400 -1.90200 -4.91300 -7.09000 -5.71700
161.00000 -0.02000 -0.57000 -3.25500 -6.36800 -3.53000 -1.85100 -4.12000 -2.95000 0.52900 0.06100 -6.81600 -3.46900 -0.92600 -3.93700 -5.13700 -3.76400
162.00000 -0.50900 -0.08100 -3.74300 -5.39100 -3.53000 -1.85100 -4.60800 -2.46200 0.52900 0.54900 -5.35100 -2.49200 0.05100 -3.44800 -3.67200 -2.78700
163.00000 -1.97300 -0.08100 -4.23200 -5.39100 -4.01800 -2.34000 -5.58500 -1.97300 0.04100 0.06100 -5.83900 -2.98100 -0.43700 -3.93700 -3.67200 -2.78700
164.00000 -3.43800 -0.57000 -5.20800 -5.39100 -4.01800 -2.82800 -8.51400 -2.46200 0.04100 0.06100 -7.30400 -4.93400 -1.41400 -4.91300 -4.64900 -4.25200
165.00000 -4.90300 -1.54600 -6.67300 -6.36800 -3.04200 -2.34000 -10.46800 -2.95000 0.04100 -0.42700 -9.74500 -6.39900 -1.90200 -5.89000 -6.60200 -6.20500
166.00000 -4.90300 -1.54600 -7.16100 -7.34500 -2.06500 -1.85100 -10.46800 -3.92700 1.50600 -0.42700 -11.21000 -7.37500 -2.39100 -6.37800 -7.57900 -7.18200
167.00000 -3.43800 -0.57000 -6.67300 -7.34500 -1.57700 -0.87500 -7.05000 -4.41500 1.99400 0.06100 -10.72200 -6.88700 -1.41400 -5.89000 -7.57900 -6.69400
168.00000 -0.50900 1.87200 -4.72000 -6.36800 -0.60000 0.59000 -1.67800 -4.41500 2.97000 1.52600 -9.25700 -5.42200 -0.43700 -3.93700 -6.11400 -5.22900
169.00000 2.42100 4.31300 -2.27900 -4.90300 -0.11200 2.05500 2.22800 -3.92700 3.45900 2.50200 -7.30400 -3.95700 0.53900 -2.47200 -4.64900 -3.76400
170.00000 4.37400 6.26600 -1.30200 -2.95000 -0.11200 2.54300 0.76300 -3.92700 2.97000 2.99100 -6.81600 -3.95700 1.02700 -1.49500 -4.16100 -3.27600
171.00000 4.37400 7.24300 -1.30200 -1.48500 0.86500 2.05500 -4.60800 -3.92700 2.48200 2.50200 -8.28000 -5.42200 0.05100 -1.98400 -5.13700 -3.76400
172.00000 2.90900 6.26600 -2.27900 -0.50900 1.35300 1.56700 -11.44400 -4.90300 1.50600 0.54900 -11.69800 -7.86300 -1.41400 -3.44800 -8.06700 -5.71700
173.00000 1.44400 4.80100 -4.72000 -0.50900 1.84100 0.10200 -14.86200 -4.90300 0.04100 -1.40400 -15.11600 -9.81600 -3.36700 -5.89000 -10.50800 -8.15800
174.00000 -0.02000 3.82500 -6.67300 -0.99700 1.35300 -1.36300 -14.37400 -5.39100 -0.44800 -3.35700 -18.04600 -11.28100 -4.83200 -7.84300 -12.95000 -10.11100
175.00000 -0.50900 2.84800 -7.65000 -1.97300 0.37600 -2.82800 -10.95600 -5.88000 -0.93600 -3.84500 -19.02300 -11.28100 -5.32000 -8.82000 -13.43800 -10.60000
176.00000 -0.50900 2.36000 -7.65000 -3.43800 -0.11200 -2.82800 -8.02600 -5.88000 -0.44800 -3.84500 -17.55800 -10.79300 -4.34400 -8.33100 -11.97300 -10.11100
177.00000 -0.02000 2.36000 -7.16100 -4.41500 -0.11200 -1.85100 -8.51400 -6.85600 0.52900 -2.38000 -14.14000 -9.32800 -3.36700 -6.86600 -9.53200 -7.67000
178.00000 1.44400 4.31300 -6.18500 -4.41500 1.84100 1.07800 -10.95600 -6.85600 1.99400 -0.91600 -10.72200 -7.37500 -1.41400 -4.91300 -6.60200 -4.74000
179.00000 2.90900 7.24300 -5.20800 -3.92700 4.28300 4.49600 -12.42100 -6.85600 2.97000 1.03800 -8.28000 -6.39900 0.05100 -3.44800 -3.67200 -2.29900
180.00000 4.86200 10.66100 -3.74300 -2.95000 6.72400 7.91400 -11.93200 -6.85600 3.94700 2.50200 -7.30400 -5.42200 1.02700 -2.96000 -2.69600 -1.32200
181.00000 5.83900 12.12600 -2.76700 -1.97300 7.21200 9.37900 -9.97900 -6.85600 4.92400 2.99100 -8.28000 -5.91000 1.02700 -2.96000 -3.18400 -1.32200
182.00000 4.86200 11.63700 -3.25500 -1.97300 6.23600 8.89100 -9.00300 -6.85600 4.92400 2.50200 -9.74500 -7.37500 0.53900 -3.44800 -4.64900 -2.78700
183.00000 2.42100 8.21900 -5.20800 -3.92700 3.30600 5.96100 -10.46800 -7.34500 4.43500 1.52600 -11.21000 -7.86300 0.05100 -4.42500 -6.60200 -4.25200
184.00000 -1.48500 3.33700 -7.65000 -5.88000 -0.11200 1.56700 -13.39700 -7.34500 2.97000 0.06100 -12.67500 -7.86300 0.05100 -4.91300 -7.09000 -4.74000
185.00000 -4.41500 -0.57000 -10.57900 -7.83300 -3.04200 -1.36300 -14.86200 -7.34500 1.99400 -1.40400 -11.69800 -7.37500 -0.43700 -4.91300 -6.60200 -4.25200
186.00000 -5.39100 -2.03500 -11.06800 -8.80900 -3.53000 -2.82800 -13.88500 -6.36800 1.01700 -1.89200 -10.23400 -5.91000 -0.43700 -4.91300 -5.13700 -3.27600
187.00000 -3.43800 -0.08100 -9.60300 -8.32100 -3.04200 -1.85100 -9.97900 -5.39100 0.52900 -2.38000 -7.79200 -4.93400 -0.43700 -4.42500 -3.67200 -2.78700
188.00000 -0.02000 3.33700 -7.16100 -7.34500 -2.06500 0.10200 -5.58500 -4.41500 0.04100 -2.86900 -6.32700 -4.93400 -0.92600 -4.91300 -3.18400 -2.78700
189.00000 2.42100 6.75500 -5.20800 -5.88000 -0.60000 1.56700 -4.12000 -4.41500 -0.93600 -3.84500 -5.83900 -5.42200 -1.90200 -6.37800 -3.18400 -3.76400
190.00000 3.39800 7.73100 -4.72000 -5.39100 0.37600 2.05500 -6.07300 -4.90300 -1.42400 -4.33300 -6.32700 -5.91000 -2.87900 -7.84300 -4.16100 -4.74000
191.00000 2.90900 7.24300 -6.18500 -5.39100 0.37600 0.59000 -9.97900 -5.88000 -2.88900 -5.31000 -6.81600 -6.39900 -4.34400 -8.82000 -4.64900 -5.71700
192.00000 1.93300 5.77800 -7.16100 -5.39100 -0.11200 -0.87500 -13.88500 -6.85600 -3.37700 -6.28700 -7.30400 -6.39900 -4.83200 -8.82000 -4.16100 -5.22900
193.00000 1.44400 4.31300 -7.65000 -4.90300 -1.08800 -1.85100 -15.35000 -7.83300 -3.37700 -6.28700 -7.30400 -6.88700 -5.32000 -8.33100 -3.18400 -4.25200
194.00000 1.93300 3.82500 -6.67300 -3.92700 -2.06500 -2.82800 -13.39700 -7.83300 -3.37700 -6.28700 -6.81600 -6.88700 -4.83200 -6.86600 -2.20700 -3.76400
195.00000 2.42100 3.33700 -5.20800 -3.43800 -3.53000 -3.31600 -8.51400 -7.34500 -2.88900 -6.28700 -5.83900 -6.39900 -3.85500 -5.89000 -1.23100 -2.29900
196.00000 2.90900 2.84800 -3.74300 -2.95000 -4.50600 -3.31600 -3.14300 -6.36800 -2.40100 -5.79800 -4.86200 -5.42200 -2.87900 -4.42500 -0.25400 -1.32200
197.00000 2.90900 2.36000 -2.76700 -3.92700 -4.99500 -3.31600 0.76300 -5.39100 -1.91200 -4.82200 -3.39800 -3.95700 -1.41400 -2.96000 1.21100 0.63100
198.00000 2.90900 2.84800 -2.27900 -4.41500 -4.50600 -2.34000 1.25100 -4.90300 -1.42400 -3.35700 -2.42100 -2.98100 0.05100 -1.98400 2.18700 2.09600
199.00000 3.39800 3.33700 -2.27900 -4.90300 -3.53000 -0.87500 -1.19000 -3.92700 -0.44800 -1.40400 -1.93300 -2.00400 1.02700 -0.51900 3.16400 3.56000
200.00000 3.39800 4.31300 -2.76700 -4.90300 -3.04200 1.56700 -4.60800 -3.92700 0.04100 -0.42700 -1.93300 -2.00400 1.02700 -0.03100 3.16400 3.56000
201.00000 3.39800 4.80100 -3.25500 -4.90300 -2.55300 2.54300 -8.02600 -4.41500 0.52900 -0.42700 -3.88600 -2.98100 0.53900 -0.51900 1.21100 2.09600
202.00000 3.39800 4.31300 -3.25500 -3.92700 -2.55300 2.54300 -8.51400 -4.90300 -0.44800 -1.89200 -6.32700 -4.44500 -0.92600 -2.96000 -1.23100 -0.83400
203.00000 3.39800 3.82500 -3.25500 -2.95000 -2.06500 1.56700 -7.53800 -4.90300 -1.42400 -3.84500 -8.76900 -5.91000 -3.36700 -6.37800 -4.16100 -3.76400
204.00000 3.88600 3.82500 -2.27900 -1.48500 -1.57700 0.10200 -6.07300 -4.41500 -2.40100 -5.79800 -10.72200 -6.88700 -4.83200 -9.30800 -5.62500 -5.71700
205.00000 4.86200 4.80100 -0.81400 -0.02000 -0.11200 0.10200 -6.07300 -3.43800 -3.37700 -6.77500 -10.72200 -6.88700 -6.29700 -10.77300 -6.60200 -7.18200
206.00000 6.32700 7.24300 -0.32600 0.95600 1.84100 1.56700 -7.53800 -3.43800 -3.37700 -6.28700 -10.23400 -6.88700 -6.29700 -11.26100 -6.11400 -7.18200
207.00000 7.30400 9.68400 -0.32600 0.46800 3.30600 4.00800 -9.49100 -3.43800 -2.40100 -5.31000 -9.25700 -6.88700 -5.80900 -10.28400 -5.62500 -6.69400
208.00000 7.79200 11.14900 -1.30200 -0.99700 4.77100 6.93800 -9.97900 -4.90300 -0.93600 -3.84500 -9.25700 -6.88700 -4.83200 -9.30800 -5.13700 -5.71700
209.00000 7.30400 12.12600 -2.27900 -2.95000 5.25900 8.40300 -9.49100 -5.88000 0.52900 -2.86900 -9.25700 -7.37500 -3.36700 -8.33100 -5.13700 -4.74000
210.00000 6.81600 11.63700 -3.74300 -4.90300 5.25900 9.37900 -9.00300 -6.36800 1.50600 -2.38000 -9.74500 -7.37500 -2.87900 -7.35500 -5.62500 -4.74000
211.00000 6.32700 10.66100 -4.23200 -6.36800 4.77100 8.89100 -9.00300 -6.85600 2.48200 -2.86900 -10.72200 -7.86300 -2.39100 -6.37800 -6.11400 -4.74000
212.00000 4.37400 8.70800 -5.69700 -7.34500 3.79400 7.42600 -10.95600 -6.85600 1.99400 -3.35700 -10.72200 -7.86300 -2.87900 -6.37800 -7.09000 -5.71700
213.00000 2.90900 7.73100 -7.65000 -8.32100 1.84100 5.47300 -13.39700 -7.83300 1.99400 -2.86900 -11.21000 -8.84000 -3.36700 -6.37800 -8.06700 -6.20500
214.00000 0.95600 6.75500 -10.09100 -8.80900 0.37600 4.98500 -14.86200 -8.80900 1.50600 -1.89200 -11.69800 -9.81600 -3.85500 -6.37800 -8.06700 -6.69400
215.00000 -0.02000 6.75500 -11.06800 -8.80900 0.37600 4.98500 -14.86200 -9.78600 1.50600 -0.42700 -12.67500 -10.30500 -3.85500 -5.89000 -8.06700 -6.20500
216.00000 0.95600 8.70800 -9.60300 -7.34500 2.33000 6.93800 -12.90900 -9.78600 1.99400 1.03800 -12.67500 -10.79300 -3.36700 -4.42500 -7.09000 -4.74000
217.00000 3.88600 11.63700 -6.18500 -4.90300 5.25900 9.37900 -10.46800 -8.80900 2.48200 2.50200 -11.69800 -9.81600 -2.39100 -2.96000 -6.11400 -3.76400
218.00000 7.79200 14.07900 -1.79000 -1.97300 7.21200 11.33200 -8.51400 -7.34500 2.48200 2.50200 -9.25700 -7.86300 -1.41400 -1.49500 -4.64900 -2.78700
219.00000 9.74500 15.05500 0.65100 -0.02000 7.21200 11.33200 -9.00300 -5.39100 1.99400 2.50200 -6.32700 -5.91000 -0.43700 -1.00700 -3.67200 -1.81100
220.00000 9.25700 14.07900 0.65100 -0.02000 4.77100 9.86700 -9.49100 -3.92700 1.01700 1.52600 -3.88600 -3.95700 0.05100 -0.51900 -1.71900 -0.83400
221.00000 6.32700 10.66100 -1.79000 -1.97300 0.37600 5.96100 -9.49100 -2.95000 -0.44800 0.06100 -2.42100 -2.00400 0.53900 -0.03100 -0.74300 0.14200
222.00000 1.93300 6.75500 -4.23200 -4.41500 -3.53000 1.56700 -6.07300 -1.97300 -1.42400 -1.40400 -1.93300 -0.53900 1.02700 -0.03100 0.72200 1.60700
223.00000 -0.99700 3.33700 -5.20800 -5.88000 -6.46000 -2.34000 -1.19000 -1.48500 -2.88900 -3.84500 -1.93300 -0.05100 1.02700 -0.51900 1.21100 1.60700
224.00000 -2.46200 0.89500 -5.69700 -6.36800 -6.94800 -5.26900 4.18100 -0.99700 -3.37700 -5.31000 -1.93300 -0.05100 0.53900 -1.49500 1.21100 1.60700
225.00000 -2.95000 -0.08100 -5.69700 -5.88000 -6.94800 -6.24600 6.13400 -0.50900 -3.86600 -6.77500 -1.93300 -0.05100 -0.43700 -2.47200 0.72200 0.14200
226.00000 -2.95000 -0.57000 -6.18500 -5.88000 -7.43600 -6.24600 4.18100 -0.50900 -4.35400 -6.77500 -1.44400 -0.05100 -1.41400 -3.44800 0.72200 -0.34600
227.00000 -2.95000 -0.57000 -6.67300 -6.36800 -7.43600 -5.75800 -0.21400 -0.99700 -4.35400 -5.79800 -0.95600 -0.05100 -1.90200 -3.93700 0.72200 -0.34600
228.00000 -3.92700 -0.57000 -8.13800 -7.83300 -7.92400 -4.29300 -4.60800 -1.97300 -3.86600 -3.84500 -1.44400 -0.05100 -1.41400 -3.44800 1.21100 0.14200
229.00000 -4.41500 -0.57000 -8.62600 -8.80900 -7.43600 -3.31600 -7.05000 -3.43800 -2.88900 -2.86900 -1.93300 -1.02700 -0.43700 -1.98400 1.21100 1.11900
230.00000 -4.90300 0.40700 -9.11500 -9.78600 -5.97100 -2.34000 -7.53800 -4.90300 -1.42400 -1.89200 -3.39800 -2.00400 0.53900 -1.00700 1.21100 1.60700
231.00000 -4.90300 0.40700 -9.60300 -9.78600 -4.01800 -1.85100 -7.53800 -6.85600 -0.44800 -1.40400 -4.86200 -2.98100 1.51600 -0.03100 0.72200 1.60700
232.00000 -3.92700 1.38300 -10.57900 -9.29800 -3.04200 -1.36300 -9.00300 -7.83300 0.52900 -0.91600 -6.32700 -3.95700 2.49200 0.45800 0.23400 1.60700
233.00000 -2.95000 1.87200 -11.06800 -8.80900 -2.55300 -0.38700 -10.95600 -8.32100 1.01700 -0.42700 -7.30400 -4.44500 2.98100 0.45800 0.23400 1.11900
234.00000 -2.46200 2.36000 -10.57900 -7.83300 -2.55300 0.10200 -12.90900 -8.32100 1.01700 0.06100 -7.79200 -5.42200 2.49200 -0.03100 -0.25400 0.63100
235.00000 -0.99700 2.84800 -9.11500 -5.88000 -2.55300 -0.87500 -13.39700 -8.32100 1.01700 -0.42700 -7.79200 -6.39900 1.51600 -1.49500 -1.23100 -0.34600
236.00000 -0.50900 2.84800 -7.16100 -3.92700 -1.57700 -1.85100 -11.93200 -7.83300 0.52900 -1.89200 -8.76900 -7.37500 0.05100 -3.44800 -3.18400 -1.81100
237.00000 -0.50900 2.84800 -5.69700 -2.46200 -0.60000 -3.31600 -9.97900 -8.32100 0.04100 -3.35700 -10.23400 -8.35200 -1.41400 -4.91300 -5.62500 -3.76400
238.00000 -0.02000 2.84800 -5.20800 -1.48500 0.86500 -3.80500 -9.49100 -7.83300 0.52900 -3.84500 -11.21000 -8.84000 -2.39100 -5.89000 -7.57900 -5.22900
239.00000 0.46800 2.84800 -5.69700 -1.48500 2.33000 -2.82800 -9.97900 -7.83300 0.52900 -3.35700 -12.18700 -8.84000 -2.87900 -4.91300 -8.55500 -5.71700
240.00000 1.44400 4.31300 -5.20800 -1.48500 2.81800 0.10200 -10.95600 -7.34500 1.01700 -1.89200 -12.18700 -8.35200 -2.39100 -3.44800 -7.57900 -5.22900
241.00000 2.90900 6.75500 -4.23200 -1.48500 3.30600 2.54300 -9.97900 -6.36800 1.01700 -0.91600 -10.72200 -7.37500 -1.41400 -2.47200 -6.11400 -3.76400
242.00000 4.37400 7.73100 -1.79000 -0.99700 3.30600 4.00800 -8.02600 -4.90300 0.52900 -0.42700 -8.76900 -5.91000 -1.41400 -1.98400 -4.64900 -2.78700
243.00000 4.86200 8.21900 -0.81400 -0.99700 2.33000 3.52000 -5.58500 -3.92700 -0.93600 -0.91600 -6.81600 -4.44500 -0.92600 -1.98400 -2.69600 -1.32200
244.00000 3.39800 6.26600 -1.30200 -1.97300 0.86500 0.59000 -5.09600 -2.95000 -1.91200 -2.38000 -4.86200 -2.00400 -0.92600 -1.98400 -1.23100 -0.83400
245.00000 0.46800 2.84800 -3.25500 -3.43800 -1.57700 -2.34000 -6.07300 -1.97300 -3.37700 -3.35700 -2.90900 0.43700 0.05100 -1.98400 0.72200 0.63100
246.00000 -2.46200 -0.57000 -6.18500 -5.88000 -4.50600 -5.75800 -8.02600 -1.48500 -3.86600 -3.84500 -1.93300 2.39100 0.53900 -1.00700 2.18700 1.60700
247.00000 -5.88000 -3.01100 -8.62600 -7.83300 -6.94800 -7.71100 -9.00300 -1.48500 -4.35400 -3.84500 -0.95600 2.87900 1.02700 -0.51900 3.16400 2.58400
248.00000 -6.85600 -3.98800 -8.62600 -7.83300 -8.41300 -8.19900 -7.05000 -1.48500 -4.35400 -3.84500 -0.95600 2.87900 1.02700 -0.51900 3.16400 2.09600
249.00000 -6.36800 -3.98800 -7.65000 -7.34500 -8.41300 -8.19900 -3.14300 -1.97300 -3.37700 -3.35700 -1.44400 1.41400 1.51600 -1.00700 2.18700 1.11900
250.00000 -4.90300 -2.52300 -6.18500 -6.36800 -7.43600 -7.22200 0.76300 -2.95000 -2.40100 -2.86900 -2.42100 -0.05100 1.51600 -1.00700 0.23400 0.14200
251.00000 -2.95000 -1.54600 -4.72000 -5.88000 -5.97100 -5.75800 1.74000 -3.43800 -0.93600 -2.38000 -3.88600 -1.02700 2.49200 -0.51900 -0.74300 0.14200
252.00000 -1.48500 -0.57000 -4.23200 -4.90300 -4.50600 -4.78100 -1.19000 -4.41500 0.52900 -0.91600 -5.83900 -2.49200 3.46900 0.94600 -1.71900 0.14200
253.00000 -0.50900 0.89500 -3.74300 -4.90300 -4.01800 -3.80500 -6.07300 -5.39100 1.50600 0.54900 -6.81600 -3.46900 3.46900 2.41100 -1.71900 0.63100
254.00000 -0.02000 1.38300 -3.74300 -3.92700 -4.01800 -2.82800 -9.97900 -5.88000 1.50600 1.03800 -7.79200 -4.93400 2.98100 2.41100 -2.20700 0.14200
255.00000 -0.02000 2.36000 -3.25500 -3.43800 -4.01800 -1.85100 -10.46800 -6.36800 1.99400 1.03800 -8.28000 -5.91000 2.00400 0.94600 -2.69600 -0.83400
256.00000 -0.02000 2.36000 -3.25500 -3.43800 -3.53000 -1.85100 -9.00300 -6.85600 1.99400 0.06100 -8.76900 -5.91000 1.02700 -0.51900 -3.18400 -1.81100
