1.00000 -2.93000 -4.42500 -0.47800 -1.57700 -3.93700 -6.72400 4.52700 1.40400 -1.84100 -1.63800 3.18400 4.61800 3.36700 4.28300 6.28700 6.87700
2.00000 -3.90600 -6.86600 -0.96600 -1.57700 -5.89000 -9.65400 3.06200 0.91600 -2.33000 -3.10300 0.74300 2.66500 1.41400 1.35300 3.84500 4.43500
3.00000 -4.88300 -8.33100 -1.45500 -1.57700 -7.35500 -12.09500 -0.35600 0.42700 -3.30600 -4.56700 -0.23400 1.20000 -0.05100 -1.08800 1.89200 1.99400
4.00000 -5.37100 -8.82000 -1.45500 -2.06500 -8.33100 -12.58300 -2.79700 -0.06100 -3.79400 -5.54400 -0.23400 0.22400 -1.02700 -2.06500 1.40400 1.01700
5.00000 -4.88300 -7.84300 -0.96600 -1.57700 -8.33100 -11.60700 -3.77400 -0.06100 -4.28300 -5.54400 0.74300 0.22400 -1.51600 -2.06500 1.40400 1.01700
6.00000 -3.90600 -5.40200 0.01000 -1.08800 -7.35500 -9.65400 -1.82100 0.42700 -4.28300 -4.56700 1.71900 1.20000 -2.00400 -1.57700 2.38000 1.50600
7.00000 -1.95300 -3.44800 0.49800 -0.11200 -5.40200 -6.72400 0.13200 0.42700 -3.79400 -3.10300 2.20700 1.68900 -2.00400 -0.11200 2.86900 1.99400
8.00000 -1.46500 -2.47200 0.98700 0.37600 -3.93700 -5.25900 0.13200 -0.54900 -2.81800 -2.12600 1.71900 0.71200 -2.00400 0.37600 2.86900 2.48200
9.00000 -0.97700 -2.96000 0.01000 -0.11200 -3.44800 -4.77100 -2.79700 -2.50200 -1.35300 -1.14900 0.25400 -0.26400 -1.51600 0.86500 1.89200 1.50600
10.00000 -1.95300 -3.93700 -1.45500 -0.60000 -3.44800 -4.77100 -6.21500 -3.47900 -0.86500 -0.17300 -0.72200 -1.72900 -1.02700 1.35300 0.91600 1.01700
11.00000 -3.41800 -5.40200 -2.43100 -1.57700 -3.93700 -4.77100 -7.68000 -3.47900 -0.37600 0.80400 -1.21100 -1.72900 -0.53900 1.84100 0.91600 1.01700
12.00000 -5.37100 -6.86600 -3.89600 -2.55300 -4.42500 -4.77100 -6.70400 -2.99100 0.11200 1.78000 0.25400 -0.26400 -0.05100 2.81800 1.89200 1.50600
13.00000 -7.32400 -7.84300 -4.87300 -4.01800 -4.91300 -4.77100 -3.28600 -1.52600 0.11200 3.24500 2.69600 2.17700 0.43700 4.28300 3.35700 2.48200
14.00000 -8.78900 -8.33100 -5.84900 -4.50600 -5.40200 -4.77100 1.10900 -0.06100 0.60000 3.73300 5.13700 3.64200 1.90200 5.74700 4.82200 4.43500
15.00000 -9.27700 -8.82000 -6.82600 -5.48300 -5.89000 -4.28300 5.01500 0.42700 1.08800 4.71000 6.60200 4.13000 2.39100 6.23600 5.79800 4.92400
16.00000 -8.78900 -8.33100 -6.82600 -5.48300 -6.37800 -4.28300 7.94500 0.91600 1.08800 4.71000 6.60200 4.13000 2.87900 6.72400 5.79800 5.41200
17.00000 -6.83600 -7.35500 -4.87300 -4.50600 -5.40200 -3.30600 9.41000 1.40400 0.60000 4.71000 6.11400 3.64200 2.39100 6.23600 5.31000 4.92400
18.00000 -4.39500 -4.91300 -1.94300 -2.06500 -4.42500 -2.33000 8.43300 2.38000 0.60000 5.19800 5.13700 3.15300 1.90200 5.25900 4.33300 3.94700
19.00000 -1.95300 -2.96000 0.01000 -0.11200 -2.47200 -1.35300 5.99200 2.86900 0.11200 4.71000 3.67200 2.17700 0.43700 4.28300 2.86900 2.48200
20.00000 -1.46500 -2.47200 0.98700 0.86500 -1.00700 -0.37600 2.08500 2.86900 0.60000 4.71000 2.69600 1.68900 -0.05100 2.81800 1.89200 1.01700
21.00000 -2.44100 -2.96000 -0.47800 0.86500 -0.51900 -0.86500 -0.35600 2.38000 1.08800 3.73300 0.74300 0.22400 -0.53900 1.84100 0.42700 0.04100
22.00000 -4.39500 -4.42500 -2.92000 -0.11200 -1.00700 -1.35300 -0.84400 1.40400 1.57700 2.75700 -1.21100 -0.75300 -0.05100 1.35300 -1.03800 -0.93600
23.00000 -5.85900 -5.40200 -4.87300 -1.57700 -1.00700 -1.84100 0.13200 0.42700 1.57700 1.78000 -2.67500 -1.24100 0.43700 1.35300 -1.03800 -0.44800
24.00000 -5.85900 -5.40200 -5.36100 -2.06500 -0.03100 -1.84100 1.59700 0.42700 1.57700 1.29200 -2.18700 -0.75300 0.92600 2.33000 -0.06100 0.52900
25.00000 -4.39500 -3.93700 -3.40800 -2.06500 1.43400 -0.37600 2.08500 0.91600 1.57700 1.29200 -0.23400 0.71200 1.41400 3.30600 1.40400 1.50600
26.00000 -2.44100 -1.98400 -1.94300 -1.57700 2.89900 1.08800 1.10900 0.91600 2.06500 2.26800 1.71900 1.20000 1.90200 4.28300 2.38000 2.48200
27.00000 -0.97700 -0.51900 -0.96600 -1.57700 3.38700 2.06500 -0.35600 0.42700 2.55300 3.24500 3.18400 1.20000 1.90200 5.25900 2.38000 1.99400
28.00000 -0.97700 -0.51900 -1.45500 -2.55300 2.89900 2.06500 -1.82100 -1.52600 2.55300 4.71000 2.20700 0.22400 0.92600 4.77100 0.91600 0.52900
29.00000 -2.44100 -1.98400 -2.92000 -3.53000 2.41100 1.57700 -2.79700 -2.99100 3.04200 5.19800 0.25400 -1.72900 0.43700 3.79400 -1.03800 -0.93600
30.00000 -4.39500 -3.93700 -4.38400 -4.50600 1.43400 0.60000 -3.28600 -3.96700 3.04200 5.19800 -2.18700 -3.19400 -0.05100 2.81800 -2.50200 -2.40100
31.00000 -5.85900 -5.40200 -5.36100 -4.99500 0.45800 0.11200 -4.26200 -4.94400 3.04200 4.71000 -3.16400 -3.19400 -0.05100 1.84100 -2.99100 -2.40100
32.00000 -7.81200 -5.89000 -6.33700 -5.97100 -0.51900 -0.86500 -5.72700 -4.45600 3.04200 3.73300 -2.67500 -2.21800 0.92600 2.33000 -1.52600 -1.42400
33.00000 -8.30100 -5.89000 -6.82600 -5.97100 -1.49500 -1.35300 -5.72700 -3.96700 3.04200 3.24500 -0.72200 -0.26400 1.90200 3.79400 -0.06100 0.04100
34.00000 -8.78900 -6.37800 -7.31400 -6.46000 -1.98400 -1.84100 -4.75100 -3.47900 2.55300 3.73300 1.23100 0.71200 3.36700 5.25900 1.89200 1.99400
35.00000 -9.27700 -6.86600 -7.80200 -6.94800 -2.47200 -1.84100 -2.79700 -2.99100 2.55300 5.19800 2.20700 2.17700 3.85500 7.21200 3.35700 3.45900
36.00000 -8.78900 -6.86600 -6.82600 -6.94800 -2.47200 -1.35300 -0.35600 -2.50200 2.55300 6.66300 2.20700 2.17700 4.83200 8.18900 3.84500 4.43500
37.00000 -7.32400 -6.37800 -5.36100 -6.46000 -1.98400 0.11200 1.59700 -1.52600 2.55300 8.12800 2.69600 2.66500 4.83200 9.16500 3.84500 5.41200
38.00000 -4.88300 -4.42500 -2.92000 -5.48300 -1.00700 2.06500 2.57400 -1.03800 3.04200 8.61600 3.18400 2.66500 4.83200 9.16500 4.33300 5.90000
39.00000 -2.44100 -2.47200 -0.47800 -4.01800 0.45800 4.01800 2.08500 -1.03800 3.53000 8.61600 4.16100 2.17700 5.32000 8.67700 4.82200 6.38800
40.00000 -0.97700 -0.03100 0.49800 -2.55300 0.94600 4.99500 1.10900 -1.52600 4.01800 8.12800 4.64900 1.20000 4.83200 7.70100 5.31000 5.90000
41.00000 -0.48800 0.94600 0.49800 -2.55300 1.92300 5.48300 -0.84400 -1.52600 4.01800 7.64000 4.64900 0.22400 3.85500 6.23600 4.82200 5.41200
42.00000 -1.95300 0.45800 -0.47800 -2.55300 2.41100 4.50600 -2.79700 -1.52600 4.01800 6.66300 2.69600 -0.75300 2.39100 4.28300 2.86900 3.45900
43.00000 -3.41800 -1.00700 -1.45500 -2.55300 2.41100 3.53000 -3.77400 -1.52600 3.04200 5.19800 -0.23400 -2.21800 0.92600 1.35300 -0.54900 0.52900
44.00000 -4.39500 -2.47200 -1.45500 -2.55300 1.43400 2.06500 -2.79700 -0.54900 2.55300 3.73300 -2.67500 -3.19400 -1.51600 -1.57700 -3.47900 -2.40100
45.00000 -3.90600 -3.44800 -0.96600 -2.06500 0.94600 1.57700 0.62100 -0.06100 1.57700 2.75700 -5.11700 -3.68200 -3.46900 -4.01800 -5.92000 -5.33000
46.00000 -1.95300 -2.96000 0.01000 -1.08800 0.45800 1.57700 5.01500 -0.06100 1.08800 2.26800 -6.09300 -4.17100 -4.44500 -5.48300 -6.89700 -6.79500
47.00000 -0.97700 -1.98400 0.49800 -0.60000 0.45800 2.06500 7.45600 -0.06100 1.08800 2.26800 -5.11700 -4.17100 -4.93400 -5.48300 -6.89700 -6.79500
48.00000 -0.48800 -1.00700 0.49800 -0.60000 0.94600 2.55300 6.96800 -0.54900 0.60000 1.29200 -3.65200 -3.68200 -4.93400 -4.50600 -5.92000 -5.81900
49.00000 -1.46500 -0.51900 0.49800 -0.60000 1.92300 2.55300 4.52700 -0.54900 0.11200 0.31500 -1.69900 -2.70600 -3.95700 -3.53000 -3.96700 -4.35400
50.00000 -1.95300 -0.51900 0.98700 -0.11200 2.41100 1.57700 2.08500 -0.06100 -0.37600 -1.14900 0.25400 -1.72900 -2.98100 -3.04200 -2.01400 -2.40100
51.00000 -1.46500 -0.51900 2.45200 1.35300 1.92300 1.08800 1.59700 0.91600 -0.86500 -1.63800 2.20700 0.22400 -2.49200 -2.55300 0.91600 -0.44800
52.00000 -0.48800 -0.51900 3.42800 2.81800 1.43400 0.11200 3.06200 1.89200 -0.86500 -2.12600 4.16100 1.20000 -1.51600 -2.06500 4.33300 1.50600
53.00000 0.48800 -1.00700 3.91600 3.79400 1.43400 -0.37600 5.01500 2.38000 -0.37600 -2.12600 6.11400 1.68900 -0.53900 -0.60000 7.75100 3.45900
54.00000 0.00000 -1.98400 2.94000 3.30600 0.94600 -0.37600 5.50300 1.89200 -0.37600 -1.63800 7.57900 2.66500 0.43700 0.37600 9.70500 4.92400
55.00000 -1.95300 -3.44800 0.98700 1.84100 0.45800 -1.35300 3.55000 1.89200 0.11200 -1.63800 8.55500 3.15300 0.92600 1.84100 9.70500 6.38800
56.00000 -4.88300 -5.40200 -0.96600 -0.11200 -0.03100 -1.35300 1.10900 1.89200 0.60000 -0.66100 8.55500 4.13000 1.90200 2.81800 9.21600 6.38800
57.00000 -6.34800 -6.86600 -2.43100 -2.06500 -1.49500 -1.84100 0.13200 1.89200 0.60000 1.78000 7.57900 4.61800 2.87900 3.79400 7.75100 6.38800
58.00000 -7.32400 -6.86600 -1.94300 -3.04200 -2.47200 -1.35300 1.59700 2.38000 1.08800 4.22200 7.09000 6.08300 3.85500 4.77100 7.75100 6.87700
59.00000 -5.85900 -6.37800 -1.45500 -3.04200 -2.96000 -0.86500 4.03800 2.38000 1.08800 6.17500 7.57900 7.06000 4.83200 6.72400 8.24000 7.36500
60.00000 -5.37100 -5.89000 -0.96600 -3.53000 -3.44800 -0.86500 5.99200 2.38000 1.08800 6.17500 8.55500 8.03600 5.32000 7.70100 10.19300 8.83000
61.00000 -5.37100 -5.89000 -1.45500 -4.01800 -2.96000 -0.86500 5.50300 1.89200 1.08800 4.71000 10.02000 9.01300 5.32000 7.70100 11.65800 9.80600
62.00000 -6.34800 -5.89000 -2.43100 -4.99500 -3.44800 -1.84100 4.03800 1.40400 1.08800 2.75700 10.99700 9.01300 4.83200 7.21200 11.65800 9.31800
63.00000 -7.81200 -6.86600 -2.43100 -5.48300 -3.93700 -2.33000 2.57400 1.40400 0.60000 1.78000 10.50800 8.52500 3.85500 5.25900 10.19300 8.34100
64.00000 -8.30100 -6.86600 -1.94300 -5.48300 -4.42500 -2.33000 3.06200 1.89200 0.11200 2.26800 9.04300 7.54800 2.87900 4.28300 7.75100 5.90000
65.00000 -7.32400 -5.89000 -0.47800 -4.50600 -4.42500 -2.33000 5.01500 2.38000 -0.37600 3.24500 7.57900 6.57100 1.90200 3.30600 5.79800 4.43500
66.00000 -4.88300 -4.91300 1.47500 -3.53000 -4.42500 -1.35300 5.99200 2.86900 0.11200 3.73300 7.57900 6.08300 1.90200 3.79400 4.82200 3.45900
67.00000 -2.44100 -3.44800 3.42800 -2.06500 -3.44800 -1.35300 5.99200 3.35700 0.60000 2.75700 8.06700 6.57100 2.39100 4.77100 5.79800 3.94700
68.00000 0.00000 -2.96000 5.38100 -0.60000 -3.44800 -1.84100 4.52700 3.84500 0.60000 1.78000 9.53200 7.06000 2.39100 4.77100 7.26300 4.92400
69.00000 0.97700 -3.93700 6.35800 0.37600 -3.93700 -3.30600 3.55000 4.33300 0.60000 1.29200 9.04300 7.54800 2.87900 3.79400 7.75100 4.92400
70.00000 0.97700 -5.40200 6.84600 0.86500 -5.40200 -5.74700 5.01500 4.82200 0.11200 1.29200 8.06700 7.54800 2.39100 2.81800 6.77500 3.94700
71.00000 0.00000 -6.37800 6.84600 1.35300 -5.89000 -7.21200 8.92100 4.33300 -0.37600 2.26800 6.11400 6.08300 1.41400 1.84100 4.82200 1.99400
72.00000 -0.97700 -6.86600 5.87000 1.35300 -5.89000 -8.18900 12.82800 3.84500 -0.86500 1.78000 4.64900 4.61800 -0.05100 0.37600 2.38000 0.04100
73.00000 -1.46500 -6.37800 5.38100 1.84100 -4.91300 -8.18900 14.29200 3.84500 -1.35300 0.31500 3.18400 3.15300 -1.51600 -1.08800 0.42700 -1.91200
74.00000 -0.97700 -5.40200 4.89300 2.33000 -3.44800 -7.70100 12.33900 3.84500 -1.35300 -2.61400 2.69600 2.17700 -2.49200 -2.55300 -1.03800 -3.37700
75.00000 0.00000 -4.91300 5.38100 3.30600 -1.98400 -7.21200 6.48000 4.33300 -1.84100 -5.05600 1.71900 1.68900 -2.98100 -4.01800 -2.01400 -3.86600
76.00000 1.46500 -3.93700 6.35800 4.28300 -1.49500 -7.21200 2.08500 4.82200 -1.84100 -6.52100 0.74300 1.68900 -4.44500 -4.99500 -2.99100 -4.84200
77.00000 3.41800 -3.44800 7.33400 5.74700 -1.98400 -6.72400 0.13200 4.82200 -1.84100 -5.05600 -0.23400 1.20000 -3.95700 -5.48300 -3.96700 -5.33000
78.00000 5.37100 -2.47200 8.79900 6.23600 -1.49500 -6.72400 1.10900 4.33300 -1.84100 -3.59100 -1.21100 0.22400 -3.95700 -4.50600 -4.45600 -5.33000
79.00000 6.34800 -1.00700 8.79900 6.23600 -1.00700 -5.74700 2.57400 3.35700 -1.35300 -2.61400 -0.72200 -0.75300 -3.46900 -4.01800 -4.45600 -5.33000
80.00000 6.34800 -1.00700 8.31100 5.74700 -0.03100 -5.25900 2.57400 2.38000 -1.35300 -2.61400 -0.72200 -1.72900 -3.46900 -3.53000 -3.96700 -4.84200
81.00000 4.88300 -1.98400 5.87000 4.77100 0.45800 -5.25900 0.13200 1.40400 -0.86500 -3.59100 -0.72200 -1.72900 -2.98100 -4.01800 -3.96700 -4.35400
82.00000 2.93000 -2.96000 3.91600 3.30600 0.45800 -4.77100 -2.79700 0.91600 -0.37600 -4.07900 -2.18700 -1.72900 -2.49200 -4.50600 -3.96700 -4.84200
83.00000 0.48800 -4.42500 1.47500 1.84100 -0.51900 -4.28300 -3.77400 0.42700 0.11200 -3.10300 -3.16400 -1.24100 -2.00400 -4.99500 -4.45600 -4.84200
84.00000 -0.97700 -4.42500 0.49800 1.35300 -0.51900 -3.30600 -2.79700 0.42700 0.60000 -1.14900 -4.14000 -0.75300 -2.00400 -4.50600 -4.94400 -4.84200
85.00000 -1.95300 -4.91300 0.01000 0.37600 -0.51900 -3.30600 -0.84400 0.91600 0.60000 0.80400 -3.65200 -0.26400 -1.51600 -3.53000 -4.45600 -5.33000
86.00000 -2.93000 -5.40200 -0.47800 -0.11200 -0.03100 -3.79400 0.13200 0.91600 1.08800 1.29200 -3.16400 0.22400 -1.02700 -2.55300 -3.96700 -4.84200
87.00000 -3.90600 -7.35500 -1.45500 -1.08800 -0.51900 -5.74700 -0.84400 1.40400 1.08800 0.80400 -2.67500 0.22400 -1.02700 -2.55300 -3.47900 -4.35400
88.00000 -5.37100 -9.30800 -2.43100 -2.06500 -1.98400 -8.18900 -3.28600 1.40400 1.08800 -0.66100 -3.65200 0.22400 -0.53900 -2.55300 -2.99100 -3.86600
89.00000 -6.83600 -10.77300 -3.40800 -3.04200 -3.44800 -9.65400 -6.70400 0.42700 0.60000 -2.61400 -4.14000 0.22400 -0.53900 -3.04200 -2.50200 -3.37700
90.00000 -6.83600 -10.77300 -3.89600 -3.53000 -3.93700 -9.16500 -8.65700 -0.54900 0.60000 -2.61400 -4.62800 -0.26400 -0.53900 -3.04200 -2.99100 -3.37700
91.00000 -5.37100 -8.82000 -2.43100 -3.04200 -3.44800 -6.23600 -8.65700 -1.03800 1.08800 -2.12600 -3.16400 -0.75300 -0.53900 -2.55300 -2.50200 -3.37700
92.00000 -2.93000 -5.40200 -0.96600 -2.06500 -1.00700 -2.33000 -6.21500 -1.03800 1.08800 -0.17300 -0.72200 -0.75300 -0.53900 -1.57700 -2.50200 -2.88900
93.00000 -0.97700 -2.47200 0.98700 -0.60000 1.43400 0.60000 -1.82100 -0.54900 1.57700 1.29200 1.23100 -0.26400 -0.53900 -0.60000 -1.03800 -1.91200
94.00000 -0.97700 -1.49500 1.47500 -0.11200 2.89900 1.57700 3.06200 0.42700 2.06500 1.78000 2.69600 1.20000 -0.05100 -0.11200 -0.06100 -1.42400
95.00000 -1.95300 -1.98400 0.98700 -0.60000 2.89900 0.60000 5.99200 0.91600 2.06500 1.78000 2.69600 2.17700 -0.05100 -0.60000 0.91600 -0.93600
96.00000 -3.90600 -3.93700 -0.96600 -1.57700 1.92300 -1.35300 5.50300 0.91600 2.55300 1.29200 2.20700 2.66500 -0.53900 -1.57700 1.40400 -1.42400
97.00000 -5.85900 -5.89000 -2.92000 -3.04200 1.43400 -2.81800 2.08500 0.42700 2.06500 0.80400 1.23100 2.66500 -0.53900 -2.06500 0.42700 -2.40100
98.00000 -6.83600 -6.86600 -4.38400 -4.01800 1.43400 -3.30600 -2.30900 -0.06100 2.55300 0.31500 0.74300 2.17700 -0.53900 -2.55300 -0.06100 -2.88900
99.00000 -7.32400 -6.37800 -5.36100 -4.01800 1.92300 -2.33000 -4.75100 -0.54900 2.55300 0.80400 0.74300 2.17700 -0.05100 -1.57700 -0.06100 -2.40100
100.00000 -7.32400 -4.91300 -5.36100 -3.04200 2.41100 -1.35300 -4.75100 -1.03800 2.55300 1.78000 1.71900 2.17700 0.92600 -0.60000 0.42700 -0.93600
101.00000 -6.83600 -3.93700 -4.87300 -2.06500 2.41100 -0.37600 -1.82100 -1.03800 3.04200 2.26800 2.69600 2.66500 1.90200 0.86500 1.89200 0.52900
102.00000 -6.34800 -3.44800 -3.40800 -1.08800 1.92300 0.11200 0.13200 0.42700 2.55300 2.75700 4.16100 3.15300 2.39100 1.84100 3.35700 1.99400
103.00000 -5.37100 -3.44800 -1.45500 -0.11200 0.45800 0.60000 0.62100 1.40400 2.06500 2.26800 4.64900 3.64200 1.41400 1.35300 3.35700 1.50600
104.00000 -4.39500 -4.42500 0.01000 0.37600 -0.03100 0.11200 -0.35600 2.86900 1.08800 1.29200 5.13700 4.13000 0.43700 -0.11200 2.86900 0.04100
105.00000 -3.90600 -5.40200 0.98700 0.86500 -0.51900 -1.35300 -1.82100 3.35700 0.11200 -0.17300 4.16100 4.13000 -1.02700 -1.57700 0.91600 -1.91200
106.00000 -4.39500 -6.86600 0.49800 0.86500 -0.51900 -3.30600 -2.30900 3.35700 -0.37600 -1.14900 2.20700 3.64200 -1.51600 -3.04200 -1.03800 -2.88900
107.00000 -5.37100 -8.33100 -0.96600 0.37600 -1.00700 -4.77100 -1.33300 2.86900 0.11200 -1.63800 0.74300 2.66500 -1.51600 -4.01800 -1.52600 -3.37700
108.00000 -6.34800 -8.33100 -2.43100 -1.08800 -1.49500 -5.25900 -0.35600 1.89200 0.60000 -0.66100 0.25400 2.17700 -1.02700 -4.01800 -1.03800 -2.88900
109.00000 -6.83600 -7.84300 -3.40800 -2.06500 -1.98400 -4.28300 0.62100 1.89200 1.08800 0.31500 0.74300 2.66500 -0.53900 -3.53000 0.42700 -1.91200
110.00000 -6.34800 -6.86600 -2.92000 -2.55300 -2.47200 -2.81800 0.62100 1.89200 1.57700 1.29200 1.23100 2.17700 -0.05100 -2.55300 1.89200 -0.93600
111.00000 -6.34800 -6.86600 -1.45500 -2.06500 -2.47200 -1.35300 0.62100 2.86900 1.57700 1.78000 2.20700 3.15300 -0.05100 -1.57700 2.86900 0.04100
112.00000 -6.34800 -7.35500 -0.96600 -2.06500 -2.47200 -1.84100 0.62100 2.86900 1.08800 1.78000 2.69600 4.13000 -0.05100 -1.08800 3.35700 0.52900
113.00000 -6.34800 -8.33100 -0.96600 -2.06500 -2.96000 -3.79400 1.10900 2.86900 0.60000 0.31500 2.69600 4.61800 -0.05100 -1.57700 3.35700 1.01700
114.00000 -6.83600 -8.33100 -1.94300 -2.06500 -3.93700 -5.25900 1.59700 2.86900 0.11200 -1.63800 3.67200 5.10700 -0.05100 -2.06500 3.35700 0.52900
115.00000 -6.83600 -7.84300 -2.92000 -2.55300 -4.42500 -6.23600 2.08500 2.86900 -0.86500 -3.10300 5.13700 5.59500 -0.53900 -3.04200 3.84500 0.52900
116.00000 -6.34800 -6.86600 -2.92000 -2.06500 -4.91300 -5.74700 2.57400 3.35700 -1.35300 -4.56700 6.60200 6.08300 -0.53900 -4.01800 4.82200 0.52900
117.00000 -4.88300 -5.89000 -2.43100 -2.06500 -4.42500 -5.25900 3.06200 3.35700 -1.35300 -5.05600 7.57900 6.57100 -0.53900 -3.53000 5.79800 1.01700
118.00000 -4.88300 -5.40200 -1.45500 -1.57700 -3.93700 -5.25900 4.03800 2.86900 -1.35300 -4.56700 7.57900 6.57100 -0.05100 -2.55300 6.28700 1.50600
119.00000 -4.88300 -6.86600 -0.96600 -2.06500 -3.93700 -5.25900 4.03800 2.38000 -0.37600 -3.10300 7.09000 6.08300 0.92600 -2.06500 5.79800 1.99400
120.00000 -5.85900 -7.35500 -0.96600 -2.55300 -3.44800 -5.25900 2.08500 1.40400 0.60000 -1.63800 6.11400 5.10700 1.41400 -1.57700 4.82200 1.99400
121.00000 -6.34800 -7.84300 -0.96600 -3.04200 -3.93700 -4.28300 -0.84400 0.91600 1.57700 -0.17300 5.13700 4.13000 1.41400 -1.57700 3.84500 1.01700
122.00000 -6.34800 -7.35500 -0.96600 -3.04200 -3.93700 -2.81800 -4.26200 0.91600 1.57700 1.29200 4.64900 3.64200 0.92600 -2.06500 2.86900 0.04100
123.00000 -5.37100 -5.89000 -0.47800 -3.04200 -3.44800 -1.84100 -5.72700 1.40400 1.57700 2.26800 4.64900 3.15300 0.43700 -1.57700 2.86900 -0.44800
124.00000 -4.39500 -4.42500 -0.47800 -3.04200 -2.47200 -0.86500 -4.26200 1.40400 1.57700 2.75700 3.18400 2.17700 -0.05100 -1.57700 2.38000 -0.44800
125.00000 -3.90600 -3.44800 -1.45500 -3.04200 -1.00700 -0.86500 0.13200 0.91600 1.57700 2.75700 1.71900 1.20000 -0.53900 -1.08800 1.89200 -0.93600
126.00000 -3.90600 -2.96000 -2.92000 -4.01800 -0.03100 -0.37600 4.03800 -0.06100 2.06500 2.26800 -0.23400 0.22400 -1.02700 -1.08800 0.91600 -0.93600
127.00000 -3.90600 -2.96000 -3.89600 -4.50600 0.94600 0.60000 4.52700 -1.52600 2.55300 2.26800 -1.21100 -0.75300 -1.51600 -1.57700 -0.06100 -1.91200
128.00000 -4.39500 -2.47200 -4.38400 -4.01800 0.94600 2.55300 1.10900 -1.52600 3.04200 2.75700 -1.21100 -1.24100 -2.00400 -2.06500 -0.54900 -2.40100
129.00000 -4.39500 -1.98400 -3.89600 -4.01800 0.94600 3.53000 -4.26200 -1.52600 3.04200 3.73300 -0.23400 -0.75300 -2.00400 -2.06500 -0.06100 -2.40100
130.00000 -4.39500 -2.47200 -3.40800 -3.04200 -0.03100 3.53000 -7.68000 -0.54900 3.04200 4.71000 0.74300 0.71200 -1.02700 -1.57700 0.42700 -1.91200
131.00000 -4.88300 -2.47200 -2.92000 -2.55300 -0.51900 3.04200 -7.19200 -0.06100 3.53000 5.19800 0.74300 1.20000 0.43700 -0.60000 1.40400 -0.44800
132.00000 -5.37100 -2.96000 -2.92000 -2.55300 -0.03100 1.57700 -3.28600 0.42700 3.53000 4.71000 0.74300 1.68900 1.41400 0.37600 1.89200 0.52900
133.00000 -5.37100 -3.44800 -2.92000 -2.55300 -0.03100 0.60000 0.13200 -0.06100 3.53000 3.73300 0.25400 1.68900 1.90200 0.37600 1.89200 0.52900
134.00000 -5.37100 -3.93700 -2.92000 -2.55300 0.45800 0.60000 2.08500 -0.06100 3.53000 2.75700 0.25400 1.68900 1.90200 0.37600 1.89200 0.52900
135.00000 -4.88300 -3.44800 -2.43100 -2.06500 -0.03100 1.08800 1.10900 0.42700 3.53000 3.24500 1.23100 1.68900 1.41400 -0.11200 1.40400 0.04100
136.00000 -4.39500 -2.96000 -1.45500 -1.57700 -0.51900 1.57700 -0.35600 0.91600 3.04200 4.71000 1.71900 2.17700 0.92600 -0.11200 1.89200 0.04100
137.00000 -4.39500 -2.47200 -0.96600 -2.06500 -1.00700 1.57700 -1.33300 1.40400 2.55300 6.17500 2.20700 2.66500 1.41400 0.37600 2.86900 1.01700
138.00000 -4.88300 -2.47200 -1.45500 -2.55300 -1.49500 1.08800 -0.35600 0.91600 2.55300 6.17500 2.20700 3.15300 1.90200 1.35300 3.84500 1.99400
139.00000 -5.85900 -3.44800 -2.43100 -4.01800 -1.98400 0.60000 1.10900 -0.06100 3.04200 5.19800 2.69600 2.66500 2.87900 1.84100 4.82200 2.97000
140.00000 -6.34800 -4.42500 -3.89600 -5.48300 -2.47200 -0.37600 1.59700 -1.03800 3.04200 3.24500 3.67200 3.15300 3.36700 2.33000 5.79800 3.45900
141.00000 -6.83600 -4.91300 -3.89600 -5.48300 -2.96000 -1.35300 1.10900 -1.03800 3.04200 2.26800 5.62500 4.13000 3.85500 2.81800 6.77500 4.43500
142.00000 -6.34800 -4.91300 -3.40800 -4.99500 -3.44800 -1.35300 1.10900 -0.54900 2.55300 2.26800 7.57900 5.10700 3.85500 1.84100 6.77500 4.43500
143.00000 -5.85900 -3.93700 -1.94300 -4.01800 -3.44800 -1.35300 2.08500 0.42700 2.06500 2.75700 8.55500 6.08300 3.36700 1.35300 6.77500 4.43500
144.00000 -4.88300 -2.47200 -0.96600 -3.04200 -2.96000 -1.35300 3.55000 1.40400 1.57700 3.24500 8.55500 7.06000 2.87900 1.35300 6.77500 3.94700
145.00000 -4.39500 -1.49500 -0.47800 -2.55300 -2.47200 -0.86500 5.50300 1.89200 1.08800 2.75700 7.57900 6.57100 2.39100 1.35300 6.28700 2.97000
146.00000 -4.39500 -1.49500 -0.96600 -2.55300 -1.98400 -0.86500 5.50300 1.40400 1.08800 1.78000 7.57900 6.08300 1.41400 1.35300 5.31000 1.99400
147.00000 -4.88300 -2.47200 -1.45500 -2.55300 -1.49500 -1.35300 3.06200 0.91600 1.08800 0.80400 7.09000 4.61800 0.92600 0.86500 4.82200 1.01700
148.00000 -5.37100 -3.93700 -1.45500 -2.06500 -1.98400 -1.35300 0.13200 0.91600 1.08800 0.31500 7.09000 4.13000 0.43700 0.86500 3.84500 0.04100
149.00000 -5.85900 -4.91300 -1.45500 -1.57700 -1.98400 -1.84100 -1.33300 0.91600 0.60000 0.31500 5.62500 3.64200 -0.05100 -0.11200 2.86900 0.04100
150.00000 -6.34800 -5.40200 -1.45500 -1.08800 -2.47200 -1.84100 -0.84400 1.40400 0.60000 1.29200 3.67200 3.15300 -0.53900 -0.60000 2.38000 -0.44800
151.00000 -6.83600 -5.40200 -1.94300 -1.57700 -1.98400 -1.35300 0.13200 1.89200 0.60000 1.78000 2.20700 3.15300 -0.05100 -1.08800 2.38000 -0.44800
152.00000 -7.81200 -5.40200 -2.92000 -3.04200 -1.49500 -0.37600 0.13200 1.89200 1.57700 2.26800 1.71900 3.15300 0.43700 -1.08800 2.86900 0.04100
153.00000 -8.30100 -5.89000 -3.40800 -4.50600 -1.00700 0.11200 -2.30900 1.40400 2.06500 2.75700 2.20700 3.64200 0.92600 -1.08800 3.35700 0.52900
154.00000 -9.27700 -6.86600 -3.40800 -5.48300 -1.49500 0.11200 -5.72700 0.91600 3.04200 3.24500 3.18400 3.64200 1.41400 -0.11200 3.35700 0.52900
155.00000 -9.76600 -7.35500 -3.89600 -5.48300 -1.98400 -0.37600 -8.16900 0.91600 3.04200 3.73300 3.18400 3.64200 1.90200 -0.11200 2.86900 0.04100
156.00000 -10.25400 -8.33100 -3.89600 -5.48300 -2.47200 -1.35300 -7.19200 0.42700 2.55300 4.22200 2.20700 3.15300 0.92600 -0.11200 0.91600 -0.93600
157.00000 -10.25400 -8.82000 -4.38400 -5.97100 -1.98400 -1.84100 -2.79700 0.42700 2.55300 4.22200 0.74300 1.68900 0.43700 -0.60000 -0.54900 -1.42400
158.00000 -10.74200 -8.82000 -5.84900 -6.46000 -1.98400 -1.84100 3.06200 0.42700 2.06500 3.73300 -0.23400 1.20000 -0.05100 -1.08800 -1.03800 -1.91200
159.00000 -11.23000 -8.82000 -6.33700 -6.94800 -1.98400 -2.33000 6.48000 0.42700 2.06500 2.26800 0.74300 1.68900 -0.53900 -1.57700 -0.54900 -1.91200
160.00000 -11.71900 -9.30800 -6.82600 -7.43600 -2.47200 -2.33000 5.99200 0.91600 1.08800 0.80400 2.69600 2.66500 -1.02700 -2.55300 -0.06100 -2.40100
161.00000 -12.69500 -9.79600 -6.33700 -7.43600 -2.96000 -3.30600 3.06200 1.89200 0.60000 -0.66100 3.67200 4.13000 -1.51600 -3.53000 0.42700 -2.40100
162.00000 -13.67200 -10.77300 -6.33700 -7.43600 -4.42500 -4.28300 -0.84400 2.38000 0.11200 -1.63800 3.18400 4.61800 -2.00400 -4.99500 0.42700 -3.37700
163.00000 -14.64800 -12.23800 -6.82600 -7.43600 -4.91300 -5.25900 -2.30900 1.89200 0.11200 -2.12600 2.20700 4.13000 -2.00400 -5.48300 -0.06100 -3.37700
164.00000 -15.13700 -13.21400 -7.31400 -8.41300 -4.91300 -5.74700 -0.84400 1.40400 0.11200 -2.12600 1.71900 3.15300 -1.51600 -4.99500 -0.06100 -2.88900
165.00000 -15.13700 -14.19100 -7.31400 -9.38900 -4.91300 -6.23600 2.08500 1.40400 0.11200 -2.12600 3.18400 3.15300 -0.53900 -4.01800 0.91600 -1.91200
166.00000 -14.16000 -14.67900 -6.82600 -9.87800 -5.40200 -7.21200 4.52700 1.40400 0.11200 -2.12600 6.60200 4.61800 0.43700 -3.04200 2.86900 -0.44800
167.00000 -12.69500 -14.19100 -4.87300 -9.87800 -6.37800 -7.70100 5.50300 2.38000 -0.37600 -3.59100 10.02000 6.57100 0.92600 -2.55300 4.33300 0.52900
168.00000 -10.74200 -13.21400 -2.92000 -8.41300 -7.35500 -8.18900 5.50300 3.84500 -0.86500 -5.05600 10.99700 8.03600 0.43700 -2.55300 4.82200 0.52900
169.00000 -9.76600 -11.74900 -1.94300 -6.94800 -6.86600 -8.18900 5.01500 4.33300 -1.35300 -6.52100 9.53200 8.03600 -0.53900 -3.53000 4.33300 -0.44800
170.00000 -8.78900 -10.28400 -1.94300 -5.48300 -5.89000 -6.72400 5.01500 4.33300 -1.35300 -6.52100 6.60200 7.54800 -1.51600 -4.01800 3.35700 -1.91200
171.00000 -8.78900 -9.30800 -2.92000 -4.99500 -4.42500 -5.74700 5.01500 3.35700 -0.86500 -5.54400 4.64900 6.08300 -2.00400 -4.01800 2.86900 -2.40100
172.00000 -8.78900 -9.79600 -4.38400 -4.99500 -3.44800 -5.74700 4.03800 2.86900 -0.86500 -4.07900 4.64900 5.10700 -1.02700 -3.53000 2.38000 -1.91200
173.00000 -9.27700 -11.26100 -4.87300 -5.48300 -4.42500 -7.70100 3.06200 2.38000 -0.86500 -2.61400 5.13700 5.10700 -0.53900 -3.04200 2.86900 -0.93600
174.00000 -9.76600 -13.70200 -3.89600 -5.48300 -6.37800 -11.11900 1.59700 2.38000 -0.86500 -3.10300 6.11400 5.10700 -0.05100 -2.55300 2.86900 0.04100
175.00000 -9.76600 -15.16700 -2.43100 -4.99500 -8.82000 -14.04800 1.10900 1.89200 -1.84100 -5.05600 5.13700 5.10700 -0.05100 -3.04200 2.86900 0.52900
176.00000 -8.78900 -16.14400 -0.47800 -4.01800 -10.77300 -16.97800 0.62100 1.89200 -2.33000 -7.98500 3.67200 3.64200 -0.53900 -4.01800 1.89200 -0.44800
177.00000 -7.81200 -15.65600 0.98700 -3.04200 -11.26100 -18.44300 -0.84400 1.89200 -2.81800 -9.93900 1.71900 2.66500 -1.02700 -4.99500 1.40400 -1.42400
178.00000 -5.85900 -14.19100 1.47500 -2.06500 -11.26100 -18.44300 -3.28600 1.40400 -3.30600 -9.93900 0.25400 1.20000 -1.51600 -5.97100 0.91600 -2.40100
179.00000 -4.39500 -12.23800 1.47500 -1.08800 -10.77300 -16.49000 -5.72700 1.40400 -3.30600 -8.96200 -0.23400 0.71200 -2.00400 -6.46000 -0.06100 -3.37700
180.00000 -2.93000 -10.77300 1.47500 -0.60000 -10.28400 -14.53700 -5.72700 1.40400 -3.30600 -7.00900 -0.72200 0.22400 -2.98100 -6.94800 -1.03800 -4.35400
181.00000 -1.95300 -8.82000 2.45200 0.37600 -9.30800 -11.60700 -2.79700 1.89200 -2.81800 -6.03200 -1.21100 0.71200 -3.46900 -7.43600 -2.50200 -4.84200
182.00000 -0.97700 -7.35500 3.91600 1.35300 -7.84300 -9.65400 3.06200 2.86900 -2.81800 -5.54400 -1.21100 0.22400 -4.93400 -7.43600 -3.96700 -5.81900
183.00000 0.00000 -5.89000 5.38100 2.33000 -6.37800 -8.67700 7.94500 3.35700 -2.81800 -5.54400 -1.21100 0.22400 -5.42200 -6.94800 -4.45600 -6.30700
184.00000 0.48800 -4.91300 6.35800 2.81800 -4.42500 -8.67700 9.89800 3.84500 -2.33000 -5.54400 -0.72200 -0.26400 -5.91000 -6.94800 -3.96700 -6.79500
185.00000 1.46500 -4.42500 6.84600 2.81800 -3.44800 -9.16500 7.45600 3.84500 -1.84100 -4.56700 -0.72200 -0.75300 -5.42200 -6.46000 -3.96700 -6.30700
186.00000 1.95300 -3.93700 6.84600 2.81800 -2.96000 -9.16500 2.57400 2.86900 -0.86500 -3.10300 -0.72200 -2.21800 -4.93400 -6.46000 -4.45600 -6.30700
187.00000 1.95300 -3.44800 7.33400 3.30600 -2.96000 -7.70100 -0.35600 1.89200 -0.37600 -2.12600 -1.69900 -3.68200 -4.93400 -6.46000 -5.43200 -7.28400
188.00000 2.93000 -2.47200 7.82300 4.28300 -2.47200 -6.72400 -0.35600 1.40400 0.11200 -2.12600 -3.16400 -4.65900 -4.93400 -6.94800 -6.40900 -7.77200
189.00000 3.41800 -1.49500 8.31100 5.25900 -1.98400 -5.74700 2.57400 1.40400 0.11200 -2.12600 -4.62800 -5.14700 -5.42200 -6.94800 -6.89700 -7.77200
190.00000 3.90600 -0.51900 8.79900 5.74700 -1.00700 -4.28300 5.01500 1.40400 0.11200 -1.63800 -4.62800 -4.65900 -4.93400 -5.48300 -6.89700 -7.28400
191.00000 4.39500 -0.03100 9.28800 5.25900 -0.03100 -2.81800 5.99200 2.38000 0.11200 -1.14900 -3.65200 -3.19400 -4.44500 -3.53000 -5.43200 -6.30700
192.00000 4.88300 0.94600 9.28800 4.28300 0.94600 -0.86500 5.01500 2.38000 0.60000 -0.17300 -1.21100 -1.72900 -3.46900 -2.06500 -3.47900 -4.35400
193.00000 5.37100 1.43400 9.28800 3.79400 1.43400 0.60000 4.52700 2.86900 1.08800 0.80400 1.23100 0.22400 -2.49200 -1.08800 -2.50200 -3.37700
194.00000 5.37100 1.43400 9.77600 3.30600 1.43400 1.57700 5.50300 2.86900 1.57700 0.31500 2.69600 0.71200 -2.98100 -1.08800 -1.52600 -2.88900
195.00000 4.88300 0.94600 9.77600 3.30600 1.43400 1.08800 7.94500 2.86900 0.60000 -0.66100 3.67200 0.71200 -3.95700 -2.55300 -1.03800 -3.37700
196.00000 4.39500 0.45800 10.75200 3.30600 0.45800 0.11200 9.41000 2.86900 -0.37600 -1.14900 3.67200 0.22400 -4.93400 -4.01800 -1.52600 -4.35400
197.00000 4.88300 -0.03100 11.24100 3.79400 -0.03100 -1.84100 9.89800 2.38000 -1.35300 -1.14900 3.67200 -0.26400 -5.42200 -4.50600 -1.03800 -4.84200
198.00000 5.37100 -1.00700 12.70500 3.79400 -1.00700 -3.30600 8.43300 2.86900 -1.35300 -0.66100 4.16100 0.22400 -4.44500 -3.53000 -0.06100 -3.86600
199.00000 6.34800 -1.49500 13.19400 3.30600 -1.98400 -3.30600 7.94500 3.35700 -0.86500 0.31500 5.13700 1.68900 -2.49200 -2.06500 1.40400 -2.40100
200.00000 5.85900 -1.49500 12.70500 2.33000 -2.96000 -3.30600 8.92100 3.84500 -0.37600 0.31500 6.11400 3.15300 -1.02700 -0.60000 3.35700 -0.44800
201.00000 4.39500 -2.47200 10.26400 0.37600 -3.93700 -3.79400 9.89800 4.33300 0.11200 -0.17300 6.60200 5.10700 0.43700 0.86500 4.82200 1.50600
202.00000 1.95300 -2.96000 7.33400 -1.08800 -3.93700 -4.28300 10.38600 4.33300 0.11200 -0.66100 6.60200 5.59500 0.92600 1.35300 5.31000 2.97000
203.00000 -0.48800 -3.93700 4.89300 -2.06500 -3.44800 -4.77100 7.94500 3.84500 0.60000 -0.17300 6.60200 5.10700 0.92600 1.84100 5.31000 2.97000
204.00000 -0.97700 -3.93700 4.40500 -1.57700 -2.47200 -5.25900 3.55000 3.84500 0.60000 0.31500 6.11400 4.13000 0.43700 1.35300 3.84500 2.48200
205.00000 -0.48800 -4.42500 5.87000 -0.11200 -2.47200 -5.25900 0.13200 3.84500 0.60000 1.29200 6.60200 3.64200 -0.05100 0.86500 3.35700 1.50600
206.00000 1.46500 -3.93700 8.31100 1.35300 -2.47200 -5.25900 0.62100 4.82200 0.60000 0.80400 6.11400 3.64200 -0.53900 0.37600 2.86900 1.01700
207.00000 3.90600 -2.96000 10.75200 2.81800 -2.47200 -4.77100 5.01500 5.31000 0.11200 0.31500 5.62500 3.64200 -1.02700 -0.60000 3.35700 1.01700
208.00000 5.85900 -1.00700 12.21700 3.79400 -1.98400 -3.79400 11.36300 5.31000 0.11200 0.31500 5.13700 4.13000 -1.51600 -0.11200 3.84500 1.01700
209.00000 6.83600 0.45800 11.72900 3.79400 -0.51900 -2.33000 16.73400 5.31000 0.11200 0.80400 4.64900 3.64200 -1.02700 0.37600 3.84500 1.50600
210.00000 6.83600 2.41100 10.26400 2.81800 1.43400 0.60000 16.73400 4.82200 1.57700 3.24500 4.16100 2.66500 -0.53900 1.84100 3.84500 1.99400
211.00000 6.83600 3.38700 9.77600 2.33000 3.38700 3.04200 13.31600 4.33300 3.04200 5.68600 4.16100 1.68900 0.43700 3.30600 3.35700 2.48200
212.00000 6.34800 2.89900 8.79900 1.84100 3.38700 4.99500 7.94500 3.84500 4.50600 7.64000 4.64900 1.68900 1.41400 3.79400 3.35700 2.48200
213.00000 5.85900 1.92300 9.28800 2.33000 2.89900 4.99500 4.52700 4.33300 4.50600 7.64000 5.13700 2.17700 1.90200 3.30600 2.86900 2.48200
214.00000 4.88300 0.45800 9.77600 2.81800 0.94600 2.55300 5.01500 4.82200 4.01800 5.68600 5.13700 2.66500 0.92600 2.33000 2.38000 1.01700
215.00000 4.88300 -0.03100 9.77600 3.79400 0.45800 0.60000 7.94500 4.82200 2.55300 2.75700 4.16100 2.17700 -0.05100 0.37600 1.40400 0.04100
216.00000 4.88300 -0.03100 9.28800 3.79400 -0.03100 -1.35300 9.89800 4.33300 1.57700 0.31500 2.69600 1.20000 -1.51600 -1.08800 0.42700 -1.42400
217.00000 5.37100 0.94600 8.79900 3.30600 0.94600 -1.35300 9.89800 3.84500 1.08800 -0.17300 1.71900 0.71200 -1.51600 -1.08800 -0.06100 -1.91200
218.00000 6.34800 1.92300 8.79900 2.81800 1.43400 0.60000 8.43300 2.86900 1.57700 0.80400 2.69600 0.71200 -1.51600 -0.60000 -0.06100 -0.93600
219.00000 6.83600 2.41100 9.28800 2.81800 1.92300 2.06500 6.96800 3.35700 2.06500 3.73300 4.64900 1.68900 -0.53900 1.35300 1.40400 0.04100
220.00000 6.83600 2.89900 9.77600 2.33000 1.92300 3.53000 7.45600 3.84500 2.06500 6.17500 7.09000 3.15300 0.43700 3.30600 2.86900 1.50600
221.00000 6.34800 2.41100 10.26400 2.81800 1.92300 4.01800 9.89800 4.82200 2.06500 6.66300 9.04300 4.13000 0.92600 3.79400 3.84500 1.99400
222.00000 5.85900 1.43400 10.26400 3.30600 1.92300 3.04200 11.36300 5.31000 1.57700 5.68600 8.55500 4.13000 0.43700 3.30600 3.84500 1.99400
223.00000 4.39500 0.45800 9.28800 3.30600 1.43400 1.57700 10.87400 4.82200 1.08800 3.73300 6.60200 3.15300 0.43700 2.33000 2.86900 1.01700
224.00000 2.44100 -1.00700 6.84600 2.33000 -0.03100 -0.86500 8.43300 3.84500 1.08800 1.78000 4.16100 2.17700 -0.05100 1.84100 2.38000 1.01700
225.00000 0.48800 -2.96000 3.91600 0.37600 -1.98400 -2.81800 5.01500 2.38000 1.57700 0.80400 2.20700 2.17700 0.92600 2.33000 1.89200 1.50600
226.00000 -1.46500 -4.91300 1.47500 -1.57700 -3.93700 -4.28300 2.08500 0.91600 1.57700 1.29200 1.71900 2.66500 1.90200 2.81800 2.86900 2.48200
227.00000 -3.41800 -5.89000 -0.47800 -3.04200 -4.42500 -4.77100 1.10900 -0.06100 1.57700 2.75700 2.20700 3.15300 2.87900 2.81800 3.84500 3.45900
228.00000 -3.90600 -6.37800 -0.47800 -3.53000 -4.42500 -4.28300 0.62100 -0.06100 1.57700 2.75700 3.67200 3.64200 2.87900 2.33000 4.82200 3.94700
229.00000 -3.41800 -5.89000 0.49800 -3.04200 -2.96000 -2.81800 0.62100 0.42700 1.57700 2.75700 5.13700 4.13000 3.36700 1.84100 6.28700 4.43500
230.00000 -2.44100 -4.42500 1.47500 -3.04200 -1.49500 -1.35300 0.13200 1.40400 2.06500 2.75700 7.09000 5.10700 3.85500 1.84100 8.72800 5.90000
231.00000 -1.46500 -3.44800 2.45200 -2.55300 -0.51900 0.60000 -0.84400 2.38000 3.04200 3.24500 10.02000 6.57100 4.83200 3.79400 11.65800 8.34100
232.00000 -1.46500 -2.47200 2.45200 -2.55300 -0.51900 1.57700 0.13200 3.35700 4.01800 4.71000 12.46100 8.03600 5.80900 6.23600 15.07600 11.27100
233.00000 -1.46500 -2.47200 2.45200 -2.55300 -0.03100 2.06500 3.06200 3.35700 4.99500 6.17500 13.92600 8.52500 6.78500 8.18900 17.02900 13.22400
234.00000 -1.46500 -2.47200 2.45200 -2.06500 0.45800 2.06500 6.96800 2.86900 4.50600 6.66300 12.95000 7.54800 6.29700 8.18900 16.05200 12.24800
235.00000 -0.97700 -2.47200 2.94000 -1.08800 0.94600 1.08800 10.87400 2.38000 4.01800 6.66300 9.04300 4.61800 3.85500 5.25900 11.65800 8.83000
236.00000 0.00000 -1.98400 3.91600 0.37600 1.43400 0.60000 12.33900 1.89200 2.55300 5.68600 4.16100 1.20000 0.92600 1.35300 6.28700 3.45900
237.00000 0.97700 -1.49500 4.89300 1.35300 1.92300 0.11200 10.38600 1.40400 1.08800 4.71000 0.25400 -1.72900 -2.00400 -2.06500 0.91600 -1.42400
238.00000 1.46500 -0.51900 5.87000 2.33000 1.43400 0.11200 6.48000 1.40400 0.60000 2.75700 -1.69900 -2.21800 -4.44500 -3.53000 -2.01400 -3.86600
239.00000 1.95300 0.45800 5.87000 2.33000 1.43400 0.60000 3.55000 1.40400 0.11200 2.26800 -0.72200 -1.72900 -4.93400 -2.55300 -2.01400 -3.37700
240.00000 2.44100 0.94600 5.38100 1.84100 1.43400 1.57700 3.06200 0.91600 0.60000 1.29200 1.71900 -0.26400 -4.44500 -1.08800 -0.06100 -1.91200
241.00000 2.93000 1.43400 5.38100 1.84100 2.41100 2.06500 5.50300 1.40400 1.08800 1.78000 4.64900 0.71200 -2.98100 -0.11200 2.38000 0.04100
242.00000 4.39500 2.41100 5.87000 2.81800 3.38700 3.04200 8.43300 1.89200 1.57700 2.75700 5.62500 1.20000 -2.49200 0.37600 3.84500 0.52900
243.00000 6.34800 3.87600 7.33400 4.77100 3.87600 3.04200 10.38600 3.35700 1.57700 3.73300 5.62500 1.68900 -2.00400 -0.11200 3.84500 0.52900
244.00000 7.32400 4.85200 8.79900 6.23600 3.87600 3.53000 9.89800 4.33300 1.57700 4.22200 5.13700 2.66500 -2.00400 -0.60000 3.84500 0.04100
245.00000 7.32400 4.85200 9.28800 6.72400 2.89900 2.55300 7.94500 4.82200 1.08800 3.24500 5.13700 3.15300 -2.00400 -0.60000 2.86900 -0.44800
246.00000 5.85900 2.89900 9.28800 5.74700 1.43400 1.08800 5.99200 4.82200 0.60000 1.29200 5.13700 3.15300 -2.49200 -0.60000 2.86900 -0.93600
247.00000 2.93000 -0.03100 7.33400 3.79400 -0.03100 -1.35300 4.03800 3.84500 -0.37600 -1.14900 5.13700 2.66500 -2.49200 -1.57700 1.89200 -0.93600
248.00000 0.48800 -2.96000 5.38100 2.33000 -0.51900 -3.79400 2.57400 2.38000 -1.35300 -3.59100 3.18400 1.20000 -3.46900 -3.53000 0.42700 -2.40100
249.00000 -0.48800 -4.91300 3.42800 1.84100 -0.51900 -5.25900 0.62100 1.40400 -2.33000 -5.54400 0.74300 -1.24100 -4.93400 -5.97100 -2.50200 -4.84200
250.00000 0.48800 -4.42500 1.96300 1.84100 -0.03100 -5.25900 -1.33300 0.42700 -2.33000 -5.54400 -1.69900 -3.19400 -6.39900 -7.43600 -3.96700 -6.30700
251.00000 1.95300 -1.98400 0.98700 1.84100 1.43400 -3.79400 -3.28600 -0.06100 -2.33000 -4.07900 -2.67500 -3.68200 -6.39900 -7.43600 -4.94400 -7.28400
252.00000 2.93000 0.45800 0.49800 1.35300 2.41100 -1.35300 -4.75100 -0.06100 -1.35300 -2.12600 -2.67500 -3.19400 -5.91000 -5.48300 -3.96700 -5.81900
253.00000 3.41800 1.92300 0.49800 0.37600 3.38700 0.60000 -4.26200 -0.06100 0.11200 0.80400 -0.72200 -1.72900 -3.95700 -2.55300 -1.52600 -2.88900
254.00000 2.93000 1.92300 0.98700 -0.60000 3.38700 2.06500 -2.30900 0.42700 1.57700 2.75700 1.23100 0.22400 -1.51600 0.37600 1.40400 -0.44800
255.00000 3.41800 1.43400 2.45200 -0.11200 2.89900 2.06500 0.62100 0.91600 2.55300 3.24500 2.20700 1.20000 0.43700 1.35300 3.35700 1.50600
256.00000 3.90600 0.45800 5.38100 0.86500 1.92300 1.08800 4.52700 1.89200 2.55300 2.75700 2.69600 1.68900 0.92600 1.35300 3.84500 1.99400
