1.00000 4.81200 -0.98700 22.03400 4.84200 -3.45900 0.71200 12.26800 9.73500 -4.31300 -1.32200 9.52100 9.01300 1.92300 -0.90500 5.76800 2.69600
2.00000 3.83500 -0.49800 23.98700 6.30700 -3.45900 0.71200 14.22100 8.75900 -4.31300 -2.29900 10.01000 9.50100 1.92300 -1.88200 5.76800 2.69600
3.00000 1.88200 -0.49800 21.54500 6.79500 -3.94700 0.71200 19.10400 6.80500 -3.82500 -1.81100 11.47500 10.47800 2.41100 -1.88200 7.23300 3.18400
4.00000 0.90500 -0.01000 18.12700 6.30700 -3.45900 0.22400 23.01000 4.36400 -2.36000 0.14200 14.40400 11.94300 3.87600 0.07100 10.65100 5.13700
5.00000 2.85800 -0.01000 17.15100 5.33000 -1.99400 0.71200 25.45200 1.92300 -0.89500 3.07200 17.33400 12.43100 5.34100 3.00100 14.06900 6.60200
6.00000 5.78800 0.96600 18.61600 4.35400 -0.04100 1.68900 25.45200 0.94600 0.57000 6.49000 19.28700 12.43100 5.82900 4.95400 16.02200 7.09000
7.00000 8.71800 2.92000 22.03400 4.35400 1.91200 3.15300 24.47500 2.89900 2.03500 8.44300 19.77500 12.43100 6.31700 6.41900 15.53300 6.60200
8.00000 8.71800 5.36100 24.47500 5.81900 2.40100 5.10700 23.49900 6.80500 2.52300 10.39600 19.77500 12.91900 6.31700 6.41900 14.06900 5.62500
9.00000 6.27600 6.82600 23.49900 7.77200 1.91200 5.59500 22.52200 11.20000 2.03500 10.88500 20.26400 13.89600 6.31700 7.39500 13.58000 6.60200
10.00000 2.85800 7.80200 18.61600 8.74800 1.42400 5.59500 20.56900 14.13000 1.54600 11.37300 20.75200 16.33700 7.29400 9.34900 14.55700 8.55500
11.00000 1.39400 7.31400 11.29200 8.74800 1.42400 5.10700 17.63900 14.61800 1.05800 10.88500 21.24000 17.80200 8.27000 11.30200 16.99800 10.99700
12.00000 1.88200 7.31400 5.43200 6.79500 2.40100 4.13000 14.22100 12.66500 1.54600 9.90800 19.77500 17.31400 8.75900 11.79000 18.46300 12.46100
13.00000 2.85800 6.82600 2.50200 4.84200 3.37700 4.13000 10.80300 8.27000 2.52300 8.44300 16.84600 13.89600 8.27000 10.32500 16.99800 10.99700
14.00000 2.37000 6.33700 3.47900 3.37700 4.35400 4.13000 8.36200 3.38700 3.01100 5.51400 11.96300 8.52500 6.80500 6.90700 12.60400 7.57900
15.00000 1.88200 4.87300 7.87400 2.40100 5.33000 4.13000 6.89700 -0.51900 3.98800 3.56000 6.59200 3.15300 4.36400 3.48900 6.74400 3.18400
16.00000 1.88200 2.92000 12.26800 2.40100 5.81900 3.64200 6.40900 -3.93700 4.47600 2.09600 2.68600 -1.72900 2.89900 1.04800 1.86200 -0.23400
17.00000 4.32300 1.94300 13.24500 2.88900 7.28400 2.66500 5.43200 -5.89000 4.96400 1.60700 0.73200 -3.68200 1.92300 0.07100 -1.06800 -1.69900
18.00000 9.20600 2.92000 9.82700 3.86600 8.74800 2.17700 4.94400 -5.89000 4.96400 1.60700 0.73200 -3.68200 0.94600 0.07100 -1.55600 -1.69900
19.00000 12.62400 7.31400 3.47900 5.81900 10.70100 2.17700 5.43200 -4.42500 4.47600 0.63100 1.70900 -2.70600 -0.51900 -0.41700 -0.58000 -1.69900
20.00000 12.62400 12.68500 -2.38000 7.28400 11.67800 3.64200 6.40900 -1.00700 3.49900 -0.34600 3.17400 -1.24100 -1.98400 -1.39400 -0.09200 -2.67500
21.00000 9.20600 16.59100 -4.33300 7.28400 12.16600 5.59500 8.36200 2.89900 2.03500 -1.81100 4.63900 0.71200 -3.44800 -3.34700 0.39700 -4.14000
22.00000 4.32300 17.56800 -0.91600 6.30700 11.19000 8.03600 9.82700 6.31700 0.57000 -2.29900 6.10400 2.66500 -4.42500 -3.83500 0.88500 -5.11700
23.00000 1.88200 15.12700 5.43200 4.84200 9.72500 9.98900 11.78000 8.27000 0.08100 -1.32200 8.05700 4.61800 -3.44800 -2.85800 2.35000 -4.62800
24.00000 2.85800 12.19700 10.31500 4.35400 8.74800 12.43100 13.73300 8.75900 0.57000 0.63100 10.49800 6.57100 -1.49500 -0.41700 4.30300 -3.16400
25.00000 7.74100 10.73200 11.29200 6.79500 8.26000 14.38400 17.15100 8.75900 2.52300 4.04900 12.93900 7.54800 0.94600 3.00100 6.25600 -0.72200
26.00000 12.62400 11.70900 8.85000 11.19000 9.23700 16.33700 21.05700 9.24700 4.47600 6.97800 15.86900 8.52500 2.89900 5.93100 8.20900 1.71900
27.00000 16.53000 14.63800 5.92000 16.07300 11.67800 18.29000 24.96300 9.24700 5.94100 9.90800 18.79900 9.01300 5.34100 8.86000 9.67400 4.16100
28.00000 17.99500 18.05600 5.92000 19.00200 13.63100 19.75500 28.38100 9.24700 6.91700 12.34900 21.24000 9.50100 7.29400 11.79000 11.13900 7.09000
29.00000 18.48300 20.49800 10.80300 19.00200 15.58400 20.73200 30.33400 8.27000 6.91700 13.81400 23.19300 9.98900 8.27000 14.23100 14.06900 10.02000
30.00000 18.48300 21.96200 18.12700 16.56100 16.07300 20.24300 30.82300 6.80500 5.94100 14.30300 25.14600 11.45400 9.24700 16.18400 17.48700 12.95000
31.00000 18.48300 22.93900 23.98700 13.63100 15.09600 18.77800 30.82300 5.34100 4.96400 13.81400 26.12300 12.91900 9.73500 16.67300 20.41600 14.90300
32.00000 17.50700 22.93900 24.47500 10.70100 13.63100 16.33700 28.87000 4.85200 3.98800 11.86100 26.12300 14.87200 10.22300 16.18400 22.36900 15.39100
33.00000 16.04200 20.98600 19.10400 8.74800 11.19000 13.40700 23.98700 4.85200 3.98800 9.90800 24.65800 15.84900 10.71200 14.23100 21.88100 14.90300
34.00000 14.08900 17.56800 10.31500 5.81900 8.74800 11.94300 17.15100 5.82900 4.47600 8.44300 22.21700 16.82500 12.17700 12.76700 19.44000 13.43800
35.00000 11.64800 12.68500 1.03800 2.88900 5.81900 10.47800 8.36200 6.80500 4.47600 7.46700 18.31100 16.33700 13.64100 11.79000 16.02200 11.97300
36.00000 9.20600 8.29100 -4.82200 0.93600 3.86600 9.01300 2.01400 7.29400 3.49900 6.97800 14.40400 15.36100 14.13000 11.79000 12.60400 10.02000
37.00000 7.25300 5.36100 -7.26300 1.42400 2.40100 7.54800 1.03800 7.29400 2.52300 6.00200 9.52100 13.40700 13.64100 11.30200 9.18600 8.06700
38.00000 6.27600 5.84900 -5.79800 3.86600 2.40100 5.59500 4.45600 7.29400 1.54600 5.02500 5.61500 10.96600 11.68800 9.34900 5.76800 5.62500
39.00000 5.78800 7.31400 -2.86900 6.79500 3.37700 3.64200 9.82700 6.31700 1.54600 5.02500 2.19700 8.52500 10.22300 7.39500 2.83800 3.18400
40.00000 4.81200 9.26700 -0.42700 7.77200 4.35400 1.68900 11.78000 4.36400 2.52300 4.53700 -0.73200 5.59500 9.24700 5.44200 -0.09200 0.25400
41.00000 2.85800 9.26700 -0.42700 5.81900 4.35400 0.22400 8.85000 1.92300 3.49900 4.53700 -2.68600 2.66500 8.27000 3.97700 -3.51000 -2.67500
42.00000 -0.55900 7.31400 -3.35700 0.93600 2.40100 -2.70600 0.06100 -1.49500 3.98800 3.07200 -6.10400 -1.24100 7.29400 1.53600 -7.41600 -6.58200
43.00000 -4.95400 3.89600 -8.72800 -4.92400 -0.52900 -5.14700 -9.70500 -4.42500 3.49900 -0.34600 -10.98600 -5.14700 4.36400 -2.85800 -12.29900 -10.97600
44.00000 -7.88400 0.96600 -13.12300 -7.36500 -2.97000 -6.61200 -16.05200 -5.89000 1.54600 -4.25200 -15.86900 -8.56500 0.45800 -8.23000 -16.69300 -16.34700
45.00000 -7.88400 -0.49800 -14.58700 -6.38800 -2.97000 -6.12400 -18.00500 -5.89000 -0.40700 -7.67000 -19.77500 -10.03000 -2.96000 -14.08900 -19.13500 -20.25300
46.00000 -5.44200 -0.49800 -14.09900 -1.99400 -1.01700 -4.65900 -15.56400 -4.42500 -1.38300 -9.13500 -20.26400 -10.03000 -5.89000 -18.48300 -18.64600 -22.69500
47.00000 -1.04800 0.96600 -12.63400 2.88900 2.40100 -2.70600 -10.68100 -1.98400 -0.89500 -8.64700 -18.79900 -8.56500 -5.89000 -19.94800 -16.20500 -21.71800
48.00000 1.88200 2.92000 -13.12300 6.30700 4.84200 -1.24100 -7.26300 -0.03100 0.08100 -7.67000 -15.38100 -5.63600 -4.42500 -17.99500 -13.76300 -18.78900
49.00000 2.85800 3.89600 -15.56400 6.79500 5.81900 -1.24100 -5.79800 0.94600 1.05800 -5.71700 -11.96300 -3.19400 -1.98400 -15.06600 -11.32200 -15.37100
50.00000 0.41700 4.38400 -18.00500 4.84200 6.30700 -1.24100 -6.28700 0.94600 1.05800 -4.74000 -10.01000 -0.75300 0.45800 -11.64800 -9.85700 -12.44100
51.00000 -3.00100 4.38400 -17.51700 1.42400 6.30700 -0.26400 -6.77500 0.94600 0.57000 -3.27600 -8.05700 1.68900 2.41100 -7.74100 -6.92700 -9.02300
52.00000 -4.95400 5.36100 -14.58700 -1.50600 6.30700 2.17700 -5.79800 0.45800 0.57000 -0.83400 -4.63900 5.10700 4.85200 -4.32300 -2.04500 -5.60500
53.00000 -4.46600 7.31400 -10.68100 -2.97000 6.30700 4.61800 -2.86900 0.45800 1.05800 2.58400 0.24400 8.52500 7.29400 0.07100 3.81500 -2.18700
54.00000 -1.53600 10.73200 -7.26300 -1.01700 6.79500 6.57100 1.52600 0.45800 2.03500 5.51400 5.61500 11.94300 9.73500 4.46600 8.69800 1.23100
55.00000 2.37000 13.66200 -4.82200 1.91200 6.79500 7.54800 5.92000 1.43400 3.01100 7.95500 9.52100 13.40700 10.71200 7.88400 10.16200 2.20700
56.00000 6.27600 15.61500 -2.86900 4.84200 7.77200 8.52500 9.33800 2.89900 3.98800 8.93100 11.47500 12.43100 10.71200 9.83700 9.18600 2.20700
57.00000 9.20600 16.59100 1.52600 7.77200 8.74800 9.98900 11.29200 4.36400 3.49900 9.42000 11.96300 10.96600 9.24700 10.81300 6.74400 1.71900
58.00000 10.67100 17.08000 6.40900 10.21300 9.72500 11.45400 12.75600 6.31700 2.52300 9.90800 12.45100 9.01300 7.78200 11.30200 6.74400 2.20700
59.00000 11.15900 18.54500 11.29200 12.65500 10.70100 13.40700 16.17400 7.78200 2.03500 10.88500 14.40400 9.50100 7.29400 12.76700 9.67400 5.13700
60.00000 11.64800 21.47400 15.19800 16.07300 11.67800 15.36100 21.05700 9.24700 2.52300 14.30300 17.82200 10.96600 8.27000 16.18400 15.04500 9.04300
61.00000 12.62400 25.38000 18.61600 19.97900 12.65500 17.80200 27.40500 10.22300 3.98800 18.69700 20.75200 12.91900 10.22300 20.57900 19.44000 12.95000
62.00000 16.04200 28.31000 23.01000 21.93200 15.09600 20.73200 32.77600 10.71200 6.42900 23.09200 22.70500 13.40700 12.17700 23.99700 20.90500 14.90300
63.00000 20.92500 30.26300 27.40500 21.44400 17.53700 23.17300 35.70600 10.22300 8.87000 26.51000 22.21700 12.91900 12.66500 25.46200 18.46300 13.92600
64.00000 25.80800 30.75200 30.33400 18.02600 19.49100 24.15000 35.70600 8.75900 10.33500 27.48600 20.26400 11.94300 11.68800 23.99700 15.04500 10.99700
65.00000 27.27300 29.28700 28.87000 13.14300 19.00200 22.68500 32.28800 7.29400 9.84700 25.04500 17.82200 11.45400 9.73500 19.60200 12.11500 7.57900
66.00000 23.85500 27.33400 22.03400 9.23700 16.56100 20.24300 26.42800 5.82900 7.89400 20.65000 16.35700 11.45400 8.27000 14.72000 11.13900 5.13700
67.00000 16.53000 23.91600 14.22100 8.26000 12.16600 16.82500 20.56900 5.34100 5.45200 15.27900 16.35700 12.43100 6.80500 10.32500 12.11500 3.18400
68.00000 8.71800 20.00900 8.85000 9.72500 8.74800 12.91900 15.19800 5.34100 2.52300 10.39600 16.35700 13.40700 5.82900 7.39500 13.09200 1.71900
69.00000 3.83500 16.10300 7.87400 12.65500 6.79500 9.50100 12.26800 5.82900 1.05800 6.49000 15.86900 13.40700 5.34100 4.95400 12.11500 -0.72200
70.00000 2.37000 12.19700 9.82700 13.63100 5.81900 5.59500 11.29200 5.82900 0.57000 3.56000 12.93900 12.43100 4.85200 3.00100 9.18600 -3.65200
71.00000 4.32300 10.24400 12.75600 12.16600 4.84200 1.20000 11.78000 5.34100 0.08100 1.11900 8.05700 10.47800 3.87600 1.53600 3.81500 -7.07000
72.00000 5.30000 8.29100 12.26800 8.26000 3.37700 -3.19400 11.29200 4.36400 -0.89500 -1.81100 2.68600 9.50100 2.89900 -0.41700 -0.58000 -9.02300
73.00000 4.32300 7.31400 7.38500 2.88900 0.44800 -5.63600 8.85000 3.38700 -1.87200 -4.74000 -1.70900 9.01300 2.41100 -2.85800 -3.02100 -10.48800
74.00000 1.39400 5.36100 0.54900 -1.99400 -1.50600 -8.07700 5.92000 1.92300 -3.33700 -7.67000 -4.15000 8.52500 1.92300 -4.81200 -3.51000 -10.97600
75.00000 -3.00100 2.92000 -7.75100 -4.92400 -2.97000 -10.03000 2.50200 0.94600 -3.82500 -9.62300 -5.12700 7.54800 1.92300 -6.27600 -3.02100 -11.46400
76.00000 -5.44200 0.47800 -14.58700 -4.92400 -2.97000 -11.98300 -0.91600 -0.03100 -3.82500 -10.60000 -6.10400 5.59500 1.92300 -7.25300 -2.53300 -12.44100
77.00000 -5.44200 -0.98700 -19.47000 -2.97000 -2.97000 -13.93600 -4.82200 -1.00700 -3.82500 -11.08800 -7.08000 2.66500 1.92300 -6.76500 -3.02100 -12.92900
78.00000 -3.97700 -0.01000 -20.93500 -0.52900 -2.48200 -14.91300 -8.72800 -2.47200 -3.33700 -10.60000 -8.05700 0.22400 2.41100 -5.30000 -3.99800 -11.95300
79.00000 -2.51300 1.45500 -18.00500 2.40100 -2.97000 -14.91300 -12.14600 -2.96000 -3.33700 -9.62300 -9.03300 -1.24100 3.87600 -2.85800 -4.48600 -10.48800
80.00000 -2.02400 2.43100 -10.68100 3.86600 -4.43500 -13.44800 -13.12300 -2.96000 -4.31300 -8.15800 -8.05700 -0.75300 5.34100 -0.90500 -3.99800 -8.53500
81.00000 -3.00100 1.94300 -2.38000 4.84200 -6.38800 -12.47200 -10.19300 -2.47200 -5.29000 -7.18200 -6.10400 1.20000 5.82900 0.55900 -3.02100 -7.55800
82.00000 -4.46600 -0.01000 4.45600 3.86600 -7.85300 -12.47200 -3.35700 -1.49500 -6.26600 -6.20500 -2.68600 4.13000 5.34100 0.07100 -1.55600 -8.04600
83.00000 -4.95400 -2.45200 6.89700 2.40100 -9.31800 -13.44800 3.96700 -0.51900 -6.26600 -5.71700 -0.24400 6.08300 5.34100 -0.41700 -0.09200 -8.53500
84.00000 -5.44200 -2.94000 3.96700 0.44800 -8.34100 -12.96000 8.85000 -0.03100 -5.29000 -5.22900 0.73200 8.03600 5.34100 -0.90500 1.37300 -8.53500
85.00000 -4.46600 -1.47500 -1.40400 -1.01700 -6.38800 -9.54200 9.82700 -0.03100 -3.33700 -2.78700 1.22100 8.52500 6.80500 0.55900 2.35000 -7.07000
86.00000 -3.00100 1.45500 -7.26300 -1.99400 -3.45900 -5.14700 7.38500 -0.51900 -0.89500 0.63100 0.73200 9.01300 8.75900 3.48900 2.35000 -4.62800
87.00000 -1.04800 4.38400 -11.16900 -1.50600 -0.52900 -0.26400 3.96700 -0.51900 1.05800 5.02500 1.22100 8.52500 10.22300 6.41900 1.86200 -2.67500
88.00000 0.41700 7.31400 -10.68100 0.44800 1.91200 3.64200 2.99100 -0.51900 3.01100 8.93100 2.68600 8.03600 11.20000 8.86000 1.37300 -1.69900
89.00000 1.88200 10.24400 -6.77500 3.37700 2.88900 4.13000 4.94400 -0.03100 4.47600 11.37300 4.63900 7.54800 11.20000 10.32500 0.88500 -2.67500
90.00000 3.83500 13.66200 -0.91600 6.79500 3.37700 3.15300 7.87400 1.43400 5.94100 11.86100 7.56800 8.52500 11.68800 10.81300 2.35000 -4.14000
91.00000 5.30000 17.08000 5.43200 10.21300 3.86600 2.17700 11.78000 2.89900 6.42900 11.86100 10.49800 9.98900 12.17700 10.81300 4.30300 -4.62800
92.00000 6.76500 18.54500 9.33800 13.14300 4.84200 2.66500 14.22100 5.34100 5.94100 10.88500 12.93900 12.43100 12.66500 10.32500 6.25600 -4.62800
93.00000 8.23000 18.05600 9.82700 13.63100 5.33000 4.13000 16.17400 7.29400 4.47600 10.88500 13.91600 14.87200 12.66500 9.83700 6.74400 -4.14000
94.00000 8.23000 14.63800 7.87400 11.67800 5.33000 5.10700 16.66300 8.75900 3.01100 10.88500 13.91600 15.84900 12.17700 9.34900 5.76800 -4.14000
95.00000 7.25300 10.73200 5.92000 8.26000 4.84200 5.10700 16.17400 8.27000 1.54600 10.88500 12.45100 15.36100 11.68800 8.86000 3.32600 -5.11700
96.00000 5.30000 7.31400 3.96700 4.35400 2.88900 3.15300 13.24500 7.29400 1.05800 10.39600 10.01000 13.40700 10.71200 7.88400 0.88500 -6.58200
97.00000 2.85800 5.36100 2.99100 0.93600 0.44800 -0.26400 7.87400 4.85200 1.54600 8.93100 7.56800 10.96600 9.73500 7.39500 -0.09200 -8.04600
98.00000 1.39400 4.38400 1.52600 -1.01700 -1.99400 -4.65900 2.01400 2.89900 1.54600 6.00200 6.10400 9.01300 8.27000 5.44200 -0.09200 -9.02300
99.00000 -0.07100 3.89600 -2.86900 -0.52900 -3.94700 -7.58900 -2.38000 2.41100 0.08100 2.58400 5.12700 7.54800 7.29400 3.48900 0.39700 -10.48800
100.00000 -1.04800 3.89600 -7.75100 0.93600 -4.92400 -9.54200 -2.86900 2.89900 -1.38300 -0.83400 4.63900 7.06000 5.82900 1.04800 0.39700 -10.97600
101.00000 -3.00100 4.38400 -11.16900 3.37700 -4.92400 -10.03000 1.03800 4.85200 -3.33700 -1.81100 4.63900 7.54800 5.34100 -0.41700 -0.58000 -11.46400
102.00000 -4.46600 5.84900 -11.65800 5.33000 -4.43500 -9.05400 6.40900 6.31700 -3.82500 -1.32200 5.61500 8.52500 5.34100 0.07100 -1.55600 -10.97600
103.00000 -5.93100 5.84900 -8.24000 6.30700 -3.94700 -7.58900 10.80300 6.31700 -2.84800 1.11900 6.59200 8.52500 6.80500 2.51300 -3.02100 -10.00000
104.00000 -5.93100 5.36100 -5.31000 4.84200 -3.45900 -6.61200 11.29200 4.36400 -1.38300 3.07200 5.61500 7.54800 7.78200 4.95400 -3.99800 -9.51100
105.00000 -4.95400 3.40800 -3.84500 0.93600 -3.45900 -6.61200 6.40900 0.94600 0.08100 3.56000 4.15000 5.10700 7.78200 5.93100 -5.95100 -10.48800
106.00000 -4.46600 0.47800 -5.79800 -4.43500 -4.43500 -7.10000 0.06100 -1.98400 0.08100 2.58400 0.24400 2.66500 6.80500 4.95400 -8.39200 -13.41800
107.00000 -5.44200 -1.96300 -9.70500 -9.31800 -5.41200 -8.07700 -4.82200 -4.42500 -0.89500 0.14200 -3.17400 0.22400 4.36400 2.51300 -10.83400 -16.34700
108.00000 -7.88400 -3.91600 -13.61100 -10.78300 -6.87700 -8.07700 -4.33300 -3.93700 -2.36000 -2.29900 -5.61500 -1.24100 2.41100 -0.90500 -12.29900 -18.78900
109.00000 -10.32500 -4.40500 -14.58700 -8.83000 -6.87700 -8.07700 0.06100 -1.49500 -2.84800 -3.27600 -5.12700 -0.75300 0.45800 -2.37000 -12.29900 -19.27700
110.00000 -10.81300 -2.94000 -12.63400 -3.94700 -6.38800 -7.58900 6.40900 1.92300 -2.84800 -2.29900 -2.68600 0.22400 0.45800 -2.85800 -10.83400 -18.30000
111.00000 -10.81300 -1.47500 -8.24000 1.42400 -5.90000 -7.10000 10.80300 4.85200 -2.36000 0.14200 1.70900 2.66500 0.94600 -1.88200 -8.39200 -16.83600
112.00000 -9.83700 -0.98700 -4.33300 4.35400 -5.90000 -7.10000 12.26800 7.29400 -2.36000 1.60700 6.10400 4.61800 0.94600 -0.41700 -6.92700 -16.34700
113.00000 -10.32500 -2.94000 -1.40400 4.84200 -7.85300 -8.07700 11.78000 8.27000 -2.36000 2.09600 8.54500 6.08300 1.43400 0.07100 -6.43900 -16.83600
114.00000 -11.30200 -5.87000 -0.91600 2.40100 -10.78300 -9.54200 9.82700 8.27000 -2.84800 1.60700 9.03300 7.54800 1.43400 -0.41700 -6.92700 -17.81200
115.00000 -11.79000 -8.31100 -1.40400 -0.52900 -12.73600 -10.51800 9.33800 7.29400 -2.84800 0.63100 8.05700 7.54800 1.43400 -0.90500 -7.41600 -18.30000
116.00000 -11.30200 -7.82300 -1.89200 -3.45900 -12.24800 -10.51800 9.33800 6.31700 -2.36000 1.11900 6.10400 7.06000 1.43400 -0.90500 -7.90400 -18.30000
117.00000 -8.86000 -3.91600 -0.42700 -3.94700 -9.31800 -8.56500 10.31500 5.82900 -0.89500 3.07200 4.63900 6.08300 1.92300 -0.41700 -8.39200 -18.30000
118.00000 -5.93100 2.43100 2.01400 -2.48200 -4.92400 -5.63600 10.80300 6.31700 0.57000 5.51400 3.66200 4.61800 2.41100 0.07100 -9.36900 -18.78900
119.00000 -3.97700 7.31400 4.45600 0.44800 -1.50600 -2.70600 10.80300 7.29400 2.03500 7.46700 3.17400 3.64200 2.41100 0.55900 -10.83400 -19.27700
120.00000 -2.02400 9.26700 4.94400 3.37700 -0.04100 -0.75300 10.80300 8.27000 2.52300 8.44300 3.17400 3.64200 2.41100 0.55900 -11.32200 -19.27700
121.00000 -1.04800 7.31400 1.52600 5.33000 -0.04100 -0.75300 9.82700 9.24700 2.52300 7.46700 3.17400 4.61800 2.41100 -0.90500 -10.83400 -18.78900
122.00000 -0.55900 3.89600 -3.84500 5.33000 -1.50600 -1.72900 8.36200 9.24700 2.52300 5.51400 3.17400 5.59500 1.92300 -2.37000 -8.88100 -17.32400
123.00000 -0.55900 1.94300 -7.75100 3.86600 -2.48200 -3.68200 5.92000 8.27000 1.54600 3.07200 3.66200 6.57100 1.92300 -3.83500 -6.92700 -16.34700
124.00000 -1.53600 2.92000 -7.26300 2.40100 -3.45900 -4.65900 4.45600 7.29400 1.05800 1.11900 3.66200 7.06000 1.43400 -5.30000 -5.46300 -16.34700
125.00000 -2.51300 4.87300 -2.38000 1.42400 -4.43500 -4.65900 4.45600 6.80500 1.05800 1.60700 3.66200 7.06000 1.92300 -5.30000 -5.95100 -16.83600
126.00000 -3.00100 6.33700 5.43200 1.91200 -4.92400 -4.17100 7.38500 7.29400 1.05800 3.07200 4.15000 7.06000 2.41100 -4.81200 -7.41600 -16.83600
127.00000 -2.51300 5.84900 11.78000 3.86600 -5.41200 -4.17100 12.75600 8.75900 1.05800 4.04900 4.63900 7.54800 3.87600 -3.83500 -8.88100 -16.83600
128.00000 -1.53600 3.89600 13.24500 4.84200 -5.90000 -4.65900 18.12700 10.22300 1.54600 4.53700 4.63900 7.54800 4.85200 -2.85800 -8.88100 -15.85900
129.00000 -1.53600 2.43100 9.33800 4.35400 -5.90000 -5.63600 21.05700 11.20000 1.54600 3.56000 4.15000 7.54800 5.82900 -2.85800 -7.90400 -15.37100
130.00000 -3.00100 2.92000 3.47900 2.40100 -5.90000 -6.12400 20.08100 10.71200 1.54600 1.60700 2.19700 6.57100 5.82900 -3.34700 -7.41600 -15.37100
131.00000 -6.41900 3.40800 -1.40400 1.42400 -5.90000 -6.12400 15.68600 8.75900 2.03500 -0.34600 -0.24400 5.10700 5.82900 -3.83500 -7.90400 -16.34700
132.00000 -9.83700 3.40800 -2.86900 1.42400 -6.38800 -5.63600 9.82700 7.29400 2.52300 -0.34600 -2.68600 4.13000 5.82900 -3.34700 -9.36900 -17.32400
133.00000 -12.27800 0.96600 -1.40400 2.88900 -6.38800 -5.63600 5.92000 6.31700 3.49900 1.11900 -3.66200 4.13000 7.29400 -2.37000 -9.85700 -16.34700
134.00000 -12.76700 -1.96300 1.52600 3.86600 -6.87700 -5.63600 5.92000 6.31700 3.98800 2.58400 -1.22100 6.57100 9.24700 -0.41700 -7.41600 -13.90600
135.00000 -9.34900 -2.94000 3.96700 3.37700 -6.87700 -6.12400 8.85000 7.78200 3.49900 3.56000 2.68600 9.98900 11.20000 1.53600 -2.53300 -10.00000
136.00000 -4.46600 -0.98700 5.92000 1.42400 -7.36500 -6.61200 12.75600 8.27000 2.52300 3.56000 7.56800 13.40700 12.17700 2.51300 2.83800 -6.58200
137.00000 0.90500 2.92000 6.89700 -0.04100 -7.36500 -7.10000 16.17400 8.75900 1.54600 2.58400 10.49800 15.36100 12.17700 2.51300 5.76800 -5.11700
138.00000 3.83500 6.33700 7.87400 0.44800 -6.38800 -7.58900 17.63900 8.75900 0.57000 2.09600 10.01000 13.89600 10.22300 1.53600 4.30300 -6.09300
139.00000 3.34700 7.31400 7.87400 2.40100 -5.41200 -7.10000 17.63900 7.78200 0.57000 1.60700 6.59200 10.47800 8.27000 -0.41700 -0.09200 -9.02300
140.00000 -0.07100 5.84900 6.40900 5.33000 -3.94700 -6.12400 16.66300 7.29400 0.57000 1.11900 3.17400 6.57100 5.82900 -2.85800 -5.46300 -11.46400
141.00000 -3.97700 3.40800 3.47900 6.30700 -2.97000 -5.14700 14.70900 6.80500 1.05800 1.11900 1.70900 4.13000 4.36400 -4.32300 -7.90400 -13.41800
142.00000 -6.41900 3.40800 1.03800 4.35400 -1.99400 -2.70600 11.78000 6.31700 1.54600 0.63100 2.68600 4.61800 4.36400 -4.81200 -6.43900 -12.92900
143.00000 -5.44200 5.36100 0.54900 1.91200 -1.99400 -0.75300 8.85000 6.31700 2.52300 0.63100 5.12700 7.06000 5.34100 -4.32300 -3.02100 -11.95300
144.00000 -3.00100 8.77900 2.01400 0.44800 -2.48200 0.71200 6.89700 5.82900 2.52300 0.63100 7.08000 9.50100 6.31700 -3.34700 0.39700 -10.48800
145.00000 -1.04800 10.73200 3.47900 0.93600 -2.97000 1.20000 6.89700 5.34100 2.52300 0.63100 7.08000 10.96600 6.80500 -2.37000 0.88500 -10.00000
146.00000 -1.53600 9.75500 1.52600 1.91200 -4.43500 -0.26400 8.36200 4.85200 1.54600 0.14200 4.15000 9.98900 6.31700 -2.85800 -1.55600 -10.97600
147.00000 -3.97700 5.84900 -3.35700 1.91200 -5.90000 -3.19400 9.82700 4.36400 0.08100 -1.32200 0.24400 7.54800 4.85200 -3.83500 -5.46300 -11.95300
148.00000 -8.37200 0.96600 -8.24000 -1.01700 -7.36500 -6.61200 8.85000 2.89900 -1.38300 -3.27600 -2.19700 4.61800 2.89900 -5.78800 -8.39200 -13.90600
149.00000 -11.79000 -2.94000 -11.16900 -4.92400 -8.83000 -9.54200 6.40900 1.92300 -1.87200 -5.71700 -2.68600 3.15300 1.43400 -6.76500 -9.36900 -15.37100
150.00000 -13.25500 -4.40500 -9.70500 -6.87700 -8.83000 -11.00700 3.47900 1.43400 -1.38300 -7.18200 -1.22100 3.15300 1.43400 -6.76500 -8.39200 -16.34700
151.00000 -12.76700 -4.40500 -5.79800 -5.90000 -8.34100 -11.00700 3.96700 1.43400 -0.40700 -6.69400 0.24400 3.64200 2.41100 -5.78800 -6.92700 -16.83600
152.00000 -10.32500 -3.91600 -1.89200 -2.48200 -7.36500 -10.03000 6.89700 2.41100 0.57000 -5.22900 1.22100 4.61800 3.38700 -4.32300 -6.43900 -16.34700
153.00000 -8.37200 -2.94000 0.06100 0.44800 -6.87700 -9.54200 10.80300 3.38700 1.05800 -4.25200 0.73200 5.10700 4.36400 -3.34700 -5.95100 -15.37100
154.00000 -7.39500 -2.45200 0.06100 -0.04100 -7.36500 -9.05400 13.73300 4.36400 1.54600 -3.27600 1.22100 6.08300 4.85200 -3.34700 -5.46300 -13.41800
155.00000 -6.90700 -1.47500 -0.42700 -3.94700 -7.85300 -9.05400 13.24500 3.87600 1.54600 -2.78700 2.68600 7.06000 5.82900 -2.37000 -3.02100 -11.46400
156.00000 -6.41900 -0.49800 -0.91600 -7.85300 -8.83000 -8.56500 11.29200 2.89900 2.03500 -1.81100 4.63900 9.01300 6.80500 -0.41700 0.39700 -8.53500
157.00000 -6.41900 -0.01000 -0.42700 -9.31800 -8.83000 -8.07700 9.33800 2.41100 2.52300 -0.34600 7.08000 11.45400 8.27000 2.02400 3.81500 -5.60500
158.00000 -6.41900 -0.98700 -0.42700 -7.36500 -8.34100 -7.58900 9.33800 1.92300 3.49900 0.63100 8.05700 12.91900 9.73500 4.46600 6.25600 -3.65200
159.00000 -7.39500 -3.42800 -0.42700 -4.92400 -7.85300 -7.58900 9.33800 2.41100 3.49900 1.11900 7.08000 12.91900 10.22300 4.95400 6.74400 -3.16400
160.00000 -8.86000 -6.84600 -1.40400 -3.45900 -7.85300 -8.07700 8.85000 2.41100 3.01100 0.63100 4.63900 12.43100 10.22300 4.46600 4.30300 -3.65200
161.00000 -10.81300 -8.79900 -4.33300 -4.43500 -7.85300 -9.54200 6.40900 2.41100 2.52300 -0.83400 2.68600 10.96600 10.22300 2.51300 1.37300 -5.11700
162.00000 -11.79000 -8.31100 -8.72800 -6.87700 -7.85300 -9.54200 2.50200 1.92300 2.52300 -1.32200 0.24400 9.50100 10.22300 1.53600 -1.06800 -7.07000
163.00000 -10.81300 -5.87000 -12.63400 -7.85300 -7.36500 -8.56500 0.06100 0.94600 2.52300 -1.32200 -0.73200 8.03600 10.22300 2.02400 -2.53300 -7.55800
164.00000 -7.39500 -1.47500 -13.12300 -6.38800 -5.41200 -6.61200 -0.91600 0.94600 3.01100 0.14200 -0.73200 7.54800 9.73500 3.48900 -2.04500 -7.55800
165.00000 -2.51300 2.92000 -9.21600 -2.48200 -2.48200 -3.68200 0.54900 1.43400 3.98800 2.09600 -0.24400 7.54800 9.24700 4.95400 -0.58000 -6.09300
166.00000 2.85800 6.33700 -2.38000 0.93600 -0.52900 -0.26400 2.50200 1.92300 4.47600 3.56000 1.22100 8.03600 8.75900 5.44200 1.37300 -5.11700
167.00000 5.78800 7.31400 2.50200 1.91200 0.93600 1.20000 4.94400 1.92300 4.96400 3.56000 3.17400 9.01300 7.78200 4.95400 2.83800 -3.65200
168.00000 4.81200 6.33700 1.52600 -0.04100 -0.04100 0.71200 6.89700 2.41100 4.96400 2.09600 4.63900 9.50100 7.78200 3.00100 3.32600 -3.65200
169.00000 -0.07100 2.92000 -6.77500 -3.45900 -1.99400 -2.21800 6.89700 1.43400 4.47600 0.14200 4.15000 9.98900 8.27000 1.53600 1.86200 -5.11700
170.00000 -7.39500 -2.45200 -17.51700 -6.38800 -5.41200 -7.10000 4.94400 0.45800 3.01100 -2.78700 3.17400 9.50100 8.75900 0.07100 -0.58000 -7.07000
171.00000 -14.23100 -7.33400 -23.86500 -7.36500 -8.83000 -11.49500 1.03800 -0.03100 1.54600 -5.22900 1.70900 9.01300 9.24700 -1.39400 -3.02100 -9.02300
172.00000 -17.64900 -10.75200 -23.86500 -6.87700 -11.27100 -14.91300 -2.86900 0.45800 0.08100 -6.69400 1.22100 8.52500 9.24700 -1.88200 -3.51000 -9.51100
173.00000 -18.13800 -11.72900 -18.98200 -6.38800 -12.73600 -15.88900 -5.79800 1.43400 -0.40700 -6.69400 2.19700 9.50100 9.24700 -2.37000 -2.04500 -9.02300
174.00000 -16.18400 -10.75200 -13.61100 -6.38800 -12.73600 -15.40100 -3.35700 2.89900 0.57000 -6.20500 4.63900 10.47800 9.24700 -2.85800 0.88500 -8.04600
175.00000 -14.72000 -9.77600 -11.65800 -7.85300 -12.24800 -13.93600 2.01400 3.87600 2.03500 -5.22900 5.61500 10.96600 9.24700 -2.37000 2.35000 -7.07000
176.00000 -13.74300 -9.28800 -13.12300 -9.31800 -11.27100 -12.96000 9.33800 2.89900 2.03500 -4.25200 5.61500 10.96600 8.75900 -1.39400 2.35000 -6.58200
177.00000 -13.74300 -9.28800 -15.07600 -10.29500 -10.29500 -13.44800 13.73300 1.92300 1.05800 -4.25200 4.63900 9.98900 8.75900 -0.41700 1.37300 -7.07000
178.00000 -13.74300 -8.79900 -14.58700 -9.31800 -10.78300 -14.91300 14.22100 0.45800 -0.40700 -4.74000 4.63900 9.50100 8.27000 0.55900 0.88500 -7.07000
179.00000 -12.76700 -8.31100 -11.16900 -8.83000 -11.27100 -16.37800 11.78000 -0.03100 -2.36000 -5.71700 6.59200 9.50100 8.75900 1.04800 2.35000 -6.09300
180.00000 -11.79000 -7.82300 -7.26300 -8.83000 -12.73600 -17.84300 9.82700 0.45800 -3.33700 -6.69400 10.49800 10.96600 9.24700 0.07100 5.28000 -4.62800
181.00000 -11.79000 -8.79900 -6.77500 -9.80600 -13.71300 -18.81900 9.82700 1.43400 -3.82500 -7.67000 13.42800 11.94300 9.73500 -1.39400 8.69800 -3.65200
182.00000 -11.79000 -10.75200 -9.21600 -10.29500 -13.71300 -18.81900 11.29200 2.41100 -2.84800 -8.64700 14.40400 11.94300 9.24700 -3.34700 10.16200 -3.65200
183.00000 -11.79000 -12.21700 -14.09900 -9.80600 -12.73600 -17.35400 12.26800 2.41100 -1.87200 -8.15800 13.42800 11.45400 8.75900 -4.81200 9.67400 -3.65200
184.00000 -10.32500 -11.72900 -18.49400 -7.36500 -10.78300 -15.40100 11.29200 2.41100 -1.38300 -7.67000 11.47500 10.47800 7.78200 -4.81200 8.20900 -4.62800
185.00000 -7.88400 -9.28800 -19.95800 -4.92400 -8.83000 -14.42500 7.38500 2.41100 -0.89500 -7.18200 9.52100 9.98900 7.29400 -3.83500 6.74400 -5.11700
186.00000 -6.41900 -5.38100 -18.98200 -3.45900 -7.85300 -13.93600 3.47900 1.43400 -0.89500 -6.69400 8.05700 10.47800 7.29400 -2.85800 6.25600 -5.11700
187.00000 -7.88400 -3.42800 -15.56400 -4.92400 -8.34100 -13.93600 1.52600 1.43400 -0.89500 -6.20500 7.08000 10.47800 7.78200 -1.88200 5.28000 -5.60500
188.00000 -10.81300 -2.94000 -11.16900 -8.83000 -9.31800 -14.42500 1.52600 0.45800 -1.87200 -6.69400 5.61500 9.98900 7.78200 -1.88200 3.81500 -7.07000
189.00000 -14.23100 -4.40500 -8.24000 -12.24800 -10.29500 -14.42500 2.99100 -0.03100 -2.84800 -6.69400 3.66200 8.52500 7.29400 -2.85800 0.39700 -9.02300
190.00000 -16.18400 -6.84600 -7.26300 -13.22400 -10.29500 -13.93600 4.45600 -1.00700 -3.33700 -6.69400 2.19700 7.06000 6.31700 -4.81200 -2.53300 -11.46400
191.00000 -16.18400 -8.79900 -9.70500 -10.78300 -10.29500 -13.44800 5.43200 -1.00700 -3.82500 -7.18200 1.70900 6.08300 5.34100 -7.25300 -3.99800 -13.41800
192.00000 -15.69600 -9.28800 -13.61100 -7.36500 -10.29500 -14.42500 5.43200 -0.51900 -3.82500 -8.15800 1.70900 6.08300 4.36400 -9.69400 -4.48600 -14.39400
193.00000 -15.20800 -9.28800 -17.51700 -4.92400 -10.78300 -15.88900 5.43200 0.45800 -3.33700 -9.62300 1.22100 5.59500 3.87600 -11.64800 -4.48600 -15.37100
194.00000 -14.72000 -9.28800 -18.98200 -5.41200 -11.75900 -18.33100 5.43200 0.45800 -2.84800 -11.57600 -0.24400 4.61800 3.38700 -13.11200 -5.95100 -17.32400
195.00000 -13.25500 -9.77600 -18.49400 -7.36500 -11.75900 -19.30700 5.43200 -0.03100 -2.84800 -13.04100 -2.68600 2.66500 2.41100 -14.08900 -8.88100 -19.27700
196.00000 -10.32500 -9.77600 -16.05200 -9.31800 -10.78300 -18.33100 4.94400 -0.51900 -2.84800 -13.04100 -5.12700 0.71200 1.43400 -14.08900 -12.29900 -21.23000
197.00000 -6.41900 -8.79900 -12.63400 -9.31800 -8.83000 -15.88900 3.96700 -0.51900 -2.84800 -12.06500 -5.61500 0.22400 0.94600 -13.60100 -13.27500 -22.20700
198.00000 -4.46600 -6.84600 -9.70500 -7.85300 -7.36500 -13.44800 2.99100 -0.03100 -3.33700 -10.60000 -4.15000 1.68900 0.94600 -13.11200 -11.32200 -21.23000
199.00000 -5.44200 -4.89300 -7.26300 -5.90000 -6.87700 -12.47200 2.50200 0.94600 -4.31300 -10.11100 -2.19700 4.13000 1.43400 -12.62400 -6.92700 -19.76500
200.00000 -9.34900 -4.40500 -5.79800 -4.43500 -7.85300 -13.44800 3.47900 1.43400 -4.80100 -10.11100 -0.24400 5.59500 1.92300 -12.62400 -3.51000 -18.30000
201.00000 -13.25500 -5.87000 -6.28700 -4.43500 -9.31800 -14.91300 4.94400 1.92300 -4.80100 -11.08800 -0.24400 6.08300 1.92300 -13.60100 -2.53300 -17.81200
202.00000 -15.20800 -8.31100 -8.24000 -4.43500 -10.29500 -15.40100 6.40900 1.92300 -4.80100 -11.57600 -1.22100 5.10700 1.92300 -13.60100 -3.51000 -17.81200
203.00000 -14.23100 -9.77600 -9.21600 -3.94700 -9.31800 -13.93600 7.87400 2.41100 -4.31300 -10.60000 -1.70900 4.13000 1.92300 -12.62400 -4.97400 -17.81200
204.00000 -11.30200 -8.79900 -7.75100 -1.99400 -7.85300 -11.00700 9.82700 3.38700 -3.33700 -8.64700 -1.22100 4.13000 1.92300 -10.18300 -6.43900 -17.32400
205.00000 -9.83700 -5.87000 -5.31000 -0.04100 -6.87700 -8.07700 11.29200 4.85200 -3.33700 -5.71700 0.24400 5.10700 1.92300 -7.74100 -6.43900 -16.83600
206.00000 -10.32500 -2.45200 -3.35700 0.44800 -6.87700 -6.61200 12.26800 5.82900 -3.82500 -4.25200 1.22100 5.59500 1.43400 -6.76500 -5.95100 -16.34700
207.00000 -11.79000 -1.47500 -4.33300 -0.52900 -8.34100 -8.07700 10.31500 5.82900 -4.80100 -4.74000 1.22100 5.10700 0.45800 -7.25300 -5.46300 -16.83600
208.00000 -11.79000 -3.42800 -8.72800 -2.97000 -9.80600 -10.03000 6.40900 3.87600 -5.77800 -7.67000 -0.24400 3.15300 -1.00700 -9.69400 -6.43900 -18.30000
209.00000 -9.34900 -6.84600 -13.61100 -5.41200 -10.78300 -12.47200 1.52600 1.92300 -5.77800 -10.60000 -2.68600 1.20000 -1.98400 -12.13600 -6.92700 -19.76500
210.00000 -5.44200 -9.28800 -16.05200 -6.87700 -10.29500 -12.96000 -0.91600 -0.03100 -5.29000 -12.55300 -4.15000 -0.26400 -1.98400 -14.08900 -7.90400 -20.25300
211.00000 -4.46600 -9.28800 -15.56400 -6.87700 -8.83000 -12.96000 0.06100 -0.51900 -4.80100 -13.04100 -4.63900 -0.75300 -1.49500 -14.57700 -7.41600 -19.27700
212.00000 -7.39500 -7.33400 -12.63400 -6.87700 -8.34100 -12.96000 3.96700 -0.03100 -4.31300 -12.55300 -3.66200 -0.26400 -0.51900 -13.60100 -6.92700 -18.78900
213.00000 -13.74300 -4.89300 -10.19300 -6.38800 -8.83000 -12.96000 6.40900 0.45800 -3.82500 -11.57600 -3.17400 0.22400 -0.03100 -13.11200 -7.41600 -18.78900
214.00000 -19.60200 -4.40500 -11.65800 -5.90000 -9.80600 -13.93600 5.43200 0.45800 -3.82500 -10.60000 -4.15000 0.22400 -0.03100 -12.13600 -8.88100 -19.76500
215.00000 -20.57900 -6.84600 -14.58700 -4.92400 -10.29500 -14.42500 1.03800 -0.03100 -3.82500 -10.11100 -5.61500 0.22400 -0.03100 -12.62400 -11.32200 -21.71800
216.00000 -17.64900 -8.79900 -18.00500 -3.45900 -10.29500 -15.40100 -3.35700 -0.03100 -4.31300 -10.11100 -7.56800 -0.26400 -0.51900 -13.60100 -14.25200 -24.16000
217.00000 -12.27800 -9.28800 -19.47000 -1.50600 -9.31800 -15.88900 -4.33300 0.45800 -4.80100 -10.60000 -9.03300 -0.75300 -1.98400 -15.06600 -16.20500 -26.11300
218.00000 -7.88400 -7.82300 -17.51700 -1.01700 -8.34100 -16.37800 -0.42700 1.43400 -6.26600 -12.06500 -9.03300 -1.24100 -3.93700 -17.50700 -17.18100 -28.06600
219.00000 -6.90700 -6.35800 -12.63400 -1.01700 -7.85300 -17.84300 4.45600 1.43400 -7.73100 -14.50600 -9.52100 -1.72900 -6.37800 -19.94800 -17.18100 -30.01900
220.00000 -8.86000 -6.35800 -7.75100 -3.45900 -8.34100 -18.33100 6.40900 0.45800 -8.70800 -16.45900 -10.49800 -3.68200 -7.84300 -21.90100 -18.64600 -31.48400
221.00000 -11.30200 -8.31100 -4.33300 -6.38800 -9.31800 -17.35400 2.99100 -1.49500 -8.21900 -18.41200 -12.45100 -5.63600 -8.33100 -22.87800 -19.62300 -32.46100
222.00000 -13.25500 -10.75200 -3.35700 -9.31800 -10.29500 -15.88900 -2.38000 -2.96000 -6.75500 -18.41200 -14.40400 -6.61200 -6.86600 -22.39000 -20.11100 -32.46100
223.00000 -14.72000 -11.72900 -5.79800 -11.75900 -10.29500 -15.40100 -5.79800 -3.93700 -4.80100 -17.92400 -14.40400 -6.12400 -4.42500 -20.43700 -18.64600 -30.99600
224.00000 -15.20800 -10.75200 -9.21600 -12.24800 -10.78300 -16.37800 -4.33300 -3.93700 -3.82500 -16.45900 -12.93900 -4.17100 -2.47200 -18.48300 -15.71700 -28.06600
225.00000 -15.20800 -9.28800 -12.14600 -11.27100 -11.75900 -18.33100 -0.42700 -2.96000 -3.82500 -16.45900 -10.49800 -1.72900 -1.00700 -17.01900 -11.81000 -25.13600
226.00000 -13.74300 -9.28800 -12.63400 -9.31800 -13.71300 -21.26100 2.50200 -2.47200 -5.29000 -16.94700 -7.56800 0.71200 -0.51900 -15.55400 -7.90400 -22.69500
227.00000 -12.76700 -10.75200 -12.63400 -7.36500 -16.15400 -23.21400 2.01400 -1.98400 -6.75500 -17.92400 -5.12700 1.68900 -1.00700 -15.06600 -6.43900 -21.71800
228.00000 -12.76700 -13.68200 -12.14600 -5.90000 -18.10700 -24.19000 -0.42700 -1.49500 -7.73100 -18.41200 -3.66200 2.66500 -1.49500 -14.57700 -5.95100 -21.23000
229.00000 -14.72000 -15.63500 -12.63400 -4.92400 -18.59500 -24.19000 -0.91600 -0.51900 -7.73100 -17.43600 -3.17400 2.66500 -1.49500 -14.08900 -6.43900 -21.71800
230.00000 -17.16100 -15.63500 -13.61100 -5.90000 -18.10700 -23.21400 2.01400 0.94600 -7.24300 -15.97100 -3.17400 2.17700 -1.98400 -14.08900 -7.41600 -22.69500
231.00000 -19.11400 -14.65900 -13.61100 -7.85300 -17.13100 -22.23700 5.92000 1.43400 -6.75500 -15.48300 -4.15000 1.68900 -2.47200 -15.06600 -8.88100 -23.67100
232.00000 -18.62600 -13.68200 -12.63400 -11.27100 -16.64200 -21.74900 7.38500 1.43400 -6.26600 -15.48300 -6.59200 0.22400 -2.96000 -16.04200 -11.32200 -25.13600
233.00000 -16.18400 -14.17000 -10.68100 -13.71300 -16.15400 -20.28400 3.47900 -0.03100 -6.75500 -16.45900 -10.01000 -1.72900 -3.44800 -17.50700 -13.27500 -26.11300
234.00000 -13.74300 -15.63500 -8.72800 -15.66600 -16.15400 -18.33100 -2.86900 -1.98400 -6.26600 -16.45900 -11.47500 -1.72900 -1.98400 -17.50700 -13.76300 -25.62500
235.00000 -12.76700 -16.61200 -8.72800 -15.17700 -16.15400 -16.37800 -8.24000 -3.44800 -5.29000 -14.50600 -10.49800 -0.75300 0.45800 -16.04200 -11.81000 -23.18300
236.00000 -14.72000 -15.63500 -11.65800 -14.20100 -16.64200 -15.40100 -7.75100 -3.93700 -4.31300 -12.06500 -6.59200 1.68900 3.87600 -13.60100 -7.41600 -20.25300
237.00000 -17.64900 -13.68200 -15.56400 -13.22400 -18.10700 -15.88900 -3.84500 -3.44800 -3.82500 -10.11100 -2.19700 4.13000 5.82900 -11.15900 -3.02100 -17.32400
238.00000 -20.09100 -12.70500 -20.93500 -12.73600 -20.06000 -18.33100 0.54900 -3.44800 -3.82500 -10.11100 -0.24400 4.61800 6.80500 -9.69400 -0.58000 -16.34700
239.00000 -21.55600 -14.17000 -24.84100 -13.71300 -21.52500 -21.26100 1.03800 -3.93700 -4.31300 -11.08800 -1.22100 3.15300 6.31700 -9.69400 -1.55600 -17.32400
240.00000 -22.53200 -17.10000 -26.79400 -14.68900 -22.01300 -23.70200 -1.89200 -4.42500 -4.31300 -12.55300 -5.12700 1.20000 6.31700 -9.69400 -4.97400 -19.27700
241.00000 -23.02000 -20.03000 -26.30600 -15.17700 -21.03700 -25.16700 -5.31000 -4.42500 -3.33700 -13.04100 -9.03300 -0.26400 6.31700 -9.69400 -9.36900 -21.23000
242.00000 -23.02000 -20.03000 -23.37600 -14.20100 -19.08400 -24.19000 -6.77500 -2.96000 -2.36000 -11.57600 -10.98600 -0.26400 7.78200 -8.71800 -11.81000 -22.20700
243.00000 -21.06700 -17.10000 -18.49400 -11.75900 -16.64200 -21.74900 -3.35700 -1.00700 -1.38300 -10.11100 -10.49800 0.71200 8.75900 -7.74100 -12.29900 -21.23000
244.00000 -15.69600 -12.70500 -13.61100 -8.83000 -15.17700 -18.81900 2.50200 0.94600 -0.89500 -7.67000 -7.56800 2.66500 9.24700 -6.27600 -10.34500 -19.76500
245.00000 -8.86000 -9.28800 -10.19300 -6.38800 -14.68900 -15.40100 7.87400 2.41100 -0.89500 -6.69400 -3.66200 3.64200 8.27000 -5.78800 -7.41600 -17.32400
246.00000 -4.46600 -7.82300 -9.70500 -6.38800 -13.71300 -12.96000 11.29200 2.89900 -1.38300 -6.20500 0.24400 4.61800 8.27000 -4.81200 -4.97400 -15.37100
247.00000 -4.46600 -8.79900 -11.16900 -6.38800 -13.71300 -11.98300 11.78000 2.41100 -1.38300 -6.20500 2.19700 4.61800 8.27000 -4.32300 -3.02100 -13.41800
248.00000 -8.37200 -10.75200 -13.12300 -7.36500 -13.22400 -12.47200 8.85000 1.43400 -1.87200 -7.18200 2.68600 4.13000 8.75900 -3.83500 -2.53300 -12.44100
249.00000 -12.76700 -12.21700 -14.09900 -7.36500 -12.73600 -14.42500 4.94400 0.45800 -1.38300 -7.67000 0.73200 3.15300 9.24700 -4.32300 -3.02100 -12.44100
250.00000 -14.23100 -11.72900 -13.61100 -6.87700 -12.73600 -16.37800 1.52600 -0.51900 -1.38300 -8.64700 -1.70900 2.17700 9.24700 -5.78800 -3.51000 -13.41800
251.00000 -11.30200 -10.26400 -11.65800 -4.92400 -12.73600 -16.86600 -0.42700 -0.51900 -1.38300 -9.13500 -4.63900 1.20000 8.27000 -7.74100 -4.97400 -14.88200
252.00000 -5.93100 -6.84600 -10.19300 -3.94700 -11.75900 -15.88900 1.03800 -0.03100 -0.89500 -8.64700 -6.59200 0.22400 7.29400 -9.20600 -6.92700 -16.83600
253.00000 -1.53600 -2.94000 -8.24000 -3.45900 -9.80600 -12.96000 4.45600 0.45800 0.08100 -7.67000 -7.08000 0.22400 6.80500 -9.20600 -8.88100 -18.78900
254.00000 0.41700 1.94300 -6.28700 -3.45900 -6.87700 -9.05400 8.85000 0.45800 2.03500 -4.74000 -6.10400 0.71200 6.80500 -8.23000 -9.85700 -19.27700
255.00000 0.90500 5.84900 -4.33300 -2.97000 -3.94700 -4.65900 13.24500 0.45800 3.49900 -2.29900 -4.63900 1.20000 7.78200 -6.27600 -9.36900 -18.78900
256.00000 1.39400 9.26700 -4.33300 -1.50600 -0.52900 -1.72900 14.70900 -0.03100 4.47600 -0.34600 -3.17400 1.68900 7.78200 -4.32300 -8.39200 -17.81200
