1.00000 -78.04400 -10.62000 -2.68600 -3.49900 -4.18100 -7.76200 -4.58800 -2.39100 5.18800 -0.52900 -5.65600 -3.18400 -7.97500 -8.05700 -2.02400 -9.44000
2.00000 -44.84000 -18.43300 -10.49800 -7.40600 -5.64600 -10.20300 -8.49400 -2.39100 2.74700 -6.87700 -6.63200 -3.18400 -6.99900 -10.49800 -0.55900 -8.46400
3.00000 67.46400 -17.45600 -15.38100 -9.84700 -5.64600 -9.71500 -9.47100 -5.80900 -0.67100 -11.27100 -6.63200 -3.18400 -4.06900 -11.47500 -2.02400 -5.53400
4.00000 110.92100 -10.62000 -14.89300 -8.87000 -3.20400 -7.27300 -8.00600 -7.27300 3.72300 -12.73600 -7.12100 -4.16100 -1.13900 -10.01000 -5.44200 -2.11600
5.00000 25.47200 -3.29600 -9.52100 -4.96400 -0.76300 -3.85500 -6.54100 -10.20300 -0.18300 -12.73600 -7.12100 -5.13700 -0.16300 -7.08000 -7.39500 -0.16300
6.00000 -86.34400 -0.85400 -5.12700 -1.05800 1.67800 -2.39100 -5.56400 -7.27300 0.79300 -11.27100 -7.12100 -6.11400 -1.13900 -3.66200 -5.93100 -0.16300
7.00000 -90.25100 -3.29600 -2.68600 1.87200 2.16700 -1.41400 -6.54100 -6.29700 -0.18300 -7.85300 -8.58600 -6.11400 -3.58100 -1.70900 -2.51300 -2.11600
8.00000 5.94100 -6.22600 -3.66200 2.36000 2.65500 -0.43700 -8.49400 -6.78500 -1.64800 -2.97000 -10.53900 -7.09000 -6.02200 -0.24400 -1.53600 -5.04600
9.00000 68.44100 -5.73700 -4.63900 2.36000 2.65500 1.51600 -10.93500 0.53900 -4.08900 3.37700 -13.95700 -9.53200 -6.51000 -1.22100 -4.46600 -8.95200
10.00000 13.26500 0.12200 -2.68600 2.36000 3.63200 2.98100 -11.91200 -4.34400 -3.60100 7.77200 -16.39800 -13.43800 -6.51000 -3.17400 -10.32500 -11.88200
11.00000 -83.41500 7.93500 0.73200 2.84800 4.60800 2.00400 -12.40000 0.05100 -5.06600 8.74800 -17.86300 -16.85600 -6.99900 -6.10400 -16.18400 -12.85800
12.00000 -85.85600 12.81700 3.66200 3.82500 4.12000 0.05100 -10.93500 2.00400 -4.57800 3.86600 -16.88600 -18.80900 -6.99900 -7.08000 -19.60200 -11.39300
13.00000 25.47200 12.81700 4.15000 4.80100 3.14300 -2.39100 -8.00600 1.51600 -1.16000 -3.45900 -14.44500 -16.85600 -6.99900 -7.08000 -19.11400 -7.48700
14.00000 122.15200 9.88800 3.66200 6.26600 2.65500 -1.90200 -4.10000 4.93400 2.74700 -10.78300 -10.53900 -12.46100 -6.02200 -5.12700 -15.20800 -2.11600
15.00000 88.94900 7.93500 4.15000 7.73100 3.63200 0.53900 -1.17000 6.88700 3.23500 -14.68900 -6.14400 -6.11400 -3.09200 -1.70900 -9.34900 2.27900
16.00000 -27.75100 9.39900 5.61500 8.21900 5.58500 3.46900 0.78300 -0.92600 -0.67100 -13.71300 -1.26100 0.23400 -0.16300 0.24400 -2.51300 3.74300
17.00000 -79.50800 12.81700 7.08000 7.73100 7.53800 5.91000 2.24800 -0.43700 1.77000 -6.87700 2.64500 5.11700 2.27900 2.68600 4.32300 3.25500
18.00000 -4.31300 14.77100 6.59200 6.75500 8.51400 7.86300 3.22500 -0.43700 0.30500 2.88900 4.59800 8.04600 3.25500 5.12700 8.71800 1.79000
19.00000 96.76100 12.81700 3.66200 4.80100 8.02600 9.81600 5.17800 3.95700 3.72300 13.14300 4.11000 8.53500 3.25500 7.56800 8.71800 0.81400
20.00000 89.92500 8.91100 0.24400 2.36000 6.56100 11.28100 6.64300 3.46900 1.77000 20.46700 2.15700 8.04600 3.25500 9.03300 4.81200 1.79000
21.00000 -22.38000 4.51700 -2.19700 0.40700 4.12000 10.79300 6.15400 0.05100 -0.67100 20.95500 -0.77300 5.11700 3.25500 8.05700 -1.53600 3.74300
22.00000 -103.43400 2.07500 -2.68600 -1.05800 1.19000 8.35200 2.73600 3.46900 3.72300 15.09600 -3.70300 2.18700 3.25500 5.12700 -7.88400 4.72000
23.00000 -59.48900 -0.36600 -2.68600 -2.03500 0.21400 2.98100 -3.12300 2.49200 5.18800 4.84200 -5.16800 -0.74300 3.25500 2.19700 -10.32500 4.23200
24.00000 40.60900 -2.80800 -3.17400 -2.52300 0.21400 -0.43700 -7.02900 3.95700 8.60600 -3.94700 -5.16800 -1.71900 1.79000 -0.24400 -7.88400 1.30200
25.00000 60.14000 -3.78400 -3.66200 -2.03500 1.67800 -1.41400 -7.51700 2.49200 5.67600 -7.85300 -4.67900 0.23400 -0.16300 -1.22100 -2.02400 -3.58100
26.00000 -26.28600 -0.85400 -3.17400 -0.08100 4.12000 1.02700 -4.58800 -2.87900 0.79300 -5.90000 -3.21500 2.18700 -2.11600 -1.22100 2.85800 -7.97500
27.00000 -100.99300 5.00500 -0.73200 1.38300 5.58500 4.44500 -1.17000 -5.32000 2.74700 -2.48200 -2.23800 3.16400 -3.58100 -1.70900 2.85800 -9.92800
28.00000 -54.60600 10.37600 2.19700 2.36000 6.56100 6.39900 0.29500 -6.29700 3.23500 -1.01700 -3.21500 1.21100 -4.06900 -2.68600 -3.00100 -8.95200
29.00000 67.46400 10.86400 5.12700 2.36000 6.56100 5.91000 -1.65800 -10.20300 -6.53100 -2.48200 -5.16800 -3.18400 -4.06900 -4.15000 -12.27800 -6.02200
30.00000 117.26900 6.95800 6.10400 2.36000 7.05000 3.46900 -4.58800 -4.34400 1.77000 -3.94700 -7.12100 -7.57900 -4.06900 -4.63900 -19.11400 -4.06900
31.00000 34.74900 1.09900 4.63900 2.84800 7.05000 1.02700 -6.05300 -10.20300 5.18800 -2.97000 -8.58600 -10.50800 -4.55700 -4.15000 -19.60200 -4.06900
32.00000 -73.16100 -1.34300 1.70900 3.82500 6.56100 0.05100 -5.07600 -5.80900 -1.16000 1.42400 -9.07400 -11.48500 -6.51000 -3.66200 -15.20800 -5.04600
33.00000 -69.74300 1.09900 -0.24400 5.29000 6.56100 1.51600 -3.12300 -3.36700 -1.64800 6.30700 -10.05000 -10.99700 -8.46400 -4.15000 -9.83700 -6.99900
34.00000 40.12000 6.47000 -0.73200 6.75500 7.05000 4.93400 -1.65800 -0.92600 -1.16000 7.77200 -12.00400 -11.48500 -9.92800 -6.59200 -8.37200 -8.46400
35.00000 117.75700 11.84100 0.73200 8.70800 9.00300 8.84000 -2.14600 2.49200 0.30500 3.86600 -14.44500 -13.43800 -10.41700 -8.05700 -11.30200 -7.97500
36.00000 61.11700 15.25900 2.19700 10.17300 10.95600 10.79300 -3.61100 3.95700 -2.13600 -3.45900 -15.91000 -15.87900 -9.92800 -8.05700 -15.69600 -7.48700
37.00000 -62.41900 15.74700 2.68600 10.17300 11.93200 10.79300 -5.56400 3.95700 -7.01900 -8.83000 -14.93300 -16.85600 -8.95200 -5.61500 -16.67300 -6.02200
38.00000 -104.41100 14.77100 3.17400 9.19600 10.46800 8.84000 -6.05300 3.95700 -5.55400 -7.36500 -12.49200 -15.39100 -7.97500 -1.22100 -12.27800 -4.55700
39.00000 -25.30900 11.84100 3.66200 7.24300 7.53800 6.39900 -5.07600 -0.92600 -2.13600 0.44800 -9.56200 -11.97300 -7.97500 2.68600 -4.95400 -3.09200
40.00000 60.14000 7.93500 5.61500 5.77800 5.09600 5.42200 -2.14600 2.49200 -3.60100 10.21300 -7.12100 -7.57900 -8.46400 4.15000 0.90500 -1.62800
41.00000 38.16700 4.51700 7.56800 5.77800 4.60800 6.39900 -0.68200 2.00400 -5.06600 14.60800 -6.14400 -4.16100 -8.46400 2.68600 2.37000 -0.16300
42.00000 -60.95400 3.54000 7.56800 6.26600 5.58500 6.39900 -0.19300 -2.39100 -3.11300 10.70100 -5.16800 -2.69600 -7.48700 0.24400 -0.07100 0.81400
43.00000 -102.45800 5.00500 5.61500 6.75500 6.07300 4.44500 -1.17000 0.05100 -1.64800 2.40100 -4.19100 -3.18400 -6.99900 -1.70900 -2.51300 0.81400
44.00000 -24.33300 8.42300 3.66200 7.24300 6.07300 3.46900 -2.63500 -1.90200 -0.67100 -4.43500 -3.70300 -4.64900 -6.02200 -2.68600 -4.46600 -1.62800
45.00000 74.30000 10.37600 2.68600 6.75500 4.60800 3.46900 -3.61100 2.98100 0.30500 -4.43500 -4.19100 -6.60200 -6.99900 -3.17400 -4.95400 -6.02200
46.00000 62.58100 9.88800 4.15000 5.77800 3.14300 5.91000 -3.12300 -0.43700 -3.11300 0.44800 -5.65600 -7.57900 -8.46400 -3.66200 -6.41900 -11.39300
47.00000 -49.72300 7.44600 5.12700 4.80100 2.65500 7.86300 -2.14600 -2.87900 -2.13600 4.84200 -7.12100 -8.06700 -10.41700 -5.12700 -7.88400 -14.32300
48.00000 -117.59400 3.54000 4.15000 2.84800 2.16700 6.88700 -0.19300 -1.41400 0.79300 2.88900 -8.09700 -7.57900 -11.39300 -7.08000 -8.86000 -13.83500
49.00000 -45.32900 0.61000 1.22100 0.89500 1.67800 2.00400 0.78300 -2.39100 2.74700 -4.92400 -8.09700 -6.11400 -10.41700 -8.05700 -7.88400 -10.90500
50.00000 91.87800 -0.85400 -1.70900 -1.05800 0.70200 -3.36700 0.78300 2.00400 4.21100 -13.71300 -6.63200 -5.13700 -8.95200 -8.54500 -5.93100 -7.97500
51.00000 133.38200 -0.85400 -4.15000 -2.52300 -0.27500 -5.80900 0.29500 -0.43700 6.16500 -16.15400 -5.65600 -4.16100 -7.48700 -8.05700 -5.44200 -7.97500
52.00000 34.26100 0.12200 -4.15000 -3.01100 0.21400 -3.36700 -0.68200 -2.39100 5.67600 -10.29500 -5.65600 -4.64900 -6.02200 -5.61500 -8.37200 -9.44000
53.00000 -80.97300 0.61000 -3.17400 -2.03500 1.67800 2.49200 -0.19300 0.53900 8.11800 1.42400 -5.65600 -5.62500 -5.04600 -1.22100 -14.72000 -9.44000
54.00000 -74.13700 -0.36600 -2.19700 -0.57000 3.63200 7.37500 1.76000 1.51600 7.14100 13.63100 -5.65600 -6.11400 -3.09200 4.15000 -19.11400 -5.53400
55.00000 33.28500 -2.31900 -1.22100 0.40700 5.58500 9.32800 4.20100 -7.27300 2.74700 19.97900 -4.19100 -5.13700 -0.16300 8.54500 -17.64900 -0.16300
56.00000 97.24900 -2.80800 0.24400 0.89500 6.56100 8.35200 5.17800 3.46900 6.16500 18.51400 -2.23800 -2.69600 2.27900 9.03300 -9.83700 3.74300
57.00000 35.23800 -0.85400 2.68600 1.38300 6.56100 7.37500 3.71300 -1.90200 5.18800 13.14300 -0.28500 0.72200 3.74300 7.08000 -1.04800 2.27900
58.00000 -75.60200 2.56300 4.63900 2.36000 5.58500 7.37500 0.29500 -1.90200 3.23500 7.77200 0.20300 2.18700 2.76700 3.66200 4.32300 -3.09200
59.00000 -92.69200 5.00500 7.08000 3.33700 5.09600 7.86300 -3.12300 1.51600 -0.18300 4.35400 -0.28500 2.18700 1.30200 2.19700 3.34700 -6.99900
60.00000 -3.33700 3.05200 7.56800 4.80100 4.60800 8.35200 -4.10000 0.53900 -1.16000 1.42400 -0.77300 -0.25400 0.81400 2.68600 -2.51300 -6.51000
61.00000 69.41700 0.12200 8.05700 5.77800 4.60800 7.37500 -0.19300 1.51600 -0.67100 -2.48200 -1.75000 -2.20700 2.27900 3.66200 -8.37200 -1.62800
62.00000 25.96000 -0.85400 7.56800 6.75500 4.12000 6.39900 5.17800 4.93400 4.70000 -6.38800 -3.21500 -3.67200 3.25500 3.17400 -12.27800 2.76700
63.00000 -75.60200 4.02800 7.08000 6.75500 3.63200 4.44500 9.08400 -1.90200 -2.13600 -7.36500 -6.14400 -4.64900 2.76700 -0.73200 -13.25500 1.30200
64.00000 -94.64500 11.35300 6.10400 6.75500 4.12000 3.95700 7.61900 -0.92600 1.77000 -2.48200 -8.58600 -5.13700 -1.13900 -5.61500 -12.76700 -7.48700
65.00000 7.89400 15.74700 5.12700 6.26600 4.60800 2.98100 2.73600 -0.43700 2.25800 6.30700 -9.07400 -5.62500 -6.99900 -10.49800 -11.79000 -18.22900
66.00000 116.29200 13.79400 4.15000 5.29000 5.09600 2.00400 -3.12300 2.49200 6.65300 14.11900 -7.12100 -5.62500 -11.88200 -11.96300 -9.83700 -24.08900
67.00000 101.15600 6.47000 3.17400 4.80100 5.09600 1.02700 -5.56400 1.51600 3.23500 14.60800 -4.19100 -5.62500 -13.34600 -10.49800 -6.90700 -21.64700
68.00000 -13.10200 0.12200 1.70900 4.31300 4.60800 0.53900 -5.56400 -0.92600 3.72300 7.28400 -3.21500 -4.16100 -9.92800 -5.61500 -3.97700 -13.34600
69.00000 -79.99700 -2.31900 0.24400 3.33700 4.12000 1.51600 -4.10000 0.05100 7.14100 -2.48200 -4.67900 -2.69600 -4.55700 0.73200 -3.97700 -4.55700
70.00000 -18.47300 -0.36600 -0.24400 2.36000 3.63200 4.44500 -4.10000 1.02700 7.14100 -7.85300 -8.58600 -2.69600 0.32600 6.10400 -7.39500 -0.16300
71.00000 87.48400 2.07500 0.73200 1.87200 4.60800 7.37500 -4.58800 5.42200 7.62900 -5.90000 -10.05000 -2.69600 2.27900 9.03300 -11.79000 -0.16300
72.00000 98.22600 3.05200 2.19700 2.36000 6.07300 10.79300 -4.58800 1.02700 5.18800 1.42400 -7.60900 -2.69600 2.76700 10.01000 -13.74300 -1.13900
73.00000 -6.26600 4.02800 3.66200 2.36000 6.56100 12.25800 -2.63500 -1.90200 3.23500 8.26000 -3.21500 -2.20700 2.27900 9.52100 -10.32500 -1.13900
74.00000 -98.55100 5.49300 4.15000 3.33700 6.56100 12.25800 0.78300 2.49200 4.21100 9.72500 -0.28500 -0.74300 2.27900 8.54500 -2.51300 1.30200
75.00000 -70.23100 8.91100 5.12700 3.82500 6.56100 11.77000 3.71300 2.00400 4.21100 8.26000 0.20300 0.72200 2.76700 7.56800 4.32300 2.76700
76.00000 29.86700 11.84100 6.59200 5.29000 7.05000 11.28100 3.71300 1.51600 3.72300 5.81900 -1.26100 1.21100 2.76700 5.12700 4.81200 0.81400
77.00000 64.04600 12.81700 8.54500 6.75500 7.53800 11.28100 1.27200 2.49200 5.18800 6.30700 -3.70300 -0.25400 1.30200 2.19700 -0.55900 -3.58100
78.00000 -13.59000 11.35300 10.01000 7.24300 9.00300 11.28100 -1.65800 -2.39100 4.70000 7.77200 -4.67900 -3.18400 -0.65100 -0.73200 -9.34900 -8.46400
79.00000 -97.08700 10.37600 9.03300 6.75500 8.51400 10.79300 -3.12300 2.49200 5.67600 8.26000 -4.67900 -5.62500 -2.60400 -2.19700 -15.69600 -10.41700
80.00000 -66.32500 9.88800 5.12700 5.29000 7.05000 10.30500 -0.68200 2.00400 4.70000 6.30700 -4.19100 -6.60200 -2.11600 -0.73200 -15.69600 -7.48700
81.00000 53.30400 10.37600 1.22100 3.33700 6.07300 10.30500 4.20100 3.46900 5.67600 3.86600 -3.70300 -5.62500 -0.16300 2.68600 -10.81300 -2.60400
82.00000 118.24500 11.84100 0.24400 2.36000 5.58500 11.28100 8.59600 2.49200 12.02400 4.35400 -2.23800 -4.16100 2.76700 5.61500 -4.95400 1.79000
83.00000 48.91000 12.81700 4.15000 3.33700 7.05000 12.25800 10.54900 -0.43700 2.74700 7.28400 -1.26100 -3.18400 3.74300 7.08000 -2.51300 2.76700
84.00000 -64.37200 13.79400 10.98600 6.26600 9.00300 12.74600 10.06100 3.46900 2.25800 10.70100 -1.26100 -3.67200 2.27900 6.10400 -3.97700 0.81400
85.00000 -77.55500 15.74700 16.84600 9.68400 10.95600 12.74600 8.10800 1.02700 4.21100 11.67800 -2.72600 -5.62500 -1.13900 3.17400 -6.90700 -3.58100
86.00000 25.47200 17.70000 19.77500 12.61400 11.93200 12.25800 6.15400 -0.43700 4.70000 8.26000 -5.65600 -7.09000 -4.06900 0.73200 -9.83700 -7.48700
87.00000 114.82700 18.67700 18.31100 13.59000 12.42100 12.74600 5.66600 2.00400 7.14100 4.35400 -7.60900 -8.06700 -5.53400 -0.73200 -9.34900 -9.92800
88.00000 74.30000 17.70000 14.89300 12.61400 11.44400 14.21100 5.66600 13.23400 6.65300 4.84200 -7.12100 -7.09000 -4.55700 -0.73200 -6.41900 -8.95200
89.00000 -49.23500 14.28200 10.98600 10.17300 9.49100 14.69900 6.15400 -1.90200 4.70000 8.74800 -4.67900 -6.11400 -2.11600 1.22100 -2.51300 -5.53400
90.00000 -106.85200 8.42300 8.54500 6.75500 7.05000 13.72300 5.17800 2.00400 3.23500 14.11900 -2.23800 -4.64900 0.32600 1.70900 -0.07100 -1.13900
91.00000 -38.49300 2.56300 7.56800 4.80100 5.09600 11.28100 3.22500 -1.90200 4.70000 15.09600 -2.23800 -4.64900 1.30200 1.22100 -1.04800 1.79000
92.00000 54.76900 -0.85400 8.54500 4.31300 4.60800 8.35200 2.24800 0.53900 5.67600 10.21300 -4.19100 -5.62500 0.32600 -0.24400 -4.46600 1.30200
93.00000 47.44500 1.09900 10.98600 5.77800 5.58500 6.88700 2.24800 -1.41400 3.23500 3.37700 -6.63200 -7.09000 -1.62800 -0.73200 -8.37200 -1.62800
94.00000 -49.23500 7.44600 13.91600 8.21900 8.02600 7.37500 3.71300 -2.39100 -1.16000 -0.52900 -7.60900 -8.55500 -3.09200 0.73200 -11.79000 -5.04600
95.00000 -103.43400 14.28200 15.86900 10.17300 9.00300 8.35200 4.69000 -0.92600 -0.18300 1.91200 -6.14400 -9.04300 -3.09200 3.66200 -13.25500 -6.02200
96.00000 -36.05100 17.21200 15.38100 10.17300 8.51400 8.35200 4.20100 -2.87900 1.77000 6.30700 -4.67900 -9.04300 -1.62800 5.61500 -13.25500 -5.04600
97.00000 71.37000 15.74700 12.45100 9.19600 7.05000 7.37500 3.22500 4.93400 4.21100 8.26000 -4.67900 -9.53200 -0.65100 4.63900 -12.76700 -2.11600
98.00000 78.69500 12.32900 8.54500 7.73100 6.07300 4.93400 2.24800 1.51600 5.67600 5.81900 -5.65600 -9.53200 -1.13900 2.19700 -11.30200 -0.65100
99.00000 -26.77400 11.84100 5.61500 6.26600 6.07300 3.95700 2.24800 -0.43700 0.79300 -0.04100 -6.63200 -9.04300 -2.60400 0.24400 -9.83700 -2.11600
100.00000 -110.27000 14.28200 4.63900 6.26600 6.56100 4.93400 1.76000 2.00400 1.77000 -4.43500 -6.14400 -8.55500 -4.06900 0.24400 -7.39500 -4.55700
101.00000 -58.02400 17.21200 5.61500 6.26600 7.05000 6.88700 1.76000 2.00400 5.18800 -4.43500 -4.67900 -7.57900 -4.55700 2.68600 -4.95400 -6.02200
102.00000 74.78800 16.72400 8.54500 6.26600 7.53800 9.81600 1.27200 -1.90200 0.79300 -0.52900 -2.72600 -5.62500 -2.11600 5.61500 -3.97700 -4.06900
103.00000 133.38200 13.30600 11.47500 5.77800 8.02600 11.77000 2.24800 2.49200 5.18800 3.37700 -1.75000 -3.67200 1.79000 7.08000 -3.48900 0.81400
104.00000 49.88600 10.37600 13.42800 6.26600 8.51400 11.77000 5.17800 -4.83200 4.70000 5.81900 -0.28500 -2.69600 5.20800 7.08000 -2.51300 5.20800
105.00000 -65.83700 11.35300 13.91600 7.24300 8.51400 10.79300 9.08400 -0.92600 5.67600 6.30700 1.66800 -2.20700 6.67300 6.59200 -0.07100 6.67300
106.00000 -69.25500 13.79400 13.42800 8.21900 8.51400 8.84000 11.52500 1.02700 6.16500 7.77200 3.13300 -2.20700 4.72000 6.10400 2.85800 5.20800
107.00000 38.16700 15.25900 12.45100 8.21900 7.53800 8.35200 11.52500 0.05100 7.62900 10.21300 2.15700 -3.18400 1.79000 5.61500 4.81200 1.79000
108.00000 113.85100 12.81700 11.96300 8.21900 6.56100 8.84000 7.61900 2.49200 9.09400 12.65500 -0.28500 -4.64900 -0.16300 5.61500 2.85800 -0.16300
109.00000 58.67500 7.93500 10.98600 6.26600 6.07300 10.30500 3.22500 3.95700 6.16500 12.65500 -3.21500 -6.11400 -0.16300 5.61500 -1.04800 0.81400
110.00000 -62.41900 4.51700 10.01000 4.80100 6.07300 10.79300 0.29500 1.02700 4.70000 10.70100 -4.19100 -7.09000 1.79000 6.59200 -3.48900 3.25500
111.00000 -103.92300 3.54000 10.01000 4.80100 6.56100 9.81600 0.29500 4.44500 2.74700 8.26000 -2.23800 -6.60200 4.23200 8.05700 -2.02400 6.67300
112.00000 -24.33300 4.51700 10.98600 6.26600 6.56100 9.32800 2.73600 3.95700 0.79300 6.30700 0.69200 -5.13700 5.20800 9.03300 2.85800 8.62600
113.00000 60.62800 5.00500 12.45100 8.21900 6.56100 9.32800 4.20100 7.37500 2.74700 5.81900 2.15700 -2.69600 4.72000 8.05700 7.74100 8.62600
114.00000 37.19100 5.98100 14.89300 10.17300 7.53800 10.30500 5.66600 2.49200 1.77000 5.33000 2.15700 -1.71900 2.27900 3.66200 8.71800 6.18500
115.00000 -60.95400 8.42300 16.84600 11.63700 8.02600 12.74600 8.10800 2.00400 0.30500 4.35400 1.18000 -2.20700 -0.65100 -0.73200 5.30000 2.27900
116.00000 -96.11000 14.77100 16.84600 12.61400 8.51400 13.72300 11.03700 1.02700 1.28200 3.37700 1.66800 -3.67200 -4.06900 -3.66200 -0.55900 -3.09200
117.00000 -7.73100 21.60600 16.35700 12.61400 9.00300 13.72300 14.94300 -1.41400 0.79300 3.86600 2.64500 -5.62500 -6.02200 -2.68600 -5.44200 -6.99900
118.00000 106.03800 25.02400 15.86900 12.12600 9.00300 12.25800 16.89700 1.02700 4.21100 5.33000 2.15700 -7.09000 -6.02200 1.70900 -7.39500 -7.48700
119.00000 108.96800 23.56000 15.38100 11.14900 8.51400 11.28100 14.45500 -2.39100 0.79300 7.28400 -0.28500 -7.57900 -4.55700 5.61500 -7.88400 -4.55700
120.00000 1.54600 17.70000 14.40400 9.19600 7.05000 9.81600 8.59600 -4.34400 -0.18300 8.26000 -3.70300 -7.57900 -3.09200 6.59200 -7.88400 0.32600
121.00000 -77.55500 11.84100 11.47500 6.75500 5.58500 7.86300 2.73600 0.53900 -0.18300 6.30700 -6.14400 -7.09000 -1.13900 5.12700 -6.90700 4.72000
122.00000 -29.70400 7.93500 7.56800 4.31300 3.63200 4.44500 -0.19300 -0.92600 -0.67100 3.37700 -5.16800 -6.11400 -0.16300 2.68600 -4.95400 7.16100
123.00000 78.20600 6.95800 4.63900 2.36000 2.65500 2.00400 1.27200 4.93400 0.79300 0.93600 -2.23800 -5.13700 0.32600 2.19700 -1.04800 7.16100
124.00000 103.10900 6.47000 4.63900 1.87200 2.16700 0.05100 3.22500 1.02700 4.21100 -1.01700 0.69200 -3.67200 0.81400 2.68600 1.39400 6.67300
125.00000 7.89400 5.49300 7.08000 3.33700 3.14300 1.51600 4.20100 -1.90200 0.79300 -1.99400 1.18000 -3.18400 -0.16300 2.19700 1.88200 5.69700
126.00000 -93.18000 4.51700 9.03300 5.29000 4.60800 3.46900 2.73600 -0.43700 4.21100 -1.01700 0.20300 -4.16100 -1.62800 0.73200 -0.55900 2.76700
127.00000 -79.02000 3.54000 10.49800 6.75500 5.58500 7.37500 0.78300 -1.90200 5.67600 1.91200 -0.77300 -5.62500 -4.06900 -1.70900 -3.00100 -1.62800
128.00000 19.61300 3.05200 10.01000 6.75500 6.07300 10.79300 0.29500 -8.73800 1.28200 7.77200 0.69200 -6.11400 -5.04600 -0.73200 -2.02400 -5.04600
129.00000 66.48800 3.05200 9.03300 5.29000 5.58500 13.23400 2.73600 5.91000 7.62900 13.63100 2.64500 -4.64900 -4.06900 4.15000 1.39400 -5.04600
130.00000 -1.87200 5.49300 8.05700 4.31300 5.09600 13.72300 6.15400 -0.92600 4.70000 16.07300 3.62100 -2.69600 -1.13900 10.01000 4.81200 -0.16300
131.00000 -93.66900 8.91100 7.08000 3.33700 5.09600 12.25800 7.61900 0.05100 6.65300 13.14300 1.66800 -0.74300 3.25500 12.93900 6.76500 7.65000
132.00000 -83.90300 12.81700 6.10400 3.82500 5.09600 9.81600 7.13100 1.02700 3.23500 5.33000 -0.77300 0.23400 6.18500 11.47500 6.27600 13.02100
133.00000 22.54200 14.28200 5.61500 5.77800 6.07300 8.84000 5.66600 2.00400 2.74700 -2.48200 -2.23800 0.23400 6.67300 7.56800 6.76500 13.99700
134.00000 88.46000 13.30600 5.61500 6.75500 7.05000 8.84000 4.69000 1.51600 7.14100 -6.38800 -0.77300 0.23400 6.18500 4.15000 8.71800 9.60300
135.00000 24.00700 10.86400 7.08000 8.21900 8.02600 9.81600 5.17800 4.44500 7.14100 -2.48200 1.66800 0.23400 6.18500 4.63900 9.69400 4.72000
136.00000 -92.20400 8.91100 9.03300 7.73100 8.51400 10.79300 5.66600 -0.43700 3.72300 7.28400 2.15700 -0.74300 5.69700 6.10400 6.27600 1.79000
137.00000 -107.34000 8.42300 10.01000 6.26600 8.02600 11.28100 4.69000 0.53900 5.18800 17.53700 0.20300 -4.16100 5.20800 6.59200 -2.02400 -0.16300
138.00000 9.84700 8.91100 10.49800 4.31300 7.53800 11.77000 3.71300 0.05100 6.16500 22.90900 -3.70300 -8.06700 2.27900 5.61500 -12.27800 -2.60400
139.00000 128.01100 9.88800 10.49800 3.33700 7.05000 12.25800 3.71300 5.42200 4.70000 20.95500 -6.14400 -10.99700 -1.62800 3.66200 -18.13800 -6.02200
140.00000 109.94500 11.35300 10.01000 3.33700 6.56100 12.74600 6.15400 1.51600 4.21100 14.60800 -4.19100 -10.50800 -5.53400 3.17400 -16.18400 -8.46400
141.00000 -16.03200 12.32900 10.49800 5.29000 6.56100 13.23400 10.06100 -0.92600 1.77000 7.77200 -0.28500 -8.06700 -5.53400 4.63900 -7.39500 -6.99900
142.00000 -92.69200 13.79400 10.98600 7.24300 6.56100 12.74600 12.99000 0.05100 3.72300 5.81900 2.15700 -5.13700 -3.09200 6.10400 0.41700 -2.11600
143.00000 -31.16900 13.79400 11.96300 9.68400 7.05000 11.28100 12.99000 -0.43700 2.25800 8.74800 2.15700 -4.16100 1.30200 6.10400 3.34700 2.76700
144.00000 81.13600 11.84100 13.42800 11.63700 8.02600 10.30500 10.54900 5.42200 1.77000 10.70100 0.20300 -5.13700 3.25500 4.63900 0.90500 3.25500
145.00000 95.78500 9.88800 13.91600 12.61400 9.00300 10.30500 7.13100 2.49200 1.28200 8.26000 -2.23800 -6.60200 1.79000 2.68600 -3.48900 -1.13900
146.00000 -6.75500 9.88800 12.93900 12.12600 9.00300 9.81600 5.66600 -0.92600 0.30500 -0.04100 -2.72600 -6.60200 -1.13900 1.22100 -5.93100 -6.02200
147.00000 -99.04000 11.84100 10.01000 10.17300 7.53800 7.37500 4.69000 2.00400 2.25800 -8.34100 -3.21500 -5.62500 -4.06900 0.24400 -6.90700 -8.46400
148.00000 -71.20800 13.30600 6.59200 7.73100 6.07300 4.93400 4.20100 -0.92600 4.21100 -11.27100 -3.70300 -4.16100 -3.58100 -0.24400 -6.90700 -5.53400
149.00000 30.84300 11.84100 4.15000 5.77800 4.60800 3.46900 2.73600 7.86300 2.25800 -5.90000 -4.67900 -2.69600 -1.13900 -1.22100 -6.41900 -1.13900
150.00000 65.99900 6.95800 3.17400 4.80100 3.63200 3.95700 0.29500 3.46900 1.77000 4.84200 -4.67900 -1.71900 1.30200 -1.22100 -5.44200 1.79000
151.00000 -12.12600 2.56300 3.17400 4.80100 3.63200 6.39900 -1.65800 -2.39100 1.77000 13.14300 -3.21500 -1.23100 2.76700 0.73200 -3.00100 1.79000
152.00000 -95.62200 2.07500 3.17400 4.80100 4.60800 9.32800 -2.14600 1.02700 2.74700 14.60800 -1.75000 -0.25400 1.79000 3.66200 0.90500 -0.16300
153.00000 -63.88300 6.47000 2.19700 5.29000 5.58500 10.30500 -0.68200 -0.92600 5.18800 9.72500 -1.75000 1.21100 0.81400 6.10400 3.34700 0.32600
154.00000 57.69900 11.35300 2.19700 5.29000 6.56100 10.30500 1.76000 -3.36700 6.65300 4.35400 -2.23800 1.69900 0.32600 6.10400 1.88200 1.30200
155.00000 126.54600 13.79400 3.17400 5.29000 8.02600 8.84000 4.69000 2.49200 6.65300 3.86600 -1.26100 1.69900 1.30200 3.66200 -1.53600 1.79000
156.00000 61.60500 11.84100 4.63900 5.29000 8.51400 8.35200 6.64300 -4.83200 5.67600 7.77200 1.18000 1.69900 2.76700 2.19700 -3.48900 0.81400
157.00000 -51.18800 7.93500 5.12700 3.33700 7.53800 8.35200 6.64300 -1.41400 3.72300 11.67800 4.59800 2.18700 3.25500 3.66200 -1.53600 -1.13900
158.00000 -68.76600 5.98100 3.66200 1.38300 6.56100 9.32800 6.15400 -0.43700 5.67600 12.65500 6.06300 3.16400 3.74300 7.56800 4.32300 -1.62800
159.00000 26.44900 6.95800 1.70900 -0.57000 5.09600 9.81600 4.69000 1.02700 7.14100 10.21300 5.08600 3.16400 4.23200 11.47500 8.71800 0.81400
160.00000 107.01500 10.37600 1.22100 -0.57000 5.09600 10.79300 4.20100 5.42200 5.67600 7.28400 2.64500 2.67500 3.74300 11.96300 9.20600 3.74300
161.00000 67.46400 13.30600 3.66200 1.38300 6.56100 10.79300 4.20100 9.81600 8.60600 5.81900 1.18000 0.72200 3.74300 9.03300 5.78800 5.20800
162.00000 -51.18800 13.79400 7.56800 5.29000 8.02600 10.79300 5.17800 2.00400 4.21100 5.33000 1.66800 -1.23100 3.74300 5.61500 1.39400 5.20800
163.00000 -102.45800 11.84100 10.01000 7.73100 9.00300 9.32800 4.69000 2.98100 4.21100 3.86600 3.13300 -1.71900 3.74300 5.61500 0.41700 5.20800
164.00000 -32.14500 9.88800 10.49800 9.19600 9.00300 8.35200 3.71300 3.46900 4.21100 0.93600 2.64500 -0.74300 3.74300 8.54500 3.83500 6.67300
165.00000 57.21000 9.39900 9.03300 9.68400 9.00300 9.32800 2.73600 8.35200 5.18800 -0.04100 0.69200 -0.25400 3.25500 10.49800 6.76500 9.60300
166.00000 43.53800 12.32900 8.05700 9.68400 9.97900 12.25800 3.22500 5.91000 1.28200 2.88900 -1.75000 -0.25400 1.79000 9.52100 5.30000 9.60300
167.00000 -54.60600 16.23500 8.54500 10.17300 11.44400 16.65200 6.15400 2.98100 -0.67100 10.21300 -2.72600 -2.20700 -0.65100 5.61500 -1.53600 4.72000
168.00000 -102.94600 18.67700 9.52100 10.17300 11.44400 18.60600 9.57200 4.93400 2.74700 17.53700 -1.26100 -4.16100 -3.09200 2.19700 -9.83700 -3.58100
169.00000 -28.23900 18.18800 10.98600 9.19600 9.97900 17.62900 12.50200 5.91000 3.72300 20.46700 1.18000 -4.64900 -4.55700 2.19700 -13.74300 -9.92800
170.00000 85.04200 14.28200 11.96300 7.73100 7.05000 12.74600 13.47900 7.37500 5.67600 17.53700 4.11000 -2.69600 -3.58100 5.12700 -9.83700 -9.44000
171.00000 94.80800 10.37600 11.47500 5.77800 4.60800 7.86300 12.01400 4.44500 4.70000 10.21300 7.03900 1.21100 -0.16300 8.05700 0.90500 -2.11600
172.00000 -11.14900 7.44600 10.49800 5.29000 3.14300 4.44500 10.54900 0.05100 3.23500 3.86600 9.96900 6.09300 4.23200 8.54500 13.60100 7.65000
173.00000 -97.08700 6.47000 8.54500 5.77800 2.65500 3.46900 9.08400 1.51600 2.74700 0.93600 12.41000 9.02300 7.65000 6.59200 23.36600 14.97400
174.00000 -50.21200 5.98100 7.08000 5.77800 3.14300 3.46900 9.57200 2.00400 5.67600 0.44800 13.87500 10.00000 8.62600 4.63900 27.27300 17.41500
175.00000 74.30000 4.02800 6.59200 5.77800 4.60800 3.46900 10.06100 -4.83200 3.23500 -0.52900 13.87500 8.53500 8.13800 5.61500 25.80800 16.43900
176.00000 123.12800 0.61000 6.10400 5.29000 5.58500 2.98100 9.57200 -0.92600 6.16500 -2.97000 11.43400 6.09300 5.69700 7.08000 20.43700 13.99700
177.00000 34.26100 -1.83100 5.61500 4.31300 5.58500 2.49200 7.13100 -3.85500 0.79300 -3.94700 7.03900 3.16400 3.74300 8.54500 12.13600 11.55600
178.00000 -85.85600 -1.83100 4.15000 2.84800 5.09600 3.46900 3.71300 -0.43700 2.74700 -0.52900 2.15700 -0.25400 1.79000 8.54500 3.34700 9.11500
179.00000 -97.08700 0.12200 1.70900 1.38300 3.63200 6.39900 0.78300 -0.43700 3.23500 7.77200 -2.72600 -2.69600 1.30200 8.54500 -4.46600 7.65000
180.00000 -1.38300 2.56300 -0.73200 0.89500 3.14300 9.32800 -0.68200 -1.90200 6.65300 16.56100 -5.16800 -4.64900 2.27900 9.52100 -7.88400 7.16100
181.00000 66.48800 4.51700 -1.70900 0.40700 3.63200 10.30500 -1.17000 2.00400 4.21100 19.97900 -5.16800 -5.13700 4.23200 11.47500 -5.93100 8.62600
182.00000 16.19500 5.49300 -2.19700 0.40700 4.60800 8.84000 -2.14600 -2.87900 6.16500 15.09600 -2.72600 -3.18400 6.18500 12.45100 0.41700 11.55600
183.00000 -80.48500 5.98100 -2.19700 0.89500 5.58500 6.39900 -4.58800 -0.92600 1.77000 5.81900 -0.77300 -0.74300 7.16100 10.98600 6.76500 13.50900
184.00000 -91.71500 5.49300 -2.68600 2.36000 5.58500 3.95700 -7.02900 -1.41400 -0.18300 -1.99400 -0.77300 1.21100 6.67300 8.54500 10.18300 13.50900
185.00000 3.98800 5.49300 -2.68600 3.33700 5.09600 3.46900 -7.02900 -0.92600 1.77000 -2.97000 -2.72600 2.18700 5.69700 5.12700 9.69400 10.57900
186.00000 83.08900 5.98100 -2.19700 4.31300 4.60800 4.93400 -4.10000 -0.92600 5.67600 0.93600 -4.67900 0.72200 3.74300 2.68600 6.76500 5.20800
187.00000 38.16700 7.44600 -1.22100 4.31300 5.09600 6.88700 0.29500 -0.43700 3.23500 4.35400 -5.65600 -1.23100 1.30200 -0.24400 2.37000 -1.62800
188.00000 -77.06700 8.91100 -1.22100 3.33700 5.58500 7.37500 2.73600 -1.41400 2.25800 2.88900 -5.65600 -3.18400 -2.11600 -4.63900 -2.51300 -7.48700
189.00000 -110.75800 9.39900 -1.22100 1.87200 5.58500 6.39900 1.76000 0.53900 2.25800 -0.52900 -6.63200 -5.13700 -5.53400 -7.08000 -8.37200 -11.88200
190.00000 -8.70800 7.44600 -1.22100 0.40700 5.58500 5.42200 -2.14600 2.00400 2.74700 -0.52900 -7.60900 -6.60200 -6.99900 -4.63900 -13.25500 -12.37000
191.00000 115.80400 4.51700 -0.73200 0.40700 5.58500 5.91000 -5.07600 3.95700 4.70000 4.84200 -8.09700 -7.57900 -6.02200 1.70900 -15.69600 -9.92800
192.00000 117.26900 2.56300 1.22100 1.87200 6.56100 8.35200 -4.10000 1.51600 6.16500 12.65500 -7.12100 -7.57900 -2.11600 8.54500 -13.74300 -6.02200
193.00000 -3.82500 4.02800 2.68600 3.33700 7.53800 10.30500 -0.19300 -0.43700 1.77000 17.04900 -5.16800 -6.60200 1.30200 10.01000 -6.90700 -1.62800
194.00000 -99.52800 7.44600 4.15000 5.29000 8.02600 11.28100 4.69000 2.00400 3.72300 13.63100 -2.72600 -4.16100 2.76700 6.59200 1.39400 0.81400
195.00000 -62.41900 9.88800 4.15000 6.26600 8.02600 10.30500 6.64300 0.05100 2.74700 5.33000 -1.75000 -1.23100 0.81400 1.70900 6.76500 1.30200
196.00000 44.51500 7.93500 3.66200 6.75500 7.53800 7.86300 5.66600 5.42200 2.25800 -1.50600 -1.75000 0.23400 -2.11600 -0.24400 6.27600 -0.16300
197.00000 75.76500 3.54000 3.17400 6.26600 6.07300 5.42200 1.76000 0.53900 2.25800 -2.97000 -2.23800 -0.25400 -3.58100 1.70900 0.90500 -1.62800
198.00000 -6.75500 0.61000 2.68600 5.77800 5.09600 3.95700 -1.17000 -1.90200 0.30500 -1.50600 -2.72600 -2.69600 -3.09200 4.63900 -5.93100 -2.60400
199.00000 -93.18000 1.09900 1.70900 4.31300 4.60800 2.98100 -2.63500 -0.92600 1.28200 -0.04100 -3.70300 -6.11400 -1.62800 4.15000 -11.30200 -2.60400
200.00000 -69.25500 4.02800 0.24400 3.33700 4.60800 2.98100 -2.14600 -0.92600 4.21100 -1.99400 -5.16800 -8.55500 -1.62800 0.73200 -14.23100 -3.58100
201.00000 32.30800 5.49300 -1.22100 2.84800 5.09600 3.95700 -0.68200 -6.78500 1.28200 -4.92400 -6.14400 -8.55500 -3.09200 -2.68600 -13.25500 -5.04600
202.00000 73.81200 5.00500 -1.70900 2.84800 5.09600 4.44500 1.27200 -0.92600 8.11800 -3.94700 -6.14400 -7.09000 -4.55700 -2.68600 -9.83700 -6.02200
203.00000 -2.84800 3.54000 -0.24400 2.36000 4.60800 5.91000 2.73600 -2.39100 4.70000 1.91200 -4.67900 -4.16100 -4.06900 1.22100 -5.44200 -6.02200
204.00000 -98.06300 3.54000 2.19700 1.38300 4.12000 6.39900 3.71300 0.53900 4.70000 9.23700 -3.21500 -1.71900 -0.65100 5.12700 -1.04800 -4.06900
205.00000 -79.50800 5.49300 3.17400 0.89500 4.12000 7.37500 2.73600 1.51600 5.67600 14.60800 -2.72600 -1.23100 3.25500 7.08000 0.90500 -0.65100
206.00000 44.02700 6.95800 3.17400 0.89500 5.09600 8.84000 1.27200 2.98100 4.70000 14.60800 -3.70300 -1.71900 5.69700 5.61500 0.41700 3.25500
207.00000 129.96400 6.95800 2.19700 2.36000 6.56100 10.79300 -0.19300 2.49200 10.07100 11.19000 -5.16800 -3.67200 5.69700 4.15000 -2.51300 5.20800
208.00000 78.20600 4.51700 2.68600 4.80100 7.53800 11.77000 -0.19300 3.95700 5.67600 7.28400 -4.67900 -4.64900 4.72000 3.17400 -5.93100 5.20800
209.00000 -42.39900 2.07500 4.15000 6.75500 8.02600 9.81600 2.73600 3.95700 2.25800 6.30700 -2.23800 -5.13700 3.25500 3.66200 -7.39500 4.23200
210.00000 -79.02000 0.12200 7.08000 7.24300 6.56100 5.91000 7.13100 6.88700 2.25800 6.30700 1.18000 -4.64900 2.27900 4.15000 -5.44200 1.79000
211.00000 9.84700 -0.85400 9.03300 6.26600 5.09600 2.00400 11.03700 5.42200 4.70000 6.79500 3.62100 -3.18400 1.79000 4.63900 -1.04800 -0.65100
212.00000 105.06200 -0.85400 9.52100 4.80100 4.60800 1.51600 12.01400 6.39900 6.16500 5.81900 4.59800 -1.71900 0.32600 5.61500 4.32300 -2.11600
213.00000 80.64800 -0.36600 9.52100 4.31300 5.09600 5.42200 10.54900 2.49200 7.14100 4.84200 4.11000 -0.25400 -1.13900 6.59200 7.25300 -2.11600
214.00000 -36.05100 1.58700 10.01000 6.26600 6.07300 10.30500 9.08400 2.00400 1.28200 4.84200 4.11000 0.23400 -2.11600 8.05700 7.25300 0.32600
215.00000 -104.41100 5.49300 11.47500 9.68400 7.05000 13.72300 9.57200 4.93400 1.77000 6.79500 4.59800 0.23400 -1.13900 10.01000 5.30000 3.74300
216.00000 -47.28200 9.88800 13.91600 12.12600 8.02600 14.21100 12.50200 2.00400 2.74700 8.74800 6.06300 0.23400 0.81400 10.98600 2.85800 6.18500
217.00000 49.39800 13.79400 15.86900 12.12600 8.51400 13.23400 14.94300 4.44500 3.23500 9.72500 6.55100 0.23400 2.76700 10.98600 2.37000 6.18500
218.00000 53.30400 14.28200 16.35700 10.17300 9.00300 11.77000 15.43200 2.00400 2.25800 8.74800 7.03900 0.23400 3.25500 9.03300 3.34700 3.74300
219.00000 -39.95800 11.84100 13.91600 7.24300 8.51400 11.28100 11.52500 1.02700 -0.18300 6.79500 6.06300 -0.25400 1.79000 5.61500 5.30000 -0.16300
220.00000 -101.96900 7.93500 10.01000 5.29000 6.56100 10.30500 6.15400 2.00400 3.72300 5.81900 5.08600 -0.74300 -0.65100 2.68600 6.27600 -2.60400
221.00000 -40.93400 3.54000 7.08000 4.31300 4.12000 7.37500 2.73600 2.49200 2.74700 6.79500 2.64500 -1.71900 -2.11600 1.70900 4.81200 -2.11600
222.00000 76.25300 1.58700 6.10400 4.80100 1.67800 3.95700 3.71300 5.42200 4.21100 8.74800 -0.28500 -3.18400 -1.62800 2.68600 1.39400 0.32600
223.00000 106.52700 2.56300 7.08000 5.29000 0.70200 1.51600 7.61900 5.42200 4.70000 10.21300 -2.72600 -4.16100 0.32600 5.61500 -3.00100 3.25500
224.00000 11.31200 5.98100 8.54500 5.29000 1.19000 2.00400 12.01400 2.98100 -2.13600 8.74800 -2.72600 -4.64900 2.27900 8.05700 -5.93100 5.20800
225.00000 -85.85600 8.42300 9.03300 5.29000 2.16700 4.44500 13.96700 3.46900 2.25800 5.33000 -1.26100 -4.16100 3.25500 8.05700 -5.93100 5.69700
226.00000 -59.48900 7.93500 8.05700 4.80100 3.14300 7.37500 12.99000 4.93400 1.28200 2.40100 1.66800 -3.18400 3.25500 6.59200 -3.97700 6.18500
227.00000 58.67500 3.54000 8.05700 5.29000 3.63200 9.32800 11.03700 -3.36700 -1.16000 2.88900 4.59800 -1.71900 3.25500 5.61500 -0.55900 7.65000
228.00000 120.19900 0.12200 9.03300 6.26600 5.09600 10.30500 10.54900 5.91000 5.67600 7.28400 6.06300 -0.25400 3.25500 6.59200 2.85800 9.11500
229.00000 46.95600 -0.36600 11.96300 8.21900 6.07300 9.81600 12.01400 1.02700 4.70000 11.67800 7.52800 0.72200 3.74300 8.54500 5.30000 9.60300
230.00000 -75.11400 3.54000 14.89300 9.19600 7.05000 9.32800 13.96700 3.95700 6.65300 12.65500 8.01600 1.21100 2.76700 10.01000 7.25300 6.18500
231.00000 -100.50500 8.91100 15.38100 9.68400 7.53800 8.35200 14.94300 5.91000 4.21100 9.23700 8.50400 1.69900 0.81400 9.03300 8.71800 0.81400
232.00000 -12.12600 11.35300 14.40400 9.19600 7.05000 8.84000 13.96700 4.93400 4.21100 4.84200 7.52800 1.21100 -1.62800 6.10400 8.23000 -3.58100
233.00000 64.04600 10.86400 11.96300 7.73100 6.56100 9.81600 11.52500 8.84000 4.21100 3.86600 6.55100 0.72200 -2.60400 3.66200 4.81200 -4.55700
234.00000 25.47200 8.91100 10.49800 6.75500 6.56100 10.30500 9.57200 12.74600 6.65300 6.30700 5.08600 0.23400 -1.62800 4.15000 0.90500 -1.13900
235.00000 -73.16100 8.91100 10.49800 6.26600 7.05000 10.79300 9.08400 5.42200 0.30500 10.70100 4.59800 0.23400 -0.16300 7.08000 -1.53600 4.23200
236.00000 -96.59800 10.37600 11.96300 6.26600 6.56100 9.81600 10.06100 6.88700 0.30500 12.65500 5.08600 0.72200 0.81400 10.01000 -0.55900 7.16100
237.00000 -6.26600 10.86400 13.42800 7.24300 6.07300 8.35200 12.50200 2.98100 2.74700 10.70100 6.55100 1.69900 0.81400 9.52100 3.34700 6.18500
238.00000 85.53100 9.39900 14.89300 8.21900 5.58500 7.37500 15.43200 4.93400 3.23500 7.28400 8.50400 2.67500 0.32600 6.59200 7.74100 2.76700
239.00000 57.69900 6.95800 14.89300 8.70800 5.09600 5.91000 16.40800 2.98100 1.77000 4.84200 8.99300 3.65200 -0.65100 2.68600 10.18300 -1.13900
240.00000 -57.53600 6.47000 13.42800 8.21900 4.60800 5.42200 15.43200 -0.92600 0.79300 4.84200 9.48100 3.65200 -0.16300 1.22100 9.20600 -2.11600
241.00000 -109.78200 7.93500 10.98600 6.75500 4.12000 5.42200 12.99000 1.51600 1.77000 6.79500 8.99300 3.16400 0.81400 1.70900 5.78800 -0.16300
242.00000 -23.84400 8.42300 7.56800 5.29000 3.14300 5.42200 10.54900 -0.92600 4.21100 6.79500 8.50400 2.18700 2.27900 2.68600 3.34700 3.74300
243.00000 103.59700 6.95800 4.63900 3.82500 1.67800 5.42200 9.08400 8.35200 0.79300 4.84200 8.50400 2.67500 3.25500 3.66200 2.85800 7.16100
244.00000 122.15200 3.05200 3.17400 2.84800 1.19000 4.93400 8.10800 6.88700 -0.67100 2.88900 8.01600 3.65200 4.23200 3.66200 4.81200 9.60300
245.00000 10.82400 -1.34300 2.19700 1.87200 0.70200 3.46900 8.59600 3.46900 -3.11300 1.42400 8.01600 4.62800 4.72000 4.15000 7.25300 11.06800
246.00000 -93.66900 -2.31900 3.17400 1.38300 0.70200 1.51600 8.59600 6.88700 -0.18300 2.40100 8.99300 5.11700 5.69700 6.10400 9.69400 11.55600
247.00000 -69.25500 -0.85400 4.63900 0.89500 0.70200 0.05100 8.59600 5.91000 -0.67100 2.40100 9.96900 4.62800 5.69700 8.54500 10.18300 11.55600
248.00000 37.67900 1.09900 8.05700 1.38300 0.21400 0.05100 9.57200 5.42200 -0.67100 1.91200 11.43400 4.62800 4.72000 10.01000 10.18300 10.57900
249.00000 82.11300 2.56300 12.45100 2.84800 0.21400 2.49200 11.52500 3.95700 4.21100 0.44800 12.89900 5.11700 2.27900 10.01000 10.67100 8.62600
250.00000 6.42900 4.51700 15.38100 5.29000 0.21400 5.91000 13.47900 -0.92600 1.28200 -0.04100 14.85200 6.58200 0.32600 7.08000 12.13600 5.69700
251.00000 -89.27400 6.95800 15.38100 7.24300 1.19000 8.35200 14.94300 2.98100 3.72300 0.93600 16.31700 8.04600 -0.65100 3.66200 14.08900 4.23200
252.00000 -80.48500 9.88800 13.42800 7.73100 2.16700 8.84000 15.43200 1.51600 4.21100 3.86600 16.80500 9.02300 0.81400 2.19700 16.04200 4.23200
253.00000 19.61300 11.84100 10.49800 7.24300 3.63200 8.84000 14.45500 2.49200 3.72300 5.81900 14.85200 7.55800 2.76700 4.63900 15.55400 6.18500
254.00000 76.25300 10.86400 9.03300 6.75500 4.60800 8.35200 12.99000 4.44500 4.21100 7.28400 11.92200 5.11700 5.69700 9.03300 14.08900 10.57900
255.00000 10.82400 8.42300 9.52100 5.77800 4.60800 8.84000 11.52500 1.51600 0.79300 7.77200 9.48100 2.67500 7.65000 13.91600 12.13600 14.97400
256.00000 -91.22700 5.00500 10.98600 4.80100 3.63200 9.32800 11.52500 7.86300 -0.67100 9.23700 8.01600 2.18700 8.13800 16.35700 12.13600 17.90400
