1.00000 -14.82100 -9.48100 -7.07000 -6.33700 0.54900 -8.74800 -1.66800 1.42400 -0.42700 -3.08200 -3.86600 -1.14900 -2.58400 0.42700 0.86500 -6.26600
2.00000 -15.79800 -11.43400 -9.02300 -8.29100 0.06100 -10.21300 -2.15700 0.44800 -0.42700 -2.59400 -4.35400 -0.66100 0.34600 3.35700 1.84100 -3.82500
3.00000 -17.26300 -15.82800 -10.00000 -9.75500 -2.38000 -12.16600 -0.20300 -1.01700 -0.91600 -3.08200 -3.86600 0.31500 3.27600 4.33300 3.30600 -1.87200
4.00000 -19.70400 -20.71100 -9.02300 -9.26700 -4.82200 -14.60800 1.75000 -1.50600 -1.89200 -5.03500 -3.86600 0.80400 4.25200 3.35700 4.28300 -0.89500
5.00000 -22.63400 -23.64100 -8.53500 -8.77900 -6.77500 -15.58400 1.75000 -2.97000 -2.86900 -6.98900 -4.35400 1.29200 3.76400 0.91600 4.77100 -1.38300
6.00000 -24.09900 -24.12900 -8.53500 -8.29100 -7.26300 -15.58400 -0.69200 -3.94700 -3.35700 -8.45300 -6.30700 1.78000 2.78700 -1.03800 3.79400 -1.38300
7.00000 -23.61000 -22.17600 -9.51100 -9.26700 -6.28700 -14.11900 -4.59800 -4.43500 -2.86900 -8.45300 -8.26000 1.78000 2.29900 -1.52600 2.81800 -1.38300
8.00000 -20.19200 -20.22300 -11.46400 -10.24400 -5.31000 -12.16600 -6.06300 -4.92400 -1.40400 -7.47700 -9.23700 2.75700 3.76400 -0.06100 2.81800 -0.40700
9.00000 -16.28600 -18.75800 -12.44100 -10.24400 -4.82200 -11.67800 -5.08600 -5.41200 0.06100 -5.52400 -9.23700 3.24500 5.71700 1.89200 4.28300 1.05800
10.00000 -12.38000 -17.78200 -13.41800 -9.26700 -5.31000 -11.67800 -2.15700 -5.41200 1.52600 -4.05900 -8.26000 3.73300 7.18200 3.84500 5.25900 2.03500
11.00000 -11.40300 -17.29300 -14.39400 -7.80200 -6.28700 -13.14300 -0.69200 -5.41200 1.52600 -4.05900 -8.74800 3.24500 7.18200 3.35700 5.25900 1.05800
12.00000 -11.89200 -17.29300 -16.34700 -7.31400 -7.26300 -14.60800 -2.64500 -4.92400 0.54900 -5.52400 -10.21300 1.78000 4.74000 1.89200 2.81800 -0.40700
13.00000 -13.84500 -17.29300 -17.32400 -7.31400 -7.75100 -15.58400 -7.03900 -4.43500 -0.42700 -7.96500 -13.14300 -0.17300 1.32200 -0.06100 -1.57700 -2.84800
14.00000 -14.82100 -17.29300 -16.34700 -8.29100 -6.77500 -15.09600 -11.43400 -2.97000 0.06100 -9.91800 -14.60800 -2.12600 -0.63100 -0.54900 -4.99500 -4.80100
15.00000 -13.84500 -16.31700 -13.41800 -7.31400 -5.31000 -13.63100 -11.92200 -0.52900 1.03800 -10.40600 -14.60800 -1.63800 -1.11900 0.91600 -5.97100 -5.29000
16.00000 -12.38000 -14.85200 -10.00000 -5.84900 -3.35700 -11.19000 -9.96900 1.42400 2.01400 -9.91800 -12.16600 0.80400 -0.14200 2.86900 -4.50600 -5.29000
17.00000 -11.40300 -11.92200 -9.51100 -3.40800 -1.89200 -8.74800 -7.52800 2.40100 2.50200 -8.94200 -9.72500 3.24500 0.83400 3.35700 -2.55300 -4.80100
18.00000 -11.40300 -9.48100 -12.44100 -2.43100 -1.40400 -7.77200 -8.01600 2.40100 2.01400 -8.45300 -9.72500 3.73300 0.34600 1.40400 -2.06500 -4.31300
19.00000 -12.86800 -8.50400 -17.81200 -3.40800 -1.40400 -8.26000 -11.92200 1.42400 0.54900 -8.45300 -11.67800 1.78000 -1.11900 -2.01400 -3.04200 -4.31300
20.00000 -13.84500 -8.50400 -21.71800 -4.87300 -1.89200 -10.21300 -17.29300 0.44800 -1.40400 -8.94200 -14.60800 -1.63800 -2.58400 -4.94400 -5.48300 -5.77800
21.00000 -13.35700 -8.99300 -22.20700 -5.84900 -1.40400 -12.16600 -20.22300 0.44800 -2.86900 -9.43000 -17.53700 -4.56700 -3.56000 -5.92000 -7.43600 -7.24300
22.00000 -11.40300 -8.99300 -19.27700 -4.87300 -0.42700 -12.65500 -19.73500 1.42400 -3.84500 -8.45300 -18.02600 -5.54400 -2.58400 -4.45600 -8.41300 -7.73100
23.00000 -8.96200 -8.99300 -14.88200 -2.43100 1.03800 -12.16600 -15.82800 1.91200 -2.86900 -6.01200 -17.04900 -4.56700 -1.11900 -2.50200 -7.43600 -6.75500
24.00000 -7.98500 -8.01600 -10.97600 0.01000 2.50200 -9.72500 -12.41000 1.42400 -1.40400 -3.57100 -16.07300 -2.61400 1.81100 -0.54900 -6.46000 -5.29000
25.00000 -7.98500 -7.03900 -9.02300 -0.47800 2.50200 -6.79500 -9.96900 0.44800 0.06100 -1.61700 -15.58400 -1.63800 3.27600 0.42700 -5.48300 -3.82500
26.00000 -8.47400 -6.55100 -9.02300 -1.94300 2.99100 -4.84200 -10.45700 -1.01700 2.01400 -0.64100 -15.58400 -1.14900 3.76400 0.42700 -5.48300 -3.33700
27.00000 -7.98500 -6.55100 -9.02300 -3.40800 2.50200 -5.33000 -11.43400 -0.52900 3.47900 -2.10600 -15.09600 -0.66100 2.78700 0.42700 -5.48300 -3.82500
28.00000 -6.03200 -7.03900 -9.02300 -3.40800 1.52600 -7.77200 -11.92200 0.44800 3.96700 -4.05900 -13.63100 0.31500 1.32200 -0.06100 -4.99500 -4.31300
29.00000 -4.56700 -6.55100 -8.53500 -1.45500 0.54900 -10.21300 -11.43400 2.88900 2.99100 -6.01200 -11.19000 1.78000 -0.14200 0.42700 -4.01800 -4.31300
30.00000 -4.07900 -5.08600 -7.55800 0.98700 0.54900 -11.19000 -10.94600 3.86600 2.01400 -6.98900 -9.23700 1.78000 -1.60700 -0.54900 -4.01800 -4.31300
31.00000 -6.03200 -3.13300 -8.04600 1.47500 1.03800 -10.21300 -10.94600 3.37700 1.03800 -6.98900 -8.74800 0.80400 -2.58400 -2.01400 -4.50600 -3.33700
32.00000 -8.47400 -0.69200 -8.53500 0.49800 2.50200 -8.26000 -12.41000 1.91200 0.54900 -6.01200 -10.70100 -1.63800 -3.07200 -4.45600 -5.48300 -4.31300
33.00000 -9.45000 -0.20300 -9.51100 -1.94300 4.45600 -6.79500 -14.85200 0.44800 1.03800 -5.03500 -13.14300 -3.59100 -3.56000 -5.92000 -6.94800 -5.77800
34.00000 -8.47400 -2.15700 -10.97600 -2.92000 5.43200 -6.79500 -16.31700 0.44800 2.50200 -4.54700 -15.09600 -3.59100 -3.07200 -6.89700 -7.43600 -7.24300
35.00000 -6.03200 -5.57500 -11.46400 -1.94300 5.43200 -7.28400 -16.80500 1.42400 3.47900 -4.54700 -15.58400 -2.12600 -2.09600 -6.40900 -6.46000 -7.24300
36.00000 -5.54400 -9.96900 -12.44100 -0.47800 3.96700 -6.79500 -15.34000 3.37700 4.94400 -4.54700 -15.09600 1.29200 -0.14200 -4.45600 -4.50600 -5.29000
37.00000 -7.00900 -11.92200 -12.44100 1.47500 2.50200 -4.84200 -13.87500 5.33000 5.43200 -3.57100 -12.65500 4.71000 1.81100 -1.52600 -1.57700 -2.36000
38.00000 -9.93900 -11.43400 -11.95300 2.45200 1.52600 -2.40100 -11.43400 6.30700 5.92000 -2.10600 -10.70100 6.17500 3.76400 1.89200 0.37600 0.57000
39.00000 -12.38000 -8.50400 -10.00000 1.96300 1.52600 -1.42400 -8.99300 7.28400 5.43200 -1.12900 -9.23700 6.17500 5.22900 5.31000 0.86500 2.03500
40.00000 -12.86800 -5.08600 -7.07000 0.98700 1.03800 -2.88900 -6.55100 7.77200 4.45600 -0.15300 -9.23700 4.22200 5.22900 6.77500 -0.11200 1.05800
41.00000 -11.40300 -2.15700 -4.14000 0.49800 0.54900 -6.30700 -4.59800 8.26000 3.47900 -0.64100 -10.70100 2.75700 3.76400 6.28700 -2.06500 -0.40700
42.00000 -9.93900 -1.66800 -2.18700 0.98700 -0.42700 -9.23700 -3.62100 8.74800 2.50200 -1.61700 -11.67800 1.29200 2.78700 4.33300 -4.50600 -2.36000
43.00000 -9.45000 -2.15700 -2.18700 1.47500 -1.89200 -9.72500 -4.11000 9.23700 2.01400 -2.59400 -12.16600 0.31500 1.32200 1.89200 -5.48300 -3.33700
44.00000 -9.93900 -2.15700 -3.16400 1.47500 -2.38000 -7.77200 -4.59800 9.72500 1.52600 -3.08200 -11.67800 -0.17300 0.83400 -1.52600 -4.99500 -3.33700
45.00000 -10.42700 -1.18000 -4.14000 0.98700 -1.89200 -6.30700 -5.08600 10.21300 1.03800 -3.08200 -9.72500 -1.14900 -0.14200 -3.96700 -4.01800 -3.33700
46.00000 -9.45000 0.77300 -3.65200 0.49800 -0.42700 -4.84200 -3.62100 9.72500 1.52600 -2.59400 -7.77200 -2.12600 -1.60700 -6.40900 -3.04200 -3.33700
47.00000 -8.47400 1.75000 -2.67500 -0.47800 0.54900 -4.35400 -1.18000 8.74800 2.01400 -2.10600 -7.28400 -3.59100 -3.56000 -7.87400 -2.55300 -4.31300
48.00000 -7.49700 2.23800 -1.21100 -0.47800 1.52600 -3.86600 1.26100 7.28400 2.99100 -2.59400 -6.79500 -4.07900 -4.53700 -8.36200 -3.04200 -5.29000
49.00000 -6.52100 1.26100 -1.21100 0.98700 2.01400 -2.88900 1.75000 6.79500 3.96700 -2.10600 -7.28400 -3.59100 -4.53700 -6.89700 -3.04200 -4.80100
50.00000 -6.03200 0.77300 -2.67500 1.96300 2.01400 -0.93600 1.26100 6.79500 5.43200 -1.61700 -7.77200 -2.12600 -3.56000 -4.94400 -2.55300 -3.33700
51.00000 -4.56700 0.28500 -4.62800 1.96300 1.52600 0.04100 0.28500 7.28400 5.43200 -1.12900 -7.77200 -1.14900 -2.09600 -2.01400 -1.08800 -1.38300
52.00000 -2.12600 -0.69200 -5.60500 0.49800 0.06100 -0.44800 0.28500 6.79500 4.45600 -0.64100 -7.28400 -0.66100 -1.60700 -0.54900 0.86500 -0.89500
53.00000 0.31500 -2.64500 -4.62800 -1.94300 -1.89200 -2.88900 1.75000 5.81900 2.01400 -1.61700 -7.28400 -1.14900 -2.09600 -0.54900 2.33000 -0.89500
54.00000 1.29200 -4.11000 -1.21100 -3.40800 -4.33300 -5.33000 3.21500 5.33000 -0.91600 -2.59400 -6.30700 -1.14900 -3.07200 -1.52600 3.79400 -1.38300
55.00000 1.78000 -4.11000 3.67200 -2.43100 -5.31000 -5.81900 4.67900 5.81900 -2.38000 -2.10600 -4.35400 -0.17300 -2.09600 -1.03800 5.74700 0.08100
56.00000 3.24500 -0.69200 8.06700 0.98700 -3.35700 -3.86600 4.67900 7.77200 -1.40400 -0.64100 -0.93600 2.75700 -0.14200 0.91600 8.67700 3.01100
57.00000 5.19800 6.14400 9.04300 5.38100 1.03800 -0.44800 3.70300 11.19000 2.01400 2.28900 2.48200 6.17500 4.25200 4.33300 12.09500 6.91700
58.00000 7.15100 12.00400 7.09000 8.79900 4.94400 2.48200 3.70300 13.14300 5.92000 4.73000 4.92400 8.61600 7.67000 7.75100 15.51300 10.33500
59.00000 7.15100 13.95700 3.18400 8.79900 6.89700 2.97000 4.67900 12.16600 8.85000 5.70700 4.92400 7.15100 10.11100 10.19300 17.46600 11.31200
60.00000 4.71000 10.53900 0.25400 5.38100 5.43200 1.99400 5.16800 9.23700 9.33800 4.73000 2.48200 4.22200 10.11100 9.70500 16.97800 10.33500
61.00000 1.29200 4.19100 -0.72200 1.47500 2.01400 0.52900 5.16800 6.30700 7.87400 3.26500 0.04100 0.31500 8.64700 7.75100 15.02500 8.38200
62.00000 -1.63800 -1.18000 -0.72200 -0.96600 -0.91600 -0.93600 3.70300 5.81900 5.92000 1.80100 -1.42400 -0.17300 7.67000 4.82200 13.56000 7.40600
63.00000 -1.63800 -2.64500 -0.23400 -0.96600 -2.38000 -0.93600 1.26100 7.77200 4.45600 0.82400 -0.44800 2.75700 7.67000 1.89200 13.07200 6.91700
64.00000 -0.17300 -0.20300 -1.69900 0.98700 -1.40400 -0.93600 -0.69200 11.19000 4.94400 1.80100 2.48200 7.64000 8.15800 0.42700 14.53700 8.38200
65.00000 2.26800 2.23800 -3.65200 1.96300 0.06100 -0.93600 -1.66800 13.63100 5.92000 2.28900 4.92400 12.03400 9.13500 -0.06100 16.00100 9.84700
66.00000 2.75700 2.72600 -4.62800 1.47500 1.03800 -0.44800 -1.18000 14.11900 6.89700 2.77700 6.38800 13.98700 9.13500 0.91600 17.46600 10.82400
67.00000 1.78000 1.26100 -2.18700 0.01000 1.03800 0.04100 -0.20300 13.14300 7.38500 2.77700 5.90000 13.49900 8.64700 1.89200 17.46600 10.33500
68.00000 -0.66100 -0.20300 2.69600 -1.94300 0.54900 -0.44800 1.75000 11.19000 7.38500 2.77700 4.43500 11.54600 8.15800 2.86900 16.49000 8.87000
69.00000 -3.59100 -0.20300 5.62500 -2.43100 0.06100 -0.44800 3.70300 10.21300 6.89700 2.77700 3.94700 9.59300 7.18200 1.89200 14.53700 6.91700
70.00000 -6.52100 1.26100 3.67200 -2.92000 -0.42700 -0.93600 5.16800 9.72500 5.92000 2.77700 3.94700 8.12800 7.67000 -0.06100 13.56000 4.96400
71.00000 -8.96200 2.72600 -3.65200 -2.92000 -0.91600 -1.42400 5.65600 10.21300 4.94400 2.77700 4.43500 7.64000 8.15800 -1.52600 13.07200 4.47600
72.00000 -10.42700 2.23800 -11.95300 -3.89600 -1.40400 -2.40100 4.67900 10.21300 4.94400 3.26500 5.41200 7.64000 9.62300 -1.52600 13.56000 5.94100
73.00000 -10.42700 -0.69200 -16.34700 -5.84900 -2.38000 -3.37700 2.72600 10.21300 5.43200 3.26500 5.41200 8.61600 10.60000 0.91600 14.04800 8.38200
74.00000 -8.96200 -3.62100 -14.88200 -7.31400 -3.35700 -4.84200 -0.69200 10.21300 7.38500 3.75400 5.41200 9.10400 11.08800 3.84500 14.04800 9.84700
75.00000 -7.98500 -6.06300 -10.97600 -7.31400 -3.84500 -6.30700 -3.13300 10.21300 8.85000 3.26500 4.92400 9.10400 10.60000 5.79800 13.07200 10.33500
76.00000 -7.49700 -7.03900 -8.04600 -6.33700 -4.33300 -7.28400 -5.08600 9.23700 9.33800 2.28900 3.94700 7.64000 10.11100 5.31000 12.09500 9.84700
77.00000 -7.98500 -7.03900 -9.02300 -4.87300 -4.33300 -7.28400 -4.11000 9.23700 8.36200 -0.15300 2.48200 5.68600 9.62300 3.35700 11.11900 8.38200
78.00000 -8.96200 -6.55100 -12.44100 -4.38400 -4.82200 -5.81900 -2.15700 8.74800 7.38500 -1.61700 1.50600 3.73300 9.62300 1.40400 11.11900 7.89400
79.00000 -9.93900 -6.55100 -14.39400 -4.38400 -5.31000 -4.35400 0.28500 9.23700 6.89700 -2.10600 1.50600 3.24500 10.60000 1.40400 12.58300 8.38200
80.00000 -9.93900 -6.06300 -12.44100 -4.38400 -5.31000 -3.86600 2.72600 10.70100 7.38500 -0.15300 3.45900 4.71000 12.06500 4.82200 15.51300 10.33500
81.00000 -10.42700 -5.57500 -9.02300 -4.87300 -4.82200 -3.86600 3.21500 11.67800 8.85000 2.28900 5.41200 7.15100 13.52900 9.70500 17.95500 11.80000
82.00000 -11.89200 -5.08600 -7.55800 -4.87300 -4.33300 -4.35400 2.72600 12.65500 9.33800 5.21900 7.85300 9.59300 14.01800 13.61100 19.41900 13.26500
83.00000 -14.33300 -5.57500 -10.97600 -4.87300 -3.84500 -4.84200 0.77300 12.65500 7.87400 5.70700 8.34100 10.56900 13.04100 15.56400 19.41900 12.28800
84.00000 -16.28600 -7.03900 -16.83600 -5.36100 -4.82200 -3.86600 -1.66800 11.67800 5.92000 5.21900 5.90000 9.10400 12.06500 14.58700 17.95500 9.84700
85.00000 -17.26300 -8.99300 -20.25300 -5.36100 -5.79800 -3.37700 -3.13300 10.70100 4.45600 3.75400 2.97000 6.17500 11.08800 12.63400 15.51300 6.91700
86.00000 -16.77400 -10.45700 -18.30000 -5.36100 -7.26300 -2.88900 -3.13300 10.70100 4.94400 2.77700 0.04100 3.24500 10.11100 10.68100 13.56000 4.47600
87.00000 -14.82100 -11.43400 -11.46400 -4.87300 -8.24000 -3.37700 -3.13300 10.70100 6.89700 2.77700 -0.44800 1.78000 10.11100 8.72800 12.58300 3.49900
88.00000 -12.38000 -11.43400 -4.14000 -3.89600 -7.75100 -4.84200 -2.15700 11.19000 8.85000 3.26500 0.52900 2.26800 10.11100 7.75100 12.09500 3.98800
89.00000 -9.93900 -10.94600 -0.72200 -2.92000 -6.77500 -5.33000 -0.20300 10.21300 10.31500 3.26500 3.45900 4.71000 9.13500 6.28700 13.07200 5.45200
90.00000 -8.47400 -10.45700 -1.69900 -1.45500 -4.82200 -5.33000 2.23800 10.21300 9.33800 2.28900 6.87700 7.15100 8.64700 4.82200 14.53700 6.91700
91.00000 -7.00900 -10.45700 -4.14000 -0.47800 -2.38000 -4.35400 4.67900 11.19000 7.87400 1.80100 9.80600 9.59300 8.15800 3.35700 16.97800 8.87000
92.00000 -6.52100 -10.94600 -4.62800 0.49800 -1.40400 -2.88900 5.65600 12.65500 5.92000 1.31200 12.73600 10.08100 8.15800 2.86900 18.93100 10.33500
93.00000 -7.00900 -10.94600 -1.21100 0.98700 -0.91600 -2.40100 5.65600 14.11900 4.45600 0.82400 15.17700 10.08100 8.64700 2.86900 21.37200 11.31200
94.00000 -7.49700 -10.45700 3.18400 1.47500 -0.42700 -2.40100 4.67900 15.58400 4.94400 1.31200 17.13100 9.10400 10.11100 3.84500 22.83700 11.80000
95.00000 -7.98500 -8.01600 5.62500 1.47500 0.06100 -2.40100 4.19100 15.58400 6.40900 2.77700 17.61900 9.10400 11.08800 5.31000 23.32600 11.80000
96.00000 -6.52100 -4.11000 3.67200 2.94000 2.01400 -1.42400 4.19100 15.09600 8.36200 4.24200 16.15400 9.59300 11.57600 7.26300 22.34900 11.31200
97.00000 -3.59100 0.28500 -1.21100 4.40500 4.45600 0.52900 3.70300 15.09600 9.82700 7.17200 14.20100 10.56900 11.08800 9.21600 20.39600 9.84700
98.00000 -0.66100 2.72600 -4.14000 6.35800 6.40900 3.45900 2.72600 15.58400 10.80300 9.61300 11.75900 10.56900 10.60000 10.68100 18.44300 8.87000
99.00000 0.31500 3.70300 -3.65200 6.35800 7.87400 5.90000 0.77300 15.58400 10.80300 10.59000 10.78300 9.59300 10.60000 11.65800 16.97800 8.38200
100.00000 -0.66100 2.72600 0.25400 5.87000 7.87400 6.87700 -0.69200 15.09600 9.82700 11.56600 10.78300 8.12800 11.08800 11.65800 16.49000 8.38200
101.00000 -2.12600 1.26100 4.64900 3.91600 7.87400 7.36500 0.28500 14.11900 9.82700 12.05400 11.75900 6.17500 12.06500 10.68100 16.97800 9.84700
102.00000 -1.63800 1.26100 6.60200 2.45200 7.87400 7.85300 3.70300 12.65500 10.31500 12.54300 13.22400 5.19800 13.04100 9.70500 18.44300 11.31200
103.00000 0.80400 3.21500 6.11400 2.94000 8.36200 8.34100 7.12100 12.16600 11.78000 13.51900 14.68900 4.71000 13.52900 8.24000 19.90800 12.77700
104.00000 5.19800 6.14400 4.64900 4.40500 9.82700 9.80600 8.58600 13.14300 13.73300 14.00800 15.66600 6.17500 12.55300 7.75100 20.39600 12.77700
105.00000 7.64000 8.58600 4.64900 6.35800 10.31500 10.78300 7.12100 15.09600 14.70900 14.49600 17.13100 7.15100 11.08800 7.75100 20.39600 11.80000
106.00000 8.12800 10.05000 6.60200 7.82300 10.80300 11.27100 4.67900 16.56100 13.24500 13.51900 18.10700 7.64000 8.64700 7.75100 19.90800 9.84700
107.00000 6.17500 9.56200 8.06700 7.33400 9.33800 10.78300 3.70300 16.56100 10.80300 12.54300 19.08400 7.64000 7.18200 7.75100 19.41900 8.38200
108.00000 4.22200 8.58600 8.55500 5.38100 6.89700 9.31800 5.16800 14.60800 7.87400 12.05400 19.57200 7.15100 6.69400 8.24000 19.41900 7.40600
109.00000 2.75700 6.14400 7.57900 3.42800 4.45600 6.87700 8.09700 12.65500 5.43200 11.56600 19.57200 6.17500 7.18200 8.24000 19.90800 6.91700
110.00000 2.26800 4.19100 5.62500 1.96300 2.99100 4.43500 9.56200 10.70100 4.94400 11.07800 19.08400 5.19800 7.67000 6.77500 19.90800 6.91700
111.00000 0.31500 2.23800 3.67200 0.98700 2.50200 1.99400 7.60900 9.72500 5.92000 9.61300 18.59500 4.71000 7.18200 3.84500 19.90800 5.94100
112.00000 -1.63800 0.77300 1.71900 0.01000 2.99100 0.52900 2.72600 9.23700 6.89700 7.17200 17.13100 4.71000 5.71700 0.42700 19.41900 4.47600
113.00000 -4.56700 -0.20300 1.23100 -0.47800 3.47900 -0.44800 -0.69200 9.23700 6.89700 5.21900 15.66600 4.71000 4.25200 -1.52600 17.95500 3.49900
114.00000 -5.54400 -0.69200 0.25400 -0.47800 3.47900 -0.93600 -0.20300 9.72500 6.89700 4.24200 14.68900 4.71000 3.76400 -0.54900 16.97800 3.49900
115.00000 -4.56700 -1.18000 0.74300 -0.47800 3.96700 -0.93600 3.21500 10.21300 7.38500 4.73000 13.71300 4.71000 4.74000 4.33300 16.49000 4.47600
116.00000 -3.10300 -1.66800 1.71900 -0.96600 3.96700 -0.44800 7.60900 11.19000 8.36200 6.19500 14.20100 4.71000 7.18200 10.68100 16.49000 5.94100
117.00000 -3.10300 -2.64500 2.69600 -1.45500 4.94400 0.52900 7.60900 12.16600 9.82700 7.17200 13.71300 4.71000 9.13500 15.56400 16.49000 5.94100
118.00000 -5.05600 -3.13300 2.69600 -1.94300 4.94400 0.04100 2.72600 12.65500 10.31500 6.19500 13.22400 4.22200 8.64700 16.05200 16.00100 4.47600
119.00000 -7.98500 -4.11000 2.20700 -2.92000 4.45600 -0.93600 -3.62100 12.16600 8.85000 4.24200 11.27100 3.73300 6.20500 13.12300 14.04800 1.05800
120.00000 -11.40300 -5.08600 1.23100 -3.40800 2.50200 -2.40100 -7.52800 11.19000 6.89700 1.80100 8.83000 3.73300 3.27600 9.21600 12.09500 -1.87200
121.00000 -12.38000 -7.03900 0.74300 -3.40800 0.06100 -4.35400 -7.03900 9.23700 4.45600 0.33600 6.38800 3.73300 1.81100 7.26300 11.11900 -2.36000
122.00000 -12.38000 -9.48100 1.23100 -3.40800 -1.40400 -5.33000 -3.13300 8.74800 3.47900 0.33600 5.41200 4.22200 2.29900 7.75100 11.11900 -0.40700
123.00000 -11.40300 -11.43400 0.74300 -3.89600 -0.91600 -4.35400 -0.20300 8.26000 3.47900 1.80100 5.41200 3.24500 4.25200 9.70500 12.58300 2.03500
124.00000 -10.91500 -12.89900 -1.21100 -4.87300 0.06100 -2.88900 -0.69200 7.28400 3.47900 2.77700 5.90000 2.75700 5.71700 10.68100 13.07200 3.98800
125.00000 -10.42700 -12.89900 -5.11700 -5.36100 2.01400 -1.91200 -4.11000 6.30700 3.47900 2.77700 5.90000 1.78000 6.69400 10.19300 12.09500 4.47600
126.00000 -9.93900 -11.43400 -8.04600 -5.36100 2.99100 -1.91200 -7.52800 5.81900 3.47900 2.28900 5.41200 1.29200 6.69400 8.24000 10.14200 3.01100
127.00000 -9.93900 -9.96900 -9.02300 -4.38400 2.99100 -3.37700 -8.01600 5.33000 2.99100 1.80100 4.92400 2.26800 6.20500 7.26300 8.67700 1.54600
128.00000 -10.42700 -9.48100 -7.07000 -3.40800 2.01400 -5.33000 -6.55100 6.79500 3.47900 0.82400 4.43500 3.24500 5.71700 6.77500 8.18900 1.05800
129.00000 -11.40300 -10.45700 -5.11700 -2.43100 1.03800 -7.28400 -4.11000 8.26000 3.96700 0.33600 3.94700 4.22200 5.22900 7.26300 9.16500 0.08100
130.00000 -13.35700 -11.92200 -5.11700 -2.92000 0.06100 -8.26000 -4.11000 9.23700 3.96700 -0.15300 2.97000 3.24500 4.74000 6.28700 10.14200 -1.87200
131.00000 -14.82100 -13.87500 -6.58200 -4.38400 0.54900 -8.26000 -7.03900 8.74800 3.96700 -0.64100 2.48200 0.80400 4.25200 4.33300 10.14200 -5.29000
132.00000 -15.31000 -14.85200 -9.02300 -5.84900 1.03800 -8.26000 -10.94600 8.26000 4.45600 -1.12900 1.50600 -1.14900 3.76400 1.89200 9.16500 -8.21900
133.00000 -15.31000 -14.85200 -9.51100 -5.84900 2.50200 -8.26000 -12.41000 7.77200 6.89700 -1.12900 1.50600 -1.14900 4.25200 0.91600 8.67700 -9.68400
134.00000 -14.33300 -15.34000 -9.02300 -4.87300 2.99100 -9.23700 -10.45700 7.77200 9.82700 -0.15300 1.99400 0.80400 5.22900 0.91600 9.16500 -8.70800
135.00000 -12.86800 -16.31700 -8.53500 -3.40800 3.47900 -9.72500 -5.57500 7.77200 13.24500 0.82400 3.45900 4.22200 5.71700 2.86900 10.63000 -5.29000
136.00000 -11.89200 -17.29300 -9.02300 -2.43100 2.99100 -10.70100 -1.66800 8.26000 14.70900 0.82400 4.43500 6.66300 5.71700 3.84500 12.09500 -1.87200
137.00000 -10.91500 -18.75800 -11.46400 -3.40800 2.01400 -11.67800 -2.15700 7.77200 13.24500 0.33600 4.92400 6.17500 4.25200 2.86900 12.09500 -0.40700
138.00000 -11.40300 -19.24600 -13.41800 -4.87300 1.03800 -12.65500 -7.03900 6.79500 10.80300 -1.61700 3.94700 3.73300 1.81100 0.42700 10.14200 -1.87200
139.00000 -12.86800 -19.24600 -13.41800 -5.84900 -0.42700 -13.63100 -13.38700 6.30700 7.38500 -4.54700 1.99400 0.80400 0.34600 -2.01400 6.72400 -3.82500
140.00000 -14.82100 -18.75800 -11.95300 -6.33700 -1.89200 -14.60800 -18.27000 6.30700 4.94400 -6.98900 0.52900 -0.66100 -1.11900 -3.47900 4.28300 -5.29000
141.00000 -16.77400 -18.75800 -10.48800 -5.84900 -2.86900 -15.09600 -17.78200 6.30700 3.47900 -8.45300 0.52900 0.31500 -0.63100 -2.99100 3.79400 -4.80100
142.00000 -17.26300 -17.78200 -10.00000 -5.36100 -3.35700 -14.60800 -12.41000 6.30700 2.99100 -8.45300 1.50600 1.78000 -0.14200 -1.52600 4.77100 -3.33700
143.00000 -16.28600 -16.31700 -10.00000 -5.36100 -2.86900 -13.14300 -5.57500 5.81900 2.50200 -6.98900 3.45900 3.24500 -0.14200 0.91600 6.72400 -2.36000
144.00000 -13.84500 -13.87500 -9.02300 -4.87300 -1.40400 -11.19000 -1.18000 5.33000 2.01400 -5.52400 4.43500 2.75700 -0.63100 2.86900 7.21200 -2.36000
145.00000 -10.91500 -10.94600 -6.58200 -4.38400 1.03800 -9.72500 -0.20300 4.84200 2.99100 -3.57100 5.41200 1.78000 -0.63100 5.31000 7.70100 -3.33700
146.00000 -7.98500 -8.50400 -4.14000 -3.40800 2.99100 -9.23700 -3.62100 5.81900 3.96700 -3.08200 5.90000 1.29200 -1.60700 6.77500 7.70100 -4.80100
147.00000 -6.52100 -7.52800 -3.65200 -2.92000 4.45600 -10.21300 -7.52800 6.30700 4.94400 -3.57100 5.90000 0.80400 -2.09600 6.77500 8.18900 -4.80100
148.00000 -7.00900 -9.48100 -6.09300 -2.92000 4.45600 -11.67800 -9.48100 7.28400 3.96700 -5.52400 4.92400 0.31500 -3.56000 5.31000 8.67700 -4.80100
149.00000 -9.45000 -12.41000 -10.48800 -3.40800 2.99100 -13.63100 -8.99300 7.28400 2.50200 -6.98900 3.94700 -0.17300 -4.53700 2.38000 8.67700 -4.31300
150.00000 -11.89200 -15.34000 -13.41800 -4.38400 1.03800 -14.60800 -7.52800 7.77200 1.03800 -7.96500 1.99400 -1.14900 -6.00200 -0.06100 7.70100 -3.82500
151.00000 -13.84500 -16.31700 -13.90600 -4.38400 0.06100 -14.11900 -6.55100 9.23700 1.03800 -7.47700 0.04100 -1.14900 -6.49000 -1.52600 6.23600 -3.82500
152.00000 -13.35700 -14.85200 -11.95300 -2.92000 0.06100 -12.16600 -6.55100 11.19000 2.50200 -6.01200 -0.93600 -0.17300 -5.02500 -1.03800 5.74700 -3.82500
153.00000 -11.89200 -10.94600 -8.53500 -0.96600 1.52600 -9.72500 -6.55100 14.11900 4.94400 -3.57100 0.04100 2.75700 -3.07200 0.42700 6.72400 -3.33700
154.00000 -8.96200 -6.06300 -4.62800 1.47500 3.96700 -7.77200 -4.59800 16.07300 7.38500 -1.12900 1.99400 5.19800 -1.11900 1.89200 8.18900 -2.36000
155.00000 -6.52100 -2.64500 -0.72200 2.94000 6.89700 -6.30700 0.77300 16.56100 9.33800 0.33600 4.43500 7.15100 -0.14200 2.86900 10.14200 -1.38300
156.00000 -5.05600 -0.69200 3.67200 2.94000 8.36200 -5.81900 8.09700 16.07300 9.82700 1.80100 6.38800 7.15100 0.34600 3.35700 11.60700 -1.38300
157.00000 -4.07900 -0.20300 6.60200 2.45200 9.33800 -5.33000 13.95700 14.60800 9.33800 2.28900 8.83000 6.17500 0.83400 4.82200 13.07200 -0.40700
158.00000 -3.10300 -0.20300 7.57900 1.96300 9.33800 -4.84200 15.91000 13.63100 8.85000 2.77700 10.29500 5.68600 1.32200 6.77500 14.04800 0.08100
159.00000 -3.10300 0.28500 6.11400 1.96300 9.33800 -3.86600 14.44500 13.14300 8.36200 3.26500 11.27100 5.68600 1.81100 8.72800 15.51300 0.57000
160.00000 -3.10300 0.77300 3.18400 1.47500 9.33800 -3.86600 10.53900 13.14300 8.36200 2.77700 11.27100 6.17500 1.81100 9.21600 16.49000 1.05800
161.00000 -3.59100 0.28500 -0.23400 0.49800 9.33800 -4.84200 8.09700 12.16600 7.87400 1.80100 10.78300 5.68600 0.34600 7.75100 16.49000 1.05800
162.00000 -4.56700 -1.66800 -3.65200 -1.45500 8.36200 -6.79500 7.12100 10.70100 7.87400 0.33600 8.83000 4.22200 -1.60700 4.82200 14.53700 0.08100
163.00000 -6.52100 -5.57500 -7.07000 -3.89600 6.40900 -8.74800 7.60900 8.74800 7.38500 -1.12900 6.87700 2.26800 -3.07200 1.89200 12.58300 -1.38300
164.00000 -9.45000 -10.45700 -9.51100 -5.84900 3.96700 -10.21300 7.12100 7.77200 6.40900 -2.10600 5.41200 0.31500 -4.53700 -0.06100 11.11900 -2.36000
165.00000 -11.89200 -14.85200 -9.51100 -7.31400 2.01400 -10.21300 5.16800 7.77200 4.94400 -3.08200 6.38800 -0.66100 -5.02500 0.91600 11.11900 -2.36000
166.00000 -14.33300 -16.31700 -6.09300 -6.33700 0.54900 -8.74800 2.23800 8.74800 3.96700 -3.08200 8.83000 -0.66100 -4.53700 3.35700 12.09500 -1.38300
167.00000 -14.82100 -14.36400 0.25400 -4.38400 1.03800 -7.77200 -0.20300 10.70100 2.99100 -2.10600 11.75900 -0.17300 -3.07200 5.79800 13.56000 -0.40700
168.00000 -13.35700 -10.45700 6.60200 -1.94300 2.50200 -6.79500 -1.18000 12.65500 3.47900 -0.64100 14.20100 0.80400 -1.60700 8.24000 13.56000 0.57000
169.00000 -11.40300 -6.55100 10.02000 -0.47800 3.96700 -5.81900 -0.69200 13.14300 4.45600 1.31200 14.20100 0.80400 -0.14200 8.72800 12.09500 1.05800
170.00000 -10.42700 -5.57500 9.04300 -0.47800 4.94400 -5.81900 -0.20300 13.63100 5.92000 2.28900 12.24800 0.80400 0.83400 8.72800 11.11900 1.05800
171.00000 -11.40300 -7.03900 5.13700 -1.45500 4.94400 -6.30700 0.77300 12.65500 6.40900 2.77700 9.80600 0.31500 1.81100 7.75100 9.65400 2.03500
172.00000 -14.82100 -10.45700 1.23100 -3.40800 3.96700 -6.79500 0.77300 11.19000 6.40900 2.77700 7.85300 -0.17300 1.32200 5.79800 10.14200 2.52300
173.00000 -19.21600 -12.89900 -1.21100 -4.87300 2.50200 -7.77200 1.26100 10.21300 5.43200 1.31200 7.85300 -0.17300 -0.14200 4.82200 10.63000 3.49900
174.00000 -22.14600 -13.87500 -3.16400 -5.84900 1.03800 -8.74800 0.77300 10.21300 4.45600 0.33600 9.31800 0.31500 -1.60700 3.84500 11.11900 3.49900
175.00000 -23.12200 -13.38700 -4.62800 -5.36100 1.52600 -8.74800 0.77300 11.67800 4.94400 -0.15300 10.29500 0.31500 -2.09600 3.84500 11.11900 3.49900
176.00000 -21.65700 -12.89900 -7.07000 -5.36100 1.52600 -8.74800 0.77300 13.14300 5.92000 -0.15300 11.27100 0.31500 -1.11900 4.33300 10.63000 2.52300
177.00000 -20.19200 -13.38700 -10.48800 -5.84900 2.01400 -8.74800 1.26100 14.60800 6.89700 1.31200 11.27100 0.80400 0.83400 5.31000 11.60700 2.03500
178.00000 -20.19200 -14.85200 -12.44100 -7.31400 1.52600 -9.23700 2.23800 14.11900 6.89700 2.28900 11.27100 1.78000 2.78700 5.79800 13.56000 2.52300
179.00000 -22.14600 -16.80500 -11.95300 -9.26700 0.54900 -9.23700 2.72600 13.14300 6.40900 2.77700 11.75900 3.24500 4.25200 6.77500 15.51300 3.98800
180.00000 -25.56400 -18.27000 -10.00000 -10.24400 -0.91600 -9.23700 1.75000 11.19000 5.92000 2.77700 12.24800 4.71000 5.22900 7.75100 16.97800 4.96400
181.00000 -28.49300 -18.75800 -7.55800 -10.24400 -1.40400 -8.26000 -0.20300 10.70100 5.92000 1.80100 11.75900 5.68600 5.71700 8.72800 16.00100 5.94100
182.00000 -30.44600 -17.78200 -6.09300 -9.26700 -0.91600 -6.79500 -3.13300 11.67800 7.38500 1.80100 10.78300 5.68600 6.20500 9.70500 14.04800 5.94100
183.00000 -30.93500 -15.82800 -6.09300 -8.29100 0.06100 -6.30700 -4.59800 12.65500 9.33800 1.80100 8.83000 4.71000 6.69400 10.19300 12.09500 4.47600
184.00000 -30.44600 -14.36400 -7.07000 -7.31400 1.03800 -7.28400 -4.59800 13.14300 10.31500 1.80100 7.36500 3.73300 6.20500 10.19300 11.11900 3.01100
185.00000 -29.95800 -13.87500 -7.55800 -7.80200 0.54900 -9.23700 -2.64500 12.65500 9.33800 2.77700 7.36500 3.73300 5.71700 9.21600 11.11900 2.03500
186.00000 -29.95800 -14.85200 -8.04600 -8.77900 -0.42700 -10.70100 -1.18000 11.19000 7.87400 2.77700 9.31800 4.71000 4.74000 9.21600 12.09500 1.54600
187.00000 -29.47000 -16.31700 -7.55800 -9.75500 -1.40400 -11.19000 -0.69200 9.72500 5.43200 2.77700 10.29500 6.66300 4.25200 8.72800 13.07200 1.54600
188.00000 -28.98200 -18.27000 -8.04600 -9.75500 -2.38000 -10.21300 -2.64500 9.23700 4.45600 2.77700 10.78300 9.10400 3.76400 8.72800 13.07200 1.05800
189.00000 -29.47000 -18.27000 -8.04600 -8.77900 -2.38000 -8.74800 -4.11000 10.21300 4.94400 2.28900 8.83000 10.56900 3.27600 8.24000 12.58300 0.57000
190.00000 -29.95800 -16.80500 -8.04600 -7.31400 -1.89200 -8.74800 -5.08600 11.67800 5.92000 1.80100 5.41200 10.56900 3.76400 7.26300 12.09500 -0.40700
191.00000 -30.93500 -14.36400 -6.58200 -6.33700 -1.40400 -10.70100 -4.11000 12.16600 6.89700 1.31200 2.48200 8.61600 4.25200 6.28700 12.09500 -0.40700
192.00000 -31.91100 -11.92200 -5.60500 -6.82600 -1.40400 -13.14300 -3.13300 11.67800 6.40900 1.31200 1.01700 6.17500 5.71700 7.26300 12.58300 0.57000
193.00000 -30.93500 -10.94600 -6.09300 -7.80200 -0.91600 -13.63100 -2.64500 11.19000 5.92000 1.80100 1.01700 4.71000 7.67000 8.72800 14.04800 2.03500
194.00000 -28.00500 -11.92200 -9.02300 -8.29100 0.54900 -11.67800 -3.13300 11.19000 4.94400 2.28900 2.97000 5.19800 9.13500 11.65800 15.51300 4.47600
195.00000 -24.58700 -13.38700 -13.41800 -8.77900 2.01400 -7.28400 -3.13300 11.67800 5.43200 3.75400 4.92400 6.66300 10.60000 13.61100 17.46600 6.42900
196.00000 -21.16900 -12.41000 -15.85900 -7.31400 4.45600 -2.88900 -2.15700 13.14300 7.38500 4.73000 6.38800 8.61600 11.08800 14.09900 19.41900 8.38200
197.00000 -19.21600 -8.50400 -13.90600 -5.84900 6.40900 0.04100 -0.20300 14.60800 9.82700 6.19500 7.36500 10.08100 11.08800 13.61100 20.88400 8.87000
198.00000 -18.72800 -3.13300 -8.04600 -3.89600 8.36200 0.52900 1.75000 15.58400 11.78000 7.17200 8.83000 10.56900 11.57600 13.61100 20.88400 8.87000
199.00000 -18.23900 2.23800 -1.21100 -1.45500 9.33800 -0.93600 1.26100 15.58400 11.78000 8.14800 9.80600 10.08100 11.57600 12.63400 20.39600 8.38200
200.00000 -17.26300 4.67900 1.71900 1.47500 9.82700 -1.91200 -1.18000 16.07300 10.80300 8.63600 10.78300 9.59300 11.57600 12.63400 19.90800 7.89400
201.00000 -14.82100 4.67900 -0.23400 3.42800 9.82700 -1.91200 -3.62100 16.07300 9.33800 9.61300 12.24800 10.08100 11.57600 12.14600 19.90800 7.40600
202.00000 -12.86800 2.72600 -4.62800 4.40500 10.31500 -1.42400 -4.59800 16.56100 8.36200 10.10100 13.22400 10.56900 11.57600 11.65800 20.88400 7.89400
203.00000 -10.91500 1.75000 -7.55800 4.40500 10.80300 0.52900 -2.64500 17.04900 8.85000 10.59000 14.20100 12.03400 12.06500 11.16900 21.86100 9.35900
204.00000 -9.93900 2.23800 -5.60500 3.42800 10.80300 1.50600 0.77300 16.56100 9.33800 11.56600 14.20100 12.52200 13.04100 12.63400 22.34900 10.33500
205.00000 -8.96200 3.21500 -0.72200 1.47500 11.29200 1.50600 4.19100 16.56100 10.80300 12.05400 13.71300 12.52200 14.01800 15.07600 21.86100 11.31200
206.00000 -7.98500 3.21500 2.69600 0.98700 10.80300 0.04100 4.67900 16.07300 11.29200 12.05400 12.24800 12.03400 14.50600 17.02900 20.88400 10.82400
207.00000 -7.49700 1.75000 1.71900 0.49800 9.33800 -1.42400 1.75000 16.07300 12.26800 11.56600 9.80600 10.56900 14.01800 17.51700 19.41900 7.89400
208.00000 -8.47400 -1.66800 -3.16400 0.49800 7.87400 -3.37700 -2.15700 14.60800 12.75600 9.61300 6.38800 9.10400 13.04100 15.07600 17.95500 3.98800
209.00000 -11.40300 -5.57500 -9.02300 -0.47800 6.40900 -5.33000 -5.57500 13.14300 13.24500 8.14800 3.94700 7.64000 11.57600 11.16900 16.49000 0.57000
210.00000 -15.79800 -8.50400 -11.95300 -3.40800 4.94400 -6.30700 -8.50400 11.67800 13.24500 6.19500 1.50600 5.68600 10.60000 7.75100 15.51300 -1.38300
211.00000 -20.19200 -9.96900 -11.95300 -6.33700 3.96700 -7.77200 -10.45700 10.21300 12.26800 4.73000 0.04100 4.22200 10.11100 5.79800 14.53700 -1.87200
212.00000 -23.61000 -8.99300 -11.95300 -8.77900 3.47900 -8.74800 -12.41000 9.72500 11.29200 3.75400 -0.93600 3.24500 9.62300 5.79800 13.56000 -0.40700
213.00000 -24.09900 -6.55100 -13.41800 -8.77900 3.96700 -8.26000 -14.36400 10.21300 10.80300 3.26500 -1.42400 2.75700 9.13500 5.79800 13.07200 1.05800
214.00000 -22.14600 -4.11000 -16.83600 -7.31400 4.45600 -7.77200 -14.85200 11.19000 10.80300 2.77700 -1.91200 2.75700 9.13500 5.31000 13.07200 2.03500
215.00000 -18.72800 -3.13300 -19.27700 -5.36100 4.94400 -6.79500 -13.38700 11.67800 10.80300 2.28900 -1.91200 3.24500 8.15800 3.84500 13.56000 2.03500
216.00000 -16.28600 -3.62100 -18.78900 -3.89600 5.43200 -7.28400 -11.92200 11.67800 10.31500 1.80100 -1.91200 3.73300 8.15800 1.89200 14.04800 1.54600
217.00000 -16.77400 -6.55100 -16.34700 -3.89600 4.94400 -9.23700 -10.94600 11.19000 9.33800 0.33600 -2.88900 2.75700 6.69400 -0.06100 13.56000 0.08100
218.00000 -19.70400 -10.45700 -14.39400 -5.84900 3.96700 -11.67800 -12.89900 10.21300 7.87400 -1.61700 -4.84200 0.80400 5.22900 -1.52600 11.11900 -1.87200
219.00000 -22.63400 -12.89900 -15.85900 -7.31400 2.50200 -14.60800 -16.31700 9.72500 6.40900 -3.57100 -7.28400 -1.14900 2.78700 -1.52600 7.21200 -3.82500
220.00000 -24.58700 -12.89900 -19.27700 -8.29100 1.52600 -15.09600 -19.24600 9.23700 6.89700 -4.05900 -9.23700 -2.12600 1.81100 -0.54900 3.30600 -5.77800
221.00000 -24.58700 -10.45700 -22.69500 -7.80200 2.01400 -14.60800 -18.75800 8.74800 8.85000 -3.57100 -10.70100 -1.63800 2.29900 0.91600 1.35300 -6.26600
222.00000 -23.12200 -7.03900 -22.20700 -6.33700 2.99100 -13.14300 -14.85200 8.26000 10.80300 -1.12900 -10.21300 -0.66100 3.76400 2.86900 1.84100 -5.29000
223.00000 -21.16900 -5.08600 -18.30000 -4.87300 4.94400 -11.19000 -10.45700 9.23700 11.78000 1.31200 -9.23700 0.80400 4.74000 4.33300 3.79400 -3.33700
224.00000 -18.72800 -5.08600 -13.41800 -2.92000 5.92000 -10.70100 -7.03900 11.67800 10.80300 3.26500 -7.28400 1.29200 5.71700 5.79800 6.23600 -1.87200
225.00000 -16.77400 -6.06300 -10.00000 -1.45500 6.40900 -10.70100 -5.57500 14.11900 9.33800 4.24200 -5.33000 1.29200 5.71700 6.77500 7.21200 -0.89500
226.00000 -14.82100 -8.01600 -9.51100 0.01000 6.89700 -10.70100 -4.59800 17.04900 7.87400 4.73000 -2.88900 1.29200 4.74000 8.72800 8.18900 -0.89500
227.00000 -14.33300 -9.48100 -10.97600 0.49800 6.89700 -11.19000 -3.62100 18.51400 6.89700 4.73000 -0.44800 1.29200 3.76400 10.19300 9.16500 -1.87200
228.00000 -15.31000 -10.94600 -11.46400 -0.47800 6.89700 -11.67800 -1.18000 18.02600 6.40900 5.21900 1.50600 1.78000 3.27600 11.65800 10.14200 -2.36000
229.00000 -16.77400 -13.87500 -10.48800 -2.43100 6.89700 -12.65500 0.77300 17.04900 5.92000 5.70700 2.48200 1.78000 3.27600 12.14600 11.60700 -2.84800
230.00000 -17.75100 -17.29300 -9.02300 -4.38400 6.40900 -13.63100 0.77300 16.07300 5.92000 6.19500 2.48200 2.26800 3.76400 11.16900 13.07200 -2.84800
231.00000 -17.26300 -19.24600 -8.53500 -4.87300 6.40900 -13.63100 -1.18000 15.58400 6.40900 6.68300 1.50600 2.26800 3.76400 9.70500 14.04800 -2.36000
232.00000 -15.31000 -19.24600 -9.02300 -3.89600 6.40900 -12.16600 -3.62100 16.07300 6.40900 7.17200 0.52900 2.75700 4.25200 9.21600 14.04800 -2.36000
233.00000 -13.35700 -17.29300 -10.97600 -2.43100 6.40900 -10.70100 -3.62100 16.07300 6.40900 6.68300 1.01700 3.24500 5.22900 10.19300 14.53700 -1.38300
234.00000 -12.38000 -15.34000 -12.44100 -1.45500 5.92000 -9.23700 -1.18000 15.58400 5.92000 5.70700 1.50600 4.22200 6.69400 12.14600 16.00100 0.08100
235.00000 -12.86800 -15.82800 -12.92900 -2.43100 4.94400 -9.72500 1.26100 14.60800 4.45600 3.75400 1.99400 3.73300 7.67000 14.09900 16.97800 1.54600
236.00000 -13.84500 -18.27000 -12.92900 -4.38400 3.96700 -11.19000 2.23800 14.11900 3.96700 2.77700 2.48200 2.75700 8.15800 14.09900 17.46600 2.52300
237.00000 -15.31000 -22.66400 -13.41800 -5.84900 2.50200 -13.14300 -0.20300 14.60800 3.47900 2.28900 1.99400 0.80400 7.67000 12.14600 16.97800 2.03500
238.00000 -15.79800 -25.59400 -15.37100 -6.33700 2.01400 -13.63100 -4.11000 16.07300 4.45600 2.28900 1.99400 -1.14900 7.18200 11.16900 14.53700 1.05800
239.00000 -15.31000 -25.59400 -16.83600 -4.87300 2.50200 -12.16600 -7.03900 17.53700 5.92000 3.75400 1.99400 -2.12600 7.18200 11.16900 12.09500 0.08100
240.00000 -12.86800 -22.66400 -16.34700 -2.92000 2.99100 -9.72500 -7.03900 18.51400 7.38500 4.73000 2.48200 -1.63800 7.18200 13.61100 9.65400 -0.40700
241.00000 -9.93900 -19.24600 -11.95300 -1.45500 4.45600 -7.28400 -4.59800 17.53700 7.87400 5.70700 3.45900 -1.14900 8.15800 17.02900 8.67700 0.08100
242.00000 -7.98500 -16.80500 -7.07000 -1.45500 5.43200 -6.30700 -2.15700 16.56100 7.87400 6.19500 3.94700 -1.14900 8.15800 18.49400 9.16500 0.57000
243.00000 -6.52100 -17.29300 -4.14000 -2.43100 5.92000 -6.79500 -1.18000 15.58400 7.38500 5.70700 3.45900 -2.61400 7.67000 18.00500 9.16500 -0.40700
244.00000 -7.00900 -18.27000 -4.62800 -3.89600 6.89700 -7.77200 -2.64500 15.09600 7.87400 4.73000 2.48200 -4.56700 6.20500 15.07600 8.67700 -1.87200
245.00000 -7.98500 -20.22300 -8.53500 -5.36100 6.89700 -8.74800 -3.62100 15.09600 7.87400 3.75400 1.01700 -6.03200 5.22900 12.14600 7.70100 -4.31300
246.00000 -8.96200 -20.71100 -12.92900 -5.36100 6.89700 -8.26000 -2.64500 15.58400 9.33800 2.77700 1.01700 -5.54400 4.74000 11.16900 6.72400 -5.77800
247.00000 -9.45000 -20.22300 -14.88200 -5.36100 6.89700 -6.79500 -0.20300 16.07300 10.80300 2.28900 1.50600 -3.10300 4.74000 10.68100 6.23600 -6.26600
248.00000 -8.96200 -18.75800 -13.90600 -3.40800 6.40900 -5.81900 2.72600 16.56100 12.26800 1.80100 1.99400 -0.17300 5.22900 11.65800 6.23600 -5.29000
249.00000 -7.98500 -17.78200 -10.97600 -2.43100 5.92000 -6.79500 3.70300 16.56100 13.24500 1.80100 1.99400 1.29200 5.22900 11.16900 7.21200 -4.31300
250.00000 -6.52100 -16.80500 -8.53500 -1.94300 5.43200 -9.72500 2.72600 16.07300 12.75600 1.80100 1.01700 0.80400 4.25200 9.21600 6.72400 -4.31300
251.00000 -5.05600 -16.31700 -6.58200 -2.92000 4.94400 -12.16600 1.75000 15.58400 11.78000 1.80100 0.52900 -1.63800 2.29900 6.28700 5.74700 -4.80100
252.00000 -4.07900 -15.82800 -5.11700 -3.40800 5.43200 -13.63100 1.75000 15.09600 10.80300 2.28900 1.01700 -4.07900 1.32200 3.84500 4.28300 -6.26600
253.00000 -2.61400 -15.34000 -4.14000 -3.40800 6.40900 -11.19000 3.21500 15.09600 10.31500 3.75400 2.97000 -5.05600 0.83400 2.86900 3.30600 -6.75500
254.00000 -1.14900 -15.34000 -5.60500 -2.43100 8.36200 -6.30700 5.16800 16.56100 11.29200 6.68300 4.43500 -5.54400 1.32200 3.84500 2.81800 -6.26600
255.00000 -0.66100 -15.34000 -9.02300 -1.45500 11.29200 -0.44800 5.65600 18.51400 13.73300 9.61300 5.41200 -5.05600 2.78700 6.77500 3.30600 -4.31300
256.00000 -0.66100 -14.85200 -11.95300 -1.45500 13.24500 3.45900 4.19100 19.97900 15.68600 11.07800 4.43500 -5.05600 4.25200 10.19300 4.28300 -2.84800
