1.00000 1.74000 0.24400 3.93700 1.72900 0.72200 -3.72300 1.41400 0.72200 -1.01700 -2.56300 3.42800 2.46200 1.44400 -0.92600 1.99400 -0.61000
2.00000 1.25100 0.73200 1.49500 0.75300 0.23400 -5.67600 0.92600 0.23400 -1.01700 -4.51700 1.47500 1.48500 -0.02000 -2.87900 0.52900 2.31900
3.00000 -0.21400 2.19700 -1.43400 -0.22400 -0.25400 -6.65300 -0.05100 -0.25400 -1.50600 -6.95800 -2.43100 -0.95600 -1.97300 -5.80900 -0.93600 4.27200
4.00000 -2.16700 3.66200 -2.89900 -0.71200 -1.23100 -6.65300 -1.51600 -0.74300 -1.99400 -7.93500 -5.36100 -3.39800 -3.92700 -8.25000 -1.42400 4.27200
5.00000 -4.12000 4.63900 -2.89900 -0.71200 -1.71900 -5.67600 -2.00400 -1.23100 -1.50600 -7.93500 -5.84900 -3.39800 -3.92700 -8.73800 -1.42400 2.31900
6.00000 -5.58500 3.17400 -2.89900 -1.68900 -1.71900 -5.18800 -1.02700 -1.23100 -0.04100 -5.98100 -3.89600 -1.93300 -1.97300 -7.27300 -2.88900 0.85400
7.00000 -6.07300 0.73200 -3.38700 -2.17700 -1.71900 -5.67600 -0.05100 -0.74300 1.42400 -3.54000 0.49800 0.99700 0.95600 -3.36700 -4.84200 -0.61000
8.00000 -6.56100 -2.19700 -4.85200 -2.66500 -1.23100 -6.16500 0.92600 0.23400 2.40100 -1.09900 5.38100 3.92700 3.88600 1.02700 -7.28400 -1.09900
9.00000 -6.56100 -3.66200 -5.82900 -2.17700 -1.23100 -5.67600 1.41400 1.21100 2.40100 0.85400 9.28800 6.36800 6.32700 4.93400 -8.26000 -0.61000
10.00000 -6.56100 -2.68600 -5.34100 -1.20000 -1.71900 -4.21100 0.92600 1.69900 1.42400 2.31900 10.75200 7.34500 7.30400 7.86300 -6.79500 -1.09900
11.00000 -5.58500 -0.24400 -3.38700 -0.71200 -1.71900 -0.79300 0.43700 1.69900 0.44800 3.29600 9.77600 6.85600 6.81600 9.81600 -4.35400 -1.58700
12.00000 -4.12000 2.68600 -1.92300 -0.71200 -2.20700 1.64800 0.43700 1.21100 -0.52900 4.76100 6.35800 4.90300 5.83900 9.32800 -1.42400 -2.56300
13.00000 -2.65500 5.12700 -0.94600 -0.71200 -1.23100 2.62500 0.92600 0.72200 -1.50600 5.24900 1.96300 1.97300 2.90900 6.88700 1.50600 -2.56300
14.00000 -1.19000 7.08000 -1.43400 -0.22400 0.23400 3.11300 1.41400 -0.25400 -1.99400 5.24900 -2.92000 -1.44400 -0.99700 2.98100 2.97000 -1.58700
15.00000 -0.21400 9.03300 -1.92300 0.75300 2.18700 2.13600 1.41400 -0.25400 -2.48200 3.78400 -6.33700 -4.37400 -4.41500 -1.90200 4.43500 -0.61000
16.00000 0.76300 10.01000 -0.94600 2.21800 3.65200 2.62500 0.43700 -0.74300 -1.99400 1.34300 -7.80200 -5.83900 -6.36800 -5.80900 4.92400 -1.09900
17.00000 0.76300 10.01000 1.00700 3.19400 4.14000 4.08900 -0.53900 -1.23100 -1.50600 -1.09900 -7.31400 -5.83900 -6.36800 -7.27300 5.41200 -3.54000
18.00000 0.27500 10.01000 2.47200 2.70600 3.65200 6.53100 -1.51600 -1.71900 -0.04100 -1.58700 -5.84900 -4.86200 -4.90300 -7.27300 5.41200 -5.49300
19.00000 -1.19000 9.52100 1.98400 0.75300 3.65200 9.46000 -2.00400 -2.69600 1.42400 -0.12200 -3.89600 -3.39800 -2.95000 -6.29700 5.41200 -6.47000
20.00000 -1.19000 10.49800 1.00700 -0.71200 3.16400 10.92500 -1.51600 -3.18400 2.88900 2.80800 -2.92000 -2.42100 -1.48500 -4.83200 5.90000 -5.00500
21.00000 0.76300 12.45100 0.51900 -0.71200 4.14000 11.41400 0.92600 -2.20700 3.37700 6.22600 -1.94300 -0.95600 -0.99700 -3.85500 7.85300 -0.61000
22.00000 4.18100 15.86900 3.44800 1.24100 5.60500 11.41400 4.83200 -0.25400 2.40100 8.17900 -0.47800 0.99700 -0.50900 -2.87900 10.78300 4.76100
23.00000 8.57500 18.79900 8.33100 3.68200 6.58200 10.92500 9.22600 2.18700 0.93600 8.17900 2.94000 3.43800 0.46800 -1.41400 13.22400 9.15500
24.00000 11.50500 20.26400 13.70200 6.12400 6.58200 11.41400 12.15600 3.65200 -1.01700 6.71400 5.38100 5.39100 0.95600 0.05100 14.20100 11.10800
25.00000 11.50500 19.28700 15.65600 6.61200 6.09300 11.90200 13.62100 3.65200 -1.50600 4.76100 7.33400 6.36800 1.44400 1.51600 12.73600 11.10800
26.00000 8.57500 16.35700 13.70200 5.63600 5.11700 11.41400 12.64400 2.67500 -1.50600 4.27200 5.87000 4.90300 1.44400 2.98100 10.78300 10.62000
27.00000 4.18100 13.42800 9.30800 3.68200 4.14000 10.43700 9.22600 0.72200 -0.04100 4.76100 2.45200 1.97300 0.46800 2.98100 8.83000 9.64400
28.00000 1.25100 11.47500 4.91300 1.72900 3.16400 8.48400 5.32000 -0.74300 1.42400 5.73700 -2.92000 -0.95600 -0.02000 3.46900 7.85300 7.69000
29.00000 0.27500 10.98600 2.47200 0.26400 2.67500 6.53100 1.90200 -1.23100 2.88900 7.20200 -7.80200 -3.39800 -0.02000 3.95700 8.34100 6.22600
30.00000 1.25100 10.98600 2.47200 -0.22400 2.67500 6.04200 -0.05100 -1.23100 3.37700 8.66700 -10.73200 -4.37400 0.46800 4.44500 8.83000 4.27200
31.00000 2.22800 11.47500 3.44800 -0.22400 2.18700 6.53100 -0.53900 -0.74300 3.86600 10.13200 -11.70900 -3.88600 1.93300 5.42200 8.34100 2.31900
32.00000 3.20400 11.47500 3.44800 -0.22400 1.69900 6.53100 -0.53900 -0.25400 4.35400 10.62000 -11.70900 -3.39800 2.90900 5.91000 7.36500 2.31900
33.00000 2.22800 10.98600 1.98400 -0.22400 0.72200 6.04200 -0.53900 -0.74300 4.35400 10.62000 -11.70900 -2.42100 3.88600 6.39900 6.38800 3.78400
34.00000 1.25100 10.49800 0.51900 -0.71200 -0.25400 5.55400 -0.53900 -1.71900 3.86600 10.13200 -11.70900 -1.93300 3.88600 5.91000 6.87700 7.20200
35.00000 0.27500 10.98600 0.03100 -1.20000 0.23400 5.06600 -1.02700 -2.69600 3.86600 8.66700 -12.19700 -1.93300 4.37400 5.42200 7.85300 11.59700
36.00000 0.27500 12.93900 0.51900 -1.68900 0.72200 5.55400 -1.51600 -3.18400 2.88900 7.20200 -12.19700 -1.44400 4.37400 4.44500 9.31800 14.52600
37.00000 1.74000 15.38100 1.98400 -1.68900 1.21100 6.04200 -2.49200 -3.18400 2.40100 6.22600 -11.22000 -1.93300 3.88600 3.46900 9.80600 15.50300
38.00000 2.22800 16.35700 2.47200 -1.68900 1.69900 6.53100 -3.46900 -3.18400 1.91200 5.73700 -10.24400 -2.42100 2.90900 2.49200 9.31800 12.57300
39.00000 1.74000 15.38100 1.98400 -1.68900 1.21100 6.04200 -3.95700 -2.69600 1.42400 4.76100 -10.24400 -3.39800 1.44400 1.02700 7.36500 6.22600
40.00000 0.27500 12.45100 0.03100 -2.17700 -0.25400 4.08900 -3.95700 -2.69600 0.44800 3.78400 -11.70900 -4.86200 -0.50900 -0.92600 5.41200 -0.61000
41.00000 -1.67800 8.54500 -1.43400 -2.66500 -1.23100 2.13600 -3.46900 -2.69600 -0.52900 2.80800 -14.15000 -5.83900 -1.97300 -3.36700 3.94700 -5.49300
42.00000 -1.67800 6.59200 -1.43400 -2.66500 -1.71900 1.64800 -2.98100 -3.18400 -0.52900 1.34300 -16.59100 -5.83900 -2.95000 -4.83200 3.94700 -5.00500
43.00000 -0.70200 6.59200 0.03100 -2.66500 -0.74300 2.62500 -2.98100 -3.67200 -0.04100 0.85400 -17.08000 -5.83900 -3.43800 -5.80900 5.90000 0.36600
44.00000 1.74000 10.01000 2.96000 -1.20000 1.69900 5.06600 -2.00400 -3.18400 0.93600 1.34300 -15.12700 -5.35100 -2.95000 -6.29700 9.31800 8.17900
45.00000 4.18100 13.42800 5.89000 0.26400 4.14000 7.50700 -1.02700 -2.69600 1.91200 2.31900 -12.19700 -5.35100 -2.95000 -6.29700 12.73600 15.01500
46.00000 5.64600 15.86900 7.35500 1.72900 6.58200 7.99600 0.43700 -2.20700 2.40100 2.80800 -9.75500 -4.86200 -2.95000 -6.78500 14.68900 17.45600
47.00000 6.13400 16.35700 7.35500 2.21800 6.58200 7.01900 1.41400 -2.69600 1.42400 2.31900 -8.29100 -4.86200 -3.43800 -7.76200 14.68900 17.45600
48.00000 6.13400 15.38100 6.86600 2.21800 6.09300 5.55400 1.41400 -2.69600 0.44800 -0.12200 -9.26700 -5.83900 -4.90300 -10.20300 13.71300 16.96800
49.00000 6.13400 14.89300 5.89000 2.21800 4.62800 3.60100 0.43700 -3.18400 -1.01700 -2.07500 -11.70900 -7.30400 -6.85600 -12.15600 12.73600 18.43300
50.00000 7.11100 15.38100 5.40200 2.21800 4.62800 3.60100 -1.02700 -3.18400 -1.50600 -4.02800 -13.66200 -8.76900 -8.32100 -13.62100 12.73600 21.85100
51.00000 8.08700 16.84600 5.40200 2.21800 5.11700 4.57800 -2.49200 -3.18400 -1.50600 -4.51700 -15.61500 -10.23400 -9.78600 -14.59800 14.20100 24.78000
52.00000 8.08700 18.31100 4.91300 2.70600 5.60500 6.53100 -3.46900 -2.69600 -1.50600 -4.02800 -16.59100 -11.21000 -10.27400 -14.59800 16.15400 23.80400
53.00000 7.59900 19.28700 4.42500 3.19400 6.09300 7.50700 -4.44500 -2.69600 -1.50600 -4.02800 -16.59100 -10.72200 -10.27400 -14.10900 17.13100 18.43300
54.00000 6.62200 19.77500 3.93700 2.70600 6.09300 7.01900 -4.44500 -3.18400 -1.50600 -4.02800 -16.10300 -9.74500 -9.29800 -13.62100 17.13100 12.08500
55.00000 6.13400 19.28700 3.44800 2.21800 5.60500 5.06600 -5.42200 -3.67200 -1.99400 -4.51700 -16.10300 -8.76900 -8.32100 -13.13300 16.15400 8.66700
56.00000 5.64600 19.28700 2.96000 1.24100 5.11700 3.11300 -6.88700 -4.64900 -1.50600 -5.00500 -16.10300 -7.79200 -6.85600 -12.64400 15.17700 9.64400
57.00000 5.15700 18.79900 3.93700 0.75300 5.11700 2.13600 -7.86300 -5.62500 -1.01700 -4.51700 -16.10300 -7.79200 -4.90300 -10.69100 14.68900 14.52600
58.00000 4.66900 18.31100 3.93700 0.26400 4.62800 2.13600 -8.35200 -5.62500 -0.52900 -4.02800 -16.59100 -7.30400 -3.43800 -7.76200 13.71300 18.92100
59.00000 3.69300 17.33400 2.96000 -0.22400 4.14000 3.11300 -7.86300 -5.13700 -0.04100 -3.54000 -16.59100 -6.32700 -1.97300 -4.83200 12.73600 19.89700
60.00000 2.71600 15.86900 1.49500 -1.20000 2.18700 2.13600 -7.86300 -4.64900 -0.52900 -4.51700 -16.10300 -5.35100 0.46800 -2.39100 11.27100 17.45600
61.00000 2.22800 13.42800 -0.45800 -1.68900 0.23400 0.18300 -7.86300 -4.16100 -0.52900 -5.00500 -15.61500 -3.88600 1.93300 -0.92600 9.31800 13.06200
62.00000 2.22800 12.45100 -1.43400 -1.68900 -1.23100 -2.74700 -8.84000 -3.67200 -0.52900 -5.00500 -16.10300 -4.37400 3.39800 -0.92600 7.85300 10.62000
63.00000 2.71600 12.45100 -0.94600 -1.20000 -1.23100 -4.21100 -10.30500 -3.18400 -0.04100 -4.02800 -16.59100 -5.35100 3.39800 -1.41400 7.85300 10.13200
64.00000 3.69300 13.91600 1.00700 -0.22400 -0.25400 -3.23500 -11.28100 -3.18400 0.44800 -2.07500 -17.56800 -6.81600 2.90900 -1.90200 8.83000 11.59700
65.00000 4.66900 16.35700 2.96000 0.26400 1.69900 -0.79300 -10.30500 -3.67200 0.93600 -0.61000 -18.54500 -7.79200 1.93300 -2.39100 10.29500 12.57300
66.00000 5.64600 17.82200 4.91300 0.26400 2.67500 1.64800 -8.84000 -4.16100 1.91200 0.36600 -19.03300 -8.28000 1.93300 -1.90200 10.29500 11.59700
67.00000 6.13400 17.82200 5.40200 -0.22400 2.67500 3.11300 -5.91000 -4.16100 2.40100 0.85400 -18.05600 -7.30400 2.42100 -0.92600 9.80600 10.13200
68.00000 6.62200 17.33400 6.37800 -0.22400 2.18700 3.11300 -2.98100 -3.67200 3.37700 1.34300 -15.61500 -5.35100 3.88600 1.02700 9.31800 8.66700
69.00000 6.62200 16.84600 7.84300 0.26400 1.69900 2.62500 -1.51600 -3.18400 3.86600 1.83100 -12.68500 -3.39800 4.37400 1.51600 9.80600 8.66700
70.00000 7.11100 17.82200 10.28400 2.21800 2.67500 2.62500 -0.05100 -2.20700 2.88900 2.31900 -9.75500 -1.93300 4.37400 1.51600 11.75900 9.64400
71.00000 8.57500 19.77500 12.23800 4.65900 4.14000 3.11300 0.92600 -1.23100 1.42400 1.34300 -7.80200 -0.95600 2.90900 0.53900 13.71300 10.62000
72.00000 10.52900 21.24000 13.21400 6.61200 5.11700 3.11300 0.92600 -0.74300 -0.04100 -0.12200 -6.82600 -1.44400 0.46800 -1.90200 14.68900 11.10800
73.00000 11.01700 20.75200 11.26100 6.61200 4.14000 2.13600 0.92600 -0.25400 -1.50600 -2.56300 -7.31400 -1.44400 -0.99700 -3.85500 14.20100 11.10800
74.00000 10.04000 18.31100 7.84300 5.63600 2.18700 -0.30500 -0.53900 -0.25400 -1.99400 -4.51700 -7.80200 -1.44400 -0.99700 -5.32000 11.75900 9.64400
75.00000 7.11100 14.40400 4.91300 2.70600 -0.25400 -3.23500 -2.49200 -0.74300 -1.50600 -5.98100 -8.77900 -0.95600 0.46800 -5.80900 8.34100 7.20200
76.00000 4.18100 10.98600 3.44800 0.75300 -2.20700 -5.18800 -4.93400 -0.74300 -1.50600 -6.95800 -9.75500 -0.95600 1.44400 -5.80900 5.41200 5.73700
77.00000 3.20400 10.01000 3.93700 0.26400 -1.71900 -6.16500 -6.88700 -0.74300 -1.01700 -7.44600 -11.22000 -0.46800 1.44400 -5.80900 4.43500 4.27200
78.00000 3.20400 10.98600 4.91300 0.26400 -0.25400 -5.18800 -7.37500 -0.74300 -1.01700 -6.95800 -12.68500 -0.46800 1.44400 -5.80900 4.92400 3.78400
79.00000 3.69300 12.45100 4.91300 0.75300 1.69900 -4.70000 -7.37500 -1.23100 -0.52900 -6.47000 -14.15000 -0.95600 1.44400 -5.32000 4.92400 3.78400
80.00000 2.71600 11.96300 2.47200 0.26400 2.18700 -4.70000 -7.37500 -1.71900 0.44800 -5.49300 -14.63800 -1.44400 2.42100 -4.34400 3.94700 4.27200
81.00000 0.27500 10.01000 -0.94600 -1.20000 1.21100 -5.18800 -8.35200 -2.20700 1.42400 -5.00500 -15.12700 -1.44400 3.88600 -3.36700 1.50600 4.76100
82.00000 -1.67800 7.56800 -3.38700 -3.15300 -0.25400 -5.18800 -9.32800 -2.20700 1.91200 -4.51700 -15.12700 -1.93300 4.86200 -2.39100 -1.42400 5.73700
83.00000 -2.16700 7.08000 -3.38700 -4.61800 -0.74300 -4.21100 -10.79300 -2.20700 1.91200 -4.51700 -14.63800 -1.93300 4.86200 -2.39100 -3.37700 5.73700
84.00000 -0.70200 9.03300 -1.92300 -4.13000 -0.25400 -2.25800 -11.28100 -2.20700 1.42400 -5.00500 -14.63800 -1.93300 3.39800 -3.36700 -3.37700 4.76100
85.00000 2.22800 12.45100 0.51900 -3.15300 1.21100 -0.30500 -10.30500 -2.20700 0.93600 -5.00500 -13.66200 -1.93300 2.42100 -4.34400 -1.42400 2.31900
86.00000 3.69300 14.40400 0.51900 -2.17700 1.69900 -0.30500 -9.32800 -1.71900 0.44800 -4.51700 -13.17300 -1.93300 2.42100 -4.34400 0.52900 -1.09900
87.00000 3.20400 12.93900 -0.94600 -2.17700 1.69900 -2.25800 -7.86300 -1.23100 0.44800 -3.54000 -12.19700 -1.93300 3.39800 -2.87900 1.01700 -4.51700
88.00000 1.25100 10.01000 -2.89900 -2.66500 0.72200 -3.72300 -6.88700 -1.23100 0.93600 -2.56300 -11.70900 -1.93300 3.88600 -1.90200 0.52900 -5.98100
89.00000 -1.19000 7.56800 -2.89900 -2.66500 -0.25400 -4.21100 -6.39900 -1.71900 0.44800 -1.58700 -11.70900 -3.39800 3.39800 -1.41400 -0.44800 -5.49300
90.00000 -2.16700 7.56800 -0.45800 -1.68900 -0.25400 -2.74700 -6.39900 -2.20700 -0.04100 -1.58700 -12.68500 -4.86200 1.93300 -1.41400 -0.44800 -2.56300
91.00000 -1.19000 9.52100 3.44800 -0.22400 0.23400 -0.79300 -5.91000 -2.20700 -0.04100 -1.58700 -12.68500 -5.83900 0.46800 -2.39100 1.01700 0.85400
92.00000 -0.21400 11.96300 5.40200 0.75300 0.72200 0.67100 -5.42200 -2.20700 -0.52900 -2.07500 -11.70900 -5.83900 -0.02000 -2.39100 1.99400 3.29600
93.00000 -0.70200 10.98600 4.91300 0.26400 0.72200 -0.79300 -5.42200 -1.71900 -0.52900 -2.56300 -10.24400 -4.86200 -0.02000 -2.87900 2.48200 4.27200
94.00000 -3.14300 7.56800 1.49500 -1.68900 -0.74300 -4.21100 -6.39900 -1.23100 -1.01700 -4.02800 -8.29100 -3.39800 0.95600 -3.85500 0.52900 2.80800
95.00000 -6.56100 3.66200 -2.41100 -3.64200 -2.69600 -8.11800 -6.39900 -0.74300 -1.50600 -5.98100 -6.82600 -1.93300 -0.02000 -5.32000 -1.91200 1.34300
96.00000 -9.00300 1.22100 -4.36400 -4.61800 -3.67200 -10.55900 -6.39900 -0.25400 -2.48200 -7.93500 -5.84900 -1.44400 -0.99700 -7.27300 -3.37700 0.85400
97.00000 -9.00300 1.70900 -3.87600 -4.13000 -3.67200 -11.04700 -5.42200 0.23400 -2.97000 -9.39900 -4.87300 -0.95600 -2.95000 -9.71500 -3.37700 1.34300
98.00000 -7.53800 4.15000 -1.92300 -2.66500 -3.18400 -9.58300 -4.93400 0.72200 -3.45900 -10.86400 -4.38400 -0.46800 -4.41500 -11.18000 -2.88900 1.83100
99.00000 -6.07300 5.12700 -0.45800 -1.68900 -2.69600 -7.62900 -4.44500 1.69900 -3.45900 -11.35300 -3.40800 0.02000 -4.41500 -11.66800 -1.91200 2.31900
100.00000 -6.56100 4.63900 -0.45800 -1.68900 -3.18400 -6.65300 -4.93400 1.69900 -3.45900 -11.84100 -2.92000 0.99700 -3.92700 -11.66800 -2.40100 0.85400
101.00000 -8.02600 1.70900 -1.43400 -3.15300 -3.67200 -7.62900 -5.42200 1.69900 -3.45900 -12.81700 -2.43100 1.48500 -2.95000 -11.18000 -4.84200 -1.58700
102.00000 -9.97900 -1.70900 -2.89900 -5.10700 -4.64900 -9.09400 -5.42200 0.72200 -3.45900 -12.81700 -2.92000 0.99700 -2.46200 -10.20300 -7.77200 -4.51700
103.00000 -10.46800 -2.68600 -4.36400 -5.59500 -5.13700 -10.07100 -4.93400 0.23400 -2.97000 -12.32900 -3.89600 0.50900 -1.97300 -9.71500 -9.72500 -5.49300
104.00000 -9.00300 -2.68600 -3.87600 -4.61800 -4.64900 -9.58300 -4.44500 -0.25400 -2.48200 -10.86400 -4.87300 0.02000 -1.48500 -9.71500 -9.72500 -5.98100
105.00000 -6.56100 -1.22100 -2.89900 -3.15300 -4.16100 -8.11800 -4.44500 -0.25400 -1.99400 -9.88800 -6.33700 -0.95600 -1.48500 -10.20300 -8.26000 -4.51700
106.00000 -4.60800 -0.24400 -2.41100 -1.68900 -4.16100 -7.62900 -5.42200 -0.25400 -2.97000 -9.88800 -7.80200 -1.93300 -2.95000 -11.66800 -6.30700 -3.05200
107.00000 -5.09600 0.73200 -2.41100 -0.71200 -3.67200 -8.11800 -7.86300 0.23400 -4.43500 -11.84100 -9.75500 -3.39800 -4.41500 -13.62100 -4.35400 -0.61000
108.00000 -5.58500 1.70900 -2.89900 -0.71200 -2.69600 -9.58300 -9.32800 -0.25400 -5.41200 -13.79400 -12.19700 -4.86200 -6.36800 -15.57400 -3.37700 0.85400
109.00000 -6.56100 3.17400 -3.38700 -1.20000 -1.23100 -10.55900 -10.30500 -1.71900 -5.90000 -14.77100 -13.66200 -6.32700 -7.34500 -16.06200 -2.40100 1.83100
110.00000 -5.58500 5.12700 -3.38700 -1.68900 0.23400 -9.58300 -9.81600 -2.20700 -4.43500 -13.30600 -14.15000 -6.81600 -6.85600 -14.10900 -1.42400 2.31900
111.00000 -3.63200 8.05700 -2.41100 -2.17700 1.21100 -6.65300 -9.32800 -2.20700 -2.97000 -9.88800 -13.17300 -6.81600 -4.90300 -11.18000 0.04100 2.31900
112.00000 -1.67800 10.49800 -0.45800 -1.68900 2.18700 -3.23500 -8.35200 -1.71900 -1.50600 -6.47000 -12.19700 -6.32700 -3.43800 -8.73800 1.50600 2.80800
113.00000 -0.70200 12.45100 1.98400 -0.22400 2.18700 -0.30500 -7.86300 -1.23100 -1.01700 -5.00500 -11.70900 -6.81600 -2.95000 -7.76200 2.48200 3.29600
114.00000 -0.21400 12.93900 2.96000 0.75300 2.18700 -0.30500 -7.37500 -1.23100 -1.99400 -5.98100 -13.17300 -7.79200 -3.92700 -9.22600 1.99400 3.78400
115.00000 -0.70200 12.45100 2.47200 1.72900 2.18700 -1.77000 -7.37500 -1.23100 -2.97000 -7.93500 -15.61500 -9.74500 -5.88000 -11.66800 1.01700 3.78400
116.00000 -0.70200 10.98600 1.49500 2.70600 2.18700 -3.72300 -7.37500 -1.23100 -3.45900 -10.37600 -18.54500 -10.72200 -7.83300 -14.59800 -0.44800 3.78400
117.00000 0.27500 10.01000 0.51900 2.70600 2.18700 -4.70000 -7.37500 -1.23100 -3.94700 -11.84100 -20.00900 -10.72200 -9.29800 -16.55100 -0.93600 4.27200
118.00000 0.27500 9.03300 1.49500 2.70600 1.21100 -5.18800 -7.37500 -0.74300 -3.94700 -12.32900 -19.03300 -9.74500 -9.29800 -17.52700 -0.93600 5.24900
119.00000 0.27500 8.54500 2.96000 2.70600 -0.25400 -6.16500 -6.88700 0.23400 -4.43500 -12.32900 -17.08000 -8.28000 -9.29800 -18.01600 -1.42400 5.73700
120.00000 -1.19000 8.54500 3.44800 2.21800 -1.71900 -7.14100 -6.39900 1.21100 -5.41200 -12.32900 -13.66200 -5.83900 -8.80900 -17.52700 -1.91200 5.24900
121.00000 -3.63200 8.05700 2.47200 1.72900 -2.69600 -8.11800 -5.91000 2.67500 -5.41200 -12.32900 -10.73200 -3.39800 -7.34500 -16.06200 -3.86600 2.31900
122.00000 -6.07300 6.59200 0.51900 0.75300 -3.67200 -9.09400 -5.91000 2.67500 -4.92400 -11.84100 -8.77900 -1.44400 -5.88000 -14.59800 -5.81900 -1.58700
123.00000 -8.02600 4.63900 -1.92300 -0.71200 -4.16100 -9.09400 -6.39900 2.18700 -3.94700 -11.35300 -7.80200 0.02000 -4.90300 -13.13300 -7.28400 -5.00500
124.00000 -8.51400 2.19700 -2.89900 -1.68900 -4.16100 -8.60600 -6.88700 1.69900 -2.97000 -10.86400 -8.29100 0.50900 -3.92700 -12.64400 -7.28400 -6.95800
125.00000 -7.53800 0.73200 -2.41100 -2.17700 -3.67200 -8.60600 -7.86300 1.21100 -2.97000 -10.86400 -9.75500 -0.46800 -4.41500 -13.62100 -6.30700 -5.49300
126.00000 -6.56100 0.24400 -0.94600 -2.17700 -4.16100 -9.58300 -7.86300 0.72200 -3.45900 -11.35300 -11.70900 -1.93300 -5.39100 -15.57400 -4.35400 -1.58700
127.00000 -6.07300 0.73200 -0.45800 -1.68900 -4.16100 -11.53600 -7.86300 0.72200 -4.43500 -13.30600 -13.66200 -3.88600 -6.36800 -17.03900 -2.40100 2.31900
128.00000 -6.56100 1.70900 -0.45800 -1.68900 -4.64900 -13.00000 -8.35200 0.72200 -5.41200 -14.28200 -16.10300 -4.86200 -6.36800 -17.52700 -1.42400 4.76100
129.00000 -8.02600 1.70900 -1.43400 -1.20000 -4.64900 -12.02400 -8.84000 0.23400 -5.41200 -14.77100 -17.56800 -5.35100 -4.90300 -15.57400 -0.93600 4.76100
130.00000 -9.00300 1.70900 -1.92300 -1.20000 -4.64900 -10.07100 -10.30500 -0.74300 -4.43500 -13.30600 -18.54500 -5.83900 -3.43800 -13.62100 -1.42400 3.29600
131.00000 -8.51400 1.70900 -2.41100 -1.68900 -4.16100 -7.14100 -11.77000 -2.20700 -3.45900 -11.35300 -19.52100 -6.32700 -2.46200 -10.69100 -2.88900 1.34300
132.00000 -7.05000 2.68600 -1.43400 -1.68900 -3.67200 -5.67600 -13.23400 -3.67200 -2.48200 -9.88800 -19.52100 -7.30400 -1.48500 -8.73800 -3.37700 1.34300
133.00000 -5.09600 3.66200 -0.45800 -2.17700 -2.69600 -5.67600 -13.23400 -4.64900 -1.99400 -8.91100 -19.52100 -7.79200 -1.48500 -7.76200 -3.86600 2.80800
134.00000 -3.63200 4.63900 1.00700 -1.68900 -1.71900 -6.65300 -12.25800 -4.64900 -1.01700 -8.42300 -18.54500 -7.79200 -1.48500 -6.78500 -2.88900 5.73700
135.00000 -2.16700 4.63900 2.96000 -1.68900 -0.74300 -7.14100 -9.32800 -3.67200 -0.52900 -7.44600 -16.59100 -7.30400 -0.99700 -6.29700 -0.93600 8.17900
136.00000 -1.67800 4.63900 4.91300 -0.22400 -0.25400 -5.18800 -6.39900 -1.71900 -0.04100 -6.47000 -14.63800 -6.32700 -1.48500 -6.29700 1.50600 10.13200
137.00000 -0.21400 5.12700 6.86600 0.75300 0.23400 -3.23500 -3.46900 -0.25400 -0.04100 -5.00500 -12.19700 -5.35100 -1.48500 -6.29700 3.94700 10.62000
138.00000 1.25100 6.59200 8.82000 2.21800 0.23400 -0.79300 -2.00400 1.21100 -0.52900 -4.02800 -10.73200 -4.86200 -2.46200 -6.78500 6.38800 10.62000
139.00000 2.71600 8.05700 8.33100 3.19400 -0.25400 -0.79300 -1.51600 2.18700 -1.50600 -4.51700 -8.77900 -4.37400 -3.43800 -7.27300 7.36500 10.13200
140.00000 2.22800 8.54500 5.89000 2.21800 -1.23100 -2.74700 -2.98100 1.69900 -1.99400 -5.98100 -8.29100 -3.88600 -3.92700 -7.76200 7.36500 10.13200
141.00000 -0.70200 7.56800 2.47200 0.26400 -2.69600 -5.67600 -4.93400 0.72200 -1.99400 -7.44600 -8.77900 -3.39800 -3.92700 -8.73800 5.41200 8.66700
142.00000 -4.12000 5.61500 -0.94600 -1.68900 -3.67200 -8.11800 -6.39900 -0.74300 -1.99400 -8.91100 -8.77900 -2.42100 -2.95000 -8.73800 1.99400 6.71400
143.00000 -6.07300 4.63900 -2.89900 -3.64200 -3.67200 -8.60600 -7.37500 -1.71900 -1.99400 -8.91100 -8.77900 -1.93300 -1.48500 -7.76200 -0.93600 4.27200
144.00000 -6.56100 4.63900 -2.41100 -3.64200 -3.18400 -7.62900 -7.86300 -1.71900 -1.50600 -7.44600 -8.29100 -1.93300 0.46800 -6.29700 -1.91200 3.78400
145.00000 -5.58500 5.12700 0.03100 -3.15300 -2.69600 -6.16500 -7.37500 -1.23100 -1.01700 -5.00500 -5.84900 -0.95600 2.42100 -3.85500 0.52900 4.76100
146.00000 -3.63200 6.10400 2.96000 -1.68900 -2.69600 -5.67600 -6.39900 -0.25400 -0.52900 -4.02800 -3.40800 0.02000 3.88600 -1.41400 4.43500 7.20200
147.00000 -2.65500 5.61500 3.93700 -1.68900 -3.18400 -6.16500 -4.93400 0.72200 -0.52900 -3.54000 -0.96600 1.48500 4.86200 0.05100 7.85300 9.64400
148.00000 -2.65500 5.12700 3.44800 -2.17700 -4.16100 -6.65300 -3.95700 1.21100 -1.01700 -5.00500 -0.47800 2.46200 5.35100 0.53900 7.36500 10.13200
149.00000 -4.12000 4.63900 1.49500 -3.64200 -4.64900 -7.14100 -3.46900 0.72200 -1.01700 -5.98100 -0.47800 2.95000 4.86200 0.05100 4.43500 9.15500
150.00000 -5.58500 5.12700 -0.94600 -4.61800 -4.64900 -5.67600 -3.95700 0.23400 -1.01700 -5.98100 -1.94300 2.46200 4.37400 0.05100 1.01700 6.71400
151.00000 -7.05000 5.61500 -2.41100 -5.10700 -4.64900 -3.72300 -4.44500 -0.74300 -0.52900 -5.00500 -3.40800 0.99700 3.88600 0.05100 -1.42400 3.29600
152.00000 -8.51400 6.10400 -2.41100 -5.59500 -4.64900 -2.74700 -5.42200 -1.71900 -0.04100 -3.54000 -5.36100 0.02000 3.39800 0.05100 -1.42400 0.36600
153.00000 -9.00300 5.61500 -2.41100 -5.59500 -5.13700 -3.23500 -5.91000 -2.20700 -0.04100 -3.05200 -7.31400 -1.44400 2.90900 0.05100 0.04100 -1.58700
154.00000 -9.00300 4.63900 -1.92300 -6.08300 -6.11400 -4.70000 -5.91000 -2.69600 -0.52900 -3.05200 -9.26700 -2.90900 2.42100 -0.92600 0.52900 -2.07500
155.00000 -8.02600 4.63900 -0.94600 -5.59500 -6.60200 -6.65300 -5.91000 -2.69600 -1.01700 -4.51700 -11.22000 -4.37400 1.44400 -1.90200 -0.44800 -0.61000
156.00000 -6.07300 5.12700 0.51900 -4.61800 -6.11400 -7.14100 -5.91000 -2.69600 -1.50600 -5.98100 -12.19700 -5.35100 -0.02000 -3.36700 -2.40100 1.83100
157.00000 -3.63200 7.08000 2.96000 -2.66500 -5.62500 -6.65300 -5.91000 -2.20700 -1.99400 -6.95800 -12.19700 -5.83900 -0.99700 -4.83200 -2.88900 4.27200
158.00000 -1.19000 8.05700 4.91300 -0.22400 -4.64900 -5.67600 -5.42200 -1.23100 -2.48200 -7.93500 -10.24400 -5.35100 -2.46200 -5.80900 -1.42400 5.73700
159.00000 -0.21400 7.56800 6.86600 1.72900 -4.16100 -5.18800 -4.93400 -0.25400 -2.48200 -8.42300 -7.80200 -4.37400 -2.95000 -5.80900 1.50600 5.24900
160.00000 -0.70200 5.61500 7.35500 1.72900 -4.16100 -5.67600 -3.95700 0.72200 -2.97000 -8.42300 -4.87300 -2.90900 -2.95000 -6.29700 3.45900 3.29600
161.00000 -2.16700 4.15000 6.37800 0.75300 -5.13700 -6.16500 -2.98100 0.72200 -2.48200 -7.93500 -2.92000 -1.93300 -2.95000 -5.80900 3.45900 1.83100
162.00000 -4.12000 3.17400 3.93700 -1.68900 -5.13700 -6.16500 -2.00400 0.72200 -1.99400 -7.44600 -2.43100 -2.42100 -2.46200 -5.80900 0.52900 1.83100
163.00000 -5.58500 3.17400 1.00700 -3.64200 -5.13700 -6.16500 -2.49200 -0.74300 -0.52900 -6.95800 -3.89600 -3.39800 -1.97300 -5.32000 -2.40100 2.80800
164.00000 -6.07300 3.17400 -0.45800 -4.13000 -4.64900 -7.14100 -2.98100 -1.71900 -0.52900 -6.95800 -5.36100 -3.88600 -1.97300 -5.32000 -3.86600 3.78400
165.00000 -6.56100 2.68600 -0.94600 -3.64200 -4.16100 -8.11800 -4.44500 -2.20700 -1.01700 -7.44600 -6.82600 -3.88600 -1.48500 -5.32000 -4.35400 3.29600
166.00000 -6.56100 1.70900 -0.45800 -3.15300 -4.64900 -10.07100 -4.93400 -1.71900 -1.01700 -8.91100 -6.33700 -1.93300 -0.99700 -5.80900 -3.37700 0.36600
167.00000 -7.05000 0.73200 0.03100 -2.66500 -5.62500 -11.53600 -4.44500 -0.25400 -1.99400 -9.88800 -3.89600 0.02000 -0.50900 -6.78500 -4.35400 -3.05200
168.00000 -7.53800 0.73200 0.03100 -2.66500 -6.60200 -12.02400 -2.49200 1.21100 -2.97000 -10.86400 -0.47800 1.97300 -0.99700 -7.27300 -7.28400 -5.98100
169.00000 -8.51400 0.24400 -0.45800 -3.15300 -8.06700 -12.02400 -1.02700 2.18700 -4.43500 -11.35300 2.45200 2.95000 -1.48500 -7.76200 -11.67800 -7.44600
170.00000 -9.49100 -0.73200 -0.94600 -3.15300 -8.55500 -12.51200 -0.05100 3.16400 -5.41200 -12.81700 3.42800 2.46200 -2.95000 -9.22600 -14.60800 -7.93500
171.00000 -9.97900 -2.68600 -0.45800 -2.66500 -9.04300 -13.97700 0.43700 3.16400 -6.38800 -13.79400 2.94000 1.48500 -3.92700 -9.71500 -14.60800 -8.42300
172.00000 -9.49100 -4.63900 0.51900 -2.17700 -9.53200 -15.93000 0.43700 3.16400 -7.36500 -13.79400 2.45200 0.99700 -4.90300 -10.69100 -11.67800 -8.91100
173.00000 -8.02600 -4.63900 1.98400 -1.68900 -10.02000 -16.41800 0.92600 3.65200 -6.87700 -13.30600 1.96300 1.97300 -3.92700 -10.69100 -7.77200 -9.39900
174.00000 -6.07300 -2.68600 2.96000 -1.68900 -9.53200 -13.00000 1.90200 3.65200 -5.90000 -11.35300 2.45200 2.95000 -2.95000 -9.22600 -3.37700 -9.39900
175.00000 -4.12000 0.73200 3.44800 -1.68900 -8.06700 -8.11800 1.90200 3.65200 -4.43500 -8.42300 2.94000 3.92700 -0.99700 -7.27300 -0.93600 -7.44600
176.00000 -3.14300 4.15000 2.96000 -1.68900 -6.11400 -3.23500 1.90200 2.18700 -2.97000 -5.49300 1.96300 3.43800 0.46800 -5.32000 0.52900 -4.51700
177.00000 -3.63200 5.12700 1.98400 -2.17700 -5.13700 -1.28200 0.43700 0.72200 -2.48200 -4.02800 -0.96600 1.48500 1.44400 -3.85500 1.50600 -1.58700
178.00000 -5.09600 4.15000 0.51900 -2.66500 -5.13700 -2.74700 -2.00400 -0.74300 -1.99400 -3.54000 -4.87300 -0.95600 1.93300 -2.39100 2.48200 0.85400
179.00000 -6.07300 1.70900 -1.43400 -3.64200 -6.11400 -5.67600 -4.44500 -1.71900 -2.48200 -5.00500 -7.31400 -2.90900 2.42100 -1.41400 2.48200 1.83100
180.00000 -6.56100 1.22100 -3.38700 -5.10700 -7.57900 -7.14100 -5.42200 -2.20700 -2.48200 -5.49300 -8.77900 -3.88600 2.42100 -0.43700 1.99400 0.85400
181.00000 -6.56100 1.70900 -3.87600 -6.08300 -8.06700 -6.65300 -5.91000 -1.71900 -1.99400 -5.00500 -7.80200 -4.86200 2.42100 1.51600 1.01700 -0.61000
182.00000 -6.07300 3.17400 -3.38700 -6.08300 -8.06700 -5.18800 -4.44500 -1.23100 -1.01700 -3.05200 -5.36100 -4.86200 2.42100 2.49200 0.52900 -2.07500
183.00000 -5.58500 3.66200 -0.45800 -4.61800 -7.09000 -3.72300 -2.00400 -0.74300 -0.52900 -1.09900 -2.92000 -4.86200 1.44400 3.46900 1.50600 -1.58700
184.00000 -5.58500 2.19700 2.96000 -2.66500 -6.11400 -4.21100 1.41400 0.23400 -0.52900 0.36600 -0.96600 -3.88600 0.46800 2.98100 3.45900 0.85400
185.00000 -5.58500 0.73200 6.37800 -1.20000 -5.62500 -4.70000 3.85500 1.21100 -1.50600 0.36600 0.01000 -2.90900 -0.50900 1.51600 5.41200 4.76100
186.00000 -4.60800 1.22100 8.33100 -0.22400 -5.62500 -3.72300 5.32000 1.69900 -2.48200 -0.12200 0.49800 -1.44400 -0.99700 0.53900 6.87700 7.69000
187.00000 -2.16700 3.66200 8.33100 -0.71200 -5.62500 -0.79300 5.32000 1.69900 -2.48200 -0.12200 0.49800 -0.46800 -0.99700 0.05100 7.36500 8.17900
188.00000 -0.21400 8.05700 6.86600 -1.20000 -4.16100 2.62500 3.85500 1.21100 -1.50600 0.36600 0.98700 0.02000 -0.50900 0.53900 7.85300 6.22600
189.00000 1.25100 11.47500 5.89000 -1.20000 -2.69600 4.57800 3.36700 0.23400 0.44800 2.31900 1.96300 0.02000 0.46800 1.51600 8.83000 4.27200
190.00000 1.25100 12.45100 5.89000 -1.20000 -1.23100 4.08900 3.36700 -0.25400 1.91200 4.27200 2.94000 0.02000 2.42100 2.49200 9.31800 3.29600
191.00000 -0.21400 10.98600 6.37800 -1.20000 -1.23100 2.62500 3.85500 -0.25400 2.40100 5.24900 3.91600 1.48500 3.88600 3.46900 9.80600 4.27200
192.00000 -1.67800 8.05700 7.35500 -1.20000 -1.71900 1.16000 5.32000 0.72200 1.91200 4.76100 4.89300 2.95000 4.86200 3.95700 8.83000 7.20200
193.00000 -2.16700 6.59200 7.84300 -1.68900 -2.69600 1.16000 6.29700 1.21100 0.44800 2.80800 5.38100 4.90300 5.35100 3.46900 7.36500 9.64400
194.00000 -1.19000 6.59200 7.84300 -1.68900 -3.18400 1.64800 6.29700 1.69900 -0.52900 0.85400 4.89300 4.90300 4.86200 2.98100 6.38800 10.62000
195.00000 0.76300 7.08000 6.37800 -1.68900 -2.69600 1.64800 5.80900 1.69900 -1.01700 -1.09900 4.40500 3.43800 3.88600 2.00400 5.41200 10.13200
196.00000 1.25100 6.59200 4.91300 -0.71200 -2.20700 0.18300 4.34400 1.21100 -1.01700 -2.07500 2.94000 1.48500 2.42100 0.53900 6.38800 9.15500
197.00000 0.27500 6.59200 3.93700 -0.22400 -1.71900 -1.28200 3.36700 0.72200 -1.01700 -1.58700 1.96300 0.02000 1.44400 -0.92600 7.36500 9.15500
198.00000 -1.19000 6.59200 3.44800 0.26400 -1.71900 -1.77000 2.39100 0.23400 -1.50600 -1.09900 0.98700 -0.46800 0.46800 -1.41400 8.34100 8.66700
199.00000 -1.67800 7.56800 4.42500 0.75300 -1.23100 -0.30500 2.87900 0.72200 -1.99400 -1.58700 1.47500 0.02000 -0.02000 -1.90200 9.31800 9.15500
200.00000 0.27500 10.49800 6.86600 2.21800 -0.25400 2.62500 4.34400 2.18700 -2.48200 -1.58700 2.45200 1.48500 -0.50900 -1.41400 10.29500 9.64400
201.00000 3.20400 12.93900 8.82000 3.68200 1.21100 4.57800 6.29700 3.16400 -3.45900 -2.07500 3.91600 1.97300 -0.99700 -1.41400 11.75900 11.10800
202.00000 6.13400 13.91600 9.79600 5.14700 2.18700 4.57800 8.25000 3.65200 -3.45900 -1.58700 5.38100 2.46200 -0.99700 -0.92600 12.73600 13.06200
203.00000 6.62200 12.93900 9.30800 6.12400 2.18700 3.11300 8.73800 3.65200 -2.97000 0.36600 5.87000 1.97300 -0.02000 0.05100 12.73600 14.52600
204.00000 5.64600 10.49800 7.84300 5.14700 2.18700 2.62500 8.73800 3.16400 -1.99400 2.31900 6.35800 1.97300 1.44400 2.00400 12.73600 15.50300
205.00000 4.18100 10.01000 7.35500 3.68200 1.69900 4.57800 8.25000 2.18700 -0.04100 4.76100 6.35800 1.97300 3.39800 4.93400 12.73600 15.50300
206.00000 4.18100 12.45100 8.82000 3.19400 2.18700 7.99600 7.76200 1.69900 1.42400 6.71400 5.87000 1.97300 4.86200 6.39900 13.22400 15.99100
207.00000 6.13400 16.35700 11.74900 3.19400 3.65200 11.90200 8.25000 1.69900 2.40100 7.69000 5.87000 1.97300 4.86200 7.37500 14.68900 16.96800
208.00000 9.55200 20.26400 15.16700 5.14700 5.11700 13.36700 9.22600 2.18700 2.88900 7.69000 5.87000 0.99700 3.39800 5.91000 17.13100 19.40900
209.00000 11.50500 21.72900 16.14400 7.58900 6.09300 11.90200 10.69100 3.16400 2.40100 7.20200 5.87000 0.02000 1.44400 3.95700 18.59500 20.87400
210.00000 11.01700 20.26400 15.65600 8.56500 6.09300 9.46000 10.69100 4.14000 1.42400 6.71400 6.35800 -0.95600 0.46800 2.49200 18.59500 20.38600
211.00000 8.08700 16.84600 13.21400 8.07700 4.14000 7.50700 9.71500 4.14000 0.93600 5.73700 6.84600 -0.95600 0.46800 2.00400 16.64200 16.96800
212.00000 4.18100 13.42800 10.77300 6.12400 2.18700 6.04200 7.76200 3.16400 0.93600 4.27200 6.84600 -0.95600 1.44400 2.49200 13.22400 12.08500
213.00000 1.74000 10.98600 8.33100 3.68200 0.23400 5.55400 5.32000 1.69900 0.93600 2.80800 5.87000 -1.44400 1.93300 3.46900 9.80600 8.66700
214.00000 0.76300 11.47500 7.35500 2.21800 -0.74300 5.55400 3.85500 0.72200 0.44800 0.85400 3.91600 -1.93300 1.93300 3.46900 7.36500 10.13200
215.00000 3.69300 14.40400 8.33100 2.21800 -0.25400 6.04200 4.34400 -0.74300 0.44800 0.36600 0.98700 -2.90900 1.93300 2.98100 7.36500 15.99100
216.00000 7.59900 17.82200 10.77300 4.17100 0.72200 6.53100 5.80900 -0.74300 -0.04100 1.34300 -0.47800 -3.39800 1.44400 2.49200 9.80600 23.31500
217.00000 11.99300 20.75200 13.21400 5.63600 2.18700 7.50700 8.25000 -0.25400 -0.52900 2.31900 0.01000 -2.90900 1.44400 2.98100 13.22400 28.68700
218.00000 13.94700 22.21700 15.16700 6.61200 3.16400 8.48400 10.20300 0.72200 -0.04100 3.29600 1.47500 -1.44400 2.90900 4.44500 15.66600 29.17500
219.00000 13.45800 21.72900 16.63200 7.10000 3.16400 7.99600 11.18000 1.69900 -0.04100 3.78400 3.42800 0.50900 3.88600 5.91000 16.15400 26.24500
220.00000 10.52900 20.26400 16.14400 6.61200 1.69900 6.53100 11.18000 2.67500 0.44800 3.29600 3.91600 1.97300 5.35100 7.37500 14.68900 21.85100
221.00000 8.08700 17.82200 15.65600 6.12400 0.23400 5.06600 11.18000 3.16400 0.44800 3.29600 3.42800 2.95000 5.83900 7.86300 12.24800 18.92100
222.00000 6.62200 16.35700 15.16700 5.14700 -1.23100 4.57800 10.69100 3.16400 0.44800 3.78400 2.94000 2.95000 5.35100 7.37500 10.78300 18.43300
223.00000 6.62200 15.86900 15.16700 4.65900 -1.23100 6.04200 10.69100 2.67500 -0.04100 4.76100 2.94000 2.46200 3.88600 5.42200 10.29500 17.94400
224.00000 6.62200 15.86900 15.65600 3.68200 -0.25400 8.48400 11.18000 3.16400 -1.01700 4.76100 4.40500 2.46200 1.44400 2.98100 11.27100 15.50300
225.00000 6.62200 15.38100 15.65600 3.19400 0.23400 9.46000 11.66800 3.16400 -1.99400 3.78400 5.87000 2.46200 -0.99700 1.51600 12.24800 11.59700
226.00000 6.13400 15.38100 15.65600 3.19400 1.21100 9.46000 12.64400 3.65200 -2.48200 2.80800 7.33400 2.95000 -2.46200 0.05100 13.71300 8.17900
227.00000 6.13400 15.86900 14.67900 3.68200 2.18700 7.99600 13.13300 3.65200 -3.45900 2.31900 7.33400 2.95000 -3.43800 -0.92600 14.68900 8.66700
228.00000 7.11100 16.35700 14.19100 4.65900 3.16400 7.01900 12.64400 2.18700 -3.45900 1.34300 5.87000 1.97300 -3.43800 -0.92600 15.66600 13.06200
229.00000 8.08700 16.35700 14.19100 5.63600 3.65200 6.53100 10.69100 0.72200 -3.45900 1.34300 3.91600 0.02000 -3.43800 -0.92600 15.66600 19.40900
230.00000 9.06400 15.38100 14.67900 5.63600 3.65200 6.04200 8.73800 -0.74300 -2.48200 0.36600 2.45200 -1.93300 -3.43800 -1.90200 14.68900 22.33900
231.00000 8.08700 12.93900 14.67900 5.14700 2.67500 4.57800 7.27300 -0.25400 -1.99400 -1.09900 1.96300 -2.90900 -3.92700 -2.87900 12.24800 20.38600
232.00000 6.13400 10.49800 13.70200 4.17100 0.72200 1.64800 7.27300 0.72200 -1.50600 -3.05200 2.94000 -2.90900 -3.43800 -3.36700 9.80600 14.52600
233.00000 3.69300 9.03300 12.23800 3.19400 -1.23100 -1.77000 9.22600 3.65200 -1.01700 -3.54000 4.89300 -0.46800 -1.97300 -2.87900 8.34100 9.15500
234.00000 2.22800 9.03300 11.26100 2.70600 -2.20700 -2.74700 12.15600 5.60500 -0.52900 -2.56300 7.33400 2.95000 -0.02000 -0.43700 8.34100 5.73700
235.00000 1.74000 8.54500 11.26100 2.70600 -2.69600 -3.23500 14.59800 7.55800 -0.52900 -1.09900 10.26400 6.36800 2.90900 2.49200 8.34100 5.24900
236.00000 0.27500 6.59200 10.77300 2.21800 -3.18400 -3.72300 15.08600 7.55800 -1.01700 0.36600 12.70500 8.80900 5.83900 6.39900 6.38800 3.78400
237.00000 -2.16700 2.19700 9.30800 1.24100 -4.16100 -4.70000 13.13300 6.09300 -1.01700 0.36600 14.17000 9.29800 7.79200 8.84000 2.48200 -0.12200
238.00000 -5.58500 -2.19700 5.89000 -0.71200 -5.13700 -6.65300 8.73800 3.65200 -1.01700 0.36600 13.19400 8.80900 8.76900 9.81600 -3.37700 -5.49300
239.00000 -8.02600 -4.15000 2.47200 -3.15300 -5.13700 -6.65300 3.85500 1.21100 -0.52900 0.85400 9.77600 6.36800 8.76900 10.30500 -6.30700 -7.93500
240.00000 -6.56100 -1.22100 -0.45800 -3.64200 -3.67200 -2.74700 -0.05100 -1.23100 0.44800 3.29600 4.89300 2.95000 7.79200 9.81600 -4.84200 -4.51700
241.00000 -1.19000 5.12700 -0.94600 -2.17700 0.23400 4.57800 -2.49200 -2.69600 1.91200 6.22600 -0.96600 -0.95600 6.32700 9.32800 1.50600 4.76100
242.00000 5.15700 12.93900 1.00700 1.24100 4.14000 11.41400 -2.49200 -3.67200 2.88900 9.15500 -5.84900 -4.86200 4.37400 8.84000 10.29500 15.50300
243.00000 10.52900 18.31100 4.91300 4.65900 7.07000 14.83200 -1.02700 -4.16100 3.37700 9.64400 -8.77900 -8.28000 2.90900 7.37500 17.13100 22.82700
244.00000 12.97000 20.26400 8.82000 7.58900 8.53500 13.36700 1.41400 -4.16100 3.37700 7.69000 -9.75500 -10.23400 0.95600 5.42200 20.06000 24.29200
245.00000 11.99300 19.77500 11.74900 8.07700 8.53500 10.43700 4.34400 -4.16100 3.37700 5.73700 -9.26700 -10.72200 -0.02000 2.98100 18.59500 21.36200
246.00000 10.04000 18.31100 12.72600 8.07700 7.55800 7.99600 6.29700 -3.67200 2.88900 3.78400 -8.29100 -9.74500 -0.99700 1.02700 15.17700 17.45600
247.00000 9.55200 16.84600 12.72600 7.10000 6.58200 8.48400 7.76200 -3.18400 1.91200 3.29600 -6.82600 -8.76900 -1.97300 0.05100 12.24800 15.01500
248.00000 10.04000 15.86900 11.74900 6.61200 5.60500 10.43700 7.76200 -1.71900 0.93600 3.78400 -5.36100 -7.79200 -2.46200 -0.43700 10.29500 14.52600
249.00000 10.52900 14.89300 11.26100 6.61200 4.14000 10.92500 7.27300 0.23400 -1.01700 4.27200 -3.89600 -6.32700 -2.46200 -0.43700 9.80600 12.57300
250.00000 9.55200 13.91600 10.77300 6.12400 2.67500 8.97200 6.78500 2.67500 -1.99400 3.78400 -1.94300 -4.86200 -2.46200 -0.92600 8.83000 8.17900
251.00000 6.62200 12.93900 10.28400 5.63600 0.23400 5.06600 6.78500 3.65200 -2.97000 2.80800 0.01000 -2.42100 -1.97300 -0.92600 7.36500 3.29600
252.00000 3.69300 11.96300 9.79600 4.65900 -1.23100 1.16000 7.27300 4.62800 -3.45900 1.34300 1.47500 0.02000 -1.97300 -1.41400 6.38800 0.36600
253.00000 2.22800 10.49800 8.82000 3.68200 -2.69600 -1.28200 7.76200 4.14000 -4.43500 -0.61000 2.45200 1.48500 -2.46200 -2.39100 5.41200 1.34300
254.00000 3.20400 10.01000 7.35500 3.68200 -2.69600 -1.28200 8.25000 3.16400 -5.41200 -2.56300 3.42800 1.97300 -3.43800 -3.85500 5.41200 5.24900
255.00000 5.15700 9.52100 7.35500 3.68200 -2.20700 0.18300 8.25000 3.65200 -6.38800 -4.02800 4.89300 1.97300 -4.90300 -4.83200 6.38800 10.13200
256.00000 7.11100 9.03300 8.82000 5.14700 -1.23100 1.16000 9.22600 4.14000 -6.38800 -4.02800 6.35800 2.46200 -5.88000 -5.32000 7.36500 13.06200
