1.00000 -4.23200 -3.04200 -5.95100 6.99900 0.83400 -7.92400 7.68000 -5.93100 1.28200 2.96000 2.36000 -0.50900 2.81800 -2.69600 4.44500 3.20400
2.00000 0.16300 -0.60000 -1.55600 9.92800 5.22900 -12.80700 9.14500 -4.95400 2.74700 9.30800 0.40700 0.95600 5.25900 1.21100 5.42200 6.62200
3.00000 2.11600 0.37600 0.39700 10.90500 4.74000 -13.78400 5.72700 -0.55900 3.72300 10.77300 -0.08100 4.37400 7.21200 4.14000 6.88700 9.55200
4.00000 1.13900 -1.08800 -0.58000 9.92800 -0.63100 -9.87800 -1.10900 5.30000 3.72300 6.37800 1.38300 7.30400 8.18900 5.11700 9.32800 10.04000
5.00000 -1.79000 -3.53000 -3.51000 7.48700 -7.95500 -3.53000 -6.48000 7.74100 3.72300 -1.92300 2.84800 8.76900 7.21200 3.65200 10.30500 8.08700
6.00000 -3.74300 -4.50600 -5.95100 5.04600 -11.86100 3.30600 -5.99200 3.83500 2.74700 -9.24700 3.82500 6.81600 5.25900 0.72200 9.32800 5.64600
7.00000 -3.25500 -2.55300 -6.92700 3.58100 -9.90800 7.70100 -0.13200 -4.46600 1.28200 -12.17700 3.33700 2.90900 3.30600 -1.71900 5.91000 3.69300
8.00000 -0.32600 2.33000 -5.46300 4.55700 -4.04900 7.70100 7.19200 -11.79000 -0.67100 -9.24700 1.87200 -1.48500 1.84100 -3.67200 2.00400 2.22800
9.00000 4.06900 7.21200 -0.58000 8.95200 3.27600 5.25900 10.61000 -11.79000 -3.11300 -2.41100 0.40700 -3.43800 -0.60000 -5.13700 -1.41400 1.74000
10.00000 6.99900 9.16500 4.30300 15.78800 6.69400 1.84100 7.68000 -4.95400 -5.55400 3.93700 -1.05800 -3.92700 -3.04200 -7.09000 -4.83200 -0.21400
11.00000 7.48700 7.70100 7.23300 21.64700 6.69400 -0.60000 1.82100 4.32300 -7.01900 6.37800 -3.01100 -3.43800 -5.97100 -10.02000 -6.29700 -2.65500
12.00000 6.02200 3.79400 6.74400 24.57700 3.76400 -2.06500 -4.52700 8.71800 -7.01900 2.96000 -5.45200 -3.43800 -7.92400 -12.95000 -7.27300 -5.58500
13.00000 2.60400 -0.11200 2.83800 22.62400 1.32200 -3.53000 -8.92100 6.76500 -6.04200 -4.36400 -7.40600 -4.90300 -8.41300 -15.87900 -7.76200 -7.53800
14.00000 -0.32600 -2.55300 -2.53300 17.74100 0.83400 -7.43600 -11.36300 1.39400 -5.06600 -10.71200 -8.38200 -5.39100 -8.41300 -17.34400 -8.73800 -8.51400
15.00000 -2.76700 -3.04200 -6.43900 12.85800 1.32200 -12.31900 -12.82800 -2.51300 -3.60100 -14.13000 -8.87000 -6.36800 -7.92400 -17.83200 -10.20300 -9.49100
16.00000 -2.76700 -2.55300 -6.92700 10.41700 0.34600 -15.73700 -11.85100 -3.00100 -3.11300 -12.17700 -8.87000 -6.85600 -7.43600 -17.83200 -11.18000 -9.97900
17.00000 -1.79000 -2.55300 -3.02100 9.92800 -3.07200 -14.76000 -7.45600 -2.02400 -2.13600 -7.78200 -8.87000 -7.83300 -5.97100 -16.36800 -10.69100 -9.49100
18.00000 0.16300 -2.06500 2.83800 10.41700 -6.97800 -8.90100 0.84400 -3.00100 -0.18300 -3.38700 -9.35900 -8.32100 -4.01800 -13.92600 -8.25000 -7.53800
19.00000 1.62800 -3.04200 6.25600 10.41700 -9.42000 -2.55300 9.14500 -7.88400 2.74700 -2.89900 -8.38200 -8.32100 -0.60000 -11.48500 -4.83200 -4.12000
20.00000 2.11600 -4.01800 5.76800 9.92800 -7.46700 -1.57700 12.56300 -12.27800 5.67600 -6.80500 -6.42900 -6.85600 1.35300 -9.53200 -2.87900 -1.67800
21.00000 0.65100 -4.99500 0.88500 8.95200 -3.07200 -7.92400 8.16900 -11.79000 6.65300 -14.13000 -3.98800 -4.41500 1.35300 -9.53200 -2.87900 -1.67800
22.00000 -1.79000 -6.46000 -5.46300 8.95200 1.81100 -18.66700 -1.59700 -6.41900 5.67600 -21.45400 -2.52300 -2.46200 -0.11200 -11.48500 -5.80900 -3.63200
23.00000 -3.25500 -6.94800 -9.36900 9.92800 2.78700 -25.01400 -10.87400 0.90500 3.23500 -24.38400 -3.98800 -0.99700 -2.06500 -12.46100 -8.25000 -6.56100
24.00000 -3.74300 -6.94800 -9.36900 10.90500 -0.63100 -22.08500 -14.29200 5.30000 -0.18300 -20.96600 -6.42900 -0.50900 -2.55300 -11.97300 -7.76200 -6.56100
25.00000 -2.76700 -6.94800 -6.43900 10.90500 -6.97800 -10.85400 -11.36300 4.81200 -2.62500 -12.17700 -7.89400 -0.02000 -0.60000 -9.04300 -4.34400 -3.63200
26.00000 -2.27900 -5.97100 -3.51000 9.92800 -11.86100 0.86500 -4.52700 0.90500 -4.08900 -1.43400 -6.42900 1.44400 1.84100 -5.13700 0.53900 0.76300
27.00000 -1.79000 -6.46000 -3.99800 9.44000 -12.83800 5.74700 0.35600 -1.04800 -4.08900 4.91300 -2.52300 2.42100 3.79400 -2.20700 3.95700 4.66900
28.00000 -2.76700 -6.94800 -7.41600 9.44000 -9.42000 0.86500 0.35600 -0.55900 -3.60100 4.91300 1.38300 3.39800 3.30600 -1.71900 3.46900 5.64600
29.00000 -3.74300 -7.92400 -11.32200 9.92800 -4.04900 -9.38900 -4.03800 1.88200 -3.11300 -0.94600 2.36000 2.42100 1.84100 -3.67200 0.53900 3.69300
30.00000 -4.23200 -7.43600 -13.27500 10.41700 -0.63100 -15.73700 -9.41000 2.37000 -3.11300 -7.78200 0.40700 -0.02000 0.37600 -5.13700 -2.39100 1.25100
31.00000 -2.76700 -5.97100 -10.83400 9.92800 -0.63100 -13.29500 -11.36300 1.39400 -3.11300 -11.20000 -3.01100 -2.46200 -1.08800 -5.62500 -3.85500 -0.21400
32.00000 -0.32600 -3.04200 -4.97400 9.44000 -2.58400 -4.01800 -8.43300 -1.53600 -4.08900 -8.27000 -4.47600 -3.43800 -1.57700 -4.16100 -3.36700 0.27500
33.00000 2.60400 -0.11200 0.88500 8.95200 -4.04900 4.77100 -0.62100 -3.00100 -4.08900 -1.43400 -3.49900 -2.95000 -2.06500 -2.69600 -2.39100 1.74000
34.00000 4.55700 1.35300 4.30300 8.95200 -4.04900 6.72400 7.68000 -3.00100 -4.08900 4.42500 0.40700 -2.46200 -3.04200 -2.20700 -1.41400 1.74000
35.00000 4.55700 1.84100 4.30300 9.92800 -3.07200 1.35300 12.56300 -2.02400 -3.11300 6.86600 3.82500 -1.48500 -3.53000 -3.18400 -1.41400 0.76300
36.00000 3.09200 0.37600 1.37300 10.90500 -1.60700 -6.46000 12.56300 -2.51300 -1.16000 3.93700 5.77800 -0.99700 -2.55300 -4.64900 -0.43700 0.27500
37.00000 0.65100 -1.57700 -2.04500 9.92800 -2.09600 -11.83100 7.19200 -3.00100 1.77000 -1.43400 4.80100 -0.99700 -0.11200 -4.16100 1.02700 0.27500
38.00000 -1.79000 -4.01800 -3.99800 8.46400 -3.56000 -11.83100 -0.62100 -2.51300 3.72300 -4.36400 1.87200 -0.02000 2.81800 -2.69600 2.98100 2.22800
39.00000 -3.74300 -5.48300 -4.48600 6.02200 -6.49000 -7.92400 -7.94500 0.41700 4.70000 -4.85200 -1.05800 0.95600 4.77100 0.23400 2.98100 3.69300
40.00000 -4.72000 -6.94800 -3.99800 5.04600 -8.44300 -4.50600 -12.33900 4.81200 4.21100 -3.87600 -3.01100 1.93300 5.25900 1.21100 1.02700 4.18100
41.00000 -5.69700 -7.92400 -3.99800 4.55700 -8.44300 -4.01800 -14.29200 7.74100 3.23500 -3.87600 -3.98800 2.42100 4.28300 -0.74300 -1.90200 3.20400
42.00000 -6.67300 -8.41300 -5.95100 4.55700 -7.46700 -6.94800 -12.82800 6.76500 2.25800 -4.85200 -3.98800 1.44400 1.84100 -4.64900 -4.34400 0.27500
43.00000 -7.65000 -7.92400 -7.41600 5.04600 -5.51400 -11.34200 -6.96800 2.85800 1.77000 -6.31700 -4.96400 -0.99700 -0.60000 -9.04300 -5.32000 -2.65500
44.00000 -8.13800 -7.43600 -7.90400 6.51000 -2.58400 -15.73700 1.82100 -2.02400 0.30500 -5.82900 -6.42900 -4.90300 -3.04200 -11.97300 -4.83200 -4.60800
45.00000 -7.65000 -6.46000 -6.92700 8.46400 0.34600 -19.15500 8.65700 -3.97700 -2.13600 -3.87600 -7.89400 -6.85600 -4.99500 -13.43800 -4.34400 -5.09600
46.00000 -6.67300 -5.48300 -4.97400 10.90500 2.29900 -20.13100 9.63300 -2.02400 -5.06600 -1.43400 -6.91700 -6.85600 -5.97100 -13.92600 -3.36700 -4.60800
47.00000 -5.20800 -4.50600 -3.99800 11.39300 1.81100 -17.69000 1.82100 2.85800 -6.53100 -1.92300 -3.01100 -3.92700 -5.97100 -12.95000 -1.90200 -3.14300
48.00000 -5.20800 -4.50600 -4.97400 9.44000 -2.09600 -11.34200 -10.87400 5.78800 -6.04200 -4.85200 2.84800 0.95600 -3.53000 -11.97300 1.02700 -0.21400
49.00000 -5.69700 -4.99500 -6.92700 5.53400 -7.95500 -4.01800 -18.19900 5.30000 -2.13600 -6.80500 8.21900 5.83900 -0.11200 -10.02000 4.93400 3.20400
50.00000 -6.67300 -5.97100 -7.90400 2.11600 -12.83800 0.86500 -13.80400 0.90500 1.28200 -5.34100 9.19600 7.79200 3.79400 -7.57900 7.86300 5.64600
51.00000 -7.65000 -7.43600 -7.41600 2.11600 -15.27900 0.37600 0.35600 -3.48900 3.72300 -0.45800 5.29000 6.32700 5.74700 -5.62500 7.37500 6.62200
52.00000 -7.65000 -9.87800 -6.43900 5.04600 -14.30300 -5.48300 13.05100 -5.44200 2.74700 3.93700 -1.05800 2.90900 5.74700 -5.62500 4.44500 5.15700
53.00000 -8.13800 -11.83100 -6.92700 7.97500 -12.34900 -14.27200 15.00400 -3.00100 -0.18300 2.96000 -5.94100 0.95600 3.30600 -7.57900 1.02700 3.20400
54.00000 -8.62600 -13.29500 -9.36900 7.48700 -10.88500 -20.13100 3.28600 -0.07100 -3.11300 -4.36400 -5.94100 0.95600 1.84100 -10.99700 -0.43700 1.25100
55.00000 -10.57900 -13.29500 -11.81000 3.09200 -10.88500 -21.10800 -11.85100 1.88200 -3.60100 -14.61800 -3.01100 2.90900 0.86500 -12.95000 2.00400 1.25100
56.00000 -11.55600 -12.31900 -12.29900 -2.27900 -11.86100 -18.17800 -18.19900 -0.07100 -2.13600 -22.43000 0.40700 4.37400 1.84100 -12.95000 5.42200 2.71600
57.00000 -12.53300 -11.34200 -10.34500 -5.20800 -12.34900 -14.76000 -11.36300 -4.46600 0.79300 -21.45400 2.36000 4.86200 3.79400 -10.02000 8.35200 4.66900
58.00000 -12.04400 -10.36600 -5.95100 -3.25500 -10.88500 -13.78400 1.82100 -6.90700 2.74700 -12.17700 2.36000 3.88600 5.25900 -6.11400 9.81600 7.11100
59.00000 -12.04400 -11.34200 -3.51000 1.13900 -8.93100 -14.27200 8.65700 -5.93100 2.25800 1.00700 2.84800 4.37400 6.23600 -3.67200 10.30500 8.08700
60.00000 -12.04400 -12.80700 -4.48600 4.06900 -7.46700 -15.73700 3.28600 -1.04800 0.79300 10.77300 4.80100 6.32700 6.72400 -2.69600 9.81600 8.08700
61.00000 -12.53300 -14.27200 -7.90400 4.06900 -7.46700 -17.20200 -8.92100 2.37000 -0.67100 12.72600 5.77800 9.25700 7.21200 -3.18400 9.32800 8.08700
62.00000 -13.02100 -15.24900 -11.81000 1.62800 -7.46700 -19.15500 -16.73400 2.37000 -0.67100 6.86600 5.29000 10.23400 7.70100 -3.67200 7.37500 6.62200
63.00000 -12.53300 -14.27200 -13.27500 -0.81400 -5.51400 -21.10800 -14.29200 -3.00100 0.79300 -2.41100 1.87200 8.76900 7.70100 -3.67200 4.93400 4.66900
64.00000 -12.04400 -11.83100 -11.81000 -0.81400 -2.58400 -22.57300 -4.52700 -8.86000 2.25800 -7.78200 -2.52300 5.35100 7.21200 -3.67200 1.51600 2.71600
65.00000 -11.55600 -9.87800 -9.36900 0.65100 -1.11900 -21.10800 4.26200 -11.79000 3.23500 -7.29400 -4.47600 2.90900 6.72400 -4.16100 0.05100 1.74000
66.00000 -12.53300 -9.87800 -8.88100 1.62800 -3.56000 -15.73700 3.28600 -8.86000 3.23500 -1.43400 -3.49900 2.90900 6.72400 -3.67200 1.02700 2.22800
67.00000 -14.97400 -11.34200 -10.83400 1.13900 -9.42000 -8.41300 -5.01500 -3.00100 3.23500 3.93700 0.40700 4.86200 9.16500 -3.18400 4.44500 4.66900
68.00000 -17.41500 -14.27200 -14.25200 -0.81400 -16.74400 -3.04200 -14.29200 1.88200 3.72300 3.93700 3.33700 7.30400 12.58300 -1.23100 7.86300 7.59900
69.00000 -18.88000 -16.22500 -16.69300 -1.30200 -19.67400 -4.01800 -17.22200 1.88200 5.67600 -0.94600 4.31300 8.76900 15.02500 1.69900 9.32800 9.55200
70.00000 -17.90400 -16.22500 -17.18100 0.16300 -17.23200 -9.38900 -12.82800 -1.53600 7.14100 -5.82900 2.36000 8.28000 16.00100 3.16400 7.86300 9.55200
71.00000 -16.43900 -14.27200 -15.71700 2.60400 -10.88500 -15.24900 -6.48000 -4.46600 8.11800 -5.82900 0.40700 6.81600 14.53700 4.14000 4.44500 8.08700
72.00000 -14.97400 -11.83100 -13.27500 4.06900 -6.00200 -17.69000 -2.08500 -4.95400 7.14100 1.00700 -0.08100 6.32700 13.07200 4.14000 2.00400 6.62200
73.00000 -14.48600 -11.34200 -11.81000 3.09200 -6.00200 -14.27200 -0.62100 -2.51300 5.67600 10.28400 1.38300 7.30400 12.09500 4.14000 1.51600 6.13400
74.00000 -14.97400 -12.31900 -10.83400 0.65100 -9.90800 -9.87800 -0.62100 -0.07100 5.18800 16.14400 3.82500 8.76900 13.07200 5.11700 3.46900 7.59900
75.00000 -15.46200 -13.78400 -11.32200 -1.79000 -13.32600 -8.90100 1.33300 0.90500 5.18800 14.19100 5.29000 9.74500 14.04800 6.09300 6.39900 9.06400
76.00000 -14.97400 -14.76000 -11.81000 -1.79000 -14.30300 -12.80700 2.79700 0.41700 5.67600 6.37800 5.77800 9.74500 14.04800 6.09300 7.37500 9.06400
77.00000 -13.99700 -14.76000 -12.29900 0.65100 -11.37300 -19.15500 2.79700 0.90500 4.70000 -1.43400 5.29000 9.25700 12.09500 4.14000 6.39900 7.11100
78.00000 -13.50900 -13.78400 -11.81000 3.58100 -8.44300 -23.06100 -0.13200 2.85800 2.74700 -4.85200 3.82500 7.79200 9.16500 0.72200 4.93400 4.18100
79.00000 -13.02100 -12.80700 -10.83400 6.02200 -7.46700 -21.59600 -4.03800 5.78800 0.30500 -3.38700 2.84800 7.30400 6.23600 -2.69600 2.98100 1.74000
80.00000 -13.50900 -12.80700 -9.85700 6.99900 -8.93100 -16.22500 -6.96800 6.76500 -1.64800 -1.43400 1.87200 7.30400 5.25900 -4.64900 2.49200 1.25100
81.00000 -13.99700 -12.80700 -9.36900 6.51000 -10.39600 -11.83100 -6.48000 4.81200 -2.13600 -1.43400 1.38300 8.28000 5.74700 -3.67200 3.46900 1.74000
82.00000 -13.50900 -12.80700 -9.36900 5.53400 -9.42000 -11.83100 -5.01500 0.90500 -1.64800 -4.85200 2.36000 9.25700 6.72400 -1.71900 4.93400 3.20400
83.00000 -13.02100 -12.80700 -8.88100 5.04600 -6.97800 -16.22500 -5.01500 -2.51300 -0.67100 -8.75900 3.82500 10.23400 7.21200 -0.25400 5.91000 4.18100
84.00000 -12.53300 -12.80700 -8.39200 5.53400 -4.53700 -21.59600 -5.50300 -2.51300 -0.18300 -10.22300 5.29000 11.21000 7.70100 -0.25400 6.88700 4.66900
85.00000 -12.53300 -13.29500 -7.90400 6.51000 -5.51400 -25.99100 -4.03800 0.41700 -0.67100 -10.22300 6.26600 11.69800 6.72400 -2.20700 6.39900 3.20400
86.00000 -13.50900 -15.24900 -6.92700 6.99900 -9.42000 -25.99100 0.84400 3.83500 -1.64800 -9.73500 6.26600 11.21000 5.25900 -6.60200 4.93400 -0.21400
87.00000 -14.97400 -17.20200 -6.43900 6.51000 -16.25600 -23.06100 8.65700 5.78800 -2.62500 -10.22300 6.26600 10.72200 3.30600 -11.97300 2.49200 -4.60800
88.00000 -16.43900 -20.13100 -6.43900 4.06900 -22.11500 -20.62000 15.00400 5.30000 -2.62500 -12.17700 7.73100 10.72200 1.35300 -17.34400 1.02700 -8.02600
89.00000 -17.90400 -21.59600 -6.43900 1.62800 -24.06800 -20.13100 15.49300 3.34700 -3.11300 -13.15300 10.66100 11.21000 0.37600 -21.25000 1.51600 -9.49100
90.00000 -18.39200 -23.06100 -7.41600 -1.30200 -22.60300 -23.06100 9.63300 1.88200 -3.11300 -12.17700 14.07900 13.16300 0.86500 -21.73900 5.42200 -7.05000
91.00000 -18.88000 -23.06100 -8.88100 -1.79000 -18.20900 -25.99100 2.30900 2.37000 -2.62500 -9.24700 15.54400 14.62800 3.30600 -17.83200 10.30500 -1.19000
92.00000 -19.36800 -22.08500 -11.32200 -1.30200 -13.81400 -26.47900 -2.57400 4.32300 -0.67100 -5.34100 13.59000 14.62800 6.72400 -10.50800 13.72300 6.13400
93.00000 -18.39200 -19.64300 -13.27500 0.65100 -9.90800 -23.06100 -4.03800 5.78800 1.28200 -2.41100 8.70800 12.67500 9.16500 -3.18400 13.72300 10.52900
94.00000 -16.43900 -17.20200 -14.25200 2.11600 -8.44300 -17.20200 -3.55000 5.78800 3.23500 0.03100 3.33700 9.25700 9.65400 1.21100 9.32800 10.52900
95.00000 -13.99700 -15.24900 -13.27500 4.06900 -8.44300 -12.80700 -3.55000 3.83500 4.21100 0.03100 -0.08100 6.32700 7.21200 0.72200 2.49200 5.15700
96.00000 -11.55600 -13.78400 -10.83400 5.53400 -8.93100 -12.31900 -4.52700 1.39400 3.23500 -1.43400 -0.57000 4.37400 3.79400 -4.64900 -2.87900 -1.67800
97.00000 -9.60300 -14.27200 -8.88100 6.99900 -10.39600 -15.24900 -3.06200 -1.04800 1.77000 -4.36400 1.38300 3.88600 0.86500 -10.50800 -5.32000 -6.56100
98.00000 -9.11500 -14.76000 -6.43900 7.48700 -11.37300 -17.20200 2.30900 -2.51300 0.30500 -5.82900 3.82500 4.86200 0.86500 -13.43800 -3.85500 -7.05000
99.00000 -9.60300 -14.76000 -5.95100 6.02200 -12.34900 -15.24900 9.14500 -3.00100 -0.18300 -5.34100 4.80100 5.35100 2.81800 -11.48500 -0.43700 -3.63200
100.00000 -10.57900 -14.27200 -5.46300 2.60400 -12.83800 -10.36600 12.56300 -3.00100 0.79300 -2.41100 3.82500 5.83900 6.23600 -5.62500 2.00400 1.25100
101.00000 -12.04400 -13.29500 -5.46300 -0.81400 -11.86100 -5.48300 8.65700 -2.02400 1.77000 1.49500 2.36000 6.32700 8.67700 0.23400 3.46900 4.66900
102.00000 -13.02100 -12.80700 -6.92700 -1.79000 -9.90800 -4.99500 -2.08500 -1.04800 1.77000 2.96000 0.89500 6.32700 9.16500 2.18700 2.98100 5.64600
103.00000 -14.48600 -12.80700 -9.36900 -1.30200 -6.97800 -9.38900 -12.33900 -0.55900 1.28200 -0.45800 0.40700 6.81600 8.18900 0.72200 2.49200 4.18100
104.00000 -15.46200 -14.27200 -12.78700 0.16300 -4.53700 -16.22500 -16.24600 -0.55900 0.79300 -7.29400 0.40700 6.81600 6.23600 -2.69600 1.51600 2.71600
105.00000 -16.43900 -15.73700 -15.71700 -0.32600 -2.58400 -21.59600 -13.31600 -1.53600 0.79300 -15.10600 -0.57000 6.32700 5.25900 -5.62500 1.02700 1.74000
106.00000 -16.43900 -17.20200 -16.20500 -2.76700 -1.11900 -23.06100 -5.99200 -3.00100 1.77000 -19.01200 -2.52300 4.86200 4.28300 -6.11400 -0.43700 1.25100
107.00000 -15.95100 -18.17800 -14.74000 -6.67300 -2.09600 -20.62000 -0.62100 -4.95400 2.25800 -18.52400 -4.96400 2.90900 4.28300 -5.13700 -1.41400 0.27500
108.00000 -15.46200 -18.66700 -12.29900 -9.60300 -4.53700 -16.71300 -2.08500 -5.44200 2.25800 -13.64100 -6.42900 0.95600 4.28300 -4.64900 -2.87900 -0.70200
109.00000 -15.46200 -19.15500 -11.81000 -11.06800 -8.93100 -12.80700 -8.43300 -5.44200 1.77000 -7.78200 -5.94100 0.46800 4.28300 -4.64900 -2.39100 -1.67800
110.00000 -16.43900 -19.64300 -14.25200 -12.04400 -13.32600 -10.36600 -15.75700 -3.97700 1.28200 -2.41100 -4.96400 0.46800 4.28300 -5.13700 -1.41400 -1.67800
111.00000 -17.90400 -20.62000 -18.15800 -14.48600 -15.27900 -10.85400 -18.68700 -2.51300 0.79300 0.03100 -4.47600 0.95600 4.28300 -6.11400 -0.43700 -0.21400
112.00000 -19.85700 -20.62000 -20.59900 -16.92700 -14.79100 -12.80700 -16.24600 -3.00100 0.79300 1.00700 -5.94100 0.95600 4.28300 -5.62500 -1.41400 0.76300
113.00000 -20.34500 -20.13100 -20.59900 -18.39200 -11.86100 -14.76000 -10.38600 -5.93100 1.28200 0.51900 -7.89400 -0.02000 3.79400 -4.64900 -3.36700 0.76300
114.00000 -19.85700 -19.64300 -18.64600 -18.39200 -8.93100 -15.73700 -5.01500 -10.32500 0.79300 -0.94600 -9.35900 -0.99700 3.79400 -3.18400 -5.80900 -0.21400
115.00000 -18.39200 -18.17800 -15.71700 -16.92700 -6.97800 -14.76000 -2.57400 -13.25500 1.77000 -2.89900 -7.89400 -0.99700 3.79400 -2.20700 -6.29700 -1.19000
116.00000 -17.90400 -17.69000 -14.25200 -15.95100 -6.97800 -12.80700 -4.52700 -14.23100 2.74700 -5.82900 -4.96400 0.46800 4.77100 -1.71900 -5.32000 -1.19000
117.00000 -18.88000 -17.69000 -14.25200 -16.92700 -7.46700 -11.34200 -8.92100 -11.79000 4.21100 -9.73500 -2.03500 2.42100 5.74700 -1.71900 -3.85500 -0.70200
118.00000 -20.34500 -19.15500 -15.22800 -18.88000 -7.46700 -11.34200 -12.82800 -7.88400 6.16500 -11.20000 -1.54600 2.90900 5.74700 -1.71900 -2.87900 0.27500
119.00000 -22.29800 -21.10800 -16.69300 -20.34500 -7.46700 -13.29500 -14.29200 -4.46600 6.16500 -9.73500 -3.49900 1.93300 5.25900 -2.20700 -4.34400 0.27500
120.00000 -22.29800 -22.08500 -18.15800 -19.85700 -7.95500 -15.73700 -14.29200 -2.51300 5.67600 -4.85200 -5.45200 0.46800 3.79400 -2.20700 -5.80900 -0.70200
121.00000 -20.83300 -22.08500 -18.64600 -17.41500 -7.95500 -17.69000 -14.78100 -3.00100 5.18800 0.51900 -6.42900 -1.48500 2.33000 -2.69600 -7.27300 -1.67800
122.00000 -18.39200 -20.62000 -17.67000 -13.99700 -7.46700 -19.64300 -15.26900 -4.46600 4.70000 2.47200 -6.42900 -2.95000 1.84100 -4.16100 -7.27300 -3.14300
123.00000 -16.43900 -18.66700 -15.71700 -11.55600 -5.02500 -22.57300 -14.29200 -6.41900 5.67600 0.03100 -5.94100 -3.43800 1.84100 -5.13700 -6.78500 -4.12000
124.00000 -14.97400 -17.20200 -12.29900 -10.57900 -1.60700 -25.99100 -9.89800 -7.39500 6.16500 -5.82900 -6.91700 -4.90300 1.35300 -7.09000 -7.27300 -5.58500
125.00000 -14.48600 -15.73700 -9.36900 -10.57900 1.32200 -28.92000 -2.57400 -7.39500 5.18800 -12.17700 -8.87000 -5.39100 1.35300 -8.06700 -8.73800 -6.56100
126.00000 -14.48600 -15.73700 -7.90400 -10.09100 1.32200 -28.92000 3.28600 -6.41900 2.74700 -15.10600 -10.33500 -5.88000 -0.11200 -9.04300 -10.69100 -7.53800
127.00000 -13.99700 -16.71300 -8.39200 -9.60300 -3.07200 -24.52600 3.28600 -3.48900 -0.67100 -14.13000 -9.84700 -4.41500 -0.60000 -9.04300 -11.18000 -8.02600
128.00000 -13.50900 -18.66700 -8.88100 -8.13800 -8.93100 -18.66700 -2.08500 -1.04800 -2.13600 -11.68800 -6.91700 -1.97300 -1.08800 -8.55500 -9.71500 -7.53800
129.00000 -13.02100 -19.64300 -8.39200 -8.13800 -13.32600 -13.78400 -9.89800 -1.04800 -1.64800 -9.73500 -3.01100 -0.02000 -1.57700 -8.55500 -7.27300 -7.05000
130.00000 -12.53300 -19.15500 -5.95100 -9.11500 -12.34900 -13.29500 -12.82800 -3.97700 0.30500 -8.75900 -2.03500 -0.02000 -1.57700 -9.04300 -6.29700 -7.05000
131.00000 -11.55600 -16.71300 -2.53300 -9.60300 -6.97800 -15.73700 -8.43300 -8.86000 2.25800 -8.27000 -4.47600 -1.48500 -1.57700 -10.02000 -7.27300 -7.53800
132.00000 -9.60300 -13.29500 -0.58000 -9.11500 -1.11900 -17.20200 0.35600 -12.27800 2.74700 -6.80500 -9.84700 -3.43800 -2.06500 -10.02000 -9.22600 -7.53800
133.00000 -7.65000 -9.87800 -2.04500 -7.16100 0.83400 -16.22500 5.72700 -11.79000 1.28200 -6.31700 -13.26500 -3.43800 -2.06500 -10.50800 -9.22600 -6.56100
134.00000 -6.18500 -8.90100 -5.46300 -5.20800 -2.09600 -12.31900 2.79700 -5.44200 -0.18300 -7.78200 -12.28800 -0.99700 -2.06500 -11.48500 -7.27300 -5.58500
135.00000 -6.67300 -10.36600 -10.34500 -4.23200 -7.46700 -8.41300 -6.96800 2.37000 -1.16000 -12.17700 -6.42900 2.42100 -2.06500 -12.46100 -3.36700 -5.09600
136.00000 -9.11500 -13.29500 -13.76300 -4.72000 -11.37300 -8.90100 -16.73400 7.25300 -0.18300 -16.57100 0.40700 4.37400 -2.55300 -13.92600 -0.92600 -5.58500
137.00000 -11.55600 -15.24900 -13.76300 -5.69700 -9.90800 -13.29500 -18.68700 7.25300 0.79300 -17.05900 4.31300 3.39800 -3.53000 -15.87900 -1.41400 -7.05000
138.00000 -12.53300 -15.24900 -11.81000 -7.65000 -5.51400 -18.66700 -11.85100 2.85800 1.77000 -11.20000 1.87200 0.46800 -4.50600 -16.36800 -4.34400 -8.51400
139.00000 -12.53300 -13.78400 -9.36900 -8.62600 -2.58400 -20.13100 -1.10900 -2.51300 1.28200 -2.89900 -4.47600 -2.95000 -4.01800 -15.39100 -7.76200 -9.00300
140.00000 -12.04400 -13.29500 -8.88100 -9.11500 -4.04900 -17.20200 6.70400 -5.44200 0.79300 2.96000 -10.82400 -4.41500 -3.04200 -12.95000 -9.22600 -8.02600
141.00000 -12.53300 -14.27200 -9.85700 -10.09100 -8.44300 -12.31900 7.68000 -5.93100 0.79300 2.47200 -13.26500 -3.92700 -0.60000 -10.50800 -8.73800 -6.07300
142.00000 -13.50900 -16.71300 -11.81000 -10.57900 -12.34900 -10.85400 4.75100 -5.44200 2.25800 -3.87600 -11.31200 -2.46200 1.84100 -8.55500 -7.27300 -4.60800
143.00000 -15.46200 -18.66700 -11.81000 -11.06800 -10.88500 -16.22500 0.35600 -6.41900 4.21100 -11.68800 -6.91700 -1.48500 2.81800 -7.57900 -5.80900 -4.12000
144.00000 -15.46200 -18.66700 -9.85700 -10.57900 -6.00200 -25.50300 -3.06200 -7.39500 5.18800 -15.10600 -3.49900 -0.99700 2.81800 -7.57900 -5.32000 -4.12000
145.00000 -14.48600 -17.69000 -6.92700 -10.09100 -0.63100 -32.82700 -5.01500 -7.88400 4.70000 -12.17700 -2.03500 -0.99700 2.33000 -8.06700 -4.83200 -4.12000
146.00000 -13.02100 -15.24900 -5.46300 -9.11500 -0.14200 -33.31500 -7.94500 -6.41900 3.23500 -6.80500 -3.01100 -0.99700 1.84100 -7.57900 -4.34400 -3.63200
147.00000 -12.04400 -13.29500 -7.41600 -8.62600 -6.00200 -25.50300 -9.41000 -3.48900 1.28200 -2.41100 -3.49900 -0.99700 1.84100 -6.60200 -2.87900 -2.65500
148.00000 -11.55600 -12.80700 -11.81000 -8.62600 -12.83800 -13.29500 -10.87400 -1.53600 -0.18300 -1.92300 -3.01100 -1.48500 0.86500 -6.11400 -1.90200 -2.65500
149.00000 -11.55600 -12.31900 -15.22800 -9.11500 -17.23200 -4.01800 -10.38600 -1.53600 -0.18300 -3.38700 -1.54600 -2.46200 -0.11200 -6.11400 -2.87900 -4.12000
150.00000 -11.06800 -11.83100 -15.22800 -8.62600 -15.27900 -2.06500 -10.87400 -3.48900 0.30500 -4.36400 -0.57000 -3.43800 -2.06500 -7.57900 -4.83200 -6.07300
151.00000 -9.60300 -10.36600 -12.29900 -7.16100 -10.39600 -7.92400 -13.31600 -5.44200 0.30500 -4.36400 -1.05800 -3.92700 -3.04200 -9.53200 -7.27300 -7.53800
152.00000 -7.65000 -9.38900 -7.90400 -6.18500 -5.51400 -16.71300 -15.26900 -6.41900 0.30500 -3.87600 -3.49900 -2.95000 -3.53000 -10.50800 -7.76200 -7.53800
153.00000 -6.67300 -9.38900 -4.97400 -5.69700 -5.51400 -22.08500 -14.29200 -5.93100 -0.67100 -3.87600 -5.94100 -1.97300 -2.55300 -10.02000 -5.80900 -5.58500
154.00000 -7.16100 -9.38900 -3.99800 -5.69700 -9.42000 -20.62000 -7.45600 -4.95400 -1.64800 -4.36400 -7.40600 -0.99700 -1.08800 -8.06700 -3.36700 -2.65500
155.00000 -7.65000 -9.87800 -3.99800 -6.18500 -13.81400 -15.24900 2.30900 -3.97700 -2.62500 -5.34100 -6.91700 -1.48500 -0.11200 -7.09000 -0.92600 -0.70200
156.00000 -7.65000 -9.38900 -3.51000 -6.18500 -14.79100 -9.38900 9.14500 -3.00100 -3.11300 -4.85200 -3.98800 -1.48500 -0.11200 -6.60200 0.53900 -0.21400
157.00000 -6.67300 -7.92400 -2.53300 -5.20800 -12.34900 -8.41300 8.16900 -3.00100 -3.60100 -2.89900 -0.57000 -0.50900 -0.11200 -7.57900 0.53900 -0.70200
158.00000 -5.20800 -5.97100 -1.55600 -4.72000 -7.95500 -10.85400 -0.13200 -3.48900 -2.62500 -1.43400 1.87200 0.46800 -1.08800 -8.55500 0.53900 -1.19000
159.00000 -3.74300 -4.50600 -3.02100 -3.74300 -5.02500 -13.29500 -11.36300 -3.97700 -1.64800 -0.94600 2.84800 1.93300 -1.08800 -9.53200 0.53900 -1.67800
160.00000 -3.74300 -4.01800 -5.95100 -3.74300 -5.02500 -12.80700 -17.71000 -3.97700 -0.18300 -2.89900 0.89500 1.44400 -1.57700 -10.02000 0.05100 -2.16700
161.00000 -5.20800 -4.99500 -9.36900 -2.76700 -6.49000 -9.38900 -16.24600 -3.97700 0.79300 -4.85200 -2.03500 -0.99700 -2.06500 -10.50800 -0.92600 -3.14300
162.00000 -6.18500 -5.97100 -9.85700 -0.81400 -7.46700 -5.97100 -7.94500 -3.48900 1.77000 -6.31700 -4.96400 -3.92700 -2.55300 -10.50800 -2.87900 -4.12000
163.00000 -6.18500 -6.46000 -7.90400 1.62800 -5.51400 -4.99500 2.30900 -4.95400 2.25800 -7.78200 -6.42900 -5.39100 -3.04200 -10.99700 -4.34400 -4.60800
164.00000 -5.69700 -5.97100 -3.51000 3.58100 -2.09600 -8.41300 10.12200 -6.90700 1.77000 -10.22300 -4.96400 -3.92700 -3.04200 -10.50800 -3.36700 -3.63200
165.00000 -5.20800 -5.48300 -1.06800 4.06900 0.83400 -12.80700 12.56300 -7.88400 0.79300 -13.15300 -2.03500 -0.99700 -2.55300 -10.02000 -0.92600 -1.67800
166.00000 -6.67300 -5.48300 -3.02100 3.58100 2.29900 -14.27200 8.16900 -5.93100 0.30500 -16.08300 1.87200 2.90900 -2.06500 -9.53200 2.98100 -0.21400
167.00000 -9.60300 -6.46000 -8.39200 2.60400 1.81100 -12.31900 0.84400 -1.04800 -0.18300 -15.10600 4.31300 4.86200 -3.04200 -9.04300 5.91000 0.27500
168.00000 -12.04400 -7.92400 -13.76300 1.62800 -1.11900 -7.43600 -7.45600 4.81200 -0.67100 -8.75900 5.29000 5.35100 -3.53000 -9.04300 5.42200 -0.70200
169.00000 -13.99700 -8.90100 -15.22800 1.13900 -4.04900 -3.53000 -11.36300 7.25300 -1.16000 1.98400 4.31300 4.37400 -4.01800 -8.55500 2.49200 -1.67800
170.00000 -13.02100 -9.38900 -11.81000 1.13900 -6.49000 -2.06500 -7.94500 4.81200 -2.13600 12.23800 2.36000 2.90900 -3.04200 -7.09000 -0.43700 -1.19000
171.00000 -10.09100 -8.90100 -5.46300 2.11600 -7.95500 -2.06500 0.84400 -1.04800 -2.62500 16.14400 1.38300 2.42100 -2.06500 -4.64900 -0.92600 1.25100
172.00000 -7.65000 -7.92400 -0.58000 3.09200 -8.93100 -1.08800 9.14500 -6.41900 -3.11300 12.23800 2.36000 2.42100 -0.60000 -2.20700 1.02700 4.18100
173.00000 -6.18500 -6.94800 -0.09200 4.55700 -8.44300 1.84100 11.58700 -8.37200 -2.13600 3.44800 4.80100 2.42100 0.37600 -0.74300 3.95700 6.13400
174.00000 -6.18500 -6.46000 -3.02100 4.55700 -6.49000 4.28300 5.72700 -6.41900 -0.18300 -4.36400 8.21900 1.93300 -0.11200 -0.25400 5.91000 5.64600
175.00000 -7.16100 -6.46000 -7.41600 3.09200 -4.53700 4.77100 -5.01500 -3.00100 1.28200 -5.34100 10.17300 0.46800 -0.60000 -1.71900 5.42200 3.69300
176.00000 -7.16100 -6.94800 -9.85700 2.11600 -2.58400 1.35300 -12.33900 -1.53600 2.25800 -1.92300 9.68400 -0.99700 -1.08800 -2.69600 2.98100 1.74000
177.00000 -7.16100 -6.94800 -8.39200 2.60400 -1.60700 -4.01800 -11.85100 -1.04800 1.77000 2.47200 5.77800 -1.48500 -1.57700 -3.67200 1.02700 1.25100
178.00000 -7.16100 -7.43600 -5.46300 4.55700 -1.60700 -8.41300 -5.01500 -0.07100 0.30500 3.93700 0.40700 -0.99700 -2.06500 -4.64900 1.02700 1.74000
179.00000 -8.13800 -8.41300 -3.51000 6.51000 -3.07200 -8.90100 2.30900 2.37000 -1.16000 2.96000 -3.98800 -0.02000 -2.55300 -5.13700 2.98100 2.71600
180.00000 -9.60300 -9.38900 -4.48600 6.99900 -4.53700 -5.97100 5.72700 5.78800 -2.62500 1.00700 -3.98800 1.44400 -2.55300 -5.13700 4.93400 4.18100
181.00000 -10.57900 -9.38900 -7.41600 5.04600 -4.04900 -2.06500 4.26200 6.76500 -2.13600 1.49500 -0.57000 1.93300 -2.55300 -4.64900 5.91000 4.66900
182.00000 -10.09100 -7.92400 -9.36900 1.13900 -1.11900 -0.11200 1.82100 1.39400 -0.67100 3.44800 4.31300 0.46800 -1.57700 -2.69600 5.42200 5.15700
183.00000 -7.65000 -4.99500 -8.39200 -0.32600 2.78700 -1.57700 1.82100 -5.93100 0.79300 4.91300 7.24300 -1.97300 -0.60000 0.23400 3.46900 5.64600
184.00000 -5.20800 -2.06500 -4.48600 1.13900 5.22900 -3.04200 4.26200 -11.79000 0.79300 3.93700 5.29000 -3.92700 -0.60000 1.69900 1.51600 6.13400
185.00000 -3.74300 -0.60000 -0.58000 6.02200 5.22900 -2.55300 4.75100 -10.81300 -0.67100 2.47200 -0.08100 -4.90300 -1.57700 1.69900 0.05100 5.64600
186.00000 -3.74300 -1.57700 -0.09200 10.90500 1.81100 0.37600 -1.59700 -4.46600 -2.62500 2.96000 -5.45200 -3.92700 -2.55300 -0.74300 -0.43700 4.66900
187.00000 -5.69700 -4.01800 -3.02100 11.88200 -1.60700 2.81800 -11.85100 2.37000 -3.11300 5.40200 -6.42900 -2.46200 -3.53000 -3.67200 -0.92600 2.71600
188.00000 -8.13800 -6.94800 -6.92700 8.95200 -2.09600 2.81800 -20.64000 3.83500 -1.16000 8.33100 -3.01100 -0.99700 -3.53000 -5.62500 -0.43700 1.74000
189.00000 -10.09100 -7.92400 -9.36900 3.09200 0.34600 -1.57700 -21.12800 -0.55900 1.77000 7.35500 1.87200 -0.99700 -3.04200 -5.62500 0.05100 0.76300
190.00000 -10.57900 -7.43600 -8.88100 -1.30200 3.76400 -6.46000 -10.87400 -7.39500 3.23500 2.47200 4.31300 -2.46200 -2.06500 -5.13700 1.02700 1.25100
191.00000 -10.57900 -5.97100 -7.90400 -2.76700 4.25200 -6.94800 4.26200 -11.79000 2.74700 -1.92300 3.82500 -3.92700 -2.55300 -3.67200 1.51600 1.74000
192.00000 -9.60300 -4.50600 -7.41600 -0.81400 0.83400 -1.08800 15.98100 -9.83700 -1.16000 -2.89900 0.89500 -4.41500 -4.01800 -3.67200 2.00400 1.25100
193.00000 -9.11500 -3.53000 -7.90400 1.62800 -3.07200 7.21200 17.44600 -3.97700 -4.57800 1.00700 -0.57000 -3.92700 -5.48300 -4.64900 1.51600 0.76300
194.00000 -7.16100 -2.55300 -7.90400 3.58100 -4.53700 11.60700 8.65700 2.37000 -6.53100 5.40200 0.89500 -2.95000 -6.94800 -6.11400 1.02700 -0.21400
195.00000 -4.72000 -0.60000 -5.95100 4.06900 -0.63100 9.16500 -5.01500 5.30000 -5.55400 6.86600 3.82500 -3.43800 -8.41300 -7.57900 -0.92600 -1.67800
196.00000 -1.79000 1.35300 -2.04500 5.04600 6.20500 1.35300 -14.29200 4.81200 -3.60100 2.96000 5.77800 -4.41500 -9.38900 -8.06700 -3.85500 -3.14300
197.00000 1.62800 3.79400 2.35000 6.51000 10.11100 -5.48300 -13.80400 0.90500 -1.64800 -2.89900 4.31300 -7.34500 -9.87800 -7.57900 -7.27300 -3.63200
198.00000 4.06900 4.77100 5.76800 9.44000 10.11100 -5.97100 -3.55000 -4.46600 -1.16000 -4.85200 -0.57000 -10.76300 -9.38900 -6.60200 -8.73800 -3.63200
199.00000 5.04600 4.77100 6.74400 11.88200 5.71700 -1.08800 9.63300 -9.34900 -2.13600 -2.41100 -6.42900 -13.69200 -8.41300 -5.62500 -9.22600 -2.65500
200.00000 5.04600 3.30600 5.76800 12.85800 1.32200 4.77100 17.44600 -11.30200 -1.64800 2.47200 -9.84700 -15.15700 -7.92400 -5.13700 -8.25000 -2.16700
201.00000 4.55700 1.84100 4.30300 12.37000 1.32200 5.74700 15.49300 -10.32500 -0.67100 6.37800 -10.33500 -15.15700 -7.43600 -5.62500 -6.29700 -1.19000
202.00000 3.58100 0.86500 3.32600 9.92800 4.74000 0.86500 4.75100 -5.44200 1.77000 6.37800 -7.40600 -12.22700 -7.43600 -6.11400 -5.32000 -0.70200
203.00000 2.11600 0.37600 1.86200 6.99900 8.64700 -6.94800 -8.92100 -0.55900 4.21100 3.44800 -3.98800 -8.80900 -6.94800 -5.62500 -4.34400 0.27500
204.00000 0.65100 0.37600 0.39700 5.04600 10.11100 -11.34200 -16.73400 1.88200 5.18800 1.49500 -1.54600 -5.39100 -4.99500 -3.18400 -3.36700 2.22800
205.00000 -0.32600 0.37600 -2.04500 3.09200 7.18200 -8.90100 -14.29200 -0.07100 5.67600 3.44800 -0.57000 -2.95000 -1.57700 0.72200 -1.41400 5.15700
206.00000 -1.30200 -0.60000 -3.02100 1.62800 2.29900 -1.57700 -3.06200 -4.95400 5.67600 8.82000 -0.08100 -2.46200 1.84100 4.14000 1.51600 8.08700
207.00000 -1.30200 -1.08800 -2.53300 1.13900 -2.58400 6.23600 9.63300 -8.37200 5.18800 14.67900 0.89500 -2.46200 3.79400 6.09300 4.44500 9.55200
208.00000 -1.30200 -1.57700 -0.58000 1.13900 -5.02500 9.16500 15.49300 -7.39500 4.21100 19.07300 3.82500 -2.46200 3.30600 5.11700 6.39900 9.06400
209.00000 0.16300 -1.57700 1.86200 2.11600 -4.04900 7.21200 12.07500 -2.02400 2.25800 19.56200 6.75500 -1.97300 0.86500 3.16400 6.88700 7.11100
210.00000 1.62800 0.37600 3.32600 4.55700 -1.11900 3.30600 2.79700 3.83500 -0.67100 17.12000 8.21900 -0.99700 -2.06500 1.69900 6.39900 5.64600
211.00000 3.09200 2.33000 3.81500 6.99900 1.32200 0.86500 -4.52700 5.30000 -2.62500 13.70200 7.73100 -0.50900 -3.53000 1.69900 5.42200 5.64600
212.00000 4.55700 4.77100 4.79100 8.46400 3.76400 2.81800 -3.06200 1.88200 -2.62500 10.77300 5.77800 -1.48500 -3.04200 3.16400 4.93400 7.11100
213.00000 6.02200 5.74700 6.25600 8.95200 6.20500 7.70100 6.70400 -3.48900 -0.67100 9.79600 4.31300 -2.46200 -1.57700 5.11700 4.93400 9.06400
214.00000 6.02200 5.74700 9.18600 8.46400 8.15800 10.63000 18.42200 -5.93100 2.74700 9.30800 4.31300 -3.43800 -2.06500 5.60500 5.42200 9.55200
215.00000 6.02200 4.28300 12.11500 7.97500 9.13500 9.65400 24.77000 -3.48900 4.21100 8.82000 5.29000 -3.43800 -4.50600 4.62800 5.91000 8.57500
216.00000 5.53400 2.81800 12.60400 7.97500 9.13500 4.28300 21.84000 1.39400 3.72300 6.37800 7.24300 -2.46200 -7.43600 1.69900 5.42200 6.13400
217.00000 4.55700 1.35300 10.65100 9.92800 8.15800 -1.57700 13.05100 5.30000 0.30500 3.44800 8.70800 -0.50900 -10.36600 -0.74300 5.91000 4.18100
218.00000 3.58100 0.86500 6.25600 11.88200 5.22900 -3.53000 4.75100 4.81200 -3.60100 1.00700 10.17300 0.95600 -11.83100 -2.69600 6.88700 3.69300
219.00000 2.11600 -0.11200 1.86200 12.85800 2.29900 -1.08800 1.33300 0.90500 -5.55400 0.03100 10.66100 1.93300 -11.83100 -4.16100 7.37500 3.20400
220.00000 0.16300 -1.57700 -2.04500 11.88200 0.83400 2.81800 0.84400 -1.53600 -5.06600 0.03100 9.68400 1.93300 -10.85400 -5.62500 6.39900 2.71600
221.00000 -2.27900 -3.53000 -4.97400 7.97500 1.32200 3.79400 1.33300 -1.04800 -2.62500 1.00700 5.77800 0.46800 -9.87800 -7.57900 2.49200 1.25100
222.00000 -5.20800 -5.97100 -6.43900 4.06900 3.76400 -1.57700 -0.62100 1.88200 0.30500 1.49500 -0.08100 -2.46200 -9.38900 -9.53200 -2.87900 -1.19000
223.00000 -7.65000 -7.92400 -8.39200 -0.32600 5.22900 -11.34200 -4.52700 3.34700 1.28200 0.51900 -6.42900 -5.88000 -8.90100 -10.02000 -8.25000 -3.14300
224.00000 -9.60300 -8.41300 -9.85700 -2.76700 4.25200 -18.66700 -6.48000 0.90500 0.79300 -0.94600 -9.84700 -7.83300 -7.92400 -9.04300 -9.22600 -3.63200
225.00000 -10.09100 -9.38900 -10.83400 -3.74300 -0.14200 -18.66700 -5.50300 -3.97700 -1.16000 -1.92300 -8.87000 -7.83300 -6.94800 -6.60200 -7.27300 -2.65500
226.00000 -10.09100 -9.38900 -11.32200 -2.76700 -5.51400 -10.85400 -3.06200 -7.88400 -3.11300 -2.41100 -4.96400 -6.36800 -6.46000 -5.13700 -3.85500 -1.67800
227.00000 -9.60300 -9.38900 -11.81000 -1.30200 -9.42000 -1.08800 -3.06200 -7.88400 -4.08900 -3.38700 -1.05800 -4.41500 -7.43600 -5.13700 -1.41400 -1.67800
228.00000 -8.62600 -8.41300 -11.81000 -0.32600 -7.95500 3.30600 -5.01500 -4.46600 -5.06600 -4.85200 -0.57000 -4.41500 -9.38900 -6.11400 -2.87900 -2.65500
229.00000 -7.65000 -7.92400 -11.32200 0.16300 -2.58400 -0.60000 -6.96800 -1.04800 -5.06600 -7.29400 -2.52300 -6.36800 -10.36600 -7.57900 -5.80900 -4.12000
230.00000 -7.16100 -6.94800 -8.88100 -1.30200 3.27600 -7.92400 -5.01500 -1.04800 -5.06600 -8.27000 -5.45200 -8.32100 -10.85400 -7.57900 -6.78500 -4.12000
231.00000 -6.18500 -5.97100 -5.95100 -2.76700 6.20500 -12.31900 1.33300 -4.46600 -4.08900 -7.29400 -6.42900 -9.29800 -8.90100 -6.60200 -5.32000 -2.16700
232.00000 -6.18500 -4.99500 -3.51000 -3.74300 4.25200 -8.90100 8.16900 -7.88400 -3.11300 -4.36400 -4.47600 -7.83300 -6.46000 -3.67200 -1.41400 0.27500
233.00000 -6.18500 -4.99500 -3.99800 -3.25500 -0.63100 0.37600 10.12200 -8.86000 -1.16000 -1.43400 -0.57000 -5.39100 -4.50600 -1.23100 2.49200 3.20400
234.00000 -6.67300 -4.99500 -6.92700 -1.79000 -4.53700 7.70100 7.19200 -5.93100 0.79300 -1.43400 2.36000 -2.46200 -3.04200 0.23400 3.95700 5.15700
235.00000 -7.65000 -5.97100 -10.34500 -0.81400 -4.53700 7.70100 1.82100 -1.04800 1.77000 -3.87600 3.82500 -0.50900 -2.06500 1.21100 3.95700 6.13400
236.00000 -8.62600 -7.43600 -11.32200 -0.32600 -2.09600 0.86500 -1.59700 2.37000 2.25800 -6.80500 3.82500 0.95600 -2.06500 1.69900 3.95700 6.62200
237.00000 -9.60300 -7.92400 -9.85700 -1.30200 -0.14200 -6.94800 -0.62100 4.81200 2.25800 -7.29400 4.31300 2.42100 -1.57700 1.69900 4.44500 6.62200
238.00000 -10.57900 -8.90100 -6.43900 -2.27900 -0.14200 -10.85400 1.33300 5.30000 2.25800 -3.87600 5.29000 3.39800 -1.57700 1.69900 4.93400 6.13400
239.00000 -10.09100 -8.41300 -3.99800 -1.79000 -0.63100 -8.41300 -0.13200 4.32300 3.23500 2.47200 6.75500 4.37400 -1.08800 1.21100 5.42200 5.15700
240.00000 -8.13800 -6.94800 -3.51000 0.16300 -0.14200 -4.99500 -7.45600 2.85800 3.72300 7.84300 7.24300 3.39800 -0.11200 1.21100 4.93400 4.18100
241.00000 -5.69700 -4.99500 -4.97400 2.60400 2.78700 -4.50600 -16.73400 0.90500 4.21100 9.30800 7.24300 1.93300 0.86500 2.18700 4.93400 4.66900
242.00000 -3.25500 -3.53000 -5.95100 4.55700 5.22900 -6.94800 -21.12800 -2.02400 2.25800 7.35500 7.73100 0.95600 1.84100 3.65200 6.39900 5.64600
243.00000 -0.81400 -2.06500 -4.97400 5.53400 4.25200 -8.41300 -15.75700 -3.97700 -0.18300 4.91300 8.21900 0.95600 2.33000 5.60500 8.84000 7.59900
244.00000 -0.32600 -1.57700 -2.04500 5.53400 0.34600 -4.01800 -1.59700 -3.48900 -3.11300 5.40200 9.19600 2.42100 2.33000 7.55800 10.79300 9.55200
245.00000 0.16300 -1.57700 2.35000 5.04600 -5.51400 4.28300 14.51600 -1.53600 -4.08900 7.35500 9.68400 2.42100 0.86500 7.55800 11.77000 10.04000
246.00000 0.65100 -0.11200 6.74400 4.06900 -6.97800 12.58300 25.74700 -0.55900 -3.11300 9.30800 9.19600 1.93300 -0.60000 5.60500 10.79300 10.04000
247.00000 2.11600 1.35300 9.67400 2.60400 -3.07200 14.53700 25.74700 -2.51300 -1.16000 8.33100 7.24300 0.46800 -2.06500 3.16400 9.32800 9.06400
248.00000 4.55700 3.79400 10.65100 2.11600 4.74000 10.14200 17.44600 -5.93100 0.30500 3.93700 6.75500 -1.48500 -3.53000 1.21100 7.37500 7.59900
249.00000 7.48700 5.25900 9.67400 3.58100 11.57600 3.79400 6.70400 -9.34900 0.79300 -0.94600 6.26600 -2.95000 -4.50600 -0.25400 6.39900 6.62200
250.00000 9.92800 6.23600 8.20900 6.99900 13.52900 0.86500 0.35600 -9.34900 -0.18300 -4.36400 6.75500 -4.41500 -5.97100 -0.74300 4.93400 5.64600
251.00000 11.88200 6.72400 7.23300 11.88200 11.08800 2.81800 0.84400 -5.93100 -1.64800 -3.87600 5.29000 -6.36800 -7.43600 -1.71900 2.49200 3.69300
252.00000 13.83500 7.70100 8.20900 16.76400 7.67000 6.23600 5.72700 -2.02400 -3.60100 -0.94600 2.84800 -8.32100 -9.87800 -2.69600 0.05100 1.74000
253.00000 14.81100 9.16500 11.62700 19.20600 7.18200 7.21200 9.63300 -0.55900 -4.08900 3.44800 -0.57000 -9.78600 -10.85400 -4.64900 -2.39100 0.76300
254.00000 16.27600 11.11900 15.53300 18.71700 8.64700 5.25900 10.61000 -2.02400 -4.08900 6.37800 -3.01100 -9.78600 -10.85400 -5.13700 -2.39100 1.25100
255.00000 17.25300 13.07200 18.46300 16.27600 10.60000 3.79400 10.12200 -4.46600 -3.11300 7.84300 -2.52300 -8.80900 -9.38900 -4.16100 -0.43700 3.20400
256.00000 17.74100 13.56000 18.95100 13.83500 10.60000 5.74700 10.12200 -5.44200 -1.64800 8.33100 0.89500 -6.85600 -6.46000 -1.23100 2.49200 6.13400
