1.00000 -96.06900 11.90200 -2.60400 4.81200 7.74100 6.87700 -5.41200 3.06200 2.67500 -5.52400 0.19300 -2.42100 0.19300 1.53600 1.06800 8.85000
2.00000 -13.55000 13.85500 -3.09200 3.83500 7.25300 8.34100 -4.43500 3.55000 3.65200 -1.61700 5.56400 1.48500 -0.29500 1.53600 8.39200 3.96700
3.00000 70.92300 13.36700 -2.11600 2.85800 6.27600 10.29500 0.44800 4.52700 10.48800 7.66000 8.98200 4.90300 -1.76000 2.51300 12.78700 -2.38000
4.00000 41.13800 11.41400 -1.13900 1.88200 4.81200 11.75900 5.33000 2.57400 7.55800 15.47200 9.47100 6.36800 -1.76000 3.48900 8.88100 -6.28700
5.00000 -64.81900 7.99600 -0.16300 0.90500 3.83500 11.27100 7.77200 1.10900 4.62800 16.44900 7.02900 4.90300 -1.27200 4.95400 -2.83800 -7.26300
6.00000 -102.90500 5.06600 0.32600 -0.07100 3.34700 9.31800 7.28400 1.59700 5.11700 10.59000 4.10000 1.48500 -0.29500 5.44200 -16.02200 -5.79800
7.00000 -10.62000 2.62500 1.30200 -1.04800 3.34700 5.90000 7.77200 3.06200 3.65200 4.24200 3.12300 -1.93300 1.17000 4.95400 -22.36900 -5.31000
8.00000 109.98500 0.67100 2.76700 -2.51300 2.85800 2.97000 9.23700 3.06200 8.53500 1.80100 4.10000 -1.93300 1.65800 3.48900 -18.46300 -5.31000
9.00000 116.33300 -0.79300 3.25500 -3.48900 1.88200 0.04100 10.21300 5.99200 4.62800 3.75400 5.07600 -0.46800 2.14600 2.02400 -7.23300 -5.31000
10.00000 -0.85400 -1.28200 3.74300 -3.97700 0.90500 -0.44800 9.23700 0.62100 0.72200 6.19500 4.10000 2.46200 1.65800 0.55900 3.51000 -5.31000
11.00000 -101.44000 -1.28200 2.76700 -3.97700 -0.55900 0.04100 4.84200 -0.35600 2.18700 6.19500 2.14600 4.90300 1.65800 1.04800 7.90400 -4.82200
12.00000 -75.07300 -1.28200 1.30200 -2.51300 -1.04800 1.01700 -0.04100 -0.35600 3.16400 4.73000 2.14600 6.36800 1.65800 2.51300 6.92700 -3.84500
13.00000 26.00100 -1.77000 1.30200 -0.55900 -0.55900 2.48200 -1.50600 0.13200 2.18700 4.73000 4.58800 7.83300 3.12300 4.95400 5.46300 -2.38000
14.00000 61.15700 -1.77000 2.27900 1.39400 -0.07100 2.97000 1.42400 0.13200 -2.69600 6.68300 8.49400 9.29800 5.07600 5.93100 6.92700 -1.89200
15.00000 -13.06200 -0.30500 4.72000 2.37000 -0.07100 2.48200 7.77200 -7.19200 -8.06700 9.12500 8.98200 11.25100 7.51700 4.95400 8.39200 -1.89200
16.00000 -91.67500 4.57800 6.18500 2.37000 -0.07100 1.01700 12.16600 -0.84400 -8.55500 7.17200 4.10000 10.27400 7.51700 1.53600 4.48600 -1.89200
17.00000 -61.89000 9.94900 7.16100 2.85800 0.41700 0.04100 11.19000 0.13200 -10.02000 0.82400 -5.17800 5.39100 6.05300 -2.37000 -5.28000 -2.38000
18.00000 46.02100 14.83200 7.16100 3.83500 1.39400 0.04100 3.86600 -6.70400 -14.90300 -7.47700 -13.96700 -1.44400 2.63500 -4.81200 -17.48700 -2.86900
19.00000 93.87200 17.27300 7.16100 6.27600 1.88200 1.50600 -4.92400 3.06200 -11.48500 -12.36000 -17.38500 -7.30400 -0.78300 -4.81200 -23.83400 -1.89200
20.00000 16.23500 17.76100 6.67300 8.23000 1.88200 2.48200 -10.78300 0.62100 -11.97300 -10.40600 -14.45500 -8.28000 -3.22500 -4.81200 -19.92800 0.06100
21.00000 -87.76900 16.78500 7.16100 9.69400 0.90500 1.50600 -9.31800 7.45600 -14.90300 -5.52400 -7.13100 -4.37400 -4.69000 -5.30000 -8.20900 1.52600
22.00000 -80.93300 14.34300 7.16100 9.20600 -1.04800 -1.42400 -1.50600 7.45600 -7.09000 -1.61700 -0.29500 1.48500 -5.17800 -7.74100 3.02100 1.52600
23.00000 37.72000 11.41400 7.65000 8.23000 -2.02400 -4.35400 8.26000 6.96800 -2.69600 -2.10600 4.10000 6.36800 -6.15400 -11.15900 9.36900 -0.42700
24.00000 127.07500 8.97200 10.09100 8.23000 -2.02400 -4.84200 14.60800 9.41000 2.67500 -6.01200 5.07600 8.80900 -7.13100 -12.13600 9.85700 -3.84500
25.00000 77.75900 8.97200 12.53300 9.69400 -0.55900 -2.88900 14.60800 13.80400 -2.20700 -9.91800 6.54100 9.78600 -7.61900 -10.18300 9.85700 -6.28700
26.00000 -51.63600 12.39000 13.99700 12.13600 1.39400 0.52900 10.70100 6.96800 0.23400 -10.89500 8.00600 9.78600 -7.13100 -6.76500 12.29900 -5.31000
27.00000 -107.78800 16.29600 13.99700 14.08900 3.34700 2.97000 6.30700 7.94500 1.69900 -9.91800 9.47100 10.27400 -5.66600 -3.83500 13.76300 -1.40400
28.00000 -36.49900 17.76100 13.99700 15.06600 4.32300 4.43500 3.86600 6.96800 3.16400 -8.94200 8.49400 9.29800 -3.71300 -3.34700 10.34500 4.45600
29.00000 55.29800 15.32000 15.46200 14.57700 5.30000 4.92400 5.81900 7.94500 4.14000 -8.94200 6.54100 6.36800 -1.27200 -3.83500 2.04500 8.36200
30.00000 44.55600 11.90200 18.39200 13.60100 6.27600 5.41200 10.21300 4.52700 3.16400 -7.47700 6.05300 3.43800 -0.29500 -3.83500 -6.74400 7.38500
31.00000 -49.68300 9.94900 20.83300 13.11200 6.27600 5.41200 16.07300 -0.35600 2.18700 -2.10600 8.98200 1.97300 0.19300 -0.90500 -7.72100 2.99100
32.00000 -95.09300 10.92500 20.34500 12.13600 4.32300 3.94700 20.95500 -0.84400 3.65200 7.17200 14.35300 3.43800 -0.29500 3.97700 1.06800 -1.89200
33.00000 -16.47900 11.41400 16.92700 10.18300 1.88200 1.99400 22.90900 -0.35600 4.62800 15.47200 18.26000 7.34500 -0.29500 8.37200 15.71700 -3.35700
34.00000 96.80200 9.46000 11.06800 7.25300 0.41700 1.01700 21.44400 4.52700 5.60500 17.42600 17.77100 10.76300 0.68200 9.34900 25.48200 -0.42700
35.00000 107.54400 4.08900 6.67300 3.83500 0.41700 1.50600 16.07300 0.62100 5.60500 12.05400 13.86500 11.25100 1.65800 6.90700 25.48200 3.96700
36.00000 5.00500 -1.77000 4.23200 1.39400 1.88200 3.94700 9.23700 0.13200 3.65200 3.75400 9.95900 8.80900 1.65800 3.97700 17.67000 6.40900
37.00000 -78.00300 -5.18800 3.74300 -0.07100 2.85800 5.41200 4.35400 2.08500 6.09300 -0.64100 8.98200 4.90300 1.65800 3.48900 7.90400 5.92000
38.00000 -36.98700 -3.72300 4.72000 -0.55900 2.37000 5.90000 2.88900 3.55000 2.67500 2.77700 10.44700 1.97300 0.68200 6.90700 3.02100 2.99100
39.00000 73.85300 1.16000 5.69700 -1.04800 0.90500 5.90000 5.81900 6.96800 1.21100 10.59000 11.91200 1.48500 0.68200 11.79000 4.48600 2.50200
40.00000 109.98500 6.04200 6.67300 -0.55900 0.41700 6.38800 8.74800 3.06200 4.62800 18.40200 11.91200 2.95000 2.14600 15.20800 7.90400 6.40900
41.00000 19.65300 9.46000 8.62600 0.90500 2.37000 9.31800 10.70100 0.62100 -1.23100 20.35500 10.93500 3.92700 4.10000 15.69600 10.34500 12.26800
42.00000 -87.76900 9.94900 12.04400 2.85800 5.30000 12.73600 10.21300 3.06200 0.23400 16.44900 10.93500 3.92700 5.56400 14.23100 10.83400 17.63900
43.00000 -84.35100 8.48400 14.97400 4.81200 7.74100 15.17700 9.23700 3.06200 0.72200 11.56600 12.88900 3.92700 5.56400 11.30200 12.29900 18.12700
44.00000 12.32900 7.50700 16.92700 6.27600 8.71800 15.17700 10.70100 0.13200 -4.64900 9.61300 15.33000 4.90300 4.10000 8.86000 16.69300 14.70900
45.00000 67.99300 7.50700 17.90400 6.27600 7.74100 13.22400 14.11900 5.01500 -1.71900 12.05400 14.84200 5.88000 1.65800 6.41900 19.62300 9.33800
46.00000 8.91100 9.46000 16.92700 5.78800 6.27600 10.29500 18.02600 0.13200 -4.16100 14.49600 9.95900 6.36800 -1.27200 4.46600 17.18100 4.45600
47.00000 -85.32700 11.90200 13.99700 4.32300 4.81200 7.36500 18.02600 4.52700 -4.64900 14.00800 2.63500 3.92700 -3.71300 3.00100 6.43900 0.54900
48.00000 -79.46800 11.90200 10.57900 3.34700 3.34700 5.41200 14.60800 5.01500 -5.62500 9.61300 -2.73600 0.02000 -6.15400 2.51300 -8.20900 -2.86900
49.00000 35.76700 7.99600 8.13800 3.34700 2.85800 5.41200 10.70100 3.55000 -4.64900 4.24200 -4.20100 -4.37400 -8.10800 1.04800 -19.92800 -6.28700
50.00000 126.58700 3.11300 8.62600 3.83500 1.88200 6.87700 7.77200 4.03800 -2.69600 0.33600 -1.76000 -5.35100 -9.08400 -0.90500 -22.36900 -9.21600
51.00000 84.59500 0.67100 10.57900 4.81200 1.39400 8.34100 7.28400 10.38600 -4.64900 -1.61700 1.17000 -3.39800 -8.10800 -2.85800 -14.06900 -9.21600
52.00000 -32.59300 2.62500 13.50900 5.78800 0.41700 8.34100 7.77200 4.52700 -13.43800 -2.59400 3.12300 1.97300 -6.15400 -4.32300 0.09200 -4.82200
53.00000 -77.51500 8.48400 15.95100 5.78800 -0.55900 6.38800 8.26000 1.10900 -10.50800 -4.05900 4.58800 6.85600 -2.73600 -3.34700 11.81000 2.99100
54.00000 2.56300 12.39000 16.43900 5.78800 -1.04800 2.97000 8.26000 -2.79700 -7.57900 -6.50000 7.02900 10.27400 -0.29500 -1.88200 18.15800 10.80300
55.00000 102.17300 11.90200 15.95100 5.30000 -2.51300 -1.91200 9.72500 -0.35600 -6.11400 -7.47700 10.93500 11.73900 0.68200 -1.39400 19.13500 14.70900
56.00000 87.52400 7.50700 14.97400 4.81200 -3.48900 -5.33000 12.65500 -1.33300 -4.64900 -5.03500 14.35300 12.71600 0.19300 -2.85800 17.67000 10.80300
57.00000 -26.24500 2.13600 13.99700 3.83500 -5.44200 -7.77200 15.58400 -2.30900 -6.60200 -1.12900 14.35300 12.71600 -2.73600 -5.78800 15.71700 2.01400
58.00000 -103.39400 -0.79300 12.04400 1.39400 -6.41900 -7.77200 15.09600 0.13200 -4.16100 0.82400 9.47100 11.73900 -6.15400 -8.23000 9.85700 -8.24000
59.00000 -53.10100 -0.79300 9.11500 -0.07100 -5.93100 -6.30700 10.70100 1.59700 -2.69600 -0.64100 2.14600 7.83300 -9.08400 -7.74100 -0.88500 -14.09900
60.00000 46.50900 1.16000 7.16100 -0.55900 -4.46600 -2.88900 4.84200 7.94500 1.21100 -3.57100 -4.69000 1.97300 -9.57200 -4.32300 -14.06900 -12.63400
61.00000 60.66900 3.60100 5.69700 1.39400 -1.53600 0.04100 0.93600 4.03800 3.65200 -4.05900 -6.64300 -2.90900 -8.10800 0.55900 -22.36900 -5.79800
62.00000 -29.66300 6.04200 6.67300 3.83500 0.41700 2.48200 0.44800 3.55000 -0.74300 -1.61700 -4.20100 -3.88600 -5.66600 3.00100 -20.41600 1.03800
63.00000 -100.46400 8.97200 8.13800 7.25300 2.37000 3.94700 2.40100 7.45600 2.67500 2.77700 0.19300 0.02000 -3.22500 2.02400 -9.18600 3.47900
64.00000 -45.28800 10.92500 10.57900 9.20600 3.34700 4.92400 5.33000 4.52700 2.67500 4.24200 4.10000 5.88000 -1.76000 -0.90500 6.43900 2.01400
65.00000 80.20000 11.90200 13.02100 10.67100 4.32300 6.38800 6.30700 5.01500 -0.25400 1.31200 6.05300 11.73900 -0.78300 -1.88200 16.69300 -0.91600
66.00000 127.56300 11.90200 13.99700 11.15900 6.27600 8.34100 6.79500 4.03800 4.62800 -3.57100 7.02900 13.69200 -0.29500 -0.90500 20.11100 -0.91600
67.00000 43.57900 11.41400 14.48600 11.15900 7.74100 9.80600 7.28400 0.13200 1.21100 -4.05900 7.51700 11.73900 0.68200 1.53600 15.22800 0.54900
68.00000 -63.84300 11.90200 14.48600 10.67100 7.74100 9.80600 8.74800 2.57400 1.21100 2.28900 7.02900 7.83300 1.65800 3.97700 7.41600 1.03800
69.00000 -59.93700 13.85500 13.99700 9.69400 6.76500 8.34100 11.19000 2.08500 2.67500 13.51900 4.58800 4.90300 1.65800 4.95400 -1.37300 -1.89200
70.00000 46.02100 15.32000 13.50900 7.74100 4.81200 6.38800 13.63100 0.13200 5.60500 22.30800 0.68200 2.95000 0.68200 4.95400 -9.18600 -6.77500
71.00000 113.40300 15.32000 13.50900 5.78800 3.83500 5.90000 14.60800 0.13200 3.16400 22.79700 -1.27200 2.46200 -0.29500 5.44200 -15.53300 -9.21600
72.00000 50.90300 13.85500 12.53300 4.32300 3.83500 7.36500 14.11900 -3.28600 -0.25400 14.49600 -0.78300 2.95000 0.19300 6.41900 -16.99800 -6.28700
73.00000 -67.26100 11.41400 10.09100 3.34700 3.83500 8.83000 11.67800 0.62100 -1.71900 3.75400 2.63500 4.41500 1.17000 6.41900 -12.11500 0.54900
74.00000 -98.51100 8.48400 6.18500 2.37000 3.34700 9.31800 7.77200 2.08500 0.72200 -2.59400 5.07600 6.85600 2.63500 4.46600 -3.32600 7.38500
75.00000 -15.01500 5.06600 2.27900 0.90500 2.85800 7.85300 3.37700 0.13200 -1.23100 -2.10600 4.58800 9.29800 2.63500 1.04800 5.95100 8.85000
76.00000 65.55200 1.64800 -1.13900 -1.04800 1.39400 5.41200 -1.01700 -2.79700 5.11700 3.26500 2.63500 10.27400 1.65800 -2.37000 9.85700 4.45600
77.00000 34.79000 -1.28200 -2.60400 -2.51300 -0.55900 2.48200 -3.45900 1.59700 2.67500 7.66000 0.19300 9.78600 -0.29500 -4.32300 7.90400 -3.35700
78.00000 -65.79600 -3.72300 -3.09200 -3.97700 -2.02400 0.04100 -3.94700 -6.21500 -1.71900 7.66000 -1.27200 7.34500 -1.76000 -5.30000 0.58000 -11.16900
79.00000 -94.60400 -3.72300 -3.58100 -5.44200 -3.48900 -2.40100 -2.48200 -5.72700 -0.25400 4.73000 -2.24800 3.92700 -3.22500 -5.30000 -7.72100 -15.56400
80.00000 0.61000 -3.23500 -4.06900 -6.41900 -4.46600 -4.35400 -1.50600 -2.30900 -1.23100 1.80100 -4.69000 1.48500 -3.71300 -5.30000 -13.09200 -17.51700
81.00000 111.93800 -1.77000 -5.04600 -8.37200 -4.95400 -5.33000 -1.01700 4.52700 -0.25400 0.82400 -8.10800 0.02000 -3.71300 -5.30000 -16.02200 -18.00500
82.00000 106.07900 0.67100 -6.02200 -9.83700 -4.95400 -4.35400 -1.99400 1.59700 -0.74300 0.82400 -12.01400 0.02000 -2.73600 -4.81200 -16.02200 -16.05200
83.00000 -11.59700 4.57800 -6.51000 -10.32500 -3.97700 -3.37700 -3.94700 0.62100 -6.11400 -1.12900 -12.50200 1.48500 -1.27200 -3.83500 -13.58000 -12.14600
84.00000 -99.97600 6.53100 -5.53400 -9.83700 -3.97700 -1.91200 -4.43500 5.50300 -4.16100 -5.52400 -9.08400 3.43800 0.68200 -2.37000 -8.20900 -4.82200
85.00000 -62.86600 5.06600 -3.58100 -7.39500 -3.97700 -1.42400 -2.97000 5.50300 -5.13700 -10.89500 -2.73600 6.36800 2.63500 -1.88200 -0.39700 2.01400
86.00000 35.76700 -0.30500 -0.16300 -4.46600 -4.46600 -2.40100 -0.04100 9.89800 -3.67200 -12.84800 3.12300 10.76300 4.10000 -2.85800 7.90400 5.43200
87.00000 58.71600 -6.16500 2.27900 -2.02400 -5.44200 -3.86600 3.86600 4.52700 -2.69600 -8.45300 6.54100 14.18100 3.61100 -4.32300 12.29900 4.45600
88.00000 -22.82700 -7.62900 4.23200 -0.55900 -6.41900 -3.86600 6.30700 1.10900 -5.62500 -0.15300 6.54100 15.15700 2.14600 -5.30000 9.36900 -0.91600
89.00000 -95.58100 -2.74700 4.23200 -0.55900 -7.39500 -2.88900 7.28400 3.55000 -3.18400 8.14800 5.56400 13.20400 -0.78300 -5.30000 0.09200 -6.77500
90.00000 -57.00700 4.57800 4.23200 -0.55900 -7.88400 -0.44800 7.77200 2.57400 -2.20700 12.54300 4.10000 9.29800 -3.71300 -3.83500 -10.65100 -10.19300
91.00000 46.99700 9.94900 4.23200 -0.55900 -6.90700 2.48200 8.74800 1.10900 -5.62500 11.56600 3.61100 6.36800 -6.15400 -2.37000 -16.02200 -9.70500
92.00000 80.20000 10.92500 5.69700 0.41700 -4.46600 4.43500 9.23700 3.55000 -0.25400 6.68300 3.61100 4.90300 -6.64300 -1.88200 -14.55700 -6.28700
93.00000 -8.17900 8.97200 7.65000 1.88200 -1.53600 4.92400 8.26000 -1.82100 -0.25400 1.80100 4.10000 6.85600 -5.66600 -1.39400 -6.74400 -1.40400
94.00000 -105.83500 7.99600 8.62600 3.34700 1.39400 4.43500 4.84200 4.52700 -1.71900 -2.10600 4.10000 9.78600 -3.71300 -1.39400 2.04500 2.01400
95.00000 -79.95600 8.97200 9.11500 4.81200 2.37000 3.45900 0.44800 5.01500 -3.18400 -4.05900 3.61100 11.73900 -2.73600 -2.37000 7.41600 2.50200
96.00000 51.88000 10.43700 8.62600 5.30000 2.37000 2.48200 -1.01700 3.55000 -3.18400 -4.05900 3.12300 12.22700 -2.73600 -4.32300 8.39200 0.06100
97.00000 136.84100 10.43700 8.13800 4.81200 1.39400 1.50600 1.91200 6.96800 -0.25400 -4.54700 1.65800 10.76300 -3.71300 -7.25300 5.46300 -4.82200
98.00000 75.31700 7.50700 8.13800 4.32300 0.90500 1.50600 7.77200 5.99200 -1.71900 -4.05900 -0.29500 9.29800 -4.69000 -9.69400 0.58000 -8.72800
99.00000 -58.47200 5.55400 8.13800 3.83500 0.90500 1.01700 12.16600 3.06200 -2.20700 -2.59400 -1.76000 6.85600 -5.66600 -9.69400 -5.76800 -11.16900
100.00000 -110.22900 4.57800 8.13800 4.32300 0.41700 0.52900 12.16600 5.01500 -3.67200 1.31200 -2.24800 4.90300 -5.66600 -6.27600 -10.65100 -10.68100
101.00000 -33.08100 4.57800 7.65000 4.81200 0.41700 0.52900 9.23700 3.55000 0.72200 5.21900 -0.78300 4.41500 -5.17800 -0.90500 -13.09200 -7.26300
102.00000 57.73900 5.55400 6.67300 5.78800 0.90500 1.01700 4.84200 6.96800 2.67500 6.19500 3.61100 5.88000 -3.22500 3.00100 -9.18600 -2.86900
103.00000 40.64900 6.53100 5.69700 7.25300 1.88200 2.48200 3.37700 7.45600 -0.25400 3.26500 8.00600 8.32100 -1.27200 3.48900 0.09200 0.54900
104.00000 -55.05400 8.97200 5.69700 7.25300 2.85800 2.97000 4.35400 5.99200 -3.18400 -2.10600 10.93500 11.73900 0.19300 0.07100 10.34500 2.50200
105.00000 -95.09300 11.90200 7.16100 6.76500 2.85800 2.97000 6.79500 6.96800 -2.20700 -5.03500 10.93500 13.69200 1.65800 -2.37000 17.18100 2.99100
106.00000 -18.92100 13.36700 9.60300 5.78800 2.37000 3.45900 8.74800 7.45600 -4.64900 -1.61700 8.98200 13.69200 1.65800 -1.39400 15.22800 2.50200
107.00000 80.68800 10.92500 12.04400 4.32300 0.41700 3.94700 9.72500 8.43300 -0.25400 6.68300 6.54100 11.73900 0.68200 2.02400 6.92700 2.50200
108.00000 72.87600 6.04200 13.50900 3.34700 -1.04800 3.45900 10.70100 5.01500 -3.18400 14.49600 4.58800 8.32100 -0.78300 3.97700 -3.32600 1.52600
109.00000 -34.54600 1.16000 12.53300 1.88200 -3.00100 0.52900 12.16600 -3.28600 -2.69600 14.49600 3.61100 5.88000 -3.71300 2.51300 -10.16200 -1.40400
110.00000 -101.44000 -0.30500 9.11500 0.90500 -4.46600 -3.37700 14.60800 0.62100 -2.69600 6.68300 2.63500 5.39100 -6.15400 -1.88200 -11.13900 -6.28700
111.00000 -34.54600 1.64800 5.69700 -0.55900 -4.46600 -6.30700 15.09600 -0.35600 -0.74300 -4.05900 1.65800 6.36800 -7.61900 -5.78800 -7.72100 -10.68100
112.00000 90.45400 4.57800 3.25500 -1.53600 -3.97700 -6.79500 12.16600 5.01500 -1.23100 -10.89500 0.68200 7.34500 -7.13100 -5.30000 -2.83800 -11.65800
113.00000 122.68100 6.04200 2.27900 -1.53600 -3.00100 -3.37700 6.79500 5.50300 -4.64900 -10.89500 0.68200 8.32100 -4.69000 -0.90500 0.58000 -8.24000
114.00000 22.09500 3.11300 1.79000 -2.02400 -2.51300 0.04100 0.93600 2.08500 -5.13700 -6.50000 1.17000 8.80900 -1.76000 3.48900 3.51000 -1.40400
115.00000 -91.67500 -1.77000 0.81400 -2.51300 -3.00100 1.01700 -1.50600 4.52700 -3.18400 -2.59400 2.63500 9.29800 0.68200 4.46600 5.46300 5.92000
116.00000 -87.28000 -6.65300 -1.13900 -2.51300 -3.97700 -1.42400 0.44800 5.01500 -4.16100 -2.10600 4.10000 9.78600 1.65800 2.51300 7.90400 9.33800
117.00000 10.86400 -7.62900 -2.11600 -2.51300 -5.44200 -5.33000 6.79500 -3.28600 -8.55500 -1.12900 5.56400 10.76300 1.17000 -0.41700 8.39200 6.89700
118.00000 65.06300 -4.21100 -0.16300 -1.04800 -5.93100 -6.79500 12.65500 5.50300 -2.69600 2.77700 6.54100 11.73900 -0.29500 -1.39400 7.90400 1.52600
119.00000 4.51700 1.64800 2.76700 0.41700 -5.93100 -5.33000 15.09600 -1.82100 -2.69600 7.66000 7.02900 12.22700 -1.76000 -0.41700 5.46300 -3.84500
120.00000 -83.86200 7.99600 5.69700 1.39400 -4.95400 -2.88900 13.63100 0.13200 2.18700 9.61300 7.02900 11.73900 -2.24800 1.04800 3.02100 -5.79800
121.00000 -71.65500 10.92500 6.67300 1.39400 -3.97700 -0.93600 9.23700 3.55000 -1.71900 5.70700 7.02900 10.27400 -1.76000 2.02400 1.06800 -3.35700
122.00000 41.13800 8.97200 6.67300 -0.07100 -3.97700 -1.42400 4.84200 3.06200 -0.74300 -2.10600 7.02900 8.80900 -0.78300 2.51300 0.09200 2.50200
123.00000 122.68100 4.57800 6.18500 -1.04800 -3.48900 -1.91200 3.37700 6.48000 0.72200 -8.45300 6.05300 7.34500 0.68200 3.48900 0.09200 7.87400
124.00000 74.34100 1.16000 7.16100 -1.04800 -2.51300 -1.91200 4.35400 9.41000 2.67500 -8.45300 5.56400 7.34500 1.17000 3.97700 1.55600 10.80300
125.00000 -38.45200 0.18300 8.13800 0.41700 -2.02400 0.04100 6.30700 5.99200 -3.18400 -2.10600 5.07600 8.32100 1.17000 3.00100 4.97400 10.31500
126.00000 -71.16700 0.67100 8.13800 1.39400 -1.04800 2.48200 8.26000 4.52700 -1.71900 4.73000 5.56400 9.29800 0.19300 1.04800 8.88100 6.89700
127.00000 14.28200 1.16000 7.65000 2.37000 -0.55900 4.43500 8.74800 3.55000 -3.67200 7.17200 6.05300 9.29800 -1.27200 -1.39400 10.34500 2.50200
128.00000 103.63800 2.13600 7.65000 3.83500 -0.07100 4.43500 8.74800 7.45600 -0.25400 5.21900 7.02900 8.32100 -3.71300 -1.39400 7.90400 -1.89200
129.00000 77.75900 5.06600 9.11500 5.78800 1.39400 3.45900 7.77200 5.99200 -3.67200 2.77700 6.05300 6.85600 -5.66600 0.55900 2.04500 -4.82200
130.00000 -37.96400 9.46000 10.57900 7.25300 2.85800 1.99400 7.77200 3.06200 -4.64900 1.80100 4.58800 4.41500 -7.61900 1.53600 -4.79100 -4.82200
131.00000 -101.92900 13.85500 11.55600 8.23000 3.34700 1.50600 6.79500 2.08500 -2.69600 3.26500 1.65800 2.95000 -7.61900 -0.90500 -7.23300 -2.86900
132.00000 -42.84700 14.34300 11.55600 8.23000 2.85800 1.01700 6.30700 3.06200 -1.71900 3.75400 -0.29500 2.46200 -6.15400 -4.81200 -4.79100 -0.42700
133.00000 52.85600 9.94900 10.09100 7.25300 1.88200 1.50600 6.30700 5.50300 0.23400 1.31200 -0.29500 3.43800 -4.69000 -7.74100 1.06800 1.52600
134.00000 53.83300 5.06600 9.11500 5.78800 1.39400 1.01700 7.28400 3.55000 0.23400 -2.59400 1.17000 4.90300 -3.71300 -6.76500 4.97400 0.54900
135.00000 -40.40500 5.55400 9.11500 5.78800 1.88200 1.01700 8.26000 1.59700 -4.16100 -6.01200 2.14600 5.88000 -4.69000 -3.34700 3.51000 -3.35700
136.00000 -100.95200 10.92500 10.09100 6.76500 2.37000 1.01700 8.26000 2.57400 -0.74300 -6.01200 0.68200 4.90300 -7.13100 -0.90500 -2.83800 -8.72800
137.00000 -35.52200 17.27300 11.55600 7.74100 2.85800 1.99400 6.30700 -1.33300 -0.25400 -4.05900 -3.22500 2.95000 -9.08400 -2.85800 -9.67400 -13.12300
138.00000 89.96600 18.73800 12.04400 8.23000 3.34700 3.45900 2.88900 5.99200 -4.64900 -3.08200 -6.15400 0.99700 -9.08400 -6.27600 -12.60400 -15.07600
139.00000 125.61000 13.36700 11.06800 7.74100 3.83500 5.41200 -1.01700 1.59700 -3.18400 -4.54700 -6.64300 0.99700 -7.13100 -9.20600 -9.18600 -12.63400
140.00000 30.39600 5.55400 8.13800 6.27600 3.34700 3.94700 -3.94700 -4.75100 -4.16100 -7.96500 -4.20100 2.46200 -4.20100 -8.23000 -2.35000 -7.75100
141.00000 -74.09700 0.67100 4.23200 5.30000 2.85800 -0.44800 -5.41200 -0.84400 -4.16100 -9.91800 -0.29500 5.39100 -1.76000 -5.30000 4.97400 -2.38000
142.00000 -60.42500 0.18300 -0.16300 3.34700 1.39400 -6.30700 -4.92400 -1.82100 -2.69600 -8.45300 1.17000 6.85600 -1.27200 -4.32300 6.43900 0.06100
143.00000 46.50900 2.62500 -2.11600 1.88200 -1.53600 -11.67800 -2.97000 -10.12200 -4.64900 -4.05900 0.19300 6.85600 -2.73600 -6.76500 1.06800 -2.38000
144.00000 103.63800 3.60100 -2.60400 0.41700 -3.48900 -12.16600 0.93600 0.62100 -1.71900 0.33600 -3.22500 4.41500 -5.66600 -11.15900 -9.18600 -8.24000
145.00000 34.79000 1.64800 -1.13900 -1.04800 -4.46600 -8.74800 3.86600 -4.26200 -3.67200 0.82400 -6.15400 0.99700 -8.10800 -14.08900 -18.95100 -14.58700
146.00000 -77.02600 -0.30500 -0.16300 -2.02400 -4.46600 -3.86600 4.84200 -0.84400 -4.16100 -3.08200 -7.61900 -1.93300 -9.57200 -12.62400 -23.34600 -17.51700
147.00000 -92.65100 0.18300 -1.13900 -2.51300 -3.00100 -0.93600 2.88900 0.13200 -1.71900 -8.45300 -7.61900 -2.42100 -8.59600 -8.23000 -20.41600 -15.56400
148.00000 -0.85400 3.60100 -3.09200 -2.02400 -1.53600 -0.93600 -1.01700 -0.35600 -2.69600 -10.40600 -7.61900 -0.95600 -6.15400 -4.32300 -13.58000 -9.70500
149.00000 71.89900 7.50700 -3.58100 -0.55900 0.41700 -1.42400 -3.45900 1.10900 -1.23100 -7.47700 -8.10800 0.99700 -3.22500 -2.85800 -7.72100 -5.31000
150.00000 26.97800 10.92500 -3.09200 0.90500 1.88200 -2.40100 -3.94700 5.99200 -1.23100 -2.10600 -8.59600 1.97300 -2.24800 -4.32300 -7.23300 -4.33300
151.00000 -75.56200 11.90200 -1.13900 2.37000 2.37000 -1.42400 -2.97000 0.13200 -2.69600 1.80100 -10.06100 1.97300 -2.73600 -6.27600 -12.11500 -7.75100
152.00000 -94.60400 9.94900 -0.16300 2.37000 1.88200 -1.42400 -2.48200 0.62100 -0.74300 0.82400 -10.54900 0.02000 -5.17800 -7.74100 -16.99800 -12.63400
153.00000 9.88800 6.04200 -0.16300 0.90500 0.90500 -3.37700 -3.94700 -3.28600 -0.74300 -5.03500 -10.06100 -1.44400 -6.64300 -9.20600 -17.48700 -16.05200
154.00000 119.26300 0.67100 -1.62800 -0.55900 -0.55900 -7.28400 -6.38800 2.08500 1.21100 -11.38300 -9.08400 -1.44400 -7.13100 -9.69400 -12.11500 -16.54100
155.00000 100.70800 -4.21100 -3.58100 -2.51300 -3.00100 -11.19000 -8.83000 -0.84400 0.23400 -14.80100 -8.59600 0.02000 -6.15400 -10.18300 -4.30300 -14.09900
156.00000 -22.82700 -7.14100 -5.04600 -3.97700 -4.95400 -12.65500 -8.34100 -1.82100 -2.69600 -14.31300 -8.10800 1.97300 -4.69000 -9.69400 0.09200 -12.14600
157.00000 -104.85800 -8.11800 -6.02200 -4.95400 -5.93100 -8.74800 -4.43500 0.62100 -0.74300 -10.40600 -6.15400 3.43800 -3.71300 -7.25300 -0.88500 -10.68100
158.00000 -59.44800 -6.16500 -5.53400 -5.93100 -4.95400 -2.88900 -0.04100 2.57400 -3.18400 -5.52400 -4.20100 3.43800 -4.20100 -4.81200 -5.76800 -11.65800
159.00000 38.20800 -1.77000 -4.06900 -5.93100 -3.00100 3.94700 2.88900 2.57400 1.69900 -0.15300 -1.76000 2.46200 -5.17800 -3.83500 -9.67400 -13.12300
160.00000 53.83300 3.11300 -3.09200 -5.44200 -0.55900 6.87700 2.40100 0.62100 -1.23100 4.24200 -1.27200 1.97300 -6.15400 -4.81200 -10.16200 -13.61100
161.00000 -29.17500 7.50700 -3.09200 -3.97700 1.39400 6.38800 -0.52900 -1.82100 -4.16100 5.70700 -2.73600 1.48500 -5.17800 -6.27600 -8.20900 -11.16900
162.00000 -97.04600 9.94900 -3.58100 -2.51300 2.37000 4.43500 -4.43500 -0.84400 -2.69600 3.26500 -5.66600 1.48500 -4.20100 -5.78800 -6.74400 -6.77500
163.00000 -49.19400 10.43700 -3.58100 -1.04800 2.37000 2.97000 -5.41200 -2.79700 -1.71900 -3.08200 -9.08400 1.48500 -2.24800 -4.81200 -7.72100 -2.38000
164.00000 54.32100 9.94900 -3.09200 0.41700 2.85800 3.94700 -4.92400 -2.30900 -0.25400 -9.91800 -10.54900 0.50900 -2.24800 -4.32300 -10.65100 -0.91600
165.00000 77.27100 9.94900 -0.65100 1.39400 4.32300 6.87700 -2.97000 -3.77400 2.18700 -12.84800 -9.57200 -0.46800 -4.20100 -6.27600 -12.11500 -4.33300
166.00000 -15.99100 10.92500 1.79000 1.88200 5.30000 7.85300 -1.99400 -5.23900 -0.74300 -9.91800 -7.61900 0.02000 -7.13100 -9.20600 -9.18600 -12.14600
167.00000 -108.76500 12.39000 2.27900 0.90500 4.81200 5.90000 -2.97000 -0.35600 -0.74300 -3.08200 -6.15400 0.99700 -9.57200 -10.67100 -4.30300 -19.47000
168.00000 -72.63200 11.90200 -0.16300 -0.55900 2.85800 2.48200 -4.92400 1.10900 1.69900 4.24200 -6.15400 1.97300 -9.08400 -9.20600 -0.39700 -21.91200
169.00000 61.64600 7.50700 -3.09200 -2.51300 0.90500 -0.44800 -7.36500 5.01500 -0.74300 7.17200 -8.59600 1.48500 -7.13100 -4.81200 -2.83800 -18.00500
170.00000 137.32900 2.62500 -4.55700 -2.02400 0.90500 -0.93600 -8.34100 8.92100 1.69900 5.21900 -11.03700 0.50900 -3.22500 -0.41700 -10.16200 -10.19300
171.00000 65.55200 -0.30500 -3.58100 -0.07100 2.37000 1.01700 -7.36500 7.45600 -0.25400 0.82400 -11.03700 -0.95600 -0.78300 0.55900 -17.48700 -3.35700
172.00000 -67.26100 1.16000 0.81400 3.34700 4.81200 3.45900 -4.43500 9.89800 0.23400 -2.10600 -8.10800 -0.95600 -0.29500 -1.88200 -19.44000 -1.40400
173.00000 -108.27600 5.55400 6.18500 7.25300 5.78800 3.94700 0.44800 11.36300 -2.20700 -2.10600 -3.22500 1.48500 -2.24800 -5.30000 -13.09200 -4.82200
174.00000 -25.75700 11.41400 9.60300 9.20600 5.30000 4.43500 7.77200 9.89800 0.72200 -0.15300 2.14600 5.88000 -5.17800 -7.25300 -2.83800 -9.70500
175.00000 60.18100 16.78500 12.04400 10.67100 4.32300 5.41200 15.58400 5.01500 3.16400 1.80100 5.56400 9.78600 -5.66600 -6.76500 6.43900 -12.14600
176.00000 34.79000 20.69100 13.99700 11.15900 3.83500 7.85300 20.46700 9.89800 3.16400 3.75400 6.54100 12.22700 -4.69000 -4.81200 8.88100 -11.16900
177.00000 -61.89000 22.64400 14.97400 11.64800 4.81200 11.27100 20.46700 0.13200 -1.71900 5.70700 6.05300 11.25100 -2.73600 -1.39400 4.48600 -6.77500
178.00000 -94.11600 22.64400 15.95100 11.64800 5.78800 13.22400 14.60800 1.10900 -0.25400 7.17200 3.12300 8.80900 -1.27200 1.04800 -2.83800 -3.35700
179.00000 -13.06200 20.69100 14.97400 10.67100 6.76500 11.27100 5.33000 1.10900 -1.23100 7.17200 -0.29500 5.39100 -1.76000 1.04800 -9.18600 -2.86900
180.00000 76.78200 16.78500 13.50900 9.69400 6.76500 7.36500 -2.48200 6.96800 1.69900 2.77700 -3.71300 2.95000 -3.22500 -0.90500 -12.11500 -4.33300
181.00000 55.78600 14.83200 10.57900 8.23000 5.78800 2.97000 -4.43500 5.01500 1.21100 -4.54700 -4.69000 1.97300 -4.20100 -4.81200 -12.60400 -7.26300
182.00000 -55.05400 16.78500 8.62600 7.25300 5.78800 1.99400 0.93600 4.03800 -0.25400 -9.43000 -2.73600 2.95000 -5.17800 -7.74100 -11.62700 -9.21600
183.00000 -110.71800 20.69100 8.13800 7.25300 5.78800 3.94700 11.67800 5.01500 -0.25400 -6.98900 2.14600 4.90300 -4.20100 -7.74100 -9.18600 -9.21600
184.00000 -28.19800 24.10900 9.11500 6.76500 5.78800 7.85300 21.44400 7.94500 -2.20700 3.26500 7.02900 7.83300 -2.24800 -4.81200 -6.25600 -7.75100
185.00000 101.68500 24.59700 11.06800 7.25300 5.78800 11.27100 23.88500 10.38600 0.23400 14.00800 8.98200 10.76300 0.19300 0.07100 -1.86200 -5.79800
186.00000 124.63400 21.17900 13.02100 6.27600 5.30000 11.75900 19.00200 5.50300 -2.20700 18.40200 8.00600 12.71600 2.14600 3.97700 2.53300 -3.84500
187.00000 15.25900 17.27300 12.04400 6.27600 4.81200 9.80600 9.72500 0.62100 -3.18400 11.56600 6.54100 13.69200 3.12300 3.00100 5.95100 -2.86900
188.00000 -96.55800 14.83200 9.60300 5.30000 3.34700 6.87700 2.88900 2.08500 -1.71900 -0.64100 5.56400 13.69200 2.63500 -0.90500 6.43900 -3.35700
189.00000 -86.30400 13.85500 6.67300 4.32300 2.37000 3.94700 0.44800 1.10900 -2.20700 -9.91800 4.58800 13.20400 1.17000 -5.78800 4.48600 -4.33300
190.00000 14.28200 12.87800 4.23200 4.32300 0.90500 2.97000 1.42400 0.62100 -6.60200 -10.89500 2.14600 11.73900 -0.29500 -7.25300 0.09200 -5.79800
191.00000 64.08700 11.41400 3.25500 3.83500 0.41700 2.48200 2.88900 4.03800 0.23400 -4.05900 -1.27200 9.29800 -1.27200 -5.30000 -5.28000 -6.28700
192.00000 -0.85400 8.48400 1.79000 2.85800 0.41700 1.01700 2.88900 -2.30900 -0.74300 3.26500 -4.69000 6.85600 -1.76000 -1.88200 -8.69800 -6.77500
193.00000 -86.30400 6.04200 -1.62800 1.39400 0.41700 -0.44800 0.44800 4.52700 -0.74300 4.73000 -5.17800 4.90300 -1.76000 -0.41700 -9.67400 -7.75100
194.00000 -68.72600 5.06600 -5.04600 0.41700 0.41700 -2.88900 -1.01700 2.57400 0.72200 -1.12900 -3.22500 3.43800 -2.24800 -2.85800 -7.23300 -8.72800
195.00000 38.69600 5.06600 -6.02200 -0.07100 0.90500 -4.84200 -0.52900 1.59700 -0.25400 -8.94200 -0.29500 3.43800 -2.73600 -5.78800 -2.83800 -9.21600
196.00000 103.63800 6.04200 -3.58100 0.90500 0.41700 -4.84200 1.42400 5.01500 0.72200 -12.84800 0.68200 4.41500 -1.76000 -5.78800 1.55600 -8.24000
197.00000 42.11400 7.50700 1.30200 1.88200 0.41700 -3.86600 2.40100 -0.84400 3.16400 -10.40600 -1.27200 5.39100 -0.29500 -1.88200 2.53300 -6.77500
198.00000 -66.77200 9.46000 5.20800 1.88200 -0.55900 -1.91200 1.42400 1.10900 3.16400 -3.08200 -3.71300 5.88000 1.65800 3.97700 1.55600 -4.33300
199.00000 -80.44400 8.97200 4.72000 -0.07100 -1.53600 0.52900 -1.99400 2.08500 1.69900 4.24200 -3.22500 6.36800 2.14600 6.90700 0.58000 -3.35700
200.00000 23.56000 6.53100 -0.16300 -3.00100 -2.02400 2.48200 -4.92400 1.10900 3.16400 7.66000 -0.29500 7.83300 2.14600 4.46600 2.04500 -3.84500
201.00000 116.82100 3.11300 -4.55700 -5.44200 -1.53600 4.43500 -5.41200 7.45600 7.07000 7.66000 3.12300 9.78600 1.65800 0.07100 5.46300 -5.31000
202.00000 82.15300 2.13600 -6.02200 -6.90700 -0.55900 6.87700 -1.99400 4.03800 8.04600 6.19500 5.07600 11.73900 2.63500 -1.39400 6.92700 -4.33300
203.00000 -40.89400 4.57800 -3.58100 -5.44200 0.90500 9.31800 3.37700 1.10900 2.67500 7.17200 4.58800 12.71600 5.07600 2.51300 4.48600 -0.91600
204.00000 -105.83500 8.48400 0.32600 -2.02400 2.85800 11.27100 8.74800 3.06200 2.67500 12.54300 4.10000 10.76300 7.51700 9.34900 -2.35000 4.45600
205.00000 -43.33500 11.90200 4.23200 1.88200 5.30000 13.22400 12.65500 2.57400 0.23400 19.37900 5.07600 8.32100 9.47100 14.72000 -9.18600 8.85000
206.00000 51.39200 11.90200 7.16100 4.81200 7.74100 14.20100 15.09600 2.57400 2.18700 24.75000 8.98200 6.85600 9.47100 15.20800 -9.67400 9.82700
207.00000 49.92700 11.41400 9.60300 6.76500 9.69400 14.20100 15.09600 -2.30900 -0.74300 25.23800 12.88900 7.83300 8.00600 12.27800 -3.32600 6.89700
208.00000 -43.82300 12.87800 12.53300 7.25300 9.69400 14.20100 14.11900 -0.35600 -6.60200 20.35500 13.37700 8.80900 5.56400 8.37200 4.97400 1.52600
209.00000 -97.04600 16.78500 13.99700 7.25300 8.71800 14.20100 11.19000 2.08500 -5.62500 12.54300 9.47100 8.80900 2.63500 6.41900 9.36900 -3.84500
210.00000 -26.73300 19.71400 13.99700 6.27600 6.27600 13.71300 6.79500 1.59700 -3.67200 5.70700 2.14600 5.88000 0.19300 4.95400 6.43900 -7.75100
211.00000 92.89600 17.27300 10.57900 5.78800 4.81200 13.22400 2.40100 5.01500 -1.71900 1.31200 -4.20100 1.48500 -1.27200 3.48900 -1.86200 -8.72800
212.00000 119.26300 9.94900 5.69700 4.81200 2.85800 11.27100 -1.01700 2.08500 -1.71900 -2.59400 -7.13100 -1.93300 -1.76000 0.07100 -9.18600 -7.26300
213.00000 22.58300 2.62500 1.79000 3.34700 1.39400 6.87700 -1.99400 -4.75100 -1.71900 -6.01200 -6.15400 -1.93300 -1.27200 -2.37000 -9.67400 -4.82200
214.00000 -71.65500 -0.30500 -1.13900 1.39400 -1.04800 1.01700 -1.50600 -1.82100 1.69900 -9.91800 -2.73600 1.48500 -0.29500 -3.83500 -4.30300 -2.38000
215.00000 -45.28800 1.16000 -2.60400 -0.55900 -2.51300 -2.88900 -1.50600 -2.79700 6.09300 -11.38300 -0.29500 5.88000 1.17000 -2.85800 2.53300 -0.91600
216.00000 63.59900 3.60100 -3.58100 -2.02400 -3.48900 -3.37700 -1.01700 -7.68000 1.21100 -7.47700 0.68200 9.29800 2.14600 -1.39400 6.43900 0.06100
217.00000 110.47400 3.60100 -5.04600 -3.48900 -2.51300 -1.42400 -0.04100 -3.28600 10.00000 1.31200 0.68200 9.78600 3.12300 0.55900 5.95100 -0.42700
218.00000 30.88400 1.64800 -6.51000 -4.46600 -0.55900 2.48200 1.42400 -5.23900 5.11700 12.05400 1.65800 9.29800 3.12300 2.51300 4.48600 -1.40400
219.00000 -80.93300 2.13600 -6.02200 -4.95400 2.37000 5.41200 2.40100 -4.26200 6.58200 19.37900 3.61100 8.80900 4.10000 4.46600 4.97400 -0.91600
220.00000 -90.21000 7.50700 -3.58100 -4.95400 5.30000 7.36500 2.40100 -0.84400 3.16400 20.35500 4.10000 9.78600 5.56400 6.90700 7.41600 0.06100
221.00000 3.05200 15.32000 0.32600 -3.00100 7.74100 9.31800 -0.04100 -0.35600 2.18700 16.44900 2.63500 10.76300 6.54100 8.86000 9.36900 1.52600
222.00000 69.45800 21.17900 3.74300 -0.07100 10.18300 12.24800 -3.45900 0.62100 1.21100 10.59000 -0.78300 11.73900 7.02900 9.34900 7.90400 2.50200
223.00000 18.18800 20.69100 4.23200 2.37000 11.64800 14.68900 -6.38800 -0.35600 -0.74300 5.70700 -3.22500 10.76300 6.05300 8.37200 2.53300 1.52600
224.00000 -79.95600 14.83200 1.79000 3.83500 11.15900 15.17700 -6.87700 1.10900 -6.60200 3.26500 -4.69000 9.29800 3.61100 5.93100 -3.32600 0.54900
225.00000 -87.28000 7.50700 -0.65100 3.34700 7.74100 12.73600 -5.90000 -0.35600 -4.64900 2.28900 -4.20100 7.83300 0.68200 2.51300 -6.74400 -0.91600
226.00000 21.11800 2.62500 -1.62800 1.88200 3.34700 7.36500 -4.92400 0.13200 -6.60200 -0.15300 -5.17800 6.36800 -2.73600 -2.37000 -7.72100 -2.38000
227.00000 122.19200 2.62500 -1.13900 0.90500 -0.55900 1.99400 -6.87700 2.57400 -1.71900 -4.05900 -7.61900 4.90300 -5.17800 -7.25300 -7.23300 -5.31000
228.00000 93.87200 5.55400 -0.65100 0.90500 -3.00100 -1.91200 -10.29500 3.55000 -0.25400 -9.43000 -10.54900 2.95000 -7.13100 -11.64800 -7.72100 -8.72800
229.00000 -29.17500 7.50700 -2.11600 -0.07100 -3.48900 -4.35400 -13.22400 4.03800 -0.74300 -13.82400 -11.52500 0.99700 -8.59600 -15.06600 -8.20900 -12.14600
230.00000 -96.06900 5.06600 -5.53400 -1.53600 -3.97700 -5.81900 -12.24800 7.45600 0.23400 -14.80100 -9.08400 0.02000 -9.08400 -15.55400 -7.72100 -13.12300
231.00000 -36.01100 -1.28200 -7.48700 -3.00100 -3.97700 -5.81900 -6.38800 8.92100 2.18700 -10.89500 -5.17800 0.50900 -9.08400 -13.60100 -5.28000 -12.14600
232.00000 62.13400 -6.65300 -5.04600 -3.97700 -3.00100 -3.86600 2.40100 14.29200 1.21100 -2.59400 -1.27200 2.46200 -7.61900 -9.20600 -1.37300 -8.72800
233.00000 65.55200 -6.65300 2.27900 -2.51300 -1.53600 -0.44800 10.70100 9.41000 -0.25400 6.19500 1.65800 4.41500 -4.69000 -2.85800 1.55600 -5.31000
234.00000 -30.64000 1.16000 9.11500 1.39400 0.41700 3.45900 16.07300 5.99200 -5.13700 11.56600 5.07600 5.88000 -1.76000 3.00100 2.53300 -1.89200
235.00000 -98.99900 12.39000 12.53300 5.78800 1.88200 6.38800 17.53700 5.01500 -3.18400 12.54300 8.98200 6.85600 1.17000 7.39500 3.02100 1.03800
236.00000 -48.21800 20.69100 12.04400 8.71800 2.85800 7.36500 17.04900 5.01500 -2.20700 8.63600 13.86500 8.32100 2.63500 8.37200 4.97400 2.50200
237.00000 53.83300 22.15600 10.09100 9.69400 2.85800 5.90000 17.04900 8.43300 -3.67200 3.75400 16.30700 10.76300 2.63500 6.90700 8.88100 2.99100
238.00000 70.43500 16.29600 9.11500 8.71800 1.88200 3.45900 17.53700 5.99200 -2.20700 1.31200 16.79500 12.71600 2.14600 5.93100 11.32200 2.99100
239.00000 -24.29200 9.46000 10.57900 6.76500 0.41700 1.01700 17.04900 4.52700 -5.62500 0.82400 13.86500 12.71600 1.65800 4.95400 9.85700 2.01400
240.00000 -107.78800 5.06600 12.04400 4.81200 -1.53600 -0.44800 14.11900 9.41000 -3.67200 2.28900 9.47100 10.76300 1.65800 5.93100 3.99800 1.52600
241.00000 -62.37800 4.08900 11.06800 2.85800 -3.48900 -0.93600 10.21300 8.92100 -5.62500 2.77700 6.05300 7.83300 2.14600 6.90700 -2.35000 2.99100
242.00000 70.43500 3.60100 7.65000 2.37000 -3.97700 -0.93600 6.30700 0.62100 -10.50800 1.31200 5.56400 5.88000 3.12300 6.41900 -5.76800 5.43200
243.00000 134.39900 2.62500 4.72000 2.37000 -3.97700 -0.44800 4.84200 8.43300 -7.57900 -1.12900 6.54100 7.34500 3.12300 5.93100 -3.32600 6.89700
244.00000 52.85600 1.64800 4.23200 2.85800 -3.00100 0.04100 6.30700 2.08500 -10.50800 -3.57100 9.47100 10.76300 1.65800 4.95400 3.02100 6.89700
245.00000 -75.07300 1.64800 6.18500 4.32300 -2.51300 -0.44800 10.21300 4.03800 -8.55500 -6.01200 12.40000 13.69200 -1.27200 4.46600 8.39200 4.45600
246.00000 -102.90500 3.11300 9.60300 5.30000 -2.51300 -1.91200 13.63100 0.13200 -9.53200 -7.96500 13.86500 14.66900 -3.71300 2.51300 9.36900 0.06100
247.00000 -15.01500 3.11300 11.55600 5.30000 -3.97700 -4.35400 16.07300 1.59700 -11.97300 -9.91800 12.40000 13.20400 -5.66600 -0.41700 5.95100 -3.35700
248.00000 61.64600 0.67100 11.55600 3.83500 -6.90700 -8.26000 15.58400 3.55000 -7.57900 -10.89500 7.51700 10.27400 -6.64300 -4.81200 0.09200 -6.77500
249.00000 26.48900 -3.23500 8.62600 0.90500 -10.32500 -11.67800 11.19000 3.55000 -4.64900 -11.38300 1.17000 7.34500 -7.13100 -9.20600 -4.30300 -9.70500
250.00000 -69.21400 -6.16500 3.74300 -2.51300 -12.27800 -15.09600 3.37700 -0.84400 -8.55500 -12.36000 -5.17800 4.90300 -8.59600 -11.64800 -7.72100 -12.14600
251.00000 -88.25700 -5.67600 -1.62800 -4.95400 -13.74300 -17.04900 -4.92400 -0.35600 -6.60200 -13.82400 -8.59600 2.95000 -10.54900 -12.13600 -9.67400 -14.58700
252.00000 4.02800 -3.72300 -5.53400 -6.41900 -12.76700 -16.07300 -11.27100 -1.82100 -5.62500 -14.80100 -8.10800 1.97300 -11.52500 -10.67100 -10.65100 -14.58700
253.00000 93.38400 -1.28200 -7.97500 -5.93100 -11.30200 -14.11900 -12.73600 1.10900 -3.18400 -14.31300 -6.15400 1.97300 -11.03700 -9.69400 -10.16200 -13.12300
254.00000 65.06300 -0.79300 -7.97500 -4.95400 -9.34900 -12.65500 -10.78300 -0.84400 -6.11400 -12.36000 -4.69000 2.46200 -9.08400 -9.69400 -8.20900 -10.68100
255.00000 -46.26500 -0.79300 -6.51000 -3.48900 -8.37200 -11.19000 -6.38800 -4.26200 -6.60200 -9.91800 -6.15400 3.43800 -6.64300 -10.67100 -5.76800 -8.72800
256.00000 -96.55800 -0.79300 -3.58100 -2.02400 -7.39500 -11.19000 -2.97000 -5.72700 -8.55500 -8.94200 -9.08400 3.92700 -5.66600 -12.13600 -4.79100 -9.70500
