1.00000 -3.96700 -4.18100 0.27500 -0.97700 -0.55900 -2.68600 1.76000 -0.01000 2.54300 -0.07100 9.14500 8.96200 9.53200 9.14500 11.41400 9.06400
2.00000 -4.94400 -5.15700 -0.70200 -0.97700 -0.55900 -5.61500 1.76000 0.47800 1.07800 -0.55900 6.70400 7.49700 7.57900 6.70400 9.46000 5.15700
3.00000 -4.45600 -5.64600 -2.16700 -1.46500 -0.07100 -7.56800 1.27200 0.96600 -0.38700 -1.53600 4.26200 5.05600 5.13700 3.28600 6.53100 0.76300
4.00000 -2.50200 -5.15700 -4.60800 -1.95300 0.41700 -7.56800 0.29500 0.96600 -0.87500 -3.00100 1.82100 2.12600 2.69600 0.35600 3.60100 -2.65500
5.00000 -2.01400 -4.18100 -5.58500 -1.46500 -0.07100 -5.12700 -1.17000 1.45500 -0.87500 -4.46600 -0.62100 -0.31500 1.71900 -2.08500 0.67100 -4.60800
6.00000 -1.52600 -2.71600 -4.60800 0.48800 0.41700 -2.19700 -3.61100 2.92000 -0.87500 -5.93100 -4.52700 -2.26800 1.23100 -4.03800 -2.74700 -6.07300
7.00000 -1.03800 -1.25100 -1.19000 3.41800 0.41700 0.24400 -4.58800 4.38400 -0.87500 -6.41900 -7.94500 -3.24500 1.23100 -6.48000 -6.16500 -8.02600
8.00000 -0.54900 -1.74000 4.18100 5.37100 0.90500 1.70900 -4.58800 5.84900 -1.36300 -5.93100 -10.87400 -4.22200 0.74300 -8.43300 -9.09400 -9.97900
9.00000 0.42700 -2.71600 8.57500 5.85900 0.90500 0.73200 -3.12300 6.33700 -2.34000 -3.97700 -11.85100 -5.19800 -0.72200 -9.89800 -11.04700 -11.93200
10.00000 0.91600 -4.18100 9.55200 4.88300 1.39400 0.24400 -1.17000 5.84900 -2.82800 -1.04800 -10.87400 -5.19800 -2.18700 -8.92100 -11.04700 -12.90900
11.00000 0.42700 -4.18100 7.11100 2.93000 0.90500 -0.73200 0.29500 5.36100 -3.80500 0.90500 -8.43300 -5.19800 -2.67500 -7.45600 -9.58300 -11.93200
12.00000 0.42700 -3.20400 2.71600 1.95300 -0.07100 -2.19700 1.27200 5.36100 -4.78100 2.37000 -5.99200 -3.24500 -1.69900 -5.01500 -6.65300 -9.00300
13.00000 0.42700 -1.25100 -1.19000 1.46500 -0.55900 -3.66200 1.76000 6.33700 -4.78100 2.37000 -2.57400 -0.31500 1.23100 -3.06200 -2.25800 -5.58500
14.00000 2.38000 -0.76300 -2.65500 1.46500 -0.55900 -6.10400 2.73600 7.80200 -3.80500 1.88200 0.84400 3.59100 4.16100 -1.10900 1.64800 -2.16700
15.00000 3.84500 -1.74000 -1.67800 1.46500 0.90500 -7.08000 3.71300 8.77900 -2.34000 1.88200 4.75100 7.49700 7.57900 0.84400 5.55400 0.76300
16.00000 4.33300 -3.69300 0.27500 0.48800 2.85800 -5.61500 4.20100 8.29100 -0.38700 2.37000 8.16900 10.42700 10.02000 2.30900 8.48400 2.71600
17.00000 2.38000 -4.66900 2.71600 -0.48800 3.83500 0.24400 4.69000 7.31400 1.07800 2.85800 10.61000 11.40300 11.48500 3.77400 10.43700 3.20400
18.00000 -0.54900 -4.66900 4.66900 -0.48800 3.34700 8.54500 4.69000 5.84900 2.05500 3.34700 11.58700 10.91500 11.48500 3.77400 10.43700 2.71600
19.00000 -2.01400 -2.71600 6.62200 0.48800 2.37000 15.86900 5.66600 5.36100 2.05500 3.34700 11.58700 8.96200 10.99700 2.79700 9.94900 1.25100
20.00000 -1.03800 0.21400 9.06400 2.44100 2.37000 16.35700 7.61900 5.36100 2.54300 3.34700 11.58700 7.00900 10.50800 2.30900 8.48400 0.27500
21.00000 1.89200 1.67800 10.52900 4.88300 3.34700 9.52100 9.57200 6.33700 3.03100 3.83500 11.58700 6.03200 9.53200 2.79700 7.50700 0.27500
22.00000 5.31000 3.14300 10.52900 6.34800 5.78800 -0.24400 11.52500 7.31400 3.52000 4.32300 12.56300 5.54400 9.53200 4.75100 7.50700 1.74000
23.00000 7.26300 3.63200 9.06400 6.83600 7.74100 -7.08000 12.01400 6.82600 3.52000 4.81200 13.05100 5.54400 9.04300 7.19200 8.48400 3.69300
24.00000 7.75100 5.09600 7.11100 7.32400 9.69400 -6.59200 11.52500 6.33700 3.03100 5.30000 13.54000 6.03200 9.53200 8.65700 9.94900 5.64600
25.00000 8.24000 7.05000 7.11100 7.32400 10.18300 0.73200 11.52500 6.33700 2.54300 5.78800 13.54000 7.00900 9.53200 8.16900 12.39000 7.11100
26.00000 10.19300 9.49100 9.55200 8.30100 10.18300 8.54500 12.50200 6.82600 1.56700 5.78800 14.02800 8.96200 9.53200 5.23900 13.85500 8.08700
27.00000 12.63400 10.46800 13.45800 9.76600 10.18300 13.42800 13.96700 9.26700 1.07800 5.30000 15.98100 11.89200 10.02000 1.82100 15.80800 9.06400
28.00000 14.58700 9.97900 16.87600 11.23000 10.67100 12.93900 14.94300 11.22000 1.07800 4.81200 17.93400 14.33300 10.02000 -1.10900 16.29600 9.06400
29.00000 14.58700 8.02600 17.85300 11.23000 12.13600 9.52100 14.94300 12.19700 0.59000 4.32300 18.42200 15.31000 10.02000 -2.57400 15.32000 8.08700
30.00000 12.14600 6.07300 15.41100 10.25400 13.11200 6.59200 13.47900 11.70900 0.59000 4.32300 16.46900 13.35700 9.53200 -4.03800 12.87800 5.64600
31.00000 8.24000 4.60800 10.52900 8.78900 14.08900 7.08000 11.03700 10.24400 0.59000 3.83500 11.58700 9.93900 8.06700 -4.52700 7.99600 1.25100
32.00000 6.28700 4.12000 4.66900 7.32400 14.57700 9.03300 7.61900 8.29100 0.59000 3.83500 5.72700 5.54400 6.11400 -5.50300 3.11300 -3.14300
33.00000 5.31000 3.63200 0.27500 6.83600 14.57700 10.49800 5.66600 7.80200 1.07800 3.83500 0.84400 1.63800 4.64900 -6.96800 -1.77000 -7.05000
34.00000 6.28700 3.63200 -0.70200 6.83600 14.08900 9.52100 4.69000 8.29100 1.07800 3.83500 -1.10900 0.66100 3.67200 -7.45600 -4.21100 -9.00300
35.00000 7.75100 3.63200 1.25100 7.32400 13.60100 5.61500 5.17800 8.77900 1.07800 4.81200 -1.10900 1.63800 3.67200 -7.45600 -4.70000 -8.02600
36.00000 8.24000 4.60800 4.66900 7.32400 12.62400 3.17400 5.66600 8.77900 0.59000 5.78800 -0.62100 3.59100 5.13700 -5.99200 -2.74700 -5.09600
37.00000 9.21600 7.05000 7.59900 6.83600 11.15900 4.15000 6.64300 8.29100 0.10200 7.25300 -0.13200 4.56700 7.09000 -4.03800 -0.30500 -2.16700
38.00000 10.19300 10.46800 9.55200 6.34800 10.18300 10.98600 6.64300 6.82600 0.10200 9.20600 -0.62100 4.07900 10.02000 -1.59700 0.18300 -0.21400
39.00000 12.14600 13.88500 11.01700 6.83600 10.67100 20.75200 5.66600 5.84900 1.07800 12.13600 -2.08500 1.14900 11.97300 0.84400 -1.28200 -0.21400
40.00000 14.58700 14.86200 12.48200 7.81200 13.11200 29.05300 4.20100 4.38400 1.56700 14.57700 -3.55000 -1.78000 12.95000 3.28600 -4.70000 -1.19000
41.00000 17.02900 13.88500 12.97000 8.78900 16.04200 30.51800 2.24800 3.40800 2.05500 16.04200 -4.03800 -3.73300 12.46100 5.72700 -7.62900 -2.16700
42.00000 18.49400 12.42100 12.48200 10.25400 18.97200 24.65800 0.78300 3.40800 2.54300 16.53000 -3.06200 -3.73300 11.48500 7.19200 -7.14100 -1.67800
43.00000 18.49400 12.42100 11.50500 10.25400 19.46000 15.86900 0.78300 3.89600 1.56700 15.55400 -1.10900 -1.29200 10.50800 7.19200 -3.23500 -0.21400
44.00000 18.00500 14.86200 11.50500 10.25400 18.48300 10.01000 1.76000 4.87300 0.10200 14.57700 1.33300 1.63800 10.50800 6.21500 1.64800 1.25100
45.00000 17.51700 18.28000 12.97000 10.25400 17.01900 10.49800 4.20100 6.33700 -0.87500 13.60100 2.30900 3.59100 10.50800 4.26200 4.08900 0.76300
46.00000 18.00500 21.21000 16.38800 10.74200 16.04200 16.35700 6.64300 6.82600 -1.36300 12.62400 1.82100 3.10300 10.02000 2.79700 2.62500 -1.19000
47.00000 19.47000 21.69800 19.31800 10.74200 17.01900 23.68200 9.08400 6.33700 -1.36300 12.13600 0.35600 0.66100 9.04300 1.82100 -1.28200 -3.63200
48.00000 20.44700 19.25700 19.80600 10.25400 17.99500 27.10000 10.06100 4.87300 -1.36300 11.15900 -1.10900 -1.29200 7.57900 1.33300 -5.18800 -5.09600
49.00000 20.93500 15.35000 16.87600 8.78900 17.50700 24.17000 10.54900 3.40800 -1.85100 9.69400 -1.59700 -1.78000 6.60200 0.35600 -4.70000 -4.12000
50.00000 19.95800 12.42100 13.45800 6.83600 15.55400 17.82200 10.06100 2.92000 -2.34000 8.23000 0.35600 -0.80400 7.09000 -0.13200 -0.79300 -1.19000
51.00000 18.49400 10.46800 13.94700 6.83600 12.62400 11.96300 8.59600 3.89600 -3.80500 6.76500 2.79700 1.63800 8.06700 -1.10900 4.57800 1.25100
52.00000 17.02900 9.97900 18.82900 7.81200 10.67100 10.49800 7.61900 4.87300 -4.78100 6.27600 5.23900 3.10300 8.06700 -2.08500 6.53100 1.74000
53.00000 17.51700 9.97900 25.17700 9.76600 10.67100 12.93900 6.64300 6.33700 -5.75800 6.27600 5.72700 3.10300 7.57900 -3.06200 5.55400 0.27500
54.00000 18.49400 10.46800 29.08300 11.23000 12.13600 17.33400 6.64300 6.82600 -7.22200 6.76500 5.23900 2.61400 6.11400 -4.03800 2.13600 -2.16700
55.00000 19.47000 12.42100 27.13000 12.20700 13.11200 20.26400 7.61900 7.31400 -8.19900 7.74100 5.72700 1.63800 3.67200 -4.52700 -0.30500 -4.12000
56.00000 19.95800 15.35000 20.78200 12.20700 14.08900 19.77500 9.57200 7.80200 -8.68700 9.69400 6.70400 2.12600 2.20700 -4.52700 0.18300 -4.60800
57.00000 19.95800 19.25700 14.92300 11.71900 14.08900 16.84600 11.52500 8.77900 -8.68700 11.64800 8.16900 2.61400 1.71900 -4.03800 3.11300 -3.14300
58.00000 19.95800 21.69800 14.43500 12.20700 15.06600 15.38100 13.96700 9.75500 -8.19900 13.11200 9.63300 4.07900 2.20700 -2.08500 6.04200 -0.21400
59.00000 21.91200 22.18600 19.80600 13.18400 17.01900 16.84600 15.43200 10.73200 -7.22200 14.08900 10.12200 4.56700 3.67200 -0.13200 7.99600 2.71600
60.00000 25.81800 21.21000 28.59500 15.13700 18.97200 23.19300 17.38500 11.22000 -5.26900 14.08900 10.12200 6.03200 5.62500 1.33300 9.46000 4.66900
61.00000 29.23600 20.23300 36.40700 16.60200 20.43700 30.51800 19.82600 12.19700 -2.82800 13.60100 10.61000 7.98500 8.06700 1.82100 9.94900 6.62200
62.00000 30.70100 21.21000 38.84900 17.57800 21.41300 35.40000 21.77900 13.17300 -1.36300 13.11200 11.58700 9.93900 10.02000 2.30900 10.92500 7.59900
63.00000 29.72400 23.16300 36.40700 17.57800 20.92500 35.40000 23.24400 14.15000 -0.38700 13.11200 12.56300 11.89200 10.99700 2.30900 12.39000 7.59900
64.00000 26.30600 24.13900 31.03600 16.60200 20.43700 30.02900 22.75600 14.15000 -0.87500 12.62400 12.56300 11.89200 10.50800 1.82100 11.90200 6.13400
65.00000 23.37600 22.67500 25.17700 15.13700 18.97200 22.70500 20.31500 14.15000 -2.82800 11.15900 11.09800 10.91500 8.55500 0.84400 9.46000 3.69300
66.00000 22.40000 19.74500 21.27100 14.16000 17.99500 17.33400 16.89700 13.17300 -5.26900 9.20600 9.14500 9.45000 6.11400 -0.62100 7.01900 1.74000
67.00000 23.86500 17.30300 19.80600 14.16000 17.99500 17.33400 14.45500 13.66200 -6.73400 8.23000 8.65700 8.96200 4.64900 -2.08500 5.55400 0.76300
68.00000 25.81800 17.30300 20.78200 14.64800 17.99500 21.72900 14.94300 14.15000 -6.73400 9.69400 10.12200 10.42700 5.13700 -1.59700 7.01900 2.22800
69.00000 27.28300 19.74500 23.22400 15.13700 17.99500 26.61100 16.89700 15.12700 -5.75800 12.13600 13.54000 12.38000 7.57900 -0.13200 9.46000 5.15700
70.00000 27.77100 22.67500 26.15400 15.13700 17.50700 30.02900 19.82600 15.12700 -4.78100 14.08900 16.46900 13.84500 9.04300 1.82100 12.87800 8.08700
71.00000 27.28300 24.62800 29.57200 13.67200 16.53000 29.54100 21.29100 14.63800 -5.26900 15.06600 16.95800 13.35700 9.53200 3.28600 13.85500 9.55200
72.00000 27.77100 24.62800 30.54800 12.20700 16.04200 27.10000 20.31500 12.68500 -7.22200 14.57700 15.00400 11.40300 8.06700 2.79700 12.87800 8.57500
73.00000 28.25900 22.67500 29.57200 11.23000 16.53000 24.65800 17.38500 11.22000 -8.68700 12.62400 12.56300 8.47400 6.11400 1.33300 10.43700 6.13400
74.00000 28.74800 21.21000 26.15400 11.71900 17.50700 23.68200 14.94300 10.24400 -9.66400 12.13600 11.58700 7.00900 5.13700 -0.13200 8.48400 4.66900
75.00000 28.25900 20.72100 22.73600 12.69500 18.48300 23.68200 13.96700 9.75500 -8.19900 12.62400 12.56300 7.00900 6.11400 -0.13200 8.48400 5.64600
76.00000 27.77100 21.69800 20.29400 14.16000 18.48300 24.17000 15.43200 9.75500 -6.24600 14.08900 15.00400 8.47400 8.55500 1.82100 10.92500 7.59900
77.00000 27.77100 23.16300 20.29400 13.67200 16.04200 24.65800 17.38500 8.77900 -4.29300 15.06600 16.95800 9.45000 10.99700 3.77400 13.36700 10.52900
78.00000 27.77100 23.65100 20.78200 12.20700 12.62400 24.65800 17.87300 7.80200 -4.29300 14.57700 16.95800 9.45000 11.48500 5.23900 14.83200 12.48200
79.00000 28.25900 20.72100 21.75900 10.25400 9.20600 24.17000 15.92000 6.33700 -4.78100 13.11200 15.49300 8.96200 10.99700 5.72700 14.83200 12.48200
80.00000 26.79400 15.35000 21.27100 8.30100 7.74100 20.75200 12.99000 5.84900 -6.24600 10.67100 13.54000 8.47400 9.04300 4.26200 13.36700 11.01700
81.00000 22.88800 9.00300 17.85300 7.32400 7.74100 13.91600 10.06100 5.84900 -7.22200 8.71800 12.07500 7.98500 6.60200 2.30900 10.92500 8.57500
82.00000 18.00500 3.63200 12.48200 6.83600 8.23000 5.12700 8.59600 6.33700 -8.19900 5.78800 11.58700 7.49700 4.64900 -0.62100 8.48400 6.13400
83.00000 13.61100 2.16700 4.66900 6.83600 6.76500 -2.68600 8.59600 6.82600 -8.68700 3.34700 11.09800 7.00900 3.18400 -4.03800 5.55400 2.22800
84.00000 11.16900 4.12000 -1.19000 6.34800 4.32300 -6.10400 9.08400 5.84900 -9.17600 1.39400 10.12200 6.03200 2.20700 -6.96800 2.62500 -1.19000
85.00000 11.16900 7.53800 -3.63200 4.88300 0.90500 -3.66200 8.59600 4.87300 -8.68700 -0.07100 8.65700 4.56700 1.23100 -8.92100 0.67100 -4.12000
86.00000 13.12300 9.49100 -2.16700 4.39500 -0.55900 1.70900 7.13100 4.38400 -8.68700 -0.07100 7.68000 3.59100 0.74300 -9.41000 -0.30500 -6.07300
87.00000 15.07600 8.51400 1.25100 3.90600 0.90500 7.08000 6.15400 4.38400 -8.19900 -0.07100 7.68000 3.59100 0.74300 -8.92100 0.18300 -6.07300
88.00000 15.07600 4.60800 3.20400 3.41800 2.37000 9.52100 5.66600 4.87300 -9.66400 -0.07100 7.68000 3.59100 -0.23400 -8.92100 0.67100 -5.58500
89.00000 13.12300 0.70200 2.71600 2.93000 2.85800 8.54500 6.64300 4.38400 -11.61700 -1.04800 6.70400 3.59100 -1.21100 -10.87400 0.18300 -6.07300
90.00000 9.70500 -1.25100 1.25100 1.46500 0.90500 5.61500 6.64300 3.40800 -14.05800 -2.51300 4.26200 3.10300 -2.67500 -13.31600 -1.77000 -7.05000
91.00000 5.79800 -1.74000 0.27500 -0.48800 -2.51300 0.73200 5.17800 2.43100 -15.03500 -3.97700 1.33300 2.61400 -3.16400 -15.75700 -4.21100 -9.00300
92.00000 2.86900 -2.71600 0.76300 -2.44100 -4.95400 -3.66200 2.24800 1.45500 -14.05800 -4.95400 -1.10900 2.12600 -3.16400 -17.22200 -5.18800 -9.49100
93.00000 0.42700 -4.66900 0.27500 -2.93000 -4.95400 -7.56800 -0.19300 0.96600 -12.59400 -4.95400 -2.57400 2.61400 -3.16400 -16.24600 -4.21100 -9.00300
94.00000 -1.52600 -7.59900 -4.12000 -2.93000 -3.97700 -9.03300 -1.17000 0.96600 -12.10500 -5.44200 -2.08500 2.61400 -3.16400 -13.80400 -3.72300 -8.02600
95.00000 -2.99100 -9.55200 -10.46800 -2.93000 -3.00100 -7.56800 -1.17000 0.47800 -14.05800 -6.90700 -1.59700 2.61400 -3.16400 -11.85100 -3.72300 -7.53800
96.00000 -3.47900 -9.06400 -16.32700 -3.41800 -3.00100 -4.15000 -1.17000 -0.98700 -16.50000 -7.88400 -2.57400 0.66100 -3.16400 -11.36300 -6.16500 -8.51400
97.00000 -3.96700 -7.11100 -18.76800 -4.88300 -4.95400 -2.19700 -3.12300 -3.91600 -18.94100 -9.83700 -4.03800 -1.29200 -3.16400 -12.33900 -9.09400 -10.46800
98.00000 -3.96700 -5.15700 -17.79200 -6.34800 -7.39500 -3.17400 -7.02900 -6.35800 -19.43000 -10.81300 -5.99200 -3.73300 -2.67500 -13.31600 -11.53600 -11.93200
99.00000 -3.96700 -5.15700 -15.83900 -7.32400 -8.37200 -8.05700 -10.44700 -7.82300 -17.96500 -10.81300 -6.48000 -4.71000 -1.69900 -13.80400 -12.02400 -11.93200
100.00000 -3.96700 -7.59900 -15.83900 -7.81200 -8.86000 -13.42800 -11.91200 -8.79900 -16.01200 -10.81300 -5.99200 -4.22200 -1.69900 -12.82800 -10.55900 -11.44400
101.00000 -4.94400 -11.01700 -17.79200 -8.30100 -8.86000 -17.82200 -11.42400 -8.31100 -14.05800 -11.30200 -4.52700 -2.75700 -1.21100 -11.36300 -8.60600 -9.00300
102.00000 -5.92000 -13.45800 -17.79200 -9.27700 -9.34900 -17.82200 -9.95900 -7.82300 -13.57000 -11.30200 -3.06200 -1.29200 -1.69900 -10.87400 -7.62900 -8.02600
103.00000 -7.38500 -12.97000 -15.83900 -9.27700 -9.34900 -13.91600 -8.98200 -7.33400 -14.05800 -11.30200 -2.57400 0.17300 -1.21100 -10.87400 -6.65300 -7.05000
104.00000 -8.36200 -10.04000 -12.42100 -8.78900 -8.86000 -8.05700 -8.49400 -6.35800 -14.54700 -10.81300 -2.57400 1.14900 -0.72200 -11.36300 -5.18800 -6.56100
105.00000 -7.87400 -6.13400 -10.95600 -6.83600 -6.90700 -2.68600 -7.51700 -5.38100 -13.57000 -8.86000 -1.10900 2.61400 1.23100 -10.87400 -2.25800 -5.58500
106.00000 -5.92000 -3.20400 -13.88500 -4.88300 -4.46600 0.73200 -5.07600 -3.91600 -12.59400 -5.44200 0.84400 4.07900 2.69600 -8.92100 1.64800 -3.14300
107.00000 -2.50200 -2.22800 -17.30300 -2.93000 -1.53600 2.19700 -0.68200 -2.94000 -10.64000 -2.02400 4.26200 7.00900 4.16100 -5.99200 5.55400 -0.21400
108.00000 0.91600 -2.22800 -17.79200 -1.95300 -0.55900 2.19700 3.71300 -1.96300 -9.66400 0.90500 7.68000 9.45000 4.64900 -3.06200 7.99600 2.71600
109.00000 2.86900 -2.22800 -12.42100 -1.95300 -1.53600 0.73200 5.66600 -0.98700 -9.66400 1.88200 9.14500 10.91500 4.64900 -1.10900 7.99600 4.66900
110.00000 3.35700 -1.74000 -3.14300 -1.46500 -3.00100 -0.73200 4.69000 -0.49800 -10.15200 0.90500 8.65700 10.42700 3.67200 -1.10900 6.53100 4.18100
111.00000 1.89200 -0.76300 4.18100 -0.97700 -4.95400 -0.73200 2.24800 0.47800 -11.61700 -1.53600 7.19200 8.96200 2.20700 -2.57400 4.08900 2.22800
112.00000 -0.54900 0.70200 4.66900 -0.48800 -5.44200 0.73200 0.78300 0.96600 -12.59400 -3.97700 4.75100 7.00900 0.74300 -5.50300 1.64800 -0.21400
113.00000 -2.50200 1.67800 -1.19000 -1.46500 -5.44200 2.68600 0.78300 0.96600 -13.57000 -5.93100 3.28600 5.54400 -1.21100 -7.45600 -0.30500 -2.65500
114.00000 -4.45600 3.14300 -9.97900 -2.93000 -5.44200 4.63900 1.27200 -0.01000 -14.05800 -5.44200 2.79700 4.07900 -2.18700 -8.43300 -1.28200 -3.63200
115.00000 -5.43200 3.63200 -15.35000 -5.85900 -4.46600 5.61500 -0.19300 -1.96300 -13.57000 -4.46600 1.82100 2.61400 -2.67500 -7.45600 -1.77000 -3.14300
116.00000 -5.43200 2.65500 -14.86200 -7.32400 -3.00100 5.61500 -3.12300 -3.42800 -12.10500 -2.51300 0.35600 1.63800 -2.67500 -5.99200 -2.25800 -2.16700
117.00000 -3.96700 0.21400 -10.46800 -7.81200 -1.04800 6.10400 -5.56400 -3.91600 -10.64000 -1.04800 -1.10900 0.66100 -2.18700 -4.52700 -2.74700 -1.19000
118.00000 -2.01400 -1.74000 -6.07300 -6.83600 0.90500 7.56800 -5.56400 -3.91600 -8.68700 -0.07100 -2.08500 0.66100 -2.18700 -3.06200 -3.23500 -1.19000
119.00000 -0.06100 -2.22800 -5.09600 -4.88300 1.88200 10.01000 -2.63500 -2.45200 -7.22200 0.41700 -0.62100 1.63800 -1.69900 -2.57400 -3.72300 -1.19000
120.00000 0.91600 -0.27500 -5.09600 -3.41800 0.90500 11.47500 2.24800 -0.98700 -5.75800 0.90500 1.82100 3.59100 -0.72200 -2.08500 -3.23500 -1.19000
121.00000 -0.54900 3.14300 -4.60800 -3.41800 -1.04800 11.47500 7.13100 -0.49800 -4.29300 1.88200 4.75100 6.03200 0.74300 -1.10900 -1.77000 -0.70200
122.00000 -2.99100 4.60800 -1.67800 -2.93000 -2.02400 9.03300 9.08400 0.47800 -2.82800 2.85800 7.68000 7.49700 2.20700 -0.13200 0.67100 0.76300
123.00000 -4.94400 3.63200 2.22800 -2.44100 -1.04800 5.12700 8.59600 0.47800 -1.36300 3.83500 9.63300 9.45000 3.18400 -0.13200 3.60100 2.71600
124.00000 -4.94400 0.70200 4.18100 -0.48800 1.39400 1.70900 7.61900 0.96600 -0.38700 4.32300 10.61000 10.91500 3.18400 -1.59700 6.04200 4.66900
125.00000 -2.50200 0.21400 2.71600 0.97700 3.83500 0.73200 7.61900 1.94300 -0.38700 4.32300 12.07500 12.38000 2.69600 -3.06200 7.50700 5.64600
126.00000 0.91600 4.12000 -0.21400 1.46500 3.34700 3.17400 8.59600 1.94300 -1.36300 4.81200 13.05100 13.84500 2.20700 -3.55000 8.48400 5.64600
127.00000 3.35700 9.97900 -3.14300 0.00000 0.90500 8.54500 9.08400 1.45500 -2.82800 5.78800 14.02800 14.82100 2.69600 -2.57400 9.94900 6.13400
128.00000 3.84500 14.37400 -3.14300 -2.93000 -2.51300 14.89300 7.61900 -0.49800 -4.29300 6.76500 14.51600 14.33300 3.18400 -0.13200 11.90200 7.11100
129.00000 2.86900 14.37400 -2.16700 -5.37100 -3.97700 19.28700 5.17800 -1.96300 -5.75800 7.25300 14.51600 13.35700 4.16100 2.30900 13.85500 9.06400
130.00000 0.91600 10.46800 -1.67800 -5.85900 -3.00100 19.77500 2.73600 -2.45200 -6.73400 6.76500 14.51600 11.89200 3.67200 2.30900 15.32000 10.52900
131.00000 -1.03800 5.58500 -2.16700 -3.90600 0.41700 16.84600 1.76000 -1.47500 -7.22200 5.78800 14.02800 10.91500 3.18400 0.35600 14.83200 10.52900
132.00000 -2.01400 3.14300 -3.14300 -0.97700 2.85800 12.45100 2.73600 0.47800 -7.71100 3.83500 13.54000 10.42700 2.20700 -2.57400 12.87800 8.57500
133.00000 -2.01400 4.60800 -3.14300 1.46500 2.85800 9.03300 3.22500 0.96600 -8.19900 0.41700 12.07500 10.42700 1.71900 -5.99200 9.46000 5.15700
134.00000 -2.50200 7.53800 -2.65500 2.44100 -0.55900 6.10400 2.73600 -0.01000 -9.66400 -3.48900 9.14500 9.45000 0.74300 -7.94500 7.01900 2.22800
135.00000 -2.50200 8.51400 -3.63200 0.48800 -4.95400 2.68600 -0.19300 -1.96300 -10.64000 -7.88400 4.75100 7.98500 -0.23400 -8.92100 4.08900 0.76300
136.00000 -2.50200 6.56100 -7.53800 -1.46500 -7.39500 -1.22100 -4.58800 -2.94000 -10.64000 -11.30200 0.84400 5.54400 -0.72200 -8.92100 2.13600 0.27500
137.00000 -2.50200 3.14300 -13.39700 -2.93000 -7.88400 -4.63900 -8.49400 -3.42800 -9.66400 -12.76700 -2.57400 3.59100 -1.21100 -8.92100 -0.30500 -0.21400
138.00000 -3.47900 -0.27500 -18.28000 -3.41800 -5.93100 -6.10400 -10.44700 -2.94000 -8.19900 -11.79000 -4.52700 2.61400 -2.18700 -9.41000 -2.74700 -1.67800
139.00000 -5.92000 -1.25100 -19.74500 -3.90600 -3.97700 -4.63900 -10.44700 -2.45200 -7.22200 -10.32500 -5.50300 3.10300 -2.67500 -10.38600 -5.18800 -5.09600
140.00000 -8.36200 -0.76300 -17.79200 -4.88300 -3.00100 -1.70900 -9.95900 -3.42800 -7.22200 -8.86000 -5.99200 3.10300 -3.65200 -12.33900 -7.14100 -8.51400
141.00000 -10.31500 0.21400 -14.86200 -6.83600 -3.00100 0.73200 -9.47100 -4.40500 -8.68700 -7.88400 -6.96800 4.07900 -4.62800 -13.80400 -8.11800 -10.95600
142.00000 -11.29200 0.21400 -13.39700 -9.27700 -4.46600 2.19700 -9.95900 -5.38100 -9.66400 -7.88400 -7.45600 4.56700 -5.60500 -14.78100 -8.11800 -11.44400
143.00000 -9.82700 0.21400 -14.37400 -10.25400 -5.44200 3.17400 -9.47100 -5.38100 -10.15200 -7.39500 -6.96800 5.05600 -6.09300 -14.78100 -7.62900 -9.97900
144.00000 -7.87400 1.67800 -14.86200 -9.27700 -6.41900 5.12700 -7.51700 -3.42800 -9.66400 -5.93100 -5.50300 5.05600 -6.09300 -14.29200 -7.14100 -8.02600
145.00000 -5.43200 3.63200 -12.90900 -6.83600 -7.39500 8.05700 -4.10000 -1.47500 -9.17600 -3.97700 -4.03800 5.54400 -5.60500 -12.82800 -6.65300 -7.05000
146.00000 -3.96700 5.58500 -7.53800 -3.90600 -7.88400 9.52100 0.78300 0.47800 -8.68700 -2.02400 -3.06200 4.56700 -5.11700 -11.36300 -6.16500 -6.07300
147.00000 -2.50200 5.58500 -1.19000 -0.97700 -7.39500 8.05700 4.69000 1.94300 -8.68700 -0.07100 -3.06200 3.59100 -5.11700 -10.87400 -6.16500 -6.07300
148.00000 -1.03800 4.12000 2.22800 0.97700 -5.44200 4.63900 6.64300 2.92000 -8.68700 0.90500 -3.06200 2.12600 -5.60500 -9.89800 -6.65300 -5.58500
149.00000 0.42700 2.65500 1.74000 1.46500 -3.00100 2.68600 5.66600 2.92000 -8.19900 1.39400 -3.55000 0.66100 -6.09300 -9.41000 -7.14100 -5.58500
150.00000 1.40400 3.14300 -1.67800 1.46500 -1.04800 3.66200 4.69000 2.43100 -7.71100 0.41700 -3.06200 -0.80400 -6.58200 -9.41000 -8.11800 -6.07300
151.00000 1.89200 5.09600 -5.58500 0.97700 -0.55900 6.59200 3.71300 1.45500 -7.71100 -0.55900 -1.59700 -1.29200 -7.07000 -9.89800 -7.62900 -7.05000
152.00000 1.40400 6.56100 -7.05000 0.00000 -2.02400 7.56800 4.69000 -0.49800 -7.22200 -2.51300 -0.62100 -1.29200 -6.58200 -10.87400 -6.16500 -8.51400
153.00000 -0.54900 5.58500 -7.05000 -1.95300 -4.46600 4.63900 5.17800 -1.47500 -7.71100 -3.97700 0.35600 -0.80400 -6.09300 -11.85100 -4.70000 -9.00300
154.00000 -2.50200 2.16700 -7.05000 -4.39500 -7.39500 -1.22100 4.69000 -2.94000 -7.71100 -4.46600 -0.62100 -0.80400 -5.11700 -11.85100 -2.74700 -8.02600
155.00000 -4.45600 -1.74000 -8.51400 -6.83600 -8.86000 -6.59200 1.76000 -4.40500 -6.73400 -3.97700 -1.59700 -0.80400 -3.65200 -11.36300 -1.77000 -6.07300
156.00000 -6.40900 -3.69300 -10.95600 -8.78900 -8.86000 -7.08000 -2.14600 -5.87000 -3.80500 -2.51300 -2.08500 -0.80400 -1.69900 -10.38600 -1.77000 -3.63200
157.00000 -9.33800 -3.20400 -13.39700 -10.25400 -6.90700 -2.19700 -5.07600 -6.84600 0.10200 -0.55900 -1.10900 -0.31500 0.74300 -8.43300 -1.77000 -1.67800
158.00000 -11.78000 -1.74000 -14.86200 -11.23000 -4.46600 4.63900 -5.07600 -7.33400 3.03100 -0.07100 -0.13200 1.14900 1.71900 -6.96800 -0.30500 -0.21400
159.00000 -12.75600 -0.76300 -14.86200 -11.23000 -3.48900 10.01000 -4.10000 -6.84600 4.00800 -1.04800 0.84400 2.61400 1.23100 -6.48000 2.62500 0.76300
160.00000 -12.26800 -0.76300 -14.86200 -10.74200 -3.97700 10.98600 -1.17000 -5.87000 1.56700 -4.46600 0.84400 3.10300 -0.72200 -7.45600 4.08900 -0.21400
161.00000 -9.82700 -0.27500 -14.37400 -8.78900 -6.41900 7.56800 0.29500 -4.40500 -2.34000 -9.34900 0.35600 3.10300 -3.16400 -9.89800 4.08900 -1.67800
162.00000 -7.38500 1.19000 -12.90900 -6.83600 -9.34900 1.22100 -0.19300 -3.91600 -7.22200 -14.23100 -1.10900 2.12600 -6.09300 -12.82800 0.67100 -4.12000
163.00000 -5.43200 2.65500 -9.97900 -4.88300 -10.81300 -5.12700 -1.17000 -3.42800 -10.15200 -18.13800 -1.59700 2.12600 -7.07000 -14.78100 -2.74700 -5.58500
164.00000 -5.43200 3.14300 -7.05000 -3.90600 -10.81300 -10.98600 -3.12300 -2.94000 -11.12900 -20.57900 -1.10900 2.61400 -6.58200 -15.75700 -4.70000 -6.07300
165.00000 -6.40900 1.67800 -5.58500 -2.93000 -9.34900 -13.91600 -5.07600 -1.96300 -10.64000 -21.06700 -1.10900 5.05600 -5.11700 -15.75700 -3.72300 -4.60800
166.00000 -6.40900 -1.25100 -7.05000 -2.44100 -7.39500 -13.42800 -6.05300 -1.47500 -9.66400 -20.09100 -1.10900 7.49700 -4.62800 -15.26900 -1.77000 -2.65500
167.00000 -4.94400 -2.22800 -10.46800 -0.97700 -4.95400 -8.54500 -7.02900 -0.98700 -9.17600 -18.13800 -2.57400 8.47400 -5.11700 -15.75700 -0.79300 -1.67800
168.00000 -2.99100 -0.27500 -12.90900 0.00000 -3.00100 -1.22100 -6.54100 -0.49800 -8.19900 -15.20800 -3.06200 7.98500 -5.60500 -15.75700 -1.28200 -2.65500
169.00000 -0.06100 4.60800 -12.42100 0.48800 -1.04800 6.59200 -4.58800 0.47800 -6.73400 -10.81300 -3.06200 7.00900 -6.09300 -15.26900 -2.74700 -4.12000
170.00000 2.38000 9.00300 -9.00300 0.00000 0.41700 11.96300 -2.14600 0.96600 -4.29300 -5.93100 -1.10900 7.00900 -4.62800 -13.31600 -2.74700 -4.60800
171.00000 2.86900 11.44400 -5.09600 -0.97700 0.90500 14.89300 1.27200 2.43100 -2.34000 -0.55900 2.30900 8.47400 -1.69900 -8.92100 -0.79300 -2.65500
172.00000 2.86900 11.93200 -2.16700 -1.46500 -0.07100 16.35700 4.20100 3.89600 -1.36300 4.81200 6.21500 11.40300 1.71900 -4.03800 3.11300 1.25100
173.00000 2.38000 11.44400 -0.21400 -1.95300 -0.55900 17.33400 6.64300 4.87300 -0.87500 9.69400 8.65700 13.84500 3.67200 -0.62100 6.53100 4.66900
174.00000 2.38000 11.44400 0.76300 -1.46500 -1.04800 18.79900 7.61900 5.36100 -0.87500 13.11200 9.14500 15.31000 4.64900 0.35600 7.50700 6.62200
175.00000 2.86900 12.90900 1.25100 -1.95300 -0.07100 20.75200 8.10800 4.87300 -0.38700 15.06600 9.14500 14.33300 4.16100 -0.13200 6.53100 6.13400
176.00000 3.84500 13.88500 0.76300 -2.44100 0.41700 21.72900 8.10800 3.40800 1.07800 15.06600 9.14500 12.86800 3.67200 -0.13200 6.04200 5.64600
177.00000 4.82200 13.88500 -1.67800 -3.41800 0.41700 20.75200 8.59600 2.43100 2.05500 13.60100 10.12200 11.89200 4.64900 0.35600 7.50700 6.13400
178.00000 4.33300 12.42100 -5.09600 -4.88300 -1.53600 18.31100 8.59600 2.43100 2.54300 11.15900 11.09800 12.38000 6.11400 1.82100 9.94900 8.57500
179.00000 2.86900 10.46800 -7.05000 -5.37100 -3.97700 15.38100 9.57200 2.43100 2.05500 9.69400 11.58700 12.86800 6.60200 2.79700 12.87800 11.50500
180.00000 0.42700 9.00300 -6.56100 -4.88300 -6.41900 13.42800 10.54900 2.92000 2.05500 9.20600 12.07500 13.84500 5.62500 1.82100 14.34300 12.48200
181.00000 -0.54900 9.49100 -2.65500 -3.41800 -6.41900 13.42800 12.01400 3.40800 3.03100 11.64800 12.07500 14.33300 4.64900 1.33300 14.34300 12.48200
182.00000 -0.06100 10.95600 3.20400 -1.95300 -4.46600 14.40400 13.47900 3.89600 4.49600 14.57700 13.54000 14.82100 3.67200 1.33300 14.83200 12.48200
183.00000 1.89200 12.42100 8.08700 0.00000 -1.53600 15.38100 13.96700 4.87300 5.47300 17.01900 15.98100 15.79800 4.64900 3.28600 16.78500 13.45800
184.00000 3.35700 13.39700 9.55200 1.46500 0.90500 16.35700 13.47900 5.84900 5.47300 16.53000 17.44600 16.77400 6.11400 5.23900 19.22600 15.41100
185.00000 3.84500 13.39700 7.11100 2.93000 2.37000 16.35700 11.52500 6.33700 4.00800 14.57700 17.93400 17.26300 7.57900 6.70400 20.69100 16.87600
186.00000 2.86900 12.90900 2.71600 4.39500 3.34700 16.35700 8.59600 5.84900 3.03100 11.15900 15.98100 16.77400 7.57900 6.21500 19.71400 16.87600
187.00000 1.40400 11.93200 -1.19000 4.39500 4.32300 16.84600 6.64300 4.38400 3.52000 8.71800 12.07500 14.82100 7.57900 4.26200 16.78500 14.43500
188.00000 0.42700 10.95600 -4.60800 3.41800 5.30000 19.77500 4.69000 1.94300 4.98500 8.23000 8.16900 12.86800 8.06700 1.82100 13.36700 10.52900
189.00000 1.89200 11.44400 -5.58500 2.44100 6.27600 24.17000 3.22500 -0.01000 6.93800 9.69400 5.23900 11.40300 9.04300 0.84400 10.92500 7.59900
190.00000 4.33300 13.88500 -4.60800 1.46500 7.74100 27.58800 1.27200 -1.96300 7.91400 10.67100 3.77400 9.93900 10.02000 0.84400 10.43700 6.62200
191.00000 7.75100 17.79200 -3.14300 1.95300 9.20600 29.54100 -1.17000 -2.45200 7.91400 11.64800 1.82100 7.98500 9.53200 1.33300 10.92500 6.62200
192.00000 10.19300 21.21000 -1.19000 3.90600 11.15900 28.07600 -4.10000 -1.96300 7.42600 11.64800 -1.10900 5.54400 9.04300 1.33300 9.94900 7.11100
193.00000 10.68100 22.67500 -0.70200 6.34800 13.11200 25.63500 -7.02900 -1.47500 7.91400 11.15900 -4.03800 3.10300 7.09000 0.84400 7.50700 5.64600
194.00000 9.70500 22.18600 -2.16700 7.32400 15.06600 23.19300 -9.47100 -0.98700 8.89100 11.64800 -6.48000 2.61400 6.60200 1.33300 4.57800 3.69300
195.00000 7.75100 20.72100 -4.12000 6.83600 14.57700 22.70500 -11.42400 -0.98700 9.86700 12.62400 -6.96800 4.07900 6.60200 1.82100 3.60100 2.71600
196.00000 6.28700 19.74500 -6.56100 4.39500 11.64800 23.68200 -12.40000 -0.98700 9.37900 13.11200 -5.01500 6.52100 8.06700 2.79700 4.57800 3.69300
197.00000 5.79800 20.72100 -9.00300 1.95300 6.76500 25.14600 -12.40000 -0.49800 7.42600 13.11200 -3.06200 8.96200 9.04300 3.28600 7.01900 5.15700
198.00000 6.77500 21.69800 -9.49100 0.48800 2.85800 24.65800 -10.93500 0.47800 4.98500 12.62400 -1.10900 9.45000 8.55500 1.82100 8.48400 6.62200
199.00000 7.75100 21.21000 -9.49100 0.00000 0.90500 22.21700 -8.49400 1.45500 3.03100 11.64800 -1.10900 8.96200 6.60200 0.84400 7.50700 6.13400
200.00000 7.26300 17.79200 -9.97900 0.00000 0.41700 19.28700 -7.02900 1.45500 2.54300 10.67100 -3.06200 7.49700 5.13700 -0.62100 4.08900 4.18100
201.00000 4.82200 12.42100 -11.44400 -0.97700 0.90500 17.33400 -7.51700 0.47800 3.03100 9.69400 -4.52700 6.03200 4.64900 -0.13200 0.67100 1.25100
202.00000 -0.06100 7.53800 -14.37400 -2.44100 0.90500 17.33400 -10.93500 -0.98700 3.52000 8.23000 -5.50300 5.54400 5.62500 -0.13200 -0.79300 -0.70200
203.00000 -3.47900 6.56100 -16.81500 -3.41800 0.90500 17.82200 -15.81800 -1.96300 3.52000 6.27600 -5.01500 6.03200 7.09000 0.35600 0.18300 -0.70200
204.00000 -4.45600 9.49100 -16.81500 -3.41800 1.88200 17.33400 -18.74800 -1.96300 3.52000 4.81200 -4.03800 7.00900 8.06700 -0.13200 3.11300 1.25100
205.00000 -1.52600 13.39700 -12.90900 -1.46500 5.30000 15.38100 -16.79500 -0.98700 4.49600 4.81200 -1.59700 8.47400 9.04300 -0.13200 6.53100 4.66900
206.00000 2.86900 15.83900 -8.02600 1.95300 8.71800 12.45100 -10.93500 0.47800 5.96100 6.76500 1.82100 11.40300 10.02000 1.33300 9.46000 8.08700
207.00000 6.28700 14.37400 -5.09600 3.41800 10.18300 9.52100 -3.61100 1.94300 8.40300 9.20600 6.21500 14.33300 10.99700 4.26200 10.92500 11.01700
208.00000 6.77500 10.46800 -5.58500 3.90600 8.71800 8.05700 2.24800 2.43100 9.86700 10.67100 11.09800 17.75100 11.48500 7.19200 13.36700 11.99300
209.00000 3.84500 7.05000 -9.00300 1.95300 4.32300 7.56800 4.20100 2.92000 9.86700 9.69400 15.00400 19.21600 12.46100 9.63300 14.83200 12.48200
210.00000 0.42700 6.56100 -10.95600 0.48800 -1.04800 8.54500 3.71300 3.40800 8.89100 6.76500 16.95800 18.23900 11.97300 9.14500 15.80800 11.50500
211.00000 -0.54900 9.00300 -8.51400 0.48800 -3.97700 10.01000 3.22500 4.38400 7.91400 3.83500 17.44600 16.28600 10.99700 6.70400 15.80800 10.04000
212.00000 2.38000 13.88500 -2.65500 0.97700 -3.48900 11.96300 4.20100 5.84900 7.42600 1.39400 16.95800 13.35700 10.02000 4.26200 16.29600 9.55200
213.00000 6.28700 17.30300 3.20400 2.44100 -1.04800 14.89300 7.13100 6.82600 7.42600 0.41700 17.93400 12.86800 9.53200 3.28600 16.78500 10.04000
214.00000 10.19300 18.76800 6.13400 2.93000 0.41700 18.31100 10.54900 8.29100 7.42600 0.90500 19.39900 14.33300 9.53200 3.77400 18.25000 11.01700
215.00000 11.65800 17.30300 7.11100 3.41800 1.39400 20.26400 12.50200 9.26700 6.93800 0.90500 21.84000 17.26300 10.02000 4.75100 20.20300 11.99300
216.00000 12.14600 14.86200 8.08700 3.90600 0.41700 19.77500 12.99000 10.24400 6.93800 0.41700 23.79400 20.68100 10.50800 4.75100 21.66700 12.97000
217.00000 11.65800 13.39700 11.99300 4.39500 -0.07100 15.38100 12.50200 10.73200 7.42600 -1.04800 23.30500 22.14600 10.50800 2.79700 21.66700 12.48200
218.00000 11.65800 12.42100 16.87600 5.37100 -0.07100 8.54500 12.01400 11.70900 7.42600 -3.97700 20.86400 21.16900 10.02000 0.35600 19.71400 10.52900
219.00000 11.16900 11.93200 18.82900 6.83600 -0.55900 2.19700 12.01400 11.70900 6.44900 -7.88400 16.95800 18.23900 9.04300 -3.55000 14.83200 7.11100
220.00000 9.70500 10.46800 14.92300 7.32400 -2.02400 0.24400 12.01400 11.22000 4.49600 -12.27800 11.58700 14.82100 7.57900 -6.96800 8.48400 2.71600
221.00000 6.77500 8.51400 6.13400 7.32400 -4.46600 1.22100 11.03700 10.24400 1.56700 -16.18400 7.19200 11.40300 5.13700 -9.89800 2.62500 -1.19000
222.00000 3.84500 6.56100 -2.16700 7.32400 -6.90700 3.66200 9.08400 9.75500 0.10200 -18.62600 3.77400 9.93900 3.18400 -11.85100 -0.30500 -3.63200
223.00000 3.35700 6.56100 -4.60800 6.83600 -7.88400 4.63900 7.61900 9.26700 1.07800 -18.62600 3.28600 9.93900 1.71900 -12.82800 0.18300 -4.12000
224.00000 4.33300 8.51400 1.25100 6.83600 -6.90700 2.68600 7.13100 9.26700 4.00800 -16.67300 4.75100 11.40300 2.20700 -11.85100 3.60100 -2.16700
225.00000 6.28700 10.95600 10.52900 6.34800 -4.46600 -0.24400 8.10800 10.24400 6.93800 -12.76700 7.68000 12.86800 3.67200 -9.41000 7.01900 0.76300
226.00000 8.72800 13.88500 17.36500 6.83600 -2.02400 0.73200 9.08400 11.22000 8.89100 -9.83700 10.12200 13.84500 6.11400 -6.48000 8.97200 3.20400
227.00000 10.19300 15.83900 17.85300 7.81200 -1.04800 6.59200 10.06100 11.70900 7.91400 -8.37200 10.61000 14.33300 7.57900 -4.52700 8.48400 4.18100
228.00000 11.65800 16.32700 12.97000 8.78900 -1.04800 14.89300 10.06100 11.70900 5.96100 -7.88400 10.12200 14.33300 8.06700 -4.03800 7.50700 3.69300
229.00000 13.12300 16.81500 7.11100 9.76600 -2.02400 19.77500 9.57200 10.73200 4.00800 -7.88400 9.14500 13.35700 7.09000 -4.52700 6.53100 2.22800
230.00000 14.09900 15.83900 5.64600 10.74200 -2.51300 17.33400 9.57200 10.24400 3.03100 -6.90700 8.65700 11.89200 5.62500 -5.50300 6.53100 0.76300
231.00000 14.09900 13.88500 7.59900 10.74200 -3.00100 10.01000 10.06100 9.75500 1.56700 -5.93100 9.14500 10.91500 4.64900 -5.99200 7.50700 -0.21400
232.00000 13.12300 11.93200 10.52900 10.25400 -3.00100 3.66200 10.06100 9.26700 0.59000 -5.93100 10.12200 9.93900 3.67200 -5.50300 8.48400 -0.70200
233.00000 11.65800 10.46800 10.52900 8.78900 -2.51300 3.17400 9.57200 8.77900 -0.87500 -6.90700 10.12200 9.45000 3.67200 -4.03800 8.48400 -0.70200
234.00000 10.68100 10.95600 8.57500 7.32400 -2.51300 7.56800 8.10800 7.80200 -1.36300 -8.37200 10.61000 10.91500 3.67200 -3.55000 8.97200 0.27500
235.00000 11.16900 12.90900 7.59900 6.34800 -3.00100 12.93900 7.13100 7.80200 -0.87500 -7.88400 12.07500 12.86800 4.64900 -3.06200 11.41400 2.22800
236.00000 12.14600 14.37400 11.01700 5.85900 -3.48900 13.91600 7.61900 7.80200 0.10200 -6.41900 14.51600 15.79800 5.62500 -3.55000 15.32000 4.66900
237.00000 13.12300 15.83900 16.38800 4.88300 -4.46600 10.49800 9.57200 8.77900 1.56700 -3.00100 17.93400 18.23900 7.09000 -3.55000 20.20300 6.62200
238.00000 13.12300 15.83900 19.31800 4.39500 -5.44200 7.08000 13.96700 9.75500 1.56700 0.41700 21.35200 19.70400 8.06700 -3.06200 23.62100 8.57500
239.00000 12.63400 16.32700 17.36500 3.41800 -5.93100 7.56800 17.38500 10.73200 0.59000 2.37000 23.79400 20.19200 9.04300 -2.57400 24.10900 9.55200
240.00000 12.63400 16.81500 12.48200 3.90600 -6.41900 12.93900 20.31500 11.22000 0.10200 2.85800 25.25800 19.21600 10.02000 -2.08500 23.13200 9.55200
241.00000 13.12300 17.79200 9.06400 5.37100 -5.93100 18.79900 21.77900 11.70900 1.07800 2.85800 25.74700 19.21600 10.50800 -0.62100 21.17900 9.55200
242.00000 15.07600 18.28000 10.52900 7.81200 -4.46600 20.75200 22.26800 12.68500 3.52000 3.83500 25.74700 19.21600 11.48500 -0.13200 21.17900 9.55200
243.00000 17.02900 17.79200 16.87600 10.74200 -1.04800 18.79900 22.75600 14.15000 6.44900 5.78800 25.74700 20.19200 11.97300 0.35600 21.66700 9.55200
244.00000 18.98200 17.79200 23.71200 12.20700 3.34700 16.84600 23.73300 15.12700 8.40300 7.74100 26.23500 21.16900 11.97300 0.35600 21.66700 9.55200
245.00000 20.44700 18.76800 26.15400 11.71900 7.74100 19.77500 24.70900 15.12700 8.40300 8.23000 25.74700 21.16900 10.99700 -0.13200 20.69100 8.57500
246.00000 20.93500 21.21000 23.71200 9.76600 9.20600 27.58800 25.68600 14.15000 6.44900 7.25300 24.77000 20.19200 10.02000 -1.10900 18.25000 7.59900
247.00000 20.93500 23.16300 19.31800 7.81200 8.71800 34.91200 25.68600 12.68500 5.47300 5.30000 23.79400 18.72800 9.04300 -2.08500 16.78500 7.11100
248.00000 19.95800 23.65100 16.38800 6.34800 5.78800 36.37700 24.22100 11.22000 5.47300 2.85800 23.30500 16.77400 9.04300 -1.10900 17.76100 8.57500
249.00000 18.00500 21.21000 15.90000 5.85900 1.88200 28.56400 22.26800 11.22000 6.44900 2.37000 23.30500 15.79800 9.53200 0.84400 20.69100 11.01700
250.00000 15.07600 18.28000 15.41100 6.34800 -1.04800 16.35700 21.29100 11.22000 7.42600 2.37000 24.28200 14.82100 10.50800 3.77400 23.62100 13.94700
251.00000 13.12300 16.81500 13.94700 6.34800 -2.02400 6.10400 20.31500 10.24400 7.91400 3.34700 23.79400 13.84500 10.99700 6.70400 24.59700 13.94700
252.00000 12.14600 17.79200 11.50500 5.85900 -1.53600 3.66200 19.33800 8.77900 6.93800 3.83500 21.84000 12.86800 10.50800 8.16900 22.15600 11.99300
253.00000 12.63400 20.23300 10.04000 4.88300 0.41700 9.52100 17.38500 6.33700 5.96100 4.32300 17.93400 11.89200 9.53200 8.16900 18.25000 8.57500
254.00000 14.09900 22.18600 11.50500 4.39500 1.39400 17.82200 14.94300 5.36100 5.96100 5.30000 14.51600 11.89200 9.53200 7.19200 15.32000 5.64600
255.00000 15.07600 20.72100 14.43500 4.88300 1.39400 23.19300 12.50200 5.84900 5.96100 6.27600 13.05100 12.86800 10.02000 6.70400 15.80800 5.64600
256.00000 15.56400 16.81500 15.90000 5.85900 0.90500 21.72900 10.54900 6.82600 5.96100 7.74100 14.51600 14.33300 11.97300 7.19200 19.22600 8.57500
