1.00000 -21.99300 -18.91100 -28.37100 -13.71300 -2.22800 -21.41300 -11.78000 -8.94200 -7.92400 -4.29300 -14.84200 -6.54100 5.89000 6.17500 -6.61200 5.75800
2.00000 -23.94600 -15.98100 -23.97700 -15.17700 -4.66900 -24.83100 -11.29200 -9.43000 -9.38900 -5.26900 -15.33000 -7.51700 4.91300 4.22200 -8.56500 3.80500
3.00000 -21.50500 -10.61000 -15.18800 -14.68900 -9.06400 -20.92500 -10.31500 -7.96500 -9.87800 -5.75800 -14.84200 -6.54100 2.47200 2.26800 -9.05400 1.36300
4.00000 -17.59800 -6.70400 -6.88700 -12.24800 -12.48200 -11.64800 -8.85000 -6.50000 -10.36600 -4.78100 -12.88900 -5.56400 0.03100 -0.66100 -8.56500 -2.05500
5.00000 -14.66900 -7.19200 -3.95700 -9.31800 -13.45800 -3.34700 -7.87400 -5.03500 -10.36600 -3.80500 -10.44700 -4.10000 -2.41100 -4.07900 -8.56500 -5.47300
6.00000 -14.66900 -13.54000 -7.37500 -6.87700 -11.01700 0.55900 -6.89700 -4.54700 -9.87800 -2.82800 -8.98200 -4.10000 -4.36400 -7.49700 -10.03000 -7.91400
7.00000 -17.11000 -20.86400 -15.67600 -6.38800 -6.13400 -1.88200 -5.92000 -6.01200 -8.90100 -3.31600 -8.49400 -5.56400 -5.82900 -10.42700 -11.98300 -9.37900
8.00000 -18.57500 -24.77000 -22.02400 -6.87700 -1.74000 -7.25300 -5.43200 -8.94200 -8.41300 -4.29300 -8.98200 -6.54100 -5.82900 -11.89200 -13.93600 -9.37900
9.00000 -17.59800 -20.86400 -23.48800 -7.36500 -0.27500 -11.15900 -4.45600 -9.91800 -7.43600 -5.26900 -8.98200 -6.54100 -5.34100 -11.40300 -12.96000 -7.91400
10.00000 -14.18100 -10.61000 -19.09400 -6.38800 -1.25100 -11.64800 -3.47900 -8.94200 -6.46000 -5.26900 -7.51700 -5.07600 -4.36400 -10.42700 -10.03000 -6.93800
11.00000 -10.27400 0.62100 -11.77000 -3.94700 -3.69300 -9.20600 -2.01400 -6.01200 -5.48300 -4.78100 -4.58800 -2.63500 -3.38700 -9.93900 -7.10000 -5.96100
12.00000 -9.29800 6.96800 -5.42200 -1.99400 -5.15700 -5.30000 -0.54900 -4.05900 -4.01800 -3.80500 -1.65800 -0.19300 -3.87600 -10.42700 -4.65900 -6.93800
13.00000 -11.25100 5.50300 -2.49200 -0.52900 -4.66900 -2.85800 1.40400 -3.08200 -3.53000 -3.31600 0.78300 0.78300 -5.34100 -10.91500 -4.17100 -7.42600
14.00000 -13.69200 -1.33300 -2.49200 -0.04100 -1.25100 -2.37000 2.86900 -3.57100 -4.01800 -3.80500 2.24800 1.76000 -6.80500 -11.40300 -5.14700 -6.93800
15.00000 -15.15700 -7.68000 -4.44500 -0.52900 3.63200 -2.85800 4.33300 -4.54700 -4.99500 -4.29300 2.24800 1.76000 -7.78200 -11.89200 -5.63600 -6.93800
16.00000 -12.71600 -10.61000 -6.39900 -0.04100 8.51400 -2.85800 5.31000 -4.05900 -5.97100 -3.80500 1.76000 2.24800 -9.24700 -12.86800 -6.12400 -6.93800
17.00000 -8.32100 -8.65700 -6.88700 0.93600 11.44400 -2.37000 5.79800 -2.59400 -6.46000 -2.82800 1.27200 2.73600 -10.71200 -13.84500 -6.12400 -8.40300
18.00000 -4.41500 -5.72700 -6.39900 1.91200 11.44400 -2.85800 6.28700 -0.15300 -6.94800 -1.36300 0.78300 3.22500 -12.17700 -14.82100 -6.12400 -10.35600
19.00000 -3.92700 -2.79700 -2.98100 1.91200 9.00300 -4.81200 6.28700 1.31200 -7.43600 -0.87500 -0.19300 3.22500 -13.64100 -15.79800 -6.12400 -11.33200
20.00000 -7.34500 -0.84400 -0.05100 0.44800 4.12000 -6.27600 4.33300 1.31200 -8.41300 -1.85100 -1.17000 2.73600 -14.13000 -16.28600 -5.63600 -10.84400
21.00000 -13.20400 1.10900 0.43700 -1.50600 -1.25100 -5.30000 1.40400 -0.15300 -9.87800 -4.29300 -2.63500 1.76000 -13.15300 -15.31000 -4.17100 -8.89100
22.00000 -19.06300 2.57400 -2.98100 -3.94700 -6.13400 -1.88200 -2.01400 -1.61700 -10.85400 -6.73400 -5.07600 0.78300 -10.71200 -13.35700 -2.70600 -5.47300
23.00000 -23.94600 1.59700 -8.84000 -6.38800 -9.55200 1.53600 -5.43200 -3.08200 -11.34200 -7.22200 -7.02900 -0.68200 -6.80500 -9.93900 -2.21800 -2.05500
24.00000 -25.89900 -3.77400 -15.18800 -8.83000 -11.50500 1.53600 -7.38500 -5.03500 -10.36600 -6.24600 -9.47100 -2.63500 -3.38700 -6.03200 -2.21800 -0.10200
25.00000 -26.87600 -14.02800 -18.60600 -11.27100 -11.99300 -3.83500 -7.87400 -6.98900 -8.90100 -4.29300 -11.42400 -4.58800 -0.45800 -2.12600 -3.19400 1.36300
26.00000 -27.36400 -22.81700 -18.60600 -13.22400 -11.99300 -10.67100 -7.38500 -8.94200 -7.92400 -2.82800 -12.88900 -6.05300 1.00700 2.26800 -4.17100 2.82800
27.00000 -27.85200 -25.74700 -17.62900 -14.68900 -11.01700 -16.53000 -6.40900 -10.89500 -7.43600 -2.34000 -12.88900 -6.05300 2.47200 5.68600 -4.65900 3.80500
28.00000 -28.34100 -22.32900 -16.65200 -14.68900 -10.52900 -18.97200 -4.94400 -11.38300 -6.94800 -2.34000 -11.42400 -5.07600 3.93700 7.64000 -5.14700 4.78100
29.00000 -29.31700 -14.51600 -17.14100 -14.20100 -11.50500 -18.48300 -4.45600 -10.40600 -6.94800 -2.82800 -9.47100 -3.61100 4.91300 8.12800 -5.63600 4.29300
30.00000 -28.82900 -9.14500 -18.11700 -13.71300 -12.97000 -17.01900 -4.94400 -8.94200 -6.94800 -4.29300 -8.49400 -2.14600 4.91300 6.17500 -6.61200 2.34000
31.00000 -27.85200 -8.65700 -18.11700 -13.22400 -14.43500 -15.06600 -7.87400 -7.96500 -6.94800 -5.26900 -9.47100 -2.63500 2.96000 2.75700 -9.05400 -1.56700
32.00000 -26.38800 -11.09800 -16.16400 -13.22400 -14.43500 -12.62400 -11.78000 -8.45300 -7.43600 -6.24600 -12.88900 -5.07600 0.51900 -1.14900 -12.47200 -6.93800
33.00000 -25.41100 -11.58700 -13.72300 -12.73600 -11.99300 -8.23000 -14.22100 -9.91800 -7.43600 -5.26900 -15.81800 -7.51700 -1.92300 -3.59100 -16.86600 -11.82000
34.00000 -23.94600 -8.16900 -12.74600 -11.75900 -8.08700 -3.83500 -14.22100 -11.38300 -6.46000 -2.34000 -17.28300 -9.47100 -3.38700 -4.07900 -19.79600 -14.75000
35.00000 -21.99300 -2.30900 -13.23400 -10.29500 -4.18100 -0.41700 -10.31500 -11.87100 -4.50600 2.54300 -16.30700 -9.95900 -3.38700 -3.10300 -20.77200 -15.72700
36.00000 -19.06300 2.08500 -13.72300 -8.34100 -1.25100 0.07100 -5.43200 -11.38300 -2.06500 6.44900 -12.88900 -9.47100 -3.38700 -2.12600 -19.79600 -15.23800
37.00000 -15.15700 2.08500 -12.25800 -6.87700 -0.76300 -1.39400 -1.52600 -9.91800 -0.60000 9.37900 -9.47100 -8.98200 -3.87600 -2.12600 -17.84300 -13.77400
38.00000 -11.73900 -2.30900 -8.35200 -5.41200 -1.74000 -2.37000 -0.06100 -7.47700 -1.57700 9.86700 -7.51700 -8.98200 -5.34100 -4.07900 -16.37800 -13.77400
39.00000 -10.27400 -5.72700 -2.49200 -3.94700 -3.20400 -1.39400 -1.03800 -5.03500 -4.01800 8.40300 -6.54100 -8.98200 -8.27000 -7.49700 -15.88900 -15.23800
40.00000 -11.73900 -6.21500 0.92600 -2.97000 -4.66900 1.53600 -1.52600 -3.57100 -5.97100 5.96100 -7.02900 -8.98200 -10.71200 -10.42700 -16.37800 -16.70300
41.00000 -15.64500 -2.30900 0.43700 -2.97000 -4.66900 3.48900 -0.54900 -2.59400 -7.92400 4.49600 -6.54100 -7.51700 -12.17700 -12.38000 -16.86600 -16.70300
42.00000 -20.04000 2.08500 -3.95700 -3.45900 -4.18100 3.00100 1.40400 -3.08200 -7.43600 4.00800 -6.05300 -5.56400 -13.15300 -12.86800 -15.88900 -15.72700
43.00000 -22.48100 4.03800 -9.32800 -5.41200 -2.71600 0.55900 2.38000 -4.54700 -6.46000 4.00800 -6.05300 -4.10000 -12.66500 -13.35700 -14.91300 -13.77400
44.00000 -21.50500 3.06200 -12.25800 -6.87700 -1.74000 -3.34700 1.40400 -6.01200 -5.97100 3.52000 -7.02900 -4.10000 -12.66500 -13.35700 -13.93600 -12.30900
45.00000 -19.06300 0.62100 -11.77000 -8.34100 -1.25100 -5.30000 -0.06100 -6.98900 -5.97100 2.05500 -8.49400 -5.07600 -12.66500 -13.35700 -14.91300 -11.82000
46.00000 -17.11000 -1.33300 -9.81600 -8.34100 -2.22800 -6.27600 -1.03800 -6.01200 -7.43600 0.59000 -9.95900 -6.54100 -12.17700 -13.84500 -16.37800 -13.28500
47.00000 -17.59800 -2.30900 -9.81600 -7.85300 -4.18100 -7.25300 -1.03800 -4.54700 -8.41300 0.10200 -10.93500 -7.02900 -11.68800 -13.84500 -18.33100 -14.26200
48.00000 -19.55200 -1.33300 -12.25800 -7.36500 -6.62200 -8.23000 -1.03800 -3.57100 -8.41300 0.10200 -11.42400 -6.54100 -10.22300 -12.86800 -18.81900 -13.77400
49.00000 -21.50500 1.10900 -16.16400 -7.36500 -8.57500 -8.23000 -1.52600 -3.57100 -6.94800 2.05500 -11.42400 -6.05300 -8.75900 -11.40300 -17.35400 -11.82000
50.00000 -21.99300 3.06200 -18.11700 -7.36500 -8.57500 -6.27600 -3.47900 -5.03500 -5.48300 4.49600 -12.88900 -5.56400 -7.29400 -10.42700 -15.88900 -9.86700
51.00000 -20.04000 3.55000 -15.67600 -6.87700 -6.62200 -2.85800 -5.92000 -6.50000 -4.50600 4.98500 -14.84200 -6.05300 -6.31700 -10.91500 -14.91300 -9.37900
52.00000 -17.59800 2.57400 -9.32800 -6.38800 -4.18100 0.07100 -7.38500 -7.96500 -4.50600 3.03100 -17.77100 -7.02900 -6.80500 -13.35700 -15.40100 -11.82000
53.00000 -16.62200 -0.35600 -3.95700 -5.90000 -3.20400 -0.41700 -6.89700 -7.47700 -6.94800 -1.36300 -20.21300 -8.00600 -8.27000 -16.77400 -17.84300 -15.23800
54.00000 -17.59800 -2.79700 -1.51600 -5.90000 -4.18100 -3.83500 -5.43200 -6.01200 -9.38900 -5.75800 -22.65400 -8.98200 -10.71200 -20.19200 -20.77200 -18.16800
55.00000 -20.04000 -4.26200 -3.46900 -5.41200 -6.13400 -7.74100 -5.43200 -5.03500 -11.34200 -8.19900 -24.60700 -9.47100 -12.17700 -21.16900 -22.72500 -19.63300
56.00000 -21.01600 -2.79700 -7.37500 -4.43500 -8.08700 -9.69400 -6.40900 -4.54700 -11.34200 -7.22200 -25.09600 -9.47100 -12.66500 -19.70400 -23.21400 -17.68000
57.00000 -19.06300 0.62100 -8.35200 -2.48200 -8.08700 -7.25300 -6.89700 -3.08200 -9.38900 -2.82800 -24.60700 -8.98200 -11.68800 -14.82100 -21.26100 -14.26200
58.00000 -14.66900 4.52700 -5.42200 0.44800 -5.64600 -2.85800 -5.43200 -0.64100 -6.46000 2.54300 -21.67800 -7.02900 -9.24700 -8.96200 -18.81900 -10.84400
59.00000 -10.76300 6.48000 0.43700 3.86600 -2.22800 0.07100 -1.03800 1.80100 -3.53000 6.44900 -17.28300 -4.58800 -6.80500 -4.07900 -14.91300 -7.91400
60.00000 -9.29800 6.96800 5.80900 5.33000 -0.27500 0.07100 3.84500 3.26500 -2.06500 8.89100 -11.91200 -2.63500 -5.34100 -1.63800 -11.00700 -5.96100
61.00000 -9.78600 5.99200 8.25000 4.35400 -0.27500 -0.90500 7.26300 2.77700 -1.57700 8.89100 -8.49400 -1.17000 -5.34100 -0.66100 -8.07700 -4.00800
62.00000 -11.73900 5.01500 7.27300 2.40100 -2.22800 0.07100 8.72800 0.82400 -2.06500 7.91400 -6.05300 -0.68200 -5.34100 -1.14900 -5.63600 -1.56700
63.00000 -12.22700 4.52700 6.29700 0.44800 -3.69300 4.46600 9.21600 -1.12900 -2.06500 7.91400 -5.07600 -0.19300 -5.82900 -1.63800 -3.68200 0.38700
64.00000 -11.73900 5.01500 5.80900 -0.52900 -3.69300 9.83700 10.19300 -0.64100 -2.06500 7.91400 -4.10000 0.78300 -5.34100 -1.63800 -3.19400 0.87500
65.00000 -9.78600 5.99200 6.29700 0.44800 -2.71600 13.25500 12.14600 2.77700 -1.57700 8.89100 -2.63500 2.73600 -4.36400 -1.14900 -3.68200 -0.10200
66.00000 -8.80900 7.94500 6.78500 2.40100 -0.27500 11.79000 14.09900 6.19500 -0.60000 10.35600 -1.17000 4.69000 -3.38700 0.31500 -5.14700 -1.56700
67.00000 -8.80900 9.89800 5.80900 3.86600 1.19000 8.37200 13.61100 8.63600 0.37600 11.82000 0.29500 6.15400 -2.41100 3.24500 -5.63600 -2.05500
68.00000 -10.27400 11.85100 4.34400 3.86600 1.67800 4.95400 11.16900 8.14800 1.35300 13.28500 0.29500 6.15400 -1.43400 6.17500 -4.65900 -0.10200
69.00000 -11.25100 11.85100 2.39100 1.91200 2.16700 3.48900 7.26300 5.21900 1.35300 14.26200 0.29500 5.66600 -0.45800 8.61600 -1.72900 3.31600
70.00000 -11.73900 9.89800 0.92600 -0.52900 2.65500 3.48900 4.33300 2.28900 1.35300 14.26200 0.78300 5.66600 0.51900 9.59300 1.68900 5.75800
71.00000 -11.73900 6.96800 -0.05100 -1.99400 3.14300 3.48900 3.84500 1.31200 1.35300 14.75000 2.73600 6.64300 1.49500 9.10400 4.61800 7.22200
72.00000 -11.73900 5.50300 -1.02700 -2.48200 2.65500 4.95400 4.82200 1.31200 1.35300 14.75000 4.69000 8.59600 2.47200 7.64000 6.57100 7.22200
73.00000 -12.22700 6.48000 -3.46900 -1.99400 0.21400 8.37200 6.28700 2.28900 0.86500 14.75000 6.64300 10.06100 3.44800 7.64000 7.54800 7.22200
74.00000 -12.71600 8.92100 -5.42200 -1.99400 -3.69300 13.74300 7.26300 1.80100 -0.11200 13.77400 6.64300 10.54900 4.91300 8.61600 8.03600 9.17600
75.00000 -13.69200 10.38600 -6.88700 -3.45900 -8.57500 17.16100 6.28700 -0.64100 -1.57700 12.79700 4.69000 10.54900 6.37800 10.08100 9.01300 12.59400
76.00000 -15.15700 7.94500 -6.39900 -5.90000 -11.50500 14.23100 3.84500 -3.08200 -2.06500 10.84400 2.73600 9.08400 7.35500 11.05800 9.98900 15.03500
77.00000 -17.59800 3.55000 -5.42200 -7.85300 -11.50500 3.97700 0.42700 -5.52400 -2.06500 8.40300 0.78300 6.64300 7.35500 9.59300 9.50100 14.54700
78.00000 -19.55200 -0.84400 -3.95700 -8.83000 -9.06400 -7.25300 -2.99100 -6.50000 -1.08800 6.44900 -1.65800 3.71300 6.37800 6.17500 7.06000 11.12900
79.00000 -20.52800 -1.82100 -4.44500 -7.85300 -6.62200 -12.62400 -4.94400 -6.01200 0.37600 4.98500 -4.10000 0.29500 4.91300 1.78000 3.64200 5.75800
80.00000 -20.04000 0.62100 -6.88700 -5.41200 -4.66900 -8.71800 -5.43200 -5.52400 0.37600 3.03100 -7.51700 -2.63500 2.47200 -2.12600 -0.26400 1.85100
81.00000 -18.57500 3.55000 -11.28100 -2.97000 -5.15700 1.53600 -4.94400 -4.54700 -1.08800 0.59000 -11.42400 -4.10000 0.51900 -4.56700 -3.68200 -0.10200
82.00000 -17.11000 5.01500 -14.69900 -1.99400 -6.62200 10.32500 -3.96700 -3.57100 -3.53000 -1.85100 -14.84200 -4.58800 -1.43400 -6.52100 -6.12400 -0.59000
83.00000 -16.13400 3.55000 -15.67600 -1.99400 -7.59900 11.79000 -3.96700 -2.59400 -5.97100 -3.31600 -16.79500 -4.58800 -2.89900 -7.98500 -8.56500 -2.05500
84.00000 -16.13400 1.10900 -12.74600 -2.48200 -8.57500 5.44200 -3.47900 -1.12900 -6.46000 -2.82800 -17.28300 -4.10000 -4.85200 -9.45000 -10.51800 -4.00800
85.00000 -17.11000 0.13200 -7.37500 -3.45900 -7.59900 -5.30000 -2.01400 -0.15300 -4.99500 -0.38700 -16.30700 -3.61100 -5.34100 -9.93900 -11.00700 -5.96100
86.00000 -17.59800 0.62100 -2.00400 -4.43500 -6.62200 -14.57700 1.40400 0.33600 -2.55300 3.03100 -14.35300 -2.63500 -5.34100 -8.96200 -10.03000 -6.93800
87.00000 -18.57500 0.62100 -0.05100 -4.43500 -4.18100 -18.48300 4.33300 0.33600 0.86500 5.96100 -12.88900 -1.65800 -4.85200 -6.03200 -7.58900 -4.98500
88.00000 -19.55200 -0.35600 -1.51600 -4.43500 -1.74000 -14.57700 5.31000 -0.15300 3.79400 7.91400 -12.40000 0.29500 -3.38700 -2.12600 -5.14700 -1.07800
89.00000 -19.55200 -0.35600 -5.91000 -3.45900 1.19000 -5.30000 4.33300 -1.12900 5.25900 9.37900 -12.88900 1.27200 -0.94600 1.78000 -3.68200 2.34000
90.00000 -19.06300 0.62100 -9.81600 -1.99400 1.67800 5.93100 0.91600 -2.10600 5.25900 10.84400 -12.88900 1.27200 1.00700 5.19800 -4.17100 4.78100
91.00000 -17.59800 3.55000 -11.28100 -1.01700 0.21400 14.72000 -1.52600 -3.08200 4.28300 11.82000 -12.40000 0.29500 2.47200 6.17500 -4.65900 4.78100
92.00000 -15.64500 5.99200 -10.30500 -0.52900 -2.71600 16.67300 -1.52600 -3.57100 2.81800 11.82000 -11.42400 -0.68200 2.96000 5.68600 -5.14700 3.31600
93.00000 -15.64500 5.99200 -7.86300 -0.52900 -5.15700 10.81300 0.42700 -3.57100 1.35300 9.86700 -10.93500 -1.17000 1.98400 3.73300 -5.63600 1.36300
94.00000 -16.62200 2.57400 -7.37500 -1.01700 -5.15700 0.55900 1.89200 -3.08200 -0.11200 6.93800 -10.93500 -1.17000 0.51900 0.80400 -6.12400 -0.10200
95.00000 -18.57500 -1.33300 -8.84000 -1.99400 -3.20400 -8.23000 1.40400 -2.10600 -0.60000 4.00800 -11.91200 -0.68200 -0.94600 -2.12600 -7.10000 -1.07800
96.00000 -21.01600 -3.28600 -11.77000 -1.99400 0.70200 -10.18300 -1.52600 -0.64100 -0.60000 2.05500 -12.40000 -0.19300 -1.43400 -5.05600 -7.58900 -1.56700
97.00000 -21.99300 -1.82100 -13.23400 -1.99400 2.65500 -5.78800 -4.45600 -0.15300 -0.60000 1.07800 -12.40000 0.78300 -1.43400 -7.49700 -8.07700 -1.07800
98.00000 -22.48100 0.62100 -12.25800 -1.50600 2.16700 1.04800 -5.92000 0.33600 -0.60000 0.10200 -11.42400 1.76000 -1.43400 -9.45000 -7.10000 -1.07800
99.00000 -21.50500 1.10900 -10.30500 -1.99400 -0.76300 5.44200 -4.94400 -0.15300 -0.11200 -1.36300 -9.95900 3.22500 -1.92300 -11.40300 -5.63600 -0.59000
100.00000 -21.01600 -1.82100 -9.32800 -2.97000 -3.20400 3.48900 -2.01400 -1.12900 0.37600 -3.31600 -10.44700 3.22500 -2.89900 -12.86800 -5.14700 -0.59000
101.00000 -20.52800 -6.70400 -10.79300 -3.94700 -3.69300 -2.85800 -0.06100 -2.59400 1.35300 -5.26900 -12.40000 1.76000 -3.87600 -13.84500 -6.61200 -1.56700
102.00000 -20.04000 -8.65700 -13.72300 -3.94700 -3.20400 -9.20600 -1.03800 -4.05900 2.33000 -6.24600 -15.81800 -1.65800 -3.87600 -13.35700 -9.54200 -3.03100
103.00000 -19.55200 -5.72700 -15.67600 -2.97000 -2.22800 -12.62400 -3.96700 -4.54700 2.81800 -6.73400 -18.74800 -4.58800 -3.38700 -13.35700 -11.98300 -4.49600
104.00000 -18.57500 -0.35600 -13.72300 -1.50600 -2.71600 -11.15900 -6.40900 -4.54700 2.33000 -7.22200 -19.72500 -5.56400 -2.41100 -12.38000 -12.47200 -5.47300
105.00000 -18.08700 3.55000 -8.84000 -0.52900 -5.15700 -7.25300 -6.89700 -3.57100 1.35300 -8.19900 -19.23600 -5.07600 -1.92300 -12.86800 -11.00700 -4.98500
106.00000 -18.08700 0.62100 -4.44500 -1.01700 -7.59900 -3.83500 -5.43200 -2.59400 -0.11200 -9.17600 -17.28300 -3.12300 -1.92300 -13.35700 -7.58900 -3.03100
107.00000 -18.08700 -6.70400 -2.49200 -2.48200 -8.57500 -3.34700 -3.96700 -1.61700 -1.57700 -10.64000 -15.81800 -1.17000 -2.41100 -14.33300 -5.14700 -2.05500
108.00000 -19.06300 -14.51600 -5.42200 -3.94700 -6.13400 -5.78800 -3.96700 -1.61700 -2.55300 -10.64000 -16.79500 -1.17000 -2.89900 -14.82100 -5.63600 -2.54300
109.00000 -20.04000 -15.98100 -10.30500 -3.94700 -3.69300 -10.67100 -5.92000 -1.61700 -3.04200 -10.64000 -18.74800 -2.63500 -3.38700 -15.79800 -8.07700 -4.00800
110.00000 -21.01600 -10.61000 -14.21100 -2.97000 -2.22800 -14.57700 -8.85000 -1.61700 -3.04200 -10.15200 -21.18900 -4.58800 -3.38700 -16.77400 -11.98300 -6.93800
111.00000 -20.52800 -1.82100 -16.16400 -1.99400 -3.20400 -16.04200 -10.31500 -1.61700 -3.53000 -10.64000 -22.65400 -6.05300 -4.36400 -17.75100 -15.40100 -9.37900
112.00000 -19.06300 3.55000 -14.21100 -1.01700 -5.15700 -14.08900 -9.33800 -1.61700 -4.50600 -11.61700 -22.65400 -6.05300 -5.82900 -17.75100 -16.37800 -10.35600
113.00000 -16.62200 2.57400 -10.30500 -1.01700 -6.13400 -9.69400 -6.40900 -1.61700 -4.50600 -11.12900 -21.18900 -5.56400 -6.31700 -16.77400 -15.88900 -9.86700
114.00000 -15.15700 -3.28600 -5.42200 -1.01700 -4.18100 -4.81200 -2.99100 -1.61700 -4.01800 -10.15200 -20.21300 -5.56400 -6.31700 -14.33300 -14.42500 -8.89100
115.00000 -14.66900 -9.63300 -1.02700 -1.01700 -0.76300 -1.39400 -1.52600 -2.10600 -3.04200 -7.22200 -19.72500 -6.05300 -5.34100 -11.40300 -13.44800 -7.42600
116.00000 -16.13400 -11.58700 0.43700 -1.01700 2.16700 0.55900 -1.03800 -2.10600 -1.08800 -3.80500 -19.72500 -6.05300 -2.89900 -7.98500 -12.47200 -5.96100
117.00000 -17.59800 -8.65700 -1.51600 -1.50600 2.65500 0.07100 -0.54900 -2.10600 0.86500 -1.36300 -18.74800 -5.07600 -0.45800 -5.54400 -11.00700 -4.00800
118.00000 -18.08700 -4.26200 -5.42200 -2.97000 0.70200 -1.88200 -0.06100 -1.61700 1.84100 0.59000 -16.30700 -2.63500 1.49500 -3.10300 -8.56500 -2.05500
119.00000 -17.59800 -3.28600 -9.81600 -4.43500 -1.74000 -4.32300 -0.06100 -1.61700 1.84100 2.05500 -13.86500 -0.19300 2.47200 -0.17300 -6.12400 0.38700
120.00000 -16.13400 -5.72700 -12.25800 -6.38800 -2.22800 -6.27600 -0.54900 -1.61700 1.84100 3.03100 -11.42400 2.24800 2.96000 3.24500 -3.68200 2.82800
121.00000 -15.64500 -8.65700 -12.25800 -6.87700 -0.27500 -6.76500 -2.01400 -1.61700 2.33000 4.49600 -9.47100 3.22500 2.47200 5.68600 -1.24100 4.29300
122.00000 -16.62200 -8.65700 -9.81600 -6.87700 2.16700 -4.32300 -1.52600 -1.12900 2.81800 5.96100 -7.51700 3.22500 2.47200 7.64000 0.71200 5.26900
123.00000 -18.08700 -5.23900 -6.88700 -5.41200 3.14300 0.55900 1.40400 -0.64100 3.79400 7.42600 -5.07600 3.71300 2.47200 7.64000 2.66500 5.75800
124.00000 -18.08700 -0.84400 -4.44500 -3.94700 2.65500 4.46600 6.77500 -0.15300 4.77100 8.40300 -3.12300 4.20100 2.47200 6.66300 4.13000 6.24600
125.00000 -15.15700 0.62100 -2.00400 -1.50600 0.70200 6.41900 13.12300 0.82400 6.23600 8.89100 -1.17000 6.15400 2.96000 5.68600 5.59500 7.22200
126.00000 -10.27400 -0.84400 1.41400 -0.04100 -0.27500 5.44200 17.02900 1.80100 6.72400 9.86700 0.29500 8.10800 3.93700 6.17500 7.06000 9.66400
127.00000 -4.90300 -2.30900 4.83200 1.91200 0.21400 2.51300 16.54100 2.28900 7.21200 10.35600 1.76000 10.54900 5.40200 8.12800 9.01300 12.10500
128.00000 -1.48500 -0.84400 7.27300 2.88900 2.16700 1.53600 13.61100 3.26500 7.70100 10.84400 2.73600 12.01400 6.37800 9.59300 11.45400 15.03500
129.00000 -0.50900 4.52700 6.29700 3.86600 3.63200 3.48900 10.19300 4.24200 8.18900 10.84400 3.71300 12.50200 7.35500 10.56900 13.40700 16.50000
130.00000 -1.97300 9.89800 2.39100 4.35400 4.12000 7.88400 8.72800 5.21900 7.70100 10.35600 3.22500 12.01400 6.37800 9.10400 13.89600 16.01200
131.00000 -3.92700 12.33900 -2.98100 4.35400 4.12000 11.30200 9.21600 6.19500 7.70100 8.89100 2.24800 11.03700 4.91300 6.17500 12.91900 14.05800
132.00000 -5.39100 10.38600 -5.42200 4.84200 3.63200 12.27800 9.21600 7.17200 7.21200 6.44900 -0.19300 10.54900 2.96000 1.78000 9.98900 11.12900
133.00000 -4.90300 5.99200 -3.95700 6.79500 5.09600 10.32500 8.24000 8.14800 7.21200 3.03100 -2.63500 9.57200 1.49500 -2.12600 6.57100 8.19900
134.00000 -3.92700 3.55000 1.90200 8.26000 7.05000 6.41900 5.31000 8.14800 7.21200 -0.87500 -4.58800 9.57200 0.51900 -5.05600 3.64200 6.24600
135.00000 -2.95000 4.03800 8.25000 9.72500 8.02600 2.51300 2.86900 8.14800 7.21200 -3.80500 -6.05300 8.59600 0.03100 -7.00900 1.68900 5.75800
136.00000 -2.95000 5.01500 12.15600 10.21300 7.05000 -0.41700 3.35700 8.14800 7.21200 -5.26900 -7.51700 8.10800 0.03100 -7.49700 0.71200 6.24600
137.00000 -3.43800 4.03800 10.69100 8.74800 3.63200 -1.39400 6.77500 8.14800 7.21200 -4.78100 -8.49400 7.61900 0.51900 -7.49700 0.71200 6.24600
138.00000 -4.41500 0.13200 5.32000 6.30700 0.21400 0.07100 10.68100 7.66000 7.70100 -2.82800 -9.95900 7.13100 1.00700 -6.52100 0.71200 6.24600
139.00000 -4.90300 -4.26200 -2.00400 3.37700 -1.25100 3.48900 11.65800 6.68300 8.67700 -0.38700 -11.91200 7.13100 1.49500 -5.05600 0.71200 5.75800
140.00000 -5.39100 -5.72700 -7.37500 1.42400 0.21400 6.90700 9.21600 6.19500 9.65400 1.07800 -13.37700 6.64300 2.47200 -4.56700 0.22400 5.26900
141.00000 -6.36800 -3.28600 -7.37500 0.44800 2.16700 6.90700 4.82200 5.21900 9.65400 1.56700 -14.84200 6.15400 2.96000 -4.07900 -1.24100 5.26900
142.00000 -7.83300 1.59700 -2.49200 0.93600 3.14300 2.02400 1.89200 4.24200 9.65400 1.07800 -15.33000 5.66600 3.44800 -4.07900 -2.21800 5.75800
143.00000 -9.78600 4.52700 4.34400 1.91200 2.16700 -5.78800 1.89200 4.73000 8.67700 1.07800 -13.86500 6.15400 3.93700 -3.59100 -3.19400 7.22200
144.00000 -10.27400 2.08500 9.71500 3.37700 0.21400 -11.64800 4.82200 6.19500 8.18900 1.56700 -11.42400 7.61900 4.91300 -2.12600 -2.21800 8.68700
145.00000 -9.78600 -4.26200 12.15600 3.86600 -0.76300 -11.15900 8.24000 7.66000 8.18900 3.52000 -8.00600 9.57200 6.37800 0.80400 0.22400 10.64000
146.00000 -8.80900 -10.61000 10.20300 4.84200 -0.27500 -3.83500 9.70500 8.63600 8.18900 4.98500 -3.61100 11.52500 7.84300 3.73300 3.15300 12.10500
147.00000 -7.34500 -12.56300 5.80900 5.33000 1.19000 6.41900 9.70500 9.12500 8.18900 5.47300 -0.19300 11.52500 8.82000 6.66300 6.57100 13.57000
148.00000 -7.34500 -9.14500 1.41400 5.33000 0.70200 12.27800 9.21600 8.63600 8.18900 4.98500 2.24800 11.03700 9.30800 8.61600 9.01300 15.03500
149.00000 -7.83300 -2.79700 -1.51600 5.81900 -0.76300 11.79000 10.68100 9.12500 8.67700 4.49600 3.71300 10.54900 9.79600 10.08100 11.45400 16.50000
150.00000 -8.32100 3.55000 -2.49200 6.30700 -2.22800 6.90700 13.61100 9.61300 9.65400 5.96100 5.17800 10.06100 10.77300 12.03400 13.40700 18.94100
151.00000 -7.34500 7.45600 0.43700 6.30700 -2.71600 3.00100 17.51700 11.07800 10.63000 9.37900 7.61900 11.52500 11.26100 13.98700 14.87200 20.89400
152.00000 -4.41500 8.43300 5.80900 6.30700 -0.27500 4.46600 19.95800 12.54300 10.63000 12.79700 11.03700 14.94300 12.23800 15.94000 16.33700 22.84700
153.00000 -0.02000 6.96800 13.13300 6.79500 3.14300 9.34900 20.93500 14.00800 9.65400 15.72700 13.47900 17.87300 12.23800 17.40500 17.80200 24.31200
154.00000 2.90900 5.01500 18.99200 7.77200 5.09600 13.74300 20.44700 14.00800 8.18900 15.72700 14.45500 19.33800 11.74900 17.40500 18.77800 24.31200
155.00000 2.90900 2.57400 19.96900 8.26000 5.58500 12.27800 18.98200 13.51900 6.72400 13.28500 13.47900 18.36100 10.77300 16.91700 19.26700 24.31200
156.00000 0.46800 1.10900 16.55100 8.26000 5.09600 7.88400 17.02900 12.54300 7.21200 11.33200 11.03700 16.40800 10.77300 15.94000 19.26700 23.82400
157.00000 -2.46200 1.59700 9.71500 7.77200 5.58500 4.46600 15.07600 11.07800 9.65400 10.35600 8.10800 12.99000 10.77300 14.47600 18.77800 22.84700
158.00000 -3.43800 4.03800 3.85500 6.79500 7.53800 6.90700 12.63400 9.61300 12.58300 11.33200 5.17800 10.54900 11.26100 13.49900 17.31400 21.87100
159.00000 -2.46200 7.45600 1.41400 5.81900 9.49100 15.20800 10.68100 8.14800 14.53700 12.79700 2.24800 8.59600 11.26100 11.54600 14.38400 20.89400
160.00000 -0.50900 9.89800 2.87900 5.33000 9.49100 22.53200 8.72800 6.68300 14.04800 12.79700 -0.19300 6.64300 9.30800 9.59300 11.45400 19.43000
161.00000 0.46800 9.89800 6.29700 5.81900 7.05000 22.53200 7.26300 6.19500 12.58300 9.86700 -2.14600 6.15400 6.86600 7.15100 9.01300 18.94100
162.00000 -0.02000 6.96800 9.71500 5.33000 3.14300 14.23100 5.79800 6.19500 10.63000 4.98500 -4.10000 5.17800 5.40200 4.22200 7.54800 18.45300
163.00000 -0.99700 2.57400 11.66800 5.33000 0.21400 3.00100 4.82200 6.68300 10.63000 0.59000 -4.58800 4.20100 4.42500 2.26800 8.03600 17.96500
164.00000 -1.48500 0.62100 12.15600 4.84200 -0.76300 -2.37000 4.33300 7.17200 11.60700 -1.85100 -5.07600 3.71300 4.91300 0.31500 8.52500 16.98800
165.00000 -0.50900 1.10900 12.15600 3.37700 0.70200 1.53600 3.84500 7.17200 13.07200 -1.85100 -5.07600 3.71300 5.40200 -0.66100 8.03600 15.52300
166.00000 -0.02000 4.52700 11.18000 2.40100 3.14300 11.30200 3.35700 6.68300 13.56000 -0.38700 -6.54100 3.71300 5.40200 -0.66100 6.57100 13.57000
167.00000 -0.99700 5.99200 7.76200 2.88900 4.60800 18.13800 2.86900 6.68300 13.07200 1.07800 -8.98200 4.20100 4.42500 -0.66100 4.13000 12.10500
168.00000 -3.92700 5.01500 2.87900 4.35400 5.09600 16.67300 2.38000 7.17200 12.58300 2.54300 -10.93500 4.69000 3.44800 0.80400 2.66500 11.12900
169.00000 -6.36800 1.59700 -0.53900 6.30700 5.58500 7.39500 2.38000 8.14800 12.58300 3.03100 -12.40000 4.69000 3.44800 1.29200 2.17700 11.12900
170.00000 -5.88000 -1.33300 0.43700 8.74800 6.07300 -2.85800 4.33300 8.14800 13.07200 2.54300 -11.91200 4.69000 4.42500 2.75700 2.66500 11.61700
171.00000 -2.95000 -0.84400 6.29700 10.70100 7.05000 -5.78800 7.75100 8.63600 14.53700 2.54300 -9.95900 5.17800 5.89000 3.24500 4.13000 12.10500
172.00000 0.95600 3.55000 14.10900 11.19000 7.05000 -0.90500 10.19300 8.63600 15.02500 3.03100 -7.02900 6.15400 6.86600 3.73300 5.59500 13.08200
173.00000 2.42100 8.43300 18.99200 10.70100 6.07300 7.39500 11.65800 9.61300 14.53700 3.52000 -4.10000 7.61900 7.35500 5.19800 8.03600 15.03500
174.00000 0.95600 10.38600 17.52700 10.21300 4.60800 12.27800 11.16900 10.59000 12.58300 4.00800 -0.68200 9.57200 7.84300 6.66300 10.96600 16.50000
175.00000 -0.50900 7.94500 11.66800 9.72500 3.63200 12.27800 11.16900 11.56600 11.11900 4.49600 2.73600 11.52500 7.35500 8.61600 14.87200 18.45300
176.00000 -0.02000 3.06200 6.29700 9.72500 3.63200 8.86000 12.63400 12.05400 10.63000 5.47300 6.64300 13.96700 7.35500 9.59300 18.29000 19.91800
177.00000 2.42100 0.62100 5.80900 10.21300 5.09600 6.90700 16.54100 12.05400 10.14200 6.44900 10.06100 15.43200 7.35500 10.56900 20.24300 19.91800
178.00000 5.35100 3.06200 9.71500 11.67800 7.53800 7.88400 20.44700 11.56600 10.63000 8.40300 12.50200 15.92000 7.35500 10.56900 18.77800 19.43000
179.00000 5.83900 8.43300 14.59800 12.65500 9.49100 9.83700 22.40000 11.07800 10.63000 10.35600 12.50200 14.94300 6.37800 10.08100 15.84900 17.96500
180.00000 3.39800 12.33900 15.08600 13.14300 10.95600 9.83700 20.93500 11.07800 10.14200 10.35600 10.54900 12.99000 4.91300 8.61600 12.43100 16.50000
181.00000 0.46800 11.85100 10.69100 13.14300 11.93200 7.39500 17.02900 11.07800 10.14200 9.86700 7.13100 10.54900 2.96000 6.66300 10.47800 14.54700
182.00000 -1.48500 7.94500 3.85500 12.65500 12.42100 3.97700 12.63400 10.59000 9.65400 7.91400 3.22500 8.59600 1.49500 3.73300 9.01300 13.57000
183.00000 -0.50900 4.03800 -0.05100 11.19000 11.93200 3.00100 9.70500 9.61300 9.65400 6.44900 -0.19300 7.13100 0.51900 1.29200 8.52500 12.10500
184.00000 0.95600 2.57400 1.90200 10.21300 9.97900 6.41900 9.21600 8.14800 9.65400 5.47300 -2.63500 7.13100 0.03100 -0.17300 7.54800 10.64000
185.00000 1.93300 3.55000 7.76200 8.26000 7.05000 12.76700 9.70500 7.17200 8.18900 4.49600 -3.61100 6.64300 0.03100 -0.66100 6.08300 8.68700
186.00000 1.93300 4.52700 13.13300 7.28400 4.12000 18.13800 10.19300 6.68300 7.21200 3.03100 -4.10000 5.66600 0.03100 -0.66100 3.64200 6.73400
187.00000 1.93300 5.01500 12.64400 6.30700 2.16700 19.60200 9.70500 6.19500 7.21200 1.56700 -5.07600 4.20100 0.51900 -0.17300 1.68900 5.26900
188.00000 1.93300 5.01500 6.78500 5.33000 1.19000 15.69600 8.72800 6.19500 7.70100 0.59000 -5.56400 3.71300 1.98400 -0.66100 1.20000 5.26900
189.00000 2.42100 5.99200 -0.53900 5.81900 1.67800 8.86000 8.24000 5.70700 9.65400 0.10200 -6.05300 3.71300 2.96000 -1.63800 2.17700 6.24600
190.00000 1.44400 8.43300 -3.95700 6.79500 2.65500 2.02400 8.24000 5.70700 10.14200 0.59000 -6.54100 5.17800 3.44800 -3.59100 3.64200 8.19900
191.00000 -0.50900 10.38600 -0.53900 7.77200 3.63200 -0.90500 7.26300 5.21900 9.65400 0.59000 -6.54100 7.13100 1.98400 -6.03200 4.61800 9.17600
192.00000 -3.43800 8.92100 5.80900 8.74800 4.12000 0.07100 6.28700 5.70700 7.70100 -0.38700 -6.05300 8.10800 -0.94600 -8.47400 4.61800 8.68700
193.00000 -4.41500 4.52700 10.69100 9.23700 4.12000 3.97700 6.77500 6.68300 5.25900 -3.31600 -5.56400 8.59600 -5.34100 -10.42700 3.15300 7.22200
194.00000 -2.46200 0.13200 11.66800 9.23700 3.14300 6.90700 8.24000 7.17200 3.30600 -5.75800 -5.56400 7.13100 -8.75900 -12.86800 1.20000 5.26900
195.00000 0.95600 -1.82100 9.22600 9.23700 1.67800 5.93100 11.65800 8.14800 2.33000 -8.19900 -6.05300 6.15400 -10.22300 -14.82100 -0.75300 3.80500
196.00000 2.42100 -0.35600 6.29700 8.26000 0.21400 1.04800 14.58700 8.14800 2.33000 -9.17600 -6.54100 5.66600 -10.71200 -16.28600 -2.70600 2.82800
197.00000 0.95600 2.57400 4.34400 6.79500 -1.74000 -5.30000 14.58700 7.17200 1.84100 -9.17600 -7.51700 5.17800 -9.73500 -16.77400 -4.17100 1.85100
198.00000 -3.43800 3.55000 3.85500 4.84200 -2.71600 -8.71800 12.14600 5.70700 1.35300 -9.17600 -8.49400 5.66600 -8.75900 -16.28600 -5.14700 0.87500
199.00000 -9.29800 0.62100 1.41400 2.40100 -3.69300 -6.76500 8.24000 4.73000 0.37600 -9.66400 -8.98200 5.66600 -8.27000 -14.82100 -5.14700 0.87500
200.00000 -12.71600 -3.77400 -2.98100 0.93600 -5.15700 -1.39400 4.82200 4.24200 0.37600 -10.15200 -8.98200 6.64300 -7.29400 -13.35700 -3.68200 0.87500
201.00000 -13.69200 -7.19200 -8.84000 0.44800 -7.59900 3.97700 4.33300 3.75400 0.86500 -9.66400 -7.02900 8.10800 -5.82900 -11.40300 -0.75300 2.34000
202.00000 -12.71600 -7.68000 -12.74600 -0.04100 -9.55200 4.95400 4.82200 3.75400 2.81800 -7.71100 -4.10000 10.54900 -3.38700 -8.96200 1.68900 4.78100
203.00000 -11.73900 -5.72700 -14.21100 -1.01700 -10.04000 2.02400 4.82200 2.77700 5.74700 -4.78100 -2.14600 11.52500 -0.94600 -6.52100 3.64200 6.73400
204.00000 -12.71600 -2.79700 -13.23400 -2.48200 -8.08700 -2.85800 2.38000 0.33600 7.70100 -1.36300 -2.14600 10.54900 1.00700 -4.07900 3.15300 7.22200
205.00000 -14.18100 -1.82100 -13.23400 -4.92400 -5.15700 -5.78800 -1.03800 -2.59400 9.65400 0.59000 -4.10000 7.61900 1.49500 -1.63800 0.71200 6.73400
206.00000 -16.62200 -2.79700 -15.18800 -7.36500 -3.69300 -6.27600 -3.47900 -5.52400 11.11900 2.05500 -7.02900 4.20100 1.49500 0.80400 -2.21800 5.75800
207.00000 -18.57500 -6.21500 -18.11700 -8.34100 -4.18100 -4.81200 -3.47900 -6.98900 11.60700 1.56700 -8.98200 2.24800 1.00700 3.24500 -5.14700 5.26900
208.00000 -19.55200 -9.14500 -19.09400 -8.34100 -5.64600 -3.83500 -1.52600 -7.47700 11.11900 1.07800 -9.95900 1.76000 0.51900 4.71000 -5.63600 6.24600
209.00000 -19.55200 -11.09800 -16.65200 -7.36500 -6.62200 -3.34700 0.91600 -6.01200 10.14200 1.07800 -9.47100 3.22500 1.00700 5.19800 -5.14700 7.22200
210.00000 -17.59800 -10.61000 -12.25800 -5.41200 -5.64600 -0.41700 2.86900 -4.54700 9.16500 1.07800 -7.51700 4.69000 1.00700 4.22200 -3.19400 8.68700
211.00000 -15.64500 -8.16900 -7.37500 -3.45900 -2.71600 4.46600 3.84500 -3.08200 8.67700 1.56700 -5.56400 5.66600 1.49500 3.73300 -0.75300 10.15200
212.00000 -13.69200 -3.77400 -5.42200 -1.99400 -0.76300 8.86000 5.79800 -1.61700 8.18900 3.03100 -4.10000 5.66600 1.98400 4.22200 1.20000 11.12900
213.00000 -12.71600 0.62100 -7.37500 -0.52900 -1.74000 10.32500 8.24000 0.33600 7.70100 4.49600 -3.12300 6.64300 2.47200 5.68600 3.15300 12.10500
214.00000 -12.22700 4.03800 -11.28100 0.93600 -4.66900 6.90700 10.19300 2.28900 6.23600 4.98500 -4.10000 7.13100 2.96000 7.64000 3.64200 13.57000
215.00000 -11.73900 4.52700 -13.23400 2.40100 -7.59900 1.04800 10.68100 3.75400 4.77100 4.98500 -6.54100 8.10800 2.96000 8.12800 4.13000 14.05800
216.00000 -10.76300 3.06200 -11.28100 3.86600 -7.59900 -3.34700 9.21600 4.73000 3.79400 3.52000 -9.47100 8.59600 1.98400 7.64000 3.64200 14.54700
217.00000 -9.78600 0.62100 -5.91000 4.35400 -5.64600 -2.85800 6.77500 4.24200 3.30600 1.07800 -11.42400 8.10800 0.51900 5.19800 3.64200 13.57000
218.00000 -9.29800 -0.35600 0.43700 3.86600 -2.71600 2.02400 6.28700 2.77700 2.81800 -1.36300 -11.91200 7.13100 -1.92300 1.78000 4.13000 12.10500
219.00000 -9.78600 0.62100 2.87900 3.37700 -1.25100 8.37200 7.75100 1.31200 2.81800 -3.80500 -9.95900 6.64300 -4.36400 -2.61400 4.13000 10.64000
220.00000 -10.27400 1.59700 0.43700 2.88900 -2.22800 12.76700 10.68100 0.33600 2.33000 -5.75800 -8.00600 7.13100 -7.29400 -6.52100 4.13000 9.66400
221.00000 -10.76300 1.10900 -4.44500 3.86600 -3.20400 12.27800 12.63400 0.82400 1.35300 -7.22200 -6.54100 7.61900 -9.73500 -11.40300 3.15300 8.19900
222.00000 -10.76300 -0.84400 -9.32800 4.84200 -3.20400 7.39500 11.65800 1.31200 0.37600 -9.66400 -7.02900 7.61900 -12.17700 -15.31000 0.71200 6.24600
223.00000 -10.76300 -3.77400 -11.28100 4.84200 -1.74000 -0.90500 8.72800 1.31200 -0.60000 -11.61700 -8.98200 7.61900 -13.64100 -18.72800 -1.72900 3.80500
224.00000 -11.73900 -4.26200 -10.30500 3.86600 -1.25100 -9.69400 5.79800 0.82400 -1.08800 -14.54700 -10.93500 7.13100 -14.13000 -20.68100 -3.19400 1.36300
225.00000 -14.18100 -0.35600 -8.35200 2.40100 -2.22800 -14.08900 4.82200 1.31200 -1.57700 -16.50000 -11.91200 7.61900 -13.15300 -21.16900 -3.19400 -0.10200
226.00000 -17.11000 5.99200 -5.91000 1.91200 -5.64600 -11.15900 6.28700 1.80100 -1.57700 -16.98800 -11.42400 9.08400 -11.68800 -21.16900 -2.21800 -0.59000
227.00000 -19.06300 10.38600 -3.95700 2.88900 -9.06400 -2.85800 7.75100 3.26500 -1.08800 -16.98800 -10.93500 10.54900 -10.22300 -21.16900 -1.72900 -0.59000
228.00000 -19.06300 8.92100 -2.49200 4.35400 -9.55200 5.93100 7.75100 4.24200 -0.11200 -16.01200 -11.42400 10.54900 -8.75900 -21.16900 -3.19400 -1.07800
229.00000 -18.08700 2.08500 -2.00400 5.81900 -7.11100 8.86000 4.33300 4.24200 1.84100 -14.54700 -12.88900 9.08400 -8.75900 -20.68100 -5.63600 -2.05500
230.00000 -18.08700 -7.19200 -4.44500 4.84200 -3.69300 3.48900 -1.03800 1.80100 4.28300 -13.57000 -15.33000 6.15400 -8.75900 -18.72800 -9.05400 -3.52000
231.00000 -20.52800 -14.02800 -9.81600 1.42400 -2.22800 -6.27600 -5.43200 -1.61700 6.23600 -12.59400 -17.77100 3.22500 -7.78200 -15.31000 -11.49500 -3.52000
232.00000 -24.43400 -15.00400 -17.14100 -2.48200 -3.69300 -14.08900 -7.38500 -4.54700 7.21200 -11.61700 -19.23600 1.76000 -5.82900 -10.42700 -11.00700 -1.07800
233.00000 -27.36400 -12.07500 -21.53500 -5.41200 -6.62200 -14.57700 -5.43200 -6.01200 7.70100 -9.66400 -17.77100 3.22500 -2.41100 -4.56700 -8.07700 2.82800
234.00000 -27.85200 -8.16900 -21.04700 -5.41200 -9.06400 -8.71800 -2.01400 -5.52400 9.16500 -6.73400 -14.35300 5.66600 1.49500 0.80400 -3.68200 8.68700
235.00000 -26.38800 -5.72700 -15.67600 -4.43500 -9.06400 -1.39400 2.38000 -4.54700 11.11900 -4.29300 -8.98200 9.57200 4.91300 5.19800 1.68900 13.57000
236.00000 -24.43400 -6.70400 -9.32800 -3.45900 -7.59900 2.02400 4.33300 -3.57100 12.58300 -1.85100 -5.56400 12.01400 6.86600 8.61600 6.08300 17.47600
237.00000 -23.94600 -8.16900 -5.91000 -3.45900 -7.59900 0.07100 4.82200 -3.08200 13.07200 -0.38700 -3.12300 12.50200 6.86600 10.08100 8.52500 18.94100
238.00000 -25.89900 -8.65700 -6.88700 -4.92400 -9.55200 -3.34700 3.84500 -3.08200 11.60700 -0.38700 -3.12300 12.01400 6.37800 9.10400 8.52500 18.45300
239.00000 -28.34100 -8.65700 -10.30500 -6.38800 -11.01700 -4.81200 1.89200 -3.08200 9.16500 -1.36300 -5.07600 10.06100 4.42500 6.66300 7.54800 16.98800
240.00000 -29.80600 -8.16900 -14.21100 -6.38800 -11.01700 -2.37000 -0.06100 -3.08200 7.21200 -1.36300 -7.02900 8.10800 2.47200 3.24500 5.59500 15.52300
241.00000 -28.82900 -7.19200 -15.67600 -5.90000 -7.59900 1.53600 -1.03800 -3.08200 7.21200 -1.36300 -7.51700 7.13100 1.00700 1.29200 4.13000 14.05800
242.00000 -25.89900 -5.72700 -15.67600 -4.92400 -3.69300 3.00100 -1.52600 -3.08200 8.18900 -0.87500 -6.54100 6.15400 0.03100 1.29200 3.15300 13.57000
243.00000 -22.97000 -3.28600 -14.21100 -3.94700 -1.74000 2.02400 -0.54900 -2.59400 9.65400 -0.87500 -5.56400 5.66600 -0.94600 1.78000 3.15300 13.57000
244.00000 -20.04000 -0.84400 -11.77000 -1.99400 -2.22800 0.55900 1.40400 -1.61700 9.65400 -0.87500 -4.10000 5.66600 -1.92300 3.24500 3.15300 13.08200
245.00000 -18.57500 0.13200 -6.88700 -0.04100 -4.66900 1.04800 4.82200 0.33600 8.67700 -1.36300 -3.12300 5.66600 -2.89900 3.24500 3.15300 13.08200
246.00000 -17.59800 -0.84400 -0.53900 2.40100 -6.13400 4.46600 7.75100 1.80100 7.21200 -1.85100 -3.12300 5.66600 -3.87600 2.26800 1.68900 11.61700
247.00000 -17.11000 -1.33300 4.83200 4.35400 -5.15700 7.88400 10.19300 2.77700 6.72400 -1.85100 -3.61100 5.17800 -4.36400 -0.17300 0.71200 10.15200
248.00000 -16.13400 -1.33300 7.27300 4.35400 -2.22800 8.86000 10.68100 1.80100 7.70100 -1.85100 -5.07600 5.17800 -4.36400 -2.61400 -0.26400 8.19900
249.00000 -16.62200 0.13200 5.32000 2.40100 -0.76300 6.41900 9.70500 0.33600 8.67700 -2.82800 -7.02900 5.17800 -3.87600 -4.56700 -1.72900 6.73400
250.00000 -17.59800 0.62100 -0.05100 -0.04100 -1.25100 2.02400 7.75100 -1.12900 9.16500 -5.26900 -8.98200 5.66600 -3.38700 -7.00900 -2.21800 5.75800
251.00000 -20.04000 -0.84400 -5.91000 -2.48200 -3.69300 -0.41700 5.31000 -2.10600 8.67700 -8.68700 -11.42400 5.17800 -3.87600 -10.42700 -3.68200 3.80500
252.00000 -23.45800 -4.75100 -10.30500 -2.97000 -6.13400 -0.41700 2.86900 -2.10600 7.21200 -12.59400 -13.86500 3.71300 -5.34100 -14.82100 -5.14700 0.87500
253.00000 -26.87600 -9.14500 -12.25800 -2.48200 -7.11100 1.53600 0.42700 -2.59400 6.72400 -15.52300 -15.81800 2.24800 -6.80500 -19.21600 -7.10000 -2.05500
254.00000 -28.34100 -11.09800 -12.25800 -2.48200 -6.13400 2.51300 -2.50200 -2.10600 6.72400 -16.01200 -17.28300 0.78300 -7.29400 -22.14600 -9.05400 -4.00800
255.00000 -28.34100 -9.63300 -11.77000 -3.45900 -5.64600 1.04800 -3.47900 -3.08200 6.72400 -14.54700 -17.77100 0.29500 -6.31700 -21.16900 -9.54200 -3.52000
256.00000 -26.87600 -7.19200 -10.79300 -4.43500 -6.13400 -2.85800 -3.47900 -3.57100 7.21200 -12.10500 -16.30700 0.78300 -3.87600 -17.26300 -8.56500 -0.10200
