1.00000 -3.54000 -5.02500 -2.57400 -2.48200 -3.80500 -3.16400 -0.98700 -0.01000 -2.57400 -5.82900 -1.45500 -0.27500 -1.79000 -3.01100 -1.57700 -1.92300
2.00000 -2.56300 -3.56000 -2.57400 -2.48200 -3.31600 -3.16400 -0.98700 -0.01000 -2.08500 -3.87600 -1.45500 -0.27500 -1.30200 -2.52300 -1.57700 -0.94600
3.00000 -0.61000 -1.11900 -3.06200 -1.99400 -2.82800 -3.65200 -0.49800 -0.98700 -1.10900 -1.43400 -1.94300 -0.76300 -0.81400 -1.54600 -1.08800 -0.45800
4.00000 0.36600 0.83400 -3.55000 -1.50600 -1.85100 -2.67500 -1.47500 -1.47500 -0.62100 1.00700 -2.92000 -1.74000 -0.32600 -1.54600 -1.08800 -0.45800
5.00000 0.85400 1.32200 -4.03800 -1.50600 -1.85100 -0.23400 -2.45200 -2.45200 -1.10900 1.98400 -4.38400 -2.22800 -0.81400 -2.52300 -1.57700 -0.94600
6.00000 0.36600 0.83400 -4.52700 -1.99400 -1.85100 1.71900 -3.42800 -2.94000 -1.59700 0.03100 -5.36100 -3.20400 -1.30200 -3.49900 -2.55300 -1.43400
7.00000 -0.12200 -1.11900 -4.52700 -1.99400 -2.34000 1.71900 -4.40500 -3.42800 -3.06200 -3.38700 -6.82600 -4.18100 -2.27900 -5.45200 -4.01800 -3.38700
8.00000 -0.12200 -2.09600 -5.50300 -1.99400 -1.85100 -1.21100 -5.38100 -3.91600 -3.55000 -6.80500 -7.80200 -5.64600 -3.74300 -6.42900 -4.99500 -4.36400
9.00000 -0.12200 -2.58400 -6.48000 -1.50600 -1.36300 -4.14000 -6.35800 -4.40500 -3.55000 -7.78200 -8.77900 -6.13400 -4.23200 -6.42900 -5.97100 -5.34100
10.00000 0.85400 -1.11900 -7.94500 -1.01700 -0.38700 -5.60500 -6.35800 -4.40500 -2.57400 -5.82900 -8.77900 -6.13400 -4.72000 -6.42900 -5.97100 -5.82900
11.00000 1.34300 0.83400 -7.94500 -0.52900 0.59000 -4.14000 -6.35800 -3.91600 -1.10900 -2.89900 -7.80200 -5.15700 -4.23200 -6.42900 -5.48300 -5.34100
12.00000 2.31900 1.81100 -6.48000 -0.04100 0.59000 -1.69900 -5.87000 -3.42800 -0.62100 -0.45800 -6.33700 -3.69300 -3.74300 -5.94100 -4.99500 -4.85200
13.00000 2.31900 2.78700 -4.52700 -0.04100 0.10200 -0.72200 -4.89300 -3.42800 -0.62100 -1.43400 -4.87300 -2.71600 -3.25500 -5.94100 -4.01800 -4.36400
14.00000 3.29600 2.29900 -2.08500 0.44800 -0.38700 -2.67500 -3.91600 -2.94000 -1.59700 -4.36400 -3.40800 -1.74000 -3.25500 -5.45200 -3.04200 -3.87600
15.00000 3.78400 1.32200 -1.10900 0.93600 0.10200 -5.60500 -2.94000 -1.96300 -1.59700 -7.78200 -2.43100 -1.25100 -3.25500 -4.96400 -2.55300 -3.87600
16.00000 4.76100 0.83400 -1.10900 1.91200 1.07800 -8.53500 -1.47500 -0.98700 -1.59700 -9.73500 -1.94300 -0.76300 -2.76700 -4.47600 -2.55300 -3.38700
17.00000 4.76100 0.34600 -1.59700 2.88900 2.54300 -9.02300 -0.49800 0.47800 -1.59700 -9.73500 -1.45500 -0.27500 -2.27900 -3.49900 -2.06500 -2.41100
18.00000 4.27200 0.83400 -1.59700 3.86600 3.03100 -8.04600 0.47800 0.96600 -0.62100 -7.78200 -0.96600 -0.27500 -1.30200 -2.52300 -1.57700 -0.94600
19.00000 3.78400 1.81100 -1.10900 3.86600 3.03100 -5.11700 0.96600 1.45500 -0.13200 -4.85200 -0.47800 0.21400 0.16300 -0.57000 -1.57700 0.51900
20.00000 3.78400 2.78700 -0.13200 3.37700 2.05500 -2.18700 1.45500 0.96600 0.35600 -0.94600 -0.47800 0.70200 1.62800 1.38300 -1.08800 1.49500
21.00000 4.27200 3.27600 0.84400 2.88900 1.07800 1.23100 1.45500 0.47800 0.84400 4.42500 -0.96600 0.70200 2.11600 2.84800 -0.60000 1.98400
22.00000 5.73700 3.76400 0.84400 2.88900 1.07800 3.67200 1.45500 0.47800 1.33300 8.82000 -0.96600 0.21400 2.60400 3.33700 -1.08800 1.98400
23.00000 7.20200 2.78700 0.35600 3.37700 1.07800 4.16100 1.45500 0.96600 1.33300 9.79600 -1.94300 0.21400 2.11600 2.84800 -1.08800 1.49500
24.00000 7.20200 1.32200 -0.13200 3.37700 1.07800 1.23100 0.96600 0.96600 0.84400 6.86600 -2.43100 0.21400 1.62800 1.87200 -2.06500 1.00700
25.00000 6.22600 -1.60700 -0.13200 3.37700 1.07800 -2.67500 0.47800 1.45500 0.35600 1.49500 -2.92000 0.70200 1.13900 0.40700 -2.55300 0.03100
26.00000 4.76100 -4.53700 -0.62100 2.88900 1.07800 -6.58200 -0.98700 1.45500 -0.62100 -3.87600 -2.92000 0.21400 0.16300 -1.54600 -3.04200 -0.94600
27.00000 3.78400 -6.49000 -0.62100 2.88900 1.07800 -8.53500 -1.96300 1.45500 -1.10900 -4.85200 -2.92000 0.21400 -0.81400 -2.52300 -3.53000 -2.41100
28.00000 3.78400 -6.00200 -1.10900 3.37700 1.07800 -7.55800 -1.47500 0.96600 -0.62100 -2.41100 -1.94300 0.21400 -1.79000 -3.01100 -3.04200 -3.87600
29.00000 5.73700 -4.53700 -0.13200 3.86600 2.05500 -6.09300 -0.98700 1.45500 -0.62100 1.00700 -1.45500 -0.27500 -1.79000 -3.49900 -2.55300 -4.36400
30.00000 7.69000 -2.09600 0.35600 4.84200 2.54300 -5.60500 -0.01000 1.45500 -0.13200 2.47200 -0.96600 -0.76300 -1.79000 -3.98800 -2.06500 -4.36400
31.00000 9.15500 -1.11900 0.84400 5.33000 3.52000 -6.58200 0.47800 0.96600 0.35600 0.51900 -0.96600 -1.74000 -1.79000 -3.98800 -2.06500 -3.87600
32.00000 8.66700 -0.63100 1.33300 5.33000 4.00800 -7.07000 -0.01000 0.47800 0.84400 -3.38700 -1.94300 -2.71600 -1.30200 -3.49900 -2.55300 -3.87600
33.00000 7.69000 -1.11900 0.84400 4.84200 4.49600 -5.60500 -0.98700 -0.49800 1.33300 -5.82900 -3.40800 -3.69300 -0.81400 -3.01100 -3.53000 -3.38700
34.00000 6.71400 -1.60700 1.33300 4.35400 4.49600 -2.18700 -1.96300 -0.98700 1.82100 -5.34100 -4.38400 -3.69300 0.16300 -2.03500 -4.01800 -3.38700
35.00000 6.71400 -2.09600 2.30900 4.35400 4.00800 0.25400 -1.96300 -0.49800 2.30900 -1.43400 -3.89600 -2.71600 1.13900 -0.57000 -3.04200 -2.41100
36.00000 7.69000 -1.60700 4.26200 5.33000 4.00800 1.23100 -0.01000 0.47800 2.30900 4.42500 -2.92000 -0.76300 2.11600 1.38300 -1.57700 -0.94600
37.00000 9.15500 -2.09600 6.21500 5.81900 3.03100 -0.23400 1.94300 1.45500 2.30900 8.82000 -1.45500 0.70200 3.09200 2.36000 -0.11200 0.51900
38.00000 10.13200 -2.09600 6.70400 5.81900 2.54300 -2.67500 3.89600 1.94300 1.82100 9.79600 -0.47800 1.19000 3.58100 2.36000 0.86500 1.00700
39.00000 9.64400 -3.56000 4.75100 4.84200 1.56700 -4.62800 4.38400 1.94300 1.82100 7.35500 -0.96600 1.67800 3.09200 2.36000 0.37600 0.51900
40.00000 7.69000 -5.51400 1.82100 2.88900 0.59000 -5.11700 2.92000 1.45500 1.33300 2.96000 -1.45500 1.67800 2.60400 1.38300 -0.60000 -0.45800
41.00000 4.76100 -7.95500 -1.10900 1.42400 -0.87500 -5.11700 0.96600 0.96600 0.84400 -0.45800 -2.43100 1.67800 2.11600 0.89500 -1.57700 -1.43400
42.00000 2.31900 -10.39600 -2.08500 -0.04100 -2.34000 -5.11700 -0.49800 0.96600 -0.13200 -2.41100 -2.92000 1.67800 1.62800 0.89500 -1.57700 -0.94600
43.00000 1.34300 -12.34900 -1.10900 -0.52900 -3.80500 -5.60500 -0.98700 1.45500 -1.10900 -2.41100 -2.92000 1.67800 1.62800 0.89500 -1.08800 -0.45800
44.00000 0.85400 -12.83800 0.35600 -0.52900 -4.78100 -6.58200 -0.98700 1.45500 -2.57400 -2.41100 -2.43100 1.67800 0.65100 0.40700 -0.60000 0.03100
45.00000 1.34300 -13.32600 0.84400 -0.52900 -5.75800 -7.55800 -0.01000 1.45500 -3.06200 -2.89900 -2.92000 0.70200 -0.32600 -1.05800 -1.08800 -0.94600
46.00000 1.34300 -13.32600 0.35600 -1.01700 -5.75800 -7.55800 -0.01000 0.96600 -4.03800 -3.87600 -3.89600 -0.27500 -2.27900 -2.52300 -2.55300 -2.41100
47.00000 1.34300 -13.32600 -0.62100 -1.01700 -4.78100 -7.07000 -1.47500 -0.01000 -4.03800 -4.36400 -5.36100 -2.22800 -3.74300 -4.47600 -4.50600 -5.34100
48.00000 0.85400 -13.32600 -2.08500 -1.01700 -3.31600 -4.62800 -2.94000 -0.98700 -3.55000 -4.36400 -6.82600 -3.20400 -4.72000 -5.94100 -5.97100 -7.78200
49.00000 0.36600 -13.81400 -2.08500 -0.52900 -1.36300 -3.16400 -3.91600 -1.47500 -2.57400 -2.89900 -8.29100 -4.18100 -5.20800 -6.42900 -6.94800 -9.24700
50.00000 0.36600 -13.32600 -1.59700 -0.04100 -0.87500 -2.18700 -4.40500 -1.47500 -2.08500 -1.43400 -8.29100 -4.66900 -5.20800 -6.91700 -7.43600 -10.22300
51.00000 0.36600 -13.32600 -0.62100 0.44800 -1.85100 -3.16400 -3.91600 -1.47500 -2.08500 -0.45800 -8.29100 -5.15700 -5.69700 -7.40600 -7.43600 -10.22300
52.00000 -0.61000 -13.32600 -0.62100 0.93600 -3.31600 -6.09300 -3.42800 -0.98700 -2.57400 -0.45800 -7.80200 -5.15700 -6.18500 -8.38200 -7.92400 -10.22300
53.00000 -1.09900 -13.81400 -1.10900 0.44800 -5.26900 -9.51100 -3.42800 -0.98700 -3.06200 -0.94600 -8.29100 -5.64600 -6.67300 -9.35900 -8.90100 -11.20000
54.00000 -2.07500 -15.27900 -2.57400 -0.52900 -6.73400 -11.95300 -3.91600 -1.47500 -3.55000 -1.92300 -9.75500 -6.13400 -7.16100 -10.33500 -10.85400 -12.66500
55.00000 -2.56300 -16.74400 -3.55000 -1.01700 -6.73400 -11.95300 -5.87000 -2.45200 -3.55000 -3.38700 -11.70900 -7.11100 -7.65000 -11.31200 -12.80700 -14.61800
56.00000 -3.05200 -17.72100 -5.01500 -2.48200 -6.24600 -11.46400 -7.33400 -3.91600 -3.55000 -5.34100 -13.66200 -8.57500 -8.13800 -12.28800 -15.24900 -17.05900
57.00000 -4.02800 -18.20900 -6.96800 -2.97000 -5.75800 -10.97600 -8.79900 -4.89300 -3.55000 -6.80500 -15.12700 -10.04000 -9.11500 -13.75300 -17.20200 -19.50100
58.00000 -5.49300 -19.18500 -8.92100 -3.45900 -5.75800 -11.46400 -9.28800 -5.38100 -4.03800 -7.78200 -15.61500 -10.52900 -10.57900 -15.21800 -18.17800 -20.96600
59.00000 -6.95800 -19.18500 -10.87400 -4.92400 -6.73400 -13.41800 -9.77600 -5.38100 -5.50300 -8.27000 -15.61500 -10.52900 -11.06800 -16.19500 -18.66700 -21.45400
60.00000 -8.91100 -19.67400 -12.82800 -5.41200 -7.71100 -15.37100 -10.26400 -5.38100 -5.99200 -8.27000 -15.12700 -10.04000 -11.06800 -16.68300 -18.17800 -20.47700
61.00000 -10.86400 -20.16200 -14.78100 -6.38800 -8.19900 -16.34700 -10.75200 -5.38100 -6.48000 -8.75900 -14.15000 -9.06400 -10.57900 -16.19500 -16.71300 -18.52400
62.00000 -12.32900 -21.13900 -16.24600 -7.85300 -8.68700 -17.81200 -11.24100 -5.38100 -6.48000 -10.22300 -13.17300 -8.57500 -9.60300 -14.24200 -15.24900 -16.08300
63.00000 -13.79400 -22.11500 -17.22200 -8.83000 -9.66400 -19.27700 -11.72900 -5.38100 -6.48000 -11.68800 -12.19700 -7.59900 -8.13800 -12.28800 -14.27200 -14.13000
64.00000 -14.77100 -24.06800 -18.68700 -9.80600 -10.15200 -21.71800 -11.72900 -5.87000 -6.48000 -12.17700 -10.73200 -7.11100 -7.65000 -11.31200 -13.29500 -13.15300
65.00000 -16.23500 -26.51000 -19.66300 -10.29500 -10.64000 -22.69500 -11.24100 -5.87000 -5.99200 -11.20000 -9.26700 -6.13400 -7.16100 -9.84700 -11.83100 -12.66500
66.00000 -17.70000 -27.97400 -20.64000 -10.29500 -10.64000 -21.23000 -10.75200 -5.87000 -5.50300 -9.24700 -7.80200 -5.64600 -6.67300 -8.87000 -10.85400 -11.20000
67.00000 -17.70000 -28.46300 -20.15200 -10.29500 -10.15200 -17.32400 -9.77600 -5.38100 -5.01500 -7.29400 -6.33700 -4.66900 -5.69700 -7.40600 -9.38900 -9.73500
68.00000 -16.72400 -27.97400 -18.19900 -9.31800 -9.17600 -11.95300 -8.79900 -5.38100 -3.55000 -6.31700 -4.38400 -3.69300 -3.74300 -4.96400 -6.46000 -6.80500
69.00000 -14.77100 -26.51000 -15.75700 -8.34100 -8.19900 -9.02300 -7.33400 -4.40500 -3.06200 -4.85200 -2.43100 -2.71600 -1.79000 -2.03500 -4.01800 -3.38700
70.00000 -13.30600 -25.53300 -12.82800 -7.36500 -7.71100 -9.51100 -5.38100 -3.91600 -2.57400 -3.87600 -0.96600 -1.25100 0.16300 0.40700 -1.57700 -0.45800
71.00000 -11.84100 -25.04500 -11.36300 -6.38800 -7.22200 -12.44100 -4.40500 -3.42800 -1.59700 -1.92300 0.01000 -0.27500 1.13900 2.36000 -1.08800 1.00700
72.00000 -11.84100 -25.04500 -10.87400 -6.38800 -6.73400 -15.85900 -4.40500 -3.91600 -1.10900 0.03100 0.01000 -0.76300 2.11600 2.36000 -1.57700 1.49500
73.00000 -12.32900 -25.04500 -11.85100 -6.38800 -6.24600 -16.34700 -5.38100 -3.91600 -0.62100 0.51900 -1.45500 -1.25100 2.11600 1.87200 -2.55300 1.49500
74.00000 -12.81700 -24.55600 -12.82800 -6.87700 -5.26900 -13.41800 -6.84600 -4.89300 0.35600 -0.45800 -2.92000 -2.22800 2.11600 1.38300 -2.55300 1.98400
75.00000 -12.81700 -23.09200 -13.31600 -6.38800 -4.29300 -9.02300 -7.33400 -4.40500 0.84400 -1.92300 -3.40800 -2.22800 2.60400 1.87200 -2.06500 2.96000
76.00000 -12.32900 -21.13900 -13.31600 -5.90000 -3.31600 -6.09300 -6.84600 -3.91600 1.33300 -2.89900 -3.40800 -1.74000 3.58100 2.36000 -0.60000 4.42500
77.00000 -10.86400 -19.67400 -12.82800 -4.92400 -2.82800 -5.60500 -5.87000 -3.42800 1.82100 -2.89900 -2.43100 -0.76300 4.55700 3.82500 0.37600 4.91300
78.00000 -10.37600 -19.18500 -12.82800 -4.43500 -2.82800 -7.55800 -5.38100 -1.96300 1.82100 -2.41100 -2.43100 0.21400 5.04600 4.31300 -0.60000 4.42500
79.00000 -10.86400 -19.67400 -12.82800 -4.43500 -2.82800 -10.00000 -5.87000 -1.96300 2.30900 -1.92300 -3.40800 0.21400 5.04600 3.82500 -2.06500 2.96000
80.00000 -12.32900 -20.65000 -12.82800 -4.92400 -2.82800 -10.97600 -7.33400 -2.45200 1.82100 -1.43400 -4.87300 -0.27500 4.55700 2.36000 -3.53000 1.49500
81.00000 -13.30600 -20.65000 -13.31600 -5.41200 -2.82800 -10.00000 -8.31100 -2.45200 1.33300 -1.43400 -5.84900 -0.27500 3.58100 0.89500 -4.50600 1.00700
82.00000 -13.30600 -20.16200 -13.31600 -5.41200 -2.34000 -7.07000 -8.79900 -2.94000 0.84400 -1.43400 -5.84900 -0.27500 3.09200 -0.08100 -3.53000 1.49500
83.00000 -12.81700 -19.67400 -13.31600 -4.92400 -1.85100 -4.62800 -8.31100 -2.94000 0.35600 -1.43400 -4.38400 0.70200 3.09200 -0.08100 -1.57700 2.96000
84.00000 -12.81700 -20.16200 -12.82800 -4.43500 -1.36300 -3.65200 -8.31100 -2.45200 0.84400 -1.43400 -3.40800 1.19000 4.06900 0.40700 -0.11200 3.93700
85.00000 -12.81700 -21.62700 -12.82800 -4.92400 -0.87500 -4.14000 -8.79900 -2.45200 1.33300 -1.43400 -2.43100 1.67800 4.06900 0.89500 -0.11200 3.93700
86.00000 -13.79400 -23.09200 -13.80400 -5.41200 -0.87500 -5.11700 -9.28800 -2.45200 1.33300 -2.41100 -2.92000 1.19000 4.06900 1.38300 -1.08800 2.96000
87.00000 -15.25900 -23.09200 -14.78100 -6.38800 -1.36300 -5.60500 -9.77600 -2.94000 1.33300 -2.41100 -3.40800 0.70200 4.06900 0.89500 -2.06500 1.49500
88.00000 -16.23500 -22.60300 -15.75700 -7.36500 -1.85100 -6.09300 -9.77600 -2.94000 0.35600 -2.41100 -3.89600 0.21400 3.09200 0.40700 -3.04200 0.51900
89.00000 -17.21200 -21.13900 -15.75700 -7.36500 -2.34000 -6.09300 -9.28800 -2.94000 -0.13200 -1.43400 -3.40800 0.21400 2.60400 -0.57000 -3.53000 -0.45800
90.00000 -17.21200 -20.65000 -15.26900 -6.87700 -2.82800 -6.58200 -8.79900 -2.45200 -1.10900 -0.94600 -2.92000 0.21400 1.62800 -1.05800 -4.01800 -0.94600
91.00000 -17.21200 -22.11500 -14.29200 -5.90000 -2.34000 -7.07000 -8.79900 -1.96300 -1.10900 -1.92300 -2.92000 0.21400 1.62800 -1.05800 -4.01800 -0.94600
92.00000 -16.23500 -23.58000 -13.80400 -5.41200 -2.82800 -8.53500 -9.28800 -1.96300 -0.62100 -3.38700 -3.40800 -0.27500 2.11600 -1.05800 -4.50600 -1.43400
93.00000 -15.25900 -24.55600 -14.29200 -5.41200 -3.31600 -9.51100 -9.77600 -2.45200 -0.62100 -5.34100 -4.38400 -0.76300 2.11600 -0.57000 -5.48300 -1.43400
94.00000 -14.28200 -24.06800 -15.26900 -6.38800 -3.31600 -9.51100 -10.26400 -3.42800 -0.62100 -5.34100 -4.87300 -1.25100 2.11600 -0.08100 -5.97100 -1.92300
95.00000 -13.30600 -22.60300 -16.73400 -7.36500 -3.31600 -9.51100 -10.26400 -3.91600 -0.62100 -3.87600 -5.84900 -1.74000 2.11600 0.40700 -6.46000 -2.41100
96.00000 -13.30600 -21.62700 -17.71000 -7.85300 -2.82800 -9.51100 -10.75200 -4.89300 -0.13200 -0.45800 -5.84900 -2.22800 2.60400 0.89500 -7.43600 -2.89900
97.00000 -14.28200 -22.60300 -18.68700 -8.83000 -2.34000 -9.02300 -12.21700 -5.87000 0.84400 1.98400 -6.82600 -3.20400 2.11600 0.40700 -7.43600 -3.87600
98.00000 -16.23500 -25.04500 -19.66300 -9.80600 -2.34000 -9.02300 -13.68200 -6.35800 1.33300 2.47200 -7.80200 -3.69300 2.11600 -0.57000 -8.41300 -4.85200
99.00000 -18.18800 -28.46300 -20.64000 -10.78300 -3.80500 -10.48800 -15.14700 -6.35800 1.33300 0.51900 -8.77900 -3.69300 1.13900 -2.03500 -9.38900 -5.82900
100.00000 -19.65300 -30.90400 -20.64000 -11.27100 -5.75800 -12.44100 -14.65900 -5.87000 0.84400 -1.92300 -9.26700 -3.20400 1.13900 -3.01100 -9.87800 -7.29400
101.00000 -19.65300 -31.88100 -20.15200 -10.78300 -7.22200 -14.39400 -13.68200 -5.87000 -0.13200 -4.36400 -8.77900 -2.71600 1.13900 -3.49900 -9.87800 -7.78200
102.00000 -18.67700 -31.88100 -19.17500 -10.29500 -7.71100 -15.37100 -12.70500 -5.38100 -1.10900 -4.85200 -8.29100 -2.71600 1.62800 -3.01100 -9.38900 -7.78200
103.00000 -17.70000 -30.90400 -18.19900 -9.80600 -6.73400 -13.90600 -12.70500 -5.87000 -0.62100 -4.36400 -8.29100 -3.20400 1.62800 -2.52300 -8.90100 -7.29400
104.00000 -17.21200 -30.41600 -18.68700 -9.31800 -4.78100 -10.97600 -13.68200 -6.35800 0.35600 -2.41100 -9.26700 -4.18100 1.62800 -2.03500 -9.38900 -6.80500
105.00000 -17.70000 -29.43900 -19.66300 -9.80600 -3.31600 -7.55800 -15.63500 -7.33400 1.82100 -0.45800 -10.73200 -5.15700 1.62800 -1.54600 -10.36600 -5.82900
106.00000 -18.18800 -27.97400 -20.64000 -10.29500 -2.34000 -5.60500 -16.61200 -7.82300 2.30900 1.49500 -11.22000 -5.64600 2.11600 -0.57000 -10.85400 -5.34100
107.00000 -17.70000 -26.02100 -20.64000 -9.80600 -1.85100 -5.60500 -16.61200 -7.82300 2.79700 2.47200 -11.22000 -5.15700 2.11600 0.40700 -10.36600 -4.85200
108.00000 -16.23500 -23.58000 -18.68700 -8.83000 -1.36300 -6.58200 -15.14700 -7.82300 2.30900 1.49500 -10.73200 -5.15700 2.11600 0.40700 -10.36600 -5.34100
109.00000 -13.79400 -21.62700 -16.24600 -6.87700 -0.38700 -7.07000 -13.19400 -6.84600 1.82100 0.03100 -9.26700 -5.15700 1.62800 -0.08100 -9.87800 -5.82900
110.00000 -10.86400 -21.13900 -13.80400 -4.92400 0.59000 -6.09300 -11.72900 -6.35800 1.33300 -1.43400 -8.77900 -5.15700 0.65100 -1.05800 -10.36600 -6.31700
111.00000 -8.91100 -21.13900 -12.33900 -3.94700 1.56700 -4.62800 -10.75200 -5.38100 0.84400 -0.94600 -8.77900 -5.64600 -0.81400 -3.01100 -10.85400 -7.29400
112.00000 -8.42300 -21.13900 -12.82800 -2.97000 2.05500 -3.16400 -10.75200 -4.89300 0.35600 1.00700 -8.77900 -5.64600 -1.30200 -3.98800 -11.34200 -7.29400
113.00000 -8.42300 -20.16200 -13.31600 -2.97000 2.05500 -1.69900 -9.77600 -4.40500 0.35600 3.44800 -8.77900 -5.64600 -1.79000 -4.47600 -11.34200 -7.29400
114.00000 -7.93500 -17.72100 -13.31600 -2.48200 2.54300 -0.72200 -9.28800 -4.40500 0.84400 4.91300 -8.29100 -5.15700 -1.30200 -3.49900 -10.85400 -6.31700
115.00000 -6.95800 -15.27900 -11.85100 -1.01700 4.00800 0.25400 -7.82300 -3.91600 1.33300 4.42500 -7.31400 -4.66900 -0.32600 -2.03500 -9.87800 -5.34100
116.00000 -5.00500 -13.32600 -8.92100 0.93600 5.47300 1.23100 -6.84600 -3.42800 1.82100 2.96000 -5.84900 -4.18100 0.16300 -1.05800 -8.90100 -4.85200
117.00000 -2.56300 -13.32600 -5.50300 2.88900 6.93800 0.74300 -5.87000 -2.94000 2.30900 1.49500 -5.36100 -3.20400 0.16300 -0.57000 -8.41300 -4.85200
118.00000 -0.61000 -13.81400 -3.06200 3.37700 7.42600 -0.23400 -5.38100 -1.96300 2.79700 1.98400 -4.87300 -2.22800 0.65100 -0.08100 -7.92400 -4.85200
119.00000 -0.12200 -14.79100 -3.06200 2.88900 6.93800 -2.18700 -5.87000 -1.47500 3.28600 3.93700 -4.87300 -2.22800 1.13900 -0.08100 -7.92400 -5.34100
120.00000 -0.61000 -15.27900 -5.01500 1.91200 5.96100 -2.67500 -6.35800 -1.96300 3.28600 5.40200 -5.36100 -2.22800 2.11600 -0.08100 -7.43600 -5.34100
121.00000 -1.09900 -14.79100 -7.45600 -0.04100 4.98500 -1.21100 -6.84600 -2.45200 2.79700 4.91300 -5.84900 -1.25100 2.11600 -1.05800 -6.94800 -4.85200
122.00000 -3.05200 -14.30300 -8.92100 -1.50600 4.00800 0.74300 -7.33400 -2.94000 2.79700 1.98400 -5.84900 -1.25100 1.62800 -2.03500 -6.46000 -5.82900
123.00000 -4.02800 -13.81400 -9.89800 -1.99400 3.52000 0.74300 -7.82300 -2.94000 2.30900 -2.41100 -6.33700 -1.25100 0.65100 -3.98800 -6.46000 -6.80500
124.00000 -5.49300 -14.30300 -9.89800 -2.48200 2.54300 -1.69900 -8.31100 -2.45200 1.82100 -5.34100 -6.82600 -1.74000 -0.32600 -6.42900 -7.92400 -8.27000
125.00000 -6.47000 -15.76700 -10.38600 -2.48200 1.56700 -6.09300 -8.79900 -1.96300 1.33300 -6.31700 -7.31400 -2.22800 -0.81400 -7.40600 -9.38900 -9.73500
126.00000 -6.95800 -16.74400 -10.87400 -2.48200 0.59000 -8.53500 -8.79900 -1.47500 1.33300 -5.34100 -8.29100 -3.20400 -0.81400 -7.40600 -11.34200 -10.71200
127.00000 -6.47000 -16.74400 -11.85100 -2.48200 0.10200 -8.04600 -8.79900 -1.47500 0.84400 -2.89900 -9.75500 -3.69300 -0.81400 -7.40600 -12.31900 -11.68800
128.00000 -6.47000 -16.74400 -11.85100 -2.97000 0.10200 -5.60500 -8.79900 -1.47500 0.84400 -0.94600 -10.24400 -3.69300 -1.30200 -7.40600 -13.29500 -12.66500
129.00000 -5.49300 -17.23200 -12.33900 -3.45900 -0.38700 -3.16400 -9.77600 -2.45200 0.84400 0.51900 -11.22000 -3.69300 -1.79000 -8.87000 -13.78400 -13.64100
130.00000 -5.49300 -17.72100 -12.33900 -3.45900 -1.36300 -4.14000 -10.75200 -2.94000 -0.13200 -0.45800 -11.70900 -4.18100 -3.25500 -10.82400 -13.78400 -14.13000
131.00000 -5.98100 -19.18500 -12.82800 -4.43500 -2.34000 -9.02300 -11.24100 -2.94000 -0.62100 -2.41100 -11.70900 -3.69300 -3.74300 -12.28800 -13.29500 -14.61800
132.00000 -6.95800 -20.65000 -13.80400 -5.41200 -3.31600 -14.39400 -11.24100 -2.94000 -1.59700 -5.34100 -10.73200 -2.71600 -3.74300 -13.26500 -11.83100 -14.13000
133.00000 -8.42300 -22.11500 -13.80400 -5.41200 -3.80500 -17.32400 -10.26400 -1.96300 -2.08500 -8.27000 -9.26700 -1.74000 -3.74300 -12.77700 -9.87800 -13.15300
134.00000 -8.91100 -22.60300 -12.33900 -4.92400 -3.80500 -15.85900 -8.79900 -0.98700 -2.57400 -8.75900 -7.80200 -0.27500 -3.74300 -12.28800 -8.41300 -12.17700
135.00000 -7.93500 -21.13900 -9.89800 -3.45900 -2.82800 -10.97600 -6.84600 -0.01000 -2.57400 -7.78200 -6.82600 0.21400 -3.25500 -10.82400 -7.43600 -10.71200
136.00000 -6.47000 -19.67400 -7.94500 -2.48200 -2.34000 -7.07000 -5.87000 0.47800 -2.57400 -5.34100 -6.33700 0.21400 -3.25500 -9.84700 -6.94800 -10.22300
137.00000 -5.49300 -18.69700 -7.45600 -2.48200 -1.85100 -6.58200 -5.38100 -0.01000 -2.08500 -3.38700 -6.33700 -0.27500 -2.76700 -9.35900 -6.94800 -9.24700
138.00000 -5.49300 -19.18500 -8.43300 -2.97000 -1.36300 -8.53500 -5.38100 -0.98700 -1.59700 -1.92300 -6.33700 -1.25100 -2.27900 -8.87000 -7.43600 -9.24700
139.00000 -7.44600 -20.65000 -10.38600 -4.43500 -0.87500 -10.97600 -5.87000 -1.96300 -1.10900 -1.92300 -6.82600 -1.74000 -1.79000 -8.38200 -7.92400 -9.73500
140.00000 -9.39900 -23.09200 -12.82800 -5.90000 -0.87500 -11.95300 -6.84600 -2.94000 -1.10900 -2.89900 -7.31400 -2.22800 -2.27900 -8.38200 -8.90100 -10.71200
141.00000 -11.35300 -25.04500 -13.80400 -6.38800 -0.87500 -9.51100 -7.82300 -3.42800 -0.62100 -3.38700 -7.80200 -2.71600 -2.76700 -8.87000 -9.87800 -11.68800
142.00000 -11.35300 -25.53300 -14.29200 -6.87700 -1.36300 -6.58200 -9.28800 -3.42800 -0.62100 -4.36400 -8.77900 -3.69300 -2.76700 -9.35900 -10.36600 -12.17700
143.00000 -11.35300 -25.53300 -14.29200 -6.87700 -1.36300 -5.60500 -10.75200 -3.91600 -0.62100 -4.85200 -10.24400 -4.18100 -2.27900 -9.84700 -10.85400 -11.20000
144.00000 -10.86400 -25.04500 -14.78100 -7.36500 -1.85100 -7.55800 -12.21700 -4.40500 -0.13200 -5.34100 -10.73200 -4.18100 -1.30200 -9.35900 -10.36600 -9.73500
145.00000 -11.35300 -25.04500 -15.75700 -7.85300 -1.85100 -10.97600 -13.19400 -4.40500 0.35600 -5.82900 -11.22000 -4.18100 -0.32600 -8.87000 -9.38900 -8.27000
146.00000 -12.32900 -25.53300 -16.73400 -8.34100 -1.85100 -13.41800 -14.65900 -4.89300 0.35600 -6.31700 -11.22000 -3.69300 0.16300 -7.89400 -9.38900 -7.29400
147.00000 -13.79400 -26.51000 -17.71000 -8.34100 -1.85100 -13.90600 -15.63500 -4.89300 0.35600 -5.82900 -11.22000 -3.20400 0.65100 -6.91700 -9.38900 -7.29400
148.00000 -14.28200 -26.02100 -18.19900 -8.34100 -1.85100 -12.44100 -16.12300 -4.89300 -0.13200 -4.85200 -10.73200 -3.20400 0.65100 -6.42900 -8.90100 -7.29400
149.00000 -13.79400 -25.53300 -18.19900 -7.85300 -2.34000 -11.46400 -16.12300 -5.38100 -0.62100 -4.36400 -10.73200 -3.20400 0.65100 -5.94100 -8.90100 -6.80500
150.00000 -12.81700 -24.55600 -18.19900 -7.36500 -2.82800 -11.46400 -15.63500 -5.38100 -1.10900 -4.36400 -11.22000 -2.71600 0.65100 -6.42900 -8.41300 -6.31700
151.00000 -11.84100 -24.55600 -17.71000 -7.36500 -3.31600 -12.92900 -15.63500 -5.38100 -1.10900 -5.34100 -11.22000 -2.71600 0.16300 -6.42900 -7.92400 -5.82900
152.00000 -11.35300 -25.04500 -16.73400 -6.38800 -3.31600 -14.88200 -14.65900 -5.38100 -1.10900 -7.29400 -11.22000 -2.71600 -0.81400 -6.91700 -8.41300 -6.31700
153.00000 -11.35300 -26.02100 -15.75700 -5.41200 -2.82800 -14.88200 -14.17000 -4.40500 -1.59700 -8.75900 -10.73200 -3.20400 -1.30200 -7.40600 -8.90100 -6.80500
154.00000 -10.37600 -26.51000 -15.26900 -4.43500 -2.34000 -13.41800 -14.17000 -3.91600 -2.08500 -8.75900 -10.73200 -3.20400 -1.79000 -7.89400 -8.90100 -7.78200
155.00000 -9.88800 -25.53300 -14.78100 -3.94700 -2.34000 -11.95300 -14.17000 -3.91600 -2.08500 -8.27000 -10.24400 -3.20400 -1.79000 -7.89400 -8.90100 -7.29400
156.00000 -8.42300 -24.06800 -14.78100 -3.94700 -2.34000 -11.46400 -14.17000 -3.91600 -2.08500 -6.80500 -9.75500 -3.20400 -1.79000 -7.40600 -8.41300 -7.29400
157.00000 -6.95800 -22.11500 -14.78100 -3.94700 -1.85100 -11.46400 -13.68200 -4.40500 -1.59700 -5.82900 -9.26700 -3.20400 -1.30200 -6.91700 -7.43600 -5.82900
158.00000 -5.49300 -20.65000 -14.78100 -3.94700 -1.36300 -11.46400 -13.68200 -4.89300 -1.10900 -5.34100 -8.77900 -3.20400 -0.81400 -6.42900 -5.97100 -4.85200
159.00000 -4.02800 -19.18500 -13.80400 -2.97000 -0.38700 -9.51100 -13.19400 -5.38100 -0.62100 -4.85200 -7.80200 -3.20400 -0.32600 -4.96400 -4.99500 -3.38700
160.00000 -1.58700 -17.72100 -11.85100 -2.48200 1.07800 -6.09300 -12.70500 -5.38100 -0.13200 -3.38700 -7.31400 -2.71600 0.65100 -3.49900 -3.53000 -1.92300
161.00000 -0.12200 -16.25600 -9.89800 -1.50600 2.05500 -3.16400 -11.24100 -5.38100 0.35600 -1.43400 -6.33700 -2.22800 1.13900 -1.54600 -2.55300 -0.94600
162.00000 0.85400 -15.27900 -7.45600 -0.52900 2.05500 -2.18700 -9.77600 -4.89300 0.84400 0.51900 -5.36100 -1.74000 1.13900 -0.57000 -1.57700 -0.45800
163.00000 0.36600 -16.25600 -6.48000 -0.52900 2.05500 -4.14000 -8.79900 -4.40500 0.84400 1.00700 -4.38400 -1.74000 0.65100 -1.05800 -2.06500 -0.94600
164.00000 -1.58700 -18.20900 -5.99200 -0.52900 1.07800 -7.07000 -8.31100 -3.91600 0.84400 0.51900 -4.38400 -2.22800 -0.81400 -3.01100 -3.53000 -2.89900
165.00000 -4.51700 -20.65000 -6.96800 -1.50600 -0.38700 -9.51100 -8.31100 -4.40500 -0.13200 -0.94600 -5.84900 -3.20400 -1.79000 -4.96400 -4.99500 -4.85200
166.00000 -6.95800 -22.11500 -8.92100 -2.48200 -1.36300 -10.48800 -9.28800 -4.40500 -1.10900 -1.92300 -6.82600 -3.69300 -2.27900 -6.91700 -6.46000 -6.31700
167.00000 -7.93500 -23.58000 -10.87400 -4.43500 -2.82800 -10.48800 -10.26400 -5.38100 -2.08500 -2.41100 -8.77900 -4.18100 -1.79000 -8.38200 -6.94800 -6.80500
168.00000 -8.42300 -23.58000 -11.85100 -5.41200 -3.80500 -10.48800 -10.75200 -5.87000 -3.06200 -2.89900 -10.24400 -4.18100 -1.79000 -8.87000 -7.43600 -6.80500
169.00000 -7.44600 -24.06800 -12.33900 -5.90000 -3.80500 -11.95300 -11.24100 -5.87000 -3.06200 -4.36400 -11.22000 -4.18100 -2.27900 -9.84700 -8.41300 -8.27000
170.00000 -5.98100 -25.04500 -11.85100 -4.92400 -3.31600 -13.41800 -11.24100 -5.38100 -3.06200 -5.82900 -12.19700 -4.66900 -2.76700 -11.31200 -9.87800 -10.22300
171.00000 -4.51700 -25.53300 -10.87400 -3.94700 -1.85100 -13.41800 -11.24100 -4.89300 -3.06200 -7.29400 -12.19700 -4.66900 -3.74300 -11.80000 -11.34200 -12.66500
172.00000 -3.54000 -24.55600 -10.87400 -3.45900 -0.87500 -11.46400 -11.72900 -4.89300 -3.06200 -7.29400 -13.17300 -4.66900 -3.74300 -11.80000 -12.80700 -14.13000
173.00000 -3.54000 -23.09200 -10.87400 -3.45900 0.10200 -8.04600 -12.70500 -4.89300 -2.08500 -5.82900 -13.17300 -4.18100 -2.76700 -10.33500 -12.31900 -12.66500
174.00000 -4.02800 -22.11500 -11.85100 -4.43500 0.59000 -5.60500 -13.19400 -4.40500 -1.10900 -3.38700 -12.19700 -2.71600 -0.81400 -6.91700 -10.36600 -10.22300
175.00000 -5.49300 -22.60300 -13.31600 -5.41200 0.59000 -5.11700 -13.68200 -4.40500 -0.13200 -1.92300 -10.73200 -1.25100 0.65100 -3.98800 -7.92400 -6.31700
176.00000 -7.44600 -25.04500 -13.31600 -6.38800 0.10200 -6.58200 -12.70500 -3.91600 0.35600 -1.43400 -8.77900 -0.27500 2.11600 -1.54600 -5.97100 -3.87600
177.00000 -8.91100 -28.46300 -12.82800 -6.38800 -0.38700 -9.51100 -11.24100 -2.94000 0.84400 -1.43400 -6.33700 0.70200 2.60400 -0.57000 -4.50600 -2.41100
178.00000 -9.39900 -30.41600 -11.36300 -5.90000 -0.38700 -11.46400 -9.28800 -1.96300 1.33300 -1.92300 -4.38400 1.67800 3.58100 0.40700 -3.53000 -1.92300
179.00000 -9.88800 -30.90400 -10.38600 -5.90000 -0.87500 -11.46400 -7.82300 -1.47500 1.33300 -0.94600 -3.40800 2.16700 3.58100 0.40700 -3.04200 -1.43400
180.00000 -10.37600 -29.43900 -9.89800 -5.41200 -1.36300 -10.48800 -7.33400 -0.98700 1.82100 1.00700 -2.92000 2.16700 3.58100 -0.08100 -2.55300 -0.94600
181.00000 -10.86400 -28.95100 -10.87400 -5.90000 -1.85100 -9.51100 -7.82300 -1.47500 2.30900 2.47200 -3.40800 1.19000 3.09200 -1.05800 -3.04200 -0.94600
182.00000 -11.35300 -27.97400 -11.85100 -5.90000 -1.85100 -9.51100 -8.79900 -1.96300 1.82100 2.47200 -4.38400 0.21400 2.11600 -2.52300 -3.04200 -1.92300
183.00000 -11.35300 -28.95100 -12.82800 -5.41200 -2.34000 -11.46400 -9.28800 -2.45200 0.84400 0.51900 -4.87300 -0.76300 1.13900 -3.98800 -3.04200 -2.89900
184.00000 -10.37600 -28.95100 -12.33900 -3.94700 -2.34000 -13.41800 -9.28800 -2.45200 0.35600 -2.41100 -4.87300 -0.76300 0.65100 -4.96400 -3.53000 -3.38700
185.00000 -9.39900 -27.97400 -11.36300 -2.48200 -1.85100 -14.39400 -8.31100 -2.45200 -0.13200 -4.85200 -4.38400 -0.76300 1.13900 -4.96400 -3.04200 -2.89900
186.00000 -8.42300 -26.51000 -9.89800 -1.01700 -0.87500 -13.90600 -7.33400 -2.45200 0.35600 -6.31700 -3.89600 0.21400 1.62800 -4.47600 -2.06500 -2.41100
187.00000 -7.44600 -25.04500 -8.43300 -0.52900 -0.38700 -11.95300 -6.35800 -1.96300 0.84400 -5.82900 -3.40800 0.70200 2.11600 -3.49900 -1.08800 -1.43400
188.00000 -6.47000 -25.04500 -7.94500 -0.04100 0.10200 -10.48800 -5.87000 -1.96300 1.33300 -4.85200 -2.92000 0.70200 2.11600 -3.01100 -1.08800 -2.41100
189.00000 -5.49300 -26.02100 -6.96800 -0.52900 0.10200 -10.48800 -4.89300 -1.96300 0.84400 -3.38700 -2.92000 0.21400 2.11600 -3.01100 -1.08800 -3.38700
190.00000 -5.00500 -26.99800 -6.48000 -0.52900 -0.38700 -11.46400 -4.40500 -2.45200 0.35600 -2.89900 -2.43100 0.21400 2.11600 -3.98800 -1.08800 -3.87600
191.00000 -5.00500 -27.48600 -5.50300 -0.52900 -0.87500 -12.44100 -3.91600 -2.45200 -0.13200 -2.89900 -1.94300 0.70200 2.11600 -4.96400 -0.60000 -3.38700
192.00000 -6.47000 -27.97400 -5.50300 -1.50600 -2.82800 -13.90600 -3.42800 -1.96300 -0.62100 -3.87600 -2.43100 1.19000 1.62800 -6.42900 -0.11200 -2.89900
193.00000 -8.91100 -29.43900 -6.48000 -2.97000 -4.78100 -16.34700 -3.91600 -2.45200 -1.59700 -6.31700 -2.92000 1.19000 1.13900 -8.38200 0.37600 -2.89900
194.00000 -11.84100 -31.88100 -7.94500 -4.92400 -7.22200 -19.76500 -5.38100 -2.45200 -2.57400 -10.22300 -4.38400 1.19000 0.16300 -10.33500 0.37600 -3.87600
195.00000 -15.25900 -35.78700 -9.89800 -6.38800 -9.66400 -24.64800 -7.33400 -2.45200 -4.03800 -14.61800 -5.84900 0.70200 -0.81400 -11.80000 -0.11200 -4.85200
196.00000 -17.21200 -39.20500 -11.85100 -7.85300 -11.61700 -29.04300 -9.28800 -1.96300 -5.99200 -18.03600 -6.82600 0.70200 -1.30200 -13.26500 -0.60000 -6.31700
197.00000 -17.70000 -40.67000 -13.80400 -8.34100 -12.59400 -31.48400 -10.75200 -1.96300 -6.96800 -19.98900 -7.31400 0.70200 -2.27900 -14.24200 -1.08800 -6.80500
198.00000 -17.70000 -40.18100 -14.78100 -7.85300 -12.59400 -30.99600 -11.24100 -1.47500 -7.45600 -19.50100 -7.80200 0.70200 -3.25500 -15.21800 -2.55300 -7.78200
199.00000 -16.23500 -38.22800 -15.26900 -7.36500 -11.12900 -28.06600 -11.72900 -1.96300 -7.45600 -17.54800 -8.29100 -0.27500 -4.72000 -16.68300 -4.50600 -10.22300
200.00000 -15.25900 -35.29900 -15.75700 -6.87700 -10.15200 -24.16000 -12.21700 -2.45200 -6.96800 -14.13000 -9.26700 -1.25100 -6.67300 -18.14800 -7.92400 -13.15300
201.00000 -14.28200 -33.83400 -15.75700 -6.38800 -8.68700 -21.23000 -12.70500 -2.94000 -6.48000 -12.17700 -10.73200 -3.20400 -8.13800 -19.12400 -11.34200 -17.05900
202.00000 -13.79400 -32.85700 -15.75700 -6.38800 -7.71100 -20.25300 -14.17000 -3.42800 -5.99200 -11.20000 -11.70900 -4.18100 -9.11500 -20.10100 -13.29500 -19.50100
203.00000 -13.30600 -31.88100 -15.75700 -6.38800 -7.22200 -20.25300 -15.14700 -3.42800 -5.99200 -11.68800 -12.19700 -4.66900 -8.62600 -19.61300 -13.78400 -19.98900
204.00000 -13.30600 -30.90400 -15.75700 -6.87700 -7.22200 -20.25300 -15.63500 -3.91600 -5.50300 -12.17700 -12.19700 -4.18100 -8.13800 -19.12400 -13.29500 -19.50100
205.00000 -13.79400 -29.92800 -15.26900 -7.36500 -7.22200 -19.76500 -15.14700 -3.91600 -4.52700 -11.68800 -11.22000 -3.69300 -7.65000 -18.14800 -11.83100 -19.01200
206.00000 -13.30600 -29.43900 -14.78100 -7.36500 -7.71100 -18.78900 -14.17000 -3.91600 -4.03800 -10.22300 -10.24400 -3.69300 -7.16100 -17.66000 -10.85400 -18.03600
207.00000 -13.30600 -28.95100 -13.80400 -7.36500 -7.71100 -18.30000 -13.19400 -4.40500 -4.03800 -8.27000 -9.26700 -3.69300 -6.67300 -17.17100 -10.36600 -17.05900
208.00000 -13.30600 -29.43900 -13.80400 -7.36500 -7.71100 -18.30000 -12.70500 -4.89300 -4.03800 -7.29400 -9.26700 -3.69300 -5.69700 -15.70600 -9.87800 -15.10600
209.00000 -13.30600 -29.92800 -15.26900 -7.85300 -8.19900 -18.78900 -12.70500 -5.38100 -4.52700 -7.78200 -9.75500 -3.69300 -4.72000 -13.75300 -9.38900 -13.15300
210.00000 -14.28200 -30.90400 -17.22200 -9.31800 -9.17600 -19.76500 -13.68200 -5.38100 -5.01500 -8.75900 -10.73200 -3.20400 -3.25500 -11.80000 -9.38900 -11.20000
211.00000 -15.74700 -31.88100 -19.66300 -11.27100 -10.15200 -20.74200 -14.17000 -6.35800 -5.50300 -9.73500 -11.70900 -3.20400 -2.76700 -10.33500 -9.38900 -10.22300
212.00000 -17.21200 -33.83400 -21.61700 -13.22400 -12.10500 -22.20700 -15.63500 -6.84600 -5.50300 -10.71200 -12.19700 -3.69300 -2.76700 -10.33500 -10.36600 -10.71200
213.00000 -19.16500 -36.76400 -22.10500 -14.68900 -14.54700 -24.16000 -16.12300 -7.82300 -5.50300 -12.17700 -12.68500 -4.18100 -3.25500 -11.80000 -10.85400 -12.66500
214.00000 -21.60600 -40.67000 -21.12800 -14.68900 -15.52300 -26.60100 -17.10000 -7.82300 -5.99200 -13.15300 -13.17300 -4.18100 -3.74300 -13.75300 -11.83100 -14.61800
215.00000 -23.56000 -44.57600 -20.64000 -14.68900 -16.50000 -28.06600 -17.58800 -7.82300 -6.48000 -14.61800 -13.66200 -4.18100 -3.74300 -15.21800 -12.80700 -15.59400
216.00000 -24.53600 -47.50600 -21.12800 -14.68900 -16.01200 -28.06600 -18.07700 -7.33400 -7.45600 -15.10600 -14.63800 -4.18100 -4.23200 -16.19500 -13.78400 -15.59400
217.00000 -25.02400 -48.48200 -22.59300 -14.68900 -16.01200 -27.08900 -18.56500 -7.33400 -7.94500 -15.10600 -15.61500 -4.66900 -5.20800 -16.68300 -15.24900 -16.08300
218.00000 -24.53600 -48.48200 -24.05800 -15.17700 -15.52300 -27.57800 -18.56500 -7.82300 -8.43300 -14.61800 -17.08000 -5.64600 -6.18500 -17.66000 -15.73700 -16.57100
219.00000 -23.07100 -47.50600 -24.05800 -14.68900 -15.52300 -28.55400 -18.56500 -8.31100 -8.43300 -15.10600 -18.54500 -6.13400 -6.67300 -18.63600 -16.71300 -17.54800
220.00000 -22.09500 -47.01700 -22.10500 -13.71300 -16.01200 -30.01900 -18.56500 -8.31100 -8.43300 -16.57100 -19.03300 -7.11100 -7.16100 -19.12400 -16.71300 -18.03600
221.00000 -21.11800 -47.50600 -18.19900 -11.75900 -16.01200 -30.50700 -18.07700 -7.82300 -7.94500 -18.03600 -18.05600 -7.11100 -6.67300 -18.14800 -16.22500 -17.54800
222.00000 -20.14200 -48.48200 -15.26900 -9.80600 -15.03500 -29.04300 -17.10000 -6.84600 -7.94500 -17.54800 -16.59100 -6.13400 -6.18500 -16.68300 -14.76000 -16.08300
223.00000 -19.16500 -48.48200 -13.80400 -8.34100 -13.57000 -27.08900 -16.12300 -5.38100 -6.96800 -15.59400 -14.63800 -4.66900 -5.20800 -14.24200 -13.29500 -13.64100
224.00000 -17.70000 -47.99400 -13.80400 -7.36500 -11.61700 -24.16000 -15.63500 -3.91600 -5.99200 -12.17700 -12.68500 -3.20400 -4.23200 -12.77700 -11.83100 -12.17700
225.00000 -16.23500 -46.52900 -15.26900 -6.38800 -10.15200 -23.18300 -14.17000 -3.42800 -5.50300 -10.71200 -11.22000 -2.71600 -4.23200 -11.80000 -10.36600 -10.71200
226.00000 -14.77100 -45.06400 -15.26900 -5.90000 -9.66400 -21.71800 -13.19400 -2.94000 -5.01500 -10.71200 -10.73200 -2.22800 -4.23200 -11.80000 -9.87800 -10.71200
227.00000 -14.28200 -44.08800 -13.80400 -4.43500 -9.17600 -20.25300 -12.21700 -1.96300 -5.01500 -12.17700 -10.24400 -1.74000 -4.23200 -12.77700 -9.38900 -10.71200
228.00000 -13.79400 -43.59900 -10.38600 -2.97000 -7.71100 -17.81200 -10.75200 -0.98700 -4.52700 -13.15300 -9.75500 -1.25100 -4.23200 -12.77700 -8.90100 -11.20000
229.00000 -13.30600 -43.59900 -7.45600 -1.50600 -6.24600 -15.37100 -9.77600 -0.49800 -3.55000 -12.66500 -8.29100 -1.25100 -4.72000 -12.77700 -8.41300 -12.17700
230.00000 -11.84100 -42.62300 -5.50300 -0.04100 -4.29300 -13.41800 -8.31100 0.47800 -2.57400 -9.73500 -6.82600 -0.76300 -4.23200 -11.80000 -7.92400 -12.17700
231.00000 -10.37600 -40.18100 -5.50300 0.44800 -2.82800 -11.95300 -7.33400 0.47800 -1.59700 -6.80500 -5.84900 0.21400 -3.25500 -10.82400 -6.94800 -11.68800
232.00000 -8.42300 -37.25200 -5.99200 0.44800 -1.36300 -10.97600 -6.35800 -0.49800 -0.62100 -3.87600 -4.87300 0.70200 -2.27900 -8.87000 -5.97100 -10.22300
233.00000 -6.95800 -33.83400 -6.48000 -0.04100 -0.38700 -9.02300 -6.84600 -0.98700 0.35600 -2.41100 -4.38400 0.70200 -1.30200 -7.89400 -5.48300 -8.27000
234.00000 -5.98100 -31.88100 -6.48000 -0.04100 0.59000 -6.58200 -7.33400 -1.47500 0.84400 -1.43400 -4.38400 0.70200 -0.32600 -7.40600 -4.99500 -7.29400
235.00000 -5.49300 -31.88100 -5.50300 0.44800 1.56700 -4.14000 -7.82300 -1.47500 1.33300 -0.94600 -5.36100 -0.27500 0.16300 -7.40600 -5.97100 -7.29400
236.00000 -4.51700 -33.34600 -4.52700 0.44800 2.05500 -3.16400 -8.31100 -1.47500 1.82100 -0.94600 -5.84900 -0.76300 -0.32600 -7.89400 -6.46000 -7.78200
237.00000 -4.02800 -35.29900 -3.55000 0.93600 2.05500 -4.14000 -8.31100 -1.47500 1.33300 -1.43400 -6.82600 -0.76300 -0.32600 -7.89400 -7.92400 -7.78200
238.00000 -4.02800 -37.25200 -3.55000 0.93600 1.56700 -6.58200 -7.33400 -1.47500 1.33300 -2.89900 -6.33700 -0.27500 0.16300 -6.42900 -7.92400 -7.78200
239.00000 -4.51700 -38.22800 -5.01500 0.93600 1.07800 -8.53500 -6.84600 -0.98700 1.82100 -4.36400 -5.84900 0.21400 1.62800 -4.47600 -6.94800 -5.82900
240.00000 -5.00500 -38.71700 -6.48000 0.44800 1.56700 -9.02300 -6.35800 -0.49800 2.30900 -4.85200 -5.36100 0.70200 3.09200 -2.03500 -5.48300 -3.87600
241.00000 -5.00500 -38.71700 -8.43300 -0.04100 3.03100 -8.53500 -6.84600 -0.49800 3.28600 -3.38700 -4.87300 0.70200 4.06900 -0.08100 -4.01800 -1.92300
242.00000 -4.02800 -38.22800 -8.92100 -0.52900 4.49600 -5.60500 -7.82300 -0.98700 3.77400 0.51900 -4.87300 0.70200 4.55700 0.89500 -4.01800 -0.94600
243.00000 -3.05200 -37.74000 -8.92100 -0.52900 5.47300 -2.18700 -8.31100 -1.96300 4.26200 3.93700 -5.36100 -0.27500 4.06900 0.89500 -4.01800 -1.43400
244.00000 -1.58700 -37.74000 -7.94500 -1.01700 5.47300 1.71900 -8.79900 -2.94000 3.77400 6.37800 -5.84900 -0.76300 3.58100 0.40700 -4.01800 -1.92300
245.00000 -0.61000 -37.74000 -6.96800 -1.99400 4.49600 3.67200 -8.79900 -3.91600 2.79700 5.89000 -5.36100 -0.76300 3.09200 -0.57000 -4.01800 -2.41100
246.00000 -0.12200 -37.74000 -6.48000 -1.99400 3.03100 3.18400 -7.82300 -3.42800 2.30900 3.44800 -4.38400 -0.27500 3.09200 -0.57000 -3.04200 -1.43400
247.00000 0.36600 -37.74000 -5.99200 -1.99400 2.05500 0.74300 -6.35800 -2.45200 1.82100 1.49500 -2.43100 0.70200 3.09200 -0.57000 -2.06500 -0.94600
248.00000 0.85400 -38.22800 -5.99200 -1.99400 1.56700 -2.67500 -4.89300 -1.47500 1.82100 1.00700 -0.96600 1.67800 3.09200 -0.08100 -0.11200 -0.45800
249.00000 0.85400 -38.22800 -6.48000 -2.48200 1.07800 -4.62800 -3.91600 -0.98700 1.82100 2.47200 0.01000 1.67800 3.09200 -0.08100 0.86500 0.03100
250.00000 0.36600 -37.74000 -6.96800 -2.97000 0.10200 -4.62800 -3.91600 -1.47500 1.33300 3.93700 0.49800 1.67800 3.09200 -0.08100 1.84100 0.03100
251.00000 -1.09900 -38.22800 -7.94500 -3.94700 -0.38700 -3.65200 -4.40500 -1.96300 0.84400 4.91300 0.01000 1.67800 3.09200 0.40700 3.30600 1.00700
252.00000 -3.05200 -39.20500 -7.94500 -4.92400 -0.87500 -2.67500 -4.89300 -2.45200 0.35600 4.42500 0.01000 1.67800 2.60400 0.89500 3.79400 1.98400
253.00000 -4.51700 -40.18100 -7.94500 -5.90000 -0.87500 -3.16400 -5.38100 -1.96300 0.84400 2.47200 -0.47800 1.67800 2.60400 1.38300 3.79400 2.47200
254.00000 -5.00500 -41.64600 -7.45600 -6.38800 -0.87500 -4.62800 -5.87000 -1.96300 0.35600 1.49500 -1.45500 1.19000 2.11600 0.89500 2.33000 1.49500
255.00000 -5.00500 -42.62300 -8.43300 -6.87700 -0.87500 -5.60500 -6.84600 -1.96300 0.35600 0.51900 -2.43100 0.21400 1.13900 -0.08100 0.37600 -0.45800
256.00000 -5.00500 -44.08800 -10.38600 -7.85300 -1.85100 -6.58200 -8.31100 -2.94000 -0.62100 -0.45800 -3.89600 -0.27500 0.16300 -1.54600 -1.57700 -2.89900
