1.00000 -11.09800 -15.22800 -17.95500 -5.48300 8.27000 -2.13600 -27.76100 -11.26100 1.37300 -3.11300 -27.31300 -20.80300 -12.55300 -14.21100 -22.45100 -19.74500
2.00000 -10.12200 -16.20500 -19.90800 -4.50600 10.22300 -1.16000 -28.73700 -8.82000 2.83800 -5.06600 -27.80200 -19.82600 -14.50600 -15.18800 -24.40400 -22.18600
3.00000 -9.14500 -12.29900 -17.95500 -2.06500 10.22300 0.79300 -26.29600 -5.40200 4.30300 -6.53100 -25.36000 -16.40800 -15.97100 -14.21100 -23.91600 -22.67500
4.00000 -9.63300 -5.95100 -13.56000 1.35300 8.27000 0.79300 -20.92500 -0.51900 4.30300 -5.06600 -21.45400 -12.99000 -15.97100 -12.25800 -21.96200 -21.21000
5.00000 -11.09800 -2.04500 -7.70100 3.30600 5.34100 -1.16000 -14.08900 2.89900 4.30300 -2.62500 -17.05900 -9.57200 -14.99400 -10.30500 -19.03300 -18.76800
6.00000 -13.54000 -2.53300 -3.79400 2.33000 1.92300 -4.08900 -7.25300 4.85200 5.28000 0.79300 -12.66500 -8.10800 -13.04100 -8.84000 -16.59100 -16.81500
7.00000 -16.95800 -8.88100 -1.84100 -1.57700 -1.00700 -6.53100 -3.34700 4.85200 6.25600 1.77000 -9.24700 -7.13100 -10.11100 -8.35200 -14.15000 -14.86200
8.00000 -20.37600 -19.13500 -2.33000 -5.48300 -3.44800 -7.50700 -1.88200 3.87600 7.72100 0.30500 -5.82900 -4.69000 -6.20500 -7.37500 -11.70900 -12.42100
9.00000 -23.30500 -28.90000 -3.79400 -8.41300 -4.91300 -7.50700 -1.88200 2.89900 7.72100 -4.08900 -2.41100 -1.76000 -1.81100 -5.91000 -8.77900 -8.51400
10.00000 -25.25800 -34.76000 -5.25900 -9.38900 -5.89000 -7.50700 -1.39400 3.38700 6.74400 -7.99600 1.49500 3.12300 2.09600 -3.95700 -5.84900 -5.09600
11.00000 -24.28200 -33.29500 -7.21200 -8.41300 -5.89000 -7.99600 -0.90500 4.36400 5.28000 -10.43700 5.40200 7.02900 5.51400 -1.02700 -2.43100 -2.16700
12.00000 -20.37600 -25.48200 -9.65400 -6.94800 -3.93700 -7.01900 -0.90500 4.85200 3.81500 -8.48400 7.35500 8.00600 7.46700 1.90200 -0.96600 -0.70200
13.00000 -15.98100 -13.76300 -11.60700 -6.46000 -1.49500 -6.04200 -1.88200 3.87600 3.32600 -4.57800 7.35500 7.02900 8.93100 4.83200 -0.96600 -0.21400
14.00000 -12.07500 -3.51000 -13.07200 -7.92400 0.45800 -4.57800 -3.83500 0.94600 4.30300 0.30500 5.89000 4.10000 10.39600 7.76200 -1.94300 0.27500
15.00000 -11.09800 1.86200 -12.58300 -9.87800 -0.03100 -4.08900 -6.27600 -1.98400 4.30300 2.74700 3.93700 1.65800 13.32600 9.71500 -1.94300 1.25100
16.00000 -13.05100 -0.58000 -11.60700 -10.85400 -1.98400 -4.57800 -7.74100 -3.93700 3.81500 3.23500 2.96000 1.17000 16.25600 12.15600 -0.96600 4.18100
17.00000 -15.98100 -5.95100 -9.65400 -9.38900 -4.42500 -5.06600 -8.23000 -3.44800 3.81500 2.25800 3.44800 2.14600 19.67400 15.08600 1.47500 8.08700
18.00000 -14.51600 -8.88100 -5.74700 -4.99500 -4.42500 -2.62500 -6.76500 -2.47200 4.30300 2.25800 4.42500 3.61100 21.13900 17.52700 5.38100 11.50500
19.00000 -7.19200 -3.99800 -0.37600 2.81800 0.45800 4.70000 -3.83500 -0.51900 5.28000 5.67600 5.89000 3.61100 21.13900 20.45700 9.28800 14.43500
20.00000 5.50300 8.69800 6.94800 12.09500 8.75900 14.46500 0.07100 1.43400 6.25600 11.53600 7.84300 3.12300 19.67400 22.41000 12.70500 16.87600
21.00000 19.17500 24.32300 14.76000 20.88400 17.05900 21.79000 4.95400 3.38700 6.74400 17.88300 10.77300 2.63500 17.23200 24.36300 16.61200 18.82900
22.00000 28.94100 36.04100 20.62000 25.76700 21.94200 23.25400 9.83700 6.31700 4.30300 21.79000 14.67900 4.10000 14.79100 24.85100 20.03000 20.78200
23.00000 31.87100 39.94800 22.57300 26.25500 21.45400 18.86000 16.18400 9.24700 -0.58000 20.81300 20.05000 8.00600 11.37300 24.36300 22.95900 22.24700
24.00000 27.96400 37.01800 21.10800 21.37200 15.59400 10.07100 21.55600 12.66500 -6.43900 15.44200 25.42100 13.37700 7.95500 21.92200 25.88900 22.24700
25.00000 19.17500 31.64700 18.17800 13.56000 7.29400 2.25800 25.95000 15.59400 -11.32200 8.11800 30.79200 19.72500 4.53700 18.50400 27.84200 21.27100
26.00000 9.41000 27.74000 14.76000 5.25900 -1.00700 -0.67100 27.41500 17.54800 -14.25200 1.77000 33.72200 24.60700 1.11900 14.59800 28.81900 18.82900
27.00000 1.10900 25.29900 11.34200 -0.11200 -5.89000 1.28200 25.95000 18.03600 -13.76300 -1.16000 34.21000 27.53700 -0.83400 10.69100 27.84200 16.87600
28.00000 -5.72700 20.90500 8.90100 -2.06500 -6.86600 6.16500 20.57900 16.57100 -10.83400 -0.67100 30.79200 26.56000 -0.83400 8.25000 24.42400 14.43500
29.00000 -10.61000 12.60400 4.50600 -2.06500 -4.42500 9.58300 13.25500 13.64100 -6.43900 0.79300 24.44500 22.16600 0.14200 5.80900 19.05300 10.52900
30.00000 -13.05100 2.83800 -1.35300 -1.57700 -0.51900 9.09400 4.95400 9.73500 -2.53300 1.77000 14.67900 15.33000 -0.34600 2.39100 11.24100 5.64600
31.00000 -13.05100 -5.46300 -7.21200 -2.55300 2.89900 4.70000 -2.37000 5.82900 -0.58000 1.28200 5.40200 7.51700 -3.27600 -2.49200 2.94000 -0.70200
32.00000 -12.07500 -8.88100 -11.11900 -5.97100 3.38700 -3.60100 -6.76500 3.38700 -0.58000 -1.64800 -1.92300 2.63500 -8.64700 -8.35200 -3.89600 -7.05000
33.00000 -10.61000 -9.36900 -11.60700 -9.38900 0.45800 -11.41400 -8.23000 2.41100 -1.55600 -5.06600 -5.82900 1.17000 -14.01800 -14.21100 -7.31400 -11.93200
34.00000 -10.12200 -10.34500 -10.14200 -11.83100 -3.44800 -16.78500 -8.23000 2.41100 -2.04500 -8.48400 -7.29400 1.17000 -18.90100 -19.58200 -9.75500 -15.35000
35.00000 -11.58700 -16.20500 -8.67700 -10.85400 -5.89000 -18.73800 -8.71800 2.41100 -1.06800 -11.90200 -9.73500 0.68200 -22.80700 -24.95300 -13.17300 -18.76800
36.00000 -15.00400 -25.48200 -8.67700 -7.43600 -4.91300 -17.27300 -12.13600 -0.03100 0.39700 -14.83200 -16.08300 -3.71300 -25.24800 -30.81300 -19.52100 -24.62800
37.00000 -18.42200 -32.31800 -10.63000 -3.53000 -0.51900 -12.87800 -17.01900 -4.42500 1.86200 -17.27300 -24.87200 -11.52500 -27.20100 -37.16000 -28.79800 -31.95200
38.00000 -19.88700 -33.29500 -13.07200 -1.57700 6.31700 -7.50700 -23.36600 -9.30800 2.35000 -19.22600 -34.14900 -19.33800 -28.17800 -41.55500 -37.09900 -39.27600
39.00000 -19.88700 -27.92400 -15.51300 -3.53000 9.24700 -3.60100 -28.24900 -13.70200 0.88500 -20.69100 -39.52000 -24.22100 -27.69000 -43.50800 -41.49400 -42.69400
40.00000 -18.42200 -22.06400 -17.95500 -8.41300 7.78200 -4.08900 -30.20200 -15.16700 -1.55600 -20.20300 -39.03200 -23.73300 -24.76000 -40.09000 -39.54100 -41.22900
41.00000 -19.39900 -20.59900 -20.88400 -14.76000 0.94600 -8.97200 -29.22600 -14.67900 -3.02100 -17.27300 -33.17300 -18.36100 -18.90100 -32.76600 -32.21600 -33.41700
42.00000 -22.32900 -24.01700 -24.30200 -20.62000 -8.33100 -16.29600 -25.80800 -12.23800 -3.02100 -12.39000 -24.87200 -11.03700 -10.11100 -23.48800 -22.93900 -23.65100
43.00000 -26.72300 -29.87700 -27.23200 -22.57300 -16.14400 -21.17900 -21.41300 -9.79600 -2.04500 -6.53100 -16.57100 -5.17800 -1.32200 -14.21100 -15.12700 -14.37400
44.00000 -29.65300 -33.78300 -27.72000 -21.10800 -19.56200 -22.15600 -17.99500 -7.84300 -0.09200 -2.13600 -11.68800 -1.76000 5.51400 -8.35200 -10.24400 -9.00300
45.00000 -28.67600 -33.78300 -25.27900 -17.20200 -18.09700 -18.25000 -16.04200 -7.35500 2.35000 -0.67100 -9.24700 -1.27200 8.93100 -5.91000 -9.75500 -7.53800
46.00000 -23.30500 -32.80600 -20.88400 -11.83100 -13.21400 -11.90200 -16.04200 -8.82000 4.79100 -3.11300 -9.24700 -3.22500 8.93100 -6.39900 -11.70900 -9.00300
47.00000 -15.49300 -31.34200 -16.97800 -6.94800 -6.86600 -6.53100 -16.53000 -11.26100 6.25600 -5.06600 -9.73500 -5.66600 6.97800 -7.86300 -14.15000 -10.95600
48.00000 -7.19200 -27.92400 -14.04800 -3.53000 -1.00700 -3.11300 -16.53000 -12.23800 6.74400 -5.06600 -9.73500 -7.61900 5.51400 -6.88700 -14.15000 -10.46800
49.00000 0.62100 -19.13500 -11.60700 -2.06500 4.36400 -0.18300 -13.11200 -9.79600 6.74400 0.30500 -6.31700 -6.15400 6.00200 -2.98100 -9.26700 -5.09600
50.00000 7.94500 -2.53300 -6.72400 -0.11200 8.27000 4.70000 -5.78800 -3.93700 5.76800 9.09400 0.51900 -0.78300 9.42000 4.83200 0.01000 3.69300
51.00000 14.29200 16.99800 0.60000 3.79400 11.68800 11.53600 3.97700 4.85200 3.81500 18.37200 9.79600 8.00600 13.32600 14.10900 11.72900 14.43500
52.00000 18.68700 32.62300 9.38900 9.16500 13.64100 17.88300 13.25500 13.64100 1.86200 23.74300 18.58500 17.28300 16.25600 21.43400 21.98300 23.71200
53.00000 20.15200 37.50600 17.20200 15.51300 14.61800 19.34800 18.62600 18.52400 1.37300 21.79000 23.46800 22.16600 16.74400 24.36300 26.37700 27.13000
54.00000 18.19900 30.18200 21.10800 20.88400 14.61800 14.95400 17.64900 18.52400 0.88500 14.46500 21.51500 20.70100 13.81400 21.43400 23.44800 24.68900
55.00000 12.33900 15.53300 20.13100 23.32600 14.13000 6.65300 11.79000 14.13000 1.86200 3.72300 14.67900 14.35300 7.95500 14.59800 15.14700 16.38800
56.00000 5.01500 1.37300 14.76000 22.34900 13.15300 -0.67100 3.48900 8.27000 3.32600 -5.06600 4.91300 5.07600 2.09600 5.32000 4.89300 7.11100
57.00000 -0.84400 -5.95100 6.94800 17.95500 11.68800 -3.60100 -4.32300 2.41100 4.79100 -10.43700 -2.41100 -1.76000 -2.78700 -1.51600 -3.40800 -1.19000
58.00000 -4.26200 -6.92700 -1.35300 11.60700 10.22300 -2.62500 -9.20600 -1.98400 4.79100 -10.92500 -6.80500 -4.69000 -6.20500 -6.39900 -8.29100 -6.07300
59.00000 -4.75100 -3.99800 -7.21200 5.74700 8.27000 -1.64800 -11.15900 -3.93700 2.83800 -9.46000 -6.80500 -4.20100 -8.15800 -8.35200 -9.26700 -8.02600
60.00000 -3.28600 -2.53300 -10.14200 0.37600 5.34100 -3.60100 -11.64800 -3.93700 -0.09200 -8.97200 -5.34100 -2.24800 -9.62300 -8.84000 -8.77900 -8.51400
61.00000 -3.28600 -4.97400 -9.65400 -2.55300 0.94600 -8.97200 -11.64800 -2.47200 -3.99800 -10.43700 -4.36400 -1.27200 -10.60000 -8.84000 -9.26700 -8.02600
62.00000 -5.72700 -11.32200 -8.18900 -4.50600 -3.93700 -16.78500 -11.64800 -0.03100 -6.92700 -12.39000 -4.36400 -1.27200 -10.60000 -9.81600 -10.24400 -8.51400
63.00000 -11.58700 -20.11100 -8.18900 -6.94800 -9.30800 -24.10900 -11.15900 2.41100 -7.41600 -14.34300 -5.34100 -0.78300 -10.11100 -10.30500 -11.22000 -9.49100
64.00000 -18.42200 -27.92400 -11.60700 -10.36600 -13.21400 -28.01500 -11.64800 3.38700 -5.46300 -14.83200 -5.82900 0.19300 -8.64700 -11.77000 -12.19700 -10.95600
65.00000 -23.79400 -33.29500 -17.46600 -13.78400 -14.67900 -27.52700 -12.13600 2.41100 -2.04500 -12.87800 -5.82900 1.65800 -7.67000 -14.21100 -13.17300 -13.88500
66.00000 -26.23500 -35.73600 -22.34900 -17.20200 -12.72600 -22.64400 -13.60100 -1.00700 0.88500 -11.90200 -4.85200 3.12300 -7.18200 -17.62900 -13.17300 -16.81500
67.00000 -25.25800 -35.73600 -24.79000 -20.13100 -8.82000 -15.80800 -15.06600 -4.91300 2.83800 -12.39000 -4.36400 3.12300 -6.69400 -21.53500 -12.68500 -19.25700
68.00000 -24.28200 -36.22400 -23.81400 -21.59600 -5.40200 -10.43700 -17.01900 -7.84300 3.32600 -14.34300 -3.87600 2.63500 -6.20500 -23.00000 -11.22000 -19.25700
69.00000 -24.77000 -37.20100 -22.34900 -22.08500 -4.42500 -7.99600 -17.99500 -8.82000 2.83800 -16.29600 -4.36400 2.14600 -4.74000 -22.02400 -9.26700 -16.81500
70.00000 -27.21200 -37.68900 -21.86100 -20.62000 -5.89000 -8.48400 -19.46000 -7.35500 1.86200 -15.32000 -5.34100 1.17000 -2.78700 -18.11700 -7.80200 -13.39700
71.00000 -28.67600 -35.24800 -23.81400 -18.17800 -6.86600 -9.46000 -20.92500 -5.89000 0.88500 -11.90200 -8.75900 -0.78300 -1.81100 -13.72300 -8.77900 -10.46800
72.00000 -26.72300 -29.87700 -25.27900 -14.27200 -5.89000 -7.99600 -23.85500 -4.91300 -0.09200 -5.06600 -14.13000 -5.66600 -2.29900 -10.30500 -13.66200 -10.95600
73.00000 -20.37600 -22.06400 -25.27900 -9.38900 -1.98400 -3.11300 -25.80800 -5.89000 -0.09200 0.79300 -20.47700 -11.03700 -4.25200 -9.32800 -20.98600 -14.37400
74.00000 -11.58700 -14.74000 -20.88400 -4.99500 3.38700 3.23500 -26.29600 -6.86600 1.37300 4.70000 -25.36000 -16.89700 -6.20500 -10.30500 -27.33400 -18.28000
75.00000 -3.77400 -11.81000 -14.04800 -2.06500 7.78200 7.62900 -24.34300 -7.84300 2.83800 5.18800 -26.82500 -18.85000 -6.20500 -11.28100 -30.26300 -20.72100
76.00000 0.62100 -12.78700 -7.70100 -0.60000 9.73500 7.62900 -20.43700 -7.35500 4.79100 3.72300 -23.89500 -16.89700 -4.25200 -10.30500 -27.33400 -18.76800
77.00000 1.59700 -15.71700 -2.81800 0.86500 9.24700 4.21100 -16.04200 -5.40200 6.25600 1.77000 -17.54800 -11.52500 -1.81100 -6.88700 -20.49800 -13.39700
78.00000 1.59700 -16.69300 -0.37600 2.81800 7.29400 1.28200 -12.13600 -2.96000 6.25600 1.28200 -11.20000 -6.15400 0.14200 -2.98100 -13.66200 -7.53800
79.00000 2.08500 -13.27500 0.60000 6.23600 6.80500 1.28200 -9.69400 -0.51900 6.25600 2.25800 -7.29400 -2.73600 1.11900 -0.05100 -9.26700 -3.14300
80.00000 3.55000 -6.92700 1.57700 10.63000 7.29400 3.23500 -8.23000 2.41100 6.25600 3.72300 -6.31700 -1.27200 0.63100 1.41400 -8.29100 -1.67800
81.00000 4.52700 -0.58000 4.01800 14.04800 8.75900 4.70000 -6.27600 4.85200 6.25600 3.72300 -6.80500 -1.76000 0.14200 2.39100 -8.77900 -1.67800
82.00000 4.52700 0.88500 5.97100 15.51300 9.73500 4.70000 -4.32300 7.29400 6.74400 2.74700 -6.80500 -1.27200 0.63100 2.87900 -8.77900 -2.16700
83.00000 2.57400 -3.02100 6.46000 14.04800 8.75900 2.74700 -1.88200 8.27000 7.23300 0.79300 -5.34100 -0.29500 1.60700 4.34400 -6.82600 -0.70200
84.00000 -0.35600 -9.36900 4.50600 10.14200 6.80500 0.30500 -0.90500 6.80500 7.72100 -0.67100 -3.38700 0.68200 3.56000 5.80900 -4.38400 1.25100
85.00000 -1.82100 -15.22800 1.08800 4.28300 4.36400 -1.64800 -0.90500 3.38700 7.72100 -0.18300 -1.43400 1.17000 5.02500 7.27300 -1.45500 4.18100
86.00000 -2.79700 -15.22800 -3.30600 -1.57700 1.92300 -2.62500 -1.88200 -1.00700 7.72100 2.25800 0.03100 0.68200 6.49000 7.76200 0.01000 6.13400
87.00000 -3.28600 -10.34500 -5.25900 -6.46000 0.45800 -4.08900 -1.88200 -4.42500 7.23300 5.18800 1.49500 0.68200 7.95500 7.76200 0.98700 7.59900
88.00000 -4.75100 -3.99800 -3.79400 -9.38900 -0.51900 -5.55400 -0.90500 -6.37800 6.25600 8.11800 3.44800 1.17000 8.93100 7.27300 1.96300 8.57500
89.00000 -7.19200 -0.58000 0.11200 -9.38900 -1.00700 -6.53100 1.53600 -4.91300 5.28000 8.11800 5.89000 2.14600 9.42000 6.78500 3.42800 9.06400
90.00000 -9.63300 -3.99800 3.53000 -7.43600 -1.98400 -7.50700 3.00100 -1.49500 3.81500 5.67600 7.84300 3.61100 9.42000 6.29700 4.40500 9.06400
91.00000 -11.09800 -12.29900 4.01800 -4.50600 -3.44800 -7.50700 3.97700 2.41100 2.83800 1.77000 8.82000 4.10000 8.93100 5.32000 4.40500 8.08700
92.00000 -11.58700 -21.57600 1.57700 -3.53000 -5.40200 -7.50700 3.48900 5.82900 2.83800 -0.67100 8.33100 4.58800 8.44300 3.36700 2.94000 6.62200
93.00000 -11.09800 -25.97000 -4.28300 -4.50600 -6.86600 -7.50700 2.02400 7.29400 3.81500 -1.16000 7.84300 6.05300 8.93100 2.87900 1.47500 5.64600
94.00000 -11.58700 -24.99400 -9.65400 -8.41300 -8.33100 -7.50700 1.53600 7.29400 5.76800 1.28200 7.84300 8.98200 10.88500 2.87900 1.96300 6.13400
95.00000 -14.02800 -20.59900 -12.58300 -13.29500 -8.82000 -7.50700 1.53600 5.34100 7.72100 4.21100 8.82000 11.91200 14.30300 5.32000 2.45200 7.59900
96.00000 -17.44600 -16.69300 -13.07200 -16.71300 -8.82000 -7.01900 1.04800 2.89900 9.18600 5.67600 8.82000 13.86500 16.74400 7.76200 3.42800 9.55200
97.00000 -19.39900 -16.20500 -12.09500 -17.69000 -8.33100 -6.53100 -0.41700 0.45800 9.67400 5.18800 7.35500 12.40000 17.72100 8.73800 2.45200 10.52900
98.00000 -17.44600 -17.67000 -9.65400 -15.24900 -6.86600 -6.53100 -2.85800 -1.49500 8.69800 2.74700 3.93700 8.98200 15.76700 6.78500 -0.47800 9.06400
99.00000 -12.07500 -18.15800 -7.70100 -10.36600 -3.93700 -6.04200 -5.30000 -2.96000 6.25600 0.79300 -0.94600 4.10000 12.34900 3.85500 -4.38400 5.64600
100.00000 -4.26200 -15.22800 -5.74700 -4.50600 0.94600 -4.08900 -7.25300 -2.96000 4.30300 0.30500 -5.34100 -0.78300 7.46700 0.43700 -7.80200 2.22800
101.00000 3.55000 -9.85700 -3.30600 1.84100 6.80500 0.79300 -7.74100 -2.96000 2.83800 1.77000 -9.24700 -4.20100 2.58400 -2.00400 -10.73200 -0.70200
102.00000 9.89800 -4.97400 -1.35300 7.21200 13.15300 7.14100 -8.23000 -1.49500 2.35000 4.21100 -12.17700 -6.64300 -1.32200 -2.98100 -13.17300 -2.16700
103.00000 13.80400 -2.53300 0.60000 11.60700 17.54800 12.51200 -8.71800 0.45800 2.83800 5.67600 -14.13000 -8.10800 -5.22900 -3.95700 -15.61500 -3.63200
104.00000 16.24600 -0.58000 1.57700 15.02500 19.98900 15.44200 -8.23000 2.89900 3.32600 5.18800 -15.10600 -9.08400 -9.62300 -5.91000 -18.05600 -5.09600
105.00000 17.22200 2.35000 3.04200 16.49000 20.96600 15.93000 -6.76500 4.36400 4.30300 4.21100 -15.10600 -8.59600 -13.04100 -7.86300 -20.00900 -6.56100
106.00000 18.68700 7.72100 4.50600 16.97800 20.47700 15.93000 -5.30000 4.85200 5.28000 4.21100 -14.61800 -8.59600 -14.50600 -9.32800 -20.49800 -7.05000
107.00000 20.64000 13.58000 5.97100 15.51300 20.47700 16.90700 -4.32300 3.38700 6.25600 4.70000 -13.64100 -8.10800 -13.52900 -8.35200 -19.52100 -6.07300
108.00000 21.12800 16.99800 5.97100 12.58300 19.98900 18.86000 -4.81200 -0.03100 7.72100 4.70000 -12.66500 -8.59600 -10.60000 -6.88700 -18.05600 -4.60800
109.00000 20.15200 14.55700 3.53000 8.67700 19.98900 19.34800 -7.74100 -4.91300 8.20900 2.74700 -13.64100 -10.06100 -6.69400 -5.91000 -18.05600 -3.63200
110.00000 14.78100 7.23300 -2.33000 3.79400 18.03600 14.95400 -12.13600 -9.30800 8.20900 -2.13600 -16.08300 -12.50200 -4.74000 -7.37500 -20.49800 -5.58500
111.00000 6.48000 -1.55600 -8.67700 -0.11200 14.61800 6.65300 -16.53000 -11.26100 6.74400 -8.48400 -19.50100 -14.45500 -5.22900 -11.28100 -23.91600 -10.46800
112.00000 -4.26200 -8.39200 -13.07200 -3.04200 9.73500 -3.60100 -18.48300 -9.30800 4.79100 -14.34300 -21.94200 -15.43200 -7.18200 -16.16400 -27.82200 -15.35000
113.00000 -12.56300 -11.32200 -13.56000 -3.53000 4.36400 -11.90200 -17.01900 -4.42500 2.83800 -17.76100 -22.43000 -14.94300 -8.64700 -20.07000 -29.77500 -18.28000
114.00000 -15.98100 -11.32200 -9.65400 -2.55300 -0.51900 -14.83200 -12.13600 2.41100 0.88500 -17.27300 -19.98900 -12.50200 -8.15800 -20.07000 -28.79800 -17.30300
115.00000 -13.54000 -9.85700 -2.81800 -0.60000 -4.42500 -14.34300 -6.27600 7.78200 -0.58000 -14.34300 -15.59400 -9.08400 -5.22900 -16.65200 -25.38000 -13.39700
116.00000 -8.16900 -8.39200 4.01800 0.37600 -6.86600 -11.41400 -0.41700 11.20000 -1.06800 -9.94900 -10.22300 -5.17800 -2.29900 -11.28100 -20.98600 -8.02600
117.00000 -4.26200 -8.39200 7.43600 0.37600 -7.84300 -8.48400 3.97700 10.71200 -0.58000 -5.55400 -5.82900 -1.76000 1.11900 -5.91000 -17.08000 -3.63200
118.00000 -4.75100 -10.34500 6.94800 -1.08800 -7.84300 -7.01900 5.44200 8.27000 1.37300 -1.16000 -3.38700 -0.29500 3.07200 -2.98100 -14.15000 -1.67800
119.00000 -9.14500 -15.71700 3.04200 -3.53000 -7.35500 -5.55400 4.95400 3.38700 3.81500 3.23500 -2.89900 -0.78300 4.04900 -1.51600 -13.17300 -1.67800
120.00000 -13.54000 -21.08800 -0.37600 -5.48300 -6.37800 -3.11300 3.48900 -1.00700 6.25600 7.62900 -2.89900 -1.76000 5.51400 -0.53900 -12.19700 -1.67800
121.00000 -14.02800 -24.01700 -2.81800 -6.94800 -5.40200 -0.18300 1.04800 -4.91300 8.20900 10.55900 -3.38700 -3.71300 6.97800 0.92600 -11.70900 -0.70200
122.00000 -10.61000 -22.06400 -2.33000 -6.46000 -4.42500 2.25800 0.07100 -6.86600 8.69800 12.02400 -3.38700 -4.20100 8.93100 3.85500 -9.75500 1.25100
123.00000 -4.26200 -14.25200 0.11200 -4.01800 -2.47200 3.23500 0.07100 -6.86600 7.72100 11.53600 -1.92300 -2.73600 10.39600 6.29700 -7.31400 4.18100
124.00000 1.59700 -4.48600 3.04200 -0.11200 0.45800 3.23500 1.53600 -4.42500 6.74400 10.55900 -0.45800 -0.78300 10.88500 7.27300 -4.87300 6.13400
125.00000 5.01500 2.35000 4.01800 3.79400 3.87600 3.23500 2.51300 -1.00700 5.28000 8.60600 0.03100 1.65800 9.42000 6.29700 -4.38400 6.13400
126.00000 4.52700 2.35000 4.01800 6.72400 7.29400 4.21100 3.00100 2.41100 5.28000 6.65300 -0.45800 2.14600 6.97800 2.87900 -5.84900 4.18100
127.00000 3.06200 -4.48600 2.06500 7.21200 10.22300 6.16500 1.53600 4.36400 5.76800 4.70000 -2.89900 0.68200 3.56000 -1.02700 -9.26700 0.76300
128.00000 1.59700 -14.74000 -0.86500 5.25900 11.68800 7.14100 -1.39400 4.36400 6.25600 2.25800 -6.31700 -1.76000 -0.34600 -4.93400 -12.68500 -2.65500
129.00000 0.62100 -22.06400 -4.28300 2.33000 11.68800 6.16500 -4.32300 3.38700 5.76800 -0.67100 -8.75900 -4.20100 -4.25200 -7.37500 -15.61500 -5.09600
130.00000 0.62100 -23.52900 -7.21200 -0.60000 10.22300 4.21100 -6.27600 2.41100 5.28000 -3.11300 -9.73500 -5.17800 -6.69400 -8.35200 -16.10300 -5.58500
131.00000 1.10900 -18.15800 -8.18900 -1.57700 9.24700 3.23500 -6.27600 0.94600 4.30300 -3.60100 -8.75900 -4.20100 -7.18200 -7.37500 -14.63800 -4.12000
132.00000 3.06200 -8.88100 -7.21200 -1.57700 10.22300 4.21100 -5.78800 0.45800 4.30300 -2.62500 -7.29400 -2.73600 -6.20500 -5.42200 -11.70900 -0.70200
133.00000 5.99200 0.88500 -5.25900 -0.60000 12.66500 7.14100 -5.78800 -0.51900 6.25600 -1.16000 -5.82900 -1.76000 -3.27600 -2.49200 -9.26700 2.71600
134.00000 9.41000 8.20900 -2.81800 0.37600 15.10600 10.55900 -7.25300 -1.49500 8.20900 0.30500 -5.82900 -1.27200 -0.34600 -0.53900 -8.29100 4.18100
135.00000 11.36300 10.65100 -0.37600 0.86500 15.59400 11.53600 -9.69400 -2.47200 9.67400 0.30500 -7.78200 -1.76000 1.11900 -0.53900 -9.75500 3.20400
136.00000 10.38600 8.69800 0.11200 1.35300 13.64100 9.58300 -13.11200 -2.96000 8.69800 -1.64800 -11.68800 -3.71300 0.63100 -2.98100 -13.17300 -0.70200
137.00000 8.43300 3.81500 -1.84100 1.84100 9.24700 3.23500 -16.53000 -2.96000 4.30300 -5.55400 -16.08300 -6.64300 -1.32200 -8.35200 -18.05600 -7.53800
138.00000 6.48000 -0.58000 -4.77100 3.30600 4.85200 -3.11300 -19.46000 -2.96000 -2.04500 -10.43700 -20.96600 -9.57200 -4.25200 -14.21100 -23.91600 -12.90900
139.00000 5.99200 -3.02100 -6.72400 5.25900 2.89900 -7.01900 -20.92500 -2.96000 -6.92700 -14.83200 -24.38400 -12.99000 -7.18200 -19.09400 -27.82200 -16.81500
140.00000 8.43300 -2.53300 -5.74700 8.67700 3.87600 -6.04200 -19.94800 -2.96000 -9.85700 -17.76100 -25.36000 -14.94300 -9.13500 -21.04700 -29.77500 -17.30300
141.00000 11.85100 0.39700 -1.35300 12.58300 7.78200 -1.16000 -15.55400 -1.49500 -8.88100 -17.27300 -23.40700 -15.43200 -10.60000 -19.58200 -27.82200 -15.35000
142.00000 13.80400 4.30300 4.50600 15.02500 12.66500 5.18800 -8.71800 0.94600 -5.95100 -13.85500 -18.52400 -13.47900 -10.60000 -15.67600 -23.42700 -11.44400
143.00000 13.80400 9.18600 9.87800 16.00100 16.57100 11.04700 -0.90500 4.36400 -2.53300 -7.99600 -12.17700 -9.08400 -10.11100 -11.28100 -18.05600 -7.05000
144.00000 10.38600 14.06900 11.83100 13.07200 17.54800 14.46500 5.93100 6.80500 0.88500 -2.62500 -6.31700 -4.20100 -8.64700 -7.37500 -13.17300 -3.14300
145.00000 5.50300 17.48700 10.85400 7.70100 16.08300 15.93000 9.34900 7.29400 3.81500 1.28200 -1.92300 -0.29500 -5.22900 -3.46900 -9.26700 -0.21400
146.00000 0.62100 17.97500 7.92400 0.86500 12.17700 15.93000 9.34900 5.82900 6.25600 3.23500 0.51900 1.65800 -0.34600 -0.05100 -6.82600 2.71600
147.00000 -1.33300 16.99800 5.97100 -4.99500 6.80500 14.46500 7.88400 2.89900 7.72100 3.72300 1.00700 2.63500 4.53700 3.36700 -4.87300 5.64600
148.00000 -0.35600 15.04500 4.99500 -7.92400 1.43400 11.04700 6.90700 -0.03100 9.18600 3.72300 1.98400 1.65800 8.44300 7.27300 -2.92000 8.08700
149.00000 1.59700 14.55700 4.01800 -7.92400 -3.44800 6.16500 6.41900 -2.47200 8.69800 3.72300 2.47200 0.19300 10.88500 9.71500 -1.45500 10.04000
150.00000 3.06200 16.02200 3.04200 -5.97100 -7.35500 -0.67100 5.93100 -4.42500 7.23300 3.72300 3.44800 -0.78300 11.37300 10.69100 0.01000 10.52900
151.00000 2.57400 17.97500 0.60000 -4.01800 -9.30800 -6.53100 4.95400 -5.40200 4.30300 2.25800 2.96000 -0.78300 10.39600 8.73800 -0.47800 9.55200
152.00000 1.10900 18.46300 -0.86500 -2.06500 -8.82000 -9.46000 2.51300 -7.35500 1.37300 -0.67100 1.00700 -1.27200 8.44300 4.83200 -2.43100 6.62200
153.00000 2.08500 17.48700 0.11200 -0.11200 -5.89000 -7.50700 -1.39400 -9.30800 -1.06800 -5.55400 -1.92300 -1.76000 5.02500 -1.02700 -5.36100 2.22800
154.00000 7.94500 17.48700 3.53000 2.33000 0.45800 -0.67100 -4.32300 -11.26100 -2.04500 -9.46000 -5.82900 -3.22500 1.11900 -6.88700 -9.75500 -2.65500
155.00000 18.19900 20.90500 8.90100 6.72400 8.75900 9.09400 -5.30000 -12.23800 -2.04500 -10.92500 -8.75900 -5.66600 -4.25200 -12.25800 -13.17300 -7.05000
156.00000 28.94100 28.22900 14.27200 12.58300 17.05900 17.88300 -4.32300 -11.26100 -2.04500 -9.94900 -10.71200 -8.10800 -9.13500 -15.67600 -16.10300 -9.97900
157.00000 36.75300 37.01800 18.17800 17.46600 22.91900 22.27800 -2.85800 -8.82000 -2.53300 -7.50700 -11.68800 -9.08400 -12.55300 -16.16400 -17.56800 -10.95600
158.00000 38.70600 43.85400 20.13100 20.88400 24.38400 22.27800 -0.90500 -4.91300 -3.51000 -6.04200 -11.20000 -8.10800 -14.01800 -15.67600 -17.08000 -10.46800
159.00000 36.75300 45.31900 21.59600 21.86100 21.94200 18.86000 0.55900 -0.51900 -4.97400 -6.53100 -9.73500 -4.69000 -12.06500 -13.23400 -14.63800 -8.02600
160.00000 33.33500 42.38900 22.08500 20.88400 17.54800 15.44200 2.02400 2.89900 -5.46300 -8.48400 -7.29400 0.19300 -8.64700 -10.30500 -10.73200 -5.09600
161.00000 31.87100 38.97100 23.06100 19.90800 14.13000 14.46500 3.48900 5.34100 -4.97400 -9.94900 -4.36400 4.58800 -5.22900 -7.86300 -6.82600 -2.16700
162.00000 32.35900 37.01800 21.59600 19.41900 13.64100 15.93000 3.48900 5.82900 -3.51000 -9.46000 -2.89900 6.54100 -3.76400 -6.39900 -4.87300 0.27500
163.00000 33.33500 37.01800 18.66700 19.41900 15.59400 17.88300 1.53600 3.87600 -0.58000 -6.04200 -3.87600 5.07600 -4.25200 -5.42200 -5.36100 0.76300
164.00000 32.84700 37.50600 13.29500 18.93100 18.52400 19.34800 -2.85800 1.43400 2.35000 -1.64800 -8.27000 1.17000 -6.20500 -4.93400 -9.75500 -0.21400
165.00000 30.40600 35.06500 6.94800 17.46600 20.47700 18.37200 -10.18300 -1.49500 4.79100 1.77000 -15.59400 -4.20100 -7.18200 -5.91000 -16.10300 -3.63200
166.00000 25.03500 28.71700 -0.37600 15.02500 19.98900 14.46500 -17.50700 -3.44800 6.25600 2.25800 -23.40700 -9.57200 -7.18200 -8.35200 -23.42700 -8.51400
167.00000 18.68700 20.90500 -6.72400 11.60700 16.57100 9.58300 -23.85500 -4.42500 7.23300 -1.64800 -30.24300 -12.50200 -6.20500 -11.77000 -29.77500 -13.88500
168.00000 11.85100 14.55700 -11.11900 8.18900 12.17700 3.72300 -27.76100 -3.93700 7.23300 -6.04200 -34.14900 -13.96700 -5.22900 -14.69900 -34.17000 -17.79200
169.00000 6.48000 12.11500 -12.58300 4.77100 7.29400 0.30500 -28.24900 -2.96000 6.74400 -9.94900 -35.12600 -14.45500 -4.25200 -16.65200 -36.12300 -19.25700
170.00000 3.55000 13.09200 -11.60700 2.81800 3.38700 -0.67100 -25.80800 -2.47200 6.25600 -10.92500 -33.66100 -13.96700 -3.76400 -16.65200 -35.63400 -18.28000
171.00000 3.55000 16.02200 -8.67700 0.37600 0.45800 0.30500 -21.90100 -1.49500 4.79100 -8.97200 -30.24300 -12.99000 -3.27600 -14.21100 -33.68100 -15.35000
172.00000 5.99200 18.95100 -5.74700 -1.57700 -1.98400 2.74700 -17.99500 -0.51900 3.32600 -5.55400 -26.82500 -11.03700 -2.29900 -11.77000 -30.26300 -12.42100
173.00000 8.43300 20.90500 -3.79400 -4.50600 -3.93700 3.72300 -14.08900 -0.03100 1.86200 -3.11300 -22.43000 -8.10800 -1.32200 -9.81600 -26.84500 -10.46800
174.00000 9.89800 22.85800 -3.79400 -7.43600 -4.42500 4.21100 -10.67100 0.94600 0.39700 -2.13600 -19.01200 -4.69000 -0.34600 -9.81600 -24.40400 -10.46800
175.00000 8.43300 26.76400 -3.30600 -9.87800 -4.42500 4.21100 -7.25300 1.43400 -0.58000 -3.11300 -15.59400 -0.78300 0.14200 -10.30500 -22.93900 -11.44400
176.00000 6.96800 32.13500 -1.35300 -10.85400 -2.47200 6.65300 -3.83500 1.92300 -0.58000 -4.08900 -12.66500 2.14600 0.14200 -11.28100 -20.98600 -11.93200
177.00000 6.48000 37.50600 2.55300 -9.38900 1.43400 12.02400 0.55900 2.41100 0.88500 -3.60100 -8.27000 4.58800 0.14200 -10.30500 -18.05600 -9.97900
178.00000 8.92100 41.41200 7.43600 -5.97100 7.29400 19.83600 4.95400 2.41100 2.35000 -0.18300 -3.38700 6.54100 1.11900 -8.35200 -14.15000 -6.07300
179.00000 15.26900 42.87700 10.85400 -0.11200 13.64100 27.16100 7.88400 1.43400 4.30300 5.18800 1.49500 7.02900 3.07200 -4.93400 -8.77900 -0.70200
180.00000 23.57000 42.38900 13.78400 6.72400 19.98900 32.04300 9.34900 -0.51900 5.76800 10.07100 4.91300 7.02900 5.02500 -1.02700 -4.87300 2.71600
181.00000 31.38200 40.92400 15.73700 13.07200 24.87200 32.53200 7.39500 -3.93700 5.76800 11.53600 4.91300 5.07600 5.51400 0.92600 -3.40800 4.18100
182.00000 34.80000 37.99400 17.20200 17.46600 28.29000 29.60200 3.00100 -8.33100 5.28000 10.07100 1.00700 0.68200 3.56000 1.41400 -5.84900 3.20400
183.00000 33.33500 32.62300 17.20200 18.44300 28.77800 24.71900 -3.34700 -11.74900 3.81500 4.70000 -5.82900 -5.66600 -0.34600 -0.53900 -10.24400 0.27500
184.00000 27.47600 23.83400 14.76000 16.97800 27.31300 19.34800 -9.20600 -13.70200 2.83800 -2.13600 -13.64100 -12.50200 -5.22900 -3.95700 -15.61500 -3.63200
185.00000 20.15200 13.58000 9.38900 13.07200 22.91900 13.48900 -13.60100 -13.70200 1.86200 -7.01900 -19.98900 -18.85000 -10.60000 -8.84000 -20.00900 -7.05000
186.00000 14.29200 5.76800 3.04200 10.14200 18.03600 7.62900 -17.01900 -11.74900 0.39700 -10.43700 -23.89500 -22.26800 -14.50600 -13.23400 -21.96200 -10.46800
187.00000 11.36300 4.30300 -2.81800 7.70100 13.64100 2.25800 -18.48300 -8.33100 -2.04500 -11.90200 -24.87200 -22.26800 -15.97100 -16.16400 -22.45100 -12.42100
188.00000 10.38600 9.18600 -5.25900 5.74700 10.22300 -1.16000 -18.48300 -4.42500 -3.99800 -13.36700 -22.91900 -18.85000 -15.48300 -17.14100 -20.49800 -12.90900
189.00000 10.87400 17.97500 -4.77100 3.30600 8.27000 -2.62500 -17.99500 -1.49500 -5.46300 -16.78500 -19.98900 -13.47900 -13.04100 -15.67600 -18.05600 -11.93200
190.00000 10.87400 25.29900 -3.79400 -0.11200 7.78200 -2.62500 -17.99500 -0.03100 -5.46300 -21.17900 -18.03600 -7.61900 -8.64700 -13.72300 -17.08000 -10.46800
191.00000 8.92100 28.71700 -5.25900 -5.48300 6.80500 -3.60100 -18.97200 -1.49500 -3.02100 -25.57400 -17.54800 -4.20100 -3.76400 -12.25800 -17.08000 -9.49100
192.00000 5.50300 28.22900 -9.65400 -11.34200 3.87600 -7.01900 -19.94800 -3.93700 0.39700 -28.99200 -18.52400 -2.73600 1.60700 -12.25800 -18.54500 -9.49100
193.00000 0.62100 25.29900 -15.02500 -17.20200 -1.49500 -12.39000 -20.92500 -6.37800 3.32600 -29.96800 -19.98900 -2.73600 6.00200 -13.23400 -20.49800 -10.95600
194.00000 -4.26200 22.85800 -17.95500 -20.13100 -8.33100 -17.27300 -19.94800 -7.35500 4.79100 -29.48000 -19.98900 -2.24800 9.90800 -14.69900 -20.98600 -13.39700
195.00000 -8.16900 21.88100 -16.00100 -21.59600 -15.16700 -19.22600 -17.01900 -7.35500 5.28000 -27.52700 -18.52400 -0.78300 11.86100 -16.16400 -20.00900 -14.37400
196.00000 -9.63300 22.36900 -10.63000 -20.13100 -20.05000 -17.27300 -12.62400 -6.37800 5.28000 -24.10900 -15.10600 2.14600 11.86100 -16.16400 -18.05600 -14.86200
197.00000 -8.16900 22.36900 -5.25900 -17.20200 -20.53800 -12.39000 -8.23000 -4.42500 5.76800 -18.73800 -11.68800 5.07600 10.39600 -15.67600 -16.10300 -13.88500
198.00000 -4.75100 20.90500 -0.86500 -13.29500 -17.60900 -6.53100 -3.83500 -2.96000 6.25600 -11.90200 -8.75900 6.54100 7.95500 -14.69900 -15.12700 -12.42100
199.00000 0.62100 17.97500 1.08800 -7.92400 -11.74900 -1.16000 -0.90500 -1.49500 7.23300 -4.57800 -6.80500 6.54100 6.00200 -13.23400 -15.12700 -11.44400
200.00000 6.96800 16.02200 3.04200 -1.57700 -3.44800 3.23500 1.04800 -0.51900 7.72100 1.77000 -6.31700 5.07600 4.04900 -12.25800 -15.12700 -10.95600
201.00000 13.31600 15.53300 5.97100 5.25900 5.34100 6.65300 2.02400 0.94600 7.72100 5.18800 -5.82900 3.12300 2.58400 -10.30500 -15.61500 -10.46800
202.00000 19.66300 17.97500 9.87800 11.11900 13.15300 10.55900 2.51300 1.92300 7.23300 5.67600 -5.82900 1.65800 1.11900 -8.35200 -15.12700 -9.49100
203.00000 26.49900 22.85800 13.29500 16.00100 20.96600 15.44200 2.51300 2.41100 6.74400 5.18800 -6.31700 0.68200 -0.34600 -5.91000 -15.12700 -8.02600
204.00000 32.35900 29.69400 15.24900 18.44300 26.82500 21.79000 3.00100 1.43400 7.23300 6.65300 -7.29400 -0.78300 -1.32200 -2.98100 -14.63800 -6.56100
205.00000 36.75300 35.55300 15.73700 19.41900 30.73100 27.64900 3.48900 0.94600 7.72100 11.04700 -8.27000 -1.76000 -1.81100 -0.05100 -13.66200 -4.12000
206.00000 38.21800 39.45900 15.24900 19.41900 32.19600 32.04300 3.97700 -0.03100 8.69800 16.90700 -8.75900 -3.71300 -2.29900 2.39100 -11.70900 -1.67800
207.00000 37.24200 41.90100 15.73700 19.41900 30.73100 33.99700 3.97700 -0.51900 9.67400 22.27800 -8.75900 -5.66600 -2.29900 4.34400 -9.26700 0.76300
208.00000 34.31200 44.83000 16.22500 18.93100 27.80200 32.53200 3.97700 -1.00700 10.65100 25.20800 -9.73500 -8.10800 -2.78700 5.32000 -7.80200 2.71600
209.00000 31.87100 47.27200 16.22500 17.95500 24.38400 29.60200 2.51300 -2.96000 11.62700 24.23100 -12.66500 -12.01400 -3.27600 5.32000 -7.80200 3.69300
210.00000 29.42900 48.73700 14.76000 15.51300 21.45400 25.69600 -0.41700 -4.91300 12.60400 20.81300 -17.54800 -16.40800 -4.25200 4.34400 -10.24400 3.20400
211.00000 26.49900 46.29500 10.85400 12.09500 19.50100 22.27800 -4.32300 -6.86600 13.58000 16.41800 -22.91900 -19.82600 -4.74000 1.90200 -14.63800 0.27500
212.00000 21.12800 38.48300 5.97100 8.18900 18.03600 18.86000 -9.20600 -8.82000 12.60400 12.02400 -27.31300 -22.26800 -6.20500 -2.49200 -19.52100 -4.60800
213.00000 11.85100 26.27600 -0.37600 3.30600 15.59400 14.46500 -14.08900 -8.82000 10.16200 6.16500 -29.75500 -21.77900 -8.15800 -7.86300 -23.91600 -10.95600
214.00000 -1.33300 13.09200 -7.21200 -2.06500 11.68800 7.14100 -18.97200 -8.82000 7.23300 -1.16000 -29.75500 -18.85000 -10.60000 -14.69900 -27.82200 -17.79200
215.00000 -14.02800 3.81500 -14.53700 -7.92400 6.80500 -3.11300 -23.36600 -8.33100 4.30300 -8.97200 -28.29000 -15.43200 -12.55300 -21.04700 -30.26300 -23.65100
216.00000 -23.30500 -2.04500 -21.86100 -14.76000 0.45800 -12.87800 -25.31900 -8.82000 2.35000 -16.29600 -25.84800 -11.52500 -13.52900 -26.41800 -31.72800 -27.06900
217.00000 -27.70000 -4.97400 -27.23200 -20.62000 -4.42500 -18.73800 -26.29600 -9.30800 2.35000 -19.71400 -23.89500 -9.08400 -12.55300 -28.37100 -32.70500 -28.04600
218.00000 -28.67600 -8.88100 -29.18500 -24.03800 -8.33100 -19.22600 -26.78400 -10.28400 2.83800 -19.71400 -21.94200 -8.10800 -10.11100 -28.85900 -32.70500 -28.04600
219.00000 -28.18800 -14.74000 -28.20800 -24.52600 -9.79600 -16.29600 -25.80800 -9.79600 2.35000 -18.73800 -20.47700 -8.10800 -8.15800 -27.39500 -31.72800 -27.55700
220.00000 -28.18800 -20.11100 -24.30200 -21.59600 -8.82000 -11.90200 -25.80800 -8.82000 0.39700 -18.25000 -19.98900 -8.10800 -7.18200 -25.93000 -30.75200 -27.06900
221.00000 -27.21200 -22.06400 -19.41900 -16.71300 -6.37800 -8.48400 -25.80800 -7.84300 -2.04500 -20.20300 -19.98900 -8.10800 -8.15800 -24.95300 -28.79800 -26.09300
222.00000 -23.79400 -16.20500 -16.00100 -12.31900 -2.96000 -7.99600 -25.80800 -7.84300 -4.48600 -23.13200 -20.47700 -6.15400 -9.62300 -23.97700 -25.86900 -23.65100
223.00000 -17.93400 -4.48600 -15.02500 -9.87800 -0.51900 -8.97200 -25.31900 -7.35500 -5.95100 -24.59700 -19.01200 -2.73600 -9.13500 -21.04700 -21.96200 -19.25700
224.00000 -11.09800 8.20900 -15.51300 -9.38900 -0.03100 -10.43700 -22.87800 -6.37800 -5.46300 -22.15600 -15.10600 1.65800 -6.20500 -16.16400 -16.10300 -12.42100
225.00000 -6.70400 15.04500 -16.00100 -9.87800 -1.00700 -12.87800 -17.99500 -3.44800 -3.99800 -15.80800 -8.75900 7.02900 -1.32200 -9.81600 -9.26700 -5.09600
226.00000 -6.21500 13.09200 -15.02500 -10.36600 -3.93700 -14.34300 -11.15900 0.94600 -2.04500 -7.50700 -0.94600 12.40000 4.53700 -2.00400 -2.92000 2.71600
227.00000 -9.63300 2.83800 -12.09500 -9.38900 -6.86600 -15.80800 -3.83500 6.31700 0.88500 0.30500 6.86600 15.81800 10.39600 5.32000 2.45200 8.57500
228.00000 -13.05100 -7.41600 -8.18900 -6.46000 -7.84300 -15.32000 3.48900 10.22300 3.81500 5.67600 12.23800 17.77100 14.30300 10.69100 5.87000 12.97000
229.00000 -13.05100 -12.29900 -3.79400 -3.04200 -5.89000 -11.41400 8.37200 12.66500 6.74400 8.11800 14.19100 17.77100 16.25600 13.62100 6.35800 14.92300
230.00000 -8.16900 -8.88100 1.08800 0.37600 -0.03100 -5.55400 10.32500 12.17700 9.67400 8.60600 13.21400 15.81800 16.25600 14.10900 4.40500 13.45800
231.00000 -0.35600 0.88500 4.99500 4.28300 8.75900 1.28200 10.81300 10.22300 12.11500 8.11800 10.28400 12.40000 14.79100 11.66800 0.01000 10.52900
232.00000 7.45600 10.65100 7.92400 8.18900 17.05900 5.67600 8.86000 6.80500 14.55700 8.11800 6.37800 8.00600 12.34900 8.25000 -4.87300 6.13400
233.00000 14.29200 16.02200 9.38900 11.11900 23.40700 6.65300 5.93100 2.89900 16.51000 8.60600 2.47200 4.10000 9.42000 4.34400 -10.24400 2.22800
234.00000 17.71000 17.97500 9.38900 13.07200 25.36000 4.70000 3.00100 -1.49500 16.99800 9.58300 -0.45800 1.17000 6.49000 1.41400 -13.17300 -0.70200
235.00000 19.66300 18.95100 6.94800 13.07200 22.91900 3.23500 0.55900 -4.42500 16.02200 10.55900 -3.38700 -0.29500 3.56000 -1.02700 -14.15000 -2.16700
236.00000 20.15200 20.90500 3.53000 10.63000 18.03600 3.23500 -0.41700 -6.37800 14.06900 11.04700 -4.36400 -0.78300 1.11900 -1.51600 -12.68500 -2.16700
237.00000 20.15200 24.81100 1.08800 6.72400 13.64100 6.16500 0.07100 -7.35500 11.13900 11.04700 -3.38700 -0.78300 -0.34600 -1.02700 -10.24400 -1.19000
238.00000 20.15200 28.71700 0.60000 2.33000 10.22300 10.55900 2.51300 -6.86600 9.67400 11.53600 -1.92300 -0.78300 -1.32200 0.43700 -7.31400 0.27500
239.00000 19.66300 30.18200 2.06500 -0.60000 8.75900 15.44200 5.44200 -6.37800 9.18600 11.53600 -0.45800 -1.76000 -1.32200 2.39100 -6.33700 1.25100
240.00000 19.66300 29.20500 4.50600 -1.08800 9.24700 17.88300 5.44200 -7.35500 9.18600 10.55900 -1.92300 -4.69000 -1.81100 2.39100 -8.29100 0.76300
241.00000 20.15200 26.76400 6.46000 0.37600 10.71200 18.37200 2.51300 -9.30800 8.20900 7.14100 -7.29400 -10.06100 -3.27600 -0.05100 -13.17300 -2.16700
242.00000 21.61700 23.83400 7.92400 3.30600 12.17700 16.90700 -4.32300 -11.26100 5.28000 0.79300 -14.61800 -16.40800 -6.69400 -5.42200 -20.98600 -8.02600
243.00000 23.08100 20.90500 9.38900 7.21200 14.13000 14.46500 -11.15900 -11.74900 0.39700 -7.01900 -21.94200 -22.26800 -11.57600 -12.25800 -28.79800 -14.86200
244.00000 24.05800 18.95100 10.85400 11.60700 16.08300 11.04700 -15.55400 -9.79600 -3.99800 -12.39000 -26.82500 -25.68600 -15.97100 -18.11700 -33.68100 -21.21000
245.00000 25.03500 18.46300 12.80700 15.51300 17.05900 8.11800 -15.06600 -5.40200 -6.92700 -14.34300 -27.31300 -25.19700 -18.41200 -21.04700 -34.65800 -23.65100
246.00000 24.54600 19.92800 13.29500 18.44300 17.05900 5.67600 -12.13600 0.45800 -7.41600 -12.87800 -23.89500 -21.77900 -18.90100 -21.04700 -31.72800 -23.16300
247.00000 22.59300 23.34600 10.85400 18.93100 15.59400 4.21100 -8.71800 4.36400 -5.95100 -9.46000 -20.96600 -17.87300 -17.92400 -18.60600 -27.82200 -19.74500
248.00000 18.68700 25.29900 4.50600 16.00100 13.64100 3.72300 -9.69400 5.34100 -5.46300 -7.50700 -19.50100 -14.94300 -17.92400 -17.14100 -25.86900 -17.79200
249.00000 13.80400 24.81100 -4.28300 11.11900 11.68800 4.21100 -13.60100 3.38700 -5.95100 -9.46000 -21.45400 -14.94300 -19.38900 -17.14100 -26.35700 -17.79200
250.00000 8.92100 20.90500 -13.07200 4.77100 10.22300 4.70000 -18.97200 0.45800 -6.92700 -13.36700 -23.89500 -15.92000 -20.85400 -18.60600 -28.79800 -19.74500
251.00000 6.96800 16.51000 -18.93100 -0.60000 9.24700 4.70000 -21.90100 -1.98400 -7.90400 -17.27300 -25.84800 -15.43200 -21.83000 -19.58200 -30.26300 -21.21000
252.00000 7.45600 14.55700 -18.93100 -4.01800 8.75900 6.16500 -20.92500 -1.49500 -5.95100 -17.76100 -24.38400 -12.50200 -20.36500 -19.09400 -29.28700 -20.23300
253.00000 8.43300 16.02200 -13.56000 -5.97100 7.78200 8.11800 -16.53000 0.45800 -1.55600 -13.85500 -19.50100 -6.64300 -15.48300 -15.18800 -25.86900 -16.81500
254.00000 6.96800 18.95100 -5.25900 -6.94800 6.31700 10.55900 -10.67100 2.41100 4.30300 -7.01900 -14.13000 0.19300 -8.64700 -9.81600 -20.98600 -11.44400
255.00000 1.59700 21.39300 3.53000 -7.92400 2.89900 12.51200 -5.30000 3.87600 9.18600 0.30500 -8.27000 5.56400 -2.29900 -3.95700 -16.59100 -6.07300
256.00000 -7.19200 21.39300 9.87800 -9.87800 -2.96000 12.51200 -0.41700 4.36400 12.60400 6.16500 -2.89900 9.95900 2.58400 0.92600 -12.68500 -1.19000
