1.00000 -0.84400 1.87200 -0.87500 -1.88200 1.11900 4.21100 4.85200 0.33600 1.62800 12.56300 7.35500 3.48900 4.60800 8.28000 5.06600 4.88300
2.00000 -2.30900 0.89500 -3.31600 -2.37000 1.11900 3.23500 0.45800 -0.64100 1.13900 7.19200 4.42500 2.51300 3.14300 4.86200 2.13600 0.00000
3.00000 -4.26200 0.40700 -6.73400 -3.34700 0.63100 1.28200 -3.93700 -1.61700 1.13900 -0.13200 1.00700 0.55900 1.19000 1.44400 -1.77000 -2.93000
4.00000 -4.75100 0.40700 -9.17600 -4.32300 0.14200 0.30500 -7.35500 -2.59400 0.65100 -5.99200 -1.92300 -0.90500 0.21400 -1.48500 -4.70000 -3.41800
5.00000 -4.75100 0.40700 -10.64000 -4.81200 0.14200 -0.18300 -8.33100 -2.59400 0.16300 -7.94500 -4.36400 -1.88200 -0.27500 -3.43800 -5.67600 -3.41800
6.00000 -4.26200 0.89500 -10.15200 -4.32300 0.14200 0.30500 -8.33100 -2.59400 0.16300 -5.99200 -5.34100 -1.88200 -1.25100 -4.41500 -5.18800 -4.88300
7.00000 -3.28600 0.89500 -8.19900 -3.83500 0.63100 0.79300 -7.84300 -2.59400 0.16300 -2.57400 -5.82900 -2.37000 -1.74000 -4.90300 -3.72300 -7.81200
8.00000 -2.79700 0.89500 -6.24600 -3.34700 0.63100 0.79300 -7.35500 -3.08200 0.65100 -0.62100 -6.80500 -2.85800 -1.74000 -5.39100 -2.74700 -9.76600
9.00000 -2.79700 0.40700 -5.26900 -2.85800 0.63100 0.79300 -7.84300 -3.57100 0.16300 -0.13200 -8.75900 -3.83500 -1.74000 -5.39100 -4.21100 -9.76600
10.00000 -3.28600 -0.08100 -5.26900 -3.34700 -0.34600 0.79300 -8.33100 -3.57100 0.65100 -0.62100 -9.73500 -4.32300 -0.27500 -4.90300 -5.67600 -6.34800
11.00000 -3.77400 -1.05800 -6.73400 -3.83500 -0.34600 0.79300 -7.84300 -3.57100 0.65100 -0.13200 -9.73500 -4.32300 1.19000 -2.95000 -6.16500 -1.46500
12.00000 -4.26200 -1.05800 -8.19900 -4.32300 0.14200 0.79300 -6.86600 -2.59400 1.13900 0.84400 -6.80500 -2.85800 2.65500 -0.50900 -3.72300 2.44100
13.00000 -4.26200 -1.05800 -9.17600 -3.83500 1.11900 1.28200 -4.91300 -2.10600 1.13900 1.33300 -2.41100 -0.41700 3.14300 1.93300 0.67100 4.88300
14.00000 -4.26200 -0.08100 -8.68700 -2.85800 2.09600 1.77000 -2.47200 -1.12900 1.62800 -0.62100 2.47200 1.53600 3.14300 2.90900 5.06600 4.39500
15.00000 -2.79700 1.87200 -7.22200 -1.88200 3.07200 2.25800 -1.00700 -0.15300 1.62800 -3.55000 6.37800 2.02400 2.16700 1.93300 7.01900 2.93000
16.00000 -0.84400 4.31300 -4.78100 -0.41700 3.56000 3.23500 -0.51900 -0.15300 1.62800 -5.50300 7.84300 1.53600 0.21400 0.46800 6.04200 1.95300
17.00000 1.59700 6.75500 -1.36300 0.55900 4.04900 5.18800 -0.51900 -0.64100 1.13900 -4.03800 5.89000 0.07100 -0.76300 -0.02000 2.62500 1.46500
18.00000 3.55000 8.70800 1.07800 1.53600 5.02500 6.65300 -1.49500 -1.12900 1.13900 0.35600 2.47200 -1.88200 -0.76300 1.44400 -1.28200 1.95300
19.00000 5.01500 9.68400 2.05500 2.02400 5.51400 7.62900 -1.98400 -2.10600 1.13900 6.70400 -0.94600 -2.85800 0.21400 3.88600 -4.21100 1.95300
20.00000 5.01500 8.70800 1.56700 1.53600 5.51400 7.14100 -2.47200 -2.10600 1.13900 10.61000 -3.38700 -2.85800 1.67800 6.32700 -5.18800 2.44100
21.00000 3.55000 6.75500 -0.38700 1.04800 4.53700 5.18800 -2.96000 -2.10600 1.13900 9.63300 -2.89900 -2.85800 2.65500 6.32700 -4.21100 2.44100
22.00000 2.08500 4.31300 -1.36300 0.55900 3.56000 2.74700 -3.44800 -2.10600 1.13900 4.75100 -1.43400 -2.37000 2.65500 4.37400 -2.25800 0.97700
23.00000 0.62100 1.87200 -1.85100 0.55900 2.58400 0.79300 -3.44800 -2.10600 1.13900 -1.10900 0.03100 -2.37000 2.16700 1.44400 -0.79300 -1.46500
24.00000 0.13200 0.89500 -0.87500 1.04800 2.09600 0.30500 -3.44800 -2.10600 0.65100 -5.01500 0.51900 -2.85800 0.21400 -0.99700 -1.28200 -4.39500
25.00000 0.62100 1.87200 1.07800 1.53600 2.58400 0.79300 -2.96000 -1.12900 0.65100 -5.01500 -0.45800 -4.32300 -1.74000 -2.46200 -3.23500 -8.30100
26.00000 2.57400 3.33700 3.52000 2.51300 4.04900 1.77000 -2.47200 -1.12900 1.13900 -2.08500 -2.41100 -5.78800 -3.20400 -2.95000 -7.14100 -10.25400
27.00000 4.03800 5.77800 4.49600 3.00100 5.02500 2.25800 -1.98400 -1.12900 1.62800 1.33300 -3.87600 -6.76500 -3.69300 -2.95000 -10.55900 -10.74200
28.00000 4.52700 6.75500 3.52000 1.53600 5.02500 2.25800 -2.47200 -1.61700 1.62800 2.30900 -3.87600 -7.25300 -3.20400 -2.46200 -12.02400 -8.30100
29.00000 3.55000 6.75500 0.10200 0.55900 4.04900 1.28200 -3.93700 -2.10600 2.11600 -0.13200 -2.41100 -6.27600 -2.22800 -2.46200 -10.55900 -4.39500
30.00000 1.10900 4.80100 -3.80500 -1.39400 2.58400 0.30500 -5.40200 -2.59400 2.11600 -4.52700 -0.94600 -4.32300 -0.76300 -1.48500 -7.14100 -0.48800
31.00000 -0.84400 2.36000 -6.24600 -1.88200 0.63100 -0.67100 -6.37800 -2.59400 1.13900 -7.94500 0.03100 -2.85800 0.21400 -0.50900 -2.74700 0.97700
32.00000 -2.30900 -0.08100 -5.75800 -1.88200 -0.34600 -1.16000 -6.37800 -2.10600 1.13900 -7.45600 0.51900 -1.88200 1.19000 1.44400 -0.30500 0.97700
33.00000 -2.30900 -0.57000 -3.80500 -1.39400 -0.34600 -1.16000 -5.89000 -1.61700 1.13900 -3.06200 0.03100 -1.88200 1.67800 3.39800 0.18300 0.00000
34.00000 -1.82100 -0.57000 -0.87500 -1.39400 0.14200 -0.18300 -4.91300 -1.61700 2.60400 2.30900 0.03100 -2.85800 2.16700 4.86200 -0.30500 -1.46500
35.00000 -1.33300 -0.08100 0.10200 -1.88200 1.11900 0.30500 -4.42500 -2.10600 3.58100 5.23900 0.51900 -3.34700 2.16700 5.83900 -1.28200 -1.46500
36.00000 -2.79700 -0.08100 0.10200 -2.85800 1.60700 1.28200 -3.93700 -2.59400 4.06900 4.26200 1.98400 -3.34700 2.65500 6.81600 -0.79300 0.00000
37.00000 -4.26200 -0.08100 -1.36300 -3.83500 1.60700 0.79300 -2.47200 -2.59400 3.58100 0.84400 2.96000 -2.85800 2.65500 6.81600 -0.30500 1.95300
38.00000 -5.72700 -1.05800 -1.85100 -4.32300 1.11900 0.79300 -1.00700 -1.61700 2.60400 -2.08500 3.44800 -2.37000 2.16700 6.81600 0.18300 4.39500
39.00000 -5.72700 -1.05800 -0.38700 -3.83500 0.14200 0.30500 1.43400 -0.64100 1.13900 -1.59700 3.93700 -1.88200 1.67800 6.81600 0.67100 5.85900
40.00000 -4.26200 -1.05800 1.07800 -3.83500 -0.83400 0.30500 2.41100 -0.15300 0.16300 0.35600 3.93700 -1.39400 0.70200 6.32700 1.16000 5.37100
41.00000 -2.30900 -0.08100 2.54300 -2.85800 -0.83400 1.28200 2.89900 0.82400 -0.32600 2.79700 4.42500 -0.90500 -0.27500 5.35100 2.13600 3.41800
42.00000 -0.84400 0.89500 3.03100 -2.37000 -0.83400 1.77000 2.41100 0.33600 -0.32600 2.30900 5.40200 -0.90500 -1.74000 4.37400 3.11300 0.97700
43.00000 -0.35600 1.87200 2.05500 -1.88200 -0.34600 2.74700 2.41100 0.33600 0.65100 1.33300 6.37800 -0.90500 -2.22800 3.88600 3.11300 0.48800
44.00000 -1.33300 1.87200 2.05500 -1.88200 0.63100 3.72300 2.41100 -0.15300 1.13900 0.84400 6.37800 -1.39400 -1.74000 4.37400 2.62500 2.44100
45.00000 -1.33300 2.84800 2.54300 -1.88200 2.09600 4.70000 1.92300 -0.64100 1.62800 3.28600 5.40200 -1.88200 -0.76300 5.83900 2.13600 6.34800
46.00000 -0.84400 3.82500 3.52000 -1.88200 2.58400 5.18800 1.43400 -1.12900 2.11600 6.21500 3.93700 -1.88200 0.21400 7.30400 2.13600 9.27700
47.00000 0.13200 4.80100 3.52000 -1.88200 2.58400 5.67600 -0.03100 -1.61700 2.11600 8.16900 2.96000 -1.39400 0.21400 7.30400 3.60100 9.76600
48.00000 1.10900 5.77800 3.03100 -1.88200 2.09600 6.16500 -0.51900 -1.12900 1.62800 7.19200 2.96000 -0.41700 -0.76300 5.35100 5.55400 7.32400
49.00000 0.62100 5.29000 1.07800 -1.39400 1.60700 5.18800 -0.51900 -1.12900 1.13900 4.26200 4.91300 0.55900 -1.74000 3.39800 7.50700 2.93000
50.00000 -0.35600 3.82500 0.10200 -1.39400 1.11900 4.70000 0.45800 -1.12900 0.65100 0.84400 7.35500 1.53600 -1.74000 1.44400 7.99600 0.48800
51.00000 -1.82100 1.87200 0.10200 -1.39400 0.63100 2.74700 2.41100 -0.64100 1.13900 -1.59700 10.28400 3.00100 -0.27500 2.42100 7.99600 1.46500
52.00000 -1.82100 0.89500 2.54300 -1.39400 0.14200 1.77000 3.38700 -0.15300 1.62800 -2.08500 12.23800 3.97700 1.67800 4.86200 7.99600 4.88300
53.00000 -0.84400 0.40700 6.44900 -0.90500 -0.83400 0.79300 4.85200 0.82400 1.62800 -1.10900 13.21400 5.44200 3.63200 7.30400 8.48400 9.27700
54.00000 0.62100 0.40700 8.89100 -0.41700 -1.81100 0.30500 5.34100 1.31200 1.62800 0.35600 12.72600 6.41900 4.60800 8.76900 8.48400 11.71900
55.00000 0.62100 -0.08100 9.37900 -0.41700 -2.29900 0.30500 5.34100 1.80100 1.13900 3.77400 12.23800 6.90700 4.60800 8.76900 8.97200 11.71900
56.00000 -0.35600 -0.57000 6.93800 -1.39400 -2.78700 0.30500 4.36400 1.80100 0.65100 6.70400 11.74900 7.39500 4.60800 8.28000 8.97200 10.25400
57.00000 -2.79700 -2.52300 3.03100 -2.85800 -3.27600 -0.18300 2.41100 1.31200 0.65100 8.65700 12.23800 7.88400 5.09600 8.28000 8.97200 9.27700
58.00000 -5.72700 -3.98800 -0.87500 -4.81200 -3.27600 -2.13600 0.45800 0.33600 1.13900 7.19200 12.72600 8.37200 6.07300 9.25700 9.94900 9.27700
59.00000 -7.19200 -4.96400 -2.34000 -6.27600 -3.76400 -3.60100 -1.49500 -0.15300 1.62800 2.30900 13.21400 8.86000 7.53800 10.72200 10.92500 10.74200
60.00000 -6.70400 -4.47600 -0.87500 -5.78800 -4.74000 -4.08900 -1.49500 0.33600 1.62800 -3.06200 12.72600 9.34900 8.51400 11.69800 10.92500 12.69500
61.00000 -5.23900 -3.01100 3.52000 -4.81200 -5.22900 -3.11300 -0.51900 0.82400 1.13900 -6.96800 11.74900 9.34900 8.51400 11.21000 9.94900 13.18400
62.00000 -2.79700 -2.03500 6.93800 -3.83500 -6.20500 -1.64800 0.94600 1.31200 0.16300 -6.96800 12.23800 9.34900 8.51400 10.23400 8.48400 12.20700
63.00000 -1.33300 -1.54600 8.89100 -2.85800 -6.20500 -0.67100 1.92300 1.31200 -0.81400 -4.52700 13.21400 8.86000 8.02600 9.25700 7.50700 10.74200
64.00000 -0.84400 -1.05800 8.89100 -2.85800 -6.20500 -0.67100 2.41100 1.80100 -1.30200 -1.10900 14.67900 8.86000 8.02600 8.28000 7.01900 9.76600
65.00000 -1.33300 -1.54600 6.93800 -3.34700 -5.22900 -2.13600 2.41100 1.80100 -1.30200 2.30900 15.16700 8.37200 7.53800 6.81600 7.01900 9.27700
66.00000 -2.30900 -2.03500 4.00800 -3.83500 -4.74000 -3.11300 3.38700 1.80100 -0.81400 4.75100 13.70200 7.39500 6.07300 5.35100 7.01900 8.78900
67.00000 -3.77400 -2.03500 2.54300 -3.83500 -4.25200 -3.11300 4.36400 1.80100 -0.32600 6.21500 11.74900 6.90700 4.60800 3.39800 6.53100 7.32400
68.00000 -5.23900 -2.52300 1.56700 -4.32300 -4.25200 -2.62500 4.85200 1.80100 -0.32600 6.21500 10.77300 5.93100 3.14300 1.93300 6.04200 3.41800
69.00000 -6.70400 -3.01100 1.56700 -4.81200 -4.25200 -1.16000 3.87600 2.28900 0.16300 4.26200 9.79600 4.95400 1.67800 0.46800 5.06600 0.48800
70.00000 -7.19200 -3.49900 1.56700 -5.30000 -4.25200 0.30500 1.43400 1.80100 0.16300 0.35600 9.79600 4.46600 0.70200 -0.02000 3.60100 -1.46500
71.00000 -6.21500 -3.01100 2.05500 -4.81200 -3.76400 1.77000 -1.49500 1.80100 0.16300 -2.57400 8.82000 3.00100 0.21400 0.46800 2.13600 -0.97700
72.00000 -4.26200 -2.03500 2.54300 -3.83500 -3.27600 3.23500 -2.96000 1.31200 -0.32600 -2.57400 7.84300 2.02400 0.21400 1.44400 1.16000 1.46500
73.00000 -2.79700 -0.08100 3.52000 -3.83500 -2.29900 5.18800 -1.98400 1.31200 0.16300 1.33300 6.86600 1.04800 0.70200 3.39800 1.16000 4.39500
74.00000 -2.30900 0.89500 4.00800 -3.83500 -1.81100 6.16500 0.45800 1.80100 0.65100 5.72700 7.84300 2.02400 1.67800 5.83900 2.62500 6.34800
75.00000 -3.28600 1.38300 3.52000 -4.81200 -1.32200 7.14100 3.38700 1.31200 1.13900 9.14500 9.30800 3.48900 2.65500 8.28000 5.06600 6.83600
76.00000 -4.75100 0.40700 2.54300 -5.78800 -0.83400 7.14100 4.36400 0.82400 2.11600 9.14500 11.74900 4.95400 3.63200 10.23400 7.99600 6.83600
77.00000 -5.23900 -0.08100 2.05500 -6.27600 -0.34600 6.65300 3.87600 0.82400 2.11600 7.19200 13.21400 5.44200 3.63200 10.23400 8.97200 6.83600
78.00000 -4.26200 -0.08100 3.03100 -5.30000 -0.34600 6.16500 2.89900 1.31200 2.11600 5.72700 13.21400 4.95400 2.65500 8.76900 7.99600 6.83600
79.00000 -2.30900 0.89500 4.49600 -3.34700 0.14200 4.70000 2.89900 1.80100 1.62800 4.26200 12.72600 3.97700 1.19000 6.32700 6.04200 5.85900
80.00000 -0.35600 1.38300 6.44900 -1.88200 -0.34600 3.72300 4.85200 2.77700 0.65100 4.26200 12.23800 3.97700 0.21400 3.88600 5.06600 5.37100
81.00000 -0.35600 1.87200 6.93800 -1.39400 -1.32200 2.74700 6.31700 2.77700 0.16300 2.79700 11.74900 4.46600 -0.27500 2.90900 5.06600 3.90600
82.00000 -0.84400 1.38300 5.47300 -1.88200 -1.81100 2.74700 6.31700 2.28900 0.16300 1.33300 11.26100 4.46600 -0.27500 2.90900 6.04200 2.93000
83.00000 -2.30900 0.89500 3.03100 -2.85800 -2.29900 2.74700 4.36400 1.31200 0.65100 0.84400 9.30800 3.97700 -0.27500 3.88600 6.04200 1.95300
84.00000 -2.79700 0.40700 1.56700 -3.34700 -1.81100 2.74700 1.43400 0.33600 0.65100 1.82100 6.86600 2.02400 -0.76300 3.88600 4.57800 1.46500
85.00000 -2.30900 0.89500 1.56700 -3.34700 -0.83400 2.25800 -0.51900 -0.64100 1.13900 3.28600 4.91300 0.07100 -1.25100 3.39800 2.13600 1.46500
86.00000 -0.84400 2.36000 3.52000 -2.37000 0.63100 2.25800 -1.49500 -1.61700 1.62800 3.28600 3.44800 -1.39400 -1.74000 2.90900 0.18300 1.95300
87.00000 1.59700 3.82500 6.44900 -0.90500 2.58400 3.23500 -1.00700 -2.10600 2.11600 1.33300 3.93700 -2.37000 -1.25100 2.90900 -0.79300 2.93000
88.00000 3.55000 6.26600 8.40300 0.07100 4.04900 4.70000 -0.51900 -2.59400 2.60400 -1.10900 4.42500 -2.85800 -0.27500 3.88600 -0.79300 4.39500
89.00000 5.01500 8.21900 10.35600 1.04800 5.02500 6.65300 -0.51900 -2.59400 3.58100 -1.59700 4.91300 -2.85800 1.19000 5.83900 -0.30500 6.34800
90.00000 5.99200 9.68400 10.35600 1.04800 5.51400 8.60600 -1.00700 -2.59400 4.06900 1.33300 4.42500 -2.85800 2.16700 6.81600 0.67100 7.81200
91.00000 5.50300 10.66100 9.86700 1.04800 6.00200 9.58300 -0.51900 -2.10600 4.55700 6.21500 3.93700 -2.37000 1.67800 6.32700 1.64800 7.32400
92.00000 5.50300 10.17300 9.37900 1.04800 5.51400 9.58300 0.94600 -1.61700 4.55700 10.12200 4.91300 -1.39400 1.19000 4.37400 2.62500 5.37100
93.00000 5.50300 8.70800 8.89100 1.04800 5.02500 8.11800 1.92300 -1.12900 4.06900 9.63300 5.40200 -1.39400 -0.27500 1.44400 3.11300 1.95300
94.00000 5.50300 7.73100 8.89100 1.04800 4.53700 7.14100 2.89900 -0.64100 3.09200 5.23900 5.89000 -1.39400 -1.25100 -0.50900 2.62500 -0.97700
95.00000 4.52700 5.29000 8.89100 0.55900 3.56000 4.70000 1.43400 -1.12900 2.11600 0.35600 5.40200 -2.37000 -1.74000 -0.99700 0.67100 -2.44100
96.00000 2.57400 2.84800 7.42600 -0.90500 2.58400 2.25800 -1.49500 -1.61700 0.65100 -2.57400 3.44800 -2.85800 -1.25100 -0.99700 -2.25800 -1.95300
97.00000 -0.35600 0.40700 4.49600 -2.37000 0.63100 -0.67100 -4.91300 -2.10600 -0.32600 -3.06200 1.49500 -2.85800 -0.76300 -1.48500 -4.21100 -0.48800
98.00000 -3.77400 -3.01100 1.07800 -4.32300 -1.32200 -4.08900 -7.35500 -2.10600 -1.30200 -3.55000 0.03100 -1.88200 -0.76300 -2.46200 -4.70000 0.97700
99.00000 -6.70400 -5.45200 -2.82800 -5.78800 -2.29900 -6.04200 -8.82000 -1.61700 -1.79000 -5.01500 -0.45800 -0.90500 -0.27500 -3.43800 -3.23500 1.46500
100.00000 -8.16900 -5.94100 -4.78100 -6.27600 -2.29900 -6.53100 -8.33100 -0.64100 -1.79000 -9.41000 1.00700 0.07100 -0.27500 -3.43800 -0.79300 0.48800
101.00000 -8.16900 -4.96400 -4.29300 -5.30000 -1.32200 -4.57800 -6.37800 0.33600 -0.81400 -13.31600 2.96000 1.53600 0.70200 -1.48500 1.64800 -0.48800
102.00000 -7.19200 -2.52300 -1.85100 -3.83500 -0.34600 -2.13600 -3.93700 1.31200 -0.32600 -14.78100 5.40200 3.00100 2.16700 0.46800 4.08900 -0.48800
103.00000 -5.72700 -0.57000 0.59000 -1.88200 -0.34600 -0.67100 -1.98400 2.28900 -0.32600 -10.87400 7.84300 4.46600 3.14300 2.42100 5.55400 0.00000
104.00000 -4.26200 0.89500 2.54300 -1.39400 -0.83400 -0.67100 -1.49500 3.26500 -0.32600 -3.55000 9.79600 6.41900 4.12000 2.90900 5.55400 1.46500
105.00000 -3.28600 0.40700 3.52000 -1.39400 -1.81100 -2.13600 -1.00700 3.75400 -0.81400 4.26200 10.77300 7.88400 4.12000 2.42100 5.06600 2.44100
106.00000 -2.79700 -0.57000 3.03100 -2.37000 -1.81100 -2.62500 -1.49500 4.24200 -0.81400 9.63300 9.79600 7.88400 4.12000 1.44400 4.08900 2.44100
107.00000 -2.79700 -1.54600 2.54300 -3.34700 -0.83400 -3.11300 -2.47200 3.75400 -0.81400 9.14500 7.84300 6.90700 3.63200 0.95600 3.11300 1.95300
108.00000 -3.28600 -2.03500 1.56700 -4.32300 0.14200 -2.62500 -2.96000 2.77700 -0.32600 4.26200 5.40200 5.44200 3.14300 0.95600 2.13600 1.46500
109.00000 -4.75100 -2.52300 0.59000 -4.81200 0.63100 -2.13600 -2.96000 1.80100 0.16300 -2.57400 3.44800 3.97700 2.16700 0.46800 1.16000 0.97700
110.00000 -6.21500 -3.01100 -0.87500 -4.81200 -0.34600 -2.62500 -3.44800 1.31200 0.16300 -8.43300 2.47200 2.51300 0.70200 -0.99700 -0.30500 0.00000
111.00000 -7.68000 -3.98800 -2.34000 -5.78800 -1.32200 -3.11300 -3.93700 0.82400 0.16300 -10.87400 1.49500 1.04800 -1.25100 -2.95000 -3.23500 -0.97700
112.00000 -8.16900 -4.96400 -3.31600 -6.27600 -2.29900 -3.60100 -4.42500 0.33600 0.16300 -10.87400 0.51900 -0.41700 -2.71600 -4.41500 -6.16500 -2.44100
113.00000 -8.65700 -5.45200 -3.31600 -7.25300 -2.78700 -3.11300 -4.91300 -0.15300 0.65100 -8.43300 -0.94600 -1.88200 -2.71600 -4.41500 -8.11800 -2.93000
114.00000 -9.14500 -4.96400 -2.82800 -7.74100 -2.78700 -1.64800 -4.91300 -0.64100 1.13900 -5.01500 -1.92300 -2.37000 -2.71600 -3.43800 -8.60600 -2.93000
115.00000 -8.65700 -3.98800 -1.36300 -7.74100 -2.29900 -0.18300 -3.93700 -1.12900 1.13900 -0.62100 -2.41100 -2.37000 -2.22800 -2.46200 -7.14100 -2.93000
116.00000 -6.70400 -1.54600 -0.38700 -6.27600 -1.81100 1.77000 -2.96000 -1.12900 1.13900 3.77400 -1.92300 -2.85800 -2.22800 -2.46200 -5.18800 -3.90600
117.00000 -3.77400 0.89500 0.59000 -4.32300 -0.34600 3.23500 -1.49500 -1.12900 1.13900 7.19200 -0.94600 -2.85800 -2.71600 -2.95000 -3.72300 -4.39500
118.00000 0.13200 3.82500 2.05500 -2.37000 1.60700 5.18800 -1.00700 -1.61700 1.62800 8.16900 0.51900 -2.85800 -2.71600 -3.43800 -3.72300 -5.37100
119.00000 3.55000 5.77800 3.52000 -0.90500 4.04900 6.16500 -1.00700 -1.61700 2.60400 7.68000 1.00700 -3.34700 -2.22800 -2.46200 -4.70000 -4.39500
120.00000 5.99200 8.70800 5.96100 0.07100 6.49000 7.62900 -1.49500 -2.10600 4.06900 5.23900 1.00700 -2.85800 -1.74000 -0.50900 -4.70000 -2.93000
121.00000 6.96800 10.66100 7.91400 0.55900 7.95500 9.09400 -1.98400 -2.59400 4.55700 2.79700 1.00700 -2.37000 -1.25100 0.95600 -3.72300 -2.44100
122.00000 7.45600 12.12600 8.89100 1.53600 8.44300 10.07100 -1.98400 -2.59400 5.04600 0.84400 1.00700 -1.88200 -1.74000 0.95600 -2.25800 -2.93000
123.00000 7.94500 13.59000 8.89100 2.02400 8.93100 11.04700 -1.00700 -2.59400 5.04600 -0.62100 1.98400 -2.37000 -2.22800 -0.50900 -0.79300 -4.39500
124.00000 8.43300 14.07900 8.40300 2.51300 9.42000 11.53600 -0.51900 -2.59400 5.53400 -1.10900 1.98400 -2.37000 -2.71600 -1.48500 0.67100 -4.88300
125.00000 8.43300 14.07900 7.42600 2.02400 9.42000 12.02400 -0.51900 -2.59400 6.02200 -0.13200 1.00700 -2.85800 -1.25100 -0.50900 1.16000 -3.90600
126.00000 6.48000 13.10200 6.93800 1.53600 9.90800 13.00000 -1.00700 -3.08200 6.99900 2.79700 -0.45800 -2.85800 0.21400 2.42100 1.64800 -0.48800
127.00000 4.52700 11.63700 6.93800 -0.41700 9.42000 13.00000 -2.47200 -4.05900 7.97500 7.19200 -1.92300 -2.85800 2.16700 5.83900 1.64800 1.95300
128.00000 1.59700 10.17300 5.96100 -2.37000 8.93100 13.00000 -3.44800 -4.54700 8.46400 12.07500 -1.43400 -2.37000 2.65500 8.28000 1.64800 2.44100
129.00000 -0.35600 8.70800 4.00800 -4.32300 7.95500 12.02400 -4.42500 -5.03500 8.46400 14.02800 0.03100 -1.88200 2.16700 7.30400 1.16000 0.97700
130.00000 -1.33300 7.73100 2.05500 -5.30000 6.97800 10.07100 -4.42500 -5.03500 7.48700 12.56300 1.00700 -1.39400 1.19000 4.86200 0.18300 -0.97700
131.00000 -2.30900 5.77800 0.10200 -5.78800 6.00200 8.60600 -4.42500 -4.54700 6.99900 8.65700 1.49500 -0.90500 1.19000 2.42100 -0.30500 -0.97700
132.00000 -3.28600 3.82500 -0.38700 -6.76500 4.53700 6.65300 -4.42500 -4.05900 6.02200 3.77400 1.00700 -0.41700 1.67800 1.93300 -0.30500 0.48800
133.00000 -5.23900 1.38300 -0.38700 -7.25300 3.07200 5.67600 -4.42500 -3.57100 5.53400 1.33300 1.00700 0.07100 1.67800 2.42100 0.18300 1.46500
134.00000 -7.68000 -0.57000 -0.87500 -8.23000 2.09600 4.70000 -4.42500 -3.08200 4.55700 1.33300 1.49500 1.04800 1.19000 3.39800 0.67100 0.97700
135.00000 -10.12200 -2.52300 -2.34000 -8.71800 0.63100 4.70000 -4.91300 -2.59400 2.60400 1.33300 1.98400 1.53600 0.21400 2.90900 0.67100 -0.97700
136.00000 -11.58700 -3.98800 -5.26900 -9.69400 0.14200 4.21100 -4.91300 -2.10600 1.13900 0.35600 2.96000 2.51300 -0.76300 0.95600 -0.30500 -2.44100
137.00000 -12.07500 -5.45200 -8.68700 -9.69400 -0.83400 3.23500 -5.40200 -1.12900 0.16300 -2.08500 3.93700 3.00100 -1.74000 -1.97300 -0.30500 -2.44100
138.00000 -11.09800 -6.91700 -9.66400 -9.20600 -1.32200 1.28200 -4.91300 -0.64100 -0.81400 -5.01500 4.42500 3.97700 -2.22800 -3.92700 0.18300 -1.46500
139.00000 -10.12200 -6.91700 -8.19900 -8.23000 -1.32200 -0.18300 -4.42500 0.82400 -1.79000 -5.99200 4.91300 4.46600 -2.71600 -5.39100 0.67100 -0.97700
140.00000 -9.63300 -5.94100 -4.29300 -6.76500 -0.83400 -0.67100 -2.96000 1.80100 -1.79000 -4.52700 5.40200 4.46600 -3.20400 -4.90300 1.16000 -1.95300
141.00000 -9.14500 -4.47600 -0.38700 -4.81200 0.14200 0.30500 -1.49500 2.77700 -1.79000 -0.62100 5.40200 3.97700 -3.69300 -3.92700 -0.30500 -3.90600
142.00000 -8.16900 -2.52300 2.54300 -2.85800 1.11900 2.25800 0.45800 3.26500 -1.79000 2.79700 3.93700 3.00100 -3.69300 -2.46200 -2.74700 -5.37100
143.00000 -6.70400 -1.05800 4.00800 -1.39400 1.11900 4.21100 1.92300 3.75400 -0.32600 4.75100 1.98400 2.02400 -3.20400 -0.50900 -3.72300 -5.37100
144.00000 -5.23900 -0.57000 3.03100 -1.39400 0.63100 4.21100 2.41100 3.75400 0.16300 3.77400 0.03100 1.53600 -2.22800 0.46800 -3.23500 -2.93000
145.00000 -4.75100 -1.54600 2.05500 -1.88200 -0.34600 3.72300 1.92300 3.75400 0.16300 0.35600 0.03100 2.02400 -1.25100 0.95600 -0.30500 0.00000
146.00000 -5.72700 -2.52300 1.56700 -2.85800 -0.83400 1.77000 1.43400 3.26500 0.16300 -3.55000 1.49500 3.00100 -1.25100 0.46800 2.62500 1.46500
147.00000 -6.21500 -3.01100 2.05500 -2.85800 -0.34600 0.30500 0.45800 2.77700 -0.32600 -5.01500 2.47200 3.00100 -1.25100 -0.02000 3.60100 0.97700
148.00000 -6.70400 -2.52300 3.52000 -2.85800 0.14200 0.30500 -0.03100 1.80100 0.16300 -2.08500 2.96000 2.51300 -0.76300 0.46800 2.62500 -0.48800
149.00000 -5.72700 -1.05800 4.98500 -2.85800 0.14200 1.77000 -0.51900 0.82400 0.65100 2.79700 2.96000 1.53600 -0.27500 1.44400 1.64800 -1.46500
150.00000 -3.77400 0.40700 6.44900 -3.34700 0.14200 3.23500 0.45800 -0.15300 1.62800 8.16900 2.96000 1.53600 0.70200 3.39800 2.62500 -0.48800
151.00000 -1.82100 1.38300 5.96100 -3.83500 -0.34600 4.70000 0.94600 -0.64100 2.11600 9.14500 4.91300 2.02400 1.67800 4.86200 6.04200 1.95300
152.00000 -0.84400 1.87200 4.49600 -4.32300 0.14200 5.67600 1.43400 -0.15300 2.60400 7.19200 7.84300 3.97700 2.16700 6.32700 10.43700 5.37100
153.00000 -0.35600 2.36000 2.54300 -3.83500 1.11900 6.16500 2.41100 0.33600 2.60400 3.77400 11.26100 5.44200 3.14300 7.30400 12.87800 7.81200
154.00000 -0.35600 2.84800 2.05500 -3.34700 2.58400 7.14100 4.36400 1.80100 2.60400 2.79700 13.21400 6.90700 4.60800 9.25700 12.87800 9.27700
155.00000 0.13200 2.84800 4.00800 -0.90500 4.04900 7.62900 7.29400 3.26500 2.60400 6.70400 13.70200 7.88400 6.07300 11.69800 10.92500 9.27700
156.00000 1.59700 2.84800 7.42600 1.04800 4.53700 8.11800 10.22300 5.21900 2.60400 12.07500 14.67900 8.86000 7.53800 14.14000 9.94900 9.76600
157.00000 2.57400 2.84800 10.84400 1.53600 3.56000 7.14100 12.66500 6.68300 3.09200 16.46900 15.16700 10.32500 9.00300 16.09300 9.94900 11.71900
158.00000 3.06200 2.36000 12.30900 1.53600 2.58400 6.16500 13.64100 7.66000 3.09200 16.46900 16.63200 11.79000 9.97900 16.09300 11.41400 14.16000
159.00000 2.08500 2.36000 11.33200 0.55900 2.58400 5.67600 13.15300 7.17200 3.09200 14.02800 17.12000 12.27800 10.46800 15.11600 12.87800 16.11300
160.00000 0.62100 2.36000 9.37900 0.07100 2.58400 5.67600 11.20000 6.68300 3.09200 11.09800 16.63200 11.79000 10.46800 13.16300 12.87800 15.13700
161.00000 -2.30900 1.38300 6.93800 -0.41700 2.58400 6.16500 8.75900 5.70700 3.09200 10.61000 14.67900 10.81300 9.97900 11.69800 12.87800 12.20700
162.00000 -5.72700 -0.08100 4.49600 -1.39400 1.60700 4.70000 6.80500 4.73000 3.09200 12.07500 13.21400 10.32500 9.49100 10.72200 13.85500 8.30100
163.00000 -8.65700 -3.49900 2.05500 -2.37000 -0.34600 1.28200 5.34100 4.24200 2.60400 12.56300 12.72600 10.32500 9.49100 9.74500 14.83200 5.85900
164.00000 -11.58700 -7.40600 -0.87500 -4.32300 -2.78700 -2.62500 4.36400 3.75400 2.11600 10.61000 13.21400 9.83700 9.00300 8.76900 15.80800 6.34800
165.00000 -13.54000 -11.31200 -4.29300 -6.76500 -5.22900 -6.53100 2.89900 2.77700 1.62800 5.23900 12.72600 9.34900 9.49100 7.79200 14.34300 8.78900
166.00000 -15.00400 -14.24200 -7.71100 -8.71800 -6.69400 -9.46000 0.45800 1.80100 1.13900 -1.59700 11.26100 7.88400 9.97900 7.30400 10.92500 11.23000
167.00000 -16.95800 -16.19500 -10.64000 -11.15900 -7.67000 -10.92500 -1.98400 0.82400 0.65100 -6.48000 9.30800 6.41900 10.46800 7.79200 7.50700 12.69500
168.00000 -19.88700 -18.14800 -13.57000 -12.62400 -9.62300 -13.36700 -4.91300 -0.15300 -0.32600 -8.92100 7.35500 5.93100 10.46800 8.76900 5.55400 12.20700
169.00000 -22.81700 -20.58900 -16.01200 -14.08900 -12.06500 -16.78500 -6.37800 -0.64100 -1.79000 -9.41000 6.86600 6.41900 10.46800 8.28000 6.04200 10.25400
170.00000 -25.74700 -23.51900 -17.96500 -15.06600 -14.01800 -20.20300 -6.37800 -0.64100 -3.74300 -8.43300 7.35500 7.88400 9.49100 6.32700 7.99600 8.78900
171.00000 -27.21200 -24.98400 -18.45300 -15.06600 -15.48300 -23.13200 -6.37800 -0.64100 -5.69700 -8.92100 7.35500 7.88400 7.05000 2.42100 8.48400 6.34800
172.00000 -27.21200 -24.98400 -18.45300 -14.08900 -15.48300 -23.13200 -6.86600 -0.64100 -6.67300 -9.89800 5.89000 6.90700 4.12000 -2.46200 6.53100 3.41800
173.00000 -25.74700 -23.03100 -17.47600 -13.11200 -14.50600 -21.17900 -8.82000 -1.61700 -6.67300 -11.36300 2.96000 3.97700 1.67800 -6.36800 1.64800 -0.48800
174.00000 -23.79400 -20.10100 -16.98800 -11.64800 -12.55300 -17.76100 -11.26100 -2.59400 -5.69700 -10.87400 -0.94600 1.04800 -0.27500 -7.83300 -3.23500 -4.88300
175.00000 -21.84000 -17.66000 -16.98800 -10.67100 -10.60000 -14.83200 -13.21400 -3.08200 -4.72000 -8.92100 -3.38700 -1.39400 -1.25100 -6.85600 -6.65300 -7.81200
176.00000 -20.37600 -15.70600 -17.47600 -9.69400 -9.13500 -12.87800 -14.19100 -3.08200 -3.25500 -5.99200 -3.87600 -2.37000 -1.25100 -4.90300 -7.14100 -8.30100
177.00000 -18.91100 -15.21800 -17.47600 -8.71800 -7.67000 -11.41400 -13.21400 -3.08200 -2.76700 -4.03800 -2.89900 -1.88200 -0.76300 -3.43800 -5.67600 -7.32400
178.00000 -16.95800 -14.24200 -15.52300 -7.74100 -6.20500 -10.43700 -11.74900 -2.10600 -2.27900 -4.03800 -1.92300 -1.39400 -0.76300 -3.92700 -4.21100 -5.37100
179.00000 -15.49300 -12.77700 -13.08200 -6.76500 -4.74000 -8.48400 -10.77300 -1.61700 -1.79000 -5.99200 -1.92300 -0.90500 -1.25100 -4.41500 -2.25800 -3.90600
180.00000 -14.02800 -11.31200 -10.15200 -6.27600 -3.27600 -6.53100 -10.28400 -1.61700 -0.81400 -8.43300 -2.41100 -0.41700 -0.76300 -4.41500 -1.28200 -3.90600
181.00000 -14.02800 -9.35900 -8.68700 -6.27600 -1.81100 -5.06600 -11.26100 -2.10600 0.16300 -8.92100 -2.41100 -0.41700 -0.76300 -3.43800 -0.30500 -4.39500
182.00000 -14.02800 -8.38200 -9.66400 -6.27600 -1.32200 -5.06600 -12.23800 -3.08200 0.65100 -6.48000 -1.92300 -0.41700 0.21400 -2.46200 0.67100 -3.90600
183.00000 -13.54000 -7.40600 -11.12900 -6.76500 -1.32200 -5.06600 -13.21400 -3.57100 1.62800 -2.08500 -1.43400 -0.41700 0.70200 -0.99700 1.16000 -2.93000
184.00000 -11.58700 -5.94100 -12.59400 -6.27600 -1.81100 -4.08900 -13.21400 -3.57100 1.62800 2.30900 -1.43400 -0.90500 1.67800 -0.02000 0.67100 -0.48800
185.00000 -9.63300 -4.96400 -12.59400 -5.78800 -1.32200 -2.13600 -12.72600 -3.08200 1.62800 4.75100 -2.41100 -1.39400 2.16700 0.95600 -0.30500 1.46500
186.00000 -8.16900 -3.98800 -11.12900 -5.30000 -1.32200 0.30500 -11.74900 -2.59400 2.11600 5.72700 -3.87600 -1.88200 3.14300 3.39800 -0.79300 3.41800
187.00000 -8.16900 -3.98800 -9.66400 -5.30000 -0.83400 2.74700 -10.77300 -3.08200 2.60400 6.21500 -4.36400 -0.90500 4.60800 6.32700 0.18300 4.39500
188.00000 -9.63300 -4.47600 -8.19900 -6.27600 0.14200 3.23500 -9.79600 -3.08200 3.09200 6.70400 -2.41100 0.07100 6.56100 8.76900 2.13600 5.37100
189.00000 -11.58700 -4.96400 -7.71100 -7.25300 0.14200 2.25800 -8.33100 -2.59400 2.60400 8.16900 0.03100 1.04800 7.53800 10.23400 3.60100 5.37100
190.00000 -13.05100 -5.45200 -7.71100 -7.74100 0.63100 1.77000 -7.35500 -2.59400 2.11600 9.14500 2.96000 1.53600 7.05000 9.74500 4.08900 4.39500
191.00000 -12.07500 -4.96400 -7.22200 -7.74100 0.14200 1.28200 -6.86600 -2.10600 1.62800 7.68000 4.42500 1.53600 6.07300 7.30400 4.08900 2.44100
192.00000 -10.61000 -4.47600 -6.24600 -7.74100 -0.34600 0.30500 -6.86600 -2.10600 1.13900 3.28600 4.91300 1.53600 4.12000 3.88600 3.60100 0.48800
193.00000 -9.63300 -4.96400 -5.26900 -7.25300 -1.32200 -0.67100 -6.37800 -2.10600 0.65100 -3.06200 4.42500 1.53600 3.14300 1.44400 4.08900 -0.48800
194.00000 -10.12200 -6.91700 -5.26900 -7.25300 -2.29900 -2.62500 -5.40200 -1.61700 0.16300 -8.92100 4.91300 2.51300 2.65500 -0.02000 4.57800 -1.46500
195.00000 -12.07500 -8.38200 -5.75800 -6.76500 -3.76400 -5.06600 -4.42500 -0.64100 -0.32600 -11.85100 4.91300 3.00100 2.16700 -0.50900 3.60100 -1.46500
196.00000 -13.05100 -8.87000 -5.75800 -6.76500 -4.25200 -6.53100 -2.96000 0.33600 -1.30200 -10.38600 4.42500 3.00100 2.16700 -0.02000 0.67100 -2.44100
197.00000 -13.05100 -7.89400 -5.75800 -5.78800 -4.74000 -6.53100 -2.47200 1.31200 -2.27900 -5.01500 1.98400 3.00100 2.16700 0.95600 -3.23500 -2.93000
198.00000 -11.58700 -5.94100 -4.78100 -4.81200 -4.74000 -5.55400 -2.96000 1.80100 -2.76700 0.35600 -0.45800 2.02400 2.65500 0.95600 -6.16500 -2.93000
199.00000 -9.63300 -4.96400 -3.80500 -4.32300 -3.76400 -4.08900 -4.42500 1.31200 -3.25500 3.28600 -2.41100 1.04800 2.65500 0.46800 -5.67600 -2.44100
200.00000 -8.65700 -4.96400 -3.80500 -4.81200 -3.76400 -4.08900 -5.40200 0.82400 -3.25500 1.33300 -2.89900 1.04800 2.16700 -1.48500 -3.23500 -2.44100
201.00000 -9.14500 -6.42900 -6.24600 -5.78800 -3.27600 -5.06600 -6.37800 -0.15300 -3.25500 -4.03800 -1.43400 1.53600 2.16700 -3.43800 -0.30500 -3.90600
202.00000 -11.09800 -8.38200 -9.17600 -7.25300 -3.76400 -6.53100 -6.37800 -0.15300 -3.25500 -8.92100 0.51900 2.51300 1.67800 -4.41500 1.16000 -5.85900
203.00000 -13.05100 -9.84700 -12.10500 -7.74100 -4.25200 -7.01900 -5.40200 0.33600 -2.76700 -9.89800 1.98400 3.00100 2.16700 -2.95000 1.16000 -5.37100
204.00000 -14.02800 -9.35900 -12.10500 -7.74100 -4.25200 -6.53100 -4.91300 0.82400 -2.27900 -6.96800 2.96000 3.97700 3.63200 -0.02000 1.64800 -1.95300
205.00000 -14.02800 -8.38200 -10.15200 -7.25300 -4.25200 -5.06600 -4.91300 1.31200 -2.27900 -2.08500 3.93700 4.95400 5.09600 3.39800 3.60100 2.93000
206.00000 -13.54000 -7.89400 -7.22200 -6.76500 -4.25200 -4.57800 -4.42500 1.31200 -1.79000 0.35600 4.91300 5.93100 6.07300 4.86200 5.55400 6.83600
207.00000 -13.05100 -7.89400 -5.26900 -6.76500 -4.25200 -4.57800 -4.91300 0.82400 -1.79000 -1.10900 4.91300 5.44200 5.09600 3.88600 6.04200 6.34800
208.00000 -13.05100 -8.38200 -6.24600 -6.76500 -4.25200 -5.06600 -4.91300 0.33600 -1.30200 -5.01500 3.44800 3.97700 3.63200 0.95600 3.60100 1.95300
209.00000 -13.05100 -8.87000 -8.68700 -6.76500 -4.25200 -5.55400 -5.40200 -0.15300 -1.30200 -7.94500 1.49500 1.53600 2.16700 -1.97300 -1.28200 -2.44100
210.00000 -12.56300 -9.35900 -11.12900 -6.76500 -4.25200 -6.53100 -6.37800 -1.12900 -0.81400 -7.45600 -0.94600 -0.41700 1.67800 -3.92700 -4.21100 -3.90600
211.00000 -12.07500 -9.84700 -12.59400 -6.76500 -4.25200 -7.50700 -6.86600 -1.12900 -0.81400 -3.55000 -1.92300 -0.41700 3.14300 -3.92700 -3.72300 -1.46500
212.00000 -11.09800 -10.33500 -11.61700 -7.25300 -5.22900 -8.97200 -6.86600 -1.12900 -1.30200 -0.13200 -0.94600 1.04800 5.58500 -2.46200 0.67100 2.93000
213.00000 -11.09800 -11.31200 -9.66400 -7.25300 -6.69400 -9.94900 -5.89000 -0.64100 -1.79000 1.33300 1.00700 3.00100 7.05000 -0.99700 5.06600 6.34800
214.00000 -11.58700 -10.82400 -7.22200 -7.74100 -7.67000 -10.43700 -4.91300 0.33600 -2.27900 -1.10900 2.47200 4.46600 8.02600 -0.02000 7.50700 6.34800
215.00000 -13.05100 -10.33500 -6.24600 -8.23000 -9.13500 -9.94900 -3.44800 0.82400 -2.76700 -4.03800 3.93700 5.44200 8.02600 1.44400 7.99600 3.90600
216.00000 -14.02800 -9.84700 -6.24600 -8.23000 -9.62300 -8.48400 -1.98400 1.31200 -2.27900 -5.50300 4.91300 6.41900 8.02600 2.90900 7.01900 2.44100
217.00000 -14.51600 -9.84700 -7.22200 -8.23000 -9.62300 -7.50700 -0.51900 1.31200 -1.79000 -4.52700 5.89000 7.88400 9.00300 5.83900 7.99600 3.41800
218.00000 -14.51600 -11.31200 -8.68700 -8.71800 -9.13500 -7.01900 0.45800 1.80100 -1.79000 -1.59700 8.33100 9.34900 9.00300 7.30400 8.97200 5.85900
219.00000 -14.51600 -13.26500 -10.15200 -9.20600 -9.13500 -7.99600 0.45800 1.80100 -1.30200 0.35600 10.28400 10.32500 9.00300 7.79200 9.94900 7.81200
220.00000 -14.51600 -14.73000 -11.12900 -9.69400 -8.64700 -8.48400 0.45800 1.80100 -0.81400 0.35600 11.74900 10.32500 8.51400 6.32700 7.99600 7.32400
221.00000 -15.00400 -14.73000 -11.12900 -10.18300 -8.15800 -7.99600 -1.00700 1.31200 -0.81400 -1.59700 12.23800 8.86000 8.02600 5.83900 6.04200 5.37100
222.00000 -16.46900 -14.24200 -10.15200 -10.18300 -6.69400 -6.53100 -2.47200 0.33600 -0.32600 -2.57400 11.74900 7.88400 8.02600 6.81600 5.55400 3.90600
223.00000 -17.44600 -13.26500 -8.68700 -10.18300 -5.71700 -6.04200 -3.44800 0.33600 0.16300 -2.57400 12.23800 7.88400 9.49100 9.25700 7.99600 5.37100
224.00000 -17.93400 -12.77700 -7.71100 -9.69400 -5.71700 -6.53100 -3.93700 -0.15300 -0.32600 -1.10900 13.21400 8.86000 10.46800 10.72200 11.90200 7.81200
225.00000 -17.44600 -12.77700 -7.22200 -9.69400 -6.69400 -7.99600 -3.44800 0.33600 -0.81400 0.84400 14.19100 9.83700 10.95600 9.25700 13.85500 9.27700
226.00000 -16.95800 -13.75300 -8.19900 -9.69400 -8.15800 -9.46000 -2.96000 0.82400 -1.79000 1.33300 14.19100 9.83700 9.49100 5.83900 11.90200 7.81200
227.00000 -17.44600 -15.21800 -10.15200 -10.67100 -9.62300 -10.92500 -2.96000 0.82400 -2.27900 0.35600 12.23800 8.86000 8.02600 1.44400 6.04200 4.88300
228.00000 -19.39900 -16.68300 -12.10500 -11.64800 -10.60000 -11.90200 -4.42500 0.82400 -2.76700 -3.55000 8.82000 6.90700 6.56100 -1.48500 1.16000 2.93000
229.00000 -21.35200 -18.14800 -12.59400 -12.62400 -11.08800 -12.87800 -5.89000 -0.15300 -3.25500 -7.94500 4.91300 5.44200 6.07300 -1.97300 -0.30500 2.44100
230.00000 -20.86400 -17.66000 -11.12900 -12.13600 -10.60000 -13.85500 -6.86600 -0.64100 -3.25500 -10.87400 2.47200 3.97700 4.60800 -1.97300 1.64800 2.93000
231.00000 -18.42200 -14.73000 -7.71100 -10.18300 -9.13500 -12.87800 -7.35500 -1.12900 -3.74300 -10.38600 1.49500 3.00100 2.65500 -2.46200 4.57800 2.44100
232.00000 -14.02800 -10.33500 -4.78100 -7.74100 -7.18200 -11.41400 -7.35500 -0.64100 -3.74300 -6.48000 0.51900 1.04800 -0.76300 -3.92700 4.57800 0.00000
233.00000 -10.12200 -5.94100 -2.34000 -5.30000 -5.22900 -9.94900 -7.35500 -1.12900 -3.74300 -3.55000 -1.43400 -1.88200 -3.69300 -6.85600 0.67100 -2.93000
234.00000 -8.65700 -4.47600 -2.34000 -4.32300 -3.76400 -8.97200 -7.84300 -1.12900 -3.74300 -2.08500 -4.36400 -4.81200 -4.66900 -7.34500 -4.70000 -3.90600
235.00000 -10.12200 -5.45200 -3.80500 -5.30000 -3.27600 -9.94900 -8.82000 -2.10600 -2.76700 -5.01500 -6.80500 -6.76500 -3.20400 -5.88000 -8.11800 -2.44100
236.00000 -13.05100 -7.40600 -6.24600 -6.76500 -3.27600 -11.41400 -8.82000 -2.59400 -2.76700 -8.92100 -6.80500 -7.25300 -0.76300 -2.46200 -8.11800 -0.48800
237.00000 -14.51600 -9.35900 -7.22200 -7.74100 -3.27600 -11.41400 -7.84300 -2.59400 -1.79000 -10.38600 -3.38700 -4.81200 1.67800 0.95600 -3.72300 0.97700
238.00000 -14.02800 -9.35900 -7.71100 -8.71800 -3.76400 -10.92500 -6.37800 -2.10600 -1.30200 -8.43300 1.98400 -1.88200 3.63200 3.39800 1.16000 0.00000
239.00000 -12.07500 -7.89400 -7.71100 -8.71800 -4.25200 -9.46000 -4.91300 -2.10600 -0.32600 -3.55000 6.86600 1.04800 4.60800 4.37400 5.06600 -0.48800
240.00000 -10.12200 -6.42900 -8.19900 -8.71800 -4.74000 -9.46000 -5.40200 -1.61700 0.16300 0.84400 9.30800 2.51300 6.07300 5.35100 6.04200 1.46500
241.00000 -10.12200 -5.94100 -8.68700 -8.71800 -6.20500 -10.43700 -5.89000 -2.10600 0.16300 1.33300 8.82000 3.48900 8.02600 6.81600 5.55400 5.85900
242.00000 -10.61000 -7.40600 -8.68700 -8.71800 -6.69400 -12.39000 -6.37800 -2.10600 -0.32600 -2.08500 7.84300 3.48900 9.00300 8.28000 5.06600 10.74200
243.00000 -11.58700 -8.38200 -7.71100 -8.23000 -6.69400 -12.87800 -5.89000 -1.61700 -1.30200 -5.99200 7.84300 4.46600 9.49100 8.76900 4.57800 12.69500
244.00000 -11.58700 -8.38200 -5.26900 -7.25300 -5.71700 -12.39000 -3.44800 -0.15300 -1.79000 -7.45600 8.82000 5.44200 8.51400 7.79200 4.08900 10.25400
245.00000 -11.09800 -7.89400 -2.82800 -6.27600 -5.22900 -11.90200 -0.51900 0.82400 -2.27900 -5.01500 9.79600 5.93100 6.56100 5.35100 3.11300 4.88300
246.00000 -11.09800 -6.91700 -0.87500 -5.78800 -5.22900 -11.41400 0.45800 1.80100 -2.76700 -1.59700 8.82000 6.41900 4.60800 2.90900 2.13600 0.00000
247.00000 -12.07500 -7.40600 -1.85100 -6.27600 -6.20500 -11.90200 -1.49500 1.31200 -3.25500 -0.13200 5.89000 5.44200 3.14300 0.46800 1.16000 -2.44100
248.00000 -14.02800 -9.35900 -3.80500 -7.25300 -7.18200 -13.36700 -5.40200 0.33600 -3.25500 -2.57400 2.96000 4.95400 2.16700 -0.99700 1.64800 -1.46500
249.00000 -16.46900 -11.31200 -6.73400 -9.20600 -7.67000 -14.34300 -9.30800 -1.12900 -3.74300 -7.45600 1.98400 3.48900 1.19000 -1.48500 2.13600 0.48800
250.00000 -17.44600 -11.80000 -8.68700 -9.69400 -7.18200 -13.85500 -12.23800 -2.59400 -3.25500 -12.33900 1.98400 2.02400 0.70200 -2.46200 1.64800 1.46500
251.00000 -16.95800 -10.33500 -9.66400 -10.18300 -5.71700 -12.39000 -12.72600 -3.08200 -2.27900 -13.31600 2.96000 0.55900 1.19000 -1.97300 -0.30500 1.46500
252.00000 -15.00400 -8.87000 -9.66400 -10.18300 -3.76400 -9.46000 -12.23800 -4.05900 -0.81400 -10.87400 2.47200 -1.39400 2.16700 -0.02000 -1.77000 0.97700
253.00000 -14.02800 -6.42900 -9.17600 -9.69400 -2.29900 -6.53100 -11.26100 -4.54700 1.62800 -5.01500 1.00700 -2.85800 3.63200 3.39800 -2.25800 2.44100
254.00000 -13.54000 -5.45200 -8.68700 -9.69400 -0.83400 -3.11300 -10.77300 -4.54700 2.60400 0.35600 0.03100 -3.34700 5.58500 7.30400 -0.30500 4.88300
255.00000 -13.05100 -4.96400 -8.19900 -10.18300 0.14200 -0.18300 -10.28400 -4.54700 4.06900 5.23900 -0.94600 -2.37000 6.56100 10.72200 2.62500 7.32400
256.00000 -13.54000 -4.96400 -7.22200 -10.18300 -0.34600 2.25800 -9.79600 -4.54700 4.06900 6.70400 -0.45800 -1.88200 7.05000 12.18700 4.57800 8.78900
