1.00000 -0.72200 -1.43400 -8.38200 -4.75100 0.46800 -1.29200 -5.92000 -3.27600 3.63200 9.00300 -0.62100 0.79300 3.09200 13.02100 3.52000 4.82200
2.00000 3.18400 1.49500 -3.98800 -0.84400 1.44400 1.14900 -3.96700 -3.27600 3.63200 10.46800 0.35600 1.28200 1.13900 10.09100 0.10200 0.42700
3.00000 5.13700 3.93700 -0.57000 2.57400 2.42100 2.61400 -1.52600 -1.81100 4.12000 9.97900 0.84400 1.77000 -0.32600 4.72000 -1.85100 -2.99100
4.00000 5.62500 3.93700 1.38300 3.55000 2.90900 2.61400 0.42700 -0.34600 3.63200 8.02600 1.33300 2.25800 -0.32600 -0.16300 -1.85100 -3.47900
5.00000 3.67200 2.47200 1.38300 3.06200 1.93300 1.63800 -0.06100 1.60700 3.14300 6.07300 1.33300 2.74700 0.16300 -2.60400 1.07800 -1.03800
6.00000 1.23100 0.03100 -0.08100 2.08500 -0.02000 0.17300 -1.03800 3.56000 1.67800 4.12000 1.33300 3.23500 0.65100 -3.58100 3.52000 1.89200
7.00000 -0.72200 -1.92300 -2.52300 1.10900 -1.48500 -2.75700 -1.52600 4.53700 0.21400 2.65500 1.33300 2.25800 0.16300 -3.58100 2.54300 1.89200
8.00000 -1.21100 -2.41100 -5.45200 1.10900 -2.46200 -4.71000 -1.52600 5.02500 -1.25100 1.19000 1.33300 0.79300 -1.79000 -4.55700 -1.36300 -2.01400
9.00000 -1.21100 -1.92300 -7.89400 0.62100 -2.46200 -6.66300 -0.54900 4.04900 -2.71600 -0.76300 1.33300 -0.18300 -3.74300 -5.04600 -6.24600 -6.89700
10.00000 -1.69900 -1.92300 -9.35900 -1.33300 -1.97300 -7.64000 -0.54900 2.58400 -3.20400 -2.71600 1.33300 -0.67100 -3.74300 -5.53400 -8.68700 -9.82700
11.00000 -2.67500 -2.41100 -9.35900 -3.28600 -1.48500 -7.64000 -1.03800 1.60700 -3.20400 -4.66900 -0.13200 -0.67100 -3.25500 -3.09200 -6.24600 -8.85000
12.00000 -3.65200 -3.87600 -8.87000 -4.75100 -1.48500 -6.66300 -2.01400 0.14200 -3.20400 -5.15700 -1.10900 -0.18300 -1.79000 -0.16300 -1.85100 -4.94400
13.00000 -4.14000 -5.34100 -8.87000 -5.23900 -1.97300 -5.68600 -2.50200 0.14200 -2.71600 -4.18100 -1.10900 0.30500 -0.32600 3.74300 2.54300 -0.06100
14.00000 -3.16400 -6.31700 -8.87000 -4.75100 -2.95000 -4.22200 -2.50200 -0.34600 -1.25100 -1.74000 -0.13200 1.28200 1.13900 6.67300 4.49600 3.35700
15.00000 -1.69900 -6.80500 -9.35900 -4.26200 -3.92700 -2.75700 -1.03800 -0.34600 -0.27500 1.67800 2.30900 1.28200 2.60400 8.13800 4.00800 4.33300
16.00000 -1.21100 -6.31700 -8.87000 -3.77400 -4.90300 -1.78000 0.42700 -0.83400 0.70200 4.12000 4.26200 0.79300 3.58100 8.62600 4.00800 4.33300
17.00000 -0.72200 -5.34100 -7.40600 -4.26200 -5.39100 -0.80400 1.40400 -1.32200 1.19000 4.60800 5.23900 0.79300 4.55700 7.65000 4.49600 4.33300
18.00000 -0.72200 -3.38700 -3.98800 -4.75100 -5.39100 -0.31500 2.38000 -1.32200 1.67800 4.12000 4.26200 0.30500 4.55700 6.18500 4.98500 4.82200
19.00000 -0.23400 -1.43400 -1.54600 -4.75100 -4.90300 0.17300 3.35700 -1.32200 1.67800 3.14300 3.28600 0.30500 3.09200 3.74300 4.98500 5.31000
20.00000 1.23100 0.03100 -0.08100 -3.77400 -3.92700 0.66100 4.33300 -1.32200 2.65500 2.65500 2.30900 0.79300 3.09200 2.27900 4.49600 6.28700
21.00000 3.18400 1.49500 -0.08100 -2.79700 -1.97300 1.14900 5.79800 -1.32200 3.14300 3.63200 2.79700 1.28200 3.58100 1.79000 4.49600 6.77500
22.00000 5.13700 2.47200 -1.05800 -1.82100 0.95600 2.12600 5.79800 -2.29900 3.63200 5.58500 4.75100 1.28200 5.53400 2.76700 5.47300 7.75100
23.00000 5.62500 2.96000 -2.03500 -1.33300 3.39800 3.10300 5.79800 -2.78700 3.63200 8.02600 5.72700 1.77000 6.99900 3.74300 6.44900 7.75100
24.00000 5.62500 2.96000 -3.01100 -0.84400 4.86200 4.07900 5.31000 -2.78700 3.63200 8.51400 5.72700 1.77000 7.48700 4.23200 6.93800 7.75100
25.00000 4.16100 2.47200 -4.47600 -0.35600 4.86200 5.05600 4.82200 -1.81100 3.14300 8.02600 4.26200 1.28200 6.02200 3.74300 5.96100 6.77500
26.00000 2.69600 1.00700 -5.94100 -0.84400 3.39800 4.56700 4.33300 -0.83400 2.65500 5.58500 2.30900 1.28200 4.55700 3.25500 3.03100 5.31000
27.00000 1.23100 -0.45800 -7.40600 -2.30900 1.44400 3.10300 4.33300 -0.83400 2.16700 2.65500 1.82100 1.28200 3.58100 3.74300 1.07800 4.82200
28.00000 -0.23400 -2.89900 -8.38200 -4.26200 -0.99700 0.66100 4.33300 -0.83400 2.16700 1.67800 3.28600 1.77000 4.55700 5.69700 0.59000 5.31000
29.00000 -1.69900 -5.34100 -7.40600 -5.72700 -3.43800 -1.78000 4.82200 -1.32200 2.16700 2.16700 5.23900 3.23500 5.53400 8.62600 1.07800 6.28700
30.00000 -2.67500 -7.29400 -5.45200 -6.21500 -4.90300 -3.73300 5.31000 -0.83400 2.16700 4.12000 5.72700 4.70000 6.02200 11.06800 0.59000 6.28700
31.00000 -3.65200 -7.78200 -3.49900 -5.72700 -6.36800 -4.71000 6.28700 -0.34600 2.16700 5.58500 4.75100 4.21100 5.53400 11.55600 -1.36300 4.82200
32.00000 -4.14000 -7.78200 -3.01100 -3.77400 -6.85600 -4.71000 6.28700 0.63100 1.67800 4.60800 2.30900 2.25800 3.09200 10.57900 -4.78100 1.89200
33.00000 -4.14000 -7.29400 -3.98800 -1.82100 -6.85600 -5.68600 5.79800 1.11900 0.70200 1.67800 -1.10900 -0.18300 0.65100 8.62600 -7.22200 -1.52600
34.00000 -3.16400 -6.31700 -5.94100 -0.84400 -6.36800 -7.15100 3.35700 1.11900 -0.76300 -1.74000 -3.06200 -3.11300 -1.30200 6.67300 -6.73400 -4.94400
35.00000 -2.18700 -6.31700 -8.38200 -0.84400 -5.88000 -9.10400 0.91600 0.14200 -1.74000 -4.66900 -4.03800 -4.57800 -2.27900 4.23200 -4.78100 -7.38500
36.00000 -1.21100 -6.31700 -9.84700 -2.30900 -5.39100 -10.08100 -1.52600 -0.34600 -2.22800 -5.15700 -4.52700 -4.57800 -2.27900 1.79000 -3.80500 -9.82700
37.00000 -0.23400 -5.82900 -10.33500 -3.77400 -4.90300 -10.08100 -2.50200 -1.32200 -2.22800 -3.69300 -5.01500 -5.06600 -2.76700 -1.13900 -6.24600 -12.75600
38.00000 0.25400 -5.34100 -10.82400 -4.75100 -4.41500 -9.10400 -2.50200 -2.29900 -2.22800 -1.74000 -5.99200 -5.06600 -3.25500 -4.55700 -11.12900 -15.68600
39.00000 -0.23400 -4.36400 -10.82400 -5.72700 -4.41500 -7.15100 -1.52600 -3.27600 -2.71600 -0.76300 -6.48000 -5.55400 -4.23200 -7.97500 -15.03500 -17.15100
40.00000 -1.21100 -4.36400 -10.82400 -6.21500 -4.41500 -5.19800 -1.03800 -3.76400 -3.20400 -1.74000 -5.99200 -4.57800 -5.69700 -10.41700 -14.54700 -17.63900
41.00000 -2.67500 -4.36400 -10.82400 -7.19200 -4.41500 -4.22200 -2.01400 -4.74000 -4.18100 -3.20400 -5.01500 -4.08900 -6.18500 -11.39300 -10.15200 -16.17400
42.00000 -3.65200 -4.85200 -11.80000 -7.68000 -4.41500 -3.73300 -2.99100 -6.20500 -4.18100 -3.69300 -3.55000 -3.60100 -6.67300 -11.88200 -4.78100 -14.22100
43.00000 -2.67500 -4.36400 -11.80000 -7.68000 -4.41500 -3.24500 -3.96700 -6.69400 -3.20400 -2.71600 -3.55000 -4.57800 -6.18500 -10.90500 -1.85100 -12.26800
44.00000 -0.72200 -1.92300 -11.31200 -5.72700 -2.95000 -1.78000 -3.96700 -7.67000 -1.74000 0.21400 -5.01500 -7.50700 -5.69700 -8.95200 -2.34000 -10.80300
45.00000 2.69600 1.49500 -8.87000 -2.79700 -0.99700 0.66100 -2.50200 -7.67000 0.21400 3.63200 -6.48000 -10.43700 -5.20800 -5.53400 -5.75800 -10.80300
46.00000 6.11400 5.89000 -5.45200 1.10900 1.44400 4.07900 0.42700 -6.69400 1.67800 6.07300 -6.48000 -11.90200 -4.72000 -2.11600 -8.19900 -10.31500
47.00000 8.06700 9.30800 -1.54600 4.03800 2.90900 7.00900 3.35700 -5.22900 2.65500 7.53800 -5.50300 -11.41400 -3.74300 1.30200 -8.19900 -9.33800
48.00000 8.06700 9.79600 1.38300 5.50300 3.88600 9.45000 4.82200 -3.27600 2.65500 7.05000 -3.06200 -9.46000 -1.79000 2.76700 -6.24600 -6.89700
49.00000 7.09000 8.33100 2.36000 5.01500 3.39800 8.96200 4.82200 -1.32200 2.65500 5.09600 -0.62100 -7.01900 -0.81400 2.76700 -2.34000 -3.47900
50.00000 5.13700 5.40200 0.40700 3.06200 1.44400 7.00900 3.84500 0.63100 1.67800 2.65500 1.33300 -4.57800 0.16300 0.81400 0.59000 -0.06100
51.00000 3.18400 2.47200 -1.54600 0.13200 -0.99700 3.59100 3.35700 1.60700 1.19000 0.70200 1.82100 -3.11300 0.16300 -0.65100 2.05500 2.38000
52.00000 0.74300 0.51900 -3.98800 -2.30900 -2.46200 1.14900 3.35700 2.58400 0.21400 -0.27500 2.30900 -2.13600 -0.81400 -1.62800 1.07800 1.40400
53.00000 -1.21100 -0.45800 -5.94100 -4.75100 -3.43800 -0.80400 3.84500 2.58400 -0.27500 0.21400 2.30900 -1.16000 -0.81400 -0.16300 -1.36300 -1.52600
54.00000 -2.67500 -0.94600 -7.40600 -5.72700 -4.41500 -1.29200 4.33300 2.09600 -0.27500 0.70200 2.30900 -1.16000 -0.81400 2.27900 -4.29300 -5.43200
55.00000 -4.14000 -2.41100 -9.35900 -6.70400 -5.39100 -2.26800 3.84500 0.63100 0.70200 1.19000 2.30900 -1.16000 0.16300 4.72000 -4.78100 -7.38500
56.00000 -6.09300 -4.85200 -10.82400 -6.70400 -7.34500 -4.71000 2.86900 -0.83400 1.19000 0.70200 2.79700 -2.13600 1.13900 5.69700 -3.31600 -5.92000
57.00000 -7.07000 -7.29400 -12.28800 -6.21500 -9.29800 -9.10400 1.89200 -1.81100 1.19000 -1.25100 3.28600 -2.62500 1.62800 3.25500 -0.38700 -2.99100
58.00000 -7.07000 -8.75900 -13.26500 -4.26200 -10.27400 -13.01100 2.38000 -1.81100 0.21400 -3.20400 4.26200 -2.62500 0.65100 -0.16300 2.05500 -1.03800
59.00000 -6.58200 -8.75900 -12.28800 -2.79700 -9.29800 -14.47600 3.35700 -1.32200 -0.76300 -3.69300 5.72700 -2.62500 -0.81400 -2.11600 2.05500 -1.03800
60.00000 -4.62800 -6.80500 -10.33500 -1.33300 -6.85600 -13.01100 4.82200 -0.83400 -1.25100 -3.20400 6.21500 -2.62500 -1.30200 -2.11600 -0.38700 -3.96700
61.00000 -3.16400 -3.87600 -9.35900 -1.82100 -3.92700 -9.10400 5.31000 -1.32200 -0.27500 -1.25100 5.72700 -3.11300 -0.32600 0.81400 -3.31600 -6.40900
62.00000 -1.21100 -1.43400 -8.87000 -2.79700 -1.97300 -5.68600 4.33300 -2.29900 1.19000 1.19000 4.26200 -3.11300 1.62800 4.72000 -3.80500 -6.89700
63.00000 -1.21100 -1.43400 -9.35900 -4.75100 -1.48500 -4.71000 2.38000 -3.27600 3.14300 2.16700 3.77400 -2.13600 4.55700 7.16100 -1.85100 -4.45600
64.00000 -2.18700 -3.38700 -10.33500 -7.19200 -2.46200 -6.66300 1.40400 -3.27600 4.12000 2.65500 5.23900 0.79300 6.99900 7.65000 2.05500 -0.06100
65.00000 -4.14000 -5.82900 -10.82400 -8.65700 -3.92700 -9.10400 1.40400 -2.78700 4.60800 2.65500 8.65700 4.21100 8.46400 7.16100 6.44900 3.35700
66.00000 -6.09300 -7.78200 -10.82400 -9.63300 -5.88000 -11.05800 2.38000 -1.32200 4.12000 3.14300 13.05100 7.14100 9.44000 7.65000 8.89100 4.82200
67.00000 -7.55800 -8.27000 -10.82400 -10.12200 -6.85600 -10.08100 4.82200 -0.34600 3.14300 4.12000 16.46900 9.09400 9.92800 9.11500 9.86700 4.33300
68.00000 -8.04600 -7.78200 -11.31200 -9.63300 -7.83300 -8.12800 6.77500 0.63100 2.65500 4.12000 17.93400 9.58300 10.41700 10.57900 10.35600 2.86900
69.00000 -8.04600 -7.78200 -11.31200 -9.14500 -7.83300 -7.15100 7.75100 1.60700 2.16700 3.63200 18.42200 9.09400 10.90500 10.57900 10.35600 1.89200
70.00000 -7.55800 -7.29400 -10.82400 -8.65700 -6.85600 -7.64000 8.24000 2.09600 1.67800 2.16700 17.93400 8.11800 10.90500 8.13800 9.86700 1.89200
71.00000 -7.07000 -8.27000 -9.84700 -8.16900 -5.88000 -10.56900 7.26300 2.58400 1.67800 0.21400 16.46900 6.65300 10.41700 4.23200 7.91400 2.38000
72.00000 -7.07000 -9.24700 -9.84700 -7.68000 -4.41500 -12.52200 6.28700 3.07200 1.19000 -0.27500 15.00400 5.67600 9.92800 2.27900 4.49600 3.35700
73.00000 -6.58200 -8.75900 -9.84700 -7.19200 -3.43800 -12.03400 5.31000 2.58400 1.19000 0.70200 12.56300 4.70000 9.44000 4.23200 0.10200 4.82200
74.00000 -5.11700 -6.80500 -10.82400 -6.70400 -3.92700 -10.08100 5.31000 1.11900 0.70200 2.65500 9.63300 3.72300 9.44000 8.62600 -3.31600 6.77500
75.00000 -2.18700 -3.87600 -10.82400 -6.21500 -4.90300 -7.15100 6.28700 -0.34600 0.21400 4.60800 8.16900 4.21100 8.46400 13.02100 -5.26900 7.26300
76.00000 1.23100 -1.92300 -8.87000 -5.72700 -6.85600 -5.68600 7.75100 -1.32200 0.70200 5.09600 8.65700 4.70000 6.99900 14.48600 -4.29300 6.77500
77.00000 4.64900 0.03100 -4.96400 -5.23900 -7.83300 -6.66300 9.21600 -0.83400 1.19000 5.09600 10.61000 5.18800 5.53400 12.04400 -1.36300 5.79800
78.00000 6.11400 1.00700 -0.08100 -4.75100 -6.85600 -7.64000 9.70500 -0.34600 2.16700 5.09600 12.07500 5.18800 5.53400 8.62600 1.07800 4.82200
79.00000 6.11400 1.98400 2.36000 -4.75100 -4.41500 -8.12800 9.21600 -0.34600 4.12000 6.07300 12.07500 4.21100 6.02200 7.65000 2.54300 3.84500
80.00000 5.13700 2.96000 2.84800 -5.23900 -1.48500 -6.66300 6.77500 -0.34600 5.58500 7.05000 9.63300 3.23500 7.97500 9.60300 1.56700 3.84500
81.00000 4.16100 3.44800 0.89500 -4.75100 0.46800 -3.73300 5.31000 -0.83400 6.07300 8.02600 7.19200 2.74700 9.44000 12.53300 0.10200 3.84500
82.00000 2.20700 1.98400 -1.54600 -4.75100 0.95600 -2.26800 5.31000 -0.83400 6.07300 7.53800 6.70400 2.74700 9.44000 12.53300 0.10200 3.84500
83.00000 -0.23400 -0.45800 -3.01100 -4.26200 -0.99700 -2.75700 5.79800 -0.34600 5.09600 6.56100 8.65700 4.21100 8.46400 9.60300 1.56700 3.84500
84.00000 -2.67500 -3.38700 -3.01100 -4.75100 -3.92700 -4.71000 5.79800 0.14200 4.12000 5.09600 12.07500 5.18800 7.48700 6.18500 4.00800 4.33300
85.00000 -5.60500 -5.34100 -2.52300 -4.75100 -6.36800 -6.66300 5.31000 0.63100 3.63200 5.58500 15.00400 5.18800 7.48700 4.72000 6.44900 6.28700
86.00000 -6.58200 -5.34100 -2.03500 -5.72700 -7.34500 -7.15100 4.33300 -0.34600 3.63200 7.05000 15.98100 5.18800 7.97500 6.67300 6.93800 8.24000
87.00000 -5.60500 -3.87600 -1.05800 -5.72700 -6.85600 -5.68600 3.35700 -0.83400 4.12000 9.00300 15.00400 5.18800 8.46400 9.60300 6.93800 10.68100
88.00000 -3.65200 -2.41100 -0.08100 -5.23900 -5.39100 -4.71000 4.33300 -0.83400 4.60800 10.46800 13.54000 5.67600 7.97500 11.06800 6.93800 11.16900
89.00000 -1.69900 -2.41100 0.89500 -4.75100 -4.41500 -3.73300 6.28700 0.14200 5.09600 9.97900 13.05100 6.65300 7.48700 9.60300 7.91400 9.21600
90.00000 -1.69900 -2.41100 1.87200 -5.23900 -4.41500 -4.22200 8.24000 1.11900 5.58500 8.51400 12.56300 7.62900 7.48700 8.13800 9.86700 6.77500
91.00000 -3.16400 -3.38700 1.38300 -5.72700 -5.39100 -5.19800 8.24000 1.60700 6.07300 7.05000 11.58700 7.14100 8.95200 8.13800 9.86700 4.33300
92.00000 -5.60500 -3.87600 -0.57000 -7.19200 -6.85600 -5.68600 5.79800 0.63100 6.56100 6.07300 9.14500 5.67600 10.90500 10.57900 7.42600 2.38000
93.00000 -7.07000 -4.36400 -3.49900 -8.65700 -7.34500 -5.19800 2.38000 -2.29900 7.05000 5.58500 6.70400 3.23500 11.88200 14.48600 3.52000 1.89200
94.00000 -7.55800 -4.36400 -6.42900 -10.12200 -7.83300 -4.71000 -1.52600 -5.22900 6.56100 4.12000 4.26200 1.77000 11.39300 16.92700 0.59000 1.89200
95.00000 -7.07000 -4.85200 -8.38200 -11.09800 -8.32100 -4.22200 -3.47900 -7.18200 5.58500 2.16700 3.77400 1.28200 9.44000 16.43900 0.10200 2.86900
96.00000 -6.58200 -4.85200 -8.87000 -11.58700 -8.32100 -4.22200 -3.47900 -8.15800 4.60800 0.21400 4.26200 1.77000 6.99900 13.50900 2.05500 3.84500
97.00000 -5.60500 -4.36400 -7.89400 -10.12200 -8.32100 -3.73300 -2.01400 -7.67000 3.63200 -1.74000 4.75100 2.25800 5.53400 10.57900 4.00800 5.31000
98.00000 -4.62800 -2.89900 -5.94100 -8.65700 -8.32100 -1.29200 -0.06100 -6.20500 3.14300 -1.25100 3.28600 2.25800 5.04600 10.09100 3.03100 5.79800
99.00000 -3.16400 -0.94600 -3.01100 -5.72700 -8.32100 1.63800 0.91600 -5.22900 3.14300 -0.27500 1.33300 0.79300 4.55700 10.57900 -0.38700 4.33300
100.00000 -1.21100 1.49500 -1.05800 -4.26200 -7.34500 4.56700 1.40400 -4.74000 3.63200 1.19000 -0.13200 -0.18300 3.09200 11.55600 -3.31600 2.38000
101.00000 0.25400 3.44800 -0.08100 -3.77400 -5.39100 6.03200 1.89200 -4.25200 4.12000 2.16700 0.84400 -0.18300 2.11600 11.06800 -3.31600 0.42700
102.00000 1.23100 3.93700 -1.54600 -4.75100 -2.95000 5.05600 1.89200 -5.22900 4.12000 1.67800 4.26200 1.28200 1.13900 11.06800 0.59000 -0.06100
103.00000 0.74300 3.93700 -3.49900 -5.72700 -0.50900 2.61400 2.38000 -6.20500 4.12000 1.19000 7.19200 2.25800 2.11600 12.04400 5.47300 0.91600
104.00000 -1.21100 2.96000 -5.45200 -7.19200 1.44400 0.17300 2.38000 -7.18200 4.60800 1.19000 8.65700 3.23500 4.06900 13.50900 6.93800 2.86900
105.00000 -3.16400 1.98400 -6.91700 -6.70400 2.90900 -0.80400 1.89200 -8.64700 5.09600 2.16700 7.19200 2.74700 6.02200 14.97400 4.98500 4.33300
106.00000 -5.60500 0.51900 -7.40600 -6.21500 1.93300 -0.31500 1.40400 -9.62300 6.07300 3.14300 3.77400 1.77000 6.99900 14.48600 1.07800 4.82200
107.00000 -7.07000 -0.45800 -7.40600 -6.70400 -0.02000 -0.31500 -0.06100 -10.60000 6.56100 3.63200 1.33300 1.28200 6.99900 11.55600 -2.34000 3.35700
108.00000 -8.04600 -1.43400 -8.38200 -6.70400 -2.46200 -1.29200 -0.54900 -10.60000 6.56100 3.63200 0.84400 1.28200 6.51000 7.65000 -3.31600 1.89200
109.00000 -8.53500 -1.92300 -10.33500 -7.68000 -4.41500 -4.22200 -1.03800 -10.60000 6.56100 2.16700 2.79700 1.28200 5.04600 4.23200 -2.82800 0.42700
110.00000 -8.04600 -2.41100 -11.31200 -8.16900 -4.90300 -6.17500 -1.03800 -9.62300 6.56100 1.67800 5.23900 1.28200 4.55700 3.74300 -1.85100 -0.54900
111.00000 -7.55800 -2.41100 -11.31200 -7.68000 -4.41500 -6.66300 -1.52600 -8.64700 6.56100 2.65500 7.19200 1.28200 4.06900 5.69700 -2.82800 -1.03800
112.00000 -6.58200 -2.41100 -9.84700 -7.68000 -2.46200 -4.71000 -1.03800 -7.67000 7.53800 4.12000 7.19200 0.79300 4.55700 8.62600 -4.29300 -0.54900
113.00000 -6.09300 -1.43400 -7.89400 -6.70400 -1.48500 -0.80400 -1.03800 -6.69400 8.51400 6.07300 5.72700 0.79300 5.04600 11.06800 -4.29300 0.42700
114.00000 -5.60500 0.51900 -6.91700 -5.72700 -0.50900 2.61400 -0.54900 -6.69400 9.49100 7.05000 3.77400 0.30500 6.02200 12.53300 -3.80500 0.91600
115.00000 -5.11700 2.47200 -6.42900 -5.23900 -0.50900 4.07900 -0.06100 -6.69400 9.49100 8.02600 1.33300 -1.16000 6.02200 11.55600 -3.31600 0.42700
116.00000 -3.16400 5.40200 -6.42900 -3.77400 0.95600 4.56700 0.42700 -6.69400 9.00300 8.02600 -0.62100 -2.13600 6.02200 10.09100 -5.26900 -1.03800
117.00000 -0.23400 7.35500 -6.42900 -2.30900 1.93300 4.07900 -0.06100 -6.69400 7.53800 8.51400 -2.08500 -3.11300 5.04600 8.13800 -7.71100 -2.50200
118.00000 2.69600 7.84300 -5.45200 -1.82100 3.88600 4.07900 -0.06100 -6.69400 6.56100 9.00300 -2.57400 -2.13600 5.04600 5.69700 -8.19900 -2.50200
119.00000 3.67200 7.35500 -4.96400 -1.82100 4.86200 4.56700 -0.06100 -6.69400 6.56100 9.00300 -1.59700 -0.18300 5.53400 4.23200 -5.26900 -0.06100
120.00000 2.69600 6.37800 -5.94100 -3.28600 4.37400 5.05600 0.91600 -7.18200 6.07300 8.51400 -0.13200 1.77000 6.51000 4.23200 0.10200 3.35700
121.00000 0.74300 6.37800 -7.89400 -4.75100 2.90900 5.54400 2.38000 -6.69400 6.56100 7.53800 2.30900 2.25800 7.97500 6.67300 4.49600 6.28700
122.00000 -1.21100 7.35500 -8.87000 -5.23900 1.93300 6.03200 4.33300 -6.20500 6.56100 7.05000 3.28600 1.77000 8.46400 9.11500 4.98500 6.28700
123.00000 -2.18700 8.33100 -7.89400 -4.75100 1.44400 6.03200 6.28700 -5.22900 6.07300 6.56100 3.28600 1.28200 7.97500 11.06800 1.07800 3.84500
124.00000 -1.69900 7.84300 -5.45200 -3.77400 0.95600 6.03200 8.24000 -4.25200 5.09600 7.05000 4.26200 2.25800 7.48700 10.09100 -3.31600 1.40400
125.00000 -1.69900 5.89000 -2.52300 -3.77400 -0.50900 5.54400 10.19300 -3.27600 4.12000 7.53800 6.70400 4.70000 7.97500 6.67300 -3.31600 0.42700
126.00000 -2.18700 2.96000 -1.05800 -4.26200 -2.95000 4.56700 12.63400 -1.81100 3.63200 7.53800 11.09800 9.09400 8.95200 2.76700 1.56700 2.38000
127.00000 -4.62800 0.03100 -1.05800 -5.23900 -5.88000 2.12600 14.58700 -0.34600 3.14300 7.05000 16.95800 13.00000 10.41700 0.32600 8.89100 5.79800
128.00000 -6.58200 -2.41100 -2.03500 -5.72700 -7.83300 0.17300 16.05200 0.63100 3.14300 5.58500 20.37600 14.95400 10.90500 1.30200 14.26200 8.72800
129.00000 -7.07000 -2.89900 -2.52300 -5.23900 -8.32100 -1.78000 16.05200 1.11900 3.14300 4.60800 20.37600 13.97700 10.90500 5.20800 14.75000 10.68100
130.00000 -4.62800 -0.94600 -2.03500 -3.28600 -7.34500 -2.26800 14.58700 1.11900 2.65500 3.63200 17.44600 11.53600 9.44000 9.11500 10.84400 10.68100
131.00000 -1.21100 1.98400 -0.57000 -0.84400 -5.88000 -1.78000 13.12300 0.14200 2.65500 3.63200 13.05100 9.58300 7.97500 11.06800 5.47300 8.72800
132.00000 1.71900 4.91300 0.89500 1.10900 -4.41500 0.17300 11.16900 -0.83400 2.65500 3.63200 10.61000 8.60600 6.02200 9.11500 1.07800 5.79800
133.00000 3.18400 7.35500 1.38300 2.08500 -3.92700 1.63800 10.19300 -1.32200 2.16700 3.63200 10.12200 8.11800 4.55700 5.20800 -1.36300 1.40400
134.00000 2.20700 8.33100 0.40700 2.08500 -3.92700 3.59100 10.19300 -0.83400 2.16700 4.12000 10.61000 8.11800 3.09200 1.30200 -3.80500 -2.99100
135.00000 0.25400 7.35500 -1.54600 1.10900 -3.43800 4.07900 9.70500 -0.34600 2.16700 5.09600 9.14500 6.16500 2.11600 -0.65100 -5.75800 -5.92000
136.00000 -2.18700 5.40200 -3.49900 -0.84400 -2.95000 3.59100 8.24000 -0.34600 2.65500 6.07300 6.21500 4.70000 3.09200 -0.16300 -6.73400 -6.89700
137.00000 -4.14000 2.96000 -5.94100 -2.79700 -2.95000 2.12600 6.28700 0.14200 2.65500 7.05000 3.28600 3.23500 4.55700 1.30200 -5.75800 -5.43200
138.00000 -6.09300 0.51900 -7.89400 -4.26200 -3.92700 -0.31500 3.84500 -0.34600 3.63200 7.05000 1.82100 3.23500 6.51000 3.25500 -3.80500 -2.99100
139.00000 -7.55800 -0.94600 -9.35900 -6.21500 -5.39100 -2.26800 1.89200 -1.32200 3.14300 7.05000 2.79700 4.21100 7.48700 5.69700 -2.34000 -1.03800
140.00000 -9.51100 -1.92300 -10.82400 -7.68000 -6.36800 -2.26800 0.91600 -2.29900 2.65500 7.05000 4.75100 6.16500 7.48700 7.65000 -2.34000 -1.52600
141.00000 -10.97600 -1.92300 -12.28800 -8.65700 -6.36800 -0.80400 1.89200 -2.78700 1.67800 7.05000 6.21500 7.62900 6.02200 9.11500 -3.31600 -2.99100
142.00000 -11.46400 -1.43400 -12.77700 -9.14500 -5.39100 1.14900 3.84500 -3.27600 0.70200 7.05000 6.70400 7.62900 4.55700 9.11500 -3.31600 -4.45600
143.00000 -10.48800 -0.94600 -13.26500 -9.14500 -3.92700 2.12600 6.28700 -2.78700 -0.27500 7.05000 7.68000 7.62900 3.09200 7.16100 -2.34000 -4.45600
144.00000 -9.51100 0.03100 -12.77700 -8.65700 -2.95000 1.63800 8.24000 -2.78700 -0.76300 6.07300 9.14500 7.62900 1.62800 3.25500 -0.38700 -2.50200
145.00000 -8.04600 1.00700 -12.77700 -7.68000 -3.43800 -0.31500 9.21600 -2.78700 -0.76300 4.60800 11.09800 7.62900 1.62800 -0.16300 0.59000 -0.54900
146.00000 -7.07000 1.49500 -13.26500 -7.19200 -4.41500 -2.26800 9.70500 -3.27600 -0.27500 3.14300 11.58700 8.11800 2.60400 -2.60400 1.07800 1.40400
147.00000 -7.55800 1.00700 -14.24200 -7.19200 -5.88000 -2.75700 8.72800 -3.76400 0.21400 2.16700 10.12200 7.62900 4.06900 -2.60400 0.10200 2.38000
148.00000 -8.53500 0.03100 -15.21800 -8.16900 -6.85600 -1.29200 7.26300 -4.74000 0.70200 1.67800 6.21500 6.65300 5.53400 -1.13900 -0.38700 2.38000
149.00000 -9.51100 -1.43400 -15.70600 -9.14500 -7.34500 0.66100 5.79800 -5.22900 0.70200 2.65500 1.82100 5.67600 6.51000 0.32600 0.10200 2.38000
150.00000 -10.00000 -1.92300 -14.73000 -10.12200 -6.36800 2.61400 4.33300 -5.71700 0.21400 4.12000 0.84400 5.67600 6.99900 2.27900 0.59000 1.89200
151.00000 -10.00000 -1.43400 -11.80000 -10.61000 -5.88000 3.59100 4.82200 -5.71700 -0.27500 5.58500 2.30900 5.67600 6.51000 3.74300 -0.38700 0.91600
152.00000 -9.51100 -0.94600 -7.89400 -10.12200 -5.88000 3.59100 6.77500 -4.74000 -0.27500 6.56100 6.21500 6.65300 5.53400 5.20800 -1.85100 0.42700
153.00000 -9.51100 -0.94600 -4.47600 -9.63300 -6.36800 3.10300 9.21600 -3.76400 -0.27500 6.07300 9.14500 8.11800 5.04600 6.67300 -3.80500 -0.06100
154.00000 -9.51100 -1.92300 -3.01100 -9.14500 -7.83300 1.63800 12.14600 -2.29900 0.21400 5.58500 10.12200 9.09400 4.55700 5.69700 -3.80500 -0.06100
155.00000 -9.02300 -3.38700 -3.49900 -8.16900 -9.29800 0.66100 14.58700 -1.32200 -0.27500 4.60800 10.61000 9.58300 4.55700 2.27900 -1.85100 0.42700
156.00000 -8.53500 -3.38700 -3.98800 -7.19200 -9.29800 0.66100 16.54100 -0.34600 -0.27500 4.60800 11.58700 9.09400 3.58100 -2.11600 0.59000 0.42700
157.00000 -6.09300 -0.94600 -3.98800 -5.23900 -7.83300 2.12600 18.00500 -0.34600 -0.27500 4.60800 13.54000 8.60600 2.60400 -5.04600 2.05500 -0.54900
158.00000 -3.65200 2.47200 -2.52300 -2.79700 -4.90300 3.59100 19.47000 -0.83400 0.21400 4.12000 16.46900 8.11800 2.11600 -4.55700 0.59000 -2.01400
159.00000 -0.72200 5.89000 -0.08100 -0.35600 -1.48500 5.05600 20.93500 -0.83400 1.19000 4.12000 17.44600 7.62900 2.11600 -0.65100 -2.34000 -3.96700
160.00000 1.71900 8.33100 0.89500 1.59700 1.44400 5.05600 20.93500 -1.32200 1.67800 3.14300 16.95800 7.14100 3.58100 3.25500 -4.78100 -5.43200
161.00000 2.69600 8.82000 -0.08100 2.08500 2.42100 3.10300 18.98200 -1.32200 1.19000 2.65500 14.51600 7.14100 4.06900 5.69700 -4.78100 -5.92000
162.00000 3.18400 8.33100 -2.52300 1.59700 2.90900 0.66100 16.54100 -1.32200 0.70200 2.65500 12.07500 7.14100 4.06900 4.23200 -3.31600 -5.43200
163.00000 3.67200 7.84300 -4.47600 1.10900 1.93300 -0.80400 14.58700 -1.32200 0.21400 3.14300 10.12200 6.16500 3.09200 1.79000 -3.31600 -4.94400
164.00000 3.67200 8.33100 -4.47600 0.62100 0.46800 0.66100 13.61100 -1.81100 0.21400 4.60800 8.65700 4.70000 2.60400 1.30200 -5.75800 -5.43200
165.00000 3.18400 8.33100 -3.01100 0.13200 -0.50900 3.59100 14.09900 -2.78700 0.70200 7.05000 5.72700 2.74700 3.09200 4.72000 -9.66400 -5.43200
166.00000 2.20700 8.33100 -0.57000 -0.84400 -1.97300 7.00900 14.09900 -4.25200 2.16700 9.49100 3.28600 1.28200 4.55700 10.09100 -12.59400 -4.45600
167.00000 0.25400 6.86600 -0.08100 -2.79700 -2.95000 8.96200 12.63400 -5.71700 3.14300 11.93200 1.82100 1.28200 6.02200 14.97400 -11.12900 -2.01400
168.00000 -3.16400 4.42500 -2.03500 -4.75100 -2.95000 7.98500 9.70500 -6.69400 4.60800 12.90900 2.79700 2.74700 6.51000 15.95100 -5.75800 0.42700
169.00000 -5.60500 2.96000 -5.94100 -5.72700 -2.46200 5.54400 6.28700 -6.20500 5.09600 12.90900 5.23900 4.70000 5.53400 12.53300 -1.36300 0.91600
170.00000 -8.04600 1.98400 -8.87000 -5.23900 -0.99700 4.07900 4.33300 -5.22900 5.09600 11.93200 6.70400 5.18800 3.58100 7.65000 -0.87500 -1.03800
171.00000 -7.55800 2.47200 -9.35900 -3.28600 0.95600 3.59100 5.31000 -4.25200 4.12000 10.46800 6.21500 4.70000 1.13900 4.23200 -5.75800 -5.43200
172.00000 -6.58200 3.44800 -7.89400 -0.84400 2.42100 4.56700 7.26300 -3.27600 2.65500 8.51400 3.77400 3.23500 -0.81400 2.76700 -12.10500 -10.31500
173.00000 -5.60500 2.96000 -5.45200 0.62100 2.42100 5.05600 8.72800 -2.78700 0.70200 6.07300 1.33300 1.28200 -2.27900 2.76700 -15.03500 -14.22100
174.00000 -5.60500 1.98400 -4.47600 0.62100 0.95600 4.07900 9.70500 -2.29900 -0.76300 4.12000 1.82100 1.77000 -2.76700 2.76700 -13.57000 -16.66300
175.00000 -6.09300 0.51900 -5.45200 0.13200 -0.99700 2.12600 9.21600 -1.32200 -1.25100 2.16700 4.26200 3.23500 -2.76700 2.27900 -9.66400 -17.63900
176.00000 -6.58200 -0.94600 -7.89400 -0.84400 -3.43800 -1.29200 8.72800 0.14200 -0.76300 1.19000 7.68000 4.21100 -2.76700 0.32600 -7.22200 -17.63900
177.00000 -7.55800 -1.43400 -9.84700 -0.84400 -4.41500 -3.24500 8.72800 1.11900 0.21400 1.19000 8.65700 4.70000 -2.76700 -1.13900 -9.17600 -17.63900
178.00000 -8.04600 -1.43400 -10.33500 -1.33300 -4.90300 -4.71000 9.21600 1.11900 0.21400 0.70200 6.70400 3.72300 -3.25500 -3.09200 -14.05800 -17.63900
179.00000 -8.04600 -0.94600 -9.84700 -1.82100 -5.39100 -4.22200 9.70500 -1.32200 -0.76300 -0.27500 3.28600 2.25800 -3.25500 -5.04600 -17.96500 -17.15100
180.00000 -8.53500 -0.94600 -8.87000 -2.79700 -5.88000 -4.22200 9.21600 -4.25200 -2.22800 -2.22800 0.35600 1.28200 -3.74300 -6.02200 -17.47600 -16.66300
181.00000 -9.51100 -1.92300 -8.38200 -4.75100 -7.83300 -4.22200 8.72800 -7.18200 -3.20400 -3.69300 -0.62100 0.79300 -2.76700 -5.53400 -13.08200 -15.68600
182.00000 -10.48800 -3.38700 -8.87000 -6.21500 -9.78600 -4.71000 7.26300 -8.64700 -2.71600 -4.66900 -0.13200 0.30500 -0.81400 -4.06900 -6.24600 -13.73300
183.00000 -11.95300 -5.34100 -10.82400 -7.19200 -11.73900 -5.68600 4.82200 -9.13500 -1.74000 -4.66900 -0.13200 0.30500 2.11600 -0.65100 0.10200 -10.80300
184.00000 -12.92900 -7.29400 -12.77700 -7.68000 -13.20400 -7.15100 2.38000 -9.13500 -0.76300 -3.69300 -0.13200 1.28200 4.06900 1.79000 3.03100 -9.33800
185.00000 -14.88200 -9.24700 -14.24200 -7.68000 -13.69200 -9.10400 -0.54900 -8.64700 -0.27500 -3.20400 -0.62100 2.74700 4.55700 2.76700 3.03100 -9.82700
186.00000 -16.34700 -10.71200 -15.70600 -7.68000 -13.69200 -11.05800 -3.47900 -8.64700 -0.27500 -3.69300 -0.62100 4.21100 3.09200 1.30200 0.10200 -12.75600
187.00000 -18.30000 -11.20000 -16.68300 -8.65700 -13.20400 -13.49900 -5.92000 -8.15800 -1.25100 -5.15700 0.35600 5.67600 1.13900 -1.13900 -2.34000 -16.66300
188.00000 -20.74200 -12.66500 -18.63600 -11.09800 -13.20400 -15.45200 -6.89700 -8.15800 -1.74000 -6.62200 1.33300 5.67600 0.16300 -3.58100 -3.80500 -18.12700
189.00000 -23.18300 -14.13000 -21.07700 -14.51600 -13.69200 -16.91700 -6.40900 -7.67000 -2.22800 -7.11100 2.79700 5.18800 0.65100 -3.09200 -3.80500 -16.66300
190.00000 -25.62500 -16.57100 -22.54200 -16.95800 -15.15700 -16.91700 -5.43200 -7.18200 -2.71600 -6.62200 2.79700 5.67600 2.11600 -1.13900 -2.34000 -12.75600
191.00000 -26.60100 -18.03600 -23.51900 -18.91100 -16.13400 -15.94000 -3.47900 -7.67000 -2.71600 -5.15700 2.79700 6.65300 2.60400 1.79000 -0.87500 -10.31500
192.00000 -26.60100 -18.03600 -22.54200 -18.42200 -16.13400 -13.49900 -2.01400 -8.64700 -2.71600 -3.69300 2.79700 7.62900 2.11600 3.25500 -0.38700 -9.82700
193.00000 -25.62500 -16.08300 -21.07700 -16.46900 -14.66900 -11.05800 -0.54900 -8.64700 -3.20400 -2.71600 1.82100 8.11800 1.13900 3.74300 -1.36300 -11.78000
194.00000 -23.18300 -13.15300 -19.61300 -14.02800 -11.73900 -8.61600 0.42700 -8.15800 -2.71600 -2.22800 -0.13200 7.62900 0.16300 3.25500 -3.80500 -14.22100
195.00000 -20.74200 -10.71200 -19.12400 -12.56300 -8.80900 -7.15100 1.89200 -6.69400 -2.71600 -2.22800 -1.59700 6.16500 -0.32600 2.76700 -5.75800 -15.68600
196.00000 -19.27700 -9.24700 -19.12400 -11.58700 -6.85600 -6.17500 3.35700 -5.71700 -3.20400 -3.20400 -3.06200 4.70000 -1.30200 2.76700 -7.22200 -15.19800
197.00000 -18.30000 -8.27000 -19.61300 -11.58700 -6.36800 -5.19800 4.33300 -5.71700 -3.69300 -3.69300 -2.57400 4.70000 -2.76700 1.30200 -7.22200 -14.22100
198.00000 -17.32400 -6.80500 -19.12400 -12.07500 -5.88000 -3.73300 4.82200 -7.18200 -4.18100 -4.66900 -1.10900 4.70000 -5.20800 -2.11600 -7.22200 -15.68600
199.00000 -15.85900 -4.36400 -17.66000 -11.09800 -4.90300 -0.80400 4.82200 -8.64700 -4.18100 -4.66900 0.35600 4.21100 -8.13800 -6.99900 -7.71100 -18.61600
200.00000 -13.41800 -1.43400 -14.73000 -9.63300 -3.43800 2.61400 5.31000 -9.62300 -4.18100 -4.66900 0.35600 3.72300 -9.60300 -11.39300 -7.71100 -21.54500
201.00000 -11.46400 1.00700 -12.28800 -7.68000 -0.99700 6.03200 6.28700 -9.62300 -3.20400 -3.69300 -0.13200 2.74700 -9.60300 -13.34600 -7.22200 -22.52200
202.00000 -10.00000 1.49500 -10.82400 -6.21500 0.95600 7.98500 8.72800 -9.62300 -2.71600 -1.74000 -0.62100 2.74700 -7.16100 -11.39300 -5.26900 -20.08100
203.00000 -9.51100 0.51900 -10.33500 -5.72700 0.46800 7.98500 11.16900 -8.64700 -1.74000 0.21400 -0.62100 4.70000 -3.74300 -6.99900 -1.85100 -15.19800
204.00000 -9.51100 -1.43400 -10.82400 -6.21500 -0.99700 6.52100 12.14600 -8.64700 -1.74000 2.16700 1.33300 7.14100 -0.81400 -1.62800 1.56700 -9.82700
205.00000 -10.00000 -2.89900 -11.80000 -6.21500 -2.95000 4.56700 11.65800 -8.64700 -1.25100 3.14300 3.77400 9.09400 1.13900 1.79000 4.00800 -5.92000
206.00000 -10.97600 -3.38700 -12.77700 -6.70400 -4.41500 3.10300 9.21600 -8.15800 -0.76300 3.63200 6.70400 10.07100 2.11600 2.76700 4.98500 -3.96700
207.00000 -11.46400 -3.38700 -13.26500 -6.70400 -3.92700 2.12600 7.26300 -6.69400 -0.27500 2.65500 8.16900 10.55900 2.60400 1.79000 5.96100 -3.96700
208.00000 -11.46400 -3.38700 -13.26500 -5.72700 -2.46200 2.61400 5.79800 -5.22900 -0.27500 2.16700 9.14500 11.53600 3.09200 0.81400 6.44900 -4.94400
209.00000 -11.95300 -3.38700 -12.28800 -5.23900 -1.48500 2.12600 6.28700 -4.25200 -1.25100 1.19000 9.63300 13.48900 3.09200 0.81400 6.93800 -5.43200
210.00000 -11.95300 -3.87600 -10.82400 -4.26200 -1.97300 1.63800 7.75100 -3.27600 -2.22800 0.70200 9.63300 14.95400 3.09200 1.79000 6.93800 -6.40900
211.00000 -11.95300 -3.87600 -8.87000 -3.77400 -3.43800 0.17300 9.21600 -3.27600 -3.20400 1.19000 8.65700 14.95400 3.58100 4.23200 4.98500 -6.89700
212.00000 -12.44100 -3.38700 -7.89400 -3.77400 -5.39100 -1.78000 10.19300 -3.27600 -4.18100 1.67800 6.70400 12.51200 4.06900 6.67300 1.56700 -7.87400
213.00000 -13.41800 -2.89900 -7.89400 -3.77400 -7.34500 -3.24500 9.70500 -4.25200 -3.69300 2.16700 3.77400 9.09400 3.58100 8.13800 -1.36300 -8.36200
214.00000 -13.90600 -1.92300 -9.84700 -4.26200 -7.83300 -3.73300 7.75100 -5.71700 -3.20400 2.16700 0.84400 5.67600 2.11600 7.16100 -2.82800 -9.33800
215.00000 -13.90600 -1.43400 -12.28800 -3.77400 -7.34500 -2.75700 5.79800 -7.18200 -3.20400 1.67800 -1.10900 4.21100 -0.32600 2.27900 -3.31600 -10.31500
216.00000 -13.41800 -0.45800 -14.24200 -3.77400 -6.85600 -1.78000 3.84500 -8.64700 -4.18100 1.19000 -1.59700 3.23500 -3.74300 -5.04600 -3.31600 -12.26800
217.00000 -12.44100 0.51900 -14.24200 -3.28600 -6.36800 -1.29200 2.86900 -8.64700 -5.15700 0.70200 -0.62100 2.25800 -6.18500 -11.39300 -3.31600 -13.73300
218.00000 -10.97600 1.98400 -12.28800 -2.30900 -6.36800 -0.80400 2.38000 -8.15800 -6.13400 0.70200 0.35600 1.28200 -6.67300 -14.32300 -3.80500 -14.70900
219.00000 -10.00000 2.96000 -9.35900 -2.30900 -6.36800 0.66100 2.86900 -7.18200 -6.62200 1.19000 0.84400 -0.18300 -4.72000 -12.37000 -3.31600 -14.22100
220.00000 -10.00000 2.96000 -7.40600 -2.79700 -5.88000 2.12600 3.35700 -6.69400 -6.13400 2.65500 1.33300 -0.67100 -1.79000 -6.51000 -1.85100 -11.78000
221.00000 -10.48800 2.47200 -7.89400 -2.79700 -5.39100 4.07900 4.33300 -6.20500 -4.18100 5.09600 1.82100 0.79300 1.13900 -0.16300 0.10200 -9.33800
222.00000 -11.46400 2.96000 -9.35900 -3.28600 -4.90300 6.03200 5.79800 -6.69400 -3.20400 6.56100 2.30900 3.23500 2.11600 3.25500 1.56700 -8.85000
223.00000 -10.97600 3.44800 -11.31200 -2.79700 -4.90300 6.52100 7.75100 -6.69400 -2.71600 8.02600 2.79700 4.70000 1.13900 2.76700 0.59000 -10.31500
224.00000 -10.48800 4.42500 -11.31200 -1.82100 -4.90300 6.03200 9.21600 -7.18200 -3.20400 8.51400 2.79700 4.21100 -0.32600 0.81400 -1.85100 -13.24500
225.00000 -9.51100 4.91300 -9.35900 -1.33300 -5.88000 4.56700 10.19300 -7.18200 -4.18100 8.02600 2.30900 2.74700 -0.81400 -0.65100 -3.80500 -14.70900
226.00000 -9.51100 3.93700 -7.40600 -0.35600 -7.34500 3.10300 9.70500 -7.18200 -4.66900 7.05000 2.30900 1.28200 -0.32600 -0.65100 -3.80500 -14.22100
227.00000 -10.00000 2.47200 -6.42900 0.13200 -9.29800 2.12600 9.70500 -7.18200 -5.15700 5.58500 2.79700 2.25800 1.62800 0.81400 -0.87500 -11.29200
228.00000 -10.48800 1.49500 -7.89400 1.10900 -11.25100 1.14900 10.19300 -6.69400 -5.15700 4.60800 4.26200 5.18800 3.09200 2.76700 2.54300 -7.87400
229.00000 -10.97600 1.00700 -10.33500 2.08500 -12.22700 0.17300 11.65800 -5.71700 -4.66900 4.60800 6.70400 9.09400 2.60400 3.25500 4.49600 -6.40900
230.00000 -10.48800 1.98400 -11.80000 3.06200 -11.73900 -0.80400 13.61100 -3.27600 -3.69300 5.09600 7.68000 11.04700 1.13900 2.76700 3.52000 -7.87400
231.00000 -10.00000 3.44800 -11.31200 4.03800 -10.27400 -0.31500 15.07600 -2.29900 -2.71600 6.07300 7.68000 10.55900 -0.32600 1.79000 1.07800 -10.31500
232.00000 -9.02300 4.42500 -9.35900 3.55000 -8.32100 0.66100 14.58700 -2.29900 -2.22800 7.05000 6.21500 8.60600 -1.79000 0.32600 -1.36300 -12.26800
233.00000 -9.02300 5.40200 -7.89400 3.06200 -5.88000 2.12600 13.12300 -3.27600 -1.25100 7.05000 3.28600 6.16500 -2.76700 -1.13900 -1.85100 -12.75600
234.00000 -9.02300 5.40200 -6.91700 3.06200 -3.92700 2.61400 11.65800 -4.74000 -1.25100 6.07300 0.35600 4.70000 -3.74300 -3.09200 -1.85100 -12.75600
235.00000 -8.53500 4.91300 -7.40600 3.06200 -2.46200 1.63800 11.16900 -5.22900 -1.74000 4.60800 -1.59700 4.21100 -4.23200 -4.55700 -1.36300 -12.75600
236.00000 -8.53500 4.91300 -8.38200 2.57400 -1.97300 -0.80400 11.65800 -4.74000 -1.74000 2.65500 -2.08500 4.70000 -5.20800 -4.55700 -2.34000 -13.73300
237.00000 -8.04600 4.91300 -9.35900 2.08500 -1.48500 -3.24500 12.63400 -4.25200 -2.22800 1.67800 -1.59700 4.70000 -5.20800 -3.58100 -4.29300 -15.19800
238.00000 -8.53500 4.42500 -10.33500 1.10900 -0.50900 -5.19800 12.63400 -3.76400 -1.74000 1.19000 -1.59700 4.21100 -4.23200 -2.11600 -5.26900 -15.68600
239.00000 -9.02300 4.42500 -10.82400 0.13200 -0.50900 -5.68600 10.68100 -4.25200 -1.25100 0.70200 -3.06200 2.74700 -3.25500 -0.65100 -5.26900 -14.70900
240.00000 -8.53500 4.91300 -11.80000 -0.35600 -0.99700 -4.22200 8.72800 -5.22900 -0.76300 1.19000 -5.50300 1.77000 -3.25500 -0.65100 -4.78100 -13.24500
241.00000 -7.07000 5.89000 -12.28800 0.13200 -1.97300 -1.29200 6.77500 -6.20500 -1.25100 1.67800 -8.43300 1.28200 -3.74300 -2.60400 -5.75800 -13.24500
242.00000 -5.11700 7.84300 -11.80000 1.59700 -2.95000 1.14900 6.28700 -6.69400 -1.74000 1.67800 -10.38600 0.79300 -4.72000 -5.53400 -7.22200 -14.70900
243.00000 -3.16400 9.30800 -9.84700 2.57400 -2.95000 3.10300 6.77500 -6.69400 -2.71600 1.67800 -10.87400 0.79300 -5.20800 -7.97500 -9.17600 -17.15100
244.00000 -2.18700 10.77300 -6.91700 3.55000 -1.97300 3.10300 7.26300 -6.69400 -3.20400 2.65500 -9.41000 0.30500 -4.72000 -9.92800 -10.15200 -19.10400
245.00000 -1.21100 11.26100 -4.47600 3.55000 -0.99700 2.12600 7.75100 -6.69400 -2.22800 3.14300 -7.45600 -0.18300 -4.23200 -9.44000 -9.66400 -19.59200
246.00000 -0.23400 12.23800 -2.52300 3.55000 0.46800 2.12600 7.75100 -6.69400 -0.27500 5.09600 -6.48000 -0.67100 -3.74300 -7.48700 -9.17600 -18.12700
247.00000 1.71900 14.19100 -2.03500 3.55000 0.95600 3.10300 7.75100 -6.20500 1.67800 7.53800 -6.96800 -0.67100 -4.23200 -5.04600 -9.66400 -16.66300
248.00000 3.67200 17.12000 -2.52300 4.03800 1.93300 5.05600 8.24000 -4.74000 2.16700 9.49100 -7.94500 -0.18300 -5.20800 -3.58100 -11.12900 -16.66300
249.00000 6.11400 19.56200 -2.03500 4.52700 2.42100 7.00900 8.72800 -2.78700 1.67800 9.97900 -9.41000 1.28200 -7.16100 -3.58100 -13.57000 -18.61600
250.00000 7.57900 21.51500 -1.05800 5.01500 2.42100 7.49700 9.21600 -1.32200 -0.27500 9.00300 -9.89800 1.28200 -9.11500 -5.53400 -15.03500 -20.56900
251.00000 8.06700 22.49100 -0.08100 5.01500 2.90900 7.00900 9.21600 -1.81100 -1.74000 6.56100 -10.38600 0.79300 -10.09100 -7.97500 -16.98800 -22.03400
252.00000 9.53200 23.46800 0.40700 5.01500 3.39800 6.52100 7.75100 -2.78700 -2.71600 4.60800 -11.36300 -0.67100 -10.57900 -8.95200 -18.94100 -23.01000
253.00000 11.97300 25.90900 0.40700 5.01500 3.88600 6.52100 5.31000 -4.25200 -2.22800 2.65500 -12.82800 -3.11300 -10.57900 -8.46400 -21.38300 -23.98700
254.00000 15.87900 28.35100 0.40700 5.50300 5.35100 7.49700 4.33300 -4.74000 -1.74000 1.67800 -14.78100 -5.06600 -10.57900 -7.48700 -22.84700 -26.42800
255.00000 20.27400 32.25700 -0.08100 6.96800 6.32700 8.47400 3.84500 -4.25200 -2.22800 0.70200 -15.75700 -5.55400 -10.57900 -7.97500 -22.84700 -29.35800
256.00000 24.18000 35.67500 0.40700 8.92100 7.30400 8.47400 5.31000 -2.78700 -2.71600 -1.25100 -15.26900 -4.57800 -11.55600 -11.39300 -20.89400 -32.77600
