1.00000 3.68200 5.49300 3.29600 3.56000 4.72000 7.16100 8.89100 0.58000 1.38300 4.05900 -0.43700 -1.00700 0.66100 -0.19300 -7.73100 -3.92700
2.00000 -0.71200 1.58700 0.36600 0.14200 2.27900 3.25500 14.75000 -0.88500 2.84800 2.59400 -1.41400 -1.00700 2.12600 0.29500 -7.24300 -4.41500
3.00000 -5.59500 -3.78400 -2.56300 -4.25200 -1.13900 -1.13900 12.30900 -1.86200 3.82500 0.64100 -1.90200 0.45800 4.56700 2.24800 -3.33700 -1.97300
4.00000 -8.52500 -7.69000 -4.51700 -7.18200 -4.06900 -4.06900 2.54300 -2.35000 4.31300 -0.82400 -0.92600 2.41100 6.52100 3.22500 1.54600 1.44400
5.00000 -7.54800 -7.69000 -4.51700 -7.67000 -4.55700 -4.06900 -9.66400 -1.86200 4.31300 -0.82400 -0.43700 3.38700 7.49700 3.71300 3.49900 3.88600
6.00000 -4.13000 -4.27200 -2.07500 -5.71700 -3.09200 -2.60400 -15.52300 -2.35000 4.31300 0.15300 -0.92600 2.41100 7.00900 3.22500 2.52300 3.39800
7.00000 -0.22400 -0.36600 -0.12200 -3.27600 -0.16300 0.32600 -12.59400 -2.83800 4.31300 2.59400 -2.87900 0.94600 5.05600 2.24800 -0.89500 0.95600
8.00000 2.70600 2.56300 1.83100 -1.32200 1.30200 2.76700 -4.78100 -3.32600 3.33700 3.57100 -4.83200 -1.00700 3.10300 0.78300 -4.31300 -1.48500
9.00000 3.19400 3.54000 1.83100 -0.34600 2.27900 5.20800 1.56700 -2.35000 2.36000 5.03500 -5.80900 -1.98400 1.63800 0.29500 -5.29000 -2.95000
10.00000 1.72900 2.56300 1.34300 -0.34600 1.30200 6.18500 1.07800 -0.88500 1.38300 5.03500 -4.34400 -1.49500 1.14900 0.78300 -4.31300 -1.97300
11.00000 0.26400 1.58700 1.83100 -0.83400 0.81400 7.16100 -1.85100 1.06800 0.89500 5.52400 -0.43700 -0.03100 1.14900 1.76000 -1.38300 -0.50900
12.00000 -0.22400 1.58700 2.80800 -1.32200 0.32600 7.16100 -1.85100 1.55600 0.89500 6.01200 4.44500 1.92300 2.12600 3.22500 1.05800 1.44400
13.00000 1.24100 2.56300 5.24900 -1.32200 0.32600 8.13800 5.47300 1.55600 1.38300 7.96500 8.84000 4.36400 3.10300 4.69000 3.01100 2.90900
14.00000 3.68200 4.02800 8.17900 -0.34600 0.81400 9.11500 17.19200 2.04500 1.87200 9.91800 11.77000 6.31700 4.07900 6.64300 3.98800 3.39800
15.00000 6.12400 5.49300 11.10800 1.60700 0.81400 10.09100 25.49200 3.02100 1.38300 12.36000 13.72300 7.78200 5.05600 8.59600 5.45200 4.37400
16.00000 7.10000 5.98100 12.08500 3.56000 -0.16300 9.60300 25.00400 5.46300 0.89500 13.33600 14.69900 8.75900 6.03200 10.54900 7.89400 6.81600
17.00000 5.63600 4.02800 11.59700 4.04900 -1.13900 7.65000 14.75000 7.41600 0.89500 13.82400 15.67600 10.22300 7.49700 12.50200 11.80000 10.23400
18.00000 2.70600 0.61000 8.66700 2.58400 -2.11600 4.72000 2.05500 7.90400 1.38300 12.84800 16.16400 10.71200 8.96200 13.47900 15.70600 14.14000
19.00000 -1.68900 -3.29600 3.78400 -0.83400 -3.58100 2.27900 -5.75800 5.46300 1.87200 11.38300 15.67600 10.71200 9.93900 13.96700 18.63600 16.58100
20.00000 -4.61800 -6.22600 -0.12200 -3.27600 -4.55700 0.81400 -6.24600 2.04500 1.87200 9.43000 13.72300 9.24700 9.93900 12.99000 18.14800 15.60500
21.00000 -5.10700 -6.71400 -2.56300 -4.74000 -4.06900 0.81400 -1.36300 -0.39700 1.87200 6.98900 9.81600 6.80500 8.47400 10.54900 14.24200 11.21000
22.00000 -3.15300 -5.24900 -2.07500 -3.76400 -2.60400 2.27900 3.52000 -1.86200 1.87200 6.01200 5.42200 3.87600 6.52100 8.10800 6.91700 4.86200
23.00000 -0.71200 -2.80800 -0.61000 -1.81100 -1.62800 4.72000 4.00800 -1.37300 1.87200 5.52400 1.02700 0.94600 5.05600 6.15400 -0.40700 -0.50900
24.00000 0.26400 -0.85400 0.85400 -1.32200 -0.65100 6.18500 0.59000 -0.39700 2.36000 5.52400 -2.39100 -0.51900 5.05600 4.69000 -6.26600 -4.41500
25.00000 -0.71200 -0.36600 -0.12200 -1.81100 -1.13900 5.69700 -3.31600 -0.39700 2.84800 6.01200 -5.80900 -1.00700 5.05600 3.71300 -9.68400 -5.88000
26.00000 -3.64200 -2.31900 -2.56300 -3.76400 -3.09200 3.74300 -5.75800 -1.37300 2.36000 4.05900 -8.73800 -1.49500 4.56700 2.24800 -11.14900 -7.34500
27.00000 -6.57100 -4.27200 -5.49300 -5.22900 -5.04600 0.81400 -6.24600 -2.83800 0.89500 1.12900 -11.66800 -2.96000 3.10300 -1.17000 -12.61400 -9.29800
28.00000 -7.54800 -6.22600 -5.98100 -5.22900 -6.02200 -2.11600 -7.22200 -3.81500 -1.05800 -2.77700 -14.10900 -4.91300 -0.31500 -5.56400 -14.56700 -13.20400
29.00000 -6.08300 -5.73700 -3.54000 -2.78700 -6.02200 -3.58100 -9.17600 -3.32600 -2.52300 -6.19500 -15.08600 -5.89000 -3.73300 -10.93500 -17.00800 -17.59800
30.00000 -4.13000 -4.76100 0.36600 -0.34600 -4.55700 -3.58100 -11.61700 -1.86200 -3.01100 -7.66000 -13.13300 -5.89000 -6.17500 -14.84200 -17.49700 -20.52800
31.00000 -2.17700 -4.27200 3.78400 1.11900 -3.09200 -3.09200 -11.12900 -0.39700 -2.52300 -7.66000 -8.73800 -3.93700 -7.15100 -16.30700 -16.03200 -20.52800
32.00000 -2.17700 -4.27200 4.27200 0.14200 -2.11600 -2.11600 -7.22200 0.58000 -1.54600 -6.19500 -3.85500 -1.00700 -5.68600 -15.33000 -12.12600 -17.59800
33.00000 -3.15300 -5.24900 2.31900 -1.81100 -2.11600 -0.65100 -1.36300 0.58000 -1.54600 -4.24200 0.53900 1.43400 -3.73300 -12.40000 -7.73100 -12.22700
34.00000 -4.61800 -5.73700 -0.12200 -3.27600 -2.60400 0.81400 1.56700 0.09200 -1.05800 -2.28900 2.00400 2.89900 -1.29200 -8.49400 -4.31300 -7.34500
35.00000 -4.61800 -5.73700 -1.09900 -2.78700 -2.60400 1.79000 0.59000 0.09200 -1.05800 -0.82400 2.00400 3.38700 0.17300 -5.07600 -3.33700 -3.92700
36.00000 -3.15300 -3.78400 0.36600 -1.32200 -2.11600 2.76700 -4.29300 1.06800 -1.05800 1.12900 1.51600 2.41100 0.66100 -2.63500 -4.80100 -3.43800
37.00000 -1.20000 -1.83100 3.29600 0.63100 -0.65100 3.25500 -6.73400 1.55600 0.40700 2.10600 2.00400 1.92300 1.14900 -2.14600 -6.26600 -4.41500
38.00000 -0.22400 0.12200 4.76100 1.11900 0.81400 3.25500 -4.29300 1.55600 1.38300 3.08200 2.49200 1.92300 1.14900 -2.14600 -6.75500 -6.85600
39.00000 -0.22400 -0.36600 3.78400 0.14200 1.79000 2.27900 2.54300 0.58000 2.36000 3.08200 2.49200 1.43400 0.66100 -2.63500 -6.26600 -8.32100
40.00000 -1.68900 -2.31900 0.85400 -1.81100 1.30200 1.79000 9.86700 -1.37300 2.36000 2.10600 0.53900 0.94600 0.17300 -3.61100 -5.29000 -9.29800
41.00000 -4.13000 -4.76100 -2.07500 -3.27600 0.32600 0.81400 11.82000 -2.83800 1.87200 0.64100 -2.87900 -0.03100 -0.31500 -4.58800 -5.77800 -9.78600
42.00000 -6.08300 -6.71400 -3.54000 -4.25200 -0.65100 -0.16300 6.93800 -3.32600 0.89500 -1.31200 -5.80900 -1.00700 -0.80400 -5.07600 -7.24300 -9.29800
43.00000 -7.06000 -6.71400 -3.05200 -3.27600 -1.62800 -0.65100 -2.34000 -3.32600 -0.57000 -1.80100 -8.25000 -1.98400 0.17300 -4.58800 -9.68400 -9.29800
44.00000 -7.06000 -6.71400 -2.56300 -2.29900 -1.62800 -1.13900 -11.61700 -2.83800 -1.05800 -2.28900 -8.73800 -2.47200 0.66100 -4.58800 -11.14900 -8.80900
45.00000 -7.06000 -6.22600 -2.56300 -2.78700 -2.11600 -1.62800 -16.50000 -3.32600 -0.57000 -1.80100 -8.73800 -2.47200 1.63800 -4.10000 -12.12600 -9.29800
46.00000 -7.54800 -7.20200 -5.00500 -4.25200 -2.11600 -1.62800 -15.52300 -4.30300 -0.08100 -1.31200 -9.22600 -2.96000 2.12600 -4.58800 -12.61400 -11.25100
47.00000 -8.52500 -8.17900 -6.95800 -5.71700 -2.11600 -1.62800 -11.61700 -6.25600 0.89500 -1.31200 -10.69100 -4.42500 2.12600 -5.07600 -14.56700 -13.20400
48.00000 -9.01300 -9.15500 -7.93500 -7.18200 -2.11600 -1.13900 -9.17600 -7.23300 1.87200 -1.80100 -13.13300 -5.89000 1.63800 -6.05300 -16.03200 -14.66900
49.00000 -9.50100 -9.15500 -7.44600 -7.18200 -2.11600 -0.65100 -11.12900 -7.23300 2.36000 -1.80100 -15.57400 -6.86600 1.14900 -6.54100 -17.00800 -15.15700
50.00000 -8.52500 -8.17900 -5.98100 -5.71700 -1.62800 -0.65100 -17.47600 -6.25600 2.36000 -1.80100 -16.55100 -6.86600 1.14900 -6.05300 -17.00800 -13.69200
51.00000 -7.06000 -6.71400 -4.51700 -3.76400 -0.65100 -1.13900 -24.31200 -4.30300 2.36000 -1.31200 -15.57400 -6.37800 1.14900 -5.07600 -15.54400 -11.73900
52.00000 -5.10700 -5.24900 -3.05200 -2.29900 0.32600 -1.13900 -26.75400 -2.35000 2.36000 -0.82400 -13.62100 -5.40200 1.14900 -4.10000 -13.59000 -9.78600
53.00000 -2.66500 -3.78400 -2.56300 -0.83400 1.30200 -1.13900 -20.40600 -1.86200 2.36000 -0.82400 -11.18000 -3.93700 1.14900 -3.61100 -11.14900 -8.80900
54.00000 -1.20000 -2.31900 -1.09900 -0.34600 1.30200 0.32600 -5.26900 -1.86200 2.36000 -0.33600 -7.27300 -2.47200 2.12600 -2.63500 -9.19600 -7.34500
55.00000 -0.22400 -1.34300 0.36600 -0.34600 1.79000 2.76700 11.33200 -1.86200 2.84800 0.64100 -3.85500 -0.51900 3.59100 -0.68200 -6.75500 -5.88000
56.00000 0.26400 -0.85400 2.80800 0.14200 2.27900 4.72000 21.09800 -1.86200 3.33700 2.10600 0.05100 1.92300 5.05600 1.27200 -2.84800 -2.46200
57.00000 1.24100 0.12200 5.24900 1.11900 1.79000 6.18500 18.65600 -0.88500 3.33700 3.57100 2.98100 3.87600 6.03200 2.73600 0.08100 0.95600
58.00000 2.21800 0.61000 7.69000 2.58400 2.27900 6.18500 6.93800 0.58000 2.84800 4.54700 4.44500 5.34100 6.03200 3.71300 2.52300 3.39800
59.00000 4.17100 1.58700 9.15500 4.53700 2.76700 5.20800 -5.75800 2.53300 2.36000 4.54700 5.42200 6.31700 5.05600 3.71300 4.47600 3.88600
60.00000 6.12400 2.07500 10.13200 6.49000 3.25500 3.74300 -9.66400 4.48600 1.38300 4.05900 6.88700 6.80500 4.07900 3.71300 5.94100 3.88600
61.00000 7.10000 3.05200 11.10800 7.95500 3.74300 3.74300 -3.80500 4.97400 1.38300 4.54700 8.84000 7.78200 3.59100 4.20100 7.89400 3.88600
62.00000 7.58900 3.54000 11.10800 8.44300 3.74300 5.20800 7.42600 5.46300 1.38300 5.52400 10.79300 9.24700 5.05600 6.15400 9.84700 5.35100
63.00000 7.10000 4.02800 10.62000 7.95500 4.23200 7.65000 14.26200 4.97400 2.36000 6.98900 12.25800 10.71200 7.00900 8.10800 11.80000 7.79200
64.00000 6.12400 3.05200 9.64400 6.49000 4.23200 9.11500 11.82000 4.48600 2.84800 8.45300 11.77000 11.68800 8.96200 9.57200 12.28800 9.25700
65.00000 4.17100 1.09900 7.69000 5.02500 3.74300 8.13800 3.03100 3.51000 3.82500 7.96500 10.30500 11.68800 9.45000 9.08400 10.82400 8.28000
66.00000 2.70600 -1.34300 5.73700 3.56000 2.76700 5.20800 -6.73400 3.02100 3.82500 5.52400 7.86300 10.22300 8.96200 7.13100 7.40600 5.35100
67.00000 0.75300 -4.27200 3.29600 2.58400 1.79000 0.81400 -11.61700 2.04500 3.33700 2.59400 5.91000 8.75900 7.00900 3.71300 3.98800 1.44400
68.00000 -0.71200 -5.73700 0.85400 1.60700 0.32600 -1.62800 -11.61700 1.55600 1.87200 0.64100 3.95700 6.80500 5.54400 1.76000 0.57000 -1.97300
69.00000 -1.68900 -5.73700 -0.12200 1.11900 -0.16300 -2.60400 -7.71100 1.06800 0.89500 -0.82400 2.00400 5.34100 4.56700 0.78300 -1.38300 -3.92700
70.00000 -1.20000 -5.24900 -0.61000 1.60700 -0.65100 -1.13900 -2.34000 0.58000 0.89500 -0.33600 0.53900 4.36400 4.07900 0.29500 -3.33700 -4.90300
71.00000 -1.20000 -3.78400 -0.61000 1.11900 -0.16300 0.32600 3.03100 0.58000 0.89500 0.15300 0.53900 3.87600 3.59100 0.29500 -3.82500 -5.88000
72.00000 -0.71200 -3.29600 -0.61000 1.11900 0.81400 0.81400 8.40300 0.58000 1.38300 -0.33600 2.00400 3.38700 2.12600 -1.17000 -4.31300 -6.85600
73.00000 -0.71200 -2.80800 -0.12200 1.11900 1.30200 -0.16300 11.33200 0.09200 1.87200 -1.31200 3.95700 2.41100 1.14900 -3.12300 -4.31300 -8.80900
74.00000 -0.22400 -2.80800 -0.12200 0.63100 2.27900 -1.13900 9.37900 -0.88500 1.87200 -2.77700 4.93400 1.92300 0.17300 -4.58800 -4.31300 -9.29800
75.00000 -0.71200 -3.29600 -0.61000 0.14200 1.79000 -1.62800 1.56700 -1.86200 1.38300 -3.26500 4.44500 0.94600 0.17300 -4.58800 -4.80100 -9.29800
76.00000 -1.20000 -3.29600 -1.09900 -0.34600 0.81400 -1.13900 -8.19900 -2.35000 1.38300 -2.77700 2.00400 0.45800 0.66100 -3.61100 -4.80100 -8.32100
77.00000 -1.68900 -3.78400 -1.09900 -0.83400 -0.16300 -1.13900 -15.52300 -1.86200 1.38300 -1.80100 0.53900 0.45800 1.63800 -1.65800 -4.31300 -6.36800
78.00000 -2.17700 -3.78400 -0.61000 -1.32200 -0.65100 -0.65100 -15.03500 -0.39700 1.38300 -0.33600 1.02700 1.43400 2.61400 0.78300 -2.36000 -4.90300
79.00000 -1.20000 -2.31900 0.85400 -1.32200 -1.13900 -0.65100 -8.68700 1.06800 1.87200 0.64100 4.93400 3.87600 3.10300 2.24800 0.08100 -3.43800
80.00000 0.75300 -0.36600 3.29600 -0.83400 -0.65100 0.81400 0.10200 2.04500 2.36000 1.61700 9.32800 6.31700 4.07900 3.22500 3.01100 -1.97300
81.00000 2.70600 2.56300 5.24900 -0.34600 0.81400 3.74300 4.49600 2.53300 3.33700 3.57100 12.74600 7.78200 5.05600 4.20100 5.45200 -0.02000
82.00000 4.65900 5.00500 5.24900 0.14200 2.76700 6.18500 4.00800 2.04500 4.31300 5.52400 12.74600 7.78200 5.54400 5.66600 6.42900 1.44400
83.00000 4.17100 5.00500 3.78400 -0.34600 3.74300 7.65000 0.59000 1.55600 4.80100 7.47700 10.79300 7.29400 6.52100 6.64300 6.42900 3.39800
84.00000 2.70600 3.54000 1.83100 -0.83400 3.74300 6.67300 -3.31600 1.55600 5.29000 8.45300 8.84000 6.31700 6.52100 8.10800 6.42900 3.88600
85.00000 1.24100 1.58700 -0.61000 -1.81100 2.76700 4.23200 -3.80500 1.55600 4.80100 7.96500 7.86300 6.31700 6.03200 8.10800 6.42900 3.88600
86.00000 1.24100 0.12200 -0.12200 -1.81100 1.79000 3.25500 -0.87500 2.04500 3.82500 6.01200 8.84000 5.82900 5.54400 7.61900 5.94100 2.90900
87.00000 2.21800 0.61000 2.31900 -0.83400 1.30200 4.23200 4.49600 2.04500 3.33700 5.52400 9.32800 5.82900 5.54400 7.13100 4.96400 1.44400
88.00000 4.65900 2.56300 5.73700 0.63100 1.30200 5.69700 10.35600 2.04500 3.82500 6.01200 8.35200 4.85200 6.03200 7.13100 3.01100 0.95600
89.00000 6.61200 4.51700 8.66700 1.60700 2.27900 7.16100 14.75000 1.55600 3.82500 6.98900 6.39900 4.36400 7.49700 7.61900 1.54600 1.93300
90.00000 7.58900 5.00500 9.64400 3.07200 2.76700 6.18500 15.23800 2.04500 4.31300 8.45300 4.44500 4.36400 8.47400 8.59600 1.05800 2.90900
91.00000 6.61200 4.02800 8.17900 2.09600 2.27900 3.74300 9.86700 2.04500 3.82500 7.96500 3.95700 4.85200 8.47400 8.59600 2.03500 3.88600
92.00000 5.14700 1.58700 5.73700 1.11900 0.81400 1.30200 1.56700 2.53300 3.33700 6.01200 4.93400 5.34100 7.98500 7.13100 3.49900 3.39800
93.00000 3.68200 -0.85400 3.78400 -0.34600 -0.16300 0.32600 -6.73400 3.02100 2.36000 3.57100 5.91000 5.34100 7.00900 5.17800 4.47600 1.44400
94.00000 2.21800 -1.83100 3.29600 -0.83400 -1.62800 1.30200 -10.15200 3.51000 1.87200 2.10600 6.39900 5.82900 6.03200 4.20100 4.96400 0.46800
95.00000 1.72900 -2.31900 4.27200 -0.34600 -1.62800 1.79000 -7.22200 3.99800 1.87200 1.61700 6.88700 6.31700 6.03200 4.69000 5.45200 0.46800
96.00000 2.21800 -0.85400 6.22600 1.11900 -1.13900 1.30200 1.56700 4.97400 1.87200 3.57100 7.86300 7.78200 7.49700 7.13100 5.94100 2.90900
97.00000 3.68200 0.61000 7.69000 3.07200 -0.16300 0.81400 9.86700 5.46300 2.84800 5.03500 9.32800 8.75900 8.96200 9.57200 6.91700 5.83900
98.00000 5.63600 2.07500 7.20200 3.56000 0.81400 -0.16300 13.77400 5.46300 3.33700 6.01200 10.79300 9.24700 9.93900 11.52500 7.40600 8.28000
99.00000 7.10000 2.07500 5.73700 3.07200 1.79000 0.81400 11.33200 4.48600 4.31300 6.01200 11.28100 8.75900 9.93900 11.52500 7.40600 8.28000
100.00000 7.10000 1.09900 3.29600 1.11900 1.79000 1.79000 6.44900 3.02100 4.31300 5.52400 10.79300 7.29400 8.96200 10.06100 6.91700 6.32700
101.00000 4.65900 -0.85400 0.85400 -0.83400 1.30200 2.27900 1.56700 1.55600 4.31300 4.54700 8.84000 5.34100 6.52100 7.61900 5.94100 3.39800
102.00000 1.72900 -3.78400 -0.61000 -2.29900 0.81400 0.81400 -0.38700 1.55600 3.33700 3.57100 6.88700 3.87600 4.56700 5.66600 4.96400 1.44400
103.00000 0.26400 -5.24900 -0.12200 -2.78700 0.32600 -1.13900 -1.85100 1.55600 2.36000 2.59400 5.91000 2.41100 2.61400 4.20100 4.47600 1.44400
104.00000 0.26400 -4.27200 1.34300 -1.32200 0.81400 -2.11600 -3.31600 1.55600 1.38300 1.12900 3.95700 1.92300 1.14900 3.22500 3.01100 1.44400
105.00000 1.72900 -2.31900 3.29600 1.11900 2.76700 -1.13900 -5.75800 1.55600 0.89500 0.64100 2.00400 0.94600 -0.31500 1.76000 1.05800 0.46800
106.00000 3.68200 0.12200 3.78400 3.56000 4.72000 1.30200 -6.73400 2.04500 1.38300 0.15300 -0.43700 -0.03100 -1.29200 0.78300 -0.89500 -1.48500
107.00000 5.14700 1.58700 2.80800 4.04900 5.20800 2.27900 -3.80500 2.04500 1.38300 -0.33600 -1.41400 -0.03100 -2.26800 -0.68200 -1.87200 -3.43800
108.00000 5.14700 0.61000 0.85400 3.07200 4.23200 2.27900 2.05500 2.53300 1.38300 -0.82400 -1.41400 0.45800 -1.78000 -1.17000 -1.87200 -4.41500
109.00000 3.68200 -1.83100 -2.07500 1.11900 2.76700 0.32600 6.93800 2.53300 1.38300 -1.31200 -0.92600 1.43400 -0.80400 -1.17000 -1.38300 -3.92700
110.00000 0.75300 -4.27200 -4.51700 -1.32200 0.81400 -2.11600 5.96100 1.55600 1.38300 -1.80100 -0.92600 1.43400 0.66100 -1.17000 -1.87200 -2.95000
111.00000 -1.20000 -6.22600 -6.47000 -2.78700 -0.65100 -4.06900 -1.85100 0.09200 1.38300 -3.26500 -2.87900 -0.03100 2.12600 -0.68200 -3.33700 -2.46200
112.00000 -3.15300 -6.71400 -7.44600 -3.27600 -0.65100 -5.04600 -12.10500 -1.37300 1.87200 -4.24200 -5.80900 -1.49500 2.61400 -0.68200 -5.29000 -2.95000
113.00000 -3.15300 -5.73700 -7.44600 -2.78700 -0.65100 -6.02200 -18.45300 -1.86200 1.87200 -5.21900 -7.76200 -2.96000 2.61400 -1.17000 -6.26600 -3.92700
114.00000 -1.68900 -3.29600 -5.98100 -1.81100 0.32600 -5.53400 -16.50000 -1.37300 2.36000 -4.73000 -6.78500 -2.47200 2.61400 -1.17000 -4.80100 -3.92700
115.00000 0.75300 -0.85400 -4.02800 -0.83400 1.79000 -4.55700 -7.71100 -0.39700 2.84800 -4.24200 -3.36700 -1.49500 2.12600 -1.17000 -2.84800 -3.43800
116.00000 2.70600 1.58700 -2.07500 -0.83400 2.76700 -2.60400 2.05500 -0.39700 3.82500 -2.28900 -0.43700 -0.51900 2.12600 -0.19300 -1.38300 -1.48500
117.00000 3.68200 2.56300 -1.09900 -1.32200 3.74300 -0.16300 6.44900 -0.88500 4.31300 -1.31200 0.53900 -0.51900 2.61400 1.27200 -0.89500 -0.02000
118.00000 3.19400 2.07500 -2.07500 -2.29900 3.74300 1.79000 3.03100 -1.37300 4.31300 -0.82400 -0.92600 -1.49500 2.61400 2.24800 -1.38300 1.93300
119.00000 1.24100 1.58700 -4.51700 -3.27600 2.76700 1.79000 -5.26900 -1.37300 3.82500 -0.33600 -2.39100 -1.98400 3.59100 3.22500 -0.89500 3.39800
120.00000 0.26400 0.61000 -6.47000 -3.76400 1.30200 0.81400 -13.57000 -0.88500 2.84800 -0.33600 -3.36700 -1.49500 3.59100 3.71300 1.05800 3.88600
121.00000 -0.22400 0.12200 -7.44600 -3.27600 -0.16300 -0.16300 -16.98800 -0.39700 2.84800 -0.33600 -1.90200 -0.03100 4.56700 4.20100 3.01100 3.88600
122.00000 -0.22400 0.12200 -7.44600 -2.78700 -1.13900 -0.65100 -14.54700 0.09200 3.33700 0.15300 0.05100 0.94600 5.05600 4.69000 3.49900 3.88600
123.00000 0.26400 -0.85400 -6.47000 -2.78700 -1.62800 -1.13900 -8.68700 -0.39700 3.82500 1.12900 1.02700 0.94600 6.03200 6.15400 2.52300 3.88600
124.00000 -0.71200 -2.31900 -5.49300 -2.78700 -1.62800 -2.11600 -0.87500 -0.88500 3.82500 1.61700 1.02700 0.94600 6.03200 7.13100 1.54600 4.37400
125.00000 -2.17700 -4.27200 -4.51700 -3.27600 -2.11600 -4.55700 4.49600 -0.88500 3.33700 0.64100 0.53900 1.92300 6.52100 7.61900 2.03500 5.83900
126.00000 -3.64200 -6.22600 -3.05200 -3.76400 -3.09200 -6.99900 6.44900 0.09200 1.87200 -0.82400 1.02700 3.38700 5.54400 7.13100 4.96400 6.81600
127.00000 -4.61800 -7.20200 -2.56300 -3.27600 -4.06900 -8.46400 4.49600 2.04500 0.40700 -3.26500 2.49200 4.85200 5.05600 5.66600 7.89400 7.30400
128.00000 -4.61800 -6.22600 -2.07500 -2.78700 -3.58100 -7.97500 0.59000 3.51000 -0.57000 -4.73000 3.95700 5.82900 4.07900 4.20100 8.87000 6.81600
129.00000 -3.64200 -4.76100 -2.07500 -2.29900 -2.60400 -6.02200 -3.31600 3.51000 -0.57000 -5.21900 4.44500 5.34100 3.59100 2.73600 7.89400 6.32700
130.00000 -2.17700 -3.29600 -2.56300 -1.81100 -1.13900 -3.09200 -5.26900 3.02100 0.40700 -4.24200 4.44500 4.85200 4.07900 2.73600 6.42900 5.83900
131.00000 -1.20000 -2.31900 -2.56300 -1.81100 -0.65100 -2.11600 -4.78100 1.55600 1.38300 -2.28900 4.44500 4.36400 5.05600 3.71300 6.42900 6.32700
132.00000 -1.20000 -2.80800 -2.07500 -1.81100 -0.65100 -2.60400 -2.82800 1.06800 1.87200 -0.82400 3.46900 4.36400 6.03200 4.69000 7.89400 7.30400
133.00000 -2.17700 -4.76100 -1.58700 -1.81100 -2.11600 -4.06900 -3.31600 1.55600 1.87200 -0.82400 2.98100 4.36400 6.03200 4.20100 7.89400 6.81600
134.00000 -3.64200 -6.71400 -1.58700 -1.81100 -3.09200 -5.53400 -5.26900 2.53300 0.40700 -1.80100 1.02700 3.87600 4.56700 3.22500 5.94100 4.37400
135.00000 -5.10700 -8.17900 -2.56300 -2.29900 -4.06900 -6.02200 -7.71100 3.02100 -0.57000 -3.75400 -1.41400 1.92300 2.61400 0.78300 1.54600 1.44400
136.00000 -5.59500 -9.15500 -3.05200 -2.78700 -4.06900 -6.02200 -8.19900 2.04500 -1.05800 -5.70700 -3.85500 -0.51900 1.14900 -1.17000 -2.36000 -0.50900
137.00000 -4.61800 -8.17900 -3.05200 -3.27600 -3.09200 -5.53400 -5.75800 0.09200 -0.57000 -6.68300 -4.83200 -1.00700 0.66100 -2.14600 -3.33700 -0.50900
138.00000 -1.20000 -5.73700 -1.58700 -2.78700 -1.13900 -5.04600 -1.85100 -1.37300 0.40700 -6.19500 -3.85500 -0.03100 1.14900 -1.17000 -1.38300 0.95600
139.00000 1.72900 -3.78400 0.36600 -0.83400 0.32600 -4.06900 2.54300 -1.37300 1.87200 -4.24200 -0.43700 1.43400 2.61400 0.78300 2.03500 2.90900
140.00000 3.68200 -2.80800 2.31900 0.63100 1.30200 -3.58100 5.47300 0.58000 2.84800 -1.80100 2.98100 2.89900 4.07900 2.73600 3.98800 4.37400
141.00000 3.19400 -3.29600 2.80800 2.09600 1.79000 -3.58100 7.42600 2.53300 2.84800 0.64100 4.44500 3.38700 4.56700 5.17800 3.49900 4.86200
142.00000 1.24100 -4.27200 1.83100 1.60700 1.30200 -3.58100 7.42600 3.51000 3.33700 2.10600 3.95700 2.41100 5.05600 7.13100 2.03500 5.35100
143.00000 -1.20000 -5.73700 -1.09900 0.14200 0.32600 -3.58100 5.47300 3.02100 2.84800 2.10600 2.00400 0.94600 5.05600 8.10800 0.08100 5.35100
144.00000 -2.66500 -6.22600 -3.54000 -1.81100 -0.65100 -4.06900 1.07800 1.55600 2.84800 1.12900 0.53900 0.45800 4.56700 7.61900 0.08100 5.35100
145.00000 -2.66500 -6.22600 -5.49300 -2.78700 -1.13900 -5.04600 -6.24600 0.09200 2.36000 -1.31200 -0.43700 0.45800 3.59100 5.66600 1.54600 3.88600
146.00000 -1.20000 -6.22600 -5.00500 -2.78700 -1.13900 -5.53400 -12.10500 0.09200 1.87200 -2.28900 0.05100 0.45800 2.61400 2.73600 1.54600 2.42100
147.00000 0.26400 -6.22600 -2.56300 -1.32200 -1.13900 -6.02200 -13.08200 0.58000 0.89500 -2.77700 0.05100 0.94600 2.12600 1.27200 1.05800 0.95600
148.00000 0.75300 -6.22600 -0.61000 0.14200 -1.62800 -5.53400 -7.71100 2.04500 0.89500 -2.77700 0.53900 1.43400 1.63800 0.29500 -0.40700 -0.02000
149.00000 -0.22400 -6.71400 -0.12200 0.63100 -2.11600 -5.53400 1.07800 3.02100 0.40700 -1.80100 0.53900 1.92300 1.63800 0.29500 -0.89500 -0.50900
150.00000 -1.68900 -7.20200 -1.58700 0.14200 -3.09200 -6.99900 8.89100 3.51000 -0.08100 -1.80100 1.51600 3.38700 1.63800 0.78300 0.57000 -0.99700
151.00000 -3.15300 -8.17900 -3.05200 -1.32200 -4.55700 -8.46400 9.86700 2.53300 -0.57000 -2.28900 2.98100 4.85200 2.12600 1.27200 3.01100 -0.99700
152.00000 -4.61800 -9.64400 -3.54000 -2.78700 -6.02200 -10.90500 3.52000 1.55600 -0.08100 -2.77700 3.95700 5.82900 3.10300 2.24800 5.45200 -0.02000
153.00000 -4.61800 -11.10800 -1.09900 -3.76400 -6.51000 -12.37000 -5.26900 0.58000 -0.08100 -2.77700 3.46900 6.31700 4.56700 3.22500 6.91700 2.42100
154.00000 -3.64200 -11.59700 1.83100 -3.27600 -6.02200 -11.88200 -9.17600 0.09200 0.89500 -2.77700 2.00400 5.82900 6.52100 5.17800 6.42900 4.86200
155.00000 -3.15300 -11.10800 3.78400 -2.29900 -5.53400 -9.92800 -4.29300 0.58000 1.87200 -1.31200 1.02700 5.34100 7.98500 7.13100 5.94100 6.81600
156.00000 -3.15300 -10.13200 2.31900 -1.81100 -5.04600 -7.97500 6.44900 1.06800 2.36000 -0.82400 1.51600 5.34100 8.96200 8.59600 5.94100 7.79200
157.00000 -3.64200 -9.64400 -1.09900 -1.81100 -5.04600 -6.99900 15.23800 1.55600 2.36000 -0.82400 4.44500 6.80500 8.96200 9.08400 7.40600 7.30400
158.00000 -4.13000 -9.15500 -3.54000 -2.78700 -5.04600 -6.51000 15.72700 2.04500 1.87200 -1.80100 8.35200 8.27000 8.96200 9.08400 9.84700 7.30400
159.00000 -3.15300 -8.17900 -2.56300 -2.78700 -5.53400 -6.99900 7.91400 2.53300 1.38300 -2.77700 11.28100 9.73500 8.96200 9.08400 12.28800 8.76900
160.00000 -0.71200 -7.20200 1.83100 -1.81100 -5.53400 -6.51000 -3.31600 3.02100 0.89500 -4.24200 12.25800 10.22300 8.96200 9.08400 13.26500 11.21000
161.00000 2.21800 -6.22600 6.71400 0.14200 -5.53400 -6.02200 -9.17600 3.99800 0.40700 -5.21900 11.77000 9.73500 8.96200 9.57200 11.80000 12.67500
162.00000 3.68200 -6.22600 9.64400 1.60700 -5.04600 -5.53400 -5.75800 4.97400 -0.08100 -5.70700 11.77000 8.75900 7.98500 9.57200 9.35900 12.67500
163.00000 3.68200 -6.71400 10.13200 2.58400 -5.04600 -6.51000 4.00800 5.95100 -0.08100 -5.70700 12.25800 8.27000 7.00900 8.59600 6.91700 10.72200
164.00000 1.72900 -6.71400 7.69000 1.11900 -5.53400 -7.48700 13.28500 5.46300 -0.08100 -4.24200 13.72300 8.27000 6.52100 7.61900 6.42900 8.76900
165.00000 -0.71200 -6.22600 4.27200 -1.81100 -6.51000 -7.48700 17.19200 3.99800 -0.08100 -1.80100 13.72300 8.27000 5.54400 6.64300 7.40600 7.79200
166.00000 -2.17700 -4.76100 0.85400 -3.76400 -7.48700 -6.99900 14.75000 2.53300 -0.08100 0.15300 11.28100 7.78200 5.05600 5.66600 9.35900 8.28000
167.00000 -3.15300 -3.78400 -1.58700 -5.22900 -7.97500 -6.02200 8.89100 2.04500 -0.57000 1.12900 7.86300 6.80500 4.56700 4.69000 10.33500 8.28000
168.00000 -3.64200 -4.27200 -2.56300 -5.22900 -8.95200 -5.53400 3.03100 2.04500 -1.54600 -0.33600 3.46900 5.34100 3.10300 3.22500 8.38200 6.32700
169.00000 -5.10700 -7.69000 -3.05200 -4.74000 -9.44000 -6.99900 0.10200 2.53300 -2.03500 -2.77700 0.53900 3.87600 1.63800 1.27200 4.47600 3.39800
170.00000 -7.06000 -11.10800 -2.56300 -5.22900 -10.41700 -8.95200 1.07800 3.02100 -2.03500 -4.73000 0.05100 3.87600 1.63800 -0.19300 1.05800 0.46800
171.00000 -8.52500 -13.06200 -2.56300 -6.20500 -10.41700 -9.44000 4.49600 2.53300 -2.03500 -4.73000 1.51600 4.85200 3.10300 1.27200 0.57000 0.46800
172.00000 -8.52500 -12.08500 -1.09900 -6.69400 -9.92800 -7.97500 8.40300 2.04500 -0.57000 -2.28900 4.93400 7.29400 6.03200 4.20100 3.98800 4.86200
173.00000 -7.06000 -10.62000 0.36600 -6.20500 -8.95200 -5.04600 10.35600 2.04500 0.40700 0.64100 7.86300 9.73500 9.45000 9.08400 9.35900 10.72200
174.00000 -4.61800 -9.15500 2.31900 -4.74000 -7.48700 -4.06900 8.40300 3.51000 0.89500 2.59400 10.30500 11.68800 10.91500 12.01400 14.24200 14.62800
175.00000 -3.64200 -9.64400 3.78400 -2.78700 -6.51000 -5.04600 3.03100 4.97400 0.89500 3.08200 11.28100 11.68800 10.42700 12.01400 15.70600 15.11600
176.00000 -3.64200 -11.59700 3.29600 -1.81100 -6.02200 -6.99900 -1.85100 5.95100 0.40700 1.12900 10.30500 10.22300 8.96200 9.57200 13.75300 12.18700
177.00000 -4.61800 -12.08500 1.83100 -2.78700 -5.53400 -7.48700 -3.31600 4.97400 -0.08100 -0.33600 8.35200 7.78200 6.52100 6.64300 10.82400 8.28000
178.00000 -5.59500 -11.59700 -0.61000 -5.22900 -5.04600 -6.02200 0.59000 3.02100 0.40700 -0.82400 6.88700 6.80500 6.03200 4.69000 9.84700 6.81600
179.00000 -6.57100 -10.13200 -3.54000 -7.18200 -4.55700 -3.09200 7.42600 1.06800 1.87200 -0.33600 6.88700 6.80500 6.52100 6.15400 11.80000 8.76900
180.00000 -6.57100 -8.66700 -4.02800 -7.67000 -3.58100 -1.13900 12.79700 0.58000 3.33700 1.12900 9.32800 8.27000 7.98500 8.59600 15.21800 12.18700
181.00000 -5.59500 -8.17900 -2.56300 -6.69400 -3.09200 -1.13900 12.30900 1.06800 3.33700 2.10600 11.77000 9.73500 8.47400 10.54900 17.66000 14.62800
182.00000 -4.61800 -8.66700 0.36600 -4.74000 -2.11600 -2.11600 6.93800 2.53300 2.84800 1.61700 12.74600 9.73500 7.98500 11.03700 16.19500 14.14000
183.00000 -3.64200 -8.17900 2.31900 -2.78700 -1.13900 -2.11600 -1.85100 3.51000 1.87200 1.12900 11.28100 7.29400 6.03200 9.57200 10.33500 10.23400
184.00000 -2.66500 -7.20200 1.83100 -1.81100 -0.16300 -0.65100 -7.71100 2.53300 1.87200 1.61700 6.39900 3.38700 4.07900 7.61900 2.52300 5.83900
185.00000 -2.66500 -5.24900 -1.09900 -3.27600 0.81400 1.79000 -8.68700 0.58000 1.87200 2.59400 0.53900 -0.51900 3.10300 6.64300 -3.82500 3.39800
186.00000 -3.64200 -5.24900 -4.51700 -4.74000 0.81400 3.74300 -4.78100 -1.86200 2.84800 3.57100 -3.85500 -2.47200 3.10300 7.13100 -6.75500 2.90900
187.00000 -5.10700 -6.71400 -6.47000 -6.20500 -0.16300 1.79000 1.56700 -2.83800 2.84800 3.57100 -5.32000 -1.98400 4.07900 8.10800 -4.31300 4.86200
188.00000 -6.57100 -8.66700 -5.98100 -6.69400 -1.13900 -2.11600 5.96100 -2.83800 1.87200 1.61700 -3.36700 0.45800 4.56700 7.13100 1.05800 6.81600
189.00000 -7.54800 -10.62000 -5.49300 -6.20500 -2.60400 -6.51000 5.47300 -2.83800 0.89500 -0.82400 -0.43700 2.89900 4.07900 4.69000 4.96400 6.81600
190.00000 -8.52500 -12.08500 -6.47000 -6.20500 -3.58100 -8.95200 1.56700 -2.83800 -0.08100 -3.75400 1.02700 3.87600 3.10300 1.27200 5.94100 4.86200
191.00000 -9.50100 -12.57300 -9.39900 -6.69400 -4.55700 -9.92800 -4.78100 -3.81500 -0.57000 -6.19500 -0.43700 2.41100 2.12600 -1.65800 3.49900 1.44400
192.00000 -10.96600 -13.55000 -13.30600 -8.64700 -4.55700 -8.95200 -10.64000 -5.28000 -0.08100 -7.66000 -4.34400 -0.03100 1.63800 -2.63500 -0.40700 -0.50900
193.00000 -12.43100 -14.52600 -15.74700 -10.60000 -5.04600 -8.46400 -13.57000 -6.74400 1.38300 -7.17200 -7.76200 -1.98400 2.12600 -1.65800 -2.84800 -0.50900
194.00000 -12.91900 -14.52600 -15.25900 -11.08800 -5.04600 -8.46400 -14.54700 -7.72100 1.87200 -6.19500 -9.71500 -3.44800 4.07900 0.78300 -2.84800 1.44400
195.00000 -12.43100 -14.03800 -12.81700 -10.60000 -4.55700 -8.95200 -13.08200 -7.72100 2.36000 -4.73000 -9.71500 -3.93700 5.54400 3.22500 -0.89500 3.88600
196.00000 -10.96600 -14.03800 -9.88800 -9.13500 -4.55700 -8.95200 -12.10500 -6.74400 2.84800 -3.75400 -8.25000 -2.96000 6.52100 4.69000 1.05800 5.35100
197.00000 -9.98900 -14.03800 -8.42300 -7.67000 -5.04600 -9.44000 -12.10500 -5.28000 2.36000 -3.75400 -6.78500 -1.98400 6.03200 4.20100 1.54600 4.86200
198.00000 -9.98900 -15.99100 -8.91100 -7.18200 -6.02200 -10.41700 -14.54700 -4.30300 1.38300 -4.73000 -5.80900 -1.00700 5.05600 2.73600 1.05800 2.90900
199.00000 -10.96600 -18.43300 -9.39900 -8.15800 -7.97500 -12.37000 -17.47600 -3.32600 0.89500 -6.19500 -3.85500 0.45800 3.59100 1.76000 0.57000 0.95600
200.00000 -11.94300 -19.89700 -9.39900 -8.64700 -9.44000 -14.32300 -16.98800 -2.35000 -0.08100 -7.17200 -2.39100 1.43400 3.10300 1.27200 1.05800 0.95600
201.00000 -11.94300 -19.40900 -7.93500 -8.64700 -9.92800 -14.81100 -10.15200 -2.35000 -0.57000 -6.68300 -0.92600 1.92300 2.61400 2.24800 2.03500 1.93300
202.00000 -10.47800 -17.45600 -5.98100 -7.67000 -8.95200 -13.83500 2.05500 -2.83800 -0.57000 -5.21900 0.05100 1.43400 3.10300 3.71300 2.03500 2.90900
203.00000 -9.01300 -15.01500 -5.00500 -6.69400 -7.48700 -10.90500 13.77400 -2.83800 -0.08100 -2.28900 0.53900 0.45800 3.10300 4.69000 0.57000 2.42100
204.00000 -8.03600 -13.55000 -5.00500 -5.71700 -6.02200 -8.46400 16.70300 -2.83800 0.40700 -0.82400 -0.43700 -1.00700 1.63800 4.20100 -0.89500 -0.02000
205.00000 -7.54800 -13.55000 -6.47000 -5.71700 -5.53400 -6.99900 8.89100 -2.35000 0.40700 -1.31200 -0.92600 -1.49500 0.66100 2.73600 -2.36000 -1.48500
206.00000 -9.01300 -15.01500 -6.95800 -5.71700 -6.51000 -7.97500 -5.75800 -1.86200 -0.57000 -2.77700 -1.41400 -1.49500 -1.29200 0.78300 -2.84800 -2.46200
207.00000 -10.47800 -17.94400 -6.47000 -6.69400 -8.46400 -10.90500 -17.47600 -1.37300 -1.54600 -5.21900 -2.39100 -1.49500 -2.26800 -1.17000 -2.84800 -1.97300
208.00000 -12.43100 -19.89700 -5.98100 -7.67000 -10.90500 -13.83500 -18.94100 -1.37300 -3.01100 -7.17200 -3.85500 -1.49500 -2.75700 -3.12300 -4.31300 -1.97300
209.00000 -14.87200 -21.85100 -6.47000 -9.13500 -12.85800 -15.78800 -12.10500 -2.35000 -4.47600 -9.12500 -6.78500 -2.96000 -3.24500 -4.58800 -8.21900 -3.92700
210.00000 -17.31400 -23.31500 -8.42300 -11.08800 -14.32300 -16.76400 -3.31600 -3.81500 -4.96400 -10.59000 -9.71500 -4.91300 -4.22200 -6.54100 -13.59000 -7.83300
211.00000 -19.26700 -23.80400 -10.37600 -13.04100 -14.81100 -16.76400 -2.34000 -5.28000 -5.45200 -12.54300 -11.66800 -6.37800 -5.19800 -9.47100 -17.49700 -13.20400
212.00000 -20.24300 -23.80400 -12.32900 -14.50600 -14.32300 -16.76400 -10.64000 -5.76800 -5.45200 -14.00800 -12.15600 -6.37800 -5.68600 -11.42400 -17.98500 -17.11000
213.00000 -19.26700 -23.31500 -12.32900 -14.50600 -13.83500 -16.76400 -21.38300 -5.28000 -4.96400 -14.49600 -10.69100 -5.40200 -5.68600 -11.91200 -15.54400 -17.11000
214.00000 -16.82500 -21.85100 -10.37600 -12.55300 -13.34600 -16.76400 -22.35900 -3.32600 -4.96400 -13.03100 -9.22600 -3.44800 -4.22200 -10.44700 -11.63700 -13.69200
215.00000 -13.89600 -19.89700 -7.44600 -9.62300 -12.37000 -15.78800 -11.12900 -1.86200 -3.98800 -9.61300 -8.25000 -1.98400 -2.26800 -7.51700 -9.19600 -9.29800
216.00000 -12.43100 -17.94400 -5.98100 -7.67000 -10.90500 -12.85800 6.93800 -1.37300 -3.01100 -6.68300 -8.25000 -1.98400 -0.31500 -3.61100 -8.70800 -5.88000
217.00000 -11.94300 -16.96800 -5.49300 -7.18200 -8.95200 -9.92800 18.65600 -1.86200 -2.03500 -3.75400 -9.22600 -1.98400 1.14900 -1.17000 -9.68400 -4.41500
218.00000 -12.43100 -15.99100 -6.47000 -7.67000 -7.48700 -7.48700 15.72700 -2.83800 -2.03500 -3.75400 -9.22600 -2.96000 0.66100 -0.19300 -9.68400 -4.90300
219.00000 -12.91900 -15.01500 -6.95800 -7.67000 -6.51000 -6.99900 0.59000 -3.32600 -2.52300 -4.73000 -8.25000 -2.96000 0.17300 -0.68200 -7.73100 -4.90300
220.00000 -11.94300 -14.03800 -6.47000 -7.18200 -6.02200 -7.97500 -14.54700 -2.35000 -3.01100 -5.70700 -5.80900 -1.98400 -0.80400 -1.65800 -4.80100 -3.92700
221.00000 -9.50100 -12.08500 -4.51700 -5.22900 -6.02200 -8.46400 -18.94100 -0.88500 -3.49900 -6.68300 -3.36700 -1.00700 -1.29200 -1.65800 -2.36000 -1.97300
222.00000 -6.57100 -10.13200 -1.58700 -2.78700 -5.04600 -7.48700 -12.10500 0.58000 -3.01100 -5.70700 -1.41400 0.45800 -0.31500 -0.68200 -1.38300 -0.50900
223.00000 -3.64200 -7.69000 -0.12200 -1.81100 -3.58100 -5.53400 -1.36300 1.06800 -2.03500 -4.24200 0.05100 0.94600 0.66100 0.78300 -1.38300 -0.02000
224.00000 -2.66500 -6.71400 0.36600 -1.32200 -2.11600 -3.09200 3.03100 1.06800 -0.08100 -2.77700 0.05100 0.94600 1.14900 1.76000 -2.36000 -0.50900
225.00000 -2.66500 -7.20200 -0.12200 -1.81100 -0.65100 -2.60400 -1.36300 0.58000 0.40700 -2.77700 -0.43700 0.94600 0.66100 1.76000 -2.36000 -1.48500
226.00000 -3.64200 -8.17900 -0.12200 -1.81100 0.32600 -3.58100 -7.71100 0.58000 0.89500 -3.75400 -1.41400 -0.03100 -0.80400 0.29500 -2.36000 -2.46200
227.00000 -4.13000 -8.66700 1.34300 -1.32200 0.32600 -5.04600 -7.22200 1.06800 -0.08100 -4.73000 -2.39100 -1.00700 -2.75700 -1.65800 -3.82500 -3.92700
228.00000 -2.66500 -8.17900 3.78400 0.63100 0.32600 -5.53400 3.52000 1.55600 -1.05800 -5.21900 -4.34400 -2.47200 -5.19800 -4.10000 -5.77800 -5.39100
229.00000 -0.71200 -6.22600 5.73700 1.60700 1.30200 -3.58100 16.70300 1.06800 -2.03500 -4.24200 -5.80900 -3.93700 -6.66300 -5.07600 -8.70800 -7.34500
230.00000 1.72900 -4.27200 6.71400 2.58400 1.79000 -1.13900 23.05100 0.09200 -2.03500 -2.77700 -6.78500 -4.42500 -7.15100 -5.56400 -10.66100 -8.80900
231.00000 1.72900 -3.78400 5.24900 1.60700 1.79000 0.81400 17.19200 -0.39700 -2.03500 -1.80100 -6.29700 -3.44800 -5.68600 -4.10000 -9.68400 -7.83300
232.00000 -0.22400 -4.76100 3.29600 0.14200 1.30200 0.81400 3.52000 -0.39700 -1.05800 -1.80100 -3.85500 -1.00700 -2.75700 -2.14600 -7.24300 -5.39100
233.00000 -3.15300 -7.20200 1.34300 -1.32200 0.32600 -1.62800 -8.68700 0.09200 -0.08100 -2.28900 -0.43700 0.94600 0.66100 0.29500 -3.33700 -0.99700
234.00000 -5.59500 -8.66700 0.36600 -1.81100 -0.16300 -3.58100 -12.59400 0.58000 0.89500 -2.28900 2.49200 3.38700 3.10300 1.76000 0.57000 1.93300
235.00000 -6.57100 -9.64400 -0.12200 -2.29900 -0.65100 -4.06900 -7.22200 1.06800 0.89500 -1.80100 3.46900 4.36400 5.05600 3.22500 3.01100 4.37400
236.00000 -5.59500 -9.15500 -0.12200 -1.81100 -0.16300 -3.09200 0.59000 0.09200 1.38300 -0.82400 3.46900 4.36400 5.54400 3.71300 4.47600 4.37400
237.00000 -5.10700 -8.66700 -0.61000 -1.81100 0.32600 -3.09200 4.98500 -0.39700 1.38300 0.15300 2.49200 4.36400 5.54400 4.69000 5.45200 4.37400
238.00000 -5.10700 -10.13200 -1.09900 -2.29900 -0.16300 -4.55700 4.00800 -0.88500 1.38300 -0.33600 2.98100 4.36400 5.05600 5.17800 6.42900 4.86200
239.00000 -7.06000 -12.08500 -1.09900 -3.27600 -2.11600 -7.48700 -0.38700 -0.88500 0.89500 -1.31200 4.93400 4.85200 4.56700 5.66600 7.89400 6.32700
240.00000 -9.98900 -15.50300 -0.12200 -3.76400 -3.58100 -10.41700 -3.80500 -0.39700 0.40700 -3.26500 8.35200 5.34100 4.56700 5.66600 9.35900 7.30400
241.00000 -11.94300 -17.45600 0.85400 -4.74000 -5.53400 -11.39300 -3.80500 0.58000 -0.57000 -3.75400 10.79300 5.82900 4.07900 5.66600 8.87000 6.81600
242.00000 -12.43100 -16.96800 1.34300 -4.74000 -5.53400 -9.44000 -0.38700 1.06800 -0.57000 -2.77700 10.30500 4.85200 3.10300 5.66600 7.40600 5.83900
243.00000 -9.98900 -14.03800 0.85400 -4.74000 -4.55700 -5.53400 5.47300 0.58000 -0.57000 -1.31200 7.86300 2.41100 2.12600 5.66600 4.47600 3.88600
244.00000 -6.57100 -10.13200 0.85400 -3.76400 -2.60400 -2.11600 10.84400 -0.39700 -0.08100 0.64100 3.46900 -0.03100 0.66100 4.20100 0.57000 0.95600
245.00000 -3.15300 -6.71400 1.34300 -2.78700 -1.13900 -0.65100 12.79700 -0.88500 0.40700 1.61700 -0.43700 -1.98400 -1.29200 2.73600 -1.87200 -0.99700
246.00000 -1.20000 -5.24900 2.80800 -1.81100 -0.65100 -1.13900 9.86700 -1.86200 0.40700 1.12900 -2.87900 -2.96000 -2.26800 0.78300 -3.33700 -2.46200
247.00000 -1.68900 -5.73700 3.78400 -1.81100 -1.13900 -1.62800 2.05500 -1.86200 -0.08100 0.15300 -3.36700 -2.96000 -2.75700 -0.19300 -3.33700 -2.95000
248.00000 -3.64200 -6.71400 4.27200 -2.78700 -2.11600 -1.62800 -6.24600 -1.86200 -0.57000 -0.33600 -1.90200 -2.47200 -1.29200 -0.19300 -2.36000 -1.97300
249.00000 -5.59500 -8.17900 2.80800 -3.76400 -2.60400 -0.65100 -10.64000 -1.37300 -0.57000 0.15300 0.05100 -1.00700 0.66100 2.24800 -1.38300 -0.02000
250.00000 -6.57100 -8.17900 1.83100 -4.74000 -3.09200 -0.16300 -8.19900 -0.88500 0.40700 2.10600 2.49200 0.94600 3.10300 5.66600 0.08100 2.90900
251.00000 -6.57100 -7.69000 1.83100 -4.25200 -3.09200 -0.65100 -1.36300 0.09200 0.89500 4.05900 4.93400 3.87600 5.05600 8.59600 3.01100 5.83900
252.00000 -5.10700 -6.71400 2.80800 -4.25200 -3.09200 -1.62800 3.52000 0.58000 1.38300 4.54700 7.37500 5.82900 5.54400 9.57200 5.94100 7.30400
253.00000 -5.10700 -7.69000 3.78400 -3.76400 -3.58100 -3.09200 2.54300 0.58000 0.89500 3.08200 8.35200 7.29400 5.54400 8.59600 8.87000 7.79200
254.00000 -6.08300 -9.64400 3.29600 -4.74000 -4.55700 -4.55700 -3.80500 -0.39700 0.40700 1.12900 8.35200 7.29400 4.56700 6.15400 9.35900 5.83900
255.00000 -8.52500 -12.08500 1.34300 -5.71700 -5.53400 -5.04600 -8.19900 -1.37300 -0.08100 -0.82400 6.88700 5.82900 3.59100 4.69000 7.40600 3.88600
256.00000 -10.47800 -13.55000 -1.09900 -7.18200 -6.02200 -5.04600 -6.24600 -2.83800 -0.57000 -1.31200 3.46900 2.89900 3.10300 4.20100 3.01100 0.95600
