1.00000 12.38000 -1.85100 7.39500 4.36400 -2.61400 1.33300 6.95800 3.54000 -7.86300 -2.33000 10.77300 5.72700 -3.27600 -1.61700 5.79800 0.25400
2.00000 13.35700 -0.87500 5.93100 4.36400 -0.66100 2.79700 5.00500 3.54000 -6.88700 -1.35300 7.84300 3.77400 -3.27600 -1.12900 3.35700 2.69600
3.00000 9.93900 -0.87500 3.97700 4.36400 1.78000 4.26200 1.58700 3.05200 -5.91000 0.11200 5.40200 2.30900 -1.81100 -0.64100 3.84500 5.13700
4.00000 5.54400 -1.36300 3.48900 3.87600 3.73300 5.23900 -0.85400 2.56300 -5.42200 1.08800 4.42500 2.30900 -0.83400 0.33600 6.28700 7.09000
5.00000 4.56700 -0.87500 5.93100 3.87600 5.19800 6.70400 -0.85400 1.58700 -4.44500 2.55300 5.40200 3.28600 -0.34600 1.31200 8.72800 8.06700
6.00000 7.00900 1.07800 9.83700 5.34100 6.66300 9.14500 2.56300 2.07500 -3.46900 4.01800 6.86600 4.26200 0.63100 2.77700 9.70500 9.04300
7.00000 11.89200 3.03100 13.74300 6.80500 7.15100 10.61000 6.47000 2.07500 -1.51600 5.48300 7.84300 4.75100 1.60700 4.73000 10.19300 9.53200
8.00000 14.82100 4.00800 15.69600 7.78200 7.15100 10.61000 9.39900 3.05200 -0.05100 6.46000 7.35500 4.26200 3.07200 5.21900 9.21600 9.53200
9.00000 12.86800 2.05500 14.23100 7.29400 5.68600 8.65700 9.39900 3.54000 0.92600 5.97100 5.89000 3.28600 3.07200 4.24200 7.26300 7.57900
10.00000 7.98500 -1.36300 11.79000 5.34100 3.73300 5.72700 5.98100 3.05200 0.92600 4.01800 3.44800 2.30900 2.58400 1.80100 5.31000 4.16100
11.00000 3.10300 -4.29300 8.37200 3.38700 1.78000 3.28600 1.58700 2.56300 -0.05100 1.57700 1.00700 1.82100 0.63100 -0.64100 1.89200 -0.23400
12.00000 1.63800 -5.26900 5.44200 1.92300 -0.17300 2.30900 -2.80800 1.58700 -0.53900 0.11200 -1.43400 0.84400 -0.83400 -2.59400 -2.01400 -3.65200
13.00000 3.10300 -5.26900 3.00100 0.45800 -1.14900 2.79700 -5.24900 0.61000 -0.53900 -0.86500 -3.38700 -0.13200 -0.83400 -2.59400 -6.40900 -4.62800
14.00000 5.54400 -4.78100 0.55900 -0.51900 -1.63800 2.30900 -6.22600 -0.85400 -0.05100 -0.86500 -4.85200 -1.59700 0.14200 -1.61700 -8.85000 -3.65200
15.00000 7.00900 -6.24600 -1.39400 -1.00700 -2.12600 -0.13200 -6.22600 -2.31900 -0.05100 -0.86500 -5.82900 -2.57400 2.09600 -0.15300 -9.33800 -2.18700
16.00000 6.52100 -9.17600 -2.85800 -1.49500 -2.61400 -4.03800 -5.73700 -2.80800 -0.05100 -1.84100 -5.82900 -3.06200 2.58400 0.33600 -7.38500 -2.18700
17.00000 6.03200 -12.10500 -2.85800 -2.47200 -3.10300 -6.96800 -4.76100 -2.80800 -1.02700 -3.79400 -6.31700 -3.06200 2.09600 -1.12900 -4.94400 -3.65200
18.00000 5.54400 -13.57000 -1.39400 -3.44800 -3.10300 -8.43300 -4.27200 -2.31900 -2.00400 -5.74700 -7.78200 -2.57400 -0.34600 -4.05900 -3.96700 -6.58200
19.00000 5.54400 -12.59400 0.07100 -3.44800 -3.10300 -7.45600 -3.78400 -1.34300 -2.49200 -7.21200 -8.75900 -3.06200 -2.78700 -6.50000 -5.43200 -9.51100
20.00000 5.05600 -10.64000 1.04800 -2.96000 -2.61400 -4.52700 -3.29600 -0.85400 -2.98100 -6.72400 -9.24700 -3.55000 -4.74000 -7.96500 -8.36200 -11.46400
21.00000 4.07900 -8.68700 1.53600 -1.98400 -2.61400 -1.59700 -2.31900 -0.85400 -2.49200 -5.25900 -7.78200 -4.03800 -5.71700 -6.98900 -10.31500 -11.46400
22.00000 5.05600 -8.19900 1.53600 -1.49500 -3.10300 -0.13200 -0.85400 -0.85400 -2.49200 -2.33000 -5.82900 -3.06200 -5.22900 -5.03500 -10.31500 -9.51100
23.00000 7.00900 -9.17600 2.02400 -0.51900 -3.10300 -0.62100 1.09900 -0.36600 -2.49200 0.11200 -2.89900 -2.08500 -4.25200 -2.10600 -7.38500 -7.07000
24.00000 10.91500 -10.15200 3.48900 -0.03100 -2.61400 -1.59700 3.05200 0.12200 -2.49200 2.55300 -0.94600 -0.13200 -3.27600 -0.15300 -3.47900 -4.62800
25.00000 13.84500 -10.64000 4.95400 -0.03100 -1.63800 -1.10900 4.51700 0.61000 -2.49200 4.50600 0.03100 1.82100 -2.29900 1.31200 -0.54900 -2.67500
26.00000 14.33300 -9.66400 6.41900 -0.03100 -1.14900 1.33300 4.02800 1.58700 -2.49200 5.48300 0.51900 2.30900 -3.27600 1.80100 -0.06100 -1.69900
27.00000 12.38000 -7.71100 6.41900 0.45800 -0.66100 5.72700 3.05200 1.58700 -2.49200 5.97100 0.51900 1.82100 -4.25200 2.28900 -1.03800 -1.21100
28.00000 10.42700 -6.24600 4.95400 -0.03100 -1.14900 10.12200 1.58700 1.58700 -2.00400 6.94800 1.49500 1.82100 -5.22900 3.26500 -1.52600 0.25400
29.00000 8.96200 -4.78100 3.48900 -0.03100 -2.12600 11.58700 1.09900 1.58700 -2.49200 7.43600 2.96000 2.79700 -4.25200 5.21900 0.42700 2.20700
30.00000 8.96200 -4.78100 3.00100 -0.03100 -2.61400 9.14500 1.58700 1.58700 -2.49200 7.92400 5.40200 4.75100 -1.81100 7.17200 4.82200 4.16100
31.00000 8.96200 -5.75800 3.48900 -0.03100 -2.61400 5.23900 3.05200 2.07500 -2.98100 7.92400 7.35500 6.70400 0.63100 8.63600 8.24000 5.13700
32.00000 7.98500 -8.68700 5.93100 -0.03100 -1.63800 1.82100 4.02800 2.07500 -3.46900 7.43600 9.30800 8.16900 2.58400 9.61300 10.19300 5.62500
33.00000 6.03200 -11.61700 7.88400 -0.03100 -1.14900 1.33300 4.02800 1.58700 -3.46900 6.46000 9.79600 8.16900 2.58400 9.12500 9.21600 5.13700
34.00000 5.05600 -13.08200 8.86000 -0.51900 -0.17300 3.28600 3.05200 1.09900 -3.46900 5.97100 8.82000 7.19200 1.11900 8.14800 7.26300 4.64900
35.00000 6.52100 -12.10500 8.37200 -1.00700 -0.66100 6.21500 1.09900 0.12200 -2.98100 5.48300 6.37800 5.23900 0.63100 7.66000 6.28700 5.13700
36.00000 9.93900 -9.66400 6.90700 -1.00700 -1.14900 7.68000 -0.85400 -0.85400 -1.51600 6.46000 3.44800 3.28600 1.60700 8.14800 5.79800 6.60200
37.00000 13.35700 -6.73400 4.95400 -1.00700 -1.63800 8.65700 -2.80800 -1.34300 -0.53900 7.92400 1.00700 1.82100 4.04900 9.12500 5.31000 8.06700
38.00000 14.33300 -4.29300 3.97700 -0.51900 -2.12600 8.65700 -3.78400 -1.34300 -0.05100 9.38900 -0.45800 0.84400 6.00200 10.10100 2.86900 8.06700
39.00000 11.40300 -3.80500 3.97700 -0.51900 -2.61400 9.63300 -4.76100 -1.34300 -0.05100 9.38900 0.03100 0.35600 5.51400 9.61300 -1.03800 6.60200
40.00000 6.52100 -4.78100 4.46600 -0.51900 -3.10300 9.63300 -5.24900 -1.83100 -0.53900 7.92400 0.51900 1.33300 3.56000 7.66000 -4.94400 3.67200
41.00000 3.59100 -6.73400 5.44200 -0.51900 -3.10300 8.16900 -5.24900 -2.31900 -1.51600 4.99500 0.51900 2.30900 0.63100 4.73000 -5.92000 1.23100
42.00000 3.59100 -8.68700 5.93100 -0.51900 -3.59100 4.26200 -5.73700 -3.78400 -2.49200 2.06500 0.03100 4.75100 -0.83400 2.77700 -3.47900 0.25400
43.00000 6.03200 -10.15200 4.46600 -1.00700 -3.59100 -0.13200 -6.22600 -4.27200 -2.49200 0.11200 -0.94600 6.70400 0.14200 1.31200 0.91600 0.25400
44.00000 8.47400 -10.64000 2.02400 -1.49500 -3.59100 -2.57400 -5.73700 -4.76100 -2.49200 -0.37600 -1.43400 8.65700 1.11900 1.31200 4.82200 0.74300
45.00000 8.96200 -10.64000 -0.90500 -1.49500 -3.10300 -2.57400 -5.73700 -4.27200 -2.98100 -0.86500 -1.43400 9.14500 2.09600 0.33600 5.31000 -0.23400
46.00000 8.47400 -9.66400 -2.85800 -1.00700 -2.12600 -0.62100 -4.76100 -3.78400 -3.46900 -2.33000 -1.92300 7.68000 0.14200 -2.10600 2.38000 -2.67500
47.00000 7.00900 -8.68700 -2.37000 0.45800 -1.14900 0.35600 -4.27200 -3.29600 -4.44500 -4.28300 -3.38700 5.72700 -3.27600 -6.01200 -2.01400 -6.09300
48.00000 7.49700 -6.73400 0.55900 2.41100 -0.66100 -0.62100 -4.76100 -2.80800 -5.42200 -6.72400 -6.80500 3.28600 -6.20500 -9.91800 -6.40900 -8.53500
49.00000 8.96200 -4.78100 3.00100 4.36400 -0.17300 -3.06200 -6.71400 -3.29600 -6.39900 -8.18900 -10.71200 0.84400 -7.67000 -11.87100 -8.85000 -10.00000
50.00000 10.91500 -3.31600 3.97700 5.34100 -0.17300 -4.52700 -9.15500 -3.29600 -6.39900 -8.67700 -13.64100 -0.62100 -7.67000 -11.87100 -9.82700 -10.48800
51.00000 12.38000 -2.82800 1.53600 4.85200 -0.17300 -3.06200 -11.59700 -3.29600 -5.91000 -8.67700 -14.61800 -1.59700 -7.18200 -10.89500 -10.80300 -10.48800
52.00000 13.84500 -4.29300 -1.88200 3.38700 -0.17300 0.35600 -13.06200 -3.29600 -6.39900 -8.18900 -14.13000 -2.08500 -6.69400 -9.43000 -12.26800 -10.97600
53.00000 15.31000 -6.73400 -4.32300 2.41100 -0.66100 1.82100 -13.55000 -2.31900 -6.39900 -8.18900 -13.15300 -2.08500 -6.20500 -9.43000 -13.24500 -11.95300
54.00000 16.77400 -9.17600 -4.32300 1.92300 -1.14900 -0.13200 -12.57300 -1.34300 -6.88700 -8.67700 -12.17700 -1.10900 -5.71700 -9.91800 -12.75600 -12.92900
55.00000 15.79800 -11.12900 -2.37000 1.92300 -1.63800 -5.01500 -11.59700 0.12200 -6.88700 -9.16500 -10.71200 0.35600 -4.74000 -10.89500 -10.31500 -12.92900
56.00000 12.86800 -12.59400 0.55900 1.92300 -2.12600 -10.87400 -11.10800 0.61000 -6.39900 -9.65400 -9.73500 2.30900 -3.76400 -11.38300 -6.89700 -12.92900
57.00000 7.98500 -14.54700 0.55900 1.92300 -2.12600 -14.78100 -11.59700 0.61000 -5.91000 -10.14200 -8.75900 3.28600 -4.25200 -10.40600 -4.94400 -12.44100
58.00000 4.07900 -16.50000 -2.85800 1.92300 -1.63800 -15.75700 -12.57300 0.12200 -5.42200 -10.14200 -8.27000 2.79700 -5.22900 -9.43000 -6.40900 -11.95300
59.00000 2.12600 -18.45300 -8.23000 0.94600 -0.66100 -15.26900 -14.03800 -0.85400 -4.44500 -10.14200 -9.73500 0.84400 -6.20500 -7.96500 -10.80300 -11.46400
60.00000 2.12600 -19.43000 -13.60100 -0.03100 -0.66100 -14.29200 -16.47900 -1.83100 -3.95700 -9.65400 -12.17700 -1.59700 -7.18200 -6.50000 -14.70900 -11.46400
61.00000 2.61400 -19.43000 -16.04200 -1.49500 -1.63800 -12.82800 -17.45600 -2.80800 -2.98100 -8.67700 -13.64100 -3.06200 -6.69400 -5.52400 -15.68600 -11.46400
62.00000 1.14900 -19.43000 -15.55400 -2.96000 -3.10300 -10.38600 -18.43300 -3.29600 -2.98100 -8.67700 -13.64100 -2.57400 -4.74000 -5.03500 -12.75600 -10.48800
63.00000 -2.26800 -21.38300 -13.60100 -4.42500 -5.05600 -7.94500 -17.94400 -3.29600 -2.98100 -9.16500 -12.17700 -1.10900 -3.27600 -4.54700 -7.87400 -10.48800
64.00000 -6.17500 -24.31200 -11.64800 -5.89000 -7.00900 -7.94500 -17.94400 -2.80800 -3.46900 -10.14200 -9.73500 0.84400 -2.78700 -4.54700 -4.45600 -10.48800
65.00000 -8.12800 -26.26500 -11.64800 -5.89000 -7.49700 -10.38600 -17.94400 -2.31900 -4.44500 -11.60700 -8.75900 1.33300 -2.78700 -5.52400 -4.94400 -11.95300
66.00000 -7.64000 -26.26500 -12.13600 -5.40200 -7.00900 -15.26900 -17.94400 -2.31900 -4.93400 -12.09500 -10.22300 0.84400 -3.76400 -6.50000 -8.36200 -13.41800
67.00000 -5.68600 -23.82400 -12.62400 -4.42500 -5.54400 -19.17500 -18.43300 -3.29600 -4.93400 -12.09500 -13.15300 -0.62100 -4.25200 -6.98900 -11.78000 -13.90600
68.00000 -3.73300 -21.38300 -12.62400 -2.96000 -4.56700 -19.66300 -19.40900 -4.27200 -4.44500 -11.11900 -14.61800 -1.10900 -3.76400 -6.98900 -12.75600 -12.92900
69.00000 -3.73300 -19.91800 -11.15900 -2.96000 -4.56700 -17.22200 -19.89700 -6.22600 -3.95700 -9.65400 -14.13000 -1.10900 -2.78700 -6.50000 -11.29200 -11.46400
70.00000 -5.19800 -20.40600 -9.69400 -3.93700 -5.54400 -13.31600 -20.38600 -7.20200 -3.46900 -8.67700 -11.68800 -0.13200 -0.83400 -6.50000 -9.33800 -10.00000
71.00000 -6.17500 -20.89400 -8.23000 -5.40200 -5.54400 -10.87400 -19.89700 -8.17900 -3.46900 -8.18900 -9.73500 0.35600 0.14200 -7.47700 -9.33800 -10.48800
72.00000 -4.22200 -20.40600 -7.25300 -6.86600 -5.54400 -10.38600 -18.92100 -8.17900 -3.46900 -8.67700 -9.24700 0.35600 0.14200 -9.91800 -10.80300 -12.44100
73.00000 0.66100 -18.45300 -5.78800 -6.86600 -3.59100 -10.87400 -17.45600 -8.17900 -3.46900 -9.65400 -10.22300 0.35600 -1.32200 -12.36000 -12.75600 -14.88200
74.00000 6.03200 -15.52300 -5.30000 -5.89000 -2.61400 -9.89800 -15.99100 -7.20200 -3.46900 -10.14200 -11.68800 0.35600 -2.78700 -14.31300 -13.24500 -16.34700
75.00000 8.96200 -15.03500 -5.30000 -4.42500 -2.61400 -7.94500 -15.50300 -6.22600 -3.95700 -10.63000 -12.17700 -0.13200 -3.27600 -14.80100 -12.26800 -16.83600
76.00000 7.98500 -16.98800 -6.27600 -3.44800 -4.56700 -5.99200 -15.50300 -5.24900 -3.95700 -10.63000 -11.20000 0.35600 -2.78700 -14.80100 -11.29200 -16.34700
77.00000 3.59100 -20.40600 -7.74100 -3.44800 -7.49700 -5.99200 -16.47900 -4.27200 -4.93400 -10.14200 -8.75900 0.35600 -1.32200 -14.31300 -10.80300 -15.85900
78.00000 -1.29200 -22.84700 -8.23000 -4.42500 -9.93900 -8.92100 -17.94400 -3.29600 -5.42200 -8.67700 -6.80500 0.84400 -0.34600 -14.31300 -10.31500 -15.37100
79.00000 -3.73300 -23.33600 -8.71800 -5.89000 -10.91500 -11.85100 -18.92100 -3.29600 -5.42200 -8.18900 -6.80500 1.82100 0.14200 -14.31300 -9.33800 -15.85900
80.00000 -3.24500 -22.35900 -8.71800 -6.86600 -9.93900 -12.82800 -19.89700 -3.78400 -5.42200 -7.70100 -8.75900 2.79700 0.63100 -13.82400 -7.87400 -15.85900
81.00000 -0.31500 -20.40600 -9.20600 -6.86600 -7.49700 -10.87400 -19.40900 -4.76100 -5.42200 -7.70100 -11.20000 3.28600 0.14200 -13.33600 -6.89700 -15.85900
82.00000 2.12600 -18.94100 -10.18300 -5.40200 -5.54400 -7.94500 -17.94400 -5.24900 -5.42200 -7.70100 -12.66500 2.79700 0.14200 -12.36000 -8.36200 -15.37100
83.00000 3.59100 -16.98800 -10.67100 -3.44800 -4.56700 -5.50300 -14.03800 -5.24900 -5.42200 -7.21200 -12.66500 2.30900 0.14200 -12.36000 -11.29200 -15.37100
84.00000 3.10300 -14.54700 -9.20600 -1.49500 -4.07900 -5.99200 -9.64400 -4.27200 -5.42200 -5.74700 -11.20000 1.82100 0.63100 -12.36000 -14.22100 -14.88200
85.00000 2.61400 -13.08200 -7.25300 -0.03100 -4.56700 -8.43300 -5.24900 -3.29600 -4.44500 -4.28300 -8.27000 2.79700 0.14200 -11.87100 -13.73300 -13.90600
86.00000 0.66100 -14.05800 -5.30000 -0.51900 -5.54400 -11.85100 -3.29600 -2.80800 -3.95700 -2.81800 -5.82900 4.26200 -0.34600 -11.38300 -9.82700 -11.95300
87.00000 -1.29200 -17.96500 -4.81200 -2.47200 -6.03200 -12.82800 -3.78400 -3.29600 -3.95700 -1.84100 -4.85200 5.72700 -1.32200 -10.40600 -4.45600 -10.00000
88.00000 -4.22200 -22.84700 -6.27600 -4.42500 -6.52100 -10.38600 -6.71400 -4.76100 -3.95700 -1.35300 -5.34100 5.72700 -1.81100 -8.94200 -2.01400 -9.02300
89.00000 -6.66300 -25.28900 -9.20600 -5.40200 -6.52100 -5.50300 -10.62000 -6.22600 -4.44500 -1.35300 -6.31700 3.77400 -1.81100 -8.45300 -2.99100 -9.02300
90.00000 -7.15100 -24.80100 -10.67100 -5.89000 -7.00900 -0.13200 -14.03800 -7.20200 -4.44500 -1.35300 -7.29400 2.30900 -1.32200 -7.96500 -6.40900 -9.51100
91.00000 -4.71000 -21.38300 -11.64800 -4.91300 -6.52100 1.82100 -15.99100 -7.20200 -3.95700 -0.86500 -7.29400 1.82100 -0.83400 -7.47700 -9.33800 -9.51100
92.00000 -0.31500 -16.98800 -11.15900 -4.91300 -7.00900 0.84400 -16.96800 -6.22600 -3.95700 0.11200 -6.31700 2.79700 0.14200 -6.50000 -7.87400 -8.53500
93.00000 4.07900 -15.52300 -9.69400 -4.91300 -7.00900 -3.06200 -17.45600 -5.24900 -3.46900 0.11200 -4.36400 4.75100 0.14200 -4.54700 -2.99100 -7.07000
94.00000 5.54400 -17.47600 -7.74100 -5.40200 -7.00900 -7.45600 -16.96800 -4.27200 -3.95700 0.60000 -3.87600 6.21500 -0.34600 -2.59400 1.89200 -6.09300
95.00000 3.10300 -21.38300 -5.30000 -5.89000 -7.49700 -9.89800 -16.47900 -4.27200 -3.95700 0.60000 -3.87600 6.70400 -0.34600 -0.64100 3.35700 -4.62800
96.00000 -0.80400 -24.80100 -3.83500 -6.37800 -7.49700 -9.41000 -15.50300 -4.76100 -3.46900 0.60000 -4.36400 6.21500 0.14200 0.82400 0.42700 -3.65200
97.00000 -4.71000 -26.75400 -4.32300 -5.89000 -7.49700 -7.94500 -14.03800 -5.24900 -3.46900 0.11200 -4.36400 5.72700 1.60700 1.31200 -3.96700 -2.67500
98.00000 -6.17500 -26.75400 -7.25300 -5.40200 -7.49700 -6.48000 -12.57300 -4.76100 -2.98100 0.11200 -3.38700 5.72700 3.07200 1.31200 -6.89700 -1.69900
99.00000 -4.22200 -25.77700 -11.15900 -4.42500 -7.00900 -5.01500 -11.59700 -3.29600 -2.98100 -0.86500 -2.41100 5.72700 4.04900 1.80100 -5.43200 -1.21100
100.00000 -0.80400 -24.31200 -12.13600 -4.42500 -6.52100 -3.55000 -11.10800 -1.83100 -3.46900 -1.84100 -1.92300 5.23900 4.53700 1.31200 -1.52600 -1.69900
101.00000 0.66100 -22.84700 -10.18300 -4.42500 -6.52100 -2.08500 -11.10800 -0.85400 -4.44500 -2.81800 -1.92300 4.26200 4.04900 0.82400 2.86900 -2.67500
102.00000 0.17300 -20.89400 -6.27600 -5.40200 -7.49700 -2.57400 -11.10800 -1.34300 -4.93400 -3.79400 -1.43400 2.79700 3.56000 0.33600 5.31000 -3.65200
103.00000 -2.26800 -20.40600 -3.34700 -6.86600 -8.96200 -5.50300 -11.59700 -2.80800 -4.44500 -3.79400 -0.94600 2.30900 4.04900 -0.15300 5.31000 -3.65200
104.00000 -4.71000 -20.40600 -3.83500 -7.35500 -10.91500 -9.89800 -11.59700 -4.76100 -4.44500 -3.79400 0.03100 3.28600 4.53700 0.33600 3.84500 -3.16400
105.00000 -6.17500 -22.35900 -7.25300 -7.84300 -11.40300 -13.80400 -11.10800 -6.22600 -3.95700 -3.79400 -0.45800 3.77400 4.04900 0.33600 1.40400 -3.16400
106.00000 -6.17500 -24.80100 -11.15900 -7.35500 -10.42700 -13.80400 -10.13200 -6.71400 -3.95700 -4.77100 -1.92300 3.77400 2.58400 -0.15300 -1.03800 -3.16400
107.00000 -5.19800 -25.77700 -11.64800 -5.89000 -8.47400 -11.36300 -9.64400 -6.71400 -3.95700 -5.25900 -4.36400 2.79700 0.63100 -1.12900 -3.96700 -4.62800
108.00000 -4.71000 -25.77700 -8.71800 -5.40200 -6.03200 -8.43300 -9.64400 -6.22600 -4.44500 -5.74700 -6.31700 0.84400 -1.32200 -2.59400 -6.40900 -5.60500
109.00000 -4.22200 -23.33600 -5.30000 -5.40200 -5.05600 -7.45600 -10.62000 -6.22600 -4.44500 -5.74700 -7.78200 0.35600 -2.29900 -3.08200 -6.40900 -6.58200
110.00000 -2.75700 -19.43000 -4.81200 -5.89000 -4.56700 -8.43300 -12.57300 -6.71400 -3.95700 -4.77100 -7.78200 0.84400 -1.81100 -3.08200 -3.96700 -6.09300
111.00000 -0.80400 -16.01200 -7.25300 -5.89000 -4.56700 -9.41000 -14.03800 -7.69000 -3.46900 -3.79400 -6.31700 2.30900 -1.32200 -3.57100 -0.06100 -5.60500
112.00000 1.14900 -12.59400 -10.67100 -5.89000 -4.07900 -7.94500 -14.03800 -7.69000 -2.98100 -2.81800 -5.34100 3.77400 -1.32200 -3.57100 2.38000 -5.60500
113.00000 1.63800 -10.15200 -12.62400 -4.42500 -3.59100 -4.52700 -13.06200 -6.71400 -2.98100 -2.81800 -5.34100 3.28600 -1.81100 -4.05900 1.89200 -5.60500
114.00000 0.17300 -9.66400 -10.18300 -2.96000 -3.10300 -2.08500 -12.08500 -5.24900 -3.46900 -3.30600 -6.31700 2.30900 -3.27600 -4.54700 -1.52600 -6.58200
115.00000 -1.78000 -11.12900 -6.27600 -1.49500 -3.59100 -2.57400 -12.08500 -3.78400 -3.46900 -4.28300 -7.78200 0.84400 -4.25200 -5.52400 -5.43200 -7.55800
116.00000 -2.75700 -13.08200 -2.85800 -0.51900 -4.56700 -5.99200 -13.06200 -2.80800 -3.95700 -5.25900 -8.27000 0.35600 -4.74000 -5.52400 -7.38500 -8.04600
117.00000 -1.78000 -15.03500 -2.37000 -0.03100 -5.54400 -9.41000 -15.01500 -3.29600 -4.44500 -5.74700 -8.27000 0.84400 -5.22900 -5.52400 -6.89700 -9.02300
118.00000 -0.80400 -16.01200 -4.81200 -1.00700 -6.03200 -10.38600 -16.96800 -3.78400 -4.44500 -5.25900 -7.78200 1.33300 -5.22900 -6.01200 -4.45600 -9.02300
119.00000 -0.31500 -16.50000 -7.74100 -2.47200 -6.03200 -9.89800 -17.94400 -4.27200 -4.44500 -4.77100 -7.78200 2.30900 -4.25200 -6.01200 -1.52600 -8.04600
120.00000 -0.80400 -16.98800 -10.67100 -3.93700 -6.03200 -9.41000 -17.94400 -4.27200 -3.95700 -3.79400 -7.78200 2.30900 -2.78700 -5.52400 0.42700 -5.60500
121.00000 -2.75700 -16.98800 -11.64800 -5.89000 -6.03200 -10.38600 -17.45600 -3.78400 -3.46900 -3.30600 -8.75900 3.28600 -0.34600 -5.52400 1.40400 -4.14000
122.00000 -3.73300 -16.01200 -12.62400 -6.37800 -5.54400 -12.33900 -17.45600 -3.29600 -3.46900 -2.81800 -9.24700 3.77400 2.09600 -4.05900 1.40400 -2.67500
123.00000 -3.73300 -13.57000 -12.13600 -5.89000 -5.05600 -12.33900 -16.96800 -3.29600 -2.98100 -1.84100 -10.22300 4.26200 4.53700 -3.08200 0.42700 -3.16400
124.00000 -2.26800 -10.15200 -9.69400 -3.93700 -4.56700 -9.41000 -16.47900 -3.78400 -2.98100 -1.35300 -10.22300 4.75100 5.51400 -2.10600 -1.03800 -4.14000
125.00000 -0.80400 -8.68700 -5.78800 -2.47200 -4.56700 -5.01500 -15.01500 -4.27200 -3.46900 -1.35300 -9.73500 4.75100 5.51400 -1.61700 -2.99100 -5.60500
126.00000 -0.80400 -10.15200 -0.90500 -1.49500 -5.54400 -3.55000 -12.57300 -3.78400 -4.93400 -1.84100 -8.27000 5.23900 4.04900 -2.10600 -3.96700 -5.11700
127.00000 -1.78000 -15.03500 0.07100 -1.98400 -7.49700 -5.99200 -11.10800 -2.80800 -5.91000 -3.30600 -5.82900 6.21500 3.07200 -2.59400 -2.99100 -3.65200
128.00000 -3.24500 -21.38300 -2.85800 -3.93700 -9.45000 -10.87400 -11.10800 -1.83100 -7.37500 -4.77100 -2.89900 7.68000 2.09600 -4.05900 -0.54900 -2.18700
129.00000 -3.73300 -26.26500 -9.20600 -5.40200 -11.40300 -14.78100 -12.08500 -1.83100 -8.35200 -6.72400 -0.45800 9.14500 2.09600 -5.52400 2.86900 -1.69900
130.00000 -3.24500 -26.26500 -15.06600 -6.37800 -11.40300 -14.78100 -14.03800 -2.31900 -8.35200 -8.18900 0.51900 10.12200 1.60700 -7.47700 4.82200 -3.16400
131.00000 -2.75700 -23.33600 -17.01900 -5.89000 -10.42700 -12.33900 -15.99100 -2.80800 -8.35200 -9.16500 0.03100 10.12200 1.60700 -8.45300 3.84500 -5.11700
132.00000 -2.75700 -18.45300 -13.60100 -5.89000 -8.96200 -10.38600 -16.47900 -3.29600 -7.86300 -9.16500 -0.94600 9.63300 1.60700 -8.45300 0.91600 -6.09300
133.00000 -2.26800 -14.05800 -6.76500 -5.40200 -7.98500 -11.36300 -16.47900 -3.29600 -7.37500 -9.16500 -1.92300 8.65700 2.58400 -7.47700 -2.01400 -4.62800
134.00000 -1.78000 -12.10500 -1.39400 -5.89000 -7.49700 -14.29200 -15.99100 -2.31900 -6.88700 -8.18900 -2.89900 8.16900 3.56000 -5.52400 -3.47900 -2.18700
135.00000 -1.29200 -12.59400 0.07100 -6.86600 -8.47400 -16.24600 -14.52600 -1.83100 -6.88700 -7.70100 -3.38700 8.65700 4.53700 -4.54700 -2.01400 0.25400
136.00000 -1.29200 -15.03500 -2.85800 -7.84300 -9.45000 -16.24600 -13.55000 -1.83100 -7.37500 -7.70100 -3.87600 9.14500 4.04900 -4.54700 0.91600 0.25400
137.00000 -2.75700 -17.96500 -8.23000 -8.33100 -9.45000 -14.29200 -13.06200 -1.83100 -7.86300 -8.67700 -4.85200 9.63300 3.07200 -5.03500 3.84500 -0.72200
138.00000 -4.71000 -19.91800 -13.11200 -8.33100 -8.96200 -12.82800 -12.08500 -2.31900 -7.86300 -9.16500 -4.85200 9.63300 1.60700 -6.01200 5.31000 -2.67500
139.00000 -6.17500 -20.89400 -15.06600 -8.33100 -8.47400 -14.29200 -12.57300 -3.29600 -7.86300 -9.65400 -4.36400 9.14500 1.11900 -6.50000 4.33300 -3.16400
140.00000 -6.17500 -19.91800 -13.60100 -8.33100 -7.98500 -16.73400 -13.06200 -3.78400 -7.37500 -10.14200 -3.87600 7.68000 2.09600 -5.03500 1.40400 -2.18700
141.00000 -5.19800 -17.96500 -10.67100 -8.33100 -7.98500 -18.19900 -14.03800 -4.27200 -6.39900 -9.65400 -4.85200 6.21500 4.04900 -4.05900 -2.50200 -1.21100
142.00000 -4.22200 -15.52300 -9.20600 -8.33100 -8.96200 -17.22200 -15.50300 -4.27200 -6.39900 -8.67700 -5.82900 4.26200 5.02500 -3.57100 -5.43200 -1.21100
143.00000 -4.71000 -14.05800 -9.20600 -8.82000 -9.45000 -13.80400 -16.47900 -3.78400 -5.91000 -8.67700 -6.80500 3.77400 5.02500 -4.54700 -5.92000 -2.67500
144.00000 -6.66300 -13.57000 -10.67100 -8.82000 -9.45000 -11.85100 -17.45600 -3.78400 -6.39900 -9.16500 -6.80500 4.75100 4.04900 -6.01200 -2.50200 -5.11700
145.00000 -9.10400 -14.54700 -12.62400 -8.82000 -8.96200 -12.33900 -18.92100 -3.78400 -6.88700 -10.63000 -5.82900 6.21500 2.58400 -7.47700 1.89200 -6.58200
146.00000 -10.08100 -16.01200 -13.60100 -8.82000 -8.47400 -14.78100 -20.38600 -4.27200 -6.88700 -11.60700 -4.85200 7.19200 2.09600 -8.45300 4.82200 -7.07000
147.00000 -8.12800 -17.96500 -13.60100 -9.30800 -7.98500 -17.22200 -20.87400 -4.76100 -6.39900 -11.60700 -3.87600 6.21500 2.58400 -8.45300 4.33300 -6.58200
148.00000 -3.24500 -18.94100 -11.64800 -8.82000 -7.49700 -16.24600 -20.38600 -4.76100 -6.39900 -10.63000 -5.34100 4.26200 3.07200 -8.45300 0.42700 -5.60500
149.00000 1.14900 -18.94100 -10.18300 -8.33100 -7.00900 -13.80400 -18.43300 -4.27200 -6.39900 -10.14200 -6.80500 3.28600 2.58400 -8.45300 -4.45600 -6.09300
150.00000 3.10300 -18.94100 -8.71800 -7.84300 -6.52100 -10.87400 -15.99100 -3.78400 -6.88700 -10.14200 -8.27000 3.28600 1.11900 -9.43000 -6.89700 -7.55800
151.00000 1.63800 -18.45300 -8.23000 -7.35500 -6.03200 -11.36300 -14.03800 -3.29600 -7.37500 -10.63000 -8.75900 4.75100 0.14200 -9.91800 -5.92000 -9.02300
152.00000 -2.26800 -17.96500 -7.74100 -6.86600 -7.00900 -13.31600 -13.55000 -3.29600 -8.35200 -11.60700 -7.78200 6.70400 0.14200 -10.40600 -2.01400 -9.51100
153.00000 -5.19800 -16.50000 -7.74100 -6.37800 -7.98500 -14.78100 -14.03800 -3.29600 -8.84000 -11.60700 -7.29400 7.19200 0.14200 -10.40600 0.91600 -8.53500
154.00000 -6.17500 -14.54700 -7.74100 -6.37800 -9.45000 -13.80400 -15.50300 -3.78400 -8.84000 -10.14200 -7.29400 6.21500 0.63100 -9.91800 0.91600 -6.58200
155.00000 -3.73300 -12.10500 -8.71800 -6.37800 -9.45000 -10.38600 -16.47900 -3.78400 -7.86300 -8.18900 -7.78200 4.75100 0.14200 -8.94200 -1.52600 -4.14000
156.00000 -0.31500 -10.64000 -10.67100 -6.86600 -7.49700 -7.94500 -16.96800 -4.27200 -6.88700 -5.74700 -8.27000 3.28600 -1.32200 -8.45300 -4.94400 -3.65200
157.00000 2.12600 -10.64000 -13.11200 -7.35500 -5.54400 -7.45600 -16.47900 -3.78400 -5.42200 -4.28300 -7.29400 3.77400 -2.29900 -6.98900 -5.92000 -3.65200
158.00000 1.63800 -12.10500 -13.60100 -7.84300 -4.56700 -9.89800 -15.50300 -4.27200 -4.93400 -3.79400 -5.82900 5.23900 -2.78700 -5.03500 -3.96700 -3.65200
159.00000 0.17300 -13.57000 -13.11200 -8.33100 -5.05600 -10.87400 -15.01500 -3.78400 -4.44500 -4.28300 -3.87600 7.19200 -1.32200 -2.59400 -0.06100 -2.67500
160.00000 -1.29200 -14.05800 -11.15900 -8.82000 -6.52100 -8.92100 -15.01500 -3.29600 -4.93400 -4.28300 -2.41100 8.16900 0.63100 -0.15300 3.84500 -0.72200
161.00000 -1.78000 -13.57000 -8.71800 -9.30800 -7.49700 -3.55000 -14.52600 -2.80800 -4.44500 -3.30600 -1.92300 8.16900 2.09600 1.31200 6.28700 1.23100
162.00000 -2.26800 -12.59400 -7.25300 -9.30800 -6.52100 1.33300 -14.03800 -1.83100 -3.95700 -1.35300 -2.41100 7.19200 3.07200 1.80100 6.28700 1.23100
163.00000 -2.75700 -12.10500 -7.25300 -8.82000 -4.56700 2.30900 -13.55000 -1.34300 -2.98100 0.60000 -2.41100 6.21500 3.07200 1.80100 5.31000 -0.23400
164.00000 -3.73300 -12.10500 -7.74100 -8.82000 -2.61400 -1.59700 -12.57300 -1.83100 -2.00400 2.06500 -2.89900 5.72700 2.09600 1.31200 4.33300 -2.18700
165.00000 -4.22200 -12.59400 -8.71800 -9.30800 -2.61400 -6.96800 -10.62000 -1.83100 -1.51600 2.55300 -2.89900 5.72700 2.58400 1.31200 4.82200 -2.67500
166.00000 -3.73300 -12.59400 -10.18300 -9.79600 -4.07900 -9.89800 -8.66700 -2.31900 -2.00400 2.06500 -2.89900 6.21500 3.56000 2.28900 5.79800 -1.69900
167.00000 -1.78000 -11.61700 -12.13600 -11.26100 -7.00900 -9.41000 -6.71400 -1.83100 -2.49200 0.60000 -2.89900 7.19200 4.04900 3.75400 6.28700 0.74300
168.00000 -0.80400 -10.64000 -14.57700 -12.23800 -9.45000 -6.48000 -5.73700 -1.34300 -2.98100 -0.37600 -2.89900 7.68000 4.53700 4.73000 6.28700 2.69600
169.00000 -2.26800 -10.15200 -16.04200 -12.72600 -9.45000 -4.52700 -6.22600 -1.34300 -2.98100 -1.35300 -2.41100 7.68000 3.07200 3.75400 6.77500 2.20700
170.00000 -5.19800 -11.12900 -15.55400 -12.23800 -7.98500 -5.01500 -8.17900 -1.34300 -2.98100 -1.84100 -2.41100 7.19200 1.60700 2.28900 8.24000 0.74300
171.00000 -8.12800 -13.08200 -12.62400 -10.28400 -5.54400 -6.96800 -10.13200 -1.83100 -2.00400 -1.35300 -2.89900 7.19200 0.14200 -0.15300 10.68100 -0.72200
172.00000 -8.12800 -14.54700 -8.71800 -8.33100 -4.07900 -7.94500 -11.59700 -2.31900 -2.00400 -1.35300 -4.85200 6.70400 -0.34600 -2.59400 11.65800 -1.69900
173.00000 -5.19800 -15.03500 -5.30000 -6.86600 -3.59100 -7.94500 -11.59700 -1.83100 -2.00400 -1.84100 -6.80500 6.21500 0.63100 -4.05900 8.72800 -2.18700
174.00000 -1.29200 -14.54700 -5.30000 -5.89000 -4.07900 -5.99200 -11.59700 -1.34300 -2.49200 -2.81800 -8.75900 4.75100 1.60700 -5.03500 2.38000 -2.18700
175.00000 0.66100 -14.05800 -8.23000 -5.89000 -5.05600 -4.03800 -13.06200 -0.36600 -2.98100 -3.79400 -9.24700 3.77400 2.09600 -4.54700 -5.43200 -3.65200
176.00000 0.17300 -14.05800 -11.64800 -7.35500 -6.03200 -4.03800 -15.50300 0.12200 -3.46900 -4.28300 -8.75900 2.79700 2.58400 -4.05900 -8.85000 -5.60500
177.00000 -2.75700 -15.03500 -13.11200 -7.84300 -6.52100 -5.99200 -17.94400 0.12200 -3.46900 -3.79400 -7.78200 2.79700 2.58400 -3.08200 -6.40900 -7.07000
178.00000 -5.19800 -16.50000 -11.64800 -8.33100 -6.03200 -8.43300 -19.40900 -0.36600 -3.46900 -3.79400 -7.29400 3.28600 2.58400 -2.10600 -0.54900 -6.58200
179.00000 -4.22200 -16.01200 -6.76500 -7.84300 -5.05600 -10.38600 -18.92100 -0.36600 -3.46900 -2.81800 -7.78200 3.28600 2.09600 -1.61700 4.33300 -5.60500
180.00000 -0.80400 -13.57000 -2.37000 -6.37800 -3.59100 -10.87400 -17.94400 0.12200 -3.46900 -3.79400 -8.75900 2.30900 1.11900 -1.61700 4.82200 -4.62800
181.00000 3.10300 -9.66400 0.55900 -4.42500 -3.10300 -10.38600 -16.96800 0.61000 -4.44500 -4.28300 -9.24700 0.84400 -0.34600 -3.08200 0.91600 -5.11700
182.00000 4.56700 -7.22200 0.55900 -3.44800 -3.59100 -9.41000 -16.96800 1.58700 -5.42200 -5.74700 -8.27000 -0.62100 -1.32200 -5.52400 -2.99100 -7.55800
183.00000 1.63800 -6.24600 -1.88200 -4.42500 -5.05600 -9.41000 -17.45600 2.07500 -5.42200 -6.23600 -6.31700 -0.62100 -1.81100 -6.50000 -2.99100 -9.51100
184.00000 -3.24500 -7.71100 -5.30000 -6.37800 -7.49700 -9.89800 -17.45600 1.58700 -5.42200 -5.74700 -4.85200 -0.13200 -0.83400 -6.01200 1.89200 -9.02300
185.00000 -6.66300 -10.64000 -7.74100 -8.82000 -8.47400 -10.38600 -14.52600 1.09900 -4.44500 -3.79400 -4.85200 0.35600 1.11900 -3.08200 7.26300 -6.09300
186.00000 -6.17500 -12.10500 -8.71800 -10.77300 -7.98500 -9.89800 -11.59700 0.61000 -2.98100 -1.84100 -6.31700 0.84400 3.07200 0.33600 10.19300 -2.67500
187.00000 -1.78000 -12.59400 -8.71800 -11.26100 -6.03200 -8.43300 -9.15500 0.12200 -2.49200 -0.86500 -8.27000 1.82100 4.53700 1.80100 8.24000 -0.72200
188.00000 4.56700 -12.59400 -7.74100 -9.30800 -4.07900 -7.45600 -9.64400 0.61000 -2.49200 -0.86500 -8.75900 2.79700 4.04900 -0.15300 4.33300 -1.69900
189.00000 8.47400 -12.10500 -6.76500 -6.86600 -3.10300 -6.48000 -11.59700 1.09900 -2.98100 -2.33000 -7.78200 4.26200 2.58400 -3.57100 0.91600 -6.09300
190.00000 7.98500 -12.59400 -5.78800 -4.91300 -3.10300 -6.48000 -14.52600 1.58700 -4.44500 -4.28300 -6.80500 5.23900 0.14200 -7.47700 -0.06100 -10.48800
191.00000 4.56700 -12.10500 -5.30000 -4.42500 -3.59100 -6.48000 -15.99100 1.58700 -4.93400 -4.28300 -5.82900 4.75100 -1.32200 -9.43000 0.42700 -11.95300
192.00000 1.14900 -11.12900 -4.81200 -5.89000 -4.56700 -6.48000 -15.99100 0.61000 -4.44500 -2.81800 -6.80500 2.30900 -1.32200 -7.96500 0.91600 -10.48800
193.00000 0.17300 -9.66400 -4.32300 -8.33100 -5.05600 -5.99200 -14.52600 0.12200 -3.46900 -0.86500 -7.78200 0.35600 0.14200 -4.05900 0.42700 -6.58200
194.00000 1.14900 -9.66400 -4.81200 -9.79600 -5.54400 -5.50300 -13.06200 0.12200 -2.98100 1.08800 -7.78200 -1.10900 3.07200 -0.64100 -0.06100 -2.67500
195.00000 3.10300 -11.12900 -4.81200 -9.79600 -6.03200 -5.01500 -12.08500 0.61000 -2.98100 1.08800 -6.80500 -1.10900 4.53700 1.31200 -0.06100 -1.21100
196.00000 4.56700 -13.08200 -5.30000 -7.35500 -6.03200 -5.50300 -12.57300 1.58700 -3.95700 -0.37600 -5.82900 0.84400 4.53700 0.33600 1.89200 -2.18700
197.00000 5.05600 -13.08200 -4.81200 -4.42500 -5.54400 -5.99200 -13.06200 2.56300 -4.93400 -2.81800 -5.34100 2.30900 2.09600 -2.59400 3.84500 -4.62800
198.00000 5.54400 -10.15200 -2.85800 -1.98400 -3.59100 -5.99200 -13.55000 2.56300 -5.91000 -4.77100 -5.82900 2.79700 0.14200 -6.01200 5.31000 -7.55800
199.00000 7.49700 -6.24600 -0.90500 -0.51900 -2.12600 -5.50300 -13.55000 2.07500 -5.91000 -5.74700 -6.31700 1.33300 -1.32200 -7.96500 4.33300 -8.53500
200.00000 9.45000 -4.29300 1.04800 -1.00700 -1.14900 -5.99200 -13.06200 2.07500 -5.42200 -5.25900 -7.29400 -0.62100 -1.32200 -7.96500 1.40400 -8.53500
201.00000 9.45000 -7.22200 2.02400 -2.47200 -2.12600 -6.96800 -12.08500 3.05200 -4.44500 -3.79400 -7.78200 -1.59700 -0.83400 -6.98900 -2.01400 -7.55800
202.00000 6.52100 -13.08200 1.53600 -4.91300 -3.59100 -7.94500 -10.62000 5.00500 -4.44500 -3.30600 -7.78200 -1.59700 -1.32200 -6.01200 -4.45600 -6.58200
203.00000 2.12600 -18.45300 -0.90500 -6.86600 -5.54400 -8.92100 -8.17900 6.47000 -4.44500 -3.30600 -7.29400 -0.13200 -2.78700 -5.52400 -4.45600 -5.60500
204.00000 -1.78000 -20.40600 -2.37000 -7.35500 -6.03200 -8.43300 -4.76100 7.93500 -5.42200 -3.79400 -6.80500 1.33300 -4.74000 -6.01200 -2.50200 -5.11700
205.00000 -2.26800 -17.47600 -2.37000 -6.37800 -5.05600 -6.48000 -1.83100 8.42300 -5.42200 -4.77100 -5.82900 2.79700 -5.71700 -6.98900 1.40400 -4.14000
206.00000 1.63800 -11.61700 0.07100 -4.42500 -3.59100 -4.03800 0.61000 8.42300 -5.91000 -6.23600 -3.87600 2.79700 -5.71700 -7.96500 5.31000 -3.65200
207.00000 7.49700 -6.73400 3.48900 -1.49500 -2.61400 -4.52700 1.09900 8.42300 -6.88700 -8.67700 -1.43400 2.30900 -4.74000 -8.45300 8.72800 -3.16400
208.00000 12.38000 -5.26900 6.90700 0.45800 -3.10300 -7.94500 0.12200 8.91100 -7.37500 -10.63000 0.03100 2.30900 -4.74000 -9.43000 11.16900 -2.67500
209.00000 12.86800 -7.71100 6.41900 0.94600 -4.07900 -13.80400 -1.83100 9.88800 -8.35200 -13.07200 0.51900 3.28600 -4.74000 -9.43000 13.61100 -2.67500
210.00000 8.47400 -12.59400 1.53600 -0.03100 -6.03200 -18.68700 -3.78400 9.88800 -8.84000 -14.53700 0.03100 4.75100 -4.25200 -9.43000 15.56400 -1.69900
211.00000 2.12600 -16.98800 -5.30000 -2.47200 -7.98500 -20.15200 -5.24900 9.39900 -9.32800 -14.04800 -0.94600 5.23900 -3.27600 -8.94200 16.05200 -1.21100
212.00000 -2.75700 -19.43000 -10.18300 -4.91300 -8.96200 -17.22200 -5.24900 7.93500 -8.35200 -11.11900 -2.41100 4.75100 -1.32200 -7.47700 14.09900 -0.72200
213.00000 -3.73300 -18.94100 -8.71800 -5.40200 -8.96200 -12.33900 -5.24900 6.95800 -6.88700 -7.70100 -3.38700 3.28600 1.11900 -5.52400 9.21600 -0.72200
214.00000 -0.80400 -15.52300 -1.88200 -4.42500 -7.49700 -7.45600 -4.27200 6.47000 -5.91000 -4.28300 -2.89900 1.33300 2.09600 -4.05900 3.84500 -2.18700
215.00000 3.59100 -10.64000 6.41900 -2.47200 -5.54400 -3.55000 -3.29600 7.44600 -4.44500 -1.84100 -1.92300 -0.13200 2.09600 -3.57100 1.40400 -3.65200
216.00000 7.49700 -6.73400 11.79000 -1.49500 -3.59100 -1.10900 -2.31900 7.93500 -4.44500 -1.84100 -0.94600 -0.62100 0.63100 -4.54700 2.38000 -5.60500
217.00000 9.45000 -4.78100 11.79000 -1.00700 -1.63800 0.84400 -2.31900 8.91100 -4.44500 -2.81800 0.03100 -0.13200 -0.83400 -6.01200 6.28700 -6.58200
218.00000 8.96200 -5.75800 6.90700 -1.49500 -0.17300 1.82100 -3.78400 8.91100 -5.42200 -3.30600 -0.94600 -0.13200 -1.81100 -6.98900 9.70500 -6.09300
219.00000 7.00900 -8.19900 0.55900 -2.47200 0.80400 1.33300 -6.71400 8.42300 -5.42200 -3.30600 -3.38700 -1.10900 -1.32200 -6.50000 9.21600 -5.11700
220.00000 4.56700 -11.12900 -3.83500 -3.44800 0.80400 -1.59700 -8.66700 7.93500 -4.44500 -2.33000 -6.80500 -3.06200 0.14200 -4.05900 5.31000 -3.65200
221.00000 2.61400 -13.57000 -5.78800 -4.91300 0.31500 -4.52700 -10.13200 7.44600 -2.98100 -0.86500 -8.75900 -5.01500 1.11900 -1.12900 -0.06100 -3.16400
222.00000 1.14900 -14.54700 -5.78800 -5.40200 -1.14900 -6.96800 -9.64400 7.93500 -1.51600 0.11200 -9.24700 -5.01500 2.09600 0.82400 -1.52600 -3.16400
223.00000 0.17300 -14.54700 -3.34700 -5.40200 -2.61400 -5.99200 -8.66700 8.91100 -1.02700 0.11200 -7.78200 -3.55000 3.07200 1.31200 1.40400 -3.16400
224.00000 1.63800 -13.57000 0.55900 -4.42500 -3.59100 -2.57400 -7.69000 9.88800 -1.02700 -0.37600 -5.82900 -1.10900 4.53700 0.82400 7.75100 -3.16400
225.00000 5.05600 -12.10500 3.97700 -2.47200 -3.59100 1.33300 -8.66700 10.86400 -1.02700 0.11200 -3.87600 0.35600 6.49000 -0.15300 12.63400 -3.16400
226.00000 8.96200 -9.17600 6.41900 -1.98400 -3.10300 4.26200 -11.10800 10.37600 -1.02700 1.08800 -3.38700 0.35600 7.95500 -0.64100 14.09900 -2.67500
227.00000 12.38000 -6.73400 4.46600 -2.96000 -2.61400 3.77400 -14.03800 8.91100 -1.02700 3.04200 -3.38700 -0.13200 9.42000 -0.15300 11.16900 -2.18700
228.00000 13.35700 -5.75800 -0.90500 -5.89000 -2.61400 0.35600 -16.96800 6.47000 -1.02700 5.48300 -3.87600 -0.13200 10.39600 1.31200 7.26300 -1.69900
229.00000 11.89200 -6.73400 -7.74100 -9.79600 -3.59100 -3.06200 -17.45600 4.02800 -1.02700 5.97100 -4.85200 0.35600 10.39600 1.80100 5.31000 -0.72200
230.00000 7.98500 -9.66400 -11.64800 -12.72600 -4.07900 -5.50300 -16.96800 2.56300 -1.02700 5.97100 -5.34100 0.84400 10.88500 1.80100 5.31000 0.74300
231.00000 5.05600 -12.10500 -10.18300 -12.23800 -4.07900 -5.50300 -15.01500 2.56300 -1.02700 4.50600 -5.34100 1.33300 10.39600 0.82400 6.28700 1.23100
232.00000 5.05600 -12.10500 -3.83500 -8.33100 -3.59100 -3.55000 -12.57300 3.05200 -1.51600 3.53000 -5.34100 0.84400 9.90800 -1.12900 7.75100 1.23100
233.00000 7.49700 -8.68700 3.97700 -3.93700 -2.61400 -0.62100 -11.10800 4.51700 -2.00400 2.55300 -4.85200 0.35600 8.93100 -3.08200 8.24000 -0.23400
234.00000 11.89200 -4.29300 8.37200 -0.51900 -2.12600 1.82100 -10.13200 5.49300 -2.49200 2.06500 -3.87600 0.35600 7.46700 -4.54700 9.21600 -2.18700
235.00000 14.82100 -0.38700 8.37200 -0.03100 -2.61400 2.30900 -9.64400 5.98100 -2.49200 3.04200 -2.41100 0.35600 6.00200 -4.05900 10.19300 -3.16400
236.00000 13.84500 0.59000 3.97700 -2.96000 -3.59100 1.82100 -9.64400 6.47000 -2.49200 4.99500 -1.92300 0.84400 6.00200 -2.59400 10.19300 -2.67500
237.00000 10.42700 0.10200 -1.88200 -7.35500 -4.56700 1.33300 -9.64400 5.98100 -2.00400 6.94800 -2.41100 1.33300 7.46700 -0.64100 9.21600 -1.21100
238.00000 6.03200 -1.85100 -6.27600 -10.77300 -5.05600 0.84400 -10.62000 5.98100 -1.51600 8.41300 -2.41100 1.33300 8.93100 0.82400 6.77500 0.25400
239.00000 2.61400 -3.31600 -8.71800 -12.23800 -4.56700 0.35600 -11.59700 5.98100 -1.02700 8.41300 -3.38700 0.35600 10.39600 0.82400 4.33300 0.74300
240.00000 2.12600 -3.31600 -7.25300 -11.26100 -3.59100 -1.59700 -13.06200 5.98100 -1.02700 6.46000 -3.87600 -0.13200 9.90800 -0.15300 3.84500 -0.23400
241.00000 4.07900 -0.87500 -3.83500 -9.30800 -2.61400 -3.55000 -14.03800 6.95800 -2.00400 3.53000 -4.85200 -0.62100 7.95500 -2.10600 5.31000 -2.67500
242.00000 7.49700 3.03100 2.02400 -6.37800 -1.14900 -5.01500 -14.03800 7.44600 -2.98100 1.08800 -6.31700 -1.10900 5.51400 -3.08200 7.75100 -4.14000
243.00000 10.91500 6.93800 7.88400 -4.42500 0.31500 -3.55000 -13.06200 8.42300 -3.46900 1.08800 -6.80500 -2.08500 4.04900 -4.05900 8.72800 -5.11700
244.00000 13.35700 9.86700 11.30200 -2.96000 1.78000 1.82100 -12.57300 8.42300 -3.46900 2.55300 -6.31700 -2.08500 3.56000 -3.57100 8.24000 -4.62800
245.00000 13.35700 10.84400 9.83700 -3.44800 1.78000 8.65700 -12.08500 8.42300 -2.98100 4.99500 -2.89900 -1.10900 4.53700 -2.59400 7.26300 -3.16400
246.00000 11.89200 9.37900 4.46600 -5.40200 -0.17300 13.54000 -12.08500 7.93500 -2.49200 6.94800 1.49500 0.84400 6.49000 -1.61700 8.24000 -1.21100
247.00000 9.45000 5.96100 -1.88200 -8.82000 -2.61400 13.05100 -12.08500 7.93500 -2.49200 6.94800 5.40200 3.77400 8.44300 0.33600 12.63400 1.71900
248.00000 8.47400 1.07800 -6.27600 -11.26100 -5.05600 7.68000 -12.08500 7.44600 -2.49200 6.46000 6.37800 5.72700 9.42000 1.80100 18.49400 3.18400
249.00000 8.96200 -2.82800 -6.76500 -12.72600 -5.54400 0.35600 -11.59700 6.95800 -2.49200 4.50600 5.40200 6.21500 9.42000 2.28900 20.93500 3.18400
250.00000 11.89200 -4.78100 -2.85800 -12.23800 -4.56700 -3.55000 -12.08500 5.98100 -2.00400 3.04200 1.98400 4.75100 7.46700 2.28900 18.98200 1.71900
251.00000 14.82100 -3.80500 2.02400 -9.30800 -1.63800 -3.06200 -13.55000 5.49300 -2.00400 1.57700 -0.94600 2.30900 5.51400 0.33600 12.63400 -1.21100
252.00000 17.75100 1.07800 5.44200 -5.89000 1.29200 1.33300 -15.99100 5.49300 -2.00400 0.60000 -2.41100 0.84400 4.04900 -2.10600 5.79800 -4.14000
253.00000 20.19200 7.91400 7.39500 -2.96000 3.24500 6.70400 -16.96800 5.98100 -2.49200 0.60000 -1.43400 1.33300 4.04900 -4.54700 2.38000 -5.60500
254.00000 22.14600 14.75000 7.39500 -1.98400 4.22200 9.63300 -16.47900 6.47000 -2.98100 1.57700 1.00700 2.79700 5.51400 -5.52400 3.84500 -4.62800
255.00000 24.58700 19.63300 7.39500 -3.44800 3.73300 8.65700 -14.03800 6.47000 -2.98100 2.55300 1.98400 4.26200 6.49000 -4.54700 7.75100 -1.69900
256.00000 26.05200 20.12100 6.90700 -5.89000 2.75700 6.70400 -11.10800 5.49300 -2.98100 4.01800 1.49500 4.75100 6.97800 -2.59400 10.19300 0.25400
