1.00000 3.42800 0.45800 16.69300 0.69200 -0.35600 1.76000 2.17700 1.10900 0.84400 3.26500 4.60800 1.18000 1.19000 2.89900 3.89600 2.61400
2.00000 3.91600 1.43400 15.71700 0.69200 -0.84400 -0.68200 4.13000 1.59700 0.84400 2.77700 4.60800 1.18000 1.19000 2.89900 2.92000 2.12600
3.00000 2.45200 1.43400 7.90400 0.20300 -1.33300 -3.12300 5.59500 1.59700 0.35600 2.77700 3.63200 1.18000 1.19000 2.41100 1.94300 1.63800
4.00000 -0.96600 0.45800 -0.88500 -0.77300 -1.82100 -3.61100 6.57100 1.10900 0.35600 3.75400 2.65500 1.18000 1.67800 2.89900 2.43100 2.61400
5.00000 -4.87300 -1.98400 -3.32600 -2.72600 -2.30900 -0.68200 6.08300 1.10900 -0.13200 4.24200 1.67800 2.15700 2.16700 3.38700 3.89600 3.59100
6.00000 -7.31400 -3.93700 2.04500 -3.70300 -2.79700 2.73600 6.08300 1.10900 -0.13200 3.26500 2.16700 2.64500 2.16700 3.38700 4.87300 3.59100
7.00000 -8.29100 -4.91300 9.85700 -3.70300 -2.79700 4.69000 7.06000 2.08500 -0.13200 1.80100 3.14300 2.64500 1.67800 2.41100 2.92000 2.61400
8.00000 -6.82600 -4.42500 13.27500 -2.23800 -2.79700 2.73600 9.01300 2.57400 0.35600 0.33600 4.60800 2.15700 1.19000 1.43400 -0.49800 0.17300
9.00000 -3.40800 -2.96000 10.34500 0.20300 -2.30900 -0.68200 9.98900 2.57400 0.35600 -0.15300 5.09600 1.66800 0.70200 0.94600 -3.91600 -1.29200
10.00000 0.01000 -0.51900 3.51000 2.15700 -1.82100 -3.61100 9.01300 2.08500 0.84400 -0.15300 4.60800 1.18000 1.19000 1.43400 -3.91600 -0.80400
11.00000 1.47500 0.94600 -0.88500 3.62100 -2.30900 -3.12300 6.08300 1.10900 0.35600 0.33600 3.14300 1.18000 1.67800 2.41100 -1.47500 1.63800
12.00000 1.47500 1.43400 -0.88500 4.11000 -2.79700 -0.19300 3.15300 1.10900 0.35600 0.82400 1.67800 1.66800 2.65500 3.87600 2.43100 3.59100
13.00000 -0.47800 1.43400 0.58000 4.59800 -1.82100 4.69000 0.71200 1.10900 0.35600 1.80100 1.19000 1.66800 2.16700 4.85200 4.87300 4.07900
14.00000 -1.94300 0.94600 1.06800 5.57500 -0.84400 7.13100 0.22400 2.08500 0.84400 3.26500 1.67800 1.66800 1.67800 4.85200 4.87300 3.10300
15.00000 -0.96600 0.94600 0.09200 6.06300 1.10900 6.15400 1.20000 3.06200 1.33300 4.24200 2.65500 1.18000 1.19000 4.36400 3.40800 2.61400
16.00000 1.96300 2.41100 1.06800 6.55100 2.57400 3.22500 3.64200 3.55000 1.33300 5.21900 4.12000 1.66800 1.67800 4.36400 2.92000 3.59100
17.00000 5.38100 4.85200 7.90400 5.57500 2.57400 0.78300 7.54800 3.55000 1.33300 4.73000 6.56100 2.15700 2.16700 4.85200 4.38400 6.03200
18.00000 6.84600 6.80500 19.13500 3.62100 1.10900 0.29500 10.96600 3.55000 0.84400 3.75400 8.51400 3.62100 2.65500 4.85200 7.80200 7.98500
19.00000 5.87000 7.78200 29.38800 1.66800 -0.35600 1.27200 13.89600 4.03800 0.35600 2.77700 9.49100 4.11000 2.16700 4.36400 9.75500 7.98500
20.00000 2.94000 5.34100 30.85300 0.69200 -1.33300 2.73600 14.38400 4.03800 -0.13200 1.80100 9.97900 4.59800 0.70200 2.89900 8.77900 5.05600
21.00000 -0.47800 0.45800 21.08800 0.69200 -1.82100 1.76000 12.91900 4.03800 -0.62100 2.28900 8.51400 3.62100 -0.27500 0.45800 5.36100 1.63800
22.00000 -2.43100 -4.91300 6.43900 0.69200 -2.79700 -1.65800 9.01300 3.55000 -0.62100 1.80100 7.05000 3.13300 -0.76300 -1.00700 2.92000 -0.31500
23.00000 -2.92000 -8.82000 -3.81500 0.69200 -3.77400 -5.56400 5.59500 2.57400 -0.62100 -0.15300 5.09600 2.64500 -0.76300 -1.00700 2.92000 0.66100
24.00000 -1.94300 -8.33100 -3.32600 0.69200 -4.75100 -7.51700 3.64200 2.08500 -1.10900 -3.08200 4.12000 2.64500 0.21400 -0.51900 4.38400 2.61400
25.00000 -0.47800 -4.91300 3.51000 0.69200 -4.26200 -6.54100 3.15300 1.10900 -1.10900 -5.52400 3.14300 2.64500 0.21400 0.45800 5.36100 3.59100
26.00000 0.49800 0.45800 9.36900 0.69200 -3.28600 -3.12300 3.15300 1.10900 -1.10900 -6.01200 2.65500 2.15700 -0.27500 1.43400 4.38400 1.63800
27.00000 0.49800 3.38700 7.41600 1.18000 -1.82100 1.27200 3.64200 1.10900 -1.10900 -3.57100 2.65500 1.18000 -1.25100 1.43400 1.45500 -1.29200
28.00000 0.01000 2.89900 -1.37300 1.66800 -1.33300 3.22500 3.15300 1.10900 -0.62100 -0.64100 2.65500 1.18000 -1.25100 1.43400 -0.98700 -2.75700
29.00000 -1.45500 0.45800 -9.67400 1.66800 -1.33300 1.76000 2.17700 1.10900 -0.62100 1.31200 2.65500 1.66800 -0.76300 1.92300 -0.01000 -2.26800
30.00000 -1.94300 -1.98400 -11.62700 1.18000 -2.79700 -2.14600 0.71200 1.59700 -0.62100 1.80100 3.14300 2.15700 0.21400 2.41100 3.40800 0.66100
31.00000 -2.43100 -2.47200 -7.72100 1.18000 -3.77400 -5.56400 0.22400 1.59700 -0.62100 1.31200 3.14300 2.64500 1.67800 3.38700 6.33700 3.10300
32.00000 -2.43100 -0.51900 -1.86200 2.15700 -3.28600 -8.00600 0.22400 1.59700 -0.62100 0.82400 2.65500 2.64500 1.67800 3.38700 7.31400 3.10300
33.00000 -1.94300 1.43400 -0.39700 4.11000 -2.30900 -7.02900 1.68900 1.59700 -0.62100 1.31200 2.65500 2.15700 1.19000 2.89900 4.38400 0.66100
34.00000 -1.45500 2.41100 -2.35000 5.57500 -1.82100 -4.10000 4.13000 2.08500 -0.62100 3.26500 3.63200 1.66800 0.70200 1.43400 0.47800 -2.75700
35.00000 -0.96600 1.43400 -1.37300 5.57500 -2.30900 -0.19300 7.06000 2.57400 -1.10900 4.24200 5.58500 2.64500 0.21400 0.45800 -1.96300 -3.24500
36.00000 0.98700 0.45800 6.92700 4.11000 -3.77400 3.22500 10.96600 3.06200 -1.59700 3.26500 8.51400 4.11000 0.21400 0.94600 -0.01000 -1.78000
37.00000 3.91600 0.94600 19.62300 1.18000 -3.77400 4.20100 12.91900 3.55000 -2.08500 -0.15300 10.46800 5.57500 0.70200 1.92300 3.89600 1.63800
38.00000 6.35800 1.92300 28.90000 -0.77300 -2.79700 3.22500 12.91900 3.06200 -1.59700 -3.08200 10.46800 6.55100 1.19000 3.38700 6.33700 3.59100
39.00000 7.82300 3.38700 26.45900 -0.28500 -1.33300 0.29500 10.47800 2.57400 -1.10900 -4.54700 8.51400 5.57500 1.19000 4.36400 6.33700 3.10300
40.00000 6.84600 4.36400 12.78700 2.15700 0.62100 -3.12300 6.57100 1.59700 -0.13200 -3.57100 5.58500 3.62100 0.70200 4.36400 2.92000 0.66100
41.00000 3.42800 4.85200 -3.81500 5.08600 1.59700 -4.58800 3.64200 1.59700 0.35600 -1.12900 3.14300 1.66800 0.21400 3.87600 -0.49800 -1.29200
42.00000 0.98700 5.34100 -12.11500 6.55100 0.62100 -2.63500 2.17700 1.10900 0.35600 -0.15300 2.16700 0.69200 -0.27500 3.38700 -2.45200 -1.78000
43.00000 0.01000 5.34100 -8.69800 6.06300 0.13200 1.76000 2.17700 0.62100 -0.13200 -1.12900 1.67800 0.69200 -0.76300 2.41100 -1.47500 -1.29200
44.00000 1.47500 6.31700 2.04500 4.59800 0.13200 6.15400 1.68900 0.13200 -0.62100 -2.59400 1.19000 0.20300 -0.76300 1.43400 -0.49800 -1.29200
45.00000 3.91600 6.80500 10.34500 3.13300 0.62100 7.13100 0.22400 -0.35600 -0.13200 -2.59400 -0.76300 -0.28500 -0.76300 0.45800 -1.47500 -1.78000
46.00000 5.87000 6.80500 10.83400 2.64500 2.08500 4.69000 -2.70600 -0.84400 0.35600 -0.15300 -3.69300 -1.75000 -1.25100 -0.51900 -3.42800 -3.73300
47.00000 5.38100 6.80500 3.99800 3.62100 2.08500 0.78300 -6.12400 -1.33300 1.33300 3.75400 -6.13400 -3.21500 -0.76300 -0.51900 -5.87000 -4.71000
48.00000 4.40500 7.29400 -2.35000 4.59800 2.08500 -1.17000 -8.07700 -1.33300 1.82100 6.19500 -6.62200 -3.21500 -0.76300 -0.51900 -5.38100 -4.22200
49.00000 4.40500 8.27000 -2.83800 5.57500 1.59700 -0.19300 -8.07700 -1.33300 1.82100 5.70700 -5.64600 -2.72600 -0.27500 -0.03100 -2.94000 -2.75700
50.00000 5.38100 8.27000 2.53300 5.57500 2.08500 2.73600 -6.12400 -1.33300 1.33300 1.80100 -3.20400 -1.75000 -0.27500 -0.03100 -0.01000 -1.29200
51.00000 6.84600 7.78200 7.41600 6.55100 2.57400 6.15400 -3.68200 -0.84400 0.35600 -2.59400 -0.76300 -0.77300 -0.76300 -0.51900 1.45500 -0.31500
52.00000 7.33400 6.31700 7.41600 7.52800 3.55000 6.64300 -0.75300 0.13200 -0.13200 -5.52400 1.19000 -0.77300 -1.25100 -1.00700 0.96600 -1.29200
53.00000 5.87000 4.36400 1.55600 8.99300 3.55000 4.20100 2.66500 1.10900 -0.62100 -5.52400 1.67800 -0.77300 -1.74000 -1.98400 -0.98700 -2.26800
54.00000 2.94000 3.38700 -5.28000 8.99300 2.57400 0.78300 5.10700 2.08500 -0.62100 -3.57100 2.65500 -0.28500 -2.71600 -1.98400 -2.45200 -3.73300
55.00000 1.47500 3.38700 -7.23300 7.52800 1.10900 -0.68200 6.57100 2.08500 -0.62100 -1.12900 3.14300 0.20300 -3.20400 -1.98400 -2.45200 -4.22200
56.00000 1.96300 3.38700 -1.86200 4.59800 0.13200 -0.19300 5.59500 1.59700 -1.10900 -0.64100 3.14300 0.20300 -3.20400 -1.49500 -2.45200 -5.19800
57.00000 3.91600 3.38700 5.95100 1.66800 0.13200 0.78300 3.64200 0.13200 -0.62100 -1.61700 2.16700 0.20300 -2.71600 -1.49500 -3.42800 -5.68600
58.00000 4.89300 2.89900 10.34500 -0.28500 0.62100 0.29500 0.71200 -0.84400 -1.10900 -4.05900 0.70200 -0.28500 -2.71600 -1.98400 -4.40500 -6.66300
59.00000 3.91600 2.41100 8.39200 -0.28500 0.62100 -2.63500 -1.24100 -1.33300 -1.59700 -6.50000 -0.27500 -0.28500 -3.20400 -3.44800 -5.38100 -7.15100
60.00000 1.47500 2.41100 2.53300 1.18000 0.62100 -6.05300 -1.24100 -1.33300 -1.59700 -7.47700 -0.27500 0.20300 -3.69300 -4.91300 -4.89300 -7.64000
61.00000 -0.96600 2.89900 -1.86200 3.13300 0.13200 -7.02900 1.20000 -0.35600 -2.08500 -6.01200 1.19000 1.18000 -4.18100 -5.40200 -3.42800 -7.64000
62.00000 -1.45500 4.36400 -2.35000 4.11000 -0.35600 -5.07600 3.15300 1.10900 -2.08500 -2.59400 2.65500 2.64500 -3.69300 -4.91300 -1.47500 -7.64000
63.00000 0.98700 5.34100 1.06800 5.08600 0.62100 0.29500 3.64200 1.59700 -1.10900 1.31200 3.14300 2.64500 -3.20400 -2.96000 -0.98700 -7.15100
64.00000 3.91600 6.80500 3.51000 5.57500 1.59700 5.66600 2.66500 1.59700 -0.62100 4.24200 3.14300 2.15700 -2.22800 -1.00700 -1.47500 -5.68600
65.00000 6.84600 8.27000 3.51000 6.06300 3.06200 8.10800 0.71200 1.10900 0.35600 5.21900 2.65500 1.66800 -0.76300 0.94600 -0.98700 -3.73300
66.00000 7.82300 10.71200 2.53300 6.06300 4.52700 6.64300 0.22400 0.62100 0.84400 3.75400 3.14300 1.66800 -0.27500 1.92300 0.47800 -1.78000
67.00000 7.82300 12.17700 4.48600 6.06300 5.50300 3.22500 1.68900 0.62100 1.33300 0.33600 5.09600 2.64500 -0.27500 1.92300 2.92000 -0.31500
68.00000 7.33400 12.17700 10.83400 5.57500 5.01500 1.27200 5.59500 1.10900 1.33300 -2.59400 7.05000 3.62100 -0.27500 0.94600 3.89600 -0.80400
69.00000 5.87000 9.73500 17.18100 4.59800 4.03800 0.78300 9.01300 2.08500 0.84400 -3.57100 8.51400 4.11000 -0.76300 0.94600 3.40800 -1.29200
70.00000 4.89300 6.80500 16.20500 5.08600 2.08500 0.78300 11.45400 3.06200 0.35600 -3.57100 8.51400 3.62100 -0.76300 0.94600 1.94300 -1.29200
71.00000 4.40500 4.36400 6.92700 5.57500 0.62100 -0.19300 11.45400 3.55000 -0.13200 -1.61700 7.05000 3.13300 -0.27500 2.41100 0.47800 -0.80400
72.00000 4.89300 5.34100 -6.74400 6.55100 0.13200 -0.68200 9.98900 3.06200 -0.13200 0.33600 6.07300 2.15700 0.21400 3.38700 0.96600 0.17300
73.00000 7.33400 8.75900 -14.55700 7.52800 1.59700 -0.19300 8.03600 2.57400 -0.13200 2.28900 6.07300 1.66800 0.21400 3.87600 2.43100 0.66100
74.00000 9.77600 13.15300 -9.18600 7.03900 3.06200 2.73600 7.06000 2.08500 -0.13200 4.24200 6.56100 2.15700 0.21400 3.87600 3.40800 -0.31500
75.00000 10.75200 14.61800 7.41600 6.06300 4.03800 7.13100 6.57100 1.59700 0.35600 5.70700 7.05000 2.15700 0.21400 3.38700 2.43100 -2.26800
76.00000 9.77600 13.15300 24.50600 4.59800 3.55000 9.57200 6.08300 2.08500 -0.13200 5.70700 6.56100 2.15700 0.21400 2.89900 -0.01000 -3.73300
77.00000 6.35800 9.73500 31.83000 3.62100 1.59700 8.10800 4.61800 2.08500 -0.62100 4.24200 4.60800 2.15700 0.21400 2.41100 -2.45200 -3.24500
78.00000 3.42800 6.80500 24.50600 3.62100 -0.35600 4.20100 2.17700 1.59700 -1.59700 1.31200 2.16700 2.15700 0.21400 1.43400 -2.94000 -1.78000
79.00000 1.96300 6.31700 8.39200 4.11000 -1.33300 1.27200 -0.26400 1.10900 -2.57400 -1.12900 -0.27500 1.66800 0.21400 0.45800 -1.47500 -0.31500
80.00000 2.94000 6.31700 -5.76800 4.59800 -0.84400 0.78300 -0.75300 1.10900 -3.06200 -2.59400 -1.25100 1.66800 -0.27500 -0.51900 0.47800 -0.31500
81.00000 5.38100 5.82900 -10.65100 4.59800 -0.84400 2.73600 -0.26400 0.62100 -2.57400 -1.61700 -1.25100 2.15700 -0.76300 -1.49500 0.96600 -1.29200
82.00000 7.33400 4.36400 -6.25600 3.62100 -0.35600 4.20100 -0.75300 0.62100 -2.08500 -0.64100 -0.76300 1.66800 -1.25100 -1.49500 -0.01000 -2.75700
83.00000 7.82300 2.89900 1.06800 3.62100 -0.35600 3.22500 -2.70600 0.62100 -2.08500 -0.64100 -1.74000 0.69200 -1.74000 -1.98400 -1.47500 -3.73300
84.00000 6.84600 2.89900 4.97400 5.08600 -0.35600 -0.19300 -6.61200 0.13200 -3.06200 -2.59400 -3.69300 -0.77300 -2.71600 -2.47200 -2.94000 -3.24500
85.00000 5.87000 5.34100 3.99800 7.03900 0.62100 -2.63500 -10.03000 0.62100 -3.55000 -5.52400 -6.13400 -1.75000 -3.69300 -3.44800 -3.42800 -3.24500
86.00000 5.38100 8.27000 2.53300 8.99300 1.59700 -3.12300 -10.51800 0.62100 -4.03800 -7.96500 -7.11100 -2.72600 -4.66900 -5.40200 -3.91600 -4.22200
87.00000 6.35800 10.22300 4.97400 8.99300 3.06200 -0.68200 -7.10000 1.10900 -4.03800 -8.45300 -6.13400 -2.72600 -5.64600 -7.84300 -4.89300 -6.66300
88.00000 7.33400 10.22300 9.85700 8.01600 3.06200 2.24800 -2.21800 1.59700 -3.55000 -7.96500 -3.69300 -1.75000 -6.13400 -9.30800 -6.35800 -9.10400
89.00000 7.82300 8.75900 13.76300 6.55100 2.57400 3.71300 2.17700 1.10900 -3.06200 -6.50000 -1.25100 -1.26100 -6.13400 -9.30800 -7.82300 -10.56900
90.00000 6.84600 7.29400 13.76300 6.06300 1.59700 3.22500 2.66500 1.10900 -2.57400 -5.03500 -0.76300 -1.26100 -5.15700 -8.82000 -8.31100 -10.08100
91.00000 4.40500 6.80500 10.34500 6.55100 1.10900 1.76000 0.22400 0.62100 -2.08500 -4.54700 -2.22800 -1.75000 -4.66900 -7.84300 -8.31100 -9.10400
92.00000 1.96300 7.29400 8.88100 7.03900 1.59700 0.29500 -2.70600 0.13200 -2.08500 -4.05900 -4.18100 -3.21500 -5.15700 -7.35500 -8.31100 -8.61600
93.00000 1.96300 7.78200 10.34500 7.52800 2.57400 -1.17000 -3.68200 0.62100 -2.08500 -4.05900 -5.64600 -3.70300 -5.64600 -7.84300 -9.28800 -10.08100
94.00000 4.40500 7.29400 12.29900 6.55100 3.06200 -2.14600 -1.72900 1.10900 -2.08500 -4.54700 -5.15700 -3.70300 -6.13400 -8.82000 -10.26400 -11.54600
95.00000 7.82300 6.31700 10.83400 6.55100 3.06200 -2.14600 0.71200 1.59700 -2.57400 -5.03500 -3.69300 -2.72600 -6.13400 -8.82000 -10.75200 -12.52200
96.00000 9.77600 5.82900 3.02100 7.03900 2.08500 -1.17000 1.68900 2.57400 -2.57400 -4.54700 -2.22800 -1.26100 -5.64600 -7.84300 -9.77600 -11.05800
97.00000 9.28800 5.34100 -8.20900 8.50400 1.10900 0.78300 -0.26400 2.57400 -3.06200 -3.57100 -1.74000 -0.28500 -4.18100 -5.40200 -6.84600 -8.12800
98.00000 6.84600 5.82900 -16.99800 8.99300 0.62100 2.73600 -2.70600 2.08500 -2.57400 -2.59400 -2.22800 0.69200 -3.20400 -3.44800 -4.40500 -5.68600
99.00000 4.40500 7.29400 -16.51000 7.52800 1.10900 2.24800 -4.65900 1.59700 -2.57400 -2.59400 -3.20400 0.69200 -2.71600 -2.47200 -2.94000 -5.19800
100.00000 3.42800 8.27000 -6.25600 5.57500 1.10900 0.78300 -4.17100 0.62100 -2.08500 -3.57100 -3.20400 0.69200 -2.71600 -3.44800 -2.94000 -6.17500
101.00000 4.40500 7.29400 9.85700 2.64500 1.10900 -2.14600 -2.21800 0.62100 -2.08500 -5.52400 -2.71600 0.69200 -3.20400 -4.91300 -3.91600 -7.15100
102.00000 4.89300 5.34100 22.06400 1.18000 0.62100 -3.61100 -1.24100 0.13200 -2.57400 -6.98900 -2.22800 0.20300 -2.71600 -5.89000 -5.38100 -7.64000
103.00000 3.91600 3.38700 24.01700 2.15700 -0.35600 -3.12300 -1.72900 0.13200 -2.08500 -7.47700 -2.71600 -0.28500 -1.74000 -4.91300 -6.35800 -6.17500
104.00000 1.47500 2.41100 15.71700 4.11000 -0.35600 -1.17000 -3.68200 -0.35600 -1.59700 -6.01200 -3.69300 -0.77300 -1.25100 -3.44800 -6.84600 -5.19800
105.00000 -0.47800 3.38700 2.53300 5.57500 0.13200 0.29500 -5.63600 -0.35600 -1.10900 -5.03500 -5.15700 -1.26100 -0.76300 -2.47200 -7.33400 -5.19800
106.00000 0.01000 4.85200 -6.74400 6.06300 1.59700 0.29500 -6.61200 0.13200 -1.10900 -5.03500 -5.64600 -1.75000 -1.25100 -3.44800 -7.82300 -7.15100
107.00000 2.94000 7.29400 -9.18600 5.08600 1.59700 -1.17000 -6.61200 0.13200 -1.10900 -6.50000 -6.13400 -2.23800 -2.71600 -5.89000 -7.33400 -8.61600
108.00000 6.35800 8.75900 -4.30300 3.62100 2.08500 -2.63500 -5.63600 0.13200 -1.59700 -8.45300 -5.64600 -1.75000 -3.20400 -7.35500 -6.35800 -9.10400
109.00000 7.82300 9.24700 2.04500 3.13300 2.08500 -3.61100 -5.14700 0.13200 -1.59700 -8.94200 -5.15700 -0.77300 -3.20400 -7.35500 -3.91600 -7.15100
110.00000 6.35800 10.22300 5.95100 3.13300 2.08500 -3.12300 -5.14700 -0.35600 -1.10900 -6.98900 -4.66900 -0.28500 -1.74000 -5.40200 -1.96300 -4.22200
111.00000 3.91600 11.20000 5.95100 3.62100 2.57400 -0.68200 -4.65900 -0.84400 0.35600 -3.57100 -3.69300 0.69200 0.21400 -2.47200 -0.98700 -1.78000
112.00000 2.45200 11.20000 3.02100 3.62100 3.06200 2.73600 -4.17100 -0.84400 1.33300 -0.64100 -2.71600 0.69200 0.70200 -0.51900 -1.47500 -2.26800
113.00000 3.42800 9.24700 0.58000 3.62100 3.55000 6.64300 -3.19400 -0.35600 1.82100 0.33600 -1.74000 0.69200 0.70200 -0.03100 -3.42800 -4.71000
114.00000 5.87000 5.34100 -1.37300 3.62100 3.55000 9.08400 -2.21800 0.13200 1.33300 -0.15300 -1.25100 0.20300 0.21400 -0.51900 -5.38100 -7.15100
115.00000 7.82300 2.41100 -3.32600 4.11000 2.57400 9.08400 -2.21800 0.13200 0.84400 -1.12900 -1.25100 -0.28500 -0.27500 -1.00700 -6.35800 -8.12800
116.00000 9.28800 2.89900 -4.79100 5.57500 1.59700 6.15400 -2.21800 0.62100 0.35600 -1.12900 -1.74000 -0.28500 -0.76300 -0.51900 -5.87000 -7.15100
117.00000 9.28800 7.29400 -3.32600 7.03900 1.59700 1.76000 -1.24100 1.10900 -0.13200 -0.15300 -1.25100 -0.28500 -0.27500 0.45800 -4.89300 -4.71000
118.00000 9.28800 13.15300 2.04500 8.01600 2.08500 -1.17000 -0.26400 1.10900 -0.13200 0.82400 -0.27500 0.69200 0.70200 0.94600 -3.42800 -2.26800
119.00000 8.79900 17.05900 10.83400 8.01600 2.57400 -0.19300 1.20000 1.59700 -0.13200 0.82400 1.19000 1.66800 1.19000 1.92300 -0.98700 -0.31500
120.00000 7.82300 16.08300 17.18100 7.52800 2.57400 2.73600 2.17700 2.08500 -0.62100 0.33600 2.65500 2.15700 1.67800 2.41100 0.96600 0.66100
121.00000 6.35800 11.20000 17.67000 6.55100 2.08500 5.66600 2.66500 2.08500 -0.62100 -0.64100 2.65500 2.64500 1.67800 1.92300 1.94300 0.66100
122.00000 3.91600 5.82900 10.83400 5.57500 1.10900 6.64300 2.17700 2.08500 -0.62100 -0.15300 2.16700 2.15700 1.19000 1.43400 2.43100 0.66100
123.00000 2.45200 2.41100 0.09200 6.55100 0.62100 3.71300 1.20000 2.08500 -0.62100 1.31200 1.19000 1.66800 0.21400 0.94600 1.45500 -0.31500
124.00000 2.45200 2.89900 -7.72100 7.52800 0.13200 0.29500 1.20000 2.08500 -1.10900 2.28900 0.21400 1.18000 -0.27500 -0.51900 -0.01000 -1.29200
125.00000 4.89300 6.31700 -7.72100 8.01600 0.13200 -1.65800 1.20000 2.08500 -1.59700 2.28900 -0.27500 1.18000 -0.76300 -1.49500 -1.47500 -2.26800
126.00000 7.33400 9.24700 -0.39700 8.01600 0.13200 -0.68200 1.68900 2.08500 -2.57400 0.33600 0.21400 0.69200 -1.25100 -1.98400 -2.45200 -3.24500
127.00000 7.82300 10.22300 9.85700 7.03900 0.62100 0.78300 1.20000 2.57400 -3.06200 -1.61700 0.70200 1.18000 -1.74000 -1.98400 -1.96300 -3.73300
128.00000 7.33400 9.73500 18.15800 6.06300 0.62100 1.27200 0.22400 2.57400 -3.06200 -3.57100 0.70200 1.66800 -1.25100 -1.98400 -0.98700 -3.73300
129.00000 4.89300 8.27000 20.11100 6.55100 0.62100 -1.17000 -1.24100 2.57400 -3.06200 -5.52400 1.19000 2.15700 -1.25100 -1.49500 0.47800 -2.26800
130.00000 3.42800 7.29400 15.22800 6.55100 -0.35600 -4.58800 -1.72900 2.57400 -3.06200 -7.47700 1.19000 2.64500 -1.25100 -1.98400 1.45500 -1.29200
131.00000 3.91600 6.80500 5.95100 7.52800 -1.33300 -7.02900 -1.24100 3.06200 -4.03800 -9.43000 1.19000 3.13300 -1.25100 -2.47200 1.45500 -1.29200
132.00000 5.87000 6.80500 -2.83800 7.52800 -2.79700 -5.56400 0.22400 2.57400 -4.52700 -11.38300 1.67800 3.13300 -1.74000 -3.44800 0.47800 -1.29200
133.00000 7.82300 6.31700 -7.23300 6.55100 -2.79700 -1.65800 2.17700 2.08500 -5.01500 -11.38300 2.16700 2.64500 -1.74000 -3.93700 -0.49800 -1.78000
134.00000 8.79900 6.31700 -5.28000 6.06300 -2.30900 0.78300 3.64200 1.10900 -4.03800 -10.40600 2.65500 2.15700 -1.25100 -2.96000 -1.47500 -2.26800
135.00000 9.28800 7.29400 1.55600 5.08600 -1.33300 0.29500 3.64200 0.13200 -2.57400 -6.98900 2.65500 1.66800 -0.76300 -1.49500 -0.98700 -1.29200
136.00000 7.82300 8.75900 8.88100 5.08600 0.13200 -3.12300 2.17700 -0.35600 -1.10900 -3.57100 2.16700 1.18000 0.21400 -0.03100 0.47800 -0.31500
137.00000 6.35800 10.22300 11.81000 5.08600 0.13200 -7.02900 -0.26400 0.13200 -0.62100 -1.12900 1.67800 1.66800 0.70200 0.94600 2.92000 1.14900
138.00000 2.94000 9.24700 8.39200 5.08600 -0.35600 -8.00600 -1.72900 0.62100 -1.59700 -0.64100 1.67800 2.15700 0.21400 -0.03100 5.36100 2.12600
139.00000 -0.47800 4.85200 0.58000 5.08600 -1.82100 -6.54100 -0.75300 2.08500 -2.57400 -1.61700 2.16700 3.13300 -0.76300 -1.00700 6.33700 1.63800
140.00000 -2.92000 -0.51900 -6.25600 4.59800 -3.77400 -5.07600 2.17700 3.06200 -4.03800 -2.59400 3.14300 3.62100 -1.25100 -1.98400 5.36100 0.66100
141.00000 -3.40800 -5.40200 -6.74400 4.11000 -4.26200 -5.07600 5.59500 4.03800 -4.03800 -2.59400 4.60800 3.62100 -1.25100 -1.98400 2.43100 -0.31500
142.00000 -0.96600 -5.40200 -0.39700 3.62100 -4.26200 -6.05300 7.06000 3.55000 -3.06200 -1.61700 5.09600 3.62100 -0.76300 -0.51900 -0.98700 -1.29200
143.00000 2.45200 -0.51900 8.88100 3.13300 -3.28600 -6.05300 6.08300 2.57400 -1.59700 -0.64100 4.60800 3.13300 0.21400 1.43400 -2.94000 -1.29200
144.00000 4.40500 6.31700 15.22800 2.64500 -2.30900 -3.61100 3.15300 2.08500 -1.10900 -0.64100 3.14300 2.15700 0.21400 2.41100 -2.45200 -0.80400
145.00000 3.42800 11.68800 14.25200 2.15700 -0.84400 0.78300 -0.26400 1.10900 -1.10900 -1.61700 0.70200 1.18000 0.21400 1.92300 -0.98700 -0.80400
146.00000 0.01000 12.66500 5.95100 2.64500 0.13200 4.69000 -2.21800 1.10900 -1.10900 -3.08200 -1.25100 0.20300 -0.76300 -0.03100 -0.01000 -2.26800
147.00000 -2.92000 9.73500 -4.79100 3.62100 0.62100 6.64300 -2.21800 1.10900 -1.59700 -3.57100 -3.20400 -0.77300 -1.74000 -1.49500 -0.98700 -3.73300
148.00000 -3.40800 5.34100 -14.06900 4.11000 0.62100 7.13100 -1.72900 0.62100 -0.62100 -3.08200 -3.20400 -1.75000 -2.22800 -2.47200 -3.91600 -5.19800
149.00000 -0.96600 3.38700 -15.53300 3.62100 0.13200 6.64300 -1.24100 0.13200 -0.13200 -2.10600 -3.20400 -2.23800 -1.74000 -1.00700 -5.87000 -5.68600
150.00000 2.94000 3.87600 -10.16200 2.64500 -0.35600 7.13100 -1.24100 -0.84400 0.35600 -1.12900 -1.74000 -1.75000 -0.27500 0.94600 -6.35800 -4.22200
151.00000 6.35800 6.31700 0.58000 1.66800 -0.84400 7.13100 -0.75300 -0.84400 0.84400 -1.12900 0.70200 0.20300 1.67800 2.89900 -3.42800 -1.78000
152.00000 7.33400 8.27000 11.32200 0.69200 -0.84400 5.66600 0.22400 -0.84400 0.35600 -1.12900 2.16700 1.66800 2.16700 3.87600 0.47800 0.66100
153.00000 6.35800 7.78200 16.20500 0.20300 -0.84400 2.73600 1.20000 0.13200 -0.13200 0.33600 3.14300 2.64500 2.16700 2.41100 3.40800 1.63800
154.00000 3.91600 5.82900 12.78700 0.69200 -0.35600 0.29500 1.20000 0.62100 -0.62100 2.77700 2.16700 2.64500 1.19000 0.45800 3.40800 0.66100
155.00000 0.49800 3.38700 3.02100 1.18000 -0.35600 -0.68200 -0.26400 0.13200 -0.62100 4.24200 0.21400 1.66800 0.21400 -1.00700 2.43100 -0.31500
156.00000 -2.92000 1.43400 -7.23300 1.18000 -0.84400 -0.19300 -2.70600 0.13200 -0.62100 4.24200 -1.74000 0.69200 -0.27500 -1.49500 0.47800 -0.80400
157.00000 -5.84900 0.94600 -11.13900 0.69200 -1.33300 0.78300 -3.19400 0.13200 -0.62100 1.80100 -2.22800 -0.28500 -0.27500 -1.00700 -0.98700 -1.29200
158.00000 -6.82600 0.94600 -7.23300 0.20300 -2.30900 0.78300 -1.72900 0.13200 -0.62100 -1.61700 -1.25100 -0.28500 -0.27500 -0.51900 -2.94000 -1.78000
159.00000 -6.33700 1.43400 2.53300 0.69200 -2.30900 0.29500 1.68900 0.62100 -1.10900 -4.54700 -0.27500 -0.28500 -0.76300 -0.51900 -4.89300 -2.75700
160.00000 -3.40800 2.89900 9.85700 1.18000 -1.82100 -2.14600 3.15300 1.10900 -1.59700 -5.52400 -0.27500 -0.28500 -1.25100 -1.49500 -6.35800 -4.22200
161.00000 -0.96600 5.34100 8.88100 1.66800 -1.33300 -4.10000 1.68900 0.62100 -2.08500 -5.52400 -1.74000 -1.26100 -3.20400 -3.44800 -7.33400 -5.19800
162.00000 0.49800 8.27000 -0.39700 2.15700 -1.33300 -5.07600 -2.21800 0.13200 -3.06200 -5.52400 -3.69300 -1.75000 -4.18100 -5.89000 -6.84600 -6.17500
163.00000 0.49800 9.24700 -11.62700 2.15700 -1.33300 -5.07600 -6.61200 -0.35600 -3.55000 -6.01200 -5.64600 -1.75000 -4.66900 -7.35500 -5.38100 -6.17500
164.00000 -0.47800 8.27000 -17.48700 2.15700 -1.33300 -3.12300 -8.56500 -0.84400 -3.55000 -7.47700 -5.64600 -1.75000 -5.15700 -7.35500 -4.89300 -6.66300
165.00000 -1.45500 4.36400 -15.53300 1.66800 -1.33300 -0.68200 -7.58900 -1.33300 -3.06200 -8.45300 -5.15700 -1.75000 -4.66900 -6.86600 -5.38100 -7.15100
166.00000 -2.43100 -1.00700 -8.20900 1.66800 -0.84400 2.24800 -6.12400 -1.82100 -2.57400 -8.45300 -4.66900 -2.23800 -4.18100 -5.89000 -6.84600 -8.12800
167.00000 -3.89600 -4.91300 -1.86200 0.69200 -0.84400 2.24800 -5.63600 -2.30900 -2.08500 -6.98900 -4.66900 -2.23800 -3.69300 -5.40200 -6.84600 -7.64000
168.00000 -5.84900 -5.89000 0.09200 -0.77300 -1.82100 -2.14600 -7.10000 -2.30900 -2.57400 -6.01200 -4.66900 -1.75000 -2.71600 -5.40200 -3.91600 -5.68600
169.00000 -8.77900 -3.93700 -3.81500 -2.23800 -3.77400 -8.98200 -7.58900 -1.82100 -3.55000 -7.47700 -2.22800 0.20300 -2.22800 -5.40200 0.96600 -2.26800
170.00000 -10.73200 -1.98400 -9.67400 -3.21500 -6.21500 -15.33000 -5.63600 -0.84400 -5.01500 -9.91800 2.16700 3.13300 -1.25100 -5.40200 5.36100 0.66100
171.00000 -11.22000 -1.98400 -12.60400 -3.21500 -7.68000 -16.79500 0.22400 1.10900 -5.50300 -13.33600 8.02600 6.06300 -0.76300 -4.91300 7.80200 1.63800
172.00000 -10.73200 -4.91300 -12.60400 -2.23800 -8.65700 -14.35300 6.57100 2.57400 -5.50300 -14.80100 12.90900 7.52800 -0.76300 -4.42500 7.80200 1.63800
173.00000 -10.24400 -8.82000 -9.18600 -1.26100 -8.16900 -10.44700 10.47800 3.06200 -5.01500 -13.82400 13.88500 8.01600 -0.27500 -4.42500 6.82600 1.14900
174.00000 -10.73200 -11.26100 -4.79100 -0.28500 -7.68000 -8.49400 9.50100 2.57400 -4.03800 -9.91800 10.95600 7.03900 -0.27500 -3.93700 6.33700 2.12600
175.00000 -11.22000 -10.28400 -1.37300 -0.28500 -7.19200 -8.98200 5.10700 1.10900 -3.06200 -6.50000 6.07300 5.57500 0.21400 -2.96000 6.33700 2.61400
176.00000 -10.24400 -6.37800 0.09200 -0.28500 -6.70400 -10.93500 0.71200 0.13200 -3.06200 -4.54700 2.16700 4.11000 0.21400 -1.49500 5.36100 3.10300
177.00000 -7.31400 -1.49500 -0.88500 0.20300 -4.75100 -12.40000 -0.75300 0.13200 -3.06200 -4.54700 0.21400 2.64500 -0.27500 -1.49500 2.92000 1.14900
178.00000 -4.38400 1.43400 -3.81500 0.69200 -3.28600 -12.40000 1.20000 0.62100 -3.55000 -6.01200 0.70200 1.66800 -1.74000 -1.98400 -0.98700 -2.26800
179.00000 -2.43100 2.41100 -8.69800 2.15700 -1.82100 -11.42400 3.15300 1.10900 -3.55000 -7.47700 1.19000 0.69200 -4.18100 -3.93700 -4.40500 -5.68600
180.00000 -2.43100 1.92300 -12.60400 2.64500 -1.33300 -9.95900 2.17700 1.10900 -3.55000 -8.45300 0.21400 -0.28500 -5.15700 -6.37800 -5.87000 -8.12800
181.00000 -3.40800 0.94600 -12.60400 3.13300 -1.33300 -7.02900 -2.21800 0.13200 -3.55000 -8.45300 -2.71600 -1.75000 -6.13400 -7.84300 -5.38100 -8.61600
182.00000 -3.89600 1.43400 -7.23300 2.15700 -1.82100 -2.63500 -7.58900 -0.84400 -3.55000 -7.96500 -5.64600 -2.23800 -5.64600 -8.33100 -3.91600 -7.64000
183.00000 -2.92000 1.92300 0.58000 1.18000 -1.82100 1.27200 -10.51800 -1.33300 -3.06200 -8.45300 -6.62200 -2.72600 -5.64600 -7.84300 -3.91600 -7.64000
184.00000 -0.96600 2.89900 7.41600 0.69200 -1.82100 2.73600 -10.03000 -1.33300 -3.55000 -8.45300 -6.13400 -3.21500 -5.15700 -7.84300 -5.38100 -8.12800
185.00000 0.01000 3.38700 8.39200 0.69200 -1.82100 -0.68200 -6.12400 -0.84400 -3.55000 -7.96500 -4.66900 -3.21500 -5.64600 -7.84300 -7.82300 -9.10400
186.00000 0.01000 3.87600 4.48600 1.18000 -1.82100 -6.54100 -2.70600 -0.35600 -4.03800 -7.47700 -3.69300 -3.70300 -6.13400 -7.84300 -9.28800 -10.08100
187.00000 -0.96600 4.85200 -2.35000 1.66800 -1.82100 -10.44700 -1.24100 -0.35600 -3.55000 -6.50000 -4.18100 -4.19100 -6.13400 -7.84300 -8.79900 -9.59300
188.00000 -1.94300 5.34100 -7.72100 1.66800 -1.33300 -8.98200 -1.72900 -0.84400 -3.55000 -6.01200 -5.64600 -4.19100 -6.13400 -7.84300 -7.33400 -8.12800
189.00000 -2.43100 5.82900 -10.65100 1.18000 -0.84400 -3.12300 -2.70600 -1.33300 -2.57400 -7.47700 -5.64600 -4.19100 -5.64600 -7.35500 -5.87000 -7.15100
190.00000 -2.92000 5.34100 -10.65100 0.20300 0.13200 3.22500 -3.19400 -1.82100 -2.08500 -9.43000 -4.66900 -4.19100 -5.15700 -7.35500 -5.87000 -7.15100
191.00000 -4.38400 3.38700 -10.16200 -0.28500 0.62100 3.71300 -2.21800 -1.82100 -2.08500 -11.38300 -3.20400 -3.70300 -5.64600 -7.84300 -7.33400 -8.12800
192.00000 -6.82600 0.45800 -9.67400 -0.28500 0.13200 -1.17000 -1.24100 -1.82100 -2.57400 -11.38300 -1.74000 -3.70300 -5.64600 -8.33100 -9.28800 -9.59300
193.00000 -10.24400 -2.96000 -8.69800 -0.28500 -1.33300 -8.00600 -0.75300 -1.33300 -3.06200 -9.91800 -1.74000 -3.21500 -5.64600 -8.82000 -9.77600 -10.08100
194.00000 -11.70900 -5.40200 -6.25600 0.20300 -3.28600 -12.88900 -1.72900 -1.33300 -3.06200 -6.98900 -2.71600 -3.21500 -5.64600 -8.82000 -8.79900 -10.08100
195.00000 -10.73200 -5.40200 -2.35000 0.20300 -3.77400 -12.40000 -3.19400 -1.33300 -3.06200 -4.54700 -3.69300 -2.72600 -5.15700 -8.33100 -7.33400 -9.10400
196.00000 -7.31400 -2.47200 1.06800 -0.28500 -2.79700 -7.02900 -5.14700 -1.33300 -3.06200 -4.05900 -4.66900 -2.23800 -4.66900 -7.84300 -5.87000 -7.64000
197.00000 -3.40800 0.94600 2.04500 0.20300 -0.84400 -1.17000 -6.12400 -1.33300 -2.57400 -5.03500 -4.18100 -1.75000 -4.18100 -7.84300 -4.89300 -7.15100
198.00000 -0.96600 3.38700 -0.88500 0.69200 0.62100 2.73600 -6.61200 -0.84400 -2.57400 -6.50000 -3.20400 -1.75000 -4.66900 -7.84300 -4.40500 -6.66300
199.00000 -1.94300 4.36400 -6.25600 1.66800 1.59700 3.71300 -5.63600 -0.84400 -3.06200 -6.98900 -2.22800 -1.75000 -4.66900 -7.35500 -2.94000 -5.68600
200.00000 -4.38400 2.89900 -11.13900 2.15700 1.59700 2.24800 -3.19400 0.13200 -2.57400 -4.54700 -1.25100 -1.26100 -4.66900 -5.89000 -0.98700 -4.22200
201.00000 -6.33700 1.43400 -11.62700 1.66800 0.62100 0.29500 -0.26400 0.13200 -2.08500 -1.12900 0.21400 -0.77300 -4.18100 -3.93700 0.47800 -2.26800
202.00000 -5.84900 0.94600 -7.23300 0.20300 0.62100 -1.17000 2.17700 0.13200 -1.59700 2.28900 1.19000 -0.28500 -3.20400 -1.98400 0.47800 -0.80400
203.00000 -2.92000 2.89900 0.58000 -1.26100 1.10900 -0.68200 3.64200 0.13200 -1.10900 3.26500 1.67800 -0.77300 -2.71600 -1.00700 -0.98700 -0.31500
204.00000 0.49800 5.82900 6.92700 -1.75000 2.08500 0.78300 2.66500 -0.35600 -0.62100 1.80100 0.21400 -1.26100 -2.71600 -1.00700 -3.42800 -1.29200
205.00000 2.45200 8.27000 6.92700 -0.28500 2.57400 2.73600 0.71200 -0.84400 -0.62100 -1.12900 -1.74000 -2.23800 -3.20400 -1.98400 -4.89300 -3.24500
206.00000 1.96300 9.24700 1.55600 2.15700 3.06200 5.17800 -2.21800 -0.84400 -0.62100 -3.08200 -4.18100 -3.21500 -3.69300 -3.44800 -5.38100 -5.19800
207.00000 0.01000 8.75900 -5.28000 5.08600 3.55000 6.15400 -4.65900 -0.84400 -0.13200 -3.57100 -5.64600 -4.19100 -3.69300 -3.93700 -4.89300 -6.17500
208.00000 -0.96600 8.27000 -8.20900 5.57500 3.55000 5.17800 -5.14700 -1.33300 0.35600 -3.08200 -6.13400 -4.67900 -3.20400 -3.44800 -3.91600 -6.17500
209.00000 -1.45500 7.78200 -6.25600 4.11000 3.55000 2.73600 -3.68200 -1.33300 1.33300 -2.59400 -4.66900 -4.67900 -2.71600 -2.47200 -3.91600 -5.68600
210.00000 -1.94300 6.80500 -1.86200 2.64500 3.06200 -0.19300 -0.26400 -0.84400 1.33300 -2.59400 -2.22800 -4.19100 -2.22800 -1.49500 -5.38100 -5.19800
211.00000 -2.92000 5.82900 0.09200 2.15700 1.59700 -1.65800 3.15300 0.13200 0.84400 -2.59400 0.70200 -3.21500 -2.71600 -1.98400 -6.35800 -5.68600
212.00000 -5.84900 4.36400 -2.35000 2.64500 0.13200 -0.68200 4.61800 1.10900 -0.62100 -2.59400 2.16700 -2.72600 -3.69300 -3.44800 -7.82300 -7.64000
213.00000 -7.80200 2.89900 -7.23300 4.11000 -0.35600 1.27200 3.15300 1.59700 -1.59700 -2.10600 1.67800 -2.72600 -5.15700 -6.37800 -8.79900 -9.59300
214.00000 -7.80200 2.41100 -9.67400 4.59800 -0.35600 2.73600 0.22400 1.10900 -2.57400 -2.10600 0.21400 -2.72600 -6.62200 -9.30800 -9.28800 -11.54600
215.00000 -4.87300 2.89900 -8.20900 4.11000 0.13200 2.24800 -3.68200 0.62100 -3.06200 -2.59400 -2.22800 -2.23800 -7.11100 -12.23800 -8.79900 -12.03400
216.00000 -0.96600 3.87600 -2.83800 2.64500 0.13200 -0.68200 -5.63600 0.13200 -3.06200 -4.05900 -4.18100 -2.23800 -7.59900 -14.19100 -8.79900 -11.54600
217.00000 0.98700 4.36400 3.51000 1.18000 0.13200 -4.58800 -4.65900 0.13200 -3.55000 -5.52400 -4.18100 -2.23800 -8.57500 -15.65600 -8.79900 -11.05800
218.00000 0.98700 4.36400 7.41600 0.69200 -0.84400 -7.02900 -2.21800 0.62100 -4.03800 -6.50000 -3.20400 -2.72600 -8.57500 -16.14400 -9.77600 -12.03400
219.00000 -0.96600 3.87600 7.90400 0.69200 -2.30900 -8.49400 0.22400 0.13200 -4.03800 -6.01200 -2.22800 -3.21500 -8.57500 -15.65600 -11.24100 -13.01100
220.00000 -2.43100 1.92300 4.97400 1.18000 -3.28600 -7.51700 0.22400 0.13200 -4.03800 -4.54700 -2.71600 -4.19100 -8.08700 -14.19100 -12.21700 -13.49900
221.00000 -2.43100 0.94600 1.06800 1.18000 -3.77400 -6.05300 -1.24100 -0.84400 -3.06200 -4.05900 -4.18100 -4.67900 -7.11100 -12.23800 -12.21700 -13.01100
222.00000 -1.94300 -0.03100 -3.32600 0.69200 -3.28600 -4.10000 -3.68200 -1.33300 -2.08500 -4.54700 -6.13400 -5.16800 -5.64600 -9.79600 -11.24100 -10.56900
223.00000 -1.45500 -0.51900 -6.74400 -0.28500 -2.79700 -2.63500 -6.12400 -1.82100 -1.59700 -5.52400 -7.11100 -5.16800 -4.18100 -7.84300 -9.77600 -7.64000
224.00000 -3.40800 -0.03100 -8.69800 -1.26100 -2.30900 -2.14600 -6.61200 -2.30900 -1.10900 -6.50000 -7.11100 -5.16800 -3.20400 -6.37800 -8.31100 -6.17500
225.00000 -6.33700 0.45800 -10.16200 -2.23800 -2.30900 -3.61100 -6.12400 -2.79700 -0.62100 -6.98900 -6.62200 -5.16800 -3.20400 -5.40200 -8.31100 -6.17500
226.00000 -8.77900 1.92300 -10.65100 -2.72600 -2.30900 -5.56400 -6.12400 -3.77400 -0.13200 -7.47700 -6.62200 -5.65600 -3.20400 -5.40200 -9.28800 -8.12800
227.00000 -8.77900 4.36400 -11.62700 -2.72600 -1.82100 -5.56400 -6.12400 -4.75100 0.35600 -6.98900 -7.59900 -7.12100 -3.20400 -4.91300 -10.75200 -9.59300
228.00000 -6.33700 7.78200 -13.09200 -2.23800 -0.84400 -1.65800 -7.10000 -4.75100 0.35600 -6.98900 -8.57500 -8.09700 -3.69300 -5.40200 -12.21700 -11.05800
229.00000 -3.89600 10.22300 -14.06900 -0.28500 0.13200 4.20100 -8.56500 -4.26200 0.35600 -6.50000 -9.55200 -8.09700 -4.18100 -7.35500 -13.68200 -12.03400
230.00000 -1.94300 10.71200 -13.09200 1.66800 1.10900 8.10800 -9.54200 -3.28600 -0.62100 -5.52400 -10.52900 -8.58600 -6.13400 -10.28400 -15.14700 -13.98700
231.00000 -1.45500 8.27000 -9.67400 3.13300 0.62100 6.64300 -10.51800 -2.79700 -1.59700 -5.03500 -11.01700 -8.58600 -7.59900 -13.70200 -17.58800 -17.40500
232.00000 -2.43100 3.87600 -5.28000 2.64500 -0.35600 0.29500 -11.00700 -2.30900 -2.08500 -5.52400 -11.50500 -8.58600 -9.06400 -16.63200 -20.03000 -20.82300
233.00000 -3.40800 -0.03100 -1.37300 1.66800 -1.82100 -6.54100 -10.51800 -2.79700 -3.06200 -7.96500 -12.48200 -9.07400 -10.04000 -18.58500 -21.98300 -22.77600
234.00000 -2.92000 -1.00700 -0.39700 0.69200 -2.79700 -8.98200 -9.54200 -2.79700 -3.06200 -10.40600 -12.48200 -9.07400 -9.55200 -18.58500 -22.95900 -22.77600
235.00000 -1.45500 1.43400 -1.86200 0.69200 -2.30900 -5.56400 -7.58900 -2.79700 -3.06200 -11.87100 -11.50500 -8.09700 -9.55200 -17.60900 -21.98300 -21.31100
236.00000 -0.47800 5.82900 -4.79100 1.66800 -0.84400 -0.19300 -6.12400 -1.82100 -3.55000 -10.89500 -10.04000 -7.12100 -9.55200 -16.63200 -20.03000 -19.84700
237.00000 0.01000 9.24700 -6.74400 3.13300 0.13200 2.73600 -5.14700 -1.33300 -3.06200 -8.94200 -7.59900 -6.14400 -10.04000 -16.63200 -18.07700 -18.38200
238.00000 -0.47800 9.73500 -6.25600 3.62100 0.13200 0.78300 -5.14700 -0.84400 -3.55000 -7.47700 -6.13400 -5.16800 -10.52900 -18.09700 -17.10000 -19.35800
239.00000 -0.47800 8.75900 -4.30300 3.13300 -0.84400 -3.12300 -4.17100 -0.84400 -4.03800 -8.94200 -5.15700 -5.16800 -11.99300 -20.05000 -17.58800 -21.80000
240.00000 0.01000 8.75900 -3.81500 3.13300 -1.33300 -6.54100 -3.19400 -0.35600 -5.01500 -12.36000 -4.66900 -5.65600 -13.45800 -22.98000 -20.03000 -25.21800
241.00000 0.49800 10.22300 -6.74400 4.11000 -0.35600 -6.54100 -1.24100 0.13200 -5.50300 -15.77800 -5.15700 -6.63200 -15.41100 -24.93300 -22.95900 -28.63600
242.00000 0.98700 12.66500 -13.58000 6.55100 1.10900 -3.12300 -0.75300 1.10900 -5.99200 -17.73100 -5.64600 -7.12100 -16.38800 -26.39800 -25.40100 -30.58900
243.00000 0.49800 14.13000 -19.44000 8.01600 2.57400 -0.68200 -2.21800 1.59700 -5.99200 -17.24200 -6.62200 -7.60900 -16.38800 -25.90900 -24.91300 -30.10100
244.00000 0.49800 13.64100 -18.95100 8.50400 2.57400 -1.17000 -6.12400 0.62100 -5.50300 -15.77800 -8.57500 -8.09700 -14.92300 -23.95600 -21.98300 -26.68300
245.00000 2.45200 12.17700 -9.67400 7.03900 1.10900 -3.61100 -11.00700 -0.84400 -4.52700 -13.82400 -11.01700 -8.09700 -12.48200 -21.02700 -18.07700 -22.28800
246.00000 5.87000 11.20000 4.48600 4.59800 -0.35600 -6.05300 -14.91300 -2.79700 -3.55000 -12.36000 -13.45800 -9.07400 -10.52900 -17.60900 -16.12300 -18.87000
247.00000 8.79900 12.66500 15.71700 3.13300 -0.35600 -5.07600 -16.37800 -4.26200 -2.57400 -10.89500 -15.41100 -10.53900 -9.55200 -15.65600 -17.10000 -18.38200
248.00000 9.28800 15.59400 16.69300 3.62100 1.10900 -1.65800 -14.91300 -4.26200 -2.08500 -8.94200 -15.90000 -12.00400 -9.55200 -15.16700 -21.00600 -20.33500
249.00000 7.33400 18.03600 8.88100 5.57500 3.55000 3.71300 -12.47200 -3.77400 -2.57400 -6.50000 -15.41100 -12.98000 -10.52900 -16.14400 -24.42400 -22.77600
250.00000 4.89300 19.01200 -1.86200 6.55100 4.52700 6.64300 -10.51800 -2.79700 -3.06200 -4.54700 -14.92300 -12.49200 -11.50500 -17.12000 -25.88900 -23.75300
251.00000 5.38100 18.52400 -5.28000 6.55100 4.52700 5.66600 -9.05400 -2.30900 -3.55000 -4.54700 -14.43500 -12.00400 -11.50500 -18.09700 -25.40100 -23.26500
252.00000 9.77600 17.54800 -0.39700 6.06300 3.55000 2.24800 -8.07700 -2.30900 -3.55000 -7.47700 -13.94700 -11.02700 -11.50500 -18.58500 -23.44800 -22.77600
253.00000 15.14700 17.54800 8.39200 5.57500 3.55000 -1.17000 -8.07700 -2.79700 -3.55000 -10.40600 -13.45800 -11.02700 -11.50500 -19.07300 -22.95900 -22.28800
254.00000 18.07700 19.50100 12.78700 6.55100 3.55000 -1.65800 -8.56500 -2.30900 -3.06200 -11.87100 -12.97000 -10.53900 -11.50500 -19.07300 -23.93600 -23.26500
255.00000 17.10000 21.45400 7.90400 8.01600 4.52700 1.27200 -10.03000 -1.33300 -2.57400 -10.40600 -12.97000 -10.53900 -11.50500 -18.58500 -24.91300 -23.75300
256.00000 13.19400 22.43000 -0.88500 9.96900 5.50300 6.15400 -10.03000 -0.35600 -2.08500 -7.47700 -12.48200 -9.56200 -11.01700 -17.12000 -24.42400 -22.77600
