1.00000 -2.80800 -5.24900 -1.65800 -1.46500 -4.41500 -8.71800 -0.50900 -0.43700 -3.06200 -4.87300 -0.48800 -1.47500 -4.62800 -3.44800 -2.03500 -3.80500
2.00000 -3.78400 -6.71400 -0.68200 -1.95300 -5.39100 -10.18300 -0.02000 -0.92600 -2.57400 -4.87300 -0.97700 -1.47500 -3.65200 -2.47200 -1.05800 -3.31600
3.00000 -3.29600 -5.73700 0.78300 -1.95300 -4.41500 -8.71800 0.95600 -0.92600 -2.08500 -3.89600 -0.48800 -1.96300 -3.65200 -2.47200 -0.57000 -3.31600
4.00000 -1.34300 -3.78400 2.24800 -0.48800 -2.46200 -6.27600 1.93300 -0.92600 -1.59700 -2.92000 0.00000 -1.96300 -4.14000 -2.47200 -0.57000 -3.31600
5.00000 -0.36600 -2.31900 2.24800 0.97700 -0.99700 -4.81200 2.42100 -0.43700 -2.08500 -1.94300 0.48800 -1.47500 -4.62800 -3.44800 -1.54600 -4.29300
6.00000 -0.36600 -1.83100 0.78300 1.95300 -0.50900 -5.30000 0.95600 -0.92600 -2.57400 -3.40800 0.00000 -1.96300 -5.60500 -4.91300 -2.52300 -5.26900
7.00000 -2.31900 -3.78400 -2.14600 1.46500 -1.48500 -7.25300 -1.97300 -1.41400 -3.55000 -6.33700 -1.95300 -1.96300 -7.07000 -7.84300 -3.98800 -7.22200
8.00000 -4.27200 -6.71400 -4.58800 0.48800 -3.43800 -10.18300 -4.41500 -1.90200 -4.52700 -10.73200 -3.90600 -2.94000 -8.04600 -10.28400 -5.94100 -9.17600
9.00000 -6.22600 -9.15500 -5.56400 -0.97700 -4.90300 -11.64800 -6.36800 -1.90200 -5.99200 -14.15000 -6.34800 -3.42800 -9.02300 -12.72600 -7.40600 -10.64000
10.00000 -6.71400 -10.13200 -6.05300 -1.46500 -5.39100 -12.13600 -6.85600 -1.41400 -6.48000 -15.61500 -7.81200 -3.91600 -9.51100 -14.19100 -8.87000 -11.61700
11.00000 -7.20200 -9.64400 -7.02900 -1.95300 -4.41500 -11.15900 -7.83300 -1.41400 -6.48000 -14.63800 -9.27700 -3.91600 -9.51100 -14.19100 -9.84700 -11.61700
12.00000 -7.20200 -8.66700 -8.98200 -2.93000 -3.43800 -10.67100 -8.80900 -1.90200 -5.50300 -12.19700 -9.76600 -4.89300 -9.51100 -13.21400 -10.82400 -11.12900
13.00000 -7.20200 -8.17900 -10.93500 -2.93000 -2.46200 -10.67100 -10.27400 -2.39100 -4.52700 -10.24400 -10.74200 -5.38100 -9.02300 -12.23800 -11.31200 -10.64000
14.00000 -7.69000 -8.17900 -11.91200 -3.90600 -2.46200 -11.15900 -10.76300 -2.87900 -3.55000 -9.26700 -10.74200 -6.35800 -9.02300 -11.26100 -11.31200 -10.64000
15.00000 -8.66700 -9.15500 -11.42400 -4.39500 -3.43800 -11.15900 -10.27400 -2.87900 -3.06200 -9.75500 -10.74200 -6.35800 -8.53500 -10.28400 -11.31200 -10.64000
16.00000 -8.66700 -10.13200 -9.95900 -4.88300 -3.92700 -11.15900 -9.29800 -2.39100 -3.06200 -10.24400 -10.25400 -6.35800 -8.53500 -10.28400 -10.82400 -10.15200
17.00000 -9.64400 -10.62000 -8.98200 -4.88300 -4.41500 -10.67100 -7.83300 -1.90200 -3.55000 -10.24400 -9.27700 -5.87000 -8.04600 -9.79600 -10.33500 -9.66400
18.00000 -10.13200 -10.13200 -9.47100 -4.88300 -4.41500 -9.69400 -7.83300 -1.41400 -3.55000 -9.75500 -8.78900 -5.38100 -7.55800 -9.30800 -9.35900 -8.68700
19.00000 -9.64400 -9.15500 -10.93500 -4.39500 -3.43800 -8.71800 -8.80900 -1.90200 -3.06200 -8.29100 -7.81200 -5.38100 -6.58200 -8.82000 -8.38200 -7.71100
20.00000 -9.15500 -7.69000 -12.40000 -3.90600 -2.46200 -6.76500 -10.27400 -2.39100 -2.57400 -7.31400 -7.81200 -5.38100 -6.09300 -8.33100 -6.91700 -6.73400
21.00000 -8.17900 -6.22600 -13.37700 -3.90600 -1.48500 -4.81200 -11.25100 -2.39100 -1.59700 -6.33700 -6.83600 -5.38100 -6.09300 -7.84300 -5.94100 -6.24600
22.00000 -7.20200 -5.73700 -12.88900 -3.90600 -0.99700 -3.83500 -11.73900 -2.39100 -1.10900 -6.33700 -6.34800 -4.89300 -6.09300 -8.33100 -5.45200 -6.73400
23.00000 -6.22600 -5.73700 -11.91200 -3.90600 -0.99700 -4.32300 -11.25100 -2.39100 -1.59700 -6.33700 -6.34800 -4.40500 -7.07000 -9.30800 -5.45200 -7.71100
24.00000 -5.73700 -5.73700 -10.93500 -3.41800 -1.48500 -5.78800 -10.27400 -1.90200 -2.57400 -6.33700 -6.34800 -3.91600 -7.55800 -9.79600 -5.94100 -8.68700
25.00000 -5.24900 -5.73700 -9.47100 -2.93000 -1.97300 -7.25300 -9.78600 -1.90200 -3.06200 -5.36100 -6.83600 -3.91600 -8.04600 -9.79600 -6.91700 -10.15200
26.00000 -3.78400 -5.24900 -8.00600 -1.95300 -1.97300 -7.25300 -8.80900 -1.90200 -3.55000 -4.38400 -6.34800 -4.40500 -8.04600 -9.30800 -7.40600 -10.64000
27.00000 -2.80800 -3.78400 -6.54100 -0.97700 -1.48500 -5.78800 -7.34500 -1.90200 -3.06200 -3.40800 -5.85900 -4.40500 -8.04600 -8.82000 -6.91700 -10.15200
28.00000 -2.31900 -2.80800 -5.07600 -0.48800 -0.50900 -3.83500 -4.90300 -1.41400 -2.57400 -1.94300 -3.90600 -3.91600 -7.07000 -7.35500 -5.94100 -8.68700
29.00000 -2.31900 -1.83100 -3.12300 -0.97700 -0.02000 -1.39400 -2.95000 -0.92600 -1.59700 -1.45500 -1.95300 -2.94000 -6.09300 -5.89000 -4.96400 -7.22200
30.00000 -2.31900 -0.85400 -2.14600 -1.46500 0.46800 0.55900 -1.48500 -0.43700 -1.59700 -0.96600 -0.97700 -2.45200 -4.62800 -4.42500 -4.47600 -5.26900
31.00000 -1.83100 0.61000 -1.65800 -1.95300 0.46800 1.53600 -0.99700 -0.43700 -1.59700 -0.96600 -0.97700 -2.45200 -3.65200 -2.96000 -4.47600 -4.29300
32.00000 -0.36600 1.58700 -1.65800 -1.95300 0.95600 2.51300 -1.97300 -1.41400 -1.59700 -0.47800 -1.95300 -3.42800 -2.67500 -1.98400 -4.96400 -3.80500
33.00000 1.09900 3.05200 -2.14600 -1.46500 1.44400 3.48900 -2.46200 -2.39100 -1.10900 0.49800 -2.44100 -4.40500 -2.67500 -1.00700 -5.45200 -3.80500
34.00000 1.58700 3.05200 -2.63500 -1.46500 2.42100 3.48900 -3.43800 -3.36700 -0.13200 1.47500 -2.93000 -4.40500 -2.18700 -0.51900 -4.96400 -3.31600
35.00000 1.09900 2.07500 -3.61100 -1.46500 2.42100 3.00100 -3.92700 -3.36700 0.84400 1.47500 -2.44100 -4.40500 -2.18700 -1.00700 -3.01100 -3.31600
36.00000 -0.85400 0.12200 -4.58800 -2.44100 1.44400 1.04800 -3.92700 -3.36700 0.35600 0.49800 -1.46500 -3.42800 -2.18700 -1.49500 -1.05800 -3.31600
37.00000 -2.31900 -2.31900 -5.07600 -3.41800 -0.50900 -1.88200 -4.41500 -2.87900 -0.62100 -1.94300 -0.48800 -2.45200 -2.67500 -3.44800 0.40700 -3.80500
38.00000 -3.29600 -3.78400 -5.07600 -4.39500 -2.46200 -4.32300 -4.41500 -2.39100 -2.57400 -4.87300 0.00000 -2.45200 -4.14000 -5.40200 0.40700 -5.26900
39.00000 -3.78400 -3.78400 -5.56400 -4.88300 -3.43800 -5.78800 -4.41500 -2.39100 -3.55000 -7.31400 0.00000 -2.45200 -5.11700 -7.35500 -0.57000 -7.22200
40.00000 -4.76100 -3.78400 -6.05300 -4.88300 -3.43800 -5.78800 -4.41500 -2.87900 -4.03800 -8.29100 -0.48800 -2.94000 -6.58200 -8.82000 -2.52300 -9.17600
41.00000 -5.24900 -3.78400 -7.51700 -4.88300 -2.46200 -5.30000 -4.41500 -2.87900 -3.55000 -8.29100 -1.46500 -2.94000 -7.07000 -9.79600 -3.98800 -10.15200
42.00000 -6.22600 -4.27200 -8.00600 -4.88300 -1.48500 -4.81200 -4.41500 -2.87900 -2.57400 -7.31400 -1.95300 -3.42800 -6.58200 -9.30800 -4.96400 -10.15200
43.00000 -6.22600 -5.24900 -8.49400 -4.88300 -0.99700 -5.30000 -4.90300 -2.87900 -2.57400 -6.82600 -2.93000 -3.42800 -6.09300 -9.30800 -5.45200 -10.15200
44.00000 -5.24900 -5.24900 -8.49400 -4.88300 -0.99700 -5.78800 -5.39100 -2.87900 -2.57400 -6.33700 -3.41800 -3.42800 -6.58200 -9.30800 -5.94100 -9.66400
45.00000 -4.27200 -4.76100 -7.51700 -4.39500 -1.48500 -6.27600 -5.88000 -2.39100 -3.06200 -6.82600 -3.90600 -3.91600 -7.07000 -10.28400 -6.42900 -10.15200
46.00000 -3.29600 -3.78400 -7.51700 -3.41800 -1.48500 -5.78800 -5.88000 -2.39100 -3.55000 -6.82600 -4.88300 -3.91600 -8.53500 -11.26100 -7.40600 -11.12900
47.00000 -2.80800 -3.29600 -8.49400 -2.44100 -0.50900 -4.81200 -5.88000 -1.41400 -3.55000 -6.82600 -4.88300 -4.40500 -10.00000 -12.72600 -8.87000 -12.10500
48.00000 -3.29600 -2.80800 -9.47100 -1.46500 0.46800 -3.83500 -5.88000 -0.92600 -3.55000 -7.31400 -5.37100 -4.89300 -10.97600 -13.70200 -9.84700 -14.05800
49.00000 -4.27200 -3.29600 -9.47100 -0.97700 0.46800 -4.32300 -6.36800 -0.92600 -3.55000 -8.29100 -6.34800 -5.87000 -11.46400 -14.67900 -11.31200 -15.03500
50.00000 -4.76100 -4.27200 -9.47100 -0.97700 -0.02000 -5.78800 -7.34500 -1.41400 -4.03800 -9.75500 -8.30100 -7.33400 -11.95300 -15.16700 -13.26500 -16.01200
51.00000 -5.73700 -5.73700 -9.47100 -0.97700 -0.99700 -7.74100 -8.80900 -2.39100 -4.52700 -11.70900 -10.25400 -8.79900 -12.44100 -15.65600 -14.73000 -16.98800
52.00000 -6.71400 -7.20200 -9.95900 -1.95300 -2.46200 -9.69400 -10.27400 -2.87900 -4.52700 -13.17300 -11.23000 -9.77600 -12.44100 -16.14400 -16.19500 -17.96500
53.00000 -8.17900 -8.66700 -10.93500 -2.93000 -2.46200 -10.67100 -10.76300 -3.85500 -4.52700 -13.66200 -11.71900 -9.28800 -11.46400 -15.65600 -16.68300 -18.45300
54.00000 -9.64400 -9.64400 -12.88900 -4.39500 -1.97300 -10.67100 -10.76300 -3.85500 -4.03800 -12.68500 -10.74200 -8.79900 -10.97600 -15.65600 -16.19500 -17.96500
55.00000 -10.13200 -9.64400 -14.35300 -5.85900 -0.50900 -9.69400 -10.76300 -3.85500 -3.06200 -11.22000 -10.25400 -8.31100 -10.00000 -15.16700 -15.70600 -17.96500
56.00000 -10.13200 -9.15500 -14.84200 -6.83600 -0.02000 -8.23000 -10.76300 -4.34400 -2.57400 -9.75500 -9.76600 -7.82300 -9.51100 -14.67900 -14.73000 -16.98800
57.00000 -9.64400 -8.66700 -15.33000 -7.32400 0.46800 -6.76500 -11.73900 -5.32000 -2.08500 -9.26700 -9.76600 -8.31100 -9.02300 -13.21400 -13.75300 -16.01200
58.00000 -9.15500 -8.66700 -15.33000 -7.32400 -0.02000 -5.78800 -12.71600 -5.32000 -1.59700 -8.77900 -10.74200 -8.31100 -8.53500 -12.23800 -12.77700 -15.03500
59.00000 -9.15500 -8.66700 -15.33000 -7.32400 -0.99700 -5.78800 -13.20400 -4.83200 -2.08500 -8.77900 -10.74200 -8.31100 -8.04600 -11.26100 -11.80000 -14.05800
60.00000 -9.64400 -8.66700 -15.33000 -7.32400 -2.46200 -5.78800 -12.71600 -4.34400 -2.08500 -8.29100 -10.74200 -7.33400 -7.55800 -9.79600 -10.82400 -13.08200
61.00000 -10.13200 -8.17900 -15.33000 -7.81200 -3.43800 -4.81200 -12.22700 -3.36700 -2.57400 -7.80200 -10.25400 -6.35800 -6.58200 -8.82000 -10.82400 -13.08200
62.00000 -9.64400 -7.20200 -14.35300 -8.30100 -3.92700 -3.34700 -11.25100 -3.36700 -2.57400 -6.82600 -9.27700 -5.38100 -6.09300 -8.33100 -10.33500 -12.59400
63.00000 -9.15500 -6.22600 -13.37700 -8.78900 -3.43800 -1.39400 -10.27400 -2.87900 -2.57400 -5.84900 -8.30100 -4.89300 -6.09300 -7.84300 -10.33500 -12.10500
64.00000 -8.66700 -4.76100 -12.40000 -9.27700 -2.46200 1.04800 -9.78600 -3.36700 -2.57400 -4.87300 -7.32400 -4.89300 -5.60500 -6.86600 -9.35900 -11.12900
65.00000 -7.69000 -3.78400 -11.91200 -8.78900 -1.48500 2.02400 -8.80900 -3.36700 -3.06200 -3.89600 -6.34800 -5.38100 -6.09300 -6.37800 -8.38200 -10.15200
66.00000 -7.20200 -3.78400 -11.91200 -8.30100 -0.50900 2.51300 -7.83300 -2.87900 -3.55000 -3.40800 -5.85900 -5.87000 -6.09300 -6.37800 -7.89400 -9.66400
67.00000 -6.71400 -3.78400 -12.40000 -7.32400 -0.02000 3.00100 -7.34500 -2.87900 -3.55000 -2.92000 -5.85900 -6.35800 -6.58200 -6.86600 -7.89400 -10.15200
68.00000 -6.22600 -3.78400 -12.88900 -6.34800 0.46800 2.51300 -7.83300 -2.87900 -3.06200 -2.43100 -6.34800 -6.84600 -6.58200 -7.35500 -8.38200 -10.64000
69.00000 -5.73700 -3.78400 -12.88900 -5.85900 -0.02000 2.02400 -7.83300 -2.87900 -2.57400 -2.43100 -6.34800 -6.84600 -6.58200 -7.35500 -8.87000 -11.12900
70.00000 -5.24900 -3.78400 -11.91200 -5.85900 -0.50900 0.07100 -7.83300 -2.39100 -2.08500 -2.92000 -5.37100 -5.87000 -5.60500 -6.86600 -7.89400 -10.15200
71.00000 -4.76100 -3.29600 -9.95900 -5.85900 -1.48500 -1.39400 -6.36800 -1.90200 -2.08500 -3.40800 -2.93000 -3.91600 -4.62800 -5.89000 -5.45200 -8.68700
72.00000 -4.27200 -1.83100 -8.00600 -5.85900 -2.46200 -1.39400 -4.41500 -1.41400 -2.08500 -3.40800 0.48800 -2.45200 -3.65200 -4.91300 -3.01100 -6.73400
73.00000 -2.80800 0.12200 -5.56400 -5.85900 -2.46200 0.55900 -2.46200 -1.41400 -2.08500 -2.92000 3.90600 -0.49800 -2.67500 -3.44800 0.40700 -4.78100
74.00000 -0.36600 2.56300 -3.61100 -4.88300 -1.97300 3.97700 -0.02000 -1.41400 -1.59700 -0.47800 5.85900 -0.01000 -2.18700 -1.49500 2.84800 -2.82800
75.00000 1.58700 4.51700 -2.14600 -3.90600 -0.50900 7.88400 0.95600 -1.90200 -1.10900 2.45200 6.34800 -0.01000 -2.18700 0.45800 3.82500 -2.34000
76.00000 3.54000 5.98100 -1.65800 -2.44100 1.44400 9.83700 0.95600 -1.90200 -0.62100 4.89300 5.37100 -0.49800 -2.18700 1.92300 3.82500 -1.85100
77.00000 4.51700 5.49300 -1.17000 -1.95300 2.42100 9.83700 0.46800 -1.41400 -0.62100 5.87000 3.90600 -1.96300 -2.67500 2.89900 3.33700 -1.85100
78.00000 4.02800 5.00500 -0.19300 -1.46500 2.90900 7.88400 -0.50900 -1.41400 -1.10900 5.38100 2.44100 -2.45200 -3.16400 2.89900 2.84800 -1.85100
79.00000 3.54000 4.02800 0.29500 -1.95300 2.90900 5.93100 -0.99700 -1.41400 -1.59700 3.91600 1.46500 -2.45200 -3.16400 2.41100 2.84800 -0.87500
80.00000 3.54000 4.51700 0.29500 -1.95300 2.42100 4.95400 -0.99700 -1.41400 -2.08500 2.45200 0.97700 -1.96300 -3.16400 1.43400 3.33700 0.10200
81.00000 4.02800 5.49300 0.29500 -1.95300 2.42100 5.93100 -0.99700 -1.41400 -2.57400 1.47500 0.97700 -1.47500 -3.16400 -0.03100 3.82500 0.59000
82.00000 5.00500 6.47000 -0.19300 -0.97700 1.93300 6.41900 -0.99700 -1.41400 -2.57400 0.49800 0.00000 -0.98700 -2.67500 -1.00700 2.84800 0.10200
83.00000 5.49300 6.95800 0.29500 -0.48800 1.44400 6.41900 -1.97300 -1.41400 -3.06200 0.01000 -0.97700 -0.98700 -2.67500 -1.49500 1.38300 -0.87500
84.00000 4.51700 5.98100 0.29500 0.00000 0.46800 5.93100 -2.95000 -0.92600 -2.57400 -0.47800 -1.95300 -0.98700 -2.67500 -1.98400 0.40700 -1.85100
85.00000 3.54000 4.51700 0.29500 -0.48800 -0.02000 5.44200 -4.41500 -0.43700 -2.57400 -0.47800 -1.95300 -0.98700 -2.67500 -1.98400 0.40700 -2.34000
86.00000 2.56300 4.02800 -0.68200 -1.46500 -0.02000 4.95400 -4.90300 -0.92600 -2.57400 0.01000 -0.97700 -0.49800 -2.18700 -1.98400 1.38300 -1.85100
87.00000 2.07500 3.54000 -2.63500 -2.44100 -0.02000 4.95400 -4.90300 -1.41400 -2.57400 0.49800 0.00000 0.47800 -2.18700 -1.49500 2.36000 -1.36300
88.00000 2.07500 4.02800 -4.10000 -3.41800 -0.02000 5.44200 -5.39100 -1.41400 -3.06200 0.49800 0.48800 -0.01000 -2.67500 -2.47200 3.33700 -1.36300
89.00000 3.05200 5.00500 -4.58800 -3.41800 -0.02000 5.44200 -4.90300 -1.90200 -4.03800 -0.47800 0.97700 -0.01000 -2.67500 -2.96000 3.82500 -1.36300
90.00000 4.51700 5.49300 -3.12300 -2.93000 -0.99700 5.44200 -4.90300 -1.41400 -4.52700 -1.94300 1.46500 -0.01000 -3.16400 -3.44800 3.82500 -1.36300
91.00000 5.00500 5.49300 -1.17000 -1.95300 -1.48500 4.95400 -4.41500 -1.41400 -4.52700 -2.92000 1.46500 0.47800 -3.16400 -2.47200 4.31300 -0.87500
92.00000 5.00500 5.49300 -0.19300 -1.95300 -1.97300 4.95400 -3.43800 -0.92600 -4.03800 -2.43100 2.44100 1.45500 -2.18700 -0.51900 5.29000 0.59000
93.00000 4.51700 5.00500 -0.68200 -1.95300 -1.97300 4.95400 -2.95000 -0.43700 -3.06200 -0.96600 3.41800 2.43100 -1.21100 0.45800 6.75500 1.56700
94.00000 3.05200 5.00500 -1.65800 -2.44100 -1.97300 4.46600 -2.95000 -0.43700 -2.57400 0.01000 3.90600 2.92000 -0.72200 0.45800 6.26600 1.07800
95.00000 2.07500 5.00500 -3.61100 -2.93000 -1.97300 3.48900 -3.43800 -0.43700 -3.06200 -0.47800 3.90600 2.92000 -1.69900 -0.51900 5.77800 -0.38700
96.00000 1.58700 4.02800 -3.61100 -3.41800 -2.46200 2.02400 -4.41500 -1.41400 -4.03800 -2.43100 3.41800 1.45500 -3.16400 -2.47200 4.31300 -2.34000
97.00000 1.58700 3.54000 -2.63500 -3.41800 -2.95000 0.07100 -4.90300 -1.90200 -5.50300 -5.36100 2.93000 0.96600 -4.62800 -4.91300 4.31300 -3.80500
98.00000 2.56300 3.05200 -1.17000 -3.41800 -3.43800 -0.90500 -4.90300 -2.39100 -5.99200 -7.31400 2.44100 0.47800 -5.60500 -5.40200 4.31300 -4.29300
99.00000 3.54000 3.54000 0.29500 -2.93000 -2.95000 -0.41700 -4.90300 -2.39100 -5.50300 -7.31400 1.95300 0.47800 -5.60500 -5.40200 4.31300 -3.80500
100.00000 4.51700 4.51700 1.27200 -2.44100 -2.46200 0.55900 -4.90300 -2.39100 -5.01500 -5.84900 1.46500 0.96600 -5.11700 -4.42500 4.31300 -3.31600
101.00000 5.00500 5.98100 0.78300 -1.95300 -2.46200 1.53600 -4.41500 -1.90200 -4.03800 -4.87300 1.46500 0.47800 -4.14000 -3.93700 3.33700 -2.82800
102.00000 5.49300 6.95800 1.27200 -1.46500 -1.97300 1.53600 -3.43800 -1.41400 -3.55000 -3.89600 2.44100 0.96600 -3.65200 -3.93700 3.33700 -2.82800
103.00000 5.98100 7.44600 1.76000 -0.97700 -2.46200 0.55900 -2.46200 -1.41400 -3.55000 -3.40800 3.41800 0.96600 -3.65200 -3.93700 3.33700 -2.82800
104.00000 6.95800 7.44600 3.22500 -0.48800 -1.97300 1.04800 -1.48500 -0.92600 -3.55000 -3.89600 4.39500 1.45500 -3.65200 -3.93700 3.82500 -2.82800
105.00000 7.93500 7.44600 4.20100 0.97700 -1.48500 2.02400 -0.50900 -0.92600 -3.06200 -3.40800 4.39500 1.45500 -4.14000 -3.44800 4.31300 -2.82800
106.00000 8.42300 7.44600 4.69000 2.44100 -0.50900 2.51300 -0.50900 -0.92600 -2.57400 -1.94300 3.90600 1.45500 -4.62800 -3.44800 3.33700 -3.80500
107.00000 8.42300 6.95800 4.20100 3.41800 0.46800 3.00100 -0.50900 -0.43700 -2.57400 -1.94300 2.44100 0.96600 -5.60500 -3.93700 1.38300 -5.75800
108.00000 7.44600 5.49300 2.73600 3.41800 0.46800 2.02400 -0.99700 0.05100 -2.57400 -2.43100 1.46500 -0.49800 -7.07000 -4.91300 -1.05800 -8.19900
109.00000 5.49300 3.54000 1.76000 2.44100 -0.02000 0.55900 -0.99700 1.02700 -3.06200 -3.40800 1.46500 -0.49800 -7.55800 -6.37800 -2.03500 -10.15200
110.00000 4.02800 2.07500 0.78300 1.46500 -0.50900 0.07100 -0.50900 1.51600 -3.06200 -4.38400 2.44100 -0.01000 -7.55800 -6.37800 -3.01100 -11.12900
111.00000 3.05200 1.58700 0.29500 -0.48800 -0.99700 0.55900 -0.02000 1.51600 -2.57400 -3.40800 2.93000 -0.01000 -7.07000 -5.40200 -3.01100 -10.64000
112.00000 3.05200 2.56300 -0.19300 -0.97700 -0.99700 2.02400 -0.02000 1.02700 -2.57400 -1.94300 2.93000 0.47800 -6.09300 -4.42500 -2.52300 -9.66400
113.00000 3.05200 4.51700 0.29500 -1.46500 -0.50900 3.48900 -0.02000 0.53900 -1.59700 0.49800 2.93000 -0.01000 -5.60500 -2.96000 -2.52300 -8.68700
114.00000 3.05200 5.98100 1.27200 -0.97700 -0.02000 3.97700 -0.02000 0.05100 -1.59700 1.96300 2.44100 -0.49800 -5.60500 -2.47200 -2.52300 -8.68700
115.00000 3.54000 5.98100 2.73600 -0.48800 0.95600 3.48900 -0.50900 0.05100 -1.59700 1.96300 2.44100 -0.98700 -6.09300 -2.47200 -2.03500 -8.19900
116.00000 4.02800 5.49300 4.69000 0.97700 1.44400 3.48900 -0.02000 0.53900 -1.59700 0.49800 2.93000 -0.98700 -6.09300 -2.96000 -1.05800 -7.71100
117.00000 5.00500 5.00500 6.15400 1.95300 2.90900 3.97700 0.95600 0.53900 -1.10900 -0.47800 3.90600 -0.01000 -6.09300 -2.47200 -0.08100 -6.73400
118.00000 6.47000 5.49300 6.15400 2.93000 3.88600 6.41900 1.93300 1.51600 -0.13200 0.49800 4.88300 0.47800 -5.60500 -1.98400 0.40700 -5.75800
119.00000 7.44600 6.47000 5.66600 2.93000 5.35100 9.83700 2.90900 1.02700 0.84400 2.45200 5.85900 0.47800 -4.62800 -1.49500 0.89500 -4.29300
120.00000 7.44600 7.44600 4.20100 1.95300 6.32700 11.79000 2.90900 0.53900 1.33300 4.89300 5.85900 -0.01000 -4.62800 -1.49500 0.40700 -4.29300
121.00000 6.95800 6.95800 2.24800 0.48800 6.81600 11.79000 2.42100 -0.43700 1.82100 5.87000 5.37100 -0.98700 -4.62800 -1.98400 -0.08100 -4.78100
122.00000 5.49300 6.47000 0.78300 -0.97700 5.83900 9.83700 0.95600 -1.41400 1.33300 4.89300 4.39500 -2.94000 -5.60500 -3.44800 -2.03500 -6.73400
123.00000 5.00500 5.98100 0.29500 -1.95300 4.37400 6.90700 -0.50900 -2.39100 1.33300 2.94000 2.44100 -3.91600 -7.07000 -5.40200 -3.49900 -9.17600
124.00000 4.02800 5.49300 -1.17000 -2.93000 3.88600 4.95400 -1.48500 -2.87900 0.84400 1.47500 0.48800 -4.89300 -7.07000 -6.86600 -4.47600 -10.64000
125.00000 3.05200 5.49300 -2.14600 -2.93000 3.39800 3.48900 -2.46200 -2.87900 1.33300 0.98700 0.00000 -4.40500 -7.07000 -7.35500 -4.47600 -11.12900
126.00000 2.07500 4.51700 -3.12300 -2.44100 3.39800 2.51300 -2.95000 -2.39100 1.82100 0.98700 0.00000 -3.91600 -6.58200 -6.86600 -4.47600 -11.12900
127.00000 1.09900 3.05200 -3.61100 -2.44100 3.39800 1.53600 -2.95000 -1.90200 1.33300 0.49800 0.00000 -2.94000 -6.09300 -6.86600 -3.98800 -10.64000
128.00000 0.12200 1.09900 -4.10000 -2.44100 2.42100 0.07100 -2.95000 -1.41400 1.33300 -0.47800 0.48800 -1.96300 -5.60500 -6.86600 -3.98800 -10.15200
129.00000 -0.85400 -0.85400 -4.10000 -2.93000 1.44400 -1.88200 -2.46200 -0.43700 0.84400 -1.94300 0.48800 -0.98700 -5.11700 -6.86600 -3.49900 -9.17600
130.00000 -1.83100 -2.31900 -4.58800 -3.90600 -0.50900 -2.85800 -2.46200 -0.43700 0.35600 -3.40800 0.48800 -0.98700 -5.11700 -6.86600 -3.98800 -8.68700
131.00000 -2.31900 -2.80800 -5.56400 -4.88300 -1.48500 -3.34700 -1.48500 -0.43700 -0.62100 -2.92000 0.48800 -0.98700 -4.62800 -5.89000 -3.49900 -8.19900
132.00000 -2.80800 -3.29600 -7.02900 -5.37100 -2.46200 -2.85800 -0.99700 0.05100 -0.62100 -1.45500 0.48800 -0.98700 -4.14000 -4.91300 -3.49900 -7.71100
133.00000 -2.80800 -2.80800 -7.51700 -5.85900 -2.95000 -2.85800 -0.50900 0.53900 -0.13200 0.49800 0.97700 -0.98700 -3.65200 -3.44800 -3.49900 -7.71100
134.00000 -2.80800 -2.80800 -7.51700 -6.34800 -2.95000 -2.37000 -0.50900 0.53900 0.84400 1.96300 1.46500 -0.98700 -3.16400 -1.49500 -3.01100 -6.73400
135.00000 -2.80800 -2.31900 -7.02900 -6.83600 -2.46200 -1.88200 -0.50900 0.05100 1.33300 2.45200 1.46500 -0.49800 -2.18700 -1.00700 -2.03500 -5.26900
136.00000 -2.80800 -2.31900 -7.02900 -7.32400 -2.95000 -2.37000 -0.50900 -0.43700 1.82100 2.45200 1.46500 -0.01000 -1.21100 -0.51900 -1.54600 -3.80500
137.00000 -3.78400 -3.29600 -7.02900 -8.30100 -3.43800 -3.83500 -0.50900 -0.92600 1.33300 1.96300 1.95300 -0.49800 -1.21100 -0.51900 -0.57000 -3.31600
138.00000 -5.24900 -5.73700 -7.02900 -8.78900 -5.39100 -6.76500 -0.02000 -0.92600 0.35600 0.49800 1.95300 -0.49800 -1.69900 -1.49500 -0.57000 -4.29300
139.00000 -6.71400 -7.69000 -6.54100 -8.78900 -6.85600 -9.20600 -0.02000 -0.92600 -1.10900 -0.96600 1.95300 -0.98700 -2.67500 -2.96000 -1.54600 -5.75800
140.00000 -6.22600 -8.66700 -5.56400 -7.81200 -7.83300 -9.69400 0.46800 -0.43700 -1.59700 -1.94300 1.95300 -1.47500 -4.14000 -4.42500 -2.52300 -6.73400
141.00000 -4.27200 -7.69000 -4.58800 -6.34800 -6.85600 -7.25300 0.95600 0.05100 -2.08500 -0.96600 1.46500 -1.96300 -4.62800 -4.91300 -3.49900 -7.71100
142.00000 -1.34300 -4.27200 -3.61100 -5.37100 -4.41500 -2.37000 0.46800 -0.43700 -1.59700 0.49800 0.97700 -1.47500 -4.62800 -5.40200 -4.47600 -7.22200
143.00000 0.61000 -0.85400 -4.58800 -4.88300 -2.46200 2.02400 -0.50900 -0.92600 -0.62100 2.45200 0.00000 -1.96300 -4.14000 -5.40200 -4.96400 -6.73400
144.00000 0.61000 1.09900 -7.02900 -6.34800 -0.99700 4.95400 -2.46200 -1.90200 -0.13200 3.91600 -1.46500 -2.45200 -4.14000 -4.91300 -5.45200 -7.22200
145.00000 -1.34300 0.61000 -9.95900 -8.30100 -1.48500 4.46600 -3.92700 -2.87900 -0.62100 3.91600 -2.44100 -2.94000 -4.14000 -4.91300 -5.94100 -7.71100
146.00000 -3.78400 -1.83100 -12.40000 -10.74200 -2.95000 1.53600 -5.39100 -3.85500 -0.62100 2.45200 -3.41800 -2.94000 -4.14000 -4.42500 -5.94100 -8.19900
147.00000 -5.73700 -4.27200 -12.88900 -12.20700 -5.39100 -1.88200 -5.39100 -3.85500 -0.62100 1.96300 -2.93000 -1.96300 -4.14000 -4.42500 -4.96400 -8.19900
148.00000 -5.73700 -5.73700 -11.91200 -12.20700 -6.36800 -3.34700 -4.41500 -2.87900 -0.62100 1.96300 -1.95300 -0.98700 -4.62800 -3.93700 -3.98800 -8.19900
149.00000 -4.76100 -5.24900 -9.47100 -10.74200 -6.36800 -3.34700 -2.46200 -0.92600 -0.13200 2.45200 0.00000 0.47800 -4.62800 -3.93700 -3.49900 -9.17600
150.00000 -3.78400 -4.27200 -6.54100 -9.27700 -5.39100 -1.88200 -0.99700 0.53900 -0.62100 3.42800 0.97700 -0.01000 -5.60500 -4.42500 -3.98800 -11.12900
151.00000 -3.29600 -3.29600 -4.10000 -7.32400 -4.41500 0.07100 0.95600 1.51600 -0.13200 4.40500 1.46500 -0.49800 -6.09300 -5.40200 -5.45200 -12.59400
152.00000 -3.29600 -2.80800 -3.12300 -6.34800 -2.95000 2.02400 1.44400 1.51600 -0.13200 4.40500 1.46500 -1.47500 -6.58200 -5.89000 -5.94100 -13.57000
153.00000 -2.31900 -2.31900 -2.63500 -5.85900 -2.46200 4.46600 1.93300 1.02700 -0.13200 5.38100 1.46500 -1.47500 -6.58200 -5.40200 -6.42900 -13.57000
154.00000 -1.34300 -1.83100 -2.63500 -5.85900 -1.97300 5.93100 1.93300 0.53900 0.84400 5.87000 0.97700 -1.47500 -5.60500 -4.91300 -5.45200 -12.10500
155.00000 -0.36600 -1.34300 -3.12300 -6.83600 -1.97300 5.93100 1.93300 -0.43700 0.84400 6.35800 1.46500 -0.98700 -4.62800 -3.93700 -3.98800 -10.64000
156.00000 0.61000 -0.85400 -3.12300 -7.32400 -2.46200 4.46600 1.93300 -0.92600 0.84400 6.35800 1.46500 -0.49800 -4.62800 -3.93700 -3.01100 -9.66400
157.00000 -0.36600 -1.34300 -4.10000 -7.81200 -2.95000 2.02400 1.44400 -0.92600 0.35600 5.87000 1.46500 -0.49800 -5.11700 -4.42500 -3.01100 -10.15200
158.00000 -1.83100 -1.34300 -5.56400 -7.81200 -2.46200 0.55900 0.46800 -1.41400 -0.13200 4.89300 0.48800 -1.96300 -5.11700 -4.91300 -4.47600 -11.12900
159.00000 -3.29600 -1.34300 -8.00600 -8.30100 -1.97300 1.04800 -0.99700 -2.39100 -0.13200 4.40500 -0.97700 -3.42800 -6.09300 -5.40200 -5.94100 -11.61700
160.00000 -3.29600 -0.85400 -9.47100 -8.30100 -0.50900 3.97700 -2.95000 -3.85500 0.35600 5.38100 -1.95300 -4.89300 -6.58200 -5.89000 -7.40600 -12.10500
161.00000 -1.83100 1.09900 -9.47100 -7.32400 0.95600 6.90700 -3.92700 -4.34400 0.84400 6.35800 -3.41800 -6.35800 -6.58200 -5.40200 -7.40600 -12.59400
162.00000 1.09900 3.54000 -8.49400 -5.85900 1.44400 8.86000 -3.92700 -3.85500 1.33300 7.33400 -3.90600 -6.84600 -6.58200 -5.89000 -8.38200 -13.57000
163.00000 2.07500 4.02800 -6.54100 -4.39500 1.44400 7.88400 -3.92700 -2.87900 0.84400 6.84600 -4.88300 -6.84600 -6.58200 -6.37800 -8.87000 -15.03500
164.00000 1.58700 3.05200 -5.07600 -3.90600 0.46800 4.95400 -3.92700 -1.41400 -0.13200 5.38100 -5.85900 -7.33400 -7.55800 -7.35500 -10.33500 -16.98800
165.00000 -0.36600 1.09900 -5.56400 -4.39500 -0.50900 2.02400 -4.90300 -0.92600 -0.62100 3.42800 -7.32400 -8.31100 -9.02300 -9.30800 -12.77700 -19.43000
166.00000 -2.80800 -1.83100 -7.02900 -5.37100 -1.48500 -0.41700 -6.36800 -0.92600 -1.59700 1.96300 -9.27700 -9.28800 -10.97600 -11.26100 -15.21800 -21.87100
167.00000 -4.27200 -3.29600 -9.47100 -5.85900 -2.46200 -1.88200 -6.85600 -0.92600 -2.57400 0.98700 -9.76600 -9.77600 -11.95300 -13.21400 -16.68300 -23.82400
168.00000 -2.80800 -2.80800 -9.95900 -4.88300 -2.46200 -1.88200 -6.36800 -0.43700 -3.06200 0.49800 -8.78900 -9.28800 -12.44100 -13.70200 -16.68300 -24.31200
169.00000 0.61000 -0.85400 -8.49400 -2.93000 -2.46200 -1.88200 -3.92700 0.53900 -3.55000 0.49800 -5.85900 -7.82300 -11.95300 -13.21400 -14.73000 -22.84700
170.00000 4.02800 2.07500 -6.05300 -0.48800 -2.46200 -1.39400 -0.99700 2.00400 -4.03800 0.98700 -1.95300 -5.38100 -11.46400 -11.74900 -11.80000 -20.40600
171.00000 5.98100 4.02800 -3.61100 0.48800 -2.46200 0.07100 1.44400 2.49200 -4.52700 1.47500 1.46500 -3.42800 -10.97600 -10.28400 -9.35900 -17.47600
172.00000 5.49300 5.49300 -3.61100 0.00000 -1.48500 1.53600 2.42100 2.49200 -4.52700 1.47500 2.93000 -2.45200 -10.48800 -9.30800 -8.38200 -16.01200
173.00000 3.54000 4.51700 -6.54100 -1.95300 -0.99700 2.02400 1.93300 1.51600 -4.03800 1.47500 2.93000 -2.45200 -10.00000 -9.79600 -8.38200 -16.01200
174.00000 1.09900 2.56300 -9.47100 -3.90600 -0.99700 0.07100 -0.02000 1.02700 -4.03800 0.01000 0.97700 -3.42800 -10.00000 -10.77300 -8.38200 -16.50000
175.00000 -1.34300 -0.36600 -12.40000 -4.88300 -1.48500 -3.83500 -2.46200 0.53900 -4.03800 -2.43100 -0.97700 -4.40500 -10.00000 -11.74900 -8.87000 -16.98800
176.00000 -1.83100 -2.80800 -13.37700 -4.88300 -2.46200 -7.74100 -4.41500 0.05100 -3.06200 -4.87300 -2.93000 -4.89300 -9.51100 -11.74900 -7.89400 -16.01200
177.00000 -1.83100 -3.78400 -12.88900 -4.39500 -2.46200 -9.69400 -5.88000 -0.43700 -2.57400 -6.33700 -3.90600 -4.89300 -9.02300 -10.77300 -6.91700 -14.54700
178.00000 -0.36600 -3.29600 -11.42400 -3.41800 -1.97300 -8.71800 -6.36800 -0.43700 -2.08500 -5.84900 -3.90600 -4.89300 -8.04600 -9.30800 -5.94100 -12.59400
179.00000 1.58700 -1.34300 -10.44700 -2.44100 -1.48500 -6.27600 -5.88000 -0.92600 -2.08500 -3.89600 -2.93000 -3.91600 -7.55800 -8.82000 -4.96400 -11.12900
180.00000 3.54000 1.58700 -9.47100 -1.95300 -0.50900 -3.83500 -5.39100 -0.92600 -2.08500 -2.43100 -1.95300 -3.91600 -7.07000 -8.82000 -4.47600 -10.64000
181.00000 5.49300 4.02800 -8.49400 -0.97700 -0.99700 -2.37000 -3.92700 -0.43700 -2.57400 -2.43100 -1.95300 -4.40500 -7.07000 -9.30800 -4.47600 -10.64000
182.00000 6.47000 5.00500 -7.51700 -0.48800 -1.48500 -1.88200 -3.43800 -0.43700 -3.06200 -3.40800 -1.95300 -4.89300 -8.04600 -9.79600 -4.96400 -11.61700
183.00000 5.49300 4.51700 -6.05300 -0.48800 -2.46200 -2.85800 -2.46200 -0.43700 -3.55000 -3.89600 -1.95300 -5.38100 -8.53500 -9.30800 -5.45200 -12.10500
184.00000 4.51700 3.54000 -5.56400 -1.46500 -2.95000 -2.85800 -2.46200 -0.43700 -3.06200 -4.38400 -1.95300 -5.38100 -8.53500 -8.33100 -5.94100 -11.61700
185.00000 3.05200 1.58700 -5.56400 -2.44100 -2.95000 -3.34700 -2.95000 -0.43700 -2.57400 -3.40800 -1.46500 -4.89300 -8.53500 -7.35500 -5.94100 -11.12900
186.00000 2.56300 0.12200 -6.05300 -3.41800 -2.46200 -3.34700 -2.95000 -0.43700 -2.08500 -1.45500 -0.97700 -4.40500 -9.02300 -7.35500 -5.45200 -11.12900
187.00000 3.54000 0.12200 -6.54100 -2.93000 -0.99700 -3.83500 -3.43800 -0.43700 -2.08500 -0.47800 -0.48800 -4.40500 -9.51100 -8.33100 -5.94100 -12.10500
188.00000 5.98100 1.09900 -5.56400 -0.97700 0.95600 -3.34700 -3.43800 -0.43700 -1.59700 0.01000 -1.46500 -5.38100 -10.97600 -9.79600 -6.91700 -14.05800
189.00000 9.39900 4.02800 -2.63500 2.44100 3.39800 0.07100 -2.95000 -0.43700 -0.62100 0.49800 -2.44100 -6.84600 -11.95300 -10.77300 -8.87000 -16.01200
190.00000 12.32900 7.44600 0.29500 5.85900 6.32700 4.46600 -1.97300 -0.92600 0.35600 1.96300 -3.41800 -8.31100 -12.44100 -11.26100 -11.31200 -17.96500
191.00000 13.79400 10.37600 3.22500 7.81200 8.76900 9.83700 -0.50900 -0.92600 0.84400 3.42800 -3.90600 -9.28800 -12.92900 -10.28400 -12.77700 -18.94100
192.00000 14.28200 11.84100 5.17800 7.81200 9.74500 11.79000 0.95600 -0.92600 1.33300 4.89300 -3.90600 -9.77600 -12.44100 -9.79600 -12.28800 -19.43000
193.00000 12.81700 10.86400 4.69000 6.34800 8.28000 10.81300 1.44400 -1.41400 0.35600 4.89300 -2.44100 -9.77600 -12.44100 -9.79600 -11.31200 -18.94100
194.00000 9.88800 8.42300 3.22500 4.39500 5.83900 7.39500 0.95600 -1.41400 -0.13200 4.40500 -1.95300 -9.28800 -12.44100 -10.28400 -9.35900 -18.45300
195.00000 7.93500 5.49300 0.78300 2.44100 3.39800 3.97700 -0.02000 -2.39100 -0.62100 2.94000 -1.95300 -8.79900 -12.44100 -10.77300 -8.38200 -17.47600
196.00000 6.95800 4.51700 -0.19300 2.44100 2.90900 2.02400 -1.48500 -2.39100 -1.10900 1.96300 -2.93000 -8.79900 -11.95300 -10.28400 -8.87000 -16.98800
197.00000 8.42300 5.98100 0.29500 3.41800 3.39800 3.00100 -1.97300 -2.87900 -1.10900 1.96300 -2.93000 -8.79900 -11.46400 -9.30800 -9.35900 -16.50000
198.00000 10.86400 7.93500 1.27200 5.37100 5.35100 4.95400 -1.48500 -2.39100 -1.10900 1.96300 -2.93000 -8.31100 -10.97600 -8.82000 -9.35900 -15.52300
199.00000 12.32900 9.88800 1.76000 7.32400 6.81600 4.46600 -1.48500 -1.90200 -1.10900 1.96300 -2.44100 -7.33400 -10.48800 -8.82000 -8.87000 -14.54700
200.00000 12.81700 9.88800 1.76000 7.81200 6.81600 3.00100 -1.97300 -1.90200 -1.59700 0.49800 -1.95300 -6.35800 -10.00000 -9.79600 -8.38200 -14.54700
201.00000 11.84100 8.42300 0.29500 6.83600 5.83900 0.07100 -2.95000 -1.90200 -1.59700 -0.96600 -2.44100 -5.87000 -10.00000 -10.77300 -8.38200 -15.03500
202.00000 9.39900 6.47000 -1.65800 5.37100 5.35100 -0.90500 -4.90300 -1.90200 -1.10900 -1.94300 -3.41800 -6.35800 -10.48800 -11.74900 -9.35900 -15.52300
203.00000 7.44600 5.49300 -3.12300 3.41800 4.86200 0.07100 -5.88000 -1.90200 -0.13200 -1.94300 -4.88300 -7.33400 -10.97600 -12.72600 -10.82400 -16.50000
204.00000 6.95800 5.49300 -3.61100 2.93000 5.35100 2.51300 -6.85600 -2.39100 0.35600 -0.47800 -5.85900 -7.82300 -11.95300 -13.21400 -12.77700 -17.96500
205.00000 6.95800 5.98100 -3.61100 3.90600 6.32700 4.46600 -6.36800 -1.90200 0.35600 0.98700 -5.85900 -8.79900 -13.41800 -13.21400 -13.26500 -18.94100
206.00000 6.95800 6.47000 -3.61100 4.39500 6.32700 4.46600 -5.39100 -1.41400 -0.62100 0.98700 -5.37100 -8.79900 -13.90600 -14.19100 -13.26500 -19.91800
207.00000 7.44600 5.98100 -3.61100 4.88300 5.35100 2.02400 -4.90300 -0.92600 -2.08500 0.01000 -4.88300 -8.31100 -14.39400 -14.67900 -12.28800 -19.91800
208.00000 6.47000 5.00500 -4.10000 4.39500 3.88600 -0.41700 -4.41500 -0.92600 -2.57400 -2.43100 -4.88300 -8.31100 -14.39400 -14.67900 -11.80000 -19.91800
209.00000 5.00500 3.05200 -5.07600 2.93000 2.42100 -2.37000 -4.90300 -0.92600 -3.06200 -3.89600 -4.88300 -7.82300 -12.92900 -14.19100 -11.80000 -19.43000
210.00000 3.54000 2.07500 -6.05300 0.48800 0.95600 -2.37000 -5.39100 -1.41400 -2.57400 -4.38400 -5.37100 -7.82300 -11.95300 -13.21400 -12.28800 -18.45300
211.00000 3.05200 1.58700 -5.56400 -0.97700 -0.02000 -1.39400 -4.90300 -1.90200 -2.08500 -3.40800 -5.85900 -7.82300 -10.97600 -12.23800 -12.28800 -17.96500
212.00000 3.54000 1.58700 -5.07600 -1.46500 -0.50900 -0.41700 -4.41500 -1.41400 -1.59700 -1.94300 -5.85900 -7.33400 -10.00000 -11.26100 -12.28800 -16.98800
213.00000 5.00500 2.07500 -4.10000 -0.48800 -0.02000 -0.41700 -3.43800 -0.92600 -1.10900 -0.47800 -4.88300 -6.35800 -10.00000 -10.28400 -11.80000 -16.50000
214.00000 6.47000 2.56300 -2.63500 0.97700 0.46800 -0.90500 -1.97300 0.53900 -1.10900 0.01000 -2.93000 -5.38100 -10.48800 -9.30800 -10.33500 -16.01200
215.00000 6.95800 2.56300 -2.14600 1.95300 0.95600 -1.88200 -1.48500 0.53900 -1.10900 0.01000 -1.46500 -4.89300 -10.48800 -8.33100 -9.35900 -15.52300
216.00000 5.98100 2.07500 -2.63500 1.46500 0.95600 -3.34700 -1.48500 0.53900 -1.10900 -0.47800 -0.97700 -4.89300 -10.00000 -6.86600 -8.38200 -15.03500
217.00000 4.02800 1.09900 -3.12300 -0.48800 -0.02000 -4.32300 -2.46200 -0.43700 -1.59700 0.01000 -0.97700 -5.38100 -9.51100 -5.89000 -7.89400 -14.05800
218.00000 2.07500 -0.36600 -5.07600 -2.44100 -0.99700 -5.30000 -3.92700 -1.90200 -1.59700 0.49800 -1.46500 -5.87000 -9.51100 -5.89000 -8.38200 -13.08200
219.00000 0.61000 -1.34300 -8.00600 -3.41800 -1.97300 -5.78800 -5.39100 -2.39100 -2.57400 0.49800 -2.44100 -5.87000 -9.51100 -6.37800 -8.38200 -12.59400
220.00000 -0.36600 -1.83100 -9.47100 -3.41800 -2.46200 -6.27600 -6.36800 -1.90200 -3.55000 0.49800 -3.41800 -5.38100 -10.00000 -7.84300 -8.38200 -12.59400
221.00000 -1.34300 -2.31900 -10.44700 -3.41800 -2.95000 -5.78800 -6.36800 -0.92600 -4.03800 -0.47800 -2.93000 -4.40500 -10.00000 -9.30800 -7.40600 -12.10500
222.00000 -1.83100 -2.31900 -9.95900 -2.93000 -3.43800 -5.78800 -5.39100 0.05100 -5.01500 -1.45500 -1.95300 -2.94000 -10.00000 -10.28400 -5.94100 -12.10500
223.00000 -2.31900 -2.80800 -8.49400 -3.41800 -4.41500 -4.81200 -4.90300 0.53900 -5.01500 -2.43100 -0.48800 -1.96300 -9.02300 -10.28400 -4.47600 -11.12900
224.00000 -2.31900 -1.83100 -7.51700 -4.39500 -4.41500 -3.83500 -4.41500 0.53900 -5.01500 -1.94300 0.48800 -1.47500 -7.07000 -8.82000 -3.49900 -10.15200
225.00000 -1.83100 -1.34300 -8.49400 -5.37100 -4.41500 -2.37000 -4.90300 -0.43700 -4.52700 -0.96600 0.97700 -1.47500 -6.09300 -6.86600 -2.52300 -8.68700
226.00000 -0.36600 0.61000 -9.95900 -5.37100 -2.95000 -1.39400 -5.88000 -1.90200 -3.55000 0.49800 0.48800 -1.96300 -6.09300 -5.40200 -2.52300 -8.19900
227.00000 1.09900 2.56300 -11.91200 -4.88300 -1.48500 -0.90500 -6.85600 -2.87900 -3.06200 1.47500 0.97700 -2.45200 -6.58200 -4.91300 -2.03500 -8.68700
228.00000 2.07500 4.51700 -11.91200 -3.41800 0.95600 0.07100 -6.85600 -2.87900 -2.57400 2.45200 0.97700 -2.94000 -7.55800 -4.91300 -2.03500 -9.17600
229.00000 4.02800 5.98100 -9.47100 -1.46500 1.93300 0.55900 -5.88000 -2.39100 -2.57400 3.91600 1.46500 -3.42800 -8.53500 -4.91300 -1.54600 -9.66400
230.00000 5.00500 6.95800 -6.54100 0.48800 1.93300 1.04800 -4.90300 -1.41400 -3.55000 4.40500 1.95300 -3.42800 -9.02300 -4.91300 -1.05800 -9.17600
231.00000 5.49300 6.95800 -4.10000 1.95300 1.44400 1.53600 -3.43800 -1.41400 -4.52700 4.89300 1.46500 -3.91600 -9.51100 -4.91300 -1.54600 -9.17600
232.00000 5.49300 6.47000 -3.61100 2.44100 1.44400 3.00100 -2.95000 -1.41400 -4.52700 4.89300 0.97700 -4.40500 -10.00000 -4.91300 -2.52300 -9.66400
233.00000 5.00500 5.98100 -5.07600 1.95300 1.93300 4.46600 -2.95000 -1.90200 -4.52700 4.40500 0.48800 -4.89300 -10.00000 -5.40200 -3.98800 -10.64000
234.00000 4.02800 5.98100 -7.51700 0.48800 2.90900 6.41900 -2.95000 -2.87900 -3.55000 4.40500 -0.48800 -5.87000 -10.00000 -6.37800 -5.45200 -12.10500
235.00000 3.54000 6.47000 -9.95900 -1.95300 3.88600 7.88400 -4.41500 -4.34400 -2.08500 4.40500 -0.97700 -6.84600 -10.00000 -6.86600 -6.42900 -14.05800
236.00000 2.56300 6.95800 -11.91200 -3.41800 4.86200 8.37200 -5.39100 -5.32000 -0.13200 5.38100 -1.95300 -7.33400 -9.51100 -6.86600 -6.91700 -15.03500
237.00000 1.58700 5.98100 -12.88900 -4.39500 5.35100 7.88400 -6.85600 -5.80900 1.33300 6.35800 -2.93000 -7.82300 -9.51100 -6.37800 -7.89400 -15.03500
238.00000 0.12200 4.02800 -13.37700 -3.90600 4.37400 5.93100 -8.32100 -5.80900 1.33300 6.84600 -3.90600 -8.31100 -9.51100 -6.37800 -8.38200 -15.03500
239.00000 -1.34300 2.07500 -13.37700 -2.93000 3.39800 3.00100 -8.80900 -5.32000 0.35600 5.38100 -4.39500 -8.31100 -9.51100 -6.37800 -8.38200 -15.03500
240.00000 -1.34300 0.61000 -11.91200 -1.95300 2.42100 1.53600 -8.80900 -4.83200 -0.62100 3.42800 -4.88300 -8.79900 -10.00000 -6.86600 -8.38200 -15.03500
241.00000 -0.36600 0.61000 -9.95900 -0.97700 1.93300 1.04800 -8.80900 -4.83200 -1.59700 1.47500 -5.37100 -8.79900 -10.00000 -7.35500 -7.89400 -15.03500
242.00000 1.58700 2.56300 -8.49400 0.00000 2.90900 3.00100 -8.80900 -4.83200 -1.59700 0.98700 -5.37100 -8.79900 -10.00000 -7.35500 -7.40600 -14.05800
243.00000 4.02800 5.00500 -8.00600 0.48800 4.37400 5.44200 -8.80900 -4.83200 -1.10900 1.47500 -4.88300 -8.79900 -10.00000 -6.86600 -6.42900 -13.08200
244.00000 5.49300 6.47000 -8.49400 1.46500 5.83900 7.39500 -8.80900 -4.83200 -1.59700 2.45200 -4.88300 -8.79900 -10.00000 -6.37800 -5.45200 -12.10500
245.00000 5.98100 7.44600 -8.98200 1.95300 5.83900 7.88400 -8.80900 -4.83200 -1.59700 3.42800 -4.39500 -8.31100 -10.48800 -5.89000 -4.47600 -12.10500
246.00000 6.47000 6.95800 -8.00600 2.44100 5.83900 6.90700 -8.32100 -4.34400 -2.08500 3.42800 -3.90600 -8.31100 -10.97600 -5.89000 -3.98800 -12.59400
247.00000 6.95800 5.98100 -7.02900 2.93000 5.35100 6.41900 -7.34500 -3.85500 -2.08500 2.94000 -3.41800 -8.31100 -11.95300 -6.37800 -3.98800 -13.08200
248.00000 7.93500 6.95800 -5.07600 2.93000 5.35100 6.90700 -6.36800 -3.36700 -2.08500 3.42800 -2.93000 -8.31100 -11.46400 -6.37800 -3.98800 -14.05800
249.00000 9.39900 8.42300 -3.12300 3.41800 5.83900 8.86000 -5.39100 -3.36700 -1.10900 4.89300 -1.95300 -7.82300 -10.97600 -5.40200 -4.47600 -14.05800
250.00000 10.37600 10.37600 -1.65800 3.41800 6.81600 11.79000 -3.92700 -2.87900 -0.13200 7.82300 -0.97700 -7.33400 -10.48800 -4.42500 -4.96400 -14.05800
251.00000 10.86400 12.32900 -0.68200 3.90600 7.30400 14.23100 -2.46200 -2.39100 0.35600 10.26400 0.00000 -7.33400 -9.51100 -3.44800 -4.96400 -14.05800
252.00000 10.86400 13.79400 0.29500 3.90600 7.79200 16.18400 -0.99700 -2.39100 0.84400 11.72900 0.97700 -7.33400 -9.02300 -2.47200 -4.96400 -14.05800
253.00000 10.86400 14.28200 0.78300 3.90600 7.30400 16.67300 -0.50900 -2.39100 0.35600 11.72900 0.97700 -7.82300 -9.02300 -2.47200 -5.45200 -14.54700
254.00000 10.86400 13.79400 1.76000 2.93000 6.81600 16.18400 -0.02000 -2.87900 -0.13200 10.75200 0.48800 -8.31100 -10.00000 -2.47200 -5.94100 -14.54700
255.00000 10.37600 12.32900 1.76000 2.44100 5.83900 15.20800 -0.50900 -2.87900 -1.10900 9.77600 0.00000 -8.79900 -10.48800 -2.96000 -5.45200 -14.05800
256.00000 9.88800 10.37600 1.76000 1.95300 4.37400 13.74300 -0.50900 -2.39100 -2.57400 8.79900 0.00000 -8.31100 -10.97600 -2.47200 -4.47600 -13.08200
