1.00000 5.30000 3.03100 -1.74000 -5.46300 2.44100 10.72200 3.26500 1.94300 11.74900 9.03300 2.76700 1.85100 9.18600 12.48200 3.72300 7.38500
2.00000 4.32300 1.56700 0.21400 -5.95100 0.97700 7.30400 3.26500 1.45500 8.82000 7.08000 3.74300 3.80500 10.16200 13.45800 5.67600 9.33800
3.00000 2.85800 0.59000 1.67800 -6.43900 0.00000 6.81600 4.24200 -0.01000 6.86600 8.05700 5.20800 6.73400 13.58000 16.38800 9.58300 13.73300
4.00000 2.37000 1.56700 2.16700 -6.92700 0.97700 10.23400 4.73000 -1.96300 6.37800 12.45100 7.16100 8.68700 18.46300 21.75900 14.95400 20.08100
5.00000 3.34700 4.00800 2.16700 -6.43900 3.41800 15.11600 4.73000 -5.38100 7.35500 18.79900 8.62600 9.66400 22.36900 28.59500 19.34800 25.45200
6.00000 4.81200 7.42600 1.19000 -4.97400 6.34800 18.04600 4.24200 -9.28800 7.35500 22.21700 8.13800 9.17600 23.83400 32.50100 20.81300 26.91700
7.00000 6.27600 8.89100 1.19000 -3.02100 8.30100 16.58100 1.80100 -13.19400 5.40200 20.75200 5.20800 4.78100 19.92800 31.03600 17.88300 23.49900
8.00000 5.78800 7.91400 1.19000 -1.06800 7.81200 11.69800 -2.10600 -15.14700 2.47200 13.91600 -0.65100 -2.05500 13.09200 24.20000 10.55900 16.17400
9.00000 4.32300 4.98500 0.21400 -0.09200 5.37100 6.81600 -6.50000 -15.63500 -0.45800 5.12700 -7.97500 -9.37900 4.30300 13.94700 1.28200 6.89700
10.00000 2.37000 1.07800 -0.76300 -0.58000 2.44100 3.88600 -10.40600 -13.68200 -1.92300 -2.68600 -13.83500 -15.23800 -2.04500 4.18100 -7.01900 0.06100
11.00000 0.90500 -1.36300 -2.71600 -1.55600 0.00000 2.90900 -12.36000 -9.77600 -1.92300 -5.61500 -16.76400 -17.19200 -3.99800 -0.21400 -10.92500 -2.38000
12.00000 0.90500 -0.87500 -3.69300 -2.53300 -1.95300 3.39800 -10.89500 -5.38100 -0.45800 -4.63900 -14.32300 -13.77400 -0.58000 0.76300 -8.48400 -0.42700
13.00000 1.39400 0.59000 -2.71600 -3.02100 -2.93000 3.88600 -6.50000 -0.98700 1.49500 -0.24400 -7.48700 -6.44900 5.76800 6.13400 -1.64800 5.43200
14.00000 2.85800 3.03100 -0.76300 -3.02100 -2.44100 4.86200 -0.64100 2.92000 2.96000 4.63900 1.79000 3.31600 13.09200 13.94700 7.14100 11.78000
15.00000 4.32300 5.47300 2.65500 -2.53300 -0.97700 7.79200 6.19500 5.84900 4.42500 10.01000 12.04400 12.10500 17.97500 19.80600 16.41800 17.63900
16.00000 6.27600 6.93800 6.07300 -1.06800 0.97700 12.67500 12.05400 7.31400 4.91300 13.91600 18.88000 17.47600 21.39300 23.71200 22.27800 21.54500
17.00000 7.25300 7.91400 9.97900 -0.09200 2.93000 18.04600 14.49600 6.82600 4.91300 16.84600 21.32200 18.45300 21.88100 26.15400 24.71900 23.01000
18.00000 7.25300 7.42600 11.44400 -0.09200 3.41800 20.48700 14.00800 4.87300 4.91300 18.31100 19.85700 16.01200 20.90500 26.64200 24.71900 22.52200
19.00000 4.81200 4.98500 9.97900 -1.06800 1.95300 19.02300 10.10100 1.45500 3.44800 16.35700 15.46200 12.10500 18.95100 25.17700 21.30100 20.56900
20.00000 -0.55900 0.59000 5.09600 -3.99800 -1.46500 13.16300 4.73000 -1.47500 1.98400 12.93900 10.57900 8.68700 16.51000 22.24700 16.90700 17.63900
21.00000 -5.44200 -3.31600 -1.25100 -6.92700 -5.37100 5.83900 -0.15300 -2.45200 0.03100 8.05700 6.18500 5.75800 13.58000 18.82900 13.00000 15.19800
22.00000 -8.37200 -6.24600 -6.13400 -8.39200 -7.81200 1.44400 -3.08200 -0.49800 -0.94600 4.63900 3.74300 4.29300 11.13900 16.38800 10.07100 13.73300
23.00000 -7.88400 -6.24600 -7.11100 -8.39200 -7.81200 0.46800 -3.08200 2.43100 -0.94600 3.17400 3.74300 4.78100 10.65100 15.41100 9.58300 14.70900
24.00000 -5.44200 -4.29300 -4.66900 -7.41600 -5.37100 4.37400 -1.12900 5.36100 1.00700 5.12700 4.72000 6.24600 11.13900 17.36500 11.04700 16.66300
25.00000 -2.51300 -0.87500 -1.74000 -7.41600 -2.44100 9.25700 0.82400 6.33700 3.93700 8.54500 6.67300 8.19900 13.09200 20.29400 13.48900 19.10400
26.00000 -1.53600 0.59000 -2.22800 -8.88100 0.48800 12.18700 1.31200 3.89600 6.86600 12.45100 8.13800 9.66400 15.04500 23.22400 15.93000 20.56900
27.00000 -1.53600 2.05500 -6.13400 -10.34500 1.95300 12.67500 0.82400 -0.49800 8.82000 14.89300 10.57900 11.12900 16.02200 24.68900 17.39500 20.56900
28.00000 -1.53600 2.05500 -10.04000 -11.81000 2.44100 11.69800 -0.64100 -5.38100 9.79600 15.86900 12.53300 11.61700 15.53300 24.20000 18.86000 20.08100
29.00000 -0.55900 3.03100 -11.01700 -11.81000 2.93000 10.72200 -1.12900 -9.28800 10.28400 16.35700 15.46200 12.59400 15.04500 23.71200 20.81300 19.59200
30.00000 2.37000 5.47300 -7.11100 -9.85700 3.90600 12.67500 0.33600 -10.26400 10.28400 16.84600 18.88000 14.05800 14.55700 23.71200 23.25400 19.59200
31.00000 5.78800 7.42600 -0.27500 -6.92700 4.88300 15.11600 2.77700 -8.31100 9.79600 17.82200 22.29800 16.01200 13.58000 24.68900 24.71900 19.59200
32.00000 7.25300 8.89100 4.12000 -4.97400 4.88300 16.58100 5.21900 -4.89300 8.33100 17.82200 23.76300 16.98800 11.62700 24.68900 24.23100 18.12700
33.00000 6.27600 6.93800 4.60800 -4.48600 3.90600 15.11600 6.19500 -0.98700 5.89000 15.38100 22.78600 15.52300 8.69800 22.73600 20.81300 13.73300
34.00000 1.88200 3.52000 0.21400 -5.46300 0.97700 10.23400 4.24200 2.43100 2.96000 10.98600 19.36800 12.10500 4.30300 18.82900 13.97700 7.38500
35.00000 -3.48900 -1.36300 -6.13400 -7.41600 -1.46500 4.37400 0.33600 3.40800 -0.45800 5.61500 13.02100 7.22200 0.88500 13.45800 6.65300 0.06100
36.00000 -8.37200 -4.78100 -10.52900 -9.85700 -3.41800 0.46800 -3.57100 1.94300 -2.89900 1.22100 6.18500 2.82800 -1.55600 9.06400 -0.18300 -5.31000
37.00000 -11.30200 -7.22200 -12.48200 -11.32200 -4.39500 -0.99700 -6.98900 -0.49800 -4.36400 -0.73200 0.81400 0.87500 -1.55600 6.13400 -3.60100 -7.75100
38.00000 -12.27800 -7.71100 -12.97000 -12.29900 -4.88300 -0.50900 -7.96500 -2.45200 -4.36400 -0.24400 -1.62800 0.87500 -0.58000 5.15700 -4.57800 -7.75100
39.00000 -12.27800 -8.19900 -12.48200 -12.78700 -5.37100 -0.02000 -7.47700 -2.94000 -3.87600 1.22100 -2.11600 2.82800 1.86200 5.64600 -3.60100 -5.79800
40.00000 -11.79000 -8.68700 -12.48200 -12.29900 -6.34800 -0.99700 -6.98900 -1.96300 -2.89900 1.70900 -0.65100 4.29300 3.32600 6.13400 -2.62500 -3.35700
41.00000 -11.79000 -9.66400 -12.48200 -12.29900 -6.83600 -3.43800 -5.52400 -0.01000 -1.92300 1.70900 0.32600 5.75800 4.79100 6.62200 -1.64800 -1.89200
42.00000 -11.30200 -10.64000 -12.48200 -11.81000 -7.32400 -6.36800 -5.03500 1.45500 -0.94600 0.73200 0.32600 5.75800 5.28000 6.13400 -2.13600 -1.40400
43.00000 -11.79000 -11.12900 -12.48200 -11.81000 -6.83600 -7.34500 -5.52400 2.43100 -0.94600 0.24400 -0.65100 4.78100 4.79100 5.64600 -3.11300 -1.89200
44.00000 -11.79000 -10.64000 -12.48200 -11.81000 -5.37100 -6.36800 -5.52400 1.94300 -0.45800 0.24400 -2.60400 3.31600 3.81500 4.66900 -4.57800 -2.86900
45.00000 -11.79000 -10.64000 -13.45800 -11.81000 -3.41800 -3.43800 -6.01200 0.47800 0.03100 0.73200 -4.55700 1.36300 3.32600 4.18100 -6.04200 -3.84500
46.00000 -11.79000 -10.15200 -14.43500 -10.83400 -1.95300 -0.02000 -6.50000 -1.47500 1.49500 1.22100 -6.51000 -1.07800 3.32600 4.66900 -7.50700 -4.82200
47.00000 -10.32500 -9.17600 -13.94700 -9.85700 -0.48800 2.90900 -7.47700 -2.94000 3.44800 2.19700 -7.97500 -3.03100 4.30300 6.13400 -8.48400 -4.82200
48.00000 -8.86000 -7.71100 -11.99300 -8.39200 0.48800 3.88600 -8.45300 -3.91600 5.40200 3.17400 -8.95200 -4.49600 5.76800 8.08700 -8.48400 -3.84500
49.00000 -6.90700 -6.73400 -8.57500 -7.41600 0.48800 3.39800 -8.94200 -3.91600 6.37800 3.66200 -9.44000 -4.98500 7.23300 10.04000 -7.99600 -2.38000
50.00000 -5.44200 -5.75800 -5.64600 -6.43900 -0.48800 0.95600 -9.43000 -2.94000 6.37800 4.15000 -8.46400 -3.52000 7.72100 11.50500 -6.53100 -0.42700
51.00000 -4.46600 -5.75800 -3.20400 -5.46300 -1.95300 -1.97300 -8.45300 -1.47500 4.91300 3.17400 -6.51000 -1.07800 8.20900 11.99300 -4.57800 1.03800
52.00000 -3.48900 -5.75800 -2.22800 -3.99800 -2.93000 -4.41500 -6.50000 0.47800 3.44800 1.22100 -3.58100 1.36300 7.72100 11.99300 -1.64800 2.99100
53.00000 -1.53600 -4.29300 -1.74000 -1.55600 -1.95300 -4.41500 -4.05900 2.43100 2.47200 -0.73200 0.32600 3.80500 7.72100 11.99300 1.77000 4.45600
54.00000 2.37000 -1.36300 -1.25100 1.86200 0.97700 -1.97300 -1.61700 3.89600 2.96000 -0.24400 3.74300 5.75800 7.72100 11.99300 4.70000 5.92000
55.00000 6.76500 2.54300 -0.27500 5.76800 4.39500 2.90900 0.33600 4.38400 4.42500 1.70900 5.20800 6.24600 7.23300 12.48200 6.65300 7.38500
56.00000 10.67100 5.96100 0.70200 8.20900 7.81200 6.81600 0.82400 3.89600 5.40200 4.15000 5.20800 5.75800 6.74400 12.97000 7.14100 8.85000
57.00000 12.13600 6.93800 2.16700 9.67400 7.81200 8.76900 0.33600 2.43100 5.40200 5.61500 3.74300 4.29300 6.25600 13.45800 6.16500 9.33800
58.00000 10.67100 5.47300 2.16700 8.69800 6.34800 7.79200 -1.61700 0.96600 3.93700 4.63900 2.27900 2.34000 5.28000 12.97000 5.18800 9.33800
59.00000 7.74100 3.03100 1.19000 5.76800 3.41800 5.35100 -4.05900 -0.49800 1.49500 2.19700 1.30200 1.36300 4.30300 12.48200 4.21100 8.85000
60.00000 5.30000 1.07800 -0.76300 3.32600 1.46500 3.39800 -5.52400 -0.98700 -0.94600 -0.73200 2.27900 1.36300 3.81500 12.48200 4.70000 8.85000
61.00000 4.32300 1.07800 -2.22800 0.88500 1.46500 3.39800 -5.52400 -0.01000 -1.92300 -1.70900 5.20800 2.82800 4.30300 12.97000 6.65300 9.33800
62.00000 5.30000 2.54300 -2.22800 0.39700 2.44100 3.39800 -4.05900 1.94300 -1.92300 -0.73200 8.13800 5.26900 5.76800 13.94700 9.09400 11.29200
63.00000 6.27600 4.00800 0.21400 0.88500 2.93000 3.88600 -0.64100 3.89600 -1.43400 1.22100 11.06800 8.19900 8.20900 15.41100 12.02400 13.73300
64.00000 6.76500 4.00800 3.63200 1.86200 1.95300 2.90900 2.77700 5.84900 -0.94600 3.17400 13.02100 10.64000 10.16200 16.38800 13.97700 15.68600
65.00000 6.27600 3.03100 7.05000 2.35000 0.00000 1.93300 6.19500 7.80200 -0.45800 4.63900 14.48600 12.10500 11.13900 16.87600 16.41800 16.66300
66.00000 4.81200 1.07800 8.51400 1.86200 -1.95300 1.44400 8.14800 8.77900 0.51900 5.12700 14.97400 12.59400 11.13900 15.90000 16.90700 16.17400
67.00000 3.34700 -0.87500 8.02600 0.88500 -2.93000 1.93300 8.63600 9.75500 1.49500 4.63900 14.48600 12.59400 10.16200 14.43500 16.41800 14.70900
68.00000 1.88200 -1.85100 6.56100 -0.58000 -2.93000 2.90900 8.63600 9.26700 1.98400 4.15000 13.50900 11.12900 9.18600 13.45800 15.44200 12.75600
69.00000 0.41700 -2.34000 5.09600 -3.02100 -1.95300 4.37400 7.17200 7.80200 2.47200 3.66200 12.53300 9.66400 7.72100 12.97000 13.97700 10.80300
70.00000 -0.07100 -2.34000 3.63200 -4.48600 -1.46500 5.35100 6.68300 5.84900 2.96000 3.66200 12.04400 9.17600 7.72100 13.94700 13.48900 10.31500
71.00000 -0.55900 -2.34000 1.67800 -5.95100 -0.97700 7.30400 6.19500 3.40800 3.93700 4.63900 12.04400 9.17600 9.18600 15.41100 14.95400 10.80300
72.00000 -0.55900 -2.34000 -0.27500 -6.92700 -0.48800 9.25700 5.70700 1.94300 4.91300 6.59200 12.53300 9.66400 11.13900 17.36500 16.41800 12.26800
73.00000 -0.55900 -2.82800 -2.22800 -7.41600 -0.48800 10.72200 5.21900 1.45500 5.89000 8.54500 13.50900 11.12900 13.58000 17.85300 18.37200 14.22100
74.00000 -2.02400 -4.29300 -4.66900 -8.39200 -1.46500 9.74500 4.24200 0.96600 6.37800 9.52100 13.02100 11.61700 14.55700 18.34100 18.37200 15.68600
75.00000 -5.44200 -7.22200 -6.62200 -9.85700 -3.41800 5.83900 3.26500 1.45500 5.40200 8.05700 12.53300 11.61700 15.04500 17.85300 17.39500 16.17400
76.00000 -9.34900 -10.64000 -8.08700 -12.29900 -6.83600 -0.02000 1.80100 0.96600 3.93700 5.61500 11.06800 11.12900 14.55700 17.36500 15.93000 16.17400
77.00000 -12.27800 -13.57000 -9.55200 -14.25200 -9.27700 -5.39100 0.82400 0.47800 1.98400 2.68600 9.60300 9.66400 14.55700 16.87600 13.97700 15.19800
78.00000 -13.25500 -15.03500 -9.55200 -15.71700 -9.76600 -6.85600 0.82400 0.47800 1.00700 1.22100 8.62600 9.17600 14.06900 16.87600 13.48900 14.22100
79.00000 -11.30200 -14.05800 -9.06400 -15.22800 -8.30100 -4.41500 1.80100 0.47800 1.00700 1.70900 9.60300 10.15200 14.55700 17.36500 13.48900 13.73300
80.00000 -8.37200 -11.61700 -7.11100 -13.76300 -6.34800 -0.02000 3.75400 1.45500 1.98400 3.66200 12.53300 12.59400 15.53300 17.36500 14.95400 13.24500
81.00000 -5.93100 -9.66400 -4.66900 -11.81000 -5.85900 2.42100 6.19500 2.92000 2.47200 4.63900 14.48600 15.03500 16.99800 18.34100 16.41800 13.73300
82.00000 -5.93100 -8.68700 -3.69300 -11.32200 -6.34800 1.93300 7.66000 4.38400 2.47200 4.63900 16.92700 16.98800 17.97500 18.34100 16.90700 14.22100
83.00000 -8.37200 -10.15200 -4.18100 -11.32200 -8.78900 -0.99700 7.66000 4.87300 1.98400 3.66200 17.41500 17.47600 17.97500 18.34100 16.90700 13.73300
84.00000 -11.30200 -12.10500 -6.13400 -12.29900 -10.74200 -4.41500 6.19500 3.89600 1.98400 2.68600 16.92700 16.98800 17.48700 17.36500 15.93000 12.75600
85.00000 -14.23100 -13.57000 -8.57500 -13.27500 -11.23000 -5.88000 3.75400 2.92000 1.98400 2.19700 14.97400 16.01200 16.02200 15.90000 13.97700 10.80300
86.00000 -15.69600 -15.03500 -10.04000 -13.76300 -10.25400 -4.90300 0.82400 1.45500 2.47200 1.70900 13.02100 14.05800 14.06900 14.43500 12.02400 8.36200
87.00000 -16.18400 -15.03500 -10.04000 -13.76300 -8.30100 -3.43800 -2.10600 -0.01000 3.44800 1.22100 10.57900 12.10500 12.60400 12.97000 9.09400 5.43200
88.00000 -16.18400 -14.54700 -10.52900 -13.76300 -7.32400 -3.43800 -5.52400 -0.49800 3.93700 0.24400 7.65000 9.66400 11.13900 11.99300 5.67600 2.50200
89.00000 -16.18400 -14.05800 -13.45800 -13.27500 -6.83600 -4.90300 -8.45300 -0.49800 3.93700 -1.70900 4.23200 7.22200 9.67400 11.01700 2.25800 0.06100
90.00000 -16.18400 -13.08200 -17.36500 -12.78700 -6.83600 -7.34500 -10.89500 0.47800 3.44800 -3.17400 1.30200 5.26900 8.69800 10.04000 -0.67100 -1.89200
91.00000 -15.69600 -12.59400 -21.27100 -10.83400 -6.34800 -8.80900 -12.36000 1.45500 3.44800 -4.15000 -1.13900 3.80500 7.72100 9.55200 -3.60100 -3.35700
92.00000 -14.72000 -12.59400 -22.24700 -8.39200 -5.85900 -9.29800 -12.36000 2.92000 3.44800 -4.15000 -1.62800 3.80500 7.23300 9.06400 -5.55400 -4.82200
93.00000 -13.25500 -12.59400 -18.82900 -5.46300 -4.88300 -8.32100 -10.40600 4.38400 4.42500 -4.15000 -0.65100 4.78100 6.25600 8.08700 -6.04200 -6.28700
94.00000 -11.79000 -12.59400 -12.48200 -3.51000 -3.90600 -7.83300 -7.96500 5.36100 4.91300 -4.15000 1.79000 5.75800 5.76800 7.59900 -6.04200 -7.26300
95.00000 -10.81300 -12.10500 -7.59900 -3.51000 -3.41800 -7.34500 -5.52400 5.84900 5.89000 -4.15000 4.72000 7.22200 5.28000 6.13400 -5.55400 -7.75100
96.00000 -10.81300 -11.61700 -7.11100 -4.97400 -2.93000 -6.36800 -5.03500 5.84900 6.86600 -4.63900 6.18500 7.22200 5.28000 5.64600 -5.55400 -7.26300
97.00000 -12.27800 -11.12900 -11.99300 -8.39200 -2.93000 -5.39100 -6.01200 4.38400 7.35500 -4.63900 5.69700 5.75800 5.28000 5.15700 -5.55400 -6.77500
98.00000 -14.23100 -11.61700 -19.80600 -11.81000 -2.93000 -4.41500 -8.94200 1.94300 7.35500 -4.15000 2.76700 4.29300 5.28000 5.64600 -6.04200 -6.28700
99.00000 -16.18400 -12.10500 -25.66500 -14.25200 -2.93000 -2.95000 -11.38300 -0.49800 6.86600 -3.17400 0.32600 2.34000 5.76800 6.62200 -6.53100 -5.79800
100.00000 -16.67300 -12.59400 -26.64200 -14.74000 -2.44100 -1.97300 -12.84800 -1.47500 5.89000 -1.70900 -0.65100 1.85100 6.25600 7.59900 -6.53100 -4.82200
101.00000 -14.72000 -11.12900 -22.24700 -12.29900 -0.97700 -0.02000 -11.87100 -0.01000 5.89000 0.73200 0.81400 3.31600 7.23300 9.06400 -5.06600 -3.84500
102.00000 -10.32500 -7.71100 -14.92300 -7.41600 1.46500 2.90900 -7.96500 2.43100 6.37800 3.66200 4.72000 5.26900 8.69800 11.01700 -2.62500 -1.89200
103.00000 -5.44200 -2.82800 -8.08700 -2.04500 5.37100 7.30400 -3.08200 5.84900 7.35500 7.56800 9.60300 7.71100 9.67400 13.94700 0.30500 0.54900
104.00000 -0.55900 2.54300 -3.69300 2.35000 9.27700 12.67500 1.80100 8.29100 9.79600 12.45100 13.02100 9.17600 11.62700 17.36500 2.74700 3.47900
105.00000 1.88200 6.44900 -2.22800 4.30300 12.69500 17.06900 4.73000 9.26700 11.74900 15.86900 14.97400 9.17600 12.60400 20.78200 4.21100 5.43200
106.00000 2.85800 8.40300 -1.74000 3.81500 13.18400 19.02300 5.70700 8.77900 12.72600 18.31100 14.97400 8.19900 12.11500 22.24700 3.72300 5.92000
107.00000 1.88200 7.91400 -1.74000 1.37300 11.71900 18.04600 5.21900 6.82600 11.74900 18.31100 13.02100 6.24600 10.16200 21.27100 1.28200 4.45600
108.00000 0.41700 5.96100 -1.25100 -1.55600 9.76600 15.60500 4.24200 4.87300 10.28400 16.35700 9.60300 3.80500 7.23300 18.34100 -3.60100 1.03800
109.00000 -0.55900 4.49600 -0.76300 -3.51000 8.30100 13.65200 3.75400 3.40800 8.82000 13.91600 5.20800 0.87500 4.30300 14.43500 -8.48400 -2.86900
110.00000 -1.53600 3.52000 -1.74000 -4.48600 8.30100 13.65200 3.75400 2.92000 8.33100 11.96300 2.27900 -0.59000 2.35000 11.01700 -11.90200 -6.77500
111.00000 -1.53600 3.52000 -2.22800 -3.51000 8.78900 15.11600 4.24200 2.92000 8.33100 10.98600 1.30200 -0.59000 1.86200 9.55200 -12.87800 -8.72800
112.00000 -1.04800 4.00800 -3.69300 -3.02100 9.76600 17.06900 4.73000 3.89600 8.33100 11.47500 2.27900 0.87500 2.35000 9.55200 -11.41400 -8.72800
113.00000 -0.07100 5.47300 -3.20400 -3.02100 10.74200 19.02300 5.70700 4.87300 8.33100 12.45100 4.23200 3.31600 3.81500 10.04000 -8.97200 -7.75100
114.00000 1.39400 6.93800 -2.22800 -2.53300 10.74200 20.97600 6.19500 6.33700 8.33100 13.42800 6.67300 5.26900 4.79100 10.04000 -6.53100 -6.28700
115.00000 3.34700 8.40300 -0.27500 -3.02100 11.23000 22.92900 6.68300 6.82600 8.82000 14.89300 7.65000 6.24600 4.79100 10.04000 -5.06600 -5.79800
116.00000 4.81200 10.35600 1.19000 -3.99800 12.20700 25.37000 8.14800 6.82600 10.28400 16.35700 8.13800 5.75800 4.79100 10.04000 -5.06600 -5.31000
117.00000 5.78800 11.33200 3.14300 -4.48600 13.18400 28.78800 10.10100 5.84900 11.74900 18.31100 8.62600 5.75800 4.79100 11.01700 -4.57800 -4.33300
118.00000 6.27600 12.30900 5.09600 -4.48600 14.16000 31.23000 12.54300 5.36100 13.21400 20.26400 10.09100 6.24600 5.76800 13.45800 -3.11300 -2.38000
119.00000 6.27600 12.30900 7.53800 -3.51000 13.67200 32.69400 14.49600 5.36100 13.70200 21.72900 12.04400 7.22200 7.23300 15.90000 -0.67100 0.06100
120.00000 6.27600 12.30900 9.00300 -3.02100 11.71900 32.20600 15.96100 6.33700 13.21400 23.19300 13.50900 8.68700 8.69800 18.34100 1.28200 2.01400
121.00000 5.30000 11.33200 9.97900 -3.02100 9.27700 31.71800 14.98400 7.31400 12.23800 23.68200 13.50900 8.68700 8.20900 19.31800 1.28200 2.01400
122.00000 3.83500 9.37900 9.00300 -3.51000 6.83600 29.76500 13.03100 7.80200 10.28400 23.19300 11.06800 7.22200 7.23300 17.85300 -0.67100 0.54900
123.00000 1.88200 7.42600 7.05000 -4.48600 4.39500 27.32300 11.07800 8.77900 8.82000 21.72900 8.13800 5.26900 4.79100 14.92300 -3.60100 -1.89200
124.00000 0.41700 4.98500 5.09600 -5.95100 2.44100 25.37000 9.12500 8.29100 7.35500 19.28700 5.69700 4.29300 1.86200 11.01700 -6.04200 -4.33300
125.00000 -0.55900 3.52000 4.60800 -6.92700 1.46500 23.90500 9.12500 8.77900 5.89000 17.33400 4.72000 4.29300 -0.09200 8.08700 -6.53100 -4.82200
126.00000 -1.04800 3.52000 6.07300 -7.90400 1.46500 24.39400 10.10100 8.77900 4.91300 15.38100 4.72000 4.78100 -0.58000 6.13400 -6.04200 -4.82200
127.00000 -1.04800 4.49600 8.02600 -8.39200 2.44100 25.37000 10.10100 9.26700 4.42500 14.89300 4.72000 5.75800 -0.58000 5.64600 -6.04200 -4.33300
128.00000 -1.04800 4.49600 9.00300 -8.39200 3.90600 26.34700 8.63600 9.26700 4.42500 13.91600 3.74300 5.26900 -0.58000 4.66900 -6.53100 -5.31000
129.00000 -2.02400 3.03100 8.02600 -9.36900 3.90600 24.39400 6.19500 8.77900 4.42500 11.47500 1.30200 3.80500 -2.53300 1.74000 -8.97200 -7.75100
130.00000 -4.46600 0.10200 4.60800 -10.83400 3.41800 20.48700 1.80100 7.31400 4.42500 7.56800 -1.62800 1.36300 -5.46300 -2.65500 -11.90200 -12.14600
131.00000 -5.93100 -3.31600 0.21400 -11.32200 0.97700 14.14000 -2.10600 5.36100 3.93700 2.68600 -4.55700 -1.56700 -9.36900 -8.02600 -15.80800 -17.02900
132.00000 -7.39500 -6.24600 -2.71600 -11.81000 -0.97700 9.74500 -5.52400 3.89600 3.44800 -1.22100 -7.97500 -4.98500 -12.29900 -12.42100 -19.22600 -21.42300
133.00000 -7.39500 -7.22200 -4.66900 -11.32200 -1.95300 9.25700 -7.47700 2.92000 3.44800 -2.19700 -10.90500 -8.40300 -13.76300 -14.86200 -22.15600 -24.84100
134.00000 -7.39500 -7.22200 -4.66900 -10.83400 -2.44100 11.69800 -8.94200 2.43100 3.93700 -1.22100 -13.83500 -10.84400 -13.76300 -15.35000 -24.10900 -25.81800
135.00000 -7.39500 -6.24600 -3.69300 -10.83400 -1.95300 14.62800 -9.91800 1.94300 4.42500 0.73200 -15.29900 -11.82000 -12.78700 -13.88500 -25.08500 -24.35300
136.00000 -8.37200 -6.24600 -4.18100 -11.81000 -2.44100 15.11600 -10.40600 1.45500 4.42500 2.19700 -16.27600 -11.33200 -11.32200 -11.93200 -24.59700 -21.91200
137.00000 -9.83700 -7.22200 -6.13400 -14.25200 -2.93000 12.67500 -11.38300 0.47800 4.91300 1.70900 -16.27600 -10.35600 -10.34500 -10.46800 -23.13200 -19.47000
138.00000 -11.79000 -9.17600 -9.55200 -17.18100 -3.90600 8.28000 -12.36000 -0.49800 5.40200 0.24400 -15.78800 -10.35600 -9.85700 -9.97900 -22.15600 -18.00500
139.00000 -13.74300 -12.10500 -13.45800 -19.13500 -5.37100 5.35100 -13.82400 -1.96300 5.40200 -2.19700 -16.27600 -10.84400 -10.34500 -10.46800 -22.15600 -18.49400
140.00000 -16.18400 -14.05800 -17.36500 -21.08800 -6.34800 3.39800 -15.77800 -3.91600 4.91300 -3.66200 -18.22900 -12.30900 -11.32200 -11.44400 -23.13200 -19.95800
141.00000 -18.13800 -16.98800 -19.31800 -21.08800 -6.83600 1.93300 -18.21900 -5.87000 3.93700 -5.61500 -20.18200 -14.26200 -12.78700 -13.39700 -25.08500 -22.40000
142.00000 -20.57900 -19.43000 -20.78200 -21.08800 -7.32400 0.95600 -20.17200 -7.33400 3.44800 -6.10400 -21.64700 -15.23800 -13.27500 -14.37400 -26.06200 -23.86500
143.00000 -22.53200 -21.38300 -21.27100 -21.57600 -8.30100 -0.02000 -21.63700 -7.82300 2.47200 -6.59200 -21.64700 -15.23800 -13.27500 -15.35000 -26.06200 -23.86500
144.00000 -23.50900 -22.35900 -21.27100 -22.06400 -9.27700 -0.99700 -21.63700 -7.82300 1.98400 -6.59200 -20.18200 -14.26200 -12.29900 -15.35000 -25.08500 -22.88800
145.00000 -23.99700 -21.38300 -21.27100 -21.57600 -9.27700 -0.50900 -20.17200 -7.33400 1.98400 -6.10400 -17.74100 -12.30900 -10.34500 -14.37400 -23.13200 -21.42300
146.00000 -23.02000 -19.43000 -21.27100 -21.08800 -9.27700 -0.02000 -17.24200 -5.38100 1.98400 -6.10400 -14.32300 -9.86700 -8.88100 -13.88500 -20.20300 -19.95800
147.00000 -22.04400 -16.98800 -21.75900 -19.62300 -8.30100 -0.02000 -14.31300 -3.42800 1.98400 -6.59200 -11.39300 -6.93800 -7.41600 -13.39700 -17.76100 -18.98200
148.00000 -21.06700 -15.03500 -22.73600 -18.64600 -7.81200 -0.50900 -12.36000 -0.98700 1.98400 -8.05700 -8.95200 -4.00800 -5.46300 -12.90900 -15.80800 -18.00500
149.00000 -20.57900 -13.57000 -22.24700 -17.67000 -6.83600 -0.99700 -11.38300 -0.01000 2.47200 -8.05700 -7.48700 -1.56700 -3.51000 -12.42100 -14.34300 -17.02900
150.00000 -19.60200 -13.08200 -21.27100 -16.69300 -6.34800 -0.02000 -11.38300 0.96600 2.96000 -7.56800 -7.48700 -0.59000 -1.06800 -10.95600 -13.36700 -15.56400
151.00000 -18.62600 -12.10500 -19.31800 -15.22800 -5.85900 1.93300 -10.89500 1.45500 3.44800 -5.61500 -8.46400 -0.59000 1.37300 -9.49100 -12.87800 -14.09900
152.00000 -17.16100 -10.64000 -17.36500 -13.27500 -5.37100 3.39800 -10.40600 1.94300 3.93700 -3.66200 -9.92800 -1.56700 2.35000 -9.00300 -13.36700 -12.14600
153.00000 -15.69600 -9.17600 -16.87600 -11.81000 -4.39500 2.42100 -9.43000 1.45500 3.44800 -3.17400 -10.90500 -3.03100 1.86200 -9.49100 -13.85500 -11.65800
154.00000 -14.72000 -8.19900 -18.34100 -10.83400 -3.41800 -0.99700 -8.94200 1.45500 2.96000 -4.63900 -12.37000 -4.00800 -0.09200 -10.95600 -14.83200 -12.14600
155.00000 -13.74300 -7.22200 -20.29400 -9.85700 -1.95300 -4.90300 -9.43000 0.47800 1.98400 -7.08000 -13.83500 -4.98500 -2.04500 -12.90900 -16.29600 -13.12300
156.00000 -13.25500 -6.73400 -20.78200 -9.36900 -1.46500 -6.85600 -9.91800 -0.49800 1.49500 -9.52100 -15.29900 -6.44900 -3.02100 -13.88500 -18.25000 -14.09900
157.00000 -12.27800 -6.24600 -18.82900 -8.39200 -0.97700 -6.36800 -9.91800 -0.98700 0.51900 -10.49800 -16.27600 -6.93800 -4.48600 -14.37400 -20.20300 -15.56400
158.00000 -12.27800 -5.75800 -15.41100 -6.92700 -1.46500 -3.92700 -9.43000 -0.01000 0.03100 -10.49800 -16.27600 -7.42600 -5.46300 -14.86200 -20.69100 -16.54100
159.00000 -10.81300 -4.78100 -12.48200 -5.46300 -1.46500 -1.97300 -8.45300 1.45500 -0.94600 -10.01000 -15.29900 -6.44900 -6.92700 -15.35000 -20.69100 -17.51700
160.00000 -9.83700 -4.29300 -11.50500 -4.48600 -1.95300 -1.97300 -7.47700 3.40800 -1.92300 -9.52100 -14.32300 -5.96100 -8.39200 -16.32700 -19.71400 -18.00500
161.00000 -7.88400 -3.31600 -11.99300 -3.51000 -1.95300 -3.92700 -7.47700 5.36100 -1.92300 -9.52100 -13.34600 -4.98500 -9.36900 -16.81500 -19.22600 -18.98200
162.00000 -5.44200 -1.85100 -13.45800 -3.02100 -1.46500 -5.88000 -8.45300 5.84900 -1.43400 -9.52100 -13.83500 -5.47300 -10.34500 -16.81500 -19.22600 -19.47000
163.00000 -3.48900 -0.87500 -13.94700 -2.53300 -0.48800 -6.85600 -9.91800 4.87300 -0.94600 -9.52100 -15.29900 -5.96100 -10.83400 -17.30300 -20.20300 -19.95800
164.00000 -2.02400 0.59000 -13.45800 -1.55600 0.97700 -5.88000 -10.40600 3.40800 -1.43400 -10.01000 -16.27600 -7.42600 -11.81000 -18.28000 -21.17900 -20.93500
165.00000 -0.55900 2.05500 -12.48200 -1.06800 1.95300 -4.41500 -9.43000 1.94300 -2.41100 -10.49800 -16.76400 -7.42600 -12.29900 -20.23300 -21.66700 -22.40000
166.00000 0.41700 3.52000 -11.50500 -0.58000 2.44100 -2.46200 -7.47700 0.96600 -3.38700 -10.49800 -16.27600 -7.42600 -12.29900 -22.18600 -21.17900 -22.88800
167.00000 1.39400 4.49600 -10.04000 -1.06800 2.44100 -2.46200 -6.01200 0.47800 -3.38700 -10.98600 -15.78800 -7.42600 -11.32200 -23.16300 -21.17900 -22.88800
168.00000 1.88200 4.98500 -9.06400 -2.53300 1.95300 -3.43800 -5.52400 -0.01000 -2.89900 -10.49800 -16.27600 -7.42600 -9.85700 -22.67500 -21.66700 -21.91200
169.00000 1.39400 4.49600 -9.06400 -4.48600 1.46500 -5.39100 -6.50000 -0.01000 -1.92300 -10.01000 -17.74100 -7.91400 -8.39200 -21.21000 -21.66700 -20.93500
170.00000 0.41700 3.03100 -9.55200 -6.92700 0.00000 -8.32100 -8.45300 -0.49800 -1.43400 -10.01000 -18.71700 -7.91400 -7.90400 -19.74500 -22.15600 -19.95800
171.00000 -1.04800 2.05500 -10.52900 -8.88100 -1.46500 -9.78600 -9.43000 -0.49800 -1.92300 -10.01000 -18.71700 -7.91400 -8.39200 -20.23300 -21.66700 -20.44700
172.00000 -2.51300 1.07800 -12.48200 -10.83400 -3.41800 -10.27400 -10.40600 -1.47500 -2.89900 -10.49800 -18.22900 -7.91400 -9.36900 -21.69800 -21.66700 -21.91200
173.00000 -3.97700 0.59000 -15.41100 -12.29900 -4.88300 -8.80900 -10.89500 -1.96300 -3.87600 -11.47500 -18.22900 -8.40300 -10.83400 -23.65100 -21.66700 -23.37600
174.00000 -5.93100 -0.38700 -18.82900 -13.76300 -5.85900 -7.83300 -12.36000 -3.42800 -3.87600 -12.93900 -19.69400 -9.86700 -11.32200 -25.11600 -22.64400 -24.84100
175.00000 -7.88400 -1.36300 -22.73600 -15.22800 -6.83600 -7.83300 -15.28900 -5.87000 -3.87600 -14.40400 -22.62400 -12.79700 -10.83400 -25.60400 -24.10900 -25.33000
176.00000 -9.83700 -2.82800 -26.15400 -17.18100 -7.32400 -9.78600 -18.21900 -8.31100 -3.38700 -15.38100 -26.04200 -15.23800 -10.83400 -25.60400 -25.57400 -25.33000
177.00000 -11.79000 -4.78100 -28.59500 -18.64600 -7.81200 -13.20400 -21.14900 -10.26400 -2.89900 -16.84600 -28.97100 -17.19200 -11.32200 -25.11600 -26.55000 -25.33000
178.00000 -12.27800 -5.75800 -28.59500 -18.64600 -7.32400 -15.64500 -22.12500 -10.75200 -2.89900 -17.33400 -29.46000 -18.16800 -12.29900 -26.09300 -27.03900 -25.33000
179.00000 -12.27800 -5.75800 -27.13000 -18.15800 -6.83600 -15.64500 -22.12500 -10.26400 -2.41100 -17.82200 -28.48300 -17.68000 -13.76300 -27.06900 -27.52700 -26.79400
180.00000 -11.30200 -4.78100 -24.68900 -16.20500 -5.37100 -13.69200 -21.14900 -8.79900 -2.41100 -18.31100 -27.01800 -17.68000 -15.22800 -28.53400 -28.50300 -27.77100
181.00000 -10.32500 -4.29300 -22.73600 -15.22800 -4.39500 -10.76300 -20.17200 -7.82300 -1.92300 -18.79900 -26.04200 -17.68000 -16.69300 -29.99900 -28.99200 -28.25900
182.00000 -9.34900 -4.29300 -22.24700 -14.74000 -4.39500 -10.27400 -19.68400 -7.82300 -2.41100 -19.77500 -27.01800 -19.14500 -17.67000 -30.97500 -30.45700 -28.74800
183.00000 -9.83700 -5.26900 -22.24700 -15.22800 -5.37100 -11.25100 -19.68400 -9.28800 -3.38700 -21.24000 -28.97100 -21.58600 -18.64600 -31.95200 -31.43300 -29.23600
184.00000 -11.30200 -6.73400 -23.22400 -16.69300 -7.32400 -14.18100 -19.68400 -10.75200 -4.85200 -22.21700 -31.41300 -24.02800 -19.62300 -32.44000 -33.38600 -29.72400
185.00000 -12.76700 -8.19900 -23.71200 -17.18100 -8.30100 -15.15700 -19.68400 -11.24100 -5.82900 -22.21700 -32.38900 -25.49200 -20.11100 -32.92800 -34.36300 -30.21200
186.00000 -14.23100 -9.17600 -22.73600 -17.67000 -8.78900 -14.18100 -19.68400 -9.77600 -5.34100 -20.26400 -31.41300 -24.51600 -19.62300 -32.92800 -33.38600 -30.21200
187.00000 -15.69600 -9.66400 -22.24700 -17.18100 -8.78900 -12.71600 -18.70700 -7.33400 -4.36400 -18.79900 -27.99500 -21.09800 -18.64600 -32.92800 -30.45700 -28.25900
188.00000 -17.16100 -10.64000 -21.75900 -17.67000 -9.27700 -12.22700 -17.24200 -3.91600 -2.89900 -18.31100 -23.11200 -16.21500 -16.20500 -32.92800 -26.06200 -25.81800
189.00000 -19.11400 -13.08200 -22.24700 -18.64600 -10.25400 -14.18100 -15.28900 -1.47500 -1.92300 -19.77500 -19.69400 -11.33200 -14.25200 -32.92800 -22.15600 -24.35300
190.00000 -22.04400 -16.01200 -23.71200 -20.11100 -12.69500 -18.57500 -15.28900 -0.98700 -2.41100 -23.68200 -18.71700 -9.37900 -14.25200 -34.88200 -21.17900 -24.84100
191.00000 -25.46200 -19.91800 -25.66500 -21.57600 -14.64800 -23.94600 -16.75400 -2.45200 -3.87600 -27.58800 -20.67100 -9.86700 -16.69300 -37.32300 -24.10900 -28.25900
192.00000 -28.39200 -22.35900 -28.10700 -23.04100 -16.60200 -26.87600 -19.68400 -5.38100 -6.31700 -30.51800 -24.57700 -12.79700 -20.11100 -40.25300 -28.01500 -33.14200
193.00000 -30.34500 -23.82400 -31.03600 -24.01700 -16.60200 -27.85200 -22.61400 -8.31100 -7.78200 -31.98200 -27.01800 -15.23800 -23.04100 -41.71800 -31.43300 -36.07200
194.00000 -31.32100 -23.33600 -33.47800 -24.50600 -15.62500 -26.87600 -23.59000 -9.77600 -8.75900 -31.49400 -27.50700 -15.72700 -24.01700 -41.22900 -31.92100 -35.58300
195.00000 -31.32100 -22.84700 -34.45400 -25.48200 -14.16000 -24.43400 -23.10200 -9.28800 -8.27000 -30.02900 -25.55300 -14.26200 -22.55200 -38.78800 -29.96800 -32.65400
196.00000 -30.83300 -21.87100 -33.47800 -25.97000 -13.18400 -22.48100 -21.14900 -7.82300 -7.29400 -28.56400 -23.11200 -12.30900 -20.59900 -35.85800 -27.52700 -29.72400
197.00000 -30.83300 -21.87100 -31.52500 -25.97000 -12.69500 -21.01600 -19.19600 -6.35800 -6.80500 -28.07600 -21.64700 -11.33200 -19.13500 -34.39300 -26.55000 -27.77100
198.00000 -31.80900 -22.84700 -29.08300 -25.97000 -13.18400 -20.04000 -17.73100 -5.38100 -6.80500 -27.58800 -21.15900 -11.33200 -19.13500 -33.90500 -26.55000 -27.28300
199.00000 -32.78600 -24.31200 -28.10700 -25.48200 -14.64800 -18.57500 -17.24200 -4.40500 -6.80500 -26.61100 -21.15900 -11.33200 -19.13500 -34.39300 -26.06200 -27.28300
200.00000 -33.27400 -25.77700 -28.59500 -25.48200 -15.62500 -17.11000 -16.75400 -4.40500 -6.80500 -25.63500 -20.67100 -11.33200 -19.13500 -34.39300 -25.08500 -26.79400
201.00000 -32.78600 -26.75400 -29.57200 -25.48200 -16.60200 -16.62200 -16.75400 -4.89300 -6.31700 -24.65800 -19.69400 -11.33200 -18.15800 -33.41700 -23.62100 -25.81800
202.00000 -31.80900 -27.24200 -30.06000 -25.97000 -17.09000 -18.08700 -16.75400 -5.87000 -5.82900 -23.68200 -19.20600 -11.82000 -17.67000 -31.46400 -23.13200 -24.84100
203.00000 -30.83300 -26.26500 -29.08300 -25.48200 -16.60200 -20.04000 -17.24200 -7.82300 -5.34100 -23.68200 -19.69400 -13.28500 -18.15800 -30.97500 -23.62100 -25.81800
204.00000 -29.36800 -24.80100 -27.13000 -25.48200 -15.62500 -21.99300 -18.21900 -8.79900 -4.85200 -23.68200 -20.67100 -14.26200 -18.64600 -30.97500 -25.08500 -27.28300
205.00000 -28.88000 -23.33600 -25.17700 -24.99400 -13.67200 -21.50500 -18.70700 -9.28800 -4.36400 -22.70500 -20.18200 -14.26200 -19.62300 -30.97500 -25.08500 -28.25900
206.00000 -27.90300 -22.84700 -24.20000 -24.50600 -12.20700 -19.06300 -18.21900 -7.82300 -3.38700 -20.75200 -18.22900 -11.33200 -18.64600 -30.48700 -22.64400 -27.28300
207.00000 -27.41500 -22.84700 -23.22400 -23.52900 -11.23000 -16.13400 -16.26600 -5.38100 -2.41100 -18.31100 -14.81100 -7.91400 -16.20500 -28.04600 -18.73800 -23.37600
208.00000 -26.92700 -23.33600 -22.73600 -22.55200 -11.23000 -14.18100 -13.82400 -2.94000 -1.43400 -15.86900 -10.90500 -4.00800 -13.27500 -24.13900 -14.34300 -18.98200
209.00000 -26.43800 -22.84700 -21.27100 -21.08800 -10.74200 -13.69200 -11.87100 -0.98700 0.03100 -13.91600 -8.46400 -1.56700 -10.34500 -20.72100 -11.41400 -15.56400
210.00000 -26.43800 -21.87100 -20.78200 -20.11100 -9.76600 -14.18100 -10.89500 -0.01000 1.49500 -11.96300 -7.48700 -1.07800 -7.90400 -18.28000 -9.94900 -13.61100
211.00000 -26.43800 -20.40600 -22.24700 -20.11100 -8.78900 -13.69200 -11.38300 -0.98700 3.44800 -9.52100 -8.46400 -1.07800 -5.46300 -17.30300 -9.94900 -13.12300
212.00000 -26.43800 -18.45300 -24.68900 -21.08800 -7.81200 -11.25100 -11.87100 -2.94000 5.40200 -7.08000 -9.44000 -1.56700 -3.51000 -16.32700 -9.94900 -12.63400
213.00000 -25.95000 -17.47600 -27.13000 -22.06400 -7.32400 -7.83300 -11.38300 -4.40500 6.86600 -4.63900 -9.92800 -1.07800 -1.06800 -14.37400 -9.46000 -10.68100
214.00000 -25.46200 -16.98800 -28.10700 -22.55200 -7.81200 -5.88000 -10.89500 -5.38100 6.86600 -3.17400 -9.44000 -0.59000 0.88500 -12.42100 -8.97200 -9.21600
215.00000 -25.46200 -17.96500 -26.64200 -21.57600 -8.30100 -6.85600 -9.43000 -5.38100 6.86600 -2.68600 -8.46400 0.38700 2.83800 -11.44400 -9.46000 -8.24000
216.00000 -25.46200 -18.45300 -23.71200 -19.62300 -9.76600 -10.27400 -9.43000 -4.40500 6.37800 -3.66200 -7.97500 1.85100 4.30300 -10.95600 -9.94900 -8.24000
217.00000 -25.95000 -18.94100 -21.75900 -18.15800 -10.25400 -14.66900 -9.43000 -2.94000 5.89000 -5.12700 -7.97500 2.82800 5.76800 -10.95600 -9.46000 -8.24000
218.00000 -25.95000 -19.43000 -21.27100 -17.67000 -10.74200 -18.08700 -10.40600 -2.45200 5.40200 -6.59200 -7.97500 4.29300 6.74400 -10.95600 -8.97200 -7.75100
219.00000 -25.95000 -19.91800 -22.73600 -19.13500 -10.25400 -18.57500 -11.38300 -1.96300 5.89000 -7.56800 -7.97500 4.78100 7.23300 -10.95600 -7.99600 -6.28700
220.00000 -24.97400 -19.91800 -24.20000 -20.59900 -9.76600 -16.62200 -12.84800 -2.45200 5.89000 -7.56800 -8.46400 4.78100 7.23300 -9.97900 -7.01900 -4.82200
221.00000 -23.99700 -18.94100 -25.17700 -21.57600 -8.78900 -13.20400 -13.33600 -3.91600 5.89000 -6.59200 -8.95200 3.31600 5.76800 -9.97900 -7.50700 -4.33300
222.00000 -22.53200 -16.98800 -24.20000 -22.06400 -7.32400 -9.78600 -13.33600 -4.89300 5.40200 -5.61500 -8.95200 1.85100 4.30300 -9.97900 -8.48400 -4.82200
223.00000 -21.06700 -15.03500 -21.75900 -20.59900 -6.34800 -7.83300 -12.36000 -4.89300 4.91300 -5.12700 -8.46400 0.38700 2.83800 -10.95600 -9.46000 -6.28700
224.00000 -19.60200 -13.57000 -18.82900 -18.64600 -5.85900 -7.83300 -11.38300 -4.89300 3.44800 -6.10400 -7.97500 -1.07800 1.37300 -12.90900 -9.46000 -6.77500
225.00000 -19.11400 -14.05800 -17.36500 -16.69300 -6.83600 -9.78600 -10.40600 -3.91600 1.49500 -8.05700 -7.97500 -2.05500 -0.09200 -14.37400 -8.97200 -6.77500
226.00000 -19.60200 -15.03500 -18.82900 -15.22800 -8.30100 -13.69200 -10.40600 -3.91600 -0.45800 -10.01000 -8.46400 -3.52000 -1.55600 -15.83900 -7.50700 -5.79800
227.00000 -20.57900 -16.98800 -22.24700 -15.22800 -9.27700 -16.62200 -11.38300 -4.40500 -1.43400 -11.96300 -9.44000 -4.49600 -2.53300 -16.32700 -6.53100 -4.82200
228.00000 -21.55600 -17.47600 -26.15400 -16.20500 -9.76600 -18.08700 -12.84800 -5.38100 -1.43400 -11.96300 -9.92800 -4.00800 -2.53300 -16.32700 -5.06600 -4.33300
229.00000 -21.06700 -16.01200 -27.61800 -16.20500 -7.81200 -16.13400 -13.33600 -5.87000 0.51900 -9.52100 -8.95200 -2.54300 -1.55600 -14.86200 -3.11300 -3.35700
230.00000 -19.11400 -13.08200 -24.68900 -15.71700 -4.88300 -11.73900 -12.36000 -5.38100 2.96000 -5.61500 -6.02200 -0.10200 0.88500 -12.42100 -0.67100 -2.38000
231.00000 -15.69600 -9.66400 -19.31800 -14.25200 -0.97700 -6.85600 -9.91800 -4.40500 5.89000 -1.22100 -1.62800 2.34000 3.32600 -9.97900 1.28200 -0.42700
232.00000 -12.27800 -7.22200 -13.94700 -12.78700 1.46500 -2.95000 -6.98900 -2.94000 7.35500 1.22100 1.79000 4.78100 5.76800 -7.53800 2.74700 0.54900
233.00000 -10.81300 -6.24600 -11.50500 -11.81000 2.93000 -2.46200 -5.03500 -1.47500 8.33100 2.19700 3.25500 5.26900 6.74400 -6.07300 2.74700 1.52600
234.00000 -11.30200 -6.73400 -13.45800 -11.81000 2.44100 -4.41500 -4.54700 -0.98700 8.82000 1.70900 2.27900 5.26900 7.72100 -6.07300 1.77000 1.52600
235.00000 -12.76700 -8.19900 -17.85300 -12.29900 0.97700 -7.34500 -5.52400 -0.98700 8.33100 0.73200 -0.16300 4.78100 8.20900 -6.56100 0.30500 -0.42700
236.00000 -14.72000 -10.15200 -20.78200 -13.27500 -0.48800 -8.80900 -6.98900 -0.49800 7.84300 0.24400 -1.62800 5.26900 8.20900 -7.05000 -1.16000 -2.38000
237.00000 -16.18400 -11.12900 -21.27100 -13.76300 -1.95300 -8.32100 -7.47700 0.47800 6.37800 0.73200 -2.11600 6.24600 7.72100 -8.02600 -2.62500 -4.82200
238.00000 -16.67300 -11.12900 -18.34100 -14.25200 -1.95300 -6.36800 -6.50000 1.45500 5.40200 1.70900 -1.62800 6.73400 7.72100 -8.02600 -3.11300 -5.79800
239.00000 -15.69600 -10.15200 -14.43500 -14.74000 -1.46500 -3.92700 -5.03500 2.43100 4.91300 2.68600 -0.65100 6.73400 7.23300 -7.53800 -4.08900 -6.28700
240.00000 -14.72000 -8.68700 -12.48200 -15.22800 -0.48800 -2.95000 -4.05900 2.43100 5.40200 3.66200 -1.13900 5.75800 6.74400 -6.56100 -5.06600 -5.79800
241.00000 -14.23100 -7.22200 -13.45800 -16.20500 0.00000 -2.46200 -4.05900 0.96600 6.37800 4.15000 -2.60400 3.80500 6.25600 -6.07300 -6.53100 -5.79800
242.00000 -14.23100 -7.22200 -16.87600 -16.20500 -0.48800 -2.95000 -6.01200 -1.47500 6.37800 3.17400 -5.53400 1.85100 5.28000 -7.05000 -8.48400 -7.26300
243.00000 -14.72000 -8.68700 -20.29400 -16.20500 -1.95300 -3.43800 -8.45300 -3.91600 5.40200 1.70900 -8.46400 -0.10200 3.32600 -9.00300 -10.43700 -9.21600
244.00000 -15.69600 -10.64000 -21.75900 -15.71700 -3.90600 -3.43800 -10.40600 -5.87000 3.44800 -0.73200 -10.41700 -2.05500 1.37300 -12.42100 -11.90200 -12.14600
245.00000 -16.18400 -12.10500 -21.27100 -14.74000 -5.37100 -4.41500 -11.38300 -6.84600 1.49500 -3.17400 -11.88200 -4.49600 -1.06800 -15.35000 -13.85500 -14.58700
246.00000 -16.67300 -12.59400 -18.82900 -14.25200 -5.37100 -5.39100 -11.38300 -7.33400 0.03100 -5.61500 -12.37000 -5.96100 -2.53300 -17.30300 -14.83200 -16.05200
247.00000 -17.16100 -12.10500 -17.36500 -14.74000 -4.39500 -6.85600 -11.87100 -7.33400 -0.45800 -7.08000 -12.85800 -7.91400 -3.02100 -18.28000 -15.80800 -16.54100
248.00000 -18.13800 -12.10500 -17.85300 -16.20500 -3.41800 -8.32100 -12.84800 -6.84600 0.51900 -8.54500 -13.83500 -8.40300 -3.51000 -19.74500 -16.29600 -16.54100
249.00000 -20.09100 -12.59400 -20.78200 -18.15800 -3.41800 -9.78600 -14.80100 -6.35800 0.51900 -10.01000 -14.81100 -8.89100 -5.46300 -21.69800 -17.27300 -17.02900
250.00000 -21.55600 -14.05800 -24.68900 -20.59900 -4.88300 -11.73900 -16.26600 -6.35800 0.51900 -11.47500 -15.78800 -8.40300 -7.41600 -24.13900 -18.25000 -18.98200
251.00000 -22.53200 -15.52300 -26.64200 -21.08800 -6.34800 -13.20400 -16.75400 -5.38100 -0.94600 -13.42800 -16.27600 -8.40300 -9.85700 -28.04600 -19.22600 -21.42300
252.00000 -22.04400 -15.52300 -26.64200 -21.08800 -7.81200 -13.20400 -15.77800 -4.40500 -2.41100 -14.89300 -15.29900 -7.42600 -12.29900 -30.97500 -19.71400 -23.37600
253.00000 -20.09100 -13.57000 -24.20000 -19.62300 -8.30100 -11.25100 -13.82400 -3.42800 -3.38700 -15.38100 -14.32300 -7.42600 -13.27500 -31.95200 -19.22600 -23.86500
254.00000 -17.64900 -10.64000 -21.27100 -17.67000 -7.81200 -7.83300 -12.36000 -3.42800 -4.36400 -15.38100 -13.83500 -7.42600 -14.25200 -31.95200 -18.73800 -22.88800
255.00000 -13.74300 -7.71100 -18.82900 -15.71700 -6.34800 -4.90300 -11.38300 -4.89300 -4.36400 -15.38100 -13.83500 -8.40300 -15.22800 -31.95200 -18.25000 -21.91200
256.00000 -10.81300 -5.26900 -17.85300 -13.76300 -4.39500 -3.43800 -12.36000 -7.33400 -5.34100 -15.38100 -14.81100 -9.86700 -16.69300 -31.95200 -18.25000 -21.42300
