1.00000 -2.47200 0.97700 -0.39700 -0.44800 2.33000 5.18800 3.19400 2.60400 4.96400 12.76700 10.07100 5.81900 4.43500 18.53400 17.32400 14.14000
2.00000 -2.96000 0.97700 0.09200 -1.42400 0.86500 3.72300 4.65900 3.09200 5.45200 13.74300 12.02400 9.23700 8.34100 21.95200 20.74200 19.02300
3.00000 -3.93700 -1.95300 -1.37300 -2.88900 -1.57700 1.28200 4.65900 3.09200 4.47600 11.30200 12.51200 11.19000 10.78300 21.95200 23.18300 21.95200
4.00000 -6.37800 -6.34800 -4.79100 -5.33000 -4.50600 -2.13600 3.19400 2.11600 3.01100 5.93100 10.07100 10.21300 10.78300 19.02300 23.18300 22.44100
5.00000 -9.79600 -10.74200 -8.69800 -8.26000 -7.43600 -6.04200 -0.22400 0.16300 0.08100 -0.41700 5.18800 7.77200 9.80600 14.14000 19.27700 20.48700
6.00000 -14.19100 -14.16000 -11.62700 -10.70100 -9.38900 -10.43700 -4.61800 -2.76700 -1.38300 -5.30000 -1.64800 4.35400 8.83000 9.25700 12.92900 17.55800
7.00000 -16.63200 -15.13700 -13.58000 -12.16600 -10.85400 -13.36700 -7.54800 -4.72000 -2.36000 -7.74100 -7.99600 1.42400 7.85300 5.35100 6.09300 14.14000
8.00000 -16.63200 -14.16000 -14.06900 -12.65500 -10.36600 -14.34300 -9.50100 -5.69700 -2.36000 -7.74100 -12.39000 -0.04100 6.87700 2.42100 0.72200 10.72200
9.00000 -14.19100 -11.71900 -13.58000 -11.67800 -8.41300 -13.36700 -10.47800 -5.69700 -1.38300 -7.74100 -15.32000 -0.52900 5.90000 -0.50900 -3.18400 7.30400
10.00000 -10.77300 -10.74200 -13.09200 -10.21300 -6.94800 -11.90200 -10.47800 -5.69700 -1.87200 -9.20600 -17.76100 -2.48200 3.45900 -4.90300 -7.09000 2.42100
11.00000 -9.79600 -10.25400 -12.11500 -8.26000 -5.97100 -10.92500 -10.96600 -5.20800 -2.84800 -12.13600 -20.69100 -5.41200 -0.44800 -11.25100 -11.97300 -3.92700
12.00000 -10.28400 -11.23000 -11.62700 -7.28400 -5.97100 -12.87800 -11.94300 -4.72000 -4.80100 -16.53000 -23.62100 -8.34100 -4.84200 -18.57500 -18.80900 -11.73900
13.00000 -12.72600 -13.18400 -12.11500 -5.81900 -8.41300 -16.78500 -13.40700 -3.74300 -7.24300 -20.92500 -25.57400 -10.29500 -9.72500 -25.41100 -25.15700 -21.01600
14.00000 -14.67900 -15.13700 -12.60400 -5.33000 -10.85400 -20.69100 -13.89600 -2.76700 -9.19600 -24.83100 -25.08500 -10.29500 -13.63100 -31.27000 -30.03900 -29.31700
15.00000 -15.65600 -17.09000 -13.09200 -5.33000 -12.80700 -23.62100 -14.38400 -1.79000 -10.17300 -26.78400 -22.64400 -9.31800 -16.56100 -34.20000 -32.48100 -35.66500
16.00000 -14.67900 -17.57800 -13.09200 -5.33000 -13.29500 -23.13200 -13.89600 -1.30200 -10.17300 -26.78400 -18.73800 -8.34100 -17.04900 -33.71200 -33.94600 -38.59500
17.00000 -13.21400 -16.60200 -13.09200 -5.33000 -11.83100 -20.20300 -12.91900 -1.30200 -8.70800 -24.83100 -14.83200 -7.36500 -16.07300 -29.31700 -32.96900 -37.13000
18.00000 -11.26100 -13.67200 -12.60400 -5.33000 -9.38900 -16.29600 -11.45400 -1.79000 -6.75500 -20.43700 -10.92500 -6.87700 -13.63100 -22.48100 -30.03900 -31.75900
19.00000 -9.79600 -10.25400 -11.62700 -5.33000 -6.46000 -12.39000 -9.01300 -1.79000 -3.33700 -14.57700 -6.53100 -4.92400 -9.72500 -13.69200 -23.20400 -22.97000
20.00000 -8.33100 -6.83600 -10.16200 -4.84200 -4.01800 -8.97200 -6.08300 -1.30200 -0.89500 -8.23000 -0.67100 -1.50600 -5.81900 -4.90300 -11.97300 -13.20400
21.00000 -6.86600 -4.39500 -8.20900 -4.84200 -2.55300 -6.04200 -3.64200 -0.81400 1.05800 -3.34700 6.16500 3.86600 -1.42400 2.90900 1.21100 -3.92700
22.00000 -4.91300 -3.90600 -4.79100 -4.35400 -2.06500 -4.57800 -1.68900 0.16300 2.03500 -0.41700 11.53600 7.77200 1.50600 9.25700 12.92900 3.88600
23.00000 -3.44800 -3.90600 -1.37300 -3.86600 -2.55300 -4.57800 -0.22400 0.65100 2.03500 0.55900 14.95400 9.23700 3.94700 14.14000 19.27700 9.25700
24.00000 -1.49500 -3.90600 2.04500 -2.88900 -2.55300 -4.57800 1.24100 0.65100 2.03500 0.07100 16.41800 9.23700 5.90000 17.55800 20.25300 12.18700
25.00000 -0.51900 -3.90600 3.99800 -1.42400 -2.06500 -4.57800 2.70600 0.65100 2.03500 -0.41700 16.41800 7.77200 7.36500 19.51100 17.81200 14.14000
26.00000 -0.03100 -2.93000 4.97400 -0.93600 -2.06500 -4.08900 5.14700 1.62800 2.52300 0.55900 17.88300 7.77200 7.85300 19.99900 16.83600 15.11600
27.00000 -0.51900 -1.95300 4.97400 -0.93600 -2.06500 -3.11300 7.58900 2.60400 3.49900 1.53600 19.83600 9.23700 8.34100 19.02300 18.30000 16.58100
28.00000 -1.98400 -2.93000 3.99800 -0.93600 -3.04200 -2.62500 10.03000 3.58100 3.01100 2.51300 21.30100 10.70100 7.85300 17.55800 21.71800 18.04600
29.00000 -3.44800 -4.39500 3.02100 -0.93600 -4.50600 -4.08900 10.03000 4.55700 2.03500 2.51300 20.81300 12.16600 7.36500 15.60500 24.16000 18.53400
30.00000 -4.42500 -7.32400 1.55600 -0.93600 -6.46000 -7.01900 9.54200 4.55700 0.57000 0.07100 17.88300 11.19000 5.90000 13.16300 22.20700 17.55800
31.00000 -4.91300 -10.25400 -0.39700 -0.93600 -8.41300 -11.90200 7.58900 4.06900 -1.38300 -3.83500 13.97700 9.72500 4.43500 10.23400 16.83600 15.60500
32.00000 -5.40200 -12.20700 -2.35000 -1.42400 -9.87800 -15.80800 4.65900 3.58100 -2.84800 -8.23000 10.07100 7.77200 3.45900 6.81600 10.00000 12.67500
33.00000 -6.37800 -12.69500 -4.30300 -2.88900 -10.85400 -17.27300 2.21800 3.09200 -4.31300 -12.13600 7.62900 6.79500 1.99400 2.90900 4.62800 10.72200
34.00000 -8.33100 -12.20700 -6.25600 -4.35400 -10.85400 -15.32000 -0.22400 2.60400 -4.80100 -14.08900 5.67600 5.81900 1.01700 0.46800 2.18700 9.25700
35.00000 -9.30800 -9.76600 -6.74400 -5.33000 -9.87800 -10.92500 -2.17700 1.62800 -5.29000 -13.60100 2.74700 4.84200 0.04100 -1.48500 0.72200 8.76900
36.00000 -9.30800 -6.83600 -5.76800 -4.84200 -7.43600 -6.53100 -3.64200 1.13900 -4.80100 -12.13600 -0.67100 3.37700 -1.42400 -2.95000 -0.25400 7.79200
37.00000 -7.35500 -3.90600 -3.81500 -3.37700 -4.99500 -3.11300 -4.13000 0.16300 -4.31300 -10.67100 -4.08900 1.42400 -2.88900 -4.41500 -2.20700 5.35100
38.00000 -4.91300 -1.95300 -2.35000 -2.40100 -2.55300 -2.62500 -4.13000 0.16300 -3.82500 -9.69400 -6.53100 -0.04100 -4.84200 -6.36800 -4.64900 1.44400
39.00000 -3.44800 -1.95300 -2.83800 -1.91200 -2.06500 -3.60100 -4.13000 0.16300 -3.33700 -10.18300 -7.01900 -0.04100 -5.81900 -8.80900 -5.13700 -1.97300
40.00000 -4.42500 -4.39500 -4.79100 -4.35400 -4.50600 -7.01900 -4.61800 -0.32600 -3.33700 -11.64800 -6.53100 0.44800 -5.81900 -11.25100 -5.13700 -4.90300
41.00000 -7.35500 -7.81200 -7.72100 -6.79500 -7.43600 -10.92500 -6.08300 -0.81400 -3.33700 -13.60100 -6.04200 -0.04100 -5.33000 -12.22700 -4.64900 -6.36800
42.00000 -9.79600 -10.74200 -11.13900 -9.23700 -9.87800 -12.87800 -8.03600 -1.79000 -3.82500 -15.55400 -6.53100 -0.52900 -4.35400 -12.22700 -5.62500 -7.34500
43.00000 -10.77300 -12.20700 -12.60400 -9.72500 -11.34200 -14.34300 -10.47800 -3.25500 -3.82500 -16.53000 -8.48400 -1.50600 -3.86600 -11.25100 -7.57900 -6.36800
44.00000 -9.30800 -12.20700 -12.11500 -8.74800 -10.36600 -14.83200 -11.94300 -3.25500 -3.33700 -17.01900 -9.46000 -1.99400 -2.88900 -9.78600 -9.04300 -4.90300
45.00000 -6.86600 -10.74200 -10.65100 -6.79500 -8.90100 -14.34300 -11.45400 -2.76700 -3.82500 -17.50700 -7.99600 -1.50600 -1.91200 -8.80900 -8.55500 -2.95000
46.00000 -4.91300 -9.27700 -8.69800 -5.33000 -7.92400 -13.85500 -9.98900 -1.30200 -3.82500 -17.99500 -4.08900 0.93600 -1.42400 -8.80900 -5.62500 -1.97300
47.00000 -4.91300 -8.30100 -7.72100 -4.84200 -7.92400 -13.36700 -7.06000 0.65100 -4.80100 -17.99500 1.28200 3.37700 -1.42400 -8.32100 -2.20700 -0.99700
48.00000 -6.86600 -7.81200 -8.20900 -5.33000 -7.92400 -13.36700 -4.13000 2.11600 -5.29000 -17.99500 5.67600 5.33000 -1.91200 -7.34500 0.72200 -0.50900
49.00000 -9.30800 -7.81200 -8.69800 -6.30700 -8.41300 -12.87800 -2.66500 2.60400 -5.77800 -16.53000 7.14100 6.30700 -1.91200 -5.88000 2.67500 1.44400
50.00000 -10.77300 -7.81200 -8.69800 -6.79500 -7.43600 -11.41400 -2.66500 2.11600 -5.29000 -13.60100 5.18800 5.33000 -1.91200 -3.92700 4.14000 3.88600
51.00000 -9.79600 -6.83600 -8.20900 -6.30700 -5.97100 -8.48400 -2.66500 1.13900 -3.82500 -9.20600 2.74700 4.35400 -0.93600 -1.48500 7.07000 8.28000
52.00000 -7.35500 -5.37100 -6.25600 -5.81900 -3.53000 -4.08900 -3.15300 0.16300 -2.36000 -4.81200 1.77000 4.84200 1.01700 1.44400 10.97600 11.69800
53.00000 -3.44800 -2.44100 -3.81500 -5.33000 -1.57700 0.30500 -2.17700 -0.32600 -0.40700 -1.39400 3.23500 5.81900 3.45900 4.37400 14.39400 14.14000
54.00000 -0.51900 0.97700 -1.86200 -4.84200 -0.11200 4.21100 -0.71200 -0.32600 1.05800 1.04800 6.65300 7.77200 5.90000 7.79200 16.83600 15.60500
55.00000 1.43400 2.93000 -0.39700 -4.84200 1.35300 6.65300 0.75300 -0.81400 2.52300 2.51300 9.58300 8.74800 8.83000 10.72200 18.30000 17.55800
56.00000 2.41100 3.90600 0.09200 -4.84200 1.84100 7.14100 1.24100 -1.30200 3.49900 3.48900 10.55900 8.74800 11.27100 13.16300 20.25300 20.48700
57.00000 1.92300 2.93000 -0.39700 -5.33000 1.35300 5.67600 1.24100 -1.79000 3.98800 3.97700 10.07100 7.28400 12.73600 15.60500 21.71800 24.39400
58.00000 1.43400 1.46500 -0.39700 -5.81900 -0.11200 2.74700 -0.22400 -2.27900 3.98800 3.48900 8.11800 5.33000 13.71300 16.58100 22.69500 26.83500
59.00000 0.45800 0.00000 0.09200 -5.81900 -2.55300 -0.67100 -1.20000 -2.27900 3.01100 2.51300 7.14100 3.86600 13.22400 16.09300 22.20700 25.85900
60.00000 -0.03100 -0.97700 0.09200 -5.81900 -4.50600 -3.60100 -1.20000 -1.30200 1.05800 0.55900 8.11800 3.37700 11.75900 14.14000 19.76500 21.46400
61.00000 -1.00700 -2.44100 0.09200 -6.30700 -5.97100 -5.06600 0.26400 -0.32600 -0.40700 -0.90500 10.55900 4.84200 10.29500 12.67500 17.32400 16.58100
62.00000 -2.47200 -3.90600 -1.37300 -7.28400 -7.43600 -6.53100 2.70600 1.13900 -1.87200 -1.39400 14.46500 7.28400 10.29500 11.69800 16.34700 14.62800
63.00000 -4.42500 -6.34800 -4.30300 -7.77200 -7.92400 -7.99600 4.65900 2.11600 -1.87200 -1.88200 18.37200 10.21300 11.27100 12.67500 17.81200 17.06900
64.00000 -6.37800 -7.32400 -5.76800 -7.77200 -7.43600 -9.46000 7.10000 3.09200 -1.87200 -1.39400 21.30100 13.14300 12.24800 14.14000 21.23000 21.95200
65.00000 -7.35500 -7.81200 -5.76800 -7.77200 -7.43600 -10.43700 8.07700 3.58100 -1.87200 -1.88200 22.76600 14.60800 12.73600 14.62800 23.18300 25.37000
66.00000 -6.86600 -7.32400 -2.83800 -5.81900 -6.94800 -10.43700 8.56500 4.06900 -2.36000 -2.37000 23.25400 13.63100 11.27100 13.65200 21.71800 24.39400
67.00000 -5.40200 -6.83600 0.58000 -4.35400 -6.46000 -9.94900 8.56500 4.06900 -2.84800 -3.83500 21.79000 11.67800 8.83000 11.21000 17.32400 19.51100
68.00000 -4.42500 -7.32400 2.53300 -3.86600 -6.46000 -8.97200 7.58900 3.58100 -3.82500 -5.30000 19.34800 8.74800 5.90000 7.30400 11.95300 13.65200
69.00000 -4.91300 -8.30100 2.04500 -4.35400 -6.94800 -8.48400 6.12400 3.09200 -4.31300 -5.78800 16.90700 6.79500 4.43500 5.35100 8.53500 10.72200
70.00000 -6.37800 -8.78900 -0.39700 -5.81900 -7.43600 -8.48400 4.65900 2.11600 -4.31300 -5.30000 14.46500 6.30700 4.92400 4.86200 7.55800 11.21000
71.00000 -8.33100 -7.81200 -2.35000 -7.28400 -7.43600 -8.48400 3.68200 1.13900 -3.82500 -2.85800 12.51200 6.79500 5.90000 6.81600 9.51100 13.16300
72.00000 -7.84300 -4.88300 -2.35000 -6.30700 -5.48300 -7.01900 3.68200 0.65100 -2.84800 0.07100 11.04700 7.28400 7.36500 9.25700 10.97600 14.14000
73.00000 -5.40200 -1.95300 0.09200 -3.86600 -2.55300 -4.08900 3.68200 0.65100 -1.87200 3.48900 10.07100 7.28400 7.85300 10.72200 11.46400 13.16300
74.00000 -1.49500 0.48800 3.51000 -0.93600 -0.60000 -0.67100 4.17100 1.13900 -1.38300 4.95400 9.58300 6.79500 6.87700 10.72200 10.97600 11.21000
75.00000 0.45800 0.00000 4.97400 0.52900 -0.11200 1.77000 3.68200 2.11600 -1.38300 4.46600 9.58300 6.30700 5.90000 9.74500 10.00000 10.23400
76.00000 -0.03100 -1.46500 3.51000 0.04100 -1.08800 1.77000 1.72900 2.11600 -2.36000 2.51300 9.58300 5.81900 5.90000 9.25700 9.51100 11.21000
77.00000 -2.96000 -3.90600 0.09200 -1.42400 -2.55300 0.30500 -0.22400 1.62800 -2.84800 0.55900 9.58300 6.30700 7.36500 9.74500 10.48800 14.62800
78.00000 -6.37800 -4.88300 -2.83800 -3.37700 -3.53000 -1.64800 -2.66500 1.62800 -3.33700 0.07100 9.58300 6.79500 8.83000 11.21000 11.46400 17.55800
79.00000 -8.33100 -4.39500 -4.79100 -4.84200 -3.04200 -1.64800 -4.13000 1.13900 -2.84800 0.55900 10.07100 7.28400 10.78300 13.65200 12.92900 19.02300
80.00000 -8.33100 -2.44100 -5.76800 -5.33000 -1.08800 -0.18300 -4.13000 1.13900 -1.38300 2.02400 10.55900 8.26000 12.73600 15.60500 13.90600 19.99900
81.00000 -7.84300 0.00000 -5.76800 -5.81900 0.37600 2.25800 -3.64200 1.13900 -0.40700 3.48900 11.53600 8.74800 13.71300 16.09300 14.39400 20.48700
82.00000 -7.35500 0.97700 -6.74400 -5.81900 1.84100 4.21100 -2.17700 1.62800 1.05800 3.97700 11.53600 9.23700 15.17700 16.58100 13.90600 20.97600
83.00000 -7.84300 0.48800 -6.74400 -5.33000 2.33000 5.18800 -1.68900 1.13900 1.54600 4.95400 10.55900 8.26000 15.17700 16.58100 11.95300 19.99900
84.00000 -8.33100 -0.48800 -5.76800 -4.35400 2.33000 4.70000 -1.20000 1.13900 2.52300 5.93100 8.60600 7.28400 14.68900 16.09300 8.53500 16.58100
85.00000 -7.35500 -2.44100 -2.83800 -3.37700 2.33000 3.72300 -0.71200 1.13900 2.52300 7.39500 6.65300 6.30700 13.22400 14.62800 4.14000 11.69800
86.00000 -5.89000 -3.41800 0.58000 -1.91200 2.33000 3.72300 -0.22400 1.13900 1.54600 7.39500 5.67600 5.81900 11.75900 12.67500 1.21100 7.79200
87.00000 -4.42500 -2.93000 2.53300 -1.42400 1.84100 3.72300 0.75300 1.62800 0.57000 6.90700 7.14100 6.79500 10.29500 10.72200 0.23400 5.83900
88.00000 -2.96000 -1.46500 2.04500 -1.42400 0.86500 2.74700 2.21800 1.62800 -0.40700 4.95400 9.58300 8.26000 9.80600 9.25700 2.18700 7.79200
89.00000 -1.98400 0.48800 -0.39700 -1.91200 0.37600 1.77000 3.19400 1.62800 -0.89500 3.48900 11.53600 9.72500 9.31800 8.76900 5.60500 11.69800
90.00000 -1.49500 1.95300 -2.83800 -1.91200 0.86500 0.30500 2.70600 1.62800 -0.89500 2.51300 11.04700 9.23700 9.31800 9.25700 8.53500 14.14000
91.00000 -0.51900 3.41800 -4.30300 -1.91200 1.35300 -1.16000 0.75300 0.16300 -0.89500 3.00100 7.14100 7.28400 8.34100 8.28000 9.51100 13.65200
92.00000 -0.03100 3.90600 -4.30300 -1.42400 1.84100 -2.62500 -2.66500 -1.30200 -0.89500 3.00100 2.74700 4.84200 6.87700 7.30400 8.04600 11.21000
93.00000 -0.51900 2.93000 -5.28000 -1.91200 1.35300 -3.60100 -6.57100 -3.74300 -1.38300 2.02400 -1.64800 2.40100 5.90000 4.86200 4.62800 7.30400
94.00000 -2.47200 0.48800 -6.74400 -3.37700 -0.11200 -4.57800 -9.98900 -5.20800 -1.87200 -0.90500 -3.60100 0.44800 5.41200 2.42100 0.72200 4.86200
95.00000 -5.40200 -2.93000 -10.16200 -5.33000 -1.57700 -5.55400 -12.43100 -6.18500 -1.87200 -3.83500 -3.60100 -0.52900 5.41200 1.44400 -1.71900 3.88600
96.00000 -8.33100 -5.85900 -13.58000 -6.79500 -2.55300 -6.53100 -13.89600 -6.67300 -1.38300 -4.81200 -3.11300 -0.52900 5.90000 1.93300 -2.69600 3.88600
97.00000 -9.79600 -7.81200 -16.51000 -8.26000 -2.06500 -6.04200 -13.89600 -6.18500 -0.40700 -3.34700 -2.62500 0.44800 7.36500 3.39800 -1.71900 4.86200
98.00000 -10.77300 -8.78900 -17.97500 -9.23700 -1.08800 -5.55400 -13.89600 -5.69700 1.05800 0.07100 -2.62500 1.42400 8.34100 5.35100 0.23400 5.83900
99.00000 -12.23800 -8.78900 -18.46300 -9.72500 -0.11200 -4.08900 -13.89600 -5.20800 2.03500 3.48900 -2.62500 2.88900 9.31800 6.81600 1.69900 6.81600
100.00000 -14.19100 -8.78900 -17.97500 -10.70100 -0.11200 -3.60100 -13.89600 -4.72000 2.03500 3.97700 -2.62500 3.37700 9.31800 6.32700 1.69900 6.81600
101.00000 -17.60900 -10.74200 -17.48700 -11.19000 -1.57700 -5.06600 -14.38400 -3.74300 0.57000 0.55900 -2.62500 2.88900 7.85300 4.86200 0.23400 6.32700
102.00000 -20.53800 -13.67200 -16.99800 -11.19000 -3.04200 -7.50700 -14.87200 -3.25500 -0.89500 -4.32300 -3.60100 1.91200 6.38800 2.42100 -2.20700 4.86200
103.00000 -22.00300 -17.09000 -17.48700 -11.19000 -4.99500 -10.43700 -16.33700 -3.25500 -2.36000 -9.20600 -6.53100 0.44800 4.43500 -0.02000 -4.16100 2.42100
104.00000 -22.49100 -19.04300 -18.95100 -11.19000 -5.97100 -12.39000 -18.29000 -3.25500 -3.82500 -12.13600 -9.46000 -1.01700 2.97000 -2.46200 -5.62500 0.46800
105.00000 -22.49100 -19.04300 -21.39300 -11.19000 -5.48300 -12.87800 -20.73200 -4.23200 -4.31300 -13.11200 -11.90200 -1.99400 2.48200 -4.41500 -6.60200 -0.99700
106.00000 -22.00300 -18.06600 -23.34600 -11.67800 -5.48300 -12.39000 -22.68500 -5.20800 -3.82500 -12.13600 -12.87800 -2.48200 2.48200 -5.39100 -8.06700 -2.46200
107.00000 -21.51500 -16.60200 -23.83400 -11.67800 -4.99500 -10.92500 -23.17300 -5.69700 -3.33700 -10.18300 -12.39000 -2.48200 2.48200 -5.39100 -9.53200 -3.92700
108.00000 -21.02700 -15.62500 -23.34600 -11.67800 -4.01800 -9.94900 -22.19600 -5.69700 -2.36000 -8.23000 -11.41400 -2.48200 2.97000 -4.90300 -11.97300 -5.39100
109.00000 -20.05000 -16.60200 -21.88100 -11.67800 -4.01800 -8.97200 -20.24300 -5.69700 -1.38300 -7.25300 -10.43700 -2.97000 3.45900 -3.92700 -13.43800 -7.34500
110.00000 -18.09700 -17.09000 -19.92800 -11.19000 -4.50600 -7.50700 -18.29000 -5.20800 -0.40700 -5.78800 -9.94900 -2.48200 3.94700 -3.43800 -13.43800 -8.32100
111.00000 -16.63200 -16.60200 -19.44000 -11.67800 -4.01800 -6.04200 -17.31400 -4.72000 -0.40700 -5.30000 -9.46000 -1.50600 4.92400 -2.95000 -11.97300 -9.29800
112.00000 -15.65600 -14.64800 -18.46300 -11.67800 -4.01800 -3.60100 -16.33700 -4.23200 -0.40700 -5.30000 -7.99600 -0.04100 5.41200 -2.46200 -9.53200 -8.80900
113.00000 -15.16700 -12.20700 -17.97500 -12.16600 -3.53000 -1.16000 -15.36100 -3.74300 -0.40700 -5.30000 -6.53100 0.93600 6.38800 -1.48500 -7.57900 -6.36800
114.00000 -15.16700 -9.76600 -16.02200 -11.67800 -3.04200 0.30500 -14.38400 -3.74300 -0.40700 -5.30000 -5.55400 1.42400 7.36500 0.46800 -6.60200 -3.43800
115.00000 -14.67900 -8.78900 -13.58000 -10.70100 -2.55300 0.30500 -12.43100 -3.25500 0.08100 -5.30000 -5.55400 0.93600 8.34100 1.93300 -7.09000 -0.50900
116.00000 -12.23800 -8.30100 -11.13900 -9.23700 -1.57700 -1.64800 -11.45400 -3.25500 0.57000 -4.81200 -6.53100 -0.04100 8.34100 2.90900 -8.55500 0.46800
117.00000 -10.77300 -7.81200 -10.16200 -8.26000 -0.60000 -4.08900 -10.47800 -2.76700 0.57000 -4.81200 -7.50700 -0.52900 7.36500 2.42100 -10.50800 -0.50900
118.00000 -9.30800 -7.81200 -9.67400 -7.28400 -0.11200 -5.55400 -10.47800 -2.76700 0.08100 -5.30000 -7.50700 -1.50600 5.90000 0.95600 -10.99700 -2.46200
119.00000 -9.30800 -7.32400 -9.67400 -6.79500 0.37600 -4.57800 -10.96600 -2.76700 -0.40700 -5.78800 -6.53100 -1.99400 3.94700 -0.99700 -10.50800 -3.92700
120.00000 -10.28400 -7.32400 -8.69800 -6.30700 0.86500 -1.64800 -10.96600 -2.27900 -1.38300 -6.27600 -5.55400 -1.99400 3.45900 -1.48500 -8.55500 -2.95000
121.00000 -9.30800 -7.32400 -7.72100 -5.33000 1.35300 1.77000 -10.47800 -1.79000 -1.87200 -6.27600 -5.06600 -1.99400 2.97000 -0.99700 -6.60200 -0.02000
122.00000 -7.84300 -6.83600 -6.74400 -3.86600 1.84100 3.23500 -9.01300 -1.30200 -2.36000 -5.78800 -4.57800 -1.99400 3.45900 -0.02000 -4.16100 3.88600
123.00000 -5.89000 -6.83600 -7.23300 -2.88900 1.84100 2.74700 -8.03600 -0.81400 -1.87200 -5.30000 -5.06600 -1.50600 3.45900 0.95600 -3.18400 5.83900
124.00000 -5.40200 -5.85900 -7.72100 -2.88900 1.84100 0.79300 -7.54800 -0.81400 -1.38300 -4.81200 -5.06600 -1.50600 3.45900 1.93300 -1.71900 5.83900
125.00000 -5.89000 -5.37100 -8.20900 -3.37700 1.35300 -1.16000 -8.03600 -0.81400 -0.89500 -3.83500 -4.57800 -0.52900 3.94700 2.90900 -0.74300 4.37400
126.00000 -8.33100 -5.85900 -7.72100 -4.35400 0.86500 -2.13600 -9.01300 -1.30200 0.08100 -2.37000 -3.60100 -0.52900 3.94700 3.88600 -0.25400 2.90900
127.00000 -10.28400 -7.32400 -7.23300 -5.81900 0.37600 -1.64800 -10.96600 -2.27900 1.05800 0.07100 -3.11300 -0.04100 4.92400 4.86200 1.21100 3.39800
128.00000 -11.74900 -9.76600 -7.72100 -7.77200 0.86500 -0.18300 -12.91900 -3.74300 1.54600 1.53600 -3.11300 0.44800 5.90000 6.81600 2.67500 5.35100
129.00000 -12.72600 -11.23000 -9.18600 -9.23700 0.37600 0.30500 -14.38400 -4.72000 2.03500 2.51300 -3.60100 0.44800 7.36500 8.28000 4.14000 8.28000
130.00000 -14.19100 -12.20700 -11.62700 -10.21300 0.37600 1.28200 -15.36100 -5.20800 2.03500 2.51300 -3.11300 1.91200 8.34100 9.25700 6.09300 11.69800
131.00000 -16.14400 -11.71900 -12.60400 -11.19000 -0.60000 1.77000 -15.36100 -5.20800 2.03500 2.02400 -2.13600 2.88900 9.80600 10.72200 7.55800 14.14000
132.00000 -15.65600 -10.25400 -12.11500 -11.19000 -1.08800 2.74700 -14.87200 -4.72000 2.52300 2.51300 -0.18300 4.35400 11.27100 12.18700 9.02300 16.58100
133.00000 -14.67900 -8.78900 -9.67400 -10.70100 -1.08800 4.70000 -13.89600 -3.74300 3.01100 4.46600 1.77000 5.33000 12.73600 14.14000 10.48800 18.04600
134.00000 -11.74900 -6.83600 -7.23300 -9.23700 -0.11200 7.14100 -12.43100 -2.27900 3.01100 7.39500 3.72300 6.30700 12.73600 15.60500 11.95300 18.53400
135.00000 -7.35500 -4.88300 -5.76800 -7.28400 1.35300 9.58300 -10.47800 -1.30200 3.01100 9.34900 5.18800 7.28400 12.24800 15.60500 12.92900 18.04600
136.00000 -3.93700 -2.44100 -5.28000 -5.81900 2.81800 10.55900 -8.52500 0.16300 2.03500 9.83700 7.14100 8.26000 9.80600 13.65200 13.41800 15.11600
137.00000 -1.49500 0.00000 -4.79100 -4.35400 3.79400 9.58300 -5.59500 1.13900 1.05800 8.86000 8.60600 8.26000 6.38800 10.23400 13.41800 11.69800
138.00000 -1.00700 1.46500 -3.32600 -3.37700 3.79400 8.11800 -3.64200 2.60400 0.08100 6.41900 10.07100 8.26000 3.94700 6.32700 12.92900 8.28000
139.00000 -0.51900 1.46500 -0.88500 -2.40100 3.79400 7.14100 -2.17700 2.60400 0.08100 4.46600 10.07100 7.77200 2.97000 4.37400 12.44100 7.30400
140.00000 -1.49500 0.00000 1.55600 -2.40100 3.79400 6.65300 -2.17700 2.11600 0.57000 3.48900 9.58300 6.79500 3.94700 3.88600 11.46400 8.28000
141.00000 -3.44800 -2.93000 1.55600 -3.37700 2.81800 7.14100 -3.15300 0.65100 1.54600 3.00100 8.11800 6.79500 5.90000 6.32700 10.48800 10.72200
142.00000 -6.86600 -6.83600 -0.39700 -5.33000 0.86500 6.16500 -5.10700 -0.32600 1.54600 3.00100 6.65300 6.79500 7.85300 8.28000 9.51100 13.16300
143.00000 -10.77300 -9.76600 -2.83800 -7.28400 -1.08800 3.72300 -6.08300 -1.30200 1.05800 2.02400 6.16500 7.28400 8.83000 9.25700 9.02300 14.14000
144.00000 -14.19100 -11.23000 -4.30300 -8.26000 -3.04200 -0.18300 -7.06000 -1.30200 -0.40700 0.07100 6.16500 7.28400 8.34100 8.76900 8.04600 13.16300
145.00000 -14.67900 -11.71900 -4.79100 -7.77200 -3.53000 -2.62500 -7.54800 -1.30200 -1.87200 -2.37000 5.67600 6.30700 6.87700 7.79200 7.07000 11.21000
146.00000 -12.72600 -11.23000 -4.79100 -6.79500 -3.04200 -2.62500 -8.52500 -1.30200 -2.36000 -4.32300 3.23500 4.84200 5.90000 6.32700 6.58200 9.25700
147.00000 -10.28400 -11.23000 -5.76800 -5.81900 -1.57700 -0.18300 -9.01300 -1.79000 -1.87200 -4.81200 0.30500 3.37700 5.41200 5.83900 6.09300 8.28000
148.00000 -8.82000 -11.23000 -7.72100 -6.30700 0.37600 2.74700 -10.47800 -2.27900 -0.89500 -3.34700 -2.62500 2.40100 4.92400 5.83900 6.09300 7.79200
149.00000 -8.33100 -11.23000 -9.67400 -6.79500 1.35300 3.72300 -10.96600 -3.25500 0.57000 -0.41700 -4.57800 1.91200 4.92400 6.81600 6.09300 7.79200
150.00000 -8.82000 -9.76600 -9.18600 -6.30700 2.33000 3.23500 -9.98900 -2.27900 1.05800 2.51300 -3.60100 1.91200 3.94700 7.30400 5.60500 7.30400
151.00000 -8.33100 -7.81200 -6.74400 -4.84200 3.30600 2.74700 -9.01300 -1.79000 1.54600 4.46600 -1.64800 1.91200 2.48200 6.32700 5.11700 6.32700
152.00000 -5.40200 -3.90600 -3.32600 -2.40100 4.28300 4.70000 -7.54800 -0.32600 1.05800 4.46600 0.30500 1.91200 1.01700 4.86200 4.14000 4.86200
153.00000 -1.98400 -0.48800 -0.39700 0.04100 5.74700 8.11800 -7.06000 0.16300 1.05800 3.00100 1.28200 0.44800 -0.93600 2.90900 2.67500 3.39800
154.00000 0.45800 1.46500 -0.39700 0.52900 6.72400 11.53600 -7.06000 0.16300 0.57000 1.53600 -0.67100 -1.01700 -1.91200 0.95600 1.69900 1.44400
155.00000 -0.03100 1.46500 -2.83800 -0.44800 6.72400 12.51200 -8.03600 -0.32600 0.57000 0.07100 -3.11300 -2.48200 -2.40100 -0.02000 0.23400 -0.02000
156.00000 -2.47200 0.48800 -6.25600 -2.40100 5.25900 10.55900 -9.01300 -1.30200 0.57000 -0.90500 -5.06600 -3.45900 -2.40100 -0.99700 -1.23100 -1.48500
157.00000 -5.40200 -0.97700 -8.69800 -4.35400 3.79400 6.65300 -10.47800 -2.27900 1.05800 -0.90500 -5.55400 -3.45900 -1.42400 -1.48500 -2.69600 -1.97300
158.00000 -6.86600 -1.95300 -9.18600 -5.81900 2.81800 3.72300 -11.45400 -3.25500 1.54600 0.07100 -5.06600 -2.48200 0.04100 -0.99700 -3.18400 -1.97300
159.00000 -6.37800 -2.44100 -8.69800 -5.81900 2.81800 3.72300 -11.94300 -4.23200 2.03500 0.07100 -4.57800 -1.50600 1.50600 0.46800 -2.69600 -1.48500
160.00000 -4.91300 -2.93000 -7.72100 -5.81900 2.81800 4.70000 -12.43100 -4.23200 2.52300 -0.41700 -5.06600 -0.52900 2.48200 1.44400 -1.71900 -0.50900
161.00000 -3.44800 -3.41800 -7.72100 -5.33000 2.81800 5.67600 -12.43100 -4.23200 2.03500 -1.88200 -6.04200 -0.52900 2.48200 1.44400 -1.71900 -0.02000
162.00000 -2.96000 -3.41800 -8.20900 -4.84200 2.33000 4.21100 -12.91900 -3.25500 0.57000 -3.83500 -7.01900 -0.52900 1.99400 -0.02000 -2.20700 0.46800
163.00000 -2.96000 -3.90600 -8.69800 -4.84200 1.35300 1.77000 -13.40700 -2.27900 -0.89500 -5.78800 -7.50700 -0.52900 1.01700 -1.48500 -3.67200 -0.02000
164.00000 -3.44800 -3.41800 -9.67400 -5.81900 0.86500 -0.67100 -14.38400 -1.79000 -1.87200 -7.25300 -7.99600 -1.01700 0.04100 -2.95000 -5.62500 -0.99700
165.00000 -4.42500 -3.41800 -10.65100 -6.79500 0.37600 -1.64800 -15.36100 -2.27900 -2.36000 -7.74100 -8.97200 -1.99400 -0.93600 -3.43800 -7.09000 -2.46200
166.00000 -5.40200 -3.90600 -11.62700 -7.28400 -0.11200 -0.67100 -16.33700 -2.76700 -2.84800 -8.71800 -9.46000 -2.97000 -1.42400 -3.92700 -8.06700 -4.41500
167.00000 -6.86600 -3.90600 -12.11500 -7.77200 -1.08800 0.79300 -16.33700 -2.76700 -2.84800 -10.18300 -9.46000 -2.97000 -2.40100 -4.90300 -7.57900 -4.41500
168.00000 -7.35500 -4.39500 -11.62700 -6.79500 -1.57700 0.79300 -15.36100 -2.27900 -3.82500 -12.13600 -8.48400 -1.99400 -3.37700 -6.36800 -5.62500 -3.92700
169.00000 -8.33100 -4.39500 -10.16200 -5.33000 -2.55300 -1.16000 -12.91900 -0.81400 -5.29000 -13.60100 -6.04200 -0.04100 -3.86600 -7.83300 -2.20700 -1.97300
170.00000 -8.33100 -4.88300 -9.18600 -4.35400 -3.04200 -3.60100 -10.47800 0.65100 -6.26600 -14.08900 -2.62500 1.91200 -3.37700 -8.32100 0.72200 -0.02000
171.00000 -9.30800 -5.85900 -8.69800 -5.33000 -2.55300 -4.57800 -8.52500 1.13900 -5.77800 -13.11200 -0.18300 3.37700 -2.40100 -7.83300 2.67500 -0.02000
172.00000 -10.28400 -7.81200 -9.67400 -7.28400 -1.57700 -3.60100 -8.03600 0.65100 -4.80100 -11.64800 0.79300 3.86600 -1.42400 -5.88000 2.67500 -1.48500
173.00000 -12.72600 -10.74200 -12.11500 -10.21300 -1.08800 -1.64800 -9.01300 -0.32600 -3.33700 -10.67100 0.79300 3.86600 -0.93600 -4.41500 2.67500 -1.97300
174.00000 -15.16700 -13.67200 -15.53300 -12.65500 -1.57700 -1.16000 -10.47800 -0.81400 -2.84800 -11.15900 0.30500 3.86600 0.04100 -2.95000 3.65200 0.46800
175.00000 -17.12000 -16.11300 -18.46300 -14.60800 -3.53000 -2.62500 -11.94300 -0.81400 -2.84800 -12.62400 0.30500 4.84200 1.01700 -1.97300 5.60500 3.88600
176.00000 -18.09700 -17.09000 -20.41600 -14.60800 -5.48300 -5.55400 -12.43100 -0.32600 -3.33700 -15.06600 0.79300 6.30700 1.99400 -0.99700 7.55800 7.79200
177.00000 -18.58500 -17.09000 -20.41600 -13.63100 -5.97100 -7.99600 -12.43100 0.65100 -3.82500 -16.53000 0.79300 6.79500 2.48200 -1.48500 7.55800 7.79200
178.00000 -18.09700 -16.11300 -19.92800 -12.16600 -5.97100 -7.50700 -11.94300 0.65100 -3.82500 -16.53000 -0.18300 5.33000 1.50600 -2.46200 4.62800 3.88600
179.00000 -17.60900 -14.64800 -18.95100 -11.19000 -4.50600 -5.06600 -11.94300 -0.32600 -3.82500 -15.55400 -2.62500 2.88900 -0.44800 -3.43800 0.23400 -1.97300
180.00000 -17.12000 -13.67200 -17.97500 -10.21300 -3.04200 -2.62500 -13.40700 -1.30200 -3.33700 -14.08900 -6.04200 -0.04100 -1.91200 -4.90300 -3.18400 -4.41500
181.00000 -16.63200 -12.20700 -16.99800 -9.72500 -3.04200 -2.13600 -14.87200 -2.27900 -3.82500 -13.11200 -7.99600 -1.01700 -1.91200 -4.90300 -4.64900 -3.43800
182.00000 -14.67900 -11.71900 -16.02200 -9.23700 -4.01800 -5.55400 -15.84900 -2.27900 -4.80100 -13.11200 -8.48400 -1.50600 -1.91200 -4.90300 -4.16100 -0.02000
183.00000 -12.72600 -11.23000 -15.53300 -8.74800 -5.97100 -9.46000 -15.84900 -1.79000 -6.26600 -14.08900 -7.50700 -0.52900 -2.40100 -5.39100 -3.18400 1.44400
184.00000 -10.28400 -10.25400 -14.06900 -8.26000 -6.46000 -11.90200 -15.36100 -0.81400 -7.24300 -16.04200 -6.04200 -0.04100 -3.86600 -6.85600 -4.64900 -0.99700
185.00000 -9.30800 -9.27700 -13.09200 -7.28400 -6.46000 -12.39000 -14.87200 0.16300 -7.73100 -17.99500 -5.55400 -0.52900 -5.81900 -9.78600 -7.09000 -6.36800
186.00000 -9.79600 -8.78900 -12.11500 -5.81900 -5.48300 -10.43700 -13.89600 0.16300 -8.21900 -19.46000 -6.04200 -1.01700 -7.77200 -12.71600 -9.04300 -10.76300
187.00000 -10.77300 -9.76600 -12.11500 -5.33000 -5.97100 -9.94900 -13.89600 0.16300 -8.21900 -21.90100 -6.53100 -1.01700 -8.26000 -14.66900 -9.53200 -11.73900
188.00000 -11.74900 -11.23000 -12.60400 -4.35400 -6.46000 -11.41400 -13.40700 -0.32600 -8.21900 -23.36600 -5.55400 -0.04100 -7.28400 -14.18100 -8.06700 -9.29800
189.00000 -10.77300 -12.20700 -12.60400 -4.35400 -7.43600 -14.34300 -11.94300 -0.32600 -7.73100 -23.85500 -5.06600 0.44800 -5.81900 -12.22700 -6.60200 -6.85600
190.00000 -8.82000 -11.71900 -12.11500 -3.37700 -7.92400 -15.32000 -9.98900 -0.32600 -6.26600 -22.39000 -4.08900 0.93600 -4.35400 -9.29800 -5.62500 -5.88000
191.00000 -5.89000 -8.78900 -10.65100 -2.40100 -5.48300 -12.39000 -8.52500 -0.32600 -3.82500 -18.48300 -3.60100 0.44800 -2.40100 -6.36800 -5.62500 -5.88000
192.00000 -3.93700 -5.37100 -10.65100 -1.42400 -1.57700 -7.50700 -8.03600 -1.30200 -0.89500 -13.11200 -4.57800 -1.01700 -0.44800 -3.43800 -5.62500 -4.90300
193.00000 -3.93700 -2.93000 -11.13900 -1.42400 1.84100 -3.11300 -9.01300 -1.79000 1.54600 -8.23000 -5.55400 -1.99400 1.99400 -0.50900 -4.16100 -1.48500
194.00000 -5.40200 -1.95300 -13.09200 -1.91200 3.79400 -1.64800 -10.47800 -3.25500 3.01100 -6.27600 -6.04200 -2.48200 3.94700 2.42100 -1.71900 3.39800
195.00000 -6.86600 -2.93000 -15.04500 -3.37700 3.79400 -3.11300 -12.43100 -4.72000 3.01100 -6.76500 -6.53100 -3.45900 4.43500 4.37400 -0.25400 7.79200
196.00000 -6.86600 -3.41800 -16.02200 -3.86600 2.81800 -6.04200 -12.91900 -5.69700 2.52300 -8.71800 -7.01900 -5.41200 3.45900 4.86200 0.23400 9.74500
197.00000 -4.91300 -2.44100 -14.55700 -3.37700 3.30600 -6.04200 -13.40700 -6.18500 2.03500 -9.69400 -8.97200 -6.87700 1.99400 4.86200 -0.25400 8.28000
198.00000 -1.00700 0.97700 -11.62700 -1.42400 5.25900 -3.11300 -12.91900 -6.18500 3.01100 -7.74100 -10.43700 -7.85300 1.50600 4.86200 -1.23100 5.83900
199.00000 2.89900 5.85900 -7.72100 1.01700 8.67700 2.74700 -11.94300 -5.20800 3.98800 -3.34700 -11.41400 -7.85300 1.50600 5.35100 -1.23100 3.88600
200.00000 6.31700 11.23000 -4.79100 3.45900 12.09500 8.11800 -9.98900 -3.74300 5.45200 1.04800 -10.43700 -7.36500 0.52900 5.35100 -1.71900 2.90900
201.00000 8.27000 15.13700 -1.86200 5.41200 14.53700 11.04700 -8.03600 -1.79000 5.94100 3.00100 -7.50700 -6.38800 -0.93600 4.37400 -3.18400 0.46800
202.00000 9.73500 16.60200 0.09200 7.36500 15.51300 12.02400 -5.10700 -0.32600 4.96400 2.02400 -4.57800 -6.38800 -4.35400 1.93300 -6.60200 -3.43800
203.00000 10.22300 15.62500 1.06800 8.34100 14.53700 9.58300 -3.64200 0.16300 3.01100 -1.39400 -5.06600 -8.34100 -9.23700 -2.95000 -11.97300 -8.80900
204.00000 10.22300 12.69500 1.55600 8.34100 13.07200 7.14100 -3.64200 0.16300 2.03500 -5.30000 -8.48400 -11.27100 -13.14300 -8.80900 -17.83200 -15.15700
205.00000 9.24700 10.25400 0.58000 8.34100 11.11900 4.21100 -5.10700 -0.32600 0.57000 -8.23000 -14.34300 -14.20100 -16.56100 -14.66900 -23.69200 -21.50500
206.00000 7.29400 8.30100 -1.86200 7.36500 10.14200 1.77000 -7.54800 -0.81400 0.08100 -10.18300 -20.20300 -16.15400 -18.02600 -20.04000 -29.06300 -26.87600
207.00000 4.85200 6.83600 -4.30300 6.38800 9.65400 0.30500 -9.50100 -1.30200 -0.40700 -11.15900 -24.10900 -16.15400 -18.51400 -23.45800 -32.96900 -30.78200
208.00000 2.89900 6.83600 -6.25600 4.92400 9.16500 -0.67100 -10.96600 -1.30200 -0.40700 -11.64800 -25.57400 -15.17700 -18.02600 -25.89900 -34.43400 -32.73500
209.00000 1.92300 6.83600 -6.74400 3.94700 8.67700 -0.18300 -11.45400 -1.30200 -0.40700 -12.62400 -25.08500 -12.73600 -15.58400 -25.89900 -32.48100 -31.75900
210.00000 2.41100 6.83600 -6.25600 2.48200 7.70100 0.79300 -11.45400 -1.79000 0.08100 -12.62400 -23.13200 -10.78300 -11.67800 -22.48100 -27.11000 -25.89900
211.00000 3.87600 7.32400 -5.76800 1.50600 6.72400 1.77000 -10.96600 -2.76700 0.57000 -11.64800 -21.17900 -8.83000 -6.79500 -16.62200 -19.29700 -17.11000
212.00000 5.82900 8.30100 -5.76800 0.52900 5.74700 2.25800 -11.45400 -3.74300 1.05800 -10.67100 -18.73800 -7.36500 -2.40100 -10.27400 -11.97300 -6.85600
213.00000 7.78200 9.76600 -5.76800 0.52900 4.77100 2.74700 -11.45400 -4.23200 1.54600 -9.69400 -15.32000 -5.90000 0.04100 -4.90300 -6.11400 0.46800
214.00000 10.22300 11.71900 -3.81500 1.01700 4.28300 2.25800 -10.96600 -4.23200 2.03500 -8.71800 -12.87800 -4.92400 1.50600 -1.97300 -2.69600 3.88600
215.00000 13.15300 14.16000 -0.88500 2.48200 4.77100 2.74700 -9.98900 -3.25500 2.52300 -8.23000 -10.43700 -4.43500 1.01700 -1.48500 -2.20700 2.90900
216.00000 17.05900 17.09000 3.51000 4.43500 5.74700 4.21100 -8.03600 -1.30200 2.52300 -6.27600 -9.46000 -4.43500 0.04100 -1.97300 -2.20700 -0.02000
217.00000 20.47700 20.02000 6.92700 6.38800 6.72400 6.16500 -5.59500 0.16300 3.49900 -5.30000 -9.46000 -5.41200 -1.42400 -2.95000 -3.18400 -2.46200
218.00000 23.89500 22.94900 7.90400 8.34100 7.70100 7.62900 -2.66500 1.62800 3.49900 -4.81200 -9.94900 -6.38800 -2.88900 -2.95000 -5.13700 -4.90300
219.00000 25.36000 24.90200 6.92700 8.83000 8.18900 7.14100 -1.20000 2.60400 3.01100 -5.78800 -11.90200 -8.34100 -5.33000 -4.90300 -8.06700 -6.85600
220.00000 25.84800 26.36700 5.46300 9.31800 7.70100 5.18800 -1.20000 2.60400 1.54600 -7.25300 -14.83200 -10.29500 -9.72500 -7.83300 -12.95000 -10.76300
221.00000 25.36000 26.36700 5.46300 9.31800 7.70100 2.74700 -2.66500 2.60400 0.08100 -9.20600 -18.73800 -13.22400 -14.60800 -12.71600 -19.29700 -17.11000
222.00000 25.84800 26.85500 7.41600 9.80600 8.18900 2.25800 -4.61800 2.11600 -0.89500 -10.18300 -24.10900 -16.15400 -19.49100 -19.06300 -25.15700 -24.92300
223.00000 26.82500 28.32000 9.85700 11.27100 10.14200 4.21100 -7.54800 2.11600 -1.87200 -10.18300 -29.48000 -18.59500 -23.39700 -24.43400 -31.01600 -32.24700
224.00000 28.29000 29.29700 11.32200 12.24800 12.09500 8.11800 -9.50100 1.62800 -1.38300 -10.67100 -35.33900 -21.03700 -24.86200 -29.80600 -35.89900 -38.10600
225.00000 28.77800 29.78500 9.85700 11.75900 13.56000 10.55900 -12.43100 0.16300 -0.89500 -12.62400 -40.71000 -22.99000 -25.35000 -34.20000 -40.78200 -41.52400
226.00000 27.31300 28.32000 6.43900 10.29500 13.07200 10.07100 -15.36100 -1.30200 -0.40700 -16.53000 -45.59300 -24.45500 -24.86200 -37.61800 -45.17600 -43.47700
227.00000 24.87200 24.41400 3.02100 7.36500 10.63000 5.67600 -18.29000 -2.76700 -0.89500 -20.92500 -48.52300 -25.43100 -24.37300 -41.03600 -49.08200 -44.94200
228.00000 21.94200 19.53100 1.55600 4.92400 7.70100 0.30500 -21.22000 -4.23200 -1.87200 -24.83100 -50.47600 -26.40800 -24.37300 -44.45400 -52.01200 -47.87200
229.00000 20.47700 17.09000 2.53300 4.43500 5.74700 -3.11300 -22.19600 -4.72000 -2.84800 -26.29600 -50.47600 -26.89600 -24.86200 -45.91900 -53.96500 -50.31300
230.00000 20.96600 16.60200 3.99800 4.92400 5.25900 -3.60100 -20.73200 -4.23200 -3.33700 -24.83100 -47.54600 -26.89600 -25.35000 -46.40700 -54.45400 -52.26600
231.00000 22.43000 18.55500 5.46300 6.87700 6.23600 -0.67100 -17.80200 -2.76700 -3.33700 -21.90100 -42.66400 -25.43100 -25.35000 -44.45400 -52.50000 -52.26600
232.00000 23.40700 20.50800 5.95100 8.34100 7.21200 2.74700 -13.40700 -0.81400 -3.82500 -20.43700 -36.80400 -22.50200 -25.35000 -42.01300 -49.08200 -49.33700
233.00000 22.91900 21.48400 6.43900 8.83000 7.21200 4.70000 -9.50100 1.13900 -4.80100 -18.97200 -29.96800 -19.57200 -24.86200 -38.59500 -44.20000 -44.45400
234.00000 21.45400 20.50800 8.88100 8.83000 6.72400 4.70000 -6.08300 3.09200 -5.29000 -17.99500 -23.62100 -16.64200 -23.88500 -35.17700 -39.31700 -39.57100
235.00000 20.96600 19.53100 12.29900 9.31800 6.23600 4.70000 -3.64200 4.55700 -5.29000 -16.53000 -18.73800 -14.20100 -22.90900 -32.73500 -36.38700 -36.64100
236.00000 21.45400 19.53100 15.22800 9.80600 7.21200 7.14100 -2.17700 5.04600 -4.80100 -14.57700 -16.78500 -13.22400 -21.93200 -31.27000 -34.92200 -36.64100
237.00000 23.89500 21.48400 16.20500 10.78300 8.67700 10.55900 -2.66500 5.04600 -3.33700 -11.15900 -16.78500 -13.22400 -21.93200 -30.78200 -36.38700 -40.05900
238.00000 25.84800 23.43800 14.25200 11.27100 10.63000 13.97700 -4.13000 4.06900 -2.36000 -10.67100 -19.22600 -15.17700 -21.93200 -32.24700 -39.31700 -44.45400
239.00000 26.82500 25.39100 11.32200 11.27100 11.60700 15.44200 -6.57100 3.09200 -1.87200 -11.15900 -23.13200 -17.13100 -22.42000 -34.68800 -41.75800 -47.87200
240.00000 26.82500 25.39100 9.36900 11.27100 11.60700 13.48900 -9.01300 2.11600 -2.36000 -12.62400 -26.55000 -19.08400 -22.90900 -36.64100 -43.22300 -48.84800
241.00000 26.82500 24.90200 9.36900 11.27100 11.60700 10.55900 -10.47800 1.62800 -2.84800 -14.08900 -28.99200 -20.06000 -22.90900 -38.10600 -42.73500 -47.38400
242.00000 27.80200 24.90200 11.32200 11.75900 11.11900 8.60600 -10.96600 1.62800 -2.84800 -13.60100 -29.96800 -20.06000 -21.93200 -37.13000 -40.29300 -44.45400
243.00000 28.29000 25.39100 13.27500 11.75900 11.60700 9.09400 -9.98900 2.11600 -2.84800 -12.62400 -29.48000 -19.08400 -20.95500 -36.15300 -36.87500 -40.05900
244.00000 28.29000 27.34400 14.25200 11.27100 11.60700 12.02400 -9.01300 2.11600 -2.36000 -12.13600 -28.01500 -17.61900 -19.49100 -34.20000 -31.99300 -35.66500
245.00000 26.82500 28.80900 13.76300 10.78300 11.60700 13.97700 -7.54800 2.11600 -2.36000 -12.13600 -26.55000 -16.64200 -18.51400 -32.24700 -28.08600 -31.27000
246.00000 25.36000 28.80900 11.81000 10.29500 11.60700 14.46500 -7.06000 2.11600 -2.36000 -13.11200 -25.08500 -16.15400 -18.51400 -30.29400 -25.64500 -28.82900
247.00000 23.40700 27.83200 10.83400 10.29500 11.60700 13.00000 -7.54800 1.62800 -2.36000 -13.11200 -25.08500 -17.61900 -19.00200 -29.31700 -26.13300 -28.34100
248.00000 22.91900 25.87900 9.36900 10.29500 11.60700 12.02400 -9.01300 1.13900 -1.87200 -12.62400 -25.57400 -19.57200 -21.44400 -29.31700 -29.55100 -31.27000
249.00000 22.91900 23.92600 8.39200 10.78300 12.09500 12.02400 -10.96600 0.16300 -1.87200 -11.64800 -27.52700 -22.50200 -24.86200 -30.29400 -34.92200 -37.13000
250.00000 23.40700 23.92600 7.41600 10.78300 12.58300 13.00000 -12.43100 -0.81400 -2.36000 -11.64800 -29.96800 -24.94300 -28.28000 -33.22300 -41.27000 -44.45400
251.00000 23.40700 24.90200 6.92700 10.78300 13.07200 13.97700 -13.89600 -1.30200 -2.84800 -13.60100 -32.89800 -26.89600 -31.20900 -37.13000 -46.15300 -51.77800
252.00000 23.40700 26.36700 6.43900 10.78300 14.04800 13.48900 -14.87200 -1.79000 -3.82500 -16.53000 -34.85100 -27.87300 -34.13900 -41.52400 -50.54700 -57.14900
253.00000 24.38400 28.32000 7.41600 11.75900 14.53700 11.53600 -14.38400 -1.79000 -5.29000 -17.99500 -35.82800 -28.36100 -35.60400 -45.43100 -52.98900 -60.07900
254.00000 25.84800 29.29700 8.39200 13.71300 15.51300 10.55900 -13.40700 -0.81400 -5.77800 -17.99500 -36.31600 -27.87300 -36.58000 -47.38400 -52.98900 -60.56700
255.00000 28.77800 30.27300 9.36900 15.17700 16.97800 11.04700 -11.94300 -0.32600 -6.26600 -16.04200 -35.33900 -25.92000 -37.06900 -47.87200 -51.52400 -59.10200
256.00000 30.24300 30.76200 10.34500 15.66600 17.46600 12.51200 -9.50100 0.65100 -6.26600 -14.08900 -32.89800 -23.47800 -37.06900 -46.89500 -47.61800 -56.17300
