1.00000 -17.08000 -10.79300 -12.77700 -9.70500 -2.84800 -11.72900 -8.70800 -7.57900 -2.60400 -5.03500 -5.98100 -5.38100 7.31400 5.31000 -5.14700 3.53000
2.00000 -18.54500 -10.79300 -12.28800 -10.68100 -4.80100 -12.70500 -6.26600 -6.11400 -1.62800 -3.57100 -1.58700 -2.94000 10.73200 9.21600 0.22400 8.90100
3.00000 -19.03300 -9.81600 -11.80000 -10.68100 -4.80100 -12.21700 -4.80100 -4.64900 0.32600 -1.61700 1.34300 -0.49800 14.15000 12.63400 5.10700 14.27200
4.00000 -19.03300 -11.28100 -12.28800 -10.68100 -4.31300 -11.24100 -4.80100 -3.67200 2.27900 -1.12900 2.31900 1.45500 15.61500 14.58700 8.03600 18.66700
5.00000 -19.03300 -14.69900 -13.75300 -10.19300 -2.84800 -12.70500 -5.29000 -2.69600 3.74300 -1.61700 2.80800 1.94300 16.10300 15.56400 9.98900 20.62000
6.00000 -19.52100 -19.09400 -14.73000 -10.19300 -2.36000 -15.14700 -6.75500 -2.20700 4.72000 -2.10600 3.78400 2.43100 15.61500 16.54100 12.91900 22.57300
7.00000 -20.00900 -22.51200 -15.70600 -11.16900 -2.84800 -16.61200 -7.73100 -2.20700 4.72000 -2.10600 5.24900 3.40800 15.61500 17.51700 16.33700 23.06100
8.00000 -20.49800 -23.00000 -17.17100 -12.14600 -2.84800 -15.63500 -9.68400 -2.69600 4.23200 -1.61700 6.71400 4.38400 15.61500 18.98200 19.26700 24.03800
9.00000 -20.00900 -19.58200 -19.61300 -12.63400 -3.33700 -11.72900 -11.14900 -3.18400 3.74300 -0.64100 6.71400 3.89600 14.15000 18.98200 19.75500 23.54900
10.00000 -19.52100 -14.69900 -22.54200 -12.63400 -2.36000 -7.82300 -13.59000 -3.18400 3.74300 0.82400 5.24900 2.43100 10.73200 16.54100 16.82500 19.64300
11.00000 -18.54500 -10.30500 -25.47200 -10.68100 -0.89500 -6.35800 -16.03200 -3.67200 3.74300 0.82400 1.83100 -0.49800 6.33700 11.16900 10.96600 13.29500
12.00000 -17.56800 -8.35200 -26.44900 -9.21600 0.57000 -7.33400 -18.47300 -4.16100 3.74300 -0.15300 -2.56300 -3.91600 1.45500 4.82200 3.64200 5.97100
13.00000 -16.10300 -7.86300 -24.49500 -7.75100 1.05800 -9.28800 -18.96200 -4.64900 3.25500 -2.59400 -6.95800 -7.82300 -3.42800 -2.01400 -2.70600 -2.33000
14.00000 -14.63800 -8.35200 -19.12400 -6.77500 1.54600 -9.77600 -18.47300 -5.62500 1.79000 -6.01200 -10.86400 -10.26400 -7.33400 -8.36200 -7.58900 -9.16500
15.00000 -13.17300 -8.35200 -13.26500 -5.79800 2.52300 -9.28800 -17.49700 -6.60200 0.32600 -9.43000 -13.79400 -11.72900 -11.24100 -14.22100 -11.00700 -15.02500
16.00000 -11.22000 -6.88700 -8.38200 -4.82200 3.49900 -9.28800 -16.52000 -7.09000 -2.11600 -13.33600 -16.72400 -12.70500 -15.63500 -20.56900 -13.93600 -19.90800
17.00000 -9.75500 -5.91000 -7.40600 -3.84500 5.45200 -10.75200 -16.52000 -7.09000 -3.58100 -16.75400 -19.65300 -13.19400 -19.54100 -26.42800 -17.35400 -24.79000
18.00000 -7.80200 -5.91000 -9.84700 -2.86900 6.42900 -12.70500 -17.49700 -7.09000 -5.04600 -18.70700 -22.58300 -13.68200 -22.47100 -31.31100 -20.77200 -28.69700
19.00000 -6.82600 -7.37500 -12.77700 -2.86900 6.42900 -12.21700 -17.98500 -8.06700 -6.02200 -20.17200 -24.04800 -13.19400 -21.98300 -32.77600 -22.72500 -30.16200
20.00000 -6.82600 -9.32800 -14.73000 -3.84500 5.45200 -8.79900 -17.98500 -9.04300 -6.02200 -19.68400 -24.04800 -11.72900 -18.56500 -30.33400 -21.74900 -27.72000
21.00000 -8.77900 -11.28100 -14.24200 -6.28700 3.01100 -5.87000 -17.49700 -10.99700 -5.53400 -17.73100 -22.09500 -8.79900 -12.21700 -23.01000 -17.35400 -21.86100
22.00000 -12.68500 -12.25800 -12.77700 -8.72800 0.57000 -5.38100 -16.52000 -12.46100 -4.55700 -15.28900 -18.18800 -5.38100 -5.87000 -14.22100 -11.98300 -13.56000
23.00000 -17.08000 -13.23400 -12.28800 -11.65800 -1.38300 -8.79900 -15.54400 -12.46100 -3.58100 -12.84800 -12.81700 -1.96300 -0.49800 -5.92000 -6.12400 -6.23600
24.00000 -20.98600 -14.69900 -13.26500 -13.61100 -2.84800 -13.19400 -15.05500 -10.50800 -3.58100 -10.40600 -7.44600 0.96600 3.40800 1.40400 -2.21800 0.60000
25.00000 -22.45100 -17.14100 -15.21800 -14.58700 -3.33700 -15.14700 -13.59000 -7.57900 -4.06900 -8.45300 -2.56300 2.92000 5.84900 7.26300 1.20000 5.97100
26.00000 -21.47400 -19.09400 -15.21800 -14.58700 -4.31300 -13.68200 -11.63700 -4.64900 -3.58100 -6.98900 0.36600 3.89600 8.29100 12.63400 3.15300 9.87800
27.00000 -20.00900 -19.58200 -12.28800 -13.12300 -4.80100 -10.75200 -8.70800 -2.69600 -1.62800 -5.03500 2.31900 4.38400 10.73200 17.51700 5.59500 13.29500
28.00000 -18.05600 -17.62900 -7.40600 -11.65800 -5.29000 -8.79900 -5.77800 -2.20700 0.81400 -3.08200 2.80800 5.36100 13.66200 21.91200 9.01300 16.22500
29.00000 -16.59100 -15.18800 -3.98800 -10.68100 -5.29000 -8.79900 -4.80100 -2.69600 3.25500 -1.61700 2.80800 5.84900 16.59100 24.84100 12.43100 19.15500
30.00000 -15.61500 -13.23400 -4.47600 -9.70500 -4.31300 -8.79900 -4.80100 -2.69600 5.20800 0.33600 3.29600 7.31400 18.05600 26.30600 14.87200 21.10800
31.00000 -14.63800 -12.74600 -7.89400 -9.21600 -2.36000 -6.35800 -6.26600 -2.69600 5.69700 1.80100 3.78400 7.31400 18.05600 26.30600 15.36100 22.08500
32.00000 -13.17300 -12.25800 -11.80000 -8.24000 0.57000 -1.47500 -8.21900 -2.20700 5.69700 2.77700 3.78400 6.82600 16.59100 25.33000 14.38400 22.08500
33.00000 -10.73200 -10.79300 -13.75300 -6.77500 3.49900 2.92000 -9.19600 -1.71900 5.69700 4.24200 3.29600 5.36100 15.12700 24.35300 12.43100 20.62000
34.00000 -9.26700 -7.86300 -12.28800 -5.31000 5.45200 4.38400 -9.68400 -1.71900 5.69700 5.21900 2.31900 4.38400 13.17300 22.40000 9.98900 18.17800
35.00000 -8.29100 -3.46900 -8.38200 -3.84500 7.89400 2.43100 -9.19600 -1.71900 6.18500 4.73000 1.83100 3.40800 10.73200 19.95800 8.03600 14.76000
36.00000 -7.31400 -0.05100 -4.96400 -1.40400 9.35900 -0.01000 -8.21900 -1.71900 6.18500 3.26500 1.83100 2.92000 6.82600 16.05200 7.06000 10.85400
37.00000 -4.87300 1.41400 -1.05800 0.54900 11.31200 0.96600 -7.24300 -1.23100 5.20800 1.80100 2.80800 2.43100 2.92000 10.68100 6.08300 6.94800
38.00000 -1.45500 2.39100 2.36000 3.47900 13.26500 5.36100 -4.80100 0.23400 3.74300 0.33600 2.80800 1.45500 -1.96300 4.33300 5.10700 2.55300
39.00000 1.96300 2.87900 5.77800 6.40900 15.21800 9.75500 -2.84800 1.21100 2.27900 -1.12900 1.83100 -0.01000 -6.84600 -2.01400 3.15300 -2.33000
40.00000 5.38100 4.83200 7.73100 8.85000 17.17100 10.73200 -1.38300 1.21100 1.30200 -2.59400 -1.09900 -1.47500 -10.75200 -8.36200 -0.26400 -8.18900
41.00000 7.33400 6.78500 8.21900 10.31500 17.66000 7.80200 -1.38300 -0.25400 0.32600 -4.54700 -5.00500 -3.42800 -15.14700 -15.19800 -4.17100 -14.53700
42.00000 8.31100 8.25000 6.26600 10.80300 17.66000 3.40800 -2.84800 -3.18400 -0.65100 -6.98900 -8.42300 -4.89300 -18.56500 -22.03400 -7.58900 -20.88400
43.00000 8.79900 8.73800 4.31300 9.82700 16.68300 0.47800 -5.77800 -5.62500 -2.11600 -9.91800 -10.37600 -6.35800 -21.00600 -27.40500 -10.51800 -25.76700
44.00000 8.31100 7.27300 2.36000 8.36200 15.21800 -0.01000 -8.21900 -7.57900 -3.09200 -11.38300 -10.86400 -7.33400 -21.98300 -30.82300 -11.49500 -28.20800
45.00000 6.84600 6.29700 1.87200 6.40900 13.75300 -0.49800 -9.68400 -8.55500 -3.58100 -10.89500 -9.88800 -6.84600 -20.51800 -30.33400 -11.00700 -27.23200
46.00000 4.89300 4.83200 1.87200 3.96700 11.31200 -3.91600 -11.14900 -8.55500 -2.60400 -9.43000 -9.39900 -5.87000 -16.61200 -25.94000 -9.05400 -23.32600
47.00000 1.96300 2.87900 1.38300 1.52600 8.87000 -9.28800 -12.61400 -8.55500 -0.65100 -8.94200 -9.88800 -4.40500 -11.24100 -19.10400 -6.61200 -16.97800
48.00000 -1.45500 -0.53900 -0.57000 -1.89200 5.45200 -14.17000 -15.05500 -8.06700 1.30200 -9.91800 -9.88800 -2.94000 -5.38100 -11.29200 -4.17100 -10.63000
49.00000 -5.36100 -5.42200 -3.49900 -5.31000 1.54600 -15.63500 -16.52000 -7.57900 2.76700 -11.87100 -9.88800 -1.96300 -0.01000 -2.50200 -1.24100 -3.30600
50.00000 -8.77900 -10.30500 -6.42900 -8.24000 -1.87200 -13.68200 -17.98500 -7.57900 3.25500 -12.84800 -7.44600 -0.01000 4.87300 5.31000 1.20000 3.04200
51.00000 -11.22000 -13.72300 -9.84700 -9.70500 -4.31300 -10.75200 -17.98500 -6.60200 3.25500 -12.36000 -4.51700 1.94300 8.29100 11.65800 3.64200 7.92400
52.00000 -12.68500 -15.67600 -12.77700 -11.16900 -5.29000 -10.75200 -17.49700 -5.62500 3.74300 -9.91800 -1.09900 3.40800 10.73200 15.56400 5.59500 11.34200
53.00000 -13.66200 -15.18800 -14.73000 -11.16900 -5.29000 -14.65900 -16.52000 -4.64900 4.72000 -6.98900 0.36600 4.87300 11.22000 17.02900 7.06000 12.80700
54.00000 -14.15000 -15.18800 -14.24200 -11.16900 -4.31300 -19.05300 -15.05500 -3.18400 5.69700 -5.03500 0.85400 5.36100 10.24400 16.54100 8.03600 12.80700
55.00000 -13.66200 -15.67600 -12.28800 -10.19300 -3.33700 -21.98300 -13.10200 -1.23100 6.67300 -4.54700 1.83100 6.33700 9.75500 16.05200 9.01300 13.29500
56.00000 -14.15000 -17.14100 -9.35900 -9.21600 -2.36000 -21.00600 -10.66100 0.72200 6.67300 -5.03500 3.29600 7.31400 8.77900 15.07600 9.98900 13.29500
57.00000 -13.66200 -17.14100 -8.38200 -7.75100 -1.38300 -18.07700 -8.21900 1.69900 6.18500 -5.03500 5.24900 8.29100 7.80200 14.58700 10.96600 13.78400
58.00000 -12.68500 -14.69900 -8.87000 -5.79800 0.57000 -15.63500 -6.26600 1.69900 5.20800 -5.52400 7.20200 8.77900 6.82600 14.58700 11.45400 13.78400
59.00000 -10.73200 -10.79300 -10.82400 -3.84500 3.49900 -14.17000 -5.77800 1.21100 4.23200 -5.52400 7.20200 8.29100 5.36100 13.12300 10.47800 12.80700
60.00000 -6.82600 -5.91000 -9.84700 -1.89200 5.94100 -12.70500 -6.26600 0.72200 4.23200 -6.01200 5.73700 7.31400 2.92000 11.16900 9.01300 10.85400
61.00000 -2.92000 -3.95700 -6.91700 0.54900 7.89400 -10.75200 -6.26600 0.72200 3.25500 -7.96500 3.78400 5.84900 -0.01000 8.24000 7.54800 8.41300
62.00000 0.01000 -5.91000 -2.03500 2.01400 7.89400 -9.28800 -3.82500 1.69900 1.30200 -9.91800 3.29600 6.33700 -2.45200 5.79800 7.54800 6.94800
63.00000 0.01000 -10.30500 1.38300 2.99100 6.42900 -10.26400 0.08100 3.65200 -1.13900 -11.38300 5.73700 7.80200 -2.94000 4.82200 8.52500 6.94800
64.00000 -2.43100 -15.67600 1.38300 2.01400 3.98800 -15.63500 4.96400 6.09300 -3.09200 -12.84800 9.64400 10.24400 -2.94000 5.31000 10.47800 7.43600
65.00000 -5.84900 -19.58200 -2.03500 0.06100 1.05800 -23.93600 7.89400 7.07000 -3.58100 -12.36000 12.57300 12.19700 -1.96300 6.28700 11.94300 7.92400
66.00000 -8.77900 -21.53500 -6.91700 -2.38000 -0.40700 -28.81900 7.89400 7.07000 -2.60400 -10.40600 13.55000 12.68500 -1.96300 6.77500 11.45400 7.43600
67.00000 -9.75500 -20.07000 -9.84700 -4.82200 -0.40700 -27.35400 5.45200 6.09300 0.32600 -7.96500 11.59700 11.22000 -1.96300 6.77500 9.01300 5.48300
68.00000 -9.26700 -16.65200 -11.80000 -6.28700 1.05800 -19.54100 1.54600 4.62800 3.74300 -4.05900 7.20200 8.29100 -2.45200 6.77500 5.59500 2.55300
69.00000 -7.31400 -12.25800 -12.28800 -6.28700 3.98800 -10.26400 -1.38300 3.65200 6.67300 -1.12900 3.78400 5.84900 -2.94000 6.77500 2.17700 0.60000
70.00000 -6.33700 -8.35200 -13.75300 -5.31000 6.42900 -4.89300 -3.82500 3.16400 8.13800 0.82400 1.83100 3.89600 -2.45200 7.26300 1.20000 -0.37600
71.00000 -6.33700 -5.91000 -15.70600 -4.33300 8.38200 -6.84600 -5.77800 3.16400 8.13800 0.33600 0.85400 3.40800 -1.47500 6.77500 1.20000 0.11200
72.00000 -6.82600 -4.44500 -15.70600 -2.38000 8.87000 -12.70500 -7.73100 3.65200 8.13800 -2.10600 0.36600 3.89600 -0.49800 6.28700 1.68900 1.57700
73.00000 -6.82600 -4.44500 -13.26500 -0.91600 8.87000 -16.61200 -9.68400 3.16400 7.65000 -5.52400 -1.09900 3.40800 -0.01000 5.31000 1.68900 2.55300
74.00000 -4.87300 -4.93400 -9.35900 0.54900 8.38200 -16.61200 -12.12600 2.18700 7.65000 -7.96500 -3.54000 2.43100 0.47800 4.33300 0.71200 3.04200
75.00000 -2.43100 -6.88700 -5.94100 1.03800 7.89400 -14.65900 -13.10200 1.21100 7.65000 -9.43000 -6.47000 1.45500 0.47800 2.86900 -0.75300 3.04200
76.00000 -0.96600 -9.32800 -5.94100 1.03800 7.40600 -15.63500 -13.59000 0.23400 7.16100 -10.40600 -7.93500 0.47800 0.96600 2.38000 -0.75300 3.04200
77.00000 -0.96600 -12.74600 -9.84700 -0.42700 6.91700 -20.03000 -14.07900 -1.23100 6.67300 -10.89500 -7.44600 1.45500 2.43100 2.38000 1.20000 4.99500
78.00000 -2.92000 -16.16400 -14.73000 -1.40400 5.94100 -25.88900 -14.07900 -1.23100 5.69700 -11.38300 -5.00500 3.40800 4.38400 3.35700 4.61800 7.43600
79.00000 -5.36100 -17.62900 -17.17100 -1.89200 5.45200 -27.84200 -14.07900 -1.23100 5.20800 -11.87100 -1.09900 5.36100 6.33700 5.31000 8.52500 11.34200
80.00000 -6.33700 -17.14100 -15.70600 -0.91600 5.94100 -24.91300 -13.59000 -1.23100 5.20800 -11.38300 2.31900 7.31400 8.29100 7.75100 11.45400 13.78400
81.00000 -5.84900 -14.69900 -10.82400 0.54900 7.40600 -19.05300 -11.63700 -1.23100 5.20800 -10.40600 4.76100 7.80200 8.29100 9.70500 12.43100 14.76000
82.00000 -3.40800 -10.79300 -6.42900 1.52600 9.35900 -14.65900 -8.21900 -1.23100 4.72000 -9.43000 6.22600 7.80200 7.80200 11.16900 12.43100 14.76000
83.00000 -1.45500 -6.88700 -4.47600 2.01400 10.82400 -13.19400 -3.33700 -0.74300 3.25500 -8.94200 8.17900 8.77900 6.82600 12.14600 12.91900 13.78400
84.00000 -0.47800 -2.98100 -4.96400 1.52600 10.82400 -13.19400 1.05800 0.72200 1.30200 -8.45300 10.62000 10.73200 5.84900 12.63400 14.38400 13.78400
85.00000 -0.96600 -1.51600 -5.94100 0.06100 9.84700 -12.70500 3.98800 2.18700 -0.65100 -7.96500 14.03800 13.66200 5.84900 13.12300 16.33700 14.27200
86.00000 -1.94300 -2.98100 -5.45200 -0.91600 7.89400 -10.26400 5.94100 4.62800 -1.13900 -6.98900 16.47900 16.10300 6.33700 13.12300 17.80200 15.24900
87.00000 -2.92000 -6.39900 -2.52300 -0.91600 6.91700 -8.79900 5.94100 6.09300 -0.16300 -5.52400 17.45600 17.56800 6.33700 13.12300 17.80200 15.24900
88.00000 -4.38400 -10.79300 1.38300 -1.40400 5.45200 -11.24100 6.42900 6.58200 0.81400 -4.05900 15.99100 17.56800 5.36100 12.63400 15.84900 13.29500
89.00000 -5.36100 -15.18800 3.33700 -1.89200 3.98800 -16.12300 5.94100 6.58200 3.25500 -4.05900 13.55000 16.10300 4.87300 11.65800 13.40700 10.85400
90.00000 -6.33700 -18.11700 0.89500 -2.86900 2.52300 -21.49500 5.45200 6.58200 4.72000 -4.54700 11.59700 14.15000 4.38400 10.19300 10.47800 8.41300
91.00000 -7.80200 -19.09400 -4.47600 -3.84500 1.05800 -22.47100 4.47600 6.58200 6.18500 -5.03500 9.64400 12.19700 4.38400 9.70500 7.54800 6.46000
92.00000 -8.77900 -19.09400 -9.35900 -3.84500 1.05800 -19.54100 2.52300 6.58200 6.67300 -5.03500 8.17900 9.75500 3.40800 8.72800 4.61800 4.50600
93.00000 -8.77900 -18.11700 -11.31200 -2.86900 3.01100 -14.17000 0.08100 6.09300 7.16100 -4.05900 6.22600 7.31400 1.45500 7.26300 1.20000 2.06500
94.00000 -8.77900 -15.67600 -9.84700 -1.40400 5.45200 -10.75200 -1.87200 5.60500 7.16100 -3.57100 3.78400 4.87300 -0.49800 5.79800 -0.75300 -0.86500
95.00000 -7.80200 -12.25800 -7.40600 -0.42700 7.89400 -10.26400 -3.82500 4.62800 8.13800 -3.08200 0.85400 3.40800 -1.47500 4.33300 -1.72900 -2.33000
96.00000 -7.80200 -8.84000 -6.91700 -0.42700 9.35900 -12.21700 -5.29000 4.14000 9.11500 -4.05900 -1.09900 3.40800 -1.47500 3.84500 -1.24100 -2.33000
97.00000 -8.29100 -7.37500 -9.35900 -1.40400 9.84700 -14.17000 -7.73100 3.65200 10.09100 -5.52400 -2.07500 4.38400 -0.01000 3.84500 0.22400 -1.35300
98.00000 -8.77900 -8.84000 -12.77700 -1.89200 9.84700 -15.14700 -9.68400 3.16400 10.09100 -6.98900 -3.05200 4.87300 1.45500 3.84500 1.20000 0.11200
99.00000 -8.77900 -13.23400 -15.21800 -1.40400 10.82400 -16.12300 -10.66100 2.18700 10.09100 -8.94200 -3.54000 4.87300 1.94300 2.38000 1.68900 0.60000
100.00000 -6.33700 -16.65200 -14.24200 0.06100 12.77700 -17.10000 -11.63700 1.21100 9.11500 -11.38300 -5.00500 3.89600 1.45500 -0.54900 1.20000 -0.37600
101.00000 -2.43100 -17.62900 -11.31200 2.01400 15.21800 -19.54100 -11.63700 -0.25400 8.13800 -13.82400 -5.98100 3.40800 0.96600 -2.99100 0.22400 -0.86500
102.00000 1.47500 -15.18800 -8.38200 3.96700 16.68300 -21.00600 -11.63700 -1.23100 6.67300 -16.26600 -6.95800 3.40800 1.45500 -3.96700 1.20000 0.11200
103.00000 3.42800 -12.74600 -6.91700 4.94400 16.19500 -21.49500 -11.63700 -0.74300 5.20800 -17.24200 -5.00500 5.36100 3.40800 -2.01400 3.64200 3.04200
104.00000 2.94000 -11.77000 -6.91700 4.94400 14.73000 -20.51800 -11.63700 0.72200 3.25500 -16.75400 -1.58700 8.29100 6.33700 0.91600 7.54800 6.94800
105.00000 0.01000 -13.72300 -7.40600 3.96700 11.80000 -20.03000 -10.66100 1.69900 0.81400 -15.77800 3.29600 11.70900 8.77900 3.84500 10.96600 10.36600
106.00000 -2.92000 -17.62900 -8.87000 2.99100 8.87000 -20.51800 -8.21900 3.16400 -1.62800 -14.80100 8.66700 14.63800 10.24400 5.31000 13.89600 12.31900
107.00000 -4.38400 -19.09400 -9.84700 1.52600 5.94100 -21.98300 -5.77800 4.14000 -3.58100 -15.28900 12.08500 17.08000 9.75500 5.31000 15.36100 12.31900
108.00000 -4.87300 -17.62900 -11.31200 0.54900 3.98800 -23.44800 -3.33700 4.62800 -4.55700 -16.26600 14.03800 17.56800 9.26700 4.82200 14.87200 11.34200
109.00000 -4.38400 -14.21100 -12.77700 0.06100 3.49900 -23.44800 -1.87200 5.11700 -3.58100 -16.75400 14.03800 17.08000 8.77900 4.82200 13.40700 10.36600
110.00000 -4.38400 -11.77000 -12.28800 0.06100 3.98800 -21.49500 -0.89500 6.09300 -2.11600 -15.77800 12.57300 15.61500 8.29100 6.28700 10.96600 9.87800
111.00000 -4.87300 -11.77000 -9.35900 0.06100 5.94100 -20.03000 -0.89500 6.09300 0.32600 -13.82400 10.62000 14.15000 8.29100 7.75100 8.52500 9.38900
112.00000 -6.33700 -14.69900 -4.96400 0.54900 8.87000 -19.05300 -1.38300 6.09300 2.76700 -10.89500 7.69000 12.19700 8.29100 8.72800 6.57100 8.41300
113.00000 -5.36100 -17.14100 -0.57000 1.03800 11.31200 -19.05300 -1.38300 5.60500 5.20800 -7.96500 5.73700 10.24400 8.77900 9.21600 4.61800 7.92400
114.00000 -3.40800 -17.14100 1.87200 1.03800 12.28800 -19.05300 -1.38300 4.62800 6.67300 -6.01200 3.78400 8.77900 9.26700 9.70500 3.64200 7.43600
115.00000 -0.96600 -15.18800 1.38300 1.52600 12.77700 -18.07700 -1.87200 4.14000 8.13800 -4.54700 3.29600 7.80200 10.24400 11.16900 3.15300 7.43600
116.00000 0.01000 -12.74600 -0.57000 1.52600 12.77700 -16.61200 -1.87200 4.62800 9.11500 -3.08200 3.78400 7.31400 10.24400 13.12300 3.64200 8.90100
117.00000 -0.96600 -11.28100 -2.03500 2.01400 13.26500 -14.65900 -1.87200 4.62800 10.09100 -2.10600 4.76100 7.31400 10.24400 15.07600 4.13000 9.38900
118.00000 -2.43100 -10.30500 -2.03500 2.50200 15.70600 -13.19400 -2.84800 4.62800 10.57900 -1.12900 5.73700 6.82600 9.75500 16.05200 4.61800 9.38900
119.00000 -2.43100 -8.84000 -1.05800 3.96700 18.63600 -12.21700 -1.87200 4.62800 11.55600 0.33600 5.24900 6.33700 8.77900 16.05200 4.61800 8.90100
120.00000 -0.47800 -6.88700 -0.08100 4.45600 21.56600 -11.24100 -1.87200 4.14000 12.04400 0.82400 4.27200 5.84900 8.29100 15.56400 4.13000 8.41300
121.00000 2.45200 -4.93400 -1.05800 5.43200 22.54200 -8.79900 -0.89500 4.14000 12.04400 0.82400 3.78400 6.33700 8.77900 15.07600 4.13000 8.41300
122.00000 3.91600 -3.95700 -3.01100 5.43200 21.56600 -7.82300 -0.40700 4.14000 11.55600 -0.15300 3.78400 6.82600 9.26700 15.07600 4.61800 8.90100
123.00000 2.94000 -4.44500 -4.47600 4.45600 19.61300 -7.82300 0.08100 4.62800 10.09100 -2.59400 5.73700 9.26700 9.75500 14.58700 6.08300 9.87800
124.00000 -0.96600 -6.88700 -4.96400 2.50200 17.17100 -9.28800 -0.40700 5.60500 7.65000 -5.52400 7.69000 11.22000 9.26700 13.61100 7.54800 10.85400
125.00000 -4.38400 -10.30500 -3.98800 1.03800 15.70600 -11.72900 -1.38300 5.60500 5.69700 -7.96500 9.15500 12.68500 8.77900 11.16900 9.01300 10.85400
126.00000 -5.36100 -13.23400 -2.03500 0.06100 15.21800 -12.21700 -1.38300 5.60500 3.74300 -9.91800 8.17900 13.17300 8.29100 8.72800 9.50100 10.36600
127.00000 -2.92000 -15.18800 -1.05800 0.06100 15.21800 -11.24100 -3.33700 5.11700 2.27900 -10.40600 6.22600 12.68500 7.80200 7.26300 9.98900 10.36600
128.00000 0.98700 -15.18800 -0.57000 1.52600 15.21800 -9.28800 -2.84800 5.60500 1.30200 -9.91800 4.27200 13.17300 8.29100 7.26300 10.96600 10.85400
129.00000 4.40500 -13.23400 -0.57000 2.99100 14.73000 -10.26400 -2.36000 5.60500 0.81400 -10.40600 4.27200 14.15000 8.77900 7.75100 12.43100 12.31900
130.00000 4.89300 -9.81600 -0.08100 4.45600 13.75300 -13.68200 -1.38300 6.09300 0.81400 -10.89500 5.73700 14.63800 9.75500 8.24000 13.89600 13.29500
131.00000 2.45200 -6.88700 -0.57000 4.94400 13.26500 -19.54100 -1.38300 5.60500 0.81400 -12.36000 8.66700 14.63800 10.24400 8.24000 14.38400 13.78400
132.00000 -1.45500 -6.39900 -2.52300 3.47900 12.28800 -23.93600 -2.36000 4.62800 0.81400 -12.84800 10.62000 14.15000 10.24400 7.26300 13.89600 13.29500
133.00000 -4.38400 -8.84000 -5.94100 1.52600 12.28800 -24.91300 -3.82500 3.65200 1.79000 -13.33600 11.10800 13.17300 9.75500 6.28700 12.43100 11.83100
134.00000 -4.87300 -12.74600 -9.35900 0.06100 11.80000 -21.98300 -4.80100 2.67500 2.76700 -13.33600 10.62000 13.17300 9.26700 5.31000 11.45400 10.36600
135.00000 -3.89600 -16.16400 -11.31200 -0.42700 11.80000 -17.10000 -4.31300 2.67500 3.25500 -13.82400 10.13200 13.66200 8.77900 5.31000 10.96600 9.87800
136.00000 -2.92000 -17.62900 -10.82400 -0.42700 11.80000 -14.17000 -2.36000 2.67500 4.23200 -14.31300 9.64400 14.15000 8.77900 5.31000 10.96600 9.87800
137.00000 -1.94300 -17.62900 -8.87000 0.54900 12.28800 -13.68200 -0.40700 3.16400 4.72000 -14.80100 8.66700 14.15000 8.29100 4.82200 9.98900 9.87800
138.00000 -1.94300 -16.65200 -5.94100 1.52600 13.26500 -16.12300 1.05800 3.65200 5.69700 -14.80100 6.71400 13.17300 7.80200 3.84500 8.03600 8.90100
139.00000 -0.96600 -15.67600 -3.01100 2.50200 15.21800 -18.07700 1.05800 3.65200 6.18500 -13.82400 3.78400 10.73200 7.31400 2.86900 4.61800 6.94800
140.00000 0.01000 -15.18800 0.40700 3.96700 16.68300 -18.07700 0.08100 3.65200 6.67300 -11.87100 1.34300 9.26700 6.82600 2.86900 1.68900 4.50600
141.00000 1.47500 -14.21100 4.31300 6.40900 17.66000 -17.10000 -0.89500 4.62800 7.16100 -10.40600 -0.12200 8.29100 6.82600 3.84500 -0.26400 2.55300
142.00000 2.94000 -11.77000 8.70800 8.85000 18.63600 -15.63500 -0.40700 6.09300 7.16100 -8.45300 1.83100 8.29100 7.80200 6.28700 0.22400 2.55300
143.00000 3.42800 -7.86300 11.14900 10.31500 19.12400 -15.63500 1.54600 7.55800 7.16100 -6.98900 4.76100 9.26700 8.29100 9.21600 2.17700 4.50600
144.00000 3.42800 -4.44500 11.63700 10.80300 19.12400 -17.10000 4.47600 8.53500 7.16100 -5.52400 8.17900 10.24400 9.26700 11.16900 4.61800 6.46000
145.00000 3.91600 -2.49200 9.68400 10.31500 19.12400 -17.10000 6.91700 9.02300 7.16100 -4.05900 10.13200 11.22000 10.24400 12.14600 6.57100 8.41300
146.00000 4.40500 -2.00400 7.24300 9.33800 19.12400 -15.14700 7.89400 9.02300 7.16100 -2.59400 9.64400 11.70900 10.73200 11.65800 8.03600 9.87800
147.00000 5.38100 -1.51600 6.26600 9.33800 20.10100 -10.26400 7.89400 9.51100 6.67300 -1.12900 8.17900 12.68500 10.73200 11.65800 9.50100 10.36600
148.00000 5.87000 -1.51600 8.21900 9.33800 21.07700 -4.89300 6.91700 9.51100 5.69700 -0.64100 6.71400 13.66200 10.73200 12.14600 10.47800 10.85400
149.00000 5.38100 -1.51600 10.66100 8.85000 22.05400 -2.94000 4.96400 10.00000 5.20800 -0.15300 6.22600 14.15000 10.73200 13.61100 11.45400 11.34200
150.00000 3.91600 -2.98100 11.14900 7.87400 22.05400 -5.87000 3.01100 9.51100 4.23200 -0.64100 5.73700 14.15000 10.73200 14.58700 12.43100 12.31900
151.00000 1.96300 -6.39900 8.21900 4.94400 21.07700 -12.21700 -0.89500 8.04600 2.76700 -2.59400 4.76100 13.17300 10.24400 14.09900 12.43100 12.31900
152.00000 0.98700 -11.28100 2.36000 2.01400 19.61300 -19.05300 -5.77800 6.58200 1.30200 -5.03500 2.31900 11.70900 9.26700 11.16900 10.96600 10.36600
153.00000 0.01000 -15.67600 -3.98800 0.06100 18.63600 -22.95900 -11.63700 5.60500 -0.16300 -8.94200 -0.61000 9.75500 7.80200 7.26300 9.01300 7.92400
154.00000 -0.96600 -17.14100 -8.38200 -0.42700 17.66000 -23.93600 -16.03200 4.62800 -1.13900 -13.33600 -4.02800 8.29100 5.84900 3.84500 6.08300 5.48300
155.00000 -2.43100 -15.18800 -9.84700 1.03800 17.66000 -23.44800 -17.49700 5.11700 -1.62800 -15.77800 -5.98100 7.31400 4.38400 1.40400 4.61800 4.50600
156.00000 -4.38400 -11.28100 -9.35900 2.50200 18.14800 -22.95900 -16.52000 5.11700 -1.13900 -16.26600 -6.47000 6.82600 4.38400 1.40400 3.64200 4.50600
157.00000 -5.36100 -6.88700 -7.40600 3.47900 18.63600 -23.44800 -13.59000 4.62800 -0.16300 -14.80100 -5.98100 7.31400 4.87300 2.86900 4.61800 5.97100
158.00000 -4.87300 -3.95700 -4.96400 3.96700 19.12400 -21.98300 -11.63700 4.14000 0.32600 -12.84800 -4.02800 7.80200 5.84900 3.84500 6.08300 7.43600
159.00000 -1.45500 -1.51600 -1.05800 4.45600 19.61300 -19.05300 -10.66100 2.67500 1.30200 -11.38300 -2.07500 8.77900 6.82600 4.82200 8.03600 9.38900
160.00000 2.45200 -0.53900 2.84800 4.94400 19.61300 -14.17000 -10.66100 2.18700 1.79000 -10.89500 0.85400 10.73200 8.29100 5.31000 10.96600 11.34200
161.00000 4.89300 -0.53900 6.75500 6.40900 20.10100 -10.26400 -10.17300 2.18700 2.76700 -10.89500 4.27200 12.68500 9.26700 6.28700 13.89600 13.29500
162.00000 5.87000 -2.00400 7.73100 6.89700 20.58900 -10.26400 -8.21900 2.67500 3.25500 -10.89500 8.66700 15.12700 10.73200 8.72800 16.82500 16.22500
163.00000 4.40500 -4.93400 6.26600 6.89700 20.10100 -13.68200 -4.31300 4.14000 4.23200 -9.91800 12.57300 16.59100 11.70900 11.65800 18.77800 18.17800
164.00000 2.45200 -8.84000 3.33700 5.92000 19.61300 -18.56500 -0.89500 5.60500 4.23200 -8.94200 14.03800 18.05600 11.70900 14.09900 20.24300 19.64300
165.00000 2.45200 -11.28100 2.36000 4.94400 19.61300 -21.98300 0.57000 6.58200 4.23200 -7.96500 14.03800 18.05600 11.22000 14.58700 19.75500 19.15500
166.00000 3.42800 -11.77000 3.82500 5.43200 19.61300 -22.95900 0.08100 8.04600 3.74300 -7.47700 12.08500 17.08000 10.24400 13.61100 17.80200 17.20200
167.00000 4.89300 -8.84000 7.73100 6.89700 20.58900 -21.98300 -1.87200 9.02300 3.74300 -6.50000 9.15500 15.61500 8.77900 12.63400 14.87200 14.27200
168.00000 5.87000 -4.93400 10.66100 8.85000 22.54200 -20.51800 -2.36000 9.51100 3.74300 -5.03500 7.20200 13.17300 7.31400 11.65800 12.43100 11.34200
169.00000 4.89300 -0.53900 10.66100 9.82700 24.98400 -18.56500 -2.36000 9.51100 4.23200 -3.08200 5.73700 11.70900 6.33700 11.65800 10.96600 9.38900
170.00000 3.42800 1.90200 8.21900 10.31500 26.93700 -15.63500 -1.38300 8.53500 4.72000 -0.64100 5.73700 10.73200 5.84900 12.63400 9.98900 8.90100
171.00000 3.42800 1.90200 4.80100 9.82700 26.93700 -11.24100 -0.89500 8.04600 4.72000 0.33600 6.22600 10.24400 5.84900 13.12300 9.50100 8.90100
172.00000 4.89300 0.43700 3.82500 9.82700 25.96000 -5.87000 -2.36000 7.55800 4.23200 0.33600 5.73700 9.75500 6.33700 13.12300 9.98900 9.38900
173.00000 7.33400 -1.02700 4.80100 10.31500 24.49500 -2.94000 -5.77800 7.55800 3.25500 -2.59400 5.24900 9.75500 6.82600 11.65800 9.50100 9.38900
174.00000 9.28800 -2.98100 6.26600 11.29200 24.49500 -3.91600 -9.68400 7.55800 2.27900 -5.03500 2.80800 9.75500 7.31400 10.19300 9.01300 8.90100
175.00000 9.77600 -4.44500 6.75500 11.78000 25.96000 -8.79900 -13.10200 7.55800 2.27900 -6.98900 0.85400 9.26700 7.80200 8.72800 8.52500 7.92400
176.00000 8.79900 -5.42200 4.80100 12.26800 28.89000 -15.14700 -15.54400 7.55800 3.25500 -6.98900 -1.58700 9.26700 8.29100 9.21600 8.03600 7.92400
177.00000 7.82300 -5.91000 1.38300 11.78000 31.82000 -18.07700 -17.49700 7.07000 4.23200 -5.03500 -2.56300 9.75500 9.75500 10.68100 9.01300 8.90100
178.00000 7.33400 -4.93400 -1.54600 10.80300 33.77300 -17.58800 -17.98500 6.09300 5.20800 -3.57100 -2.56300 10.73200 10.73200 12.14600 10.47800 11.34200
179.00000 7.82300 -1.51600 -2.52300 10.31500 34.26100 -14.17000 -19.45000 6.09300 6.18500 -2.59400 -2.07500 11.70900 11.22000 13.12300 11.94300 12.80700
180.00000 8.79900 2.39100 -1.54600 10.31500 33.77300 -11.72900 -19.93800 5.60500 6.18500 -2.59400 -0.61000 12.19700 11.70900 12.63400 13.40700 14.27200
181.00000 10.26400 5.32000 -0.57000 9.82700 33.77300 -12.21700 -19.45000 5.60500 6.67300 -3.08200 1.34300 12.68500 11.70900 11.16900 13.89600 14.76000
182.00000 11.24100 6.78500 0.89500 10.31500 33.77300 -15.14700 -17.98500 5.11700 8.13800 -2.59400 2.80800 12.68500 12.19700 11.16900 14.38400 14.76000
183.00000 12.21700 6.78500 1.87200 10.80300 34.74900 -17.10000 -16.03200 4.62800 8.62600 -0.64100 3.78400 12.68500 13.66200 12.63400 14.87200 16.22500
184.00000 13.19400 6.78500 4.31300 11.29200 35.23800 -16.12300 -13.59000 4.14000 9.60300 2.28900 4.76100 13.17300 15.61500 15.56400 16.33700 18.17800
185.00000 13.68200 6.78500 7.24300 11.78000 35.23800 -12.70500 -12.12600 3.65200 10.09100 3.75400 5.73700 13.66200 17.08000 18.49400 18.29000 20.62000
186.00000 13.19400 6.78500 10.17300 11.29200 34.26100 -9.28800 -11.63700 3.65200 9.11500 3.75400 6.22600 14.15000 18.05600 19.95800 20.24300 22.08500
187.00000 11.72900 5.80900 11.63700 10.31500 32.30800 -8.79900 -12.61400 4.14000 8.13800 2.28900 6.71400 15.12700 17.56800 19.95800 20.73200 23.06100
188.00000 9.77600 3.85500 11.63700 8.36200 30.84300 -10.75200 -13.59000 5.11700 6.67300 0.33600 7.69000 15.12700 17.08000 18.98200 20.73200 22.57300
189.00000 7.82300 1.90200 9.68400 6.89700 29.86700 -13.68200 -14.07900 5.60500 6.18500 -0.15300 8.66700 15.61500 16.59100 18.98200 20.73200 23.06100
190.00000 6.84600 1.41400 6.75500 4.94400 28.89000 -14.17000 -14.56700 5.11700 6.18500 0.82400 8.66700 15.61500 17.08000 19.47000 20.73200 23.06100
191.00000 7.33400 2.87900 5.29000 3.96700 28.89000 -11.72900 -13.59000 4.62800 6.67300 2.77700 9.15500 15.61500 18.05600 20.93500 21.70800 24.03800
192.00000 8.79900 5.80900 4.80100 3.47900 28.89000 -8.79900 -12.12600 4.14000 7.16100 4.24200 9.64400 15.61500 18.54500 21.91200 22.19600 24.52600
193.00000 9.28800 6.78500 5.29000 3.47900 28.89000 -8.31100 -9.68400 4.14000 6.67300 5.21900 9.64400 15.61500 18.54500 21.42300 22.68500 24.52600
194.00000 8.79900 4.34400 5.77800 2.99100 28.40200 -12.21700 -7.73100 4.62800 6.18500 4.73000 10.62000 16.10300 18.05600 19.47000 22.68500 24.03800
195.00000 5.87000 -1.02700 4.31300 2.50200 27.42500 -18.07700 -6.75500 5.60500 5.20800 3.75400 11.10800 16.59100 17.56800 17.51700 22.19600 23.06100
196.00000 3.42800 -5.91000 2.84800 2.50200 26.44900 -21.98300 -7.24300 6.09300 4.72000 2.77700 11.59700 18.05600 17.56800 16.54100 22.19600 22.57300
197.00000 0.98700 -8.84000 0.40700 2.01400 25.47200 -21.98300 -9.19600 6.58200 5.20800 1.80100 11.10800 18.54500 19.03300 16.54100 22.19600 23.06100
198.00000 0.01000 -8.84000 -1.05800 1.52600 25.47200 -19.05300 -12.61400 6.09300 6.18500 1.31200 10.13200 19.03300 20.49800 18.00500 22.19600 24.03800
199.00000 0.01000 -7.86300 -2.03500 1.03800 25.96000 -15.14700 -15.54400 6.58200 7.16100 0.33600 9.64400 19.03300 21.47400 19.47000 22.19600 25.01400
200.00000 0.01000 -7.37500 -3.01100 0.54900 25.47200 -15.14700 -17.49700 6.09300 7.16100 -0.64100 8.17900 19.03300 21.47400 18.49400 21.22000 24.52600
201.00000 -0.96600 -9.32800 -3.98800 -0.42700 24.98400 -18.07700 -17.98500 6.09300 6.67300 -1.61700 6.71400 18.05600 20.98600 16.54100 19.75500 23.06100
202.00000 -3.40800 -12.25800 -6.91700 -0.91600 24.00700 -22.47100 -18.47300 5.60500 5.69700 -2.59400 4.76100 17.08000 19.52100 14.09900 18.77800 21.59600
203.00000 -5.84900 -13.23400 -9.35900 -0.91600 24.00700 -24.42400 -18.47300 5.11700 4.72000 -3.08200 2.80800 16.59100 18.54500 11.16900 18.29000 20.13100
204.00000 -7.80200 -11.77000 -12.77700 -1.40400 24.98400 -23.44800 -20.42600 5.11700 4.23200 -3.08200 0.85400 16.10300 17.56800 10.19300 17.80200 19.64300
205.00000 -8.29100 -9.32800 -15.21800 -2.38000 26.44900 -21.98300 -22.86800 4.14000 4.23200 -3.57100 -0.61000 15.12700 17.56800 10.19300 17.80200 19.64300
206.00000 -8.77900 -7.86300 -16.68300 -4.33300 27.42500 -21.49500 -25.79800 3.16400 4.72000 -3.57100 -1.58700 14.15000 17.08000 10.68100 17.31400 19.15500
207.00000 -9.75500 -9.81600 -16.68300 -6.77500 27.42500 -23.44800 -29.21500 1.69900 5.20800 -4.54700 -3.05200 11.70900 16.59100 10.68100 15.84900 18.66700
208.00000 -12.68500 -14.69900 -15.70600 -8.72800 24.98400 -26.37700 -31.16900 -0.25400 5.20800 -5.52400 -5.49300 9.26700 15.61500 10.19300 13.40700 16.71300
209.00000 -15.61500 -18.60600 -14.73000 -8.72800 22.05400 -27.84200 -32.14500 -2.20700 5.69700 -6.50000 -8.91100 7.31400 14.63800 9.70500 11.45400 14.76000
210.00000 -18.05600 -20.55900 -13.75300 -8.24000 19.61300 -28.33000 -32.63300 -3.18400 5.69700 -7.47700 -11.84100 6.33700 14.15000 9.21600 9.98900 14.27200
211.00000 -18.54500 -20.55900 -14.24200 -6.77500 18.14800 -27.84200 -32.14500 -2.69600 6.18500 -8.45300 -13.30600 7.31400 14.63800 9.70500 9.98900 14.27200
212.00000 -17.56800 -20.55900 -15.21800 -5.79800 17.66000 -29.30700 -31.65700 -1.71900 6.18500 -8.94200 -12.81700 8.77900 15.12700 9.70500 11.45400 15.24900
213.00000 -16.10300 -22.02400 -15.21800 -5.79800 18.14800 -31.26000 -30.19200 -0.25400 5.69700 -9.91800 -10.86400 10.24400 15.61500 9.70500 12.91900 16.71300
214.00000 -15.12700 -24.46500 -13.26500 -6.28700 18.14800 -32.23700 -27.75100 1.21100 5.20800 -10.89500 -7.44600 11.70900 15.61500 9.21600 14.38400 17.20200
215.00000 -14.63800 -25.93000 -8.38200 -6.28700 18.14800 -31.26000 -24.33300 2.18700 4.23200 -11.38300 -4.02800 12.68500 15.12700 8.24000 15.84900 17.20200
216.00000 -15.61500 -25.44100 -3.98800 -6.28700 17.17100 -28.81900 -21.40300 2.67500 3.74300 -11.87100 -0.61000 13.66200 14.63800 7.75100 17.31400 17.69000
217.00000 -16.59100 -23.48800 -1.05800 -6.77500 15.70600 -27.84200 -20.42600 3.16400 3.25500 -12.36000 0.85400 14.63800 15.12700 6.77500 18.29000 18.17800
218.00000 -18.05600 -22.02400 -1.54600 -7.75100 13.75300 -30.28400 -20.42600 3.16400 3.25500 -12.36000 1.83100 15.12700 15.12700 6.28700 18.77800 18.17800
219.00000 -18.54500 -23.48800 -4.47600 -8.72800 12.28800 -34.67800 -20.91500 4.14000 3.25500 -12.36000 1.83100 15.61500 15.61500 6.28700 18.29000 18.17800
220.00000 -19.03300 -25.93000 -7.89400 -8.72800 11.80000 -40.04900 -20.91500 4.62800 2.27900 -12.36000 1.34300 15.61500 15.12700 5.79800 17.80200 17.69000
221.00000 -18.54500 -28.37100 -9.84700 -7.75100 13.26500 -42.00200 -19.93800 5.60500 1.79000 -11.87100 1.34300 16.10300 14.63800 6.28700 17.31400 17.69000
222.00000 -18.54500 -27.88300 -9.35900 -4.82200 14.73000 -40.04900 -18.47300 6.58200 1.30200 -11.87100 1.34300 17.08000 14.63800 6.28700 17.31400 17.20200
223.00000 -17.56800 -24.46500 -6.91700 -1.89200 17.17100 -36.14300 -17.00800 7.07000 0.81400 -12.36000 2.31900 18.05600 14.63800 6.77500 17.80200 17.69000
224.00000 -16.10300 -20.07000 -3.98800 -0.42700 18.14800 -32.23700 -16.52000 7.07000 1.30200 -12.84800 3.29600 18.54500 14.63800 6.28700 18.29000 17.20200
225.00000 -15.12700 -18.11700 -3.01100 -0.42700 18.63600 -30.77200 -17.00800 7.07000 2.27900 -12.84800 3.29600 18.05600 14.63800 5.31000 17.80200 16.71300
226.00000 -14.63800 -19.09400 -3.49900 -1.40400 18.63600 -30.77200 -17.49700 7.55800 2.76700 -12.84800 2.31900 17.56800 14.63800 4.33300 16.82500 15.73700
227.00000 -15.12700 -21.53500 -5.94100 -2.38000 18.14800 -30.28400 -17.98500 7.55800 3.25500 -12.84800 0.36600 16.59100 14.63800 4.33300 15.84900 14.76000
228.00000 -16.10300 -23.00000 -8.38200 -2.86900 18.14800 -29.30700 -17.49700 7.55800 3.25500 -12.84800 -1.09900 16.59100 14.63800 4.33300 15.36100 13.78400
229.00000 -17.08000 -21.53500 -9.35900 -2.38000 18.63600 -28.33000 -17.49700 7.55800 2.76700 -12.36000 -2.07500 16.10300 14.15000 4.82200 14.87200 13.29500
230.00000 -17.08000 -18.11700 -8.87000 -1.89200 18.63600 -28.81900 -18.47300 6.58200 2.76700 -11.38300 -1.58700 16.10300 13.66200 4.82200 14.38400 11.83100
231.00000 -15.12700 -14.21100 -5.94100 -1.89200 19.12400 -30.77200 -19.93800 6.09300 2.76700 -9.43000 -1.09900 15.61500 13.17300 4.82200 13.40700 10.85400
232.00000 -12.19700 -12.25800 -3.49900 -1.89200 20.10100 -31.74800 -22.38000 5.60500 3.74300 -7.96500 -2.07500 14.15000 13.17300 4.82200 12.43100 9.38900
233.00000 -8.77900 -13.72300 -1.54600 -1.89200 21.56600 -31.74800 -24.33300 5.11700 3.74300 -6.98900 -3.05200 13.17300 13.66200 5.79800 11.94300 9.38900
234.00000 -8.29100 -17.14100 -1.54600 -1.89200 23.03100 -30.28400 -25.30900 4.14000 3.74300 -6.98900 -4.51700 12.19700 14.63800 6.77500 11.45400 9.87800
235.00000 -9.26700 -19.58200 -2.03500 -1.89200 23.03100 -27.84200 -25.30900 3.16400 4.23200 -7.47700 -4.51700 12.68500 15.61500 8.24000 12.43100 11.83100
236.00000 -12.19700 -20.07000 -3.01100 -2.38000 22.54200 -24.91300 -24.33300 2.18700 3.74300 -7.96500 -3.05200 13.66200 16.59100 9.70500 14.38400 13.78400
237.00000 -14.63800 -18.11700 -4.47600 -3.84500 21.56600 -22.95900 -22.86800 1.21100 3.25500 -7.96500 -0.12200 14.63800 17.08000 10.19300 15.84900 15.73700
238.00000 -15.61500 -15.67600 -4.96400 -4.82200 20.10100 -21.49500 -20.42600 1.69900 3.25500 -6.01200 2.80800 15.12700 17.56800 10.68100 17.80200 16.71300
239.00000 -14.15000 -14.69900 -3.98800 -4.82200 20.10100 -20.03000 -18.47300 2.18700 3.74300 -5.03500 3.78400 15.61500 17.56800 10.68100 18.29000 17.20200
240.00000 -11.22000 -14.69900 -2.03500 -4.33300 20.58900 -18.56500 -16.52000 4.14000 3.74300 -4.54700 3.78400 15.12700 17.56800 10.68100 19.26700 17.20200
241.00000 -8.77900 -15.67600 0.40700 -2.86900 21.56600 -18.07700 -15.05500 5.11700 4.23200 -4.54700 3.29600 15.61500 17.08000 11.16900 19.26700 16.71300
242.00000 -7.31400 -14.69900 2.84800 -0.91600 23.03100 -18.07700 -14.07900 6.58200 4.72000 -5.03500 3.78400 16.59100 17.56800 12.14600 19.75500 17.20200
243.00000 -6.33700 -11.77000 3.82500 1.03800 24.49500 -18.07700 -13.59000 7.07000 5.20800 -4.05900 6.22600 18.05600 18.05600 14.09900 20.73200 18.17800
244.00000 -5.84900 -7.86300 3.82500 2.99100 25.47200 -17.58800 -13.59000 8.04600 4.72000 -3.08200 9.15500 19.52100 18.54500 14.58700 21.22000 18.66700
245.00000 -4.87300 -5.91000 3.33700 4.45600 26.93700 -18.07700 -13.59000 8.53500 4.72000 -2.59400 11.59700 20.49800 18.05600 14.58700 21.22000 18.66700
246.00000 -3.89600 -7.37500 3.82500 4.94400 27.91300 -20.51800 -14.56700 9.02300 4.23200 -2.59400 11.59700 20.00900 16.59100 12.63400 20.24300 17.69000
247.00000 -3.89600 -12.74600 5.29000 4.94400 28.40200 -23.93600 -16.03200 8.53500 3.25500 -4.54700 9.64400 19.03300 14.63800 9.70500 19.26700 15.73700
248.00000 -4.38400 -18.60600 5.77800 4.45600 28.40200 -26.86600 -17.98500 7.07000 3.25500 -6.50000 6.71400 17.56800 13.66200 7.75100 18.29000 14.76000
249.00000 -5.36100 -22.02400 4.80100 3.96700 28.89000 -25.88900 -19.93800 5.11700 3.74300 -7.47700 4.27200 16.10300 13.66200 7.75100 18.29000 14.76000
250.00000 -6.33700 -21.04700 1.87200 4.45600 29.37800 -21.49500 -21.89100 4.14000 4.72000 -6.50000 2.31900 15.61500 14.63800 9.21600 18.77800 15.24900
251.00000 -6.82600 -17.62900 -2.03500 5.43200 29.37800 -16.12300 -23.84400 3.16400 5.69700 -4.54700 0.85400 14.63800 15.61500 10.68100 18.29000 15.24900
252.00000 -6.82600 -14.69900 -5.45200 5.92000 28.40200 -14.65900 -25.30900 3.16400 6.18500 -3.57100 -0.61000 13.66200 15.12700 10.19300 16.82500 13.29500
253.00000 -7.80200 -14.69900 -6.42900 6.40900 26.93700 -18.07700 -27.75100 3.16400 5.20800 -4.05900 -2.56300 11.70900 14.15000 7.75100 14.38400 10.36600
254.00000 -9.75500 -17.14100 -5.45200 5.43200 24.49500 -25.88900 -29.21500 2.67500 3.74300 -6.01200 -5.49300 9.75500 12.19700 5.31000 11.45400 7.43600
255.00000 -12.19700 -19.58200 -3.98800 4.45600 22.54200 -31.74800 -30.19200 2.18700 2.76700 -7.47700 -7.93500 8.29100 11.70900 3.84500 9.01300 6.46000
256.00000 -14.15000 -20.07000 -3.98800 3.96700 21.56600 -33.21300 -29.70400 1.69900 2.27900 -6.98900 -8.91100 7.31400 11.70900 4.33300 8.03600 7.43600
