1.00000 10.34500 -2.53300 5.02500 1.10900 3.00100 9.04300 1.35300 -3.57100 -1.10900 -4.59800 3.19400 1.72900 3.19400 2.33000 2.45200 7.09000
2.00000 14.74000 3.81500 6.97800 3.06200 2.51300 13.92600 1.84100 -4.05900 -1.10900 -6.06300 -0.71200 -0.71200 2.70600 4.77100 -0.47800 4.64900
3.00000 17.18100 11.62700 7.95500 3.06200 2.02400 15.87900 3.30600 -4.05900 -0.62100 -4.11000 -3.15300 -2.66500 2.21800 7.21200 -3.40800 2.20700
4.00000 14.74000 15.04500 8.44300 1.59700 2.51300 14.41400 4.77100 -3.57100 -0.13200 0.77300 -3.15300 -3.64200 1.72900 7.70100 -5.36100 0.74300
5.00000 7.90400 12.60400 6.49000 -1.33300 3.48900 9.04300 5.74700 -3.08200 0.35600 6.63200 -2.66500 -3.64200 0.75300 6.23600 -4.87300 1.23100
6.00000 -2.35000 8.20900 2.09600 -2.79700 4.95400 1.71900 5.74700 -2.59400 -0.62100 10.05000 -2.17700 -3.64200 -0.22400 2.81800 -3.40800 0.74300
7.00000 -10.16200 4.30300 -5.22900 -2.79700 5.93100 -5.60500 4.77100 -2.59400 -1.59700 8.58600 -2.66500 -4.13000 -2.66500 -1.08800 -2.92000 -0.23400
8.00000 -12.60400 2.83800 -12.55300 -1.82100 5.93100 -10.00000 2.81800 -2.59400 -2.57400 4.19100 -5.10700 -5.59500 -4.61800 -5.48300 -3.89600 -3.16400
9.00000 -10.65100 1.86200 -19.38900 -0.35600 5.44200 -10.48800 0.86500 -2.59400 -2.57400 -1.66800 -7.54800 -7.06000 -6.57100 -7.92400 -6.82600 -6.09300
10.00000 -7.72100 -0.58000 -21.83000 0.13200 4.46600 -6.58200 0.37600 -2.59400 -1.59700 -4.59800 -9.50100 -8.03600 -7.06000 -8.90100 -9.75500 -8.53500
11.00000 -4.79100 -3.02100 -19.38900 -0.35600 4.46600 0.74300 0.86500 -2.10600 -0.13200 -3.13300 -10.47800 -8.52500 -6.57100 -8.41300 -11.70900 -9.02300
12.00000 -3.32600 -4.48600 -11.08800 -0.35600 3.97700 7.57900 1.35300 -1.61700 0.84400 0.77300 -9.98900 -8.03600 -4.61800 -6.94800 -11.70900 -8.53500
13.00000 -0.39700 -2.53300 2.09600 -0.35600 3.97700 11.48500 1.35300 -1.12900 1.33300 4.67900 -8.52500 -6.57100 -3.15300 -5.97100 -10.73200 -8.04600
14.00000 4.48600 1.37300 14.79100 0.13200 3.48900 11.48500 2.33000 -0.15300 1.33300 5.16800 -6.57100 -4.61800 -2.17700 -6.46000 -8.29100 -9.02300
15.00000 8.39200 3.32600 21.13900 0.62100 1.53600 8.55500 3.30600 1.31200 -0.13200 1.75000 -5.10700 -3.15300 -2.17700 -8.41300 -5.84900 -10.48800
16.00000 6.92700 1.86200 18.69700 1.59700 -0.90500 2.69600 4.28300 2.77700 -2.08500 -3.62100 -4.61800 -2.17700 -3.64200 -12.31900 -4.87300 -12.92900
17.00000 0.09200 -2.04500 8.44300 3.06200 -3.83500 -4.14000 4.77100 3.26500 -4.03800 -9.48100 -6.08300 -2.66500 -6.08300 -16.71300 -6.82600 -16.34700
18.00000 -9.67400 -5.46300 -3.76400 5.01500 -5.30000 -10.97600 3.79400 3.75400 -5.01500 -12.41000 -8.52500 -4.13000 -8.03600 -21.59600 -11.70900 -19.27700
19.00000 -16.51000 -6.43900 -11.08800 6.48000 -4.32300 -15.85900 1.35300 2.77700 -5.01500 -13.38700 -11.94300 -6.08300 -9.98900 -25.01400 -17.08000 -22.20700
20.00000 -18.46300 -5.46300 -12.55300 5.50300 -1.88200 -17.32400 -1.57700 1.80100 -4.52700 -12.89900 -14.38400 -7.54800 -10.96600 -27.94400 -21.96200 -24.16000
21.00000 -15.04500 -3.99800 -10.60000 2.57400 0.07100 -14.39400 -3.53000 -0.15300 -4.03800 -12.89900 -14.38400 -7.54800 -10.96600 -29.40900 -22.45100 -24.64800
22.00000 -9.67400 -4.48600 -8.64700 -1.33300 0.07100 -9.02300 -4.50600 -1.12900 -4.52700 -13.38700 -12.91900 -6.08300 -10.47800 -30.38500 -20.00900 -23.67100
23.00000 -6.25600 -7.41600 -8.15800 -3.77400 -2.85800 -5.60500 -3.53000 -0.64100 -5.99200 -15.34000 -10.47800 -3.64200 -9.01300 -29.40900 -16.10300 -21.23000
24.00000 -4.30300 -11.32200 -6.69400 -2.79700 -7.74100 -6.58200 -2.55300 0.33600 -7.45600 -16.80500 -8.52500 -2.17700 -7.06000 -27.45600 -13.17300 -18.30000
25.00000 -3.32600 -15.22800 -2.78700 0.13200 -11.15900 -11.95300 -2.06500 1.31200 -8.43300 -17.29300 -7.54800 -0.71200 -4.61800 -23.06100 -12.68500 -15.37100
26.00000 -1.37300 -15.71700 3.07200 2.08500 -11.64800 -17.81200 -1.08800 1.31200 -8.92100 -15.34000 -7.06000 0.26400 -2.17700 -18.17800 -13.66200 -11.95300
27.00000 1.55600 -12.78700 6.49000 1.59700 -7.74100 -20.25300 -0.60000 0.82400 -7.45600 -11.43400 -6.08300 1.24100 0.26400 -12.31900 -13.66200 -8.53500
28.00000 4.48600 -5.95100 5.02500 -1.82100 -2.37000 -16.34700 0.37600 -0.15300 -5.99200 -6.55100 -3.64200 3.19400 2.21800 -6.94800 -10.73200 -4.62800
29.00000 5.46300 2.35000 -2.29900 -5.72700 1.04800 -8.04600 1.35300 -0.64100 -4.52700 -3.13300 -0.22400 6.12400 4.65900 -1.57700 -4.38400 0.74300
30.00000 5.46300 7.72100 -9.13500 -7.68000 0.07100 1.23100 1.84100 -0.15300 -3.55000 -1.66800 3.68200 9.05400 7.10000 2.81800 4.40500 7.57900
31.00000 3.51000 8.20900 -11.57600 -7.19200 -2.85800 6.60200 2.81800 0.82400 -3.55000 -1.66800 7.58900 11.49500 9.54200 6.72400 12.70500 14.41400
32.00000 1.55600 3.32600 -6.69400 -4.26200 -6.76500 6.60200 4.28300 1.80100 -3.55000 -1.66800 9.54200 12.47200 11.00700 9.65400 17.58800 19.78600
33.00000 0.58000 -3.99800 2.58400 0.62100 -6.76500 2.20700 6.23600 1.80100 -2.57400 0.28500 9.54200 11.49500 11.49500 12.09500 18.56500 22.22700
34.00000 1.06800 -8.39200 8.93100 4.03800 -3.83500 -5.11700 7.70100 1.80100 -2.57400 3.21500 7.58900 9.05400 10.03000 13.56000 15.14700 19.78600
35.00000 3.51000 -6.92700 8.44300 5.99200 0.55900 -12.44100 8.18900 1.80100 -2.57400 4.19100 4.17100 6.12400 7.58900 13.56000 8.79900 13.92600
36.00000 7.90400 -0.09200 2.09600 5.50300 3.48900 -18.78900 6.72400 1.80100 -3.55000 2.23800 -0.22400 3.68200 4.65900 12.09500 2.94000 7.09000
37.00000 11.81000 7.23300 -4.74000 4.03800 3.00100 -22.69500 3.79400 1.80100 -5.01500 -3.62100 -4.13000 1.72900 1.72900 9.16500 -1.94300 1.71900
38.00000 14.74000 9.18600 -6.69400 2.08500 0.07100 -21.71800 0.37600 1.31200 -6.96800 -9.96900 -7.06000 1.24100 -0.22400 5.25900 -4.87300 -1.21100
39.00000 13.27500 4.79100 -1.32200 0.13200 -3.83500 -14.39400 -1.08800 0.33600 -7.94500 -13.87500 -8.52500 0.75300 -1.68900 0.37600 -5.84900 -1.69900
40.00000 7.41600 -1.55600 6.97800 -0.35600 -5.78800 -2.18700 -0.60000 -0.64100 -8.43300 -14.36400 -9.50100 -0.22400 -3.15300 -4.99500 -6.82600 -2.67500
41.00000 -1.86200 -3.51000 12.34900 0.62100 -5.78800 8.55500 0.37600 -2.10600 -8.43300 -12.41000 -9.98900 -0.71200 -5.10700 -9.38900 -8.29100 -6.09300
42.00000 -9.18600 0.39700 10.39600 1.10900 -4.32300 12.46100 0.37600 -3.57100 -7.45600 -10.45700 -9.98900 -1.68900 -7.06000 -14.27200 -9.75500 -10.97600
43.00000 -9.67400 6.25600 3.07200 0.13200 -2.37000 7.57900 -1.57700 -5.52400 -6.96800 -8.50400 -10.47800 -2.66500 -8.03600 -18.17800 -10.24400 -15.85900
44.00000 -1.37300 7.23300 -4.25200 -2.30900 0.07100 -3.16400 -4.99500 -6.50000 -5.99200 -7.03900 -10.96600 -2.66500 -8.52500 -21.10800 -10.73200 -18.78900
45.00000 9.36900 -0.09200 -8.15800 -4.75100 3.00100 -11.95300 -7.43600 -7.96500 -5.01500 -5.08600 -10.96600 -2.66500 -8.03600 -22.57300 -10.73200 -18.30000
46.00000 15.71700 -12.78700 -8.15800 -7.19200 6.41900 -15.85900 -8.90100 -7.47700 -4.03800 -3.13300 -11.45400 -2.66500 -6.57100 -23.06100 -9.75500 -15.37100
47.00000 11.81000 -22.06400 -7.18200 -7.19200 8.86000 -13.90600 -8.41300 -6.50000 -4.03800 -3.62100 -11.94300 -1.68900 -5.59500 -22.57300 -8.77900 -10.97600
48.00000 -0.39700 -20.11100 -9.13500 -5.23900 8.37200 -9.51100 -7.92400 -5.52400 -4.52700 -8.01600 -12.43100 -0.71200 -4.61800 -22.57300 -8.29100 -8.53500
49.00000 -13.58000 -7.41600 -13.04100 -2.30900 4.46600 -5.11700 -7.92400 -4.05900 -5.50300 -14.36400 -12.91900 -0.22400 -4.13000 -24.03800 -7.31400 -7.55800
50.00000 -17.97500 6.74400 -14.50600 -0.35600 -1.39400 -0.72200 -9.87800 -3.08200 -6.48000 -19.24600 -13.89600 0.26400 -4.13000 -25.99100 -7.31400 -7.55800
51.00000 -12.60400 14.06900 -12.06500 0.13200 -5.78800 4.64900 -11.83100 -2.10600 -6.48000 -20.22300 -15.36100 0.26400 -3.64200 -26.96700 -6.82600 -7.55800
52.00000 -1.86200 10.65100 -6.69400 -1.82100 -7.74100 9.04300 -13.78400 -1.61700 -5.50300 -15.82800 -15.84900 1.24100 -2.66500 -25.99100 -6.33700 -6.09300
53.00000 4.48600 -0.58000 -1.81100 -4.75100 -6.76500 8.55500 -14.27200 -1.12900 -4.03800 -10.45700 -15.84900 2.21800 -1.20000 -22.08500 -4.87300 -3.16400
54.00000 2.04500 -11.32200 -1.81100 -7.68000 -3.34700 1.71900 -14.76000 -0.15300 -2.08500 -8.01600 -14.87200 4.17100 1.24100 -17.69000 -3.89600 -0.23400
55.00000 -8.20900 -17.18100 -6.20500 -8.16900 -0.41700 -10.00000 -14.27200 0.33600 -1.10900 -8.50400 -12.91900 5.63600 3.19400 -13.29500 -1.94300 2.20700
56.00000 -18.46300 -18.15800 -12.55300 -7.19200 1.53600 -20.25300 -14.27200 0.33600 -0.13200 -10.94600 -10.96600 6.61200 5.63600 -10.36600 -0.47800 3.67200
57.00000 -22.36900 -18.64600 -15.97100 -4.75100 2.51300 -23.18300 -14.27200 -0.15300 0.35600 -11.43400 -9.98900 7.58900 7.10000 -9.38900 0.98700 4.64900
58.00000 -17.97500 -20.11100 -14.99400 -2.30900 1.53600 -18.78900 -13.78400 -0.64100 0.84400 -10.45700 -9.01300 8.07700 8.07700 -7.92400 1.96300 7.09000
59.00000 -10.16200 -22.55200 -11.08800 -0.35600 -0.90500 -11.46400 -12.31900 -0.64100 -0.13200 -8.99300 -8.03600 8.07700 8.07700 -5.97100 2.94000 9.53200
60.00000 -5.28000 -23.52900 -9.13500 -1.33300 -4.32300 -8.53500 -10.85400 -0.15300 -1.10900 -10.45700 -6.57100 8.56500 8.07700 -2.55300 2.94000 10.99700
61.00000 -7.72100 -22.55200 -11.57600 -2.79700 -7.74100 -12.92900 -9.87800 -0.15300 -3.06200 -14.36400 -4.61800 9.05400 8.07700 0.37600 2.45200 10.99700
62.00000 -16.02200 -20.59900 -16.94700 -5.23900 -9.69400 -21.23000 -8.90100 -0.15300 -4.52700 -17.78200 -2.17700 9.54200 8.56500 1.84100 2.94000 9.53200
63.00000 -23.83400 -19.13500 -19.38900 -7.19200 -10.67100 -24.64800 -8.41300 -0.64100 -5.01500 -16.31700 0.75300 10.51800 10.03000 2.81800 5.38100 9.53200
64.00000 -26.76400 -17.67000 -15.48300 -9.63300 -11.64800 -20.74200 -7.92400 -1.12900 -4.52700 -10.45700 3.19400 11.49500 11.98300 4.28300 9.77600 11.48500
65.00000 -22.85800 -13.27500 -5.71700 -11.09800 -13.11200 -10.00000 -6.94800 -1.61700 -4.03800 -4.11000 4.65900 12.96000 14.42500 7.70100 14.65900 16.85600
66.00000 -15.04500 -6.43900 2.58400 -12.56300 -14.57700 -1.21100 -5.48300 -1.12900 -5.01500 -1.66800 5.63600 13.44800 15.88900 12.58300 17.58800 22.22700
67.00000 -9.18600 -0.58000 2.58400 -12.56300 -16.04200 0.25400 -4.01800 -0.15300 -6.48000 -5.08600 5.63600 13.93600 15.40100 16.49000 18.07700 26.13300
68.00000 -8.69800 -0.58000 -7.18200 -12.07500 -16.04200 -5.60500 -3.53000 0.33600 -8.43300 -10.94600 5.63600 13.44800 14.42500 18.93100 17.10000 26.62200
69.00000 -12.60400 -8.88100 -19.38900 -11.09800 -14.57700 -13.41800 -3.04200 0.82400 -9.41000 -12.89900 6.12400 13.93600 13.93600 19.90800 17.10000 26.13300
70.00000 -18.46300 -21.08800 -26.22500 -11.09800 -12.62400 -16.83600 -2.55300 0.33600 -8.92100 -8.01600 7.58900 13.93600 14.91300 19.90800 19.05300 26.62200
71.00000 -22.36900 -28.41200 -23.78300 -11.58700 -11.15900 -13.90600 -2.06500 -0.15300 -7.94500 0.77300 9.05400 14.91300 17.35400 20.39600 21.49500 29.55100
72.00000 -22.36900 -27.43500 -16.45900 -12.07500 -9.69400 -9.02300 -1.08800 0.33600 -6.48000 8.09700 10.51800 14.91300 19.79600 21.86100 22.95900 32.48100
73.00000 -18.95100 -18.64600 -12.55300 -12.56300 -8.23000 -7.07000 -0.60000 1.31200 -5.50300 11.02700 11.00700 15.88900 20.28400 23.81400 22.47100 32.96900
74.00000 -14.55700 -9.85700 -17.92400 -12.56300 -6.76500 -9.51100 -0.11200 2.77700 -5.01500 9.56200 11.98300 16.86600 19.30700 23.32600 21.00600 31.01600
75.00000 -12.11500 -8.88100 -27.69000 -13.05100 -6.76500 -13.41800 0.37600 4.24200 -5.01500 6.63200 13.44800 18.33100 17.84300 21.86100 21.00600 27.59800
76.00000 -12.60400 -15.71700 -33.06100 -14.51600 -8.71800 -14.39400 1.35300 4.73000 -4.52700 5.16800 15.88900 20.77200 17.84300 19.90800 23.93600 26.13300
77.00000 -16.99800 -24.01700 -27.69000 -16.95800 -12.62400 -10.00000 1.84100 5.21900 -4.03800 2.72600 19.30700 23.21400 19.30700 18.93100 27.35400 27.59800
78.00000 -22.36900 -26.45900 -13.04100 -18.91100 -17.50700 -4.14000 2.81800 4.73000 -4.03800 -1.18000 21.26100 24.67900 20.28400 18.93100 29.30700 30.03900
79.00000 -25.78700 -20.59900 -0.34600 -19.39900 -20.43700 -0.72200 2.81800 3.75400 -5.01500 -7.03900 20.77200 24.19000 20.28400 19.41900 26.86600 31.50400
80.00000 -23.34600 -10.83400 3.07200 -18.42200 -20.43700 -3.16400 1.35300 2.77700 -5.99200 -11.92200 17.84300 22.23700 18.33100 17.95500 20.51800 29.06300
81.00000 -16.51000 -5.95100 -5.22900 -17.44600 -17.50700 -9.02300 -1.08800 2.28900 -6.48000 -12.41000 13.93600 19.79600 15.88900 15.51300 13.68200 23.69200
82.00000 -9.18600 -9.85700 -18.41200 -17.44600 -14.57700 -14.88200 -4.50600 1.80100 -6.48000 -6.55100 11.00700 17.35400 14.42500 11.60700 10.26400 18.32100
83.00000 -4.30300 -19.13500 -27.20100 -18.91100 -12.13600 -17.81200 -6.94800 1.31200 -5.01500 0.77300 9.54200 16.37800 14.42500 8.18900 9.77600 15.39100
84.00000 -4.79100 -26.45900 -26.22500 -19.39900 -11.15900 -16.83600 -6.94800 1.80100 -3.55000 4.67900 10.03000 15.88900 14.91300 5.74700 10.75200 14.90300
85.00000 -8.20900 -25.48200 -17.43600 -17.93400 -10.18300 -13.90600 -4.50600 2.77700 -3.06200 1.75000 11.49500 15.40100 14.42500 4.28300 11.24100 14.41400
86.00000 -11.13900 -16.20500 -7.18200 -12.56300 -7.74100 -10.00000 -1.08800 3.75400 -3.06200 -6.06300 11.49500 14.42500 11.98300 2.81800 9.77600 12.46100
87.00000 -13.09200 -5.95100 -0.83400 -5.72700 -4.32300 -4.62800 2.33000 4.73000 -3.55000 -14.36400 11.00700 13.44800 9.54200 1.84100 7.82300 10.02000
88.00000 -14.06900 -1.55600 -1.81100 0.13200 -0.90500 0.74300 3.79400 5.21900 -4.03800 -17.29300 9.54200 12.47200 8.07700 1.35300 7.33400 9.53200
89.00000 -15.04500 -4.97400 -8.15800 2.57400 1.53600 4.64900 3.79400 4.73000 -3.06200 -13.87500 8.56500 11.98300 8.56500 2.81800 10.75200 12.95000
90.00000 -15.04500 -10.83400 -15.48300 2.08500 2.51300 5.62500 1.84100 4.24200 -2.08500 -7.03900 8.56500 11.98300 10.51800 4.77100 16.12300 19.29700
91.00000 -11.62700 -12.78700 -19.87700 -0.84400 3.00100 2.20700 -0.11200 3.26500 -1.10900 -0.69200 9.54200 12.47200 12.47200 7.21200 20.51800 24.18000
92.00000 -2.83800 -6.92700 -19.38900 -2.79700 3.00100 -3.65200 -1.08800 2.77700 -1.10900 2.72600 10.03000 11.98300 12.47200 8.18900 21.00600 25.15700
93.00000 7.90400 2.35000 -13.52900 -3.28600 3.97700 -7.07000 -1.57700 2.28900 -1.10900 3.70300 8.56500 11.00700 11.00700 7.70100 17.58800 21.25000
94.00000 14.25200 8.69800 -5.22900 -3.28600 4.95400 -7.55800 -2.06500 1.80100 -2.08500 4.19100 6.61200 10.03000 9.05400 6.72400 11.72900 15.39100
95.00000 12.29900 8.20900 1.60700 -3.77400 4.46600 -5.11700 -3.53000 0.82400 -2.08500 3.70300 3.68200 9.05400 8.56500 6.23600 6.84600 10.50800
96.00000 3.02100 1.37300 2.58400 -5.23900 2.51300 -2.18700 -5.48300 -0.64100 -2.57400 1.26100 1.24100 8.56500 8.56500 7.21200 4.89300 9.53200
97.00000 -7.23300 -6.43900 -3.76400 -7.19200 -0.90500 1.23100 -7.43600 -1.61700 -2.57400 -3.13300 -0.22400 8.56500 9.05400 8.18900 5.87000 10.99700
98.00000 -11.62700 -9.36900 -14.01800 -8.16900 -3.34700 5.62500 -8.41300 -1.61700 -2.57400 -8.99300 -1.20000 9.05400 8.56500 8.18900 6.84600 11.48500
99.00000 -9.67400 -5.95100 -22.80700 -6.70400 -3.83500 10.99700 -7.92400 -1.12900 -2.57400 -11.92200 -1.68900 9.54200 7.58900 6.23600 5.87000 9.04300
100.00000 -5.76800 -0.58000 -26.22500 -4.26200 -2.37000 12.95000 -5.97100 0.33600 -1.59700 -10.45700 -2.17700 9.54200 6.12400 2.81800 2.94000 4.64900
101.00000 -7.23300 1.37300 -24.76000 -1.33300 0.07100 7.57900 -4.50600 1.80100 -0.62100 -5.57500 -1.68900 10.03000 6.12400 -0.11200 -0.47800 1.23100
102.00000 -16.02200 -3.02100 -21.83000 -1.33300 1.53600 -6.58200 -4.50600 2.77700 -0.13200 -0.20300 -0.71200 11.49500 7.10000 -1.08800 -1.45500 0.74300
103.00000 -25.78700 -10.83400 -19.38900 -3.28600 0.07100 -23.67100 -5.48300 2.77700 -0.13200 2.23800 0.75300 13.44800 9.54200 0.37600 0.01000 4.16100
104.00000 -28.71700 -18.64600 -16.94700 -6.70400 -2.85800 -32.94900 -6.94800 2.28900 -1.10900 -0.20300 3.19400 15.88900 11.49500 2.33000 3.91600 9.53200
105.00000 -20.90500 -19.62300 -13.52900 -9.63300 -6.76500 -28.06600 -7.92400 1.80100 -3.06200 -4.11000 5.63600 17.84300 12.47200 3.79400 9.28800 13.92600
106.00000 -6.74400 -14.25200 -7.67000 -10.61000 -8.71800 -12.92900 -7.92400 1.31200 -5.01500 -7.52800 9.05400 19.79600 13.44800 4.77100 14.17000 16.36800
107.00000 5.46300 -6.92700 -3.27600 -10.61000 -8.71800 2.69600 -6.46000 1.31200 -5.50300 -8.01600 12.47200 21.26100 14.91300 6.72400 18.56500 18.32100
108.00000 7.90400 -3.02100 -4.25200 -10.12200 -9.20600 9.04300 -4.01800 1.31200 -5.50300 -6.06300 16.37800 22.72500 17.35400 9.65400 21.00600 20.27400
109.00000 1.06800 -5.46300 -10.11100 -10.12200 -9.69400 5.13700 -1.57700 1.31200 -4.03800 -3.62100 18.81900 23.21400 19.30700 13.56000 22.47100 22.22700
110.00000 -7.72100 -12.29900 -16.45900 -10.12200 -11.15900 -2.18700 1.35300 1.80100 -2.57400 -0.69200 20.28400 23.70200 21.26100 17.46600 21.98300 24.18000
111.00000 -12.11500 -18.64600 -17.92400 -9.63300 -12.13600 -5.11700 3.30600 1.80100 -2.08500 2.23800 20.28400 22.72500 21.74900 19.41900 21.00600 25.15700
112.00000 -10.16200 -20.59900 -12.06500 -8.65700 -10.67100 -3.16400 5.25900 2.28900 -1.59700 4.67900 19.30700 21.74900 21.26100 19.90800 20.51800 25.64500
113.00000 -5.76800 -17.67000 -3.76400 -7.19200 -8.23000 -0.72200 6.72400 2.28900 -1.59700 6.14400 18.81900 20.77200 20.77200 19.41900 21.49500 26.62200
114.00000 -4.79100 -14.25200 2.09600 -5.72700 -4.81200 -3.16400 7.70100 2.77700 -1.59700 5.16800 18.81900 19.30700 19.79600 19.41900 23.44800 27.11000
115.00000 -8.69800 -10.83400 2.58400 -4.75100 -3.83500 -9.02300 9.16500 3.26500 -1.59700 2.23800 19.30700 18.33100 19.30700 19.90800 24.91300 26.62200
116.00000 -15.04500 -8.88100 0.63100 -4.26200 -5.30000 -11.95300 9.65400 3.75400 -2.57400 -1.18000 19.30700 16.86600 17.35400 20.39600 24.91300 24.66800
117.00000 -18.95100 -5.95100 -0.34600 -3.28600 -8.71800 -7.07000 9.65400 3.75400 -3.55000 -2.64500 18.33100 14.91300 14.42500 19.41900 22.47100 20.27400
118.00000 -17.97500 -2.04500 0.14200 -2.79700 -11.15900 3.67200 8.67700 3.26500 -5.01500 -2.15700 16.37800 12.96000 11.98300 16.97800 19.05300 15.87900
119.00000 -10.65100 2.35000 0.63100 -1.82100 -11.15900 11.97300 7.21200 2.77700 -5.50300 0.28500 12.96000 11.49500 10.03000 13.07200 14.65900 12.46100
120.00000 0.58000 4.79100 -1.32200 -2.30900 -9.20600 10.50800 5.25900 2.28900 -5.50300 1.75000 9.05400 11.00700 9.05400 10.14200 11.24100 10.50800
121.00000 11.32200 4.79100 -5.71700 -3.77400 -6.76500 1.23100 3.30600 2.28900 -5.01500 1.26100 6.12400 10.51800 8.56500 7.70100 7.33400 9.04300
122.00000 17.67000 1.86200 -9.62300 -6.21500 -5.78800 -10.48800 1.84100 2.28900 -5.01500 -1.18000 3.19400 9.05400 7.10000 5.25900 2.94000 6.60200
123.00000 14.74000 -3.99800 -11.57600 -7.68000 -6.76500 -16.83600 -0.11200 2.28900 -5.50300 -4.59800 0.75300 8.07700 4.65900 2.33000 -1.45500 2.20700
124.00000 3.02100 -13.76300 -12.55300 -7.19200 -7.74100 -16.83600 -2.06500 2.28900 -6.48000 -6.55100 -0.22400 7.10000 2.21800 -1.57700 -3.89600 -2.67500
125.00000 -13.09200 -24.01700 -14.01800 -5.72700 -7.25300 -13.90600 -4.01800 2.77700 -6.48000 -7.52800 -1.20000 7.58900 1.24100 -4.50600 -4.38400 -5.11700
126.00000 -25.78700 -30.36500 -15.97100 -4.26200 -5.30000 -10.48800 -5.97100 2.28900 -5.50300 -8.01600 -0.71200 9.05400 1.72900 -5.97100 -1.94300 -4.62800
127.00000 -28.22900 -25.97000 -16.45900 -3.77400 -4.32300 -7.55800 -6.94800 1.80100 -4.03800 -9.48100 -0.71200 10.51800 3.68200 -5.48300 0.49800 -2.18700
128.00000 -20.41600 -11.81000 -15.48300 -4.75100 -5.78800 -3.16400 -7.92400 0.82400 -3.55000 -11.92200 -0.71200 11.00700 4.65900 -4.50600 0.98700 -0.72200
129.00000 -9.18600 5.76800 -14.01800 -5.72700 -8.23000 1.71900 -8.41300 -0.15300 -3.55000 -14.36400 -1.68900 10.51800 3.68200 -4.50600 -0.47800 -2.18700
130.00000 -2.35000 15.53300 -14.99400 -6.70400 -10.67100 2.20700 -9.38900 -0.64100 -5.01500 -14.85200 -2.17700 9.05400 1.24100 -6.94800 -2.43100 -5.60500
131.00000 -2.35000 12.60400 -18.90100 -6.70400 -11.15900 -4.62800 -10.36600 -0.15300 -6.96800 -13.87500 -2.66500 7.58900 -1.20000 -9.87800 -3.89600 -8.53500
132.00000 -6.74400 0.39700 -21.83000 -7.19200 -9.20600 -17.32400 -10.85400 0.33600 -7.94500 -12.41000 -1.68900 7.58900 -1.68900 -11.34200 -2.92000 -9.02300
133.00000 -8.69800 -10.83400 -19.87700 -8.65700 -7.74100 -28.06600 -11.34200 0.33600 -8.92100 -12.41000 -1.20000 8.07700 -0.71200 -11.34200 -1.94300 -7.07000
134.00000 -5.76800 -14.25200 -11.57600 -10.61000 -7.25300 -29.04300 -10.85400 -1.12900 -8.92100 -13.87500 -1.68900 7.10000 1.24100 -8.90100 -3.40800 -6.09300
135.00000 -0.88500 -9.36900 -1.32200 -12.56300 -8.23000 -18.30000 -10.36600 -3.08200 -8.43300 -15.34000 -3.15300 5.14700 1.72900 -6.94800 -7.31400 -7.55800
136.00000 0.58000 -6.43900 3.07200 -13.05100 -8.71800 -3.16400 -9.87800 -5.03500 -7.94500 -16.31700 -5.59500 1.72900 1.24100 -6.46000 -12.68500 -10.48800
137.00000 -3.81500 -9.85700 -2.29900 -11.09800 -6.76500 7.57900 -7.92400 -5.52400 -7.45600 -15.34000 -6.08300 -0.71200 -0.71200 -7.92400 -16.10300 -12.92900
138.00000 -11.62700 -18.64600 -14.50600 -7.68000 -2.37000 7.09000 -5.48300 -4.54700 -6.96800 -13.87500 -4.13000 -0.71200 -2.17700 -9.38900 -15.12700 -12.92900
139.00000 -16.51000 -22.55200 -24.76000 -4.75100 1.53600 -3.16400 -2.06500 -2.10600 -6.96800 -12.41000 0.26400 0.26400 -2.66500 -9.87800 -10.73200 -10.00000
140.00000 -15.53300 -15.22800 -25.24800 -3.28600 3.48900 -13.41800 0.86500 0.33600 -6.48000 -11.92200 5.14700 2.21800 -2.66500 -7.43600 -5.36100 -6.09300
141.00000 -9.18600 1.86200 -16.45900 -4.26200 1.53600 -15.85900 3.30600 1.31200 -5.50300 -10.45700 7.58900 2.21800 -2.17700 -3.53000 -1.94300 -3.16400
142.00000 -2.83800 18.95100 -6.20500 -6.21500 -1.88200 -9.02300 4.77100 1.31200 -4.03800 -8.50400 7.10000 1.24100 -0.71200 0.37600 -1.45500 -1.69900
143.00000 -0.88500 24.81100 -2.29900 -7.68000 -5.30000 1.23100 4.28300 0.82400 -3.06200 -4.59800 4.65900 -0.22400 0.26400 3.79400 -1.94300 -0.23400
144.00000 -3.32600 17.48700 -6.69400 -7.19200 -5.78800 6.60200 3.30600 -0.15300 -2.57400 -0.20300 1.72900 -0.71200 2.21800 5.74700 -1.94300 1.71900
145.00000 -6.74400 3.81500 -14.99400 -5.72700 -4.32300 6.11400 1.35300 -0.15300 -3.55000 3.21500 -0.22400 0.26400 3.68200 6.72400 -1.45500 2.69600
146.00000 -7.72100 -5.95100 -18.41200 -4.26200 -1.39400 2.20700 -0.11200 -0.15300 -4.03800 4.67900 0.75300 1.72900 3.68200 7.21200 -0.96600 1.71900
147.00000 -5.76800 -8.88100 -14.50600 -4.75100 1.04800 -0.72200 -0.11200 0.33600 -4.03800 5.16800 2.21800 4.17100 3.68200 7.21200 -1.45500 -1.21100
148.00000 -3.81500 -6.92700 -7.67000 -6.70400 1.53600 0.25400 0.37600 1.31200 -3.06200 4.67900 4.65900 7.10000 3.68200 6.72400 -1.94300 -4.62800
149.00000 -4.79100 -6.92700 -4.25200 -10.12200 1.04800 -0.23400 1.84100 2.28900 -2.08500 2.72600 7.10000 10.51800 3.68200 5.74700 -1.45500 -5.60500
150.00000 -8.69800 -12.29900 -7.67000 -12.56300 -0.90500 -5.60500 2.81800 3.75400 -2.57400 -1.18000 9.05400 13.93600 3.68200 4.28300 0.98700 -3.16400
151.00000 -11.62700 -18.15800 -13.52900 -13.54000 -3.34700 -15.85900 3.30600 4.24200 -4.03800 -5.57500 10.51800 15.88900 4.65900 0.86500 4.40500 -0.23400
152.00000 -10.65100 -18.64600 -15.97100 -13.05100 -4.81200 -23.67100 2.81800 4.73000 -6.48000 -10.45700 10.51800 16.86600 3.68200 -3.04200 6.35800 1.23100
153.00000 -4.79100 -9.36900 -13.52900 -12.07500 -5.78800 -21.23000 0.86500 4.24200 -8.92100 -12.89900 9.54200 15.40100 2.70600 -7.92400 4.89300 -1.69900
154.00000 0.58000 4.79100 -9.13500 -11.58700 -7.74100 -7.55800 -0.11200 3.75400 -9.41000 -12.41000 6.12400 12.96000 1.24100 -10.36600 0.01000 -7.07000
155.00000 1.55600 14.55700 -11.08800 -12.07500 -9.69400 10.02000 -1.57700 2.28900 -8.92100 -9.96900 1.72900 9.54200 1.24100 -11.34200 -6.33700 -11.95300
156.00000 -3.32600 14.06900 -19.38900 -12.07500 -11.64800 19.29700 -2.55300 0.33600 -7.94500 -7.03900 -3.15300 7.10000 1.72900 -9.87800 -11.22000 -11.95300
157.00000 -10.16200 4.30300 -29.64300 -12.07500 -12.13600 12.46100 -4.01800 -1.61700 -7.45600 -5.08600 -6.57100 5.14700 3.19400 -6.94800 -12.19700 -8.04600
158.00000 -13.58000 -7.90400 -32.08400 -11.58700 -11.15900 -6.09300 -5.97100 -3.57100 -7.45600 -4.11000 -7.06000 4.17100 4.17100 -4.01800 -8.77900 -1.21100
159.00000 -12.11500 -14.74000 -23.29500 -12.07500 -9.69400 -24.16000 -6.94800 -4.54700 -7.94500 -4.11000 -6.08300 4.17100 4.65900 -3.04200 -3.40800 3.18400
160.00000 -7.23300 -13.27500 -9.13500 -14.02800 -9.20600 -31.48400 -7.43600 -4.05900 -8.43300 -5.08600 -3.15300 4.65900 3.68200 -3.04200 0.49800 3.67200
161.00000 -3.81500 -8.88100 0.63100 -16.46900 -10.18300 -25.13600 -4.99500 -3.08200 -8.43300 -7.03900 -1.20000 5.14700 2.70600 -3.53000 0.98700 0.25400
162.00000 -4.30300 -7.41600 0.63100 -17.93400 -12.62400 -12.44100 -1.08800 -1.12900 -8.43300 -9.96900 0.26400 5.14700 1.24100 -3.53000 -1.94300 -4.14000
163.00000 -6.25600 -11.32200 -7.67000 -15.98100 -13.60100 -1.69900 2.81800 0.33600 -8.43300 -11.92200 1.72900 5.14700 0.26400 -3.04200 -5.84900 -7.07000
164.00000 -6.25600 -16.69300 -14.01800 -11.09800 -11.64800 3.18400 5.25900 0.82400 -7.45600 -11.43400 3.68200 4.65900 -0.22400 -1.08800 -7.80200 -7.07000
165.00000 -3.32600 -17.18100 -11.57600 -5.23900 -8.23000 3.18400 5.74700 0.82400 -6.48000 -9.48100 5.63600 4.17100 0.26400 0.37600 -6.82600 -5.11700
166.00000 -0.39700 -8.88100 -2.29900 -1.33300 -4.81200 1.71900 4.77100 0.33600 -5.99200 -5.57500 7.10000 3.68200 0.75300 0.86500 -3.89600 -3.65200
167.00000 -0.39700 3.32600 5.02500 0.13200 -4.81200 -1.21100 3.79400 -0.15300 -5.99200 -3.13300 7.10000 2.70600 -0.22400 -0.11200 -1.45500 -3.16400
168.00000 -4.30300 11.13900 3.56000 0.13200 -6.76500 -6.58200 3.79400 -0.64100 -6.48000 -2.64500 5.14700 1.24100 -1.68900 -2.06500 -1.45500 -4.62800
169.00000 -8.20900 9.18600 -6.20500 -0.35600 -9.69400 -15.37100 4.28300 -1.12900 -7.94500 -4.59800 2.21800 -0.71200 -3.64200 -4.50600 -2.92000 -6.58200
170.00000 -8.20900 -0.09200 -14.50600 0.13200 -11.64800 -23.67100 5.25900 -1.61700 -8.92100 -8.50400 -0.22400 -2.66500 -5.10700 -5.97100 -4.87300 -7.55800
171.00000 -2.83800 -9.36900 -14.50600 0.62100 -12.62400 -26.11300 5.74700 -1.61700 -9.41000 -12.89900 -1.20000 -4.13000 -6.08300 -6.46000 -7.31400 -8.53500
172.00000 4.97400 -11.32200 -5.22900 -0.35600 -12.13600 -20.74200 4.28300 -0.64100 -10.38600 -16.80500 -1.68900 -5.59500 -7.54800 -7.43600 -9.75500 -10.48800
173.00000 8.88100 -6.92700 5.51400 -2.30900 -12.13600 -10.97600 2.81800 -0.15300 -10.87400 -19.24600 -2.17700 -5.59500 -9.98900 -9.38900 -13.66200 -13.41800
174.00000 6.43900 -1.06800 8.44300 -3.28600 -10.67100 -2.67500 1.35300 0.33600 -11.36300 -19.24600 -3.64200 -5.10700 -12.91900 -12.80700 -17.08000 -17.32400
175.00000 -0.88500 -3.02100 2.58400 -3.77400 -8.23000 -0.23400 0.37600 0.82400 -11.36300 -17.29300 -5.10700 -3.64200 -14.87200 -17.69000 -19.52100 -20.74200
176.00000 -8.69800 -13.76300 -7.18200 -1.82100 -5.30000 -2.67500 0.86500 1.31200 -10.38600 -14.36400 -5.10700 -0.71200 -14.38400 -21.10800 -18.54500 -21.71800
177.00000 -16.02200 -26.94700 -12.55300 0.62100 -3.34700 -8.53500 1.35300 0.82400 -8.92100 -11.92200 -2.66500 4.17100 -11.94300 -22.57300 -14.15000 -20.74200
178.00000 -21.39300 -32.31800 -10.60000 0.13200 -4.81200 -14.88200 1.35300 1.80100 -8.43300 -11.92200 0.75300 8.56500 -8.52500 -22.08500 -9.26700 -18.78900
179.00000 -25.29900 -24.50600 -5.22900 -2.79700 -9.69400 -20.25300 0.37600 2.28900 -9.41000 -14.85200 2.70600 11.98300 -6.08300 -20.13100 -6.33700 -16.34700
180.00000 -24.81100 -8.88100 -2.29900 -7.68000 -15.55400 -23.67100 -2.06500 2.77700 -11.36300 -20.22300 2.70600 12.47200 -5.10700 -18.66700 -6.82600 -14.39400
181.00000 -17.97500 4.79100 -5.71700 -12.07500 -18.97200 -24.16000 -4.50600 2.28900 -14.29200 -26.08200 0.26400 11.49500 -5.10700 -18.17800 -9.75500 -13.41800
182.00000 -4.30300 7.72100 -13.52900 -14.02800 -19.46000 -19.76500 -6.46000 1.31200 -15.75700 -29.98900 -3.15300 9.54200 -5.59500 -18.17800 -12.19700 -12.44100
183.00000 7.90400 -1.06800 -21.83000 -13.05100 -16.04200 -12.92900 -6.94800 0.33600 -14.29200 -30.47700 -5.10700 7.58900 -4.61800 -16.71300 -11.22000 -11.46400
184.00000 10.34500 -13.27500 -26.22500 -10.61000 -11.15900 -8.04600 -5.97100 -0.15300 -10.87400 -26.08200 -5.10700 7.58900 -1.68900 -14.27200 -7.80200 -9.51100
185.00000 1.06800 -19.62300 -25.24800 -6.70400 -7.25300 -10.48800 -3.53000 0.82400 -7.94500 -18.75800 -3.15300 8.56500 1.72900 -11.34200 -3.40800 -6.09300
186.00000 -13.09200 -16.69300 -19.87700 -4.26200 -4.32300 -18.30000 -1.08800 1.80100 -5.99200 -10.94600 -0.71200 10.03000 4.65900 -8.41300 -0.96600 -2.18700
187.00000 -19.44000 -8.88100 -11.57600 -2.79700 -2.85800 -26.11300 1.35300 2.77700 -5.50300 -6.06300 1.24100 10.51800 5.63600 -6.46000 -1.45500 0.74300
188.00000 -12.11500 -3.51000 -2.29900 -2.79700 -2.37000 -26.60100 2.81800 2.77700 -6.48000 -5.57500 2.70600 9.05400 4.65900 -4.99500 -3.89600 1.23100
189.00000 3.51000 -5.95100 6.00200 -4.26200 -1.88200 -17.81200 3.79400 1.80100 -6.96800 -7.52800 2.70600 6.61200 2.70600 -4.01800 -6.33700 -0.72200
190.00000 14.25200 -12.78700 9.90800 -5.72700 -2.85800 -3.65200 3.79400 0.33600 -6.96800 -10.94600 2.70600 3.68200 0.75300 -4.01800 -7.31400 -4.62800
191.00000 9.85700 -15.22800 8.93100 -6.70400 -4.32300 7.57900 3.79400 -0.64100 -6.96800 -13.38700 2.21800 1.24100 -1.20000 -4.01800 -7.31400 -7.55800
192.00000 -5.28000 -8.88100 1.60700 -5.72700 -6.76500 10.50800 3.79400 -1.12900 -7.45600 -14.85200 2.21800 -0.71200 -2.66500 -4.50600 -5.36100 -8.53500
193.00000 -19.92800 3.81500 -7.18200 -3.77400 -7.25300 5.13700 3.30600 -0.64100 -8.92100 -14.36400 2.70600 -0.71200 -4.13000 -5.48300 -4.38400 -7.07000
194.00000 -20.90500 13.58000 -12.55300 -0.84400 -5.78800 -3.65200 2.81800 -0.64100 -9.89800 -13.38700 3.19400 -0.71200 -5.10700 -5.48300 -3.89600 -4.62800
195.00000 -8.69800 14.06900 -12.06500 0.62100 -2.85800 -10.00000 1.84100 -1.61700 -10.38600 -11.43400 3.19400 -1.68900 -5.10700 -4.99500 -3.89600 -2.18700
196.00000 6.43900 5.76800 -6.20500 -0.35600 0.07100 -10.97600 0.86500 -4.05900 -8.92100 -9.48100 2.21800 -2.66500 -3.64200 -4.01800 -3.89600 -2.18700
197.00000 13.76300 -3.99800 0.63100 -3.28600 2.02400 -7.55800 0.37600 -6.50000 -6.48000 -7.52800 0.75300 -3.15300 -2.17700 -3.04200 -3.40800 -2.67500
198.00000 10.34500 -6.43900 4.53700 -6.70400 1.53600 -3.16400 -0.60000 -8.45300 -4.52700 -5.57500 -1.20000 -3.64200 -1.20000 -2.55300 -1.45500 -3.16400
199.00000 3.51000 -1.06800 3.07200 -9.14500 0.55900 -1.21100 -2.06500 -9.43000 -3.55000 -5.08600 -3.64200 -4.61800 -0.71200 -3.53000 0.49800 -3.65200
200.00000 2.04500 5.76800 -2.29900 -9.14500 0.07100 -2.67500 -4.50600 -10.40600 -4.52700 -6.06300 -6.57100 -6.57100 -1.68900 -6.94800 0.01000 -4.62800
201.00000 6.43900 4.79100 -7.18200 -8.16900 -0.90500 -6.58200 -7.92400 -10.40600 -6.48000 -9.48100 -11.94300 -9.98900 -4.61800 -12.31900 -4.38400 -8.53500
202.00000 9.85700 -6.43900 -10.11100 -7.68000 -1.88200 -10.48800 -12.31900 -10.89500 -8.43300 -14.36400 -17.80200 -14.87200 -7.54800 -19.15500 -12.19700 -15.37100
203.00000 3.99800 -21.08800 -10.60000 -8.65700 -3.83500 -11.46400 -15.24900 -10.40600 -8.92100 -19.24600 -23.17300 -18.29000 -9.98900 -24.52600 -20.98600 -22.69500
204.00000 -12.11500 -30.85300 -11.08800 -11.58700 -6.76500 -10.48800 -16.71300 -9.43000 -8.92100 -22.66400 -25.61400 -17.80200 -9.98900 -26.47900 -26.84500 -27.08900
205.00000 -29.20500 -28.41200 -14.01800 -15.00400 -10.18300 -8.53500 -16.22500 -6.98900 -8.43300 -22.66400 -24.15000 -12.91900 -8.03600 -25.01400 -25.86900 -26.11300
206.00000 -38.48300 -15.71700 -18.90100 -17.44600 -12.13600 -8.53500 -13.78400 -4.54700 -7.45600 -19.73500 -19.75500 -6.08300 -5.10700 -20.62000 -20.00900 -20.74200
207.00000 -35.06500 -3.02100 -23.78300 -17.93400 -13.11200 -9.51100 -11.83100 -3.08200 -7.94500 -15.82800 -14.38400 0.26400 -2.17700 -16.71300 -12.68500 -14.88200
208.00000 -25.29900 2.83800 -26.22500 -15.98100 -13.60100 -10.97600 -10.36600 -1.12900 -8.43300 -13.38700 -10.47800 4.17100 -1.20000 -14.76000 -7.80200 -11.46400
209.00000 -16.02200 -2.53300 -24.76000 -12.56300 -13.60100 -11.46400 -9.38900 0.33600 -9.41000 -13.87500 -8.52500 5.14700 -1.68900 -14.76000 -7.80200 -11.46400
210.00000 -12.11500 -12.29900 -20.36500 -9.63300 -12.62400 -11.46400 -8.41300 1.31200 -10.38600 -16.31700 -8.03600 5.14700 -2.66500 -14.76000 -10.73200 -12.92900
211.00000 -11.13900 -19.13500 -14.01800 -8.16900 -10.18300 -12.44100 -6.94800 3.26500 -10.38600 -17.29300 -7.06000 5.14700 -2.66500 -13.29500 -13.66200 -12.44100
212.00000 -7.23300 -19.13500 -7.67000 -8.65700 -7.25300 -15.37100 -4.99500 3.75400 -9.41000 -16.31700 -5.59500 6.12400 -1.68900 -9.38900 -14.15000 -10.00000
213.00000 -0.39700 -14.25200 -3.76400 -10.61000 -4.81200 -18.30000 -4.01800 3.75400 -8.43300 -13.87500 -3.64200 7.10000 -0.22400 -5.48300 -11.70900 -6.09300
214.00000 5.46300 -9.85700 -4.25200 -11.09800 -5.30000 -17.81200 -3.53000 2.28900 -8.92100 -11.92200 -2.66500 7.10000 0.26400 -3.53000 -9.75500 -5.11700
215.00000 4.48600 -10.34500 -8.15800 -10.61000 -9.20600 -13.41800 -4.50600 1.31200 -10.38600 -10.94600 -3.15300 5.63600 -0.22400 -4.99500 -8.77900 -6.58200
216.00000 -3.32600 -12.78700 -13.52900 -7.68000 -14.57700 -8.04600 -5.48300 0.82400 -11.85100 -11.92200 -4.61800 4.65900 -1.20000 -7.92400 -9.75500 -9.02300
217.00000 -14.55700 -14.25200 -15.97100 -5.23900 -19.46000 -4.62800 -5.97100 0.82400 -12.82800 -13.38700 -5.59500 3.68200 -2.17700 -10.85400 -10.73200 -9.51100
218.00000 -20.90500 -11.32200 -12.55300 -4.26200 -20.92500 -6.09300 -6.46000 0.82400 -13.31600 -14.36400 -6.08300 4.17100 -2.66500 -12.80700 -10.24400 -7.55800
219.00000 -19.44000 -6.92700 -5.22900 -5.72700 -18.97200 -11.46400 -7.43600 -0.15300 -12.82800 -14.85200 -5.59500 4.65900 -3.15300 -13.29500 -7.80200 -4.14000
220.00000 -11.62700 -4.97400 0.63100 -7.19200 -15.55400 -18.30000 -8.41300 -2.10600 -13.31600 -16.31700 -5.59500 4.17100 -4.13000 -13.78400 -4.87300 -2.67500
221.00000 -2.35000 -7.90400 -0.34600 -6.70400 -12.62400 -22.69500 -9.38900 -3.57100 -13.80400 -18.75800 -7.06000 1.72900 -6.57100 -15.24900 -4.38400 -5.11700
222.00000 3.51000 -11.32200 -7.67000 -2.79700 -11.15900 -24.64800 -9.38900 -4.54700 -14.78100 -20.22300 -9.98900 -1.68900 -9.50100 -16.71300 -6.33700 -10.48800
223.00000 5.95100 -10.83400 -15.48300 2.57400 -9.69400 -24.16000 -8.41300 -4.54700 -14.78100 -19.73500 -11.94300 -4.61800 -11.45400 -18.17800 -9.75500 -16.34700
224.00000 6.92700 -4.97400 -15.97100 5.99200 -6.76500 -22.20700 -6.94800 -4.54700 -12.33900 -16.80500 -13.40700 -6.08300 -12.43100 -17.69000 -13.17300 -18.78900
225.00000 9.36900 3.32600 -6.69400 5.50300 -1.88200 -17.81200 -6.46000 -6.01200 -8.92100 -12.41000 -13.89600 -6.57100 -11.45400 -15.73700 -15.12700 -17.81200
226.00000 12.78700 6.25600 6.97800 2.08500 3.48900 -10.97600 -7.43600 -8.45300 -5.01500 -8.50400 -13.89600 -7.54800 -10.96600 -13.78400 -16.10300 -15.85900
227.00000 15.71700 0.88500 16.25600 -1.33300 6.41900 -3.16400 -9.87800 -10.89500 -4.03800 -7.52800 -15.84900 -9.50100 -12.43100 -13.29500 -16.59100 -15.85900
228.00000 14.74000 -9.36900 15.27900 -2.30900 5.44200 2.69600 -11.83100 -12.84800 -5.01500 -8.50400 -19.26700 -12.91900 -15.36100 -15.24900 -19.03300 -19.76500
229.00000 8.88100 -17.67000 4.53700 0.13200 2.02400 5.13700 -13.29500 -13.33600 -6.96800 -10.45700 -23.66100 -17.31400 -18.29000 -19.15500 -22.45100 -25.62500
230.00000 -1.37300 -17.18100 -9.13500 4.03800 -2.37000 3.67200 -13.78400 -12.84800 -8.43300 -11.43400 -28.05600 -20.73200 -20.24300 -23.54900 -26.35700 -31.97200
231.00000 -11.13900 -8.88100 -19.38900 5.50300 -3.83500 -0.23400 -14.27200 -12.36000 -7.94500 -10.45700 -30.49700 -23.17300 -19.75500 -26.47900 -29.77500 -35.39000
232.00000 -15.53300 0.88500 -23.29500 2.57400 -3.34700 -5.60500 -16.71300 -12.36000 -5.99200 -9.48100 -31.47400 -23.66100 -17.31400 -26.96700 -32.21600 -36.36700
233.00000 -12.60400 5.76800 -22.31900 -4.75100 -2.37000 -10.48800 -20.13100 -13.33600 -3.06200 -9.48100 -31.47400 -22.19600 -13.89600 -25.50300 -32.21600 -34.90200
234.00000 -4.79100 3.32600 -19.87700 -13.54000 -1.88200 -15.37100 -23.06100 -13.82400 -2.08500 -11.92200 -30.98600 -19.75500 -10.96600 -23.06100 -30.75200 -31.97200
235.00000 3.02100 -3.51000 -18.41200 -20.37600 -3.34700 -19.27700 -25.01400 -13.82400 -2.08500 -14.85200 -30.49700 -16.33700 -7.54800 -20.13100 -28.31000 -29.53100
236.00000 3.51000 -9.36900 -20.36500 -23.30500 -5.30000 -21.23000 -25.50300 -12.36000 -3.06200 -16.80500 -30.49700 -11.94300 -5.59500 -19.15500 -27.33400 -26.11300
237.00000 -5.28000 -12.29900 -25.24800 -22.81700 -6.76500 -20.74200 -24.03800 -9.91800 -4.52700 -16.80500 -29.52100 -8.52500 -3.64200 -19.15500 -27.82200 -24.16000
238.00000 -20.41600 -15.22800 -33.06100 -20.37600 -6.76500 -16.83600 -23.54900 -7.96500 -5.99200 -16.31700 -29.03200 -6.08300 -2.66500 -20.62000 -30.26300 -23.67100
239.00000 -34.57600 -20.59900 -39.89700 -17.44600 -6.76500 -10.97600 -24.52600 -6.98900 -6.96800 -17.29300 -29.03200 -6.08300 -3.64200 -22.57300 -33.19300 -26.11300
240.00000 -39.94800 -28.41200 -42.82600 -15.98100 -7.74100 -6.58200 -26.47900 -7.47700 -8.92100 -20.71100 -30.00900 -7.54800 -5.59500 -24.52600 -35.63400 -30.50700
241.00000 -35.55300 -35.24800 -39.89700 -14.51600 -8.71800 -7.55800 -27.94400 -8.45300 -10.87400 -24.61800 -30.98600 -9.01300 -7.54800 -25.99100 -36.12300 -35.39000
242.00000 -26.27600 -37.68900 -31.59600 -12.56300 -8.71800 -14.88200 -26.47900 -7.96500 -11.36300 -26.57100 -31.96200 -10.47800 -9.01300 -25.99100 -36.61100 -37.83200
243.00000 -19.44000 -34.76000 -23.78300 -10.12200 -7.25300 -26.11300 -23.54900 -6.50000 -10.87400 -26.08200 -32.45000 -11.45400 -9.98900 -25.99100 -37.58700 -38.32000
244.00000 -19.92800 -28.90000 -19.87700 -9.14500 -5.78800 -35.39000 -21.10800 -5.03500 -10.38600 -23.15300 -33.42700 -12.43100 -11.45400 -26.96700 -40.02900 -38.80800
245.00000 -23.34600 -23.52900 -21.83000 -10.12200 -6.76500 -36.85500 -20.62000 -4.05900 -9.89800 -20.22300 -34.40300 -13.40700 -12.91900 -29.40900 -41.49400 -39.78500
246.00000 -23.83400 -19.13500 -26.71300 -12.56300 -9.69400 -30.01900 -22.57300 -4.54700 -10.38600 -20.22300 -34.40300 -14.38400 -15.84900 -33.31500 -42.47000 -42.22600
247.00000 -16.02200 -14.74000 -30.13100 -14.51600 -12.62400 -19.27700 -24.52600 -6.01200 -11.85100 -21.68800 -33.42700 -14.38400 -17.80200 -36.24500 -41.00500 -45.15600
248.00000 -3.32600 -8.88100 -29.64300 -15.00400 -13.60100 -11.46400 -24.52600 -7.47700 -12.33900 -23.15300 -30.98600 -13.40700 -18.29000 -37.22100 -38.07600 -45.15600
249.00000 6.43900 -3.02100 -25.24800 -13.05100 -11.15900 -10.00000 -22.08500 -8.45300 -11.36300 -21.68800 -28.05600 -11.94300 -16.82500 -35.26800 -35.14600 -41.73800
250.00000 4.97400 -1.55600 -20.85400 -10.12200 -6.76500 -11.95300 -19.15500 -9.43000 -9.89800 -18.27000 -26.10300 -11.45400 -14.87200 -31.85000 -32.70500 -36.85500
251.00000 -7.23300 -6.92700 -18.41200 -8.16900 -3.34700 -12.44100 -18.17800 -10.89500 -8.43300 -14.36400 -26.10300 -12.43100 -12.43100 -27.94400 -32.21600 -31.97200
252.00000 -22.36900 -16.69300 -17.43600 -7.68000 -2.37000 -8.53500 -20.13100 -13.82400 -6.96800 -12.41000 -28.54400 -14.87200 -10.96600 -25.01400 -31.72800 -30.01900
253.00000 -27.74000 -25.48200 -15.97100 -8.16900 -2.85800 -2.67500 -23.54900 -17.73100 -5.99200 -11.92200 -32.45000 -18.29000 -10.47800 -24.03800 -31.24000 -30.01900
254.00000 -18.95100 -26.45900 -12.06500 -8.16900 -2.85800 0.25400 -26.47900 -20.66000 -4.52700 -10.94600 -35.86800 -20.24300 -9.98900 -23.54900 -30.75200 -30.50700
255.00000 -2.35000 -17.67000 -7.18200 -6.70400 -1.39400 -1.21100 -25.99100 -22.12500 -2.57400 -8.01600 -36.84500 -20.73200 -9.01300 -21.59600 -29.28700 -29.04300
256.00000 9.85700 -4.48600 -3.76400 -4.26200 0.55900 -4.62800 -22.57300 -22.12500 -0.62100 -3.13300 -34.89200 -18.77800 -7.54800 -18.17800 -26.84500 -25.13600
