1.00000 11.70900 14.42500 7.65000 -3.12300 -1.18000 10.52900 12.50200 6.22600 5.79800 4.42500 24.47500 14.86200 9.36900 15.19800 25.11600 19.98900
2.00000 -1.47500 13.93600 2.76700 -5.07600 -6.06300 15.41100 10.54900 5.24900 2.38000 -1.92300 19.10400 11.93200 6.43900 11.29200 18.76800 13.15300
3.00000 -15.14700 3.68200 -5.04600 -6.05300 -11.43400 13.94700 7.13100 5.24900 -1.03800 -5.82900 13.24500 8.51400 3.02100 6.89700 11.93200 5.34100
4.00000 -22.47100 -12.43100 -11.88200 -5.56400 -16.31700 4.18100 3.22500 4.27200 -2.99100 -7.29400 6.89700 5.09600 0.09200 2.99100 5.09600 -2.96000
5.00000 -21.00600 -27.56800 -15.29900 -4.58800 -19.24600 -11.93200 -0.68200 3.78400 -4.45600 -6.80500 1.52600 1.19000 -2.35000 0.06100 -0.27500 -10.28400
6.00000 -14.65900 -32.93900 -13.34600 -4.10000 -20.22300 -26.58100 -4.10000 2.80800 -6.40900 -6.31700 -3.84500 -2.71600 -4.79100 -1.89200 -5.15700 -15.65600
7.00000 -7.33400 -27.07900 -9.92800 -3.61100 -18.75800 -33.41700 -6.54100 1.34300 -8.85000 -7.78200 -8.72800 -6.62200 -6.74400 -2.86900 -9.55200 -19.07300
8.00000 -3.42800 -17.31400 -6.51000 -3.12300 -17.29300 -30.48700 -8.00600 -0.12200 -11.29200 -9.73500 -12.14600 -9.55200 -7.72100 -3.84500 -12.48200 -20.53800
9.00000 -2.94000 -12.43100 -5.04600 -1.65800 -15.82800 -24.13900 -8.49400 -0.61000 -12.75600 -9.24700 -14.58700 -11.50500 -7.72100 -4.33300 -14.43500 -19.56200
10.00000 -4.40500 -15.36100 -4.06900 0.29500 -14.85200 -20.23300 -7.51700 -1.09900 -13.24500 -7.29400 -14.58700 -11.99300 -7.23300 -4.82200 -13.94700 -16.63200
11.00000 -6.35800 -20.24300 -3.58100 1.76000 -13.87500 -20.72100 -6.05300 -1.09900 -13.24500 -4.85200 -13.12300 -11.01700 -6.25600 -6.28700 -12.48200 -11.74900
12.00000 -8.79900 -20.73200 -3.58100 1.76000 -13.38700 -21.69800 -4.10000 -1.09900 -13.24500 -6.31700 -11.16900 -9.06400 -6.25600 -8.72800 -10.52900 -6.86600
13.00000 -12.70500 -13.89600 -5.04600 0.29500 -13.87500 -18.76800 -3.12300 -1.09900 -13.73300 -11.68800 -9.21600 -6.62200 -7.72100 -11.16900 -9.06400 -2.96000
14.00000 -17.10000 -5.10700 -8.46400 -2.14600 -13.87500 -11.93200 -2.63500 -1.58700 -14.70900 -19.50100 -7.75100 -4.66900 -10.16200 -14.58700 -6.62200 -0.51900
15.00000 -20.51800 -2.66500 -12.37000 -4.10000 -13.87500 -5.58500 -3.61100 -1.58700 -14.22100 -24.87200 -5.31000 -2.22800 -13.09200 -17.02900 -4.18100 0.45800
16.00000 -18.56500 -8.03600 -14.32300 -4.58800 -11.92200 -5.09600 -3.12300 -0.61000 -11.78000 -24.38400 -0.42700 1.19000 -15.04500 -18.49400 0.21400 1.92300
17.00000 -10.26400 -16.82500 -11.88200 -5.07600 -9.48100 -10.95600 -0.68200 2.31900 -8.36200 -19.50100 6.40900 5.09600 -15.53300 -18.98200 5.58500 4.36400
18.00000 1.94300 -21.22000 -4.55700 -5.07600 -6.55100 -17.79200 3.71300 5.73700 -5.43200 -13.15300 15.19800 10.95600 -14.55700 -17.02900 11.44400 7.29400
19.00000 12.19700 -16.82500 4.72000 -5.07600 -4.11000 -19.25700 9.57200 10.13200 -2.99100 -8.27000 23.49900 17.30300 -11.13900 -13.12300 17.79200 11.68800
20.00000 15.12700 -8.03600 12.53300 -4.58800 -4.11000 -13.88500 15.43200 13.55000 -2.50200 -5.82900 30.82300 23.16300 -6.74400 -6.77500 24.62800 16.57100
21.00000 9.26700 -1.68900 16.43900 -3.61100 -4.59800 -3.14300 20.31500 15.99100 -2.01400 -2.89900 36.19400 28.53400 -0.88500 1.52600 33.41700 22.43000
22.00000 -0.98700 -2.17700 14.48600 -1.65800 -6.55100 5.64600 23.24400 17.94400 -1.52600 2.47200 39.61200 32.92800 4.97400 9.82700 41.22900 28.77800
23.00000 -8.31100 -6.57100 7.16100 -0.68200 -8.01600 8.57500 23.73300 17.94400 0.42700 9.79600 41.56500 36.34600 11.32200 17.63900 46.60000 34.63700
24.00000 -9.77600 -10.47800 -1.62800 -2.14600 -9.96900 4.18100 22.75600 17.94400 2.86900 16.14400 41.56500 37.32300 17.67000 23.98700 48.06500 38.05500
25.00000 -8.31100 -10.47800 -9.44000 -7.02900 -12.41000 -3.63200 19.33800 16.47900 4.82200 17.12000 39.12400 36.83500 22.55200 27.89300 45.62400 37.56700
26.00000 -10.75200 -9.50100 -13.83500 -13.86500 -15.34000 -11.44400 12.99000 14.03800 5.79800 12.23800 34.72900 33.90500 25.48200 30.33400 40.74100 34.14900
27.00000 -20.03000 -12.91900 -14.81100 -19.72500 -19.24600 -14.86200 5.66600 10.62000 5.79800 4.42500 28.38100 29.51000 25.97000 31.31100 35.37000 30.24300
28.00000 -32.72500 -20.24300 -13.83500 -24.11900 -22.66400 -13.88500 -2.63500 6.22600 5.79800 -1.43400 21.54500 23.65100 25.48200 31.31100 30.48700 27.31300
29.00000 -40.53800 -29.52100 -14.32300 -26.07200 -23.64100 -10.95600 -9.47100 2.80800 6.28700 -1.92300 15.19800 18.28000 24.50600 30.82300 26.58100 26.82500
30.00000 -36.14300 -32.45000 -17.74100 -26.07200 -22.66400 -8.51400 -13.37700 -0.61000 6.77500 1.49500 10.80300 13.88500 24.01700 30.33400 22.67500 27.80200
31.00000 -21.49500 -26.59100 -23.11200 -25.09600 -19.73500 -7.53800 -14.35300 -2.56300 6.77500 4.91300 8.85000 10.46800 24.01700 30.33400 18.28000 27.80200
32.00000 -4.89300 -15.36100 -28.97100 -23.14200 -16.31700 -7.53800 -13.86500 -4.02800 6.77500 5.40200 7.38500 7.53800 23.04100 29.84600 14.86200 25.84800
33.00000 1.45500 -6.57100 -30.92400 -19.72500 -13.38700 -6.56100 -13.37700 -5.00500 5.31000 1.98400 5.43200 4.12000 20.59900 28.38100 11.44400 22.43000
34.00000 -3.42800 -5.10700 -27.01800 -15.33000 -10.94600 -4.60800 -13.86500 -5.98100 3.35700 -1.92300 2.50200 0.21400 16.69300 25.45200 9.00300 17.54800
35.00000 -13.68200 -9.98900 -18.71700 -9.95900 -8.50400 -4.12000 -14.35300 -6.47000 0.91600 -3.87600 -1.40400 -3.20400 11.32200 20.56900 6.56100 12.17700
36.00000 -18.56500 -14.87200 -8.46400 -5.07600 -5.08600 -5.58500 -12.88900 -6.47000 -1.03800 -2.89900 -3.35700 -5.64600 5.46300 14.22100 3.63200 6.80500
37.00000 -14.17000 -13.40700 0.81400 -0.68200 -1.18000 -9.49100 -9.47100 -4.51700 -2.99100 -0.94600 -3.84500 -5.64600 0.09200 6.40900 0.70200 0.45800
38.00000 -5.38100 -7.06000 6.67300 1.76000 0.77300 -12.42100 -4.10000 -2.07500 -6.40900 -1.92300 -1.40400 -3.20400 -4.79100 -1.89200 -1.74000 -5.40200
39.00000 -1.96300 -1.68900 8.13800 3.22500 -0.20300 -12.90900 0.29500 0.36600 -10.80300 -7.78200 2.01400 -0.27500 -10.16200 -9.70500 -2.22800 -10.77300
40.00000 -6.35800 -2.17700 7.16100 3.71300 -5.08600 -10.46800 3.22500 2.31900 -15.68600 -16.08300 5.43200 2.65500 -14.55700 -16.05200 -2.22800 -13.70200
41.00000 -12.21700 -9.01300 5.20800 4.20100 -11.92200 -7.53800 4.20100 3.29600 -20.08100 -22.43000 7.38500 4.12000 -17.97500 -20.44700 -0.27500 -14.19100
42.00000 -11.24100 -17.31400 2.76700 4.69000 -17.29300 -6.07300 4.69000 4.76100 -22.03400 -23.89500 8.85000 5.58500 -18.95100 -22.88800 2.16700 -12.23800
43.00000 -0.98700 -20.24300 -0.16300 4.69000 -19.73500 -5.58500 6.15400 6.71400 -20.56900 -19.98900 9.82700 8.02600 -16.99800 -22.88800 5.09600 -8.82000
44.00000 11.22000 -16.33700 -3.09200 4.20100 -19.24600 -5.09600 8.59600 9.15500 -16.66300 -14.61800 11.29200 11.44400 -13.58000 -20.93500 8.51400 -5.40200
45.00000 12.68500 -9.98900 -5.04600 2.73600 -17.78200 -4.12000 11.03700 11.10800 -10.80300 -10.71200 14.22100 15.83900 -8.69800 -17.51700 12.90900 -1.00700
46.00000 -0.01000 -8.03600 -3.58100 -0.68200 -16.80500 -5.58500 12.01400 12.57300 -5.92000 -10.22300 17.63900 19.74500 -4.79100 -13.61100 18.28000 3.87600
47.00000 -20.03000 -13.40700 1.30200 -5.07600 -17.29300 -10.95600 11.03700 12.57300 -1.52600 -11.20000 20.56900 23.16300 -0.88500 -9.21600 24.13900 9.24700
48.00000 -35.16600 -24.15000 5.20800 -8.00600 -17.78200 -18.28000 8.59600 12.57300 0.42700 -11.68800 23.01000 25.60400 3.02100 -3.84500 29.51000 16.08300
49.00000 -38.09600 -34.89200 5.69700 -9.47100 -18.27000 -24.62800 6.64300 12.08500 1.89200 -10.22300 23.98700 27.55700 7.90400 2.50200 34.39300 23.40700
50.00000 -32.23700 -39.28600 0.32600 -8.49400 -16.80500 -26.58100 4.20100 12.08500 4.33300 -7.29400 23.49900 28.04600 13.27500 10.31500 37.32300 30.73100
51.00000 -27.35400 -37.33300 -8.95200 -7.51700 -14.85200 -24.13900 2.24800 10.62000 6.77500 -4.85200 20.56900 27.55700 18.64600 18.12700 37.32300 36.10200
52.00000 -27.84200 -30.00900 -17.74100 -7.51700 -12.41000 -20.72100 -1.65800 8.17900 9.21600 -4.36400 16.66300 24.13900 22.55200 24.47500 33.90500 38.05500
53.00000 -30.28400 -22.19600 -23.60000 -8.98200 -10.45700 -19.74500 -5.56400 4.76100 11.65800 -4.85200 12.75600 20.72100 23.52900 28.38100 28.53400 37.07900
54.00000 -28.33000 -16.82500 -25.06500 -11.91200 -8.99300 -19.25700 -8.98200 0.85400 13.12300 -4.36400 10.80300 16.81500 24.01700 29.35800 24.13900 34.14900
55.00000 -21.49500 -16.33700 -24.57700 -13.86500 -8.01600 -17.30300 -9.95900 -1.09900 13.61100 -1.92300 11.29200 15.83900 24.01700 28.87000 22.67500 33.17300
56.00000 -14.17000 -20.73200 -24.57700 -15.33000 -8.99300 -11.93200 -8.49400 -1.58700 12.14600 1.00700 14.22100 17.30300 25.97000 28.87000 25.60400 36.10200
57.00000 -13.19400 -26.10300 -24.57700 -15.81800 -11.43400 -6.56100 -6.05300 -0.12200 10.19300 2.96000 18.61600 20.72100 28.41200 29.84600 31.46400 41.47300
58.00000 -20.03000 -29.52100 -22.13500 -16.30700 -14.85200 -5.09600 -3.61100 1.83100 7.26300 1.98400 23.49900 24.13900 30.85300 31.79900 36.83500 47.33300
59.00000 -29.30700 -29.03200 -16.76400 -16.79500 -17.29300 -9.49100 -1.65800 3.78400 5.31000 0.03100 27.89300 26.58100 31.34200 33.75200 39.76400 48.79800
60.00000 -33.70200 -25.61400 -9.44000 -16.30700 -17.29300 -16.81500 0.29500 4.76100 3.84500 -0.94600 32.28800 27.06900 29.87700 34.24100 39.27600 46.84400
61.00000 -29.79500 -21.22000 -4.55700 -14.35300 -14.36400 -20.72100 3.22500 5.73700 2.38000 0.03100 35.70600 27.06900 27.43500 33.75200 38.30000 42.45000
62.00000 -21.98300 -20.24300 -3.58100 -10.93500 -8.99300 -16.81500 6.64300 7.20200 0.91600 1.98400 39.12400 27.06900 24.50600 32.77600 38.30000 40.49700
63.00000 -14.17000 -21.70800 -5.53400 -6.54100 -3.62100 -7.53800 10.06100 8.17900 -1.03800 2.96000 42.54200 28.04600 23.04100 32.28800 40.74100 42.45000
64.00000 -8.79900 -22.68500 -7.48700 -2.63500 0.28500 0.76300 13.47900 9.64400 -3.47900 1.98400 44.98300 29.51000 22.55200 33.26400 44.64700 46.84400
65.00000 -4.40500 -19.26700 -5.04600 0.78300 2.72600 4.18100 16.40800 10.62000 -5.43200 0.03100 46.93600 30.97500 22.06400 33.75200 48.55300 50.26200
66.00000 -0.01000 -9.50100 -0.16300 4.20100 2.23800 3.20400 18.85000 11.10800 -7.38500 -0.94600 48.40100 31.95200 21.08800 34.24100 50.99500 49.77400
67.00000 2.43100 2.21800 5.69700 6.64300 -0.20300 3.20400 20.31500 12.08500 -8.85000 0.03100 49.37700 32.92800 19.13500 32.28800 52.46000 45.38000
68.00000 1.45500 9.05400 8.62600 7.61900 -5.57500 5.15700 20.80300 13.06200 -10.80300 1.49500 48.88900 33.41700 17.18100 28.38100 52.46000 40.00900
69.00000 -3.91600 7.10000 9.11500 6.64300 -11.43400 7.59900 19.33800 13.55000 -13.24500 0.51900 47.42400 33.41700 14.25200 23.49900 50.99500 36.10200
70.00000 -11.72900 -3.64200 9.11500 3.22500 -16.80500 4.66900 17.38500 14.03800 -16.17400 -3.38700 44.00600 32.92800 11.32200 18.12700 48.55300 33.66100
71.00000 -17.10000 -16.82500 9.60300 -0.68200 -20.71100 -5.09600 15.43200 14.52600 -18.12700 -8.75900 40.10000 31.46400 8.39200 13.24500 43.67100 31.70800
72.00000 -18.56500 -27.56800 9.60300 -4.10000 -22.17600 -17.79200 14.45500 14.52600 -19.10400 -12.17700 36.19400 29.99900 5.46300 8.36200 37.81100 27.80200
73.00000 -16.61200 -30.49700 7.65000 -5.56400 -22.66400 -25.60400 14.94300 15.50300 -18.12700 -12.66500 32.28800 28.04600 3.99800 4.45600 31.46400 22.43000
74.00000 -14.17000 -27.56800 1.79000 -5.56400 -21.68800 -25.11600 15.43200 15.99100 -16.17400 -11.20000 29.35800 28.04600 3.99800 2.01400 27.55700 17.54800
75.00000 -13.19400 -24.15000 -5.53400 -4.58800 -20.71100 -18.76800 15.43200 15.50300 -13.24500 -10.71200 26.91700 27.06900 4.48600 1.52600 25.11600 14.61800
76.00000 -14.17000 -23.17300 -9.44000 -3.61100 -19.24600 -11.93200 13.96700 14.52600 -9.82700 -10.71200 24.47500 26.09300 5.46300 3.47900 23.16300 14.61800
77.00000 -14.65900 -24.15000 -8.46400 -2.14600 -16.31700 -9.00300 11.52500 13.06200 -5.92000 -11.68800 22.03400 23.65100 7.41600 6.40900 20.23300 16.08300
78.00000 -13.19400 -22.68500 -2.60400 -0.68200 -12.89900 -9.49100 10.06100 11.10800 -1.52600 -10.71200 20.08100 21.21000 9.36900 9.82700 16.81500 17.54800
79.00000 -10.26400 -16.82500 3.74300 -0.19300 -9.48100 -9.00300 10.06100 9.64400 2.86900 -6.80500 19.59200 19.74500 10.83400 11.78000 14.37400 18.03600
80.00000 -8.79900 -7.06000 6.67300 -0.68200 -7.03900 -5.09600 11.03700 8.66700 6.28700 -1.43400 21.05700 20.23300 13.27500 12.75600 14.86200 18.03600
81.00000 -11.24100 -0.22400 5.20800 -3.61100 -7.03900 -0.70200 11.03700 8.17900 7.26300 2.47200 23.01000 21.69800 15.22800 13.24500 17.79200 19.01200
82.00000 -16.61200 -1.68900 0.81400 -6.54100 -8.01600 -1.19000 9.57200 6.71400 7.26300 1.49500 23.49900 22.18600 16.20500 14.70900 21.21000 20.96600
83.00000 -21.49500 -11.45400 -2.60400 -9.95900 -8.50400 -8.51400 6.15400 4.76100 6.28700 -1.92300 21.54500 20.23300 16.69300 16.66300 21.21000 21.94200
84.00000 -20.03000 -22.68500 -5.04600 -10.44700 -8.01600 -18.28000 1.76000 2.80800 5.79800 -4.85200 17.63900 16.81500 17.18100 19.10400 18.28000 21.94200
85.00000 -12.70500 -27.56800 -5.53400 -8.98200 -7.03900 -22.67500 -1.17000 0.36600 5.79800 -2.89900 14.70900 13.39700 17.67000 22.03400 14.86200 20.96600
86.00000 -3.42800 -23.66100 -5.53400 -6.54100 -6.06300 -17.30300 -1.65800 -0.12200 6.77500 2.47200 14.22100 11.93200 19.13500 24.47500 13.39700 20.96600
87.00000 1.94300 -15.36100 -5.04600 -4.10000 -5.57500 -5.58500 -0.68200 -0.12200 8.24000 7.84300 17.63900 12.90900 22.06400 26.91700 16.81500 23.89500
88.00000 0.96600 -9.01300 -4.55700 -2.63500 -6.06300 5.64600 1.76000 0.85400 8.72800 10.28400 22.03400 15.35000 24.50600 28.87000 22.67500 27.80200
89.00000 -3.91600 -9.98900 -3.58100 -3.12300 -6.55100 8.57500 3.22500 0.85400 8.72800 6.86600 25.45200 17.30300 25.48200 30.82300 27.55700 31.70800
90.00000 -7.33400 -13.89600 -2.60400 -3.61100 -7.03900 3.20400 2.73600 0.85400 8.24000 1.98400 26.42800 16.81500 24.50600 31.79900 29.99900 33.17300
91.00000 -5.87000 -15.36100 -1.62800 -3.12300 -6.55100 -4.60800 1.76000 0.36600 8.24000 -1.43400 25.94000 16.32700 22.55200 31.79900 30.48700 32.19600
92.00000 -2.94000 -9.98900 0.32600 -1.65800 -5.08600 -8.02600 1.76000 0.85400 7.75100 -0.94600 26.91700 16.81500 20.11100 29.84600 31.46400 30.73100
93.00000 -1.47500 0.75300 4.23200 0.78300 -4.11000 -5.58500 4.20100 2.80800 7.26300 1.98400 30.33400 19.74500 18.15800 27.40500 35.85800 30.24300
94.00000 -3.91600 9.54200 9.11500 3.71300 -2.64500 -1.19000 9.08400 5.73700 6.28700 3.93700 35.70600 24.13900 16.20500 24.96300 41.71800 31.70800
95.00000 -7.33400 9.54200 13.02100 5.66600 -2.15700 0.76300 14.45500 8.66700 4.33300 2.47200 40.58800 27.55700 14.74000 23.01000 45.62400 33.17300
96.00000 -7.33400 0.26400 13.50900 6.15400 -1.66800 -1.67800 17.38500 10.62000 2.38000 -1.43400 42.05300 28.53400 12.78700 21.05700 45.62400 32.68400
97.00000 -1.47500 -12.91900 10.09100 5.17800 -2.15700 -7.05000 17.87300 11.10800 0.91600 -5.34100 40.58800 28.04600 10.34500 18.12700 41.71800 30.24300
98.00000 5.36100 -22.68500 3.25500 2.24800 -4.11000 -11.44400 15.92000 11.10800 -0.54900 -7.78200 38.14700 27.06900 8.39200 14.70900 36.83500 25.84800
99.00000 6.33700 -26.10300 -3.58100 -2.14600 -8.01600 -13.39700 13.47900 11.59700 -2.50200 -7.78200 36.19400 27.06900 6.43900 10.80300 34.39300 21.94200
100.00000 -2.45200 -24.63800 -7.48700 -6.05300 -12.89900 -13.88500 12.99000 12.08500 -4.94400 -7.78200 35.70600 28.53400 5.95100 7.87400 34.88200 19.50100
101.00000 -18.07700 -24.15000 -8.95200 -8.49400 -17.78200 -13.88500 12.99000 12.08500 -6.89700 -9.24700 35.70600 29.51000 5.46300 7.38500 35.37000 18.52400
102.00000 -31.74800 -27.07900 -6.51000 -8.98200 -20.22300 -13.88500 12.99000 12.08500 -7.87400 -12.17700 34.72900 29.51000 5.95100 8.36200 33.90500 18.52400
103.00000 -35.65500 -30.98600 -2.11600 -8.00600 -19.24600 -14.37400 12.50200 11.10800 -6.40900 -15.10600 33.26400 28.04600 6.92700 10.80300 29.99900 19.50100
104.00000 -29.30700 -30.98600 2.27900 -6.54100 -15.34000 -12.90900 12.50200 10.13200 -4.45600 -14.61800 32.28800 27.06900 8.88100 13.24500 26.09300 21.45400
105.00000 -17.58800 -22.68500 6.18500 -5.07600 -11.92200 -10.95600 13.47900 10.13200 -2.01400 -10.22300 32.28800 27.55700 12.29900 15.68600 25.11600 24.38400
106.00000 -5.87000 -8.03600 6.18500 -4.58800 -9.96900 -8.02600 15.43200 11.59700 0.42700 -4.36400 35.21700 29.51000 16.20500 18.12700 27.55700 28.29000
107.00000 1.94300 5.14700 2.27900 -5.56400 -10.94600 -4.12000 18.36100 12.08500 1.89200 1.49500 38.14700 31.46400 20.11100 21.54500 30.97500 31.21900
108.00000 5.84900 9.54200 -3.09200 -7.02900 -11.92200 0.76300 19.82600 12.08500 3.84500 4.91300 40.58800 31.95200 23.04100 25.45200 32.44000 32.19600
109.00000 8.29100 2.21800 -6.51000 -8.49400 -11.43400 5.15700 19.33800 10.62000 5.79800 6.37800 39.61200 29.99900 24.50600 29.84600 31.95200 31.70800
110.00000 7.31400 -10.96600 -5.53400 -8.49400 -8.01600 7.59900 16.89700 9.15500 8.24000 8.33100 37.17000 26.58100 24.99400 33.75200 30.48700 31.21900
111.00000 1.45500 -20.73200 0.32600 -6.54100 -2.64500 7.11100 12.99000 7.20200 10.68100 12.23800 33.75200 23.16300 25.48200 36.19400 29.99900 33.17300
112.00000 -9.28800 -22.68500 6.67300 -4.58800 0.77300 6.13400 10.06100 5.24900 13.12300 17.12000 31.79900 21.21000 26.45900 37.65900 31.95200 36.59100
113.00000 -21.49500 -17.80200 8.13800 -3.61100 0.77300 5.64600 7.13100 4.27200 14.09900 20.05000 30.82300 20.23300 26.94700 38.63500 34.88200 39.52000
114.00000 -29.79500 -10.47800 3.74300 -5.07600 -1.66800 6.62200 5.17800 2.31900 13.61100 19.07300 29.84600 19.25700 26.45900 38.63500 35.85800 39.52000
115.00000 -30.77200 -8.03600 -4.55700 -8.49400 -5.08600 6.13400 3.22500 0.36600 13.12300 14.67900 28.38100 17.79200 24.50600 37.65900 32.44000 34.63700
116.00000 -23.93600 -9.98900 -12.37000 -11.42400 -6.06300 4.18100 1.27200 -0.61000 12.63400 9.30800 26.91700 15.35000 21.08800 35.21700 26.58100 27.31300
117.00000 -13.19400 -14.38400 -14.81100 -11.42400 -4.59800 0.27500 0.29500 -1.58700 12.14600 6.37800 24.96300 13.88500 18.15800 32.28800 21.69800 20.47700
118.00000 -4.40500 -17.31400 -13.34600 -8.49400 -1.18000 -2.16700 0.29500 -0.61000 12.63400 7.35500 23.98700 13.88500 16.69300 29.84600 20.23300 17.54800
119.00000 -0.98700 -16.82500 -9.92800 -4.58800 1.75000 -1.67800 0.78300 0.85400 12.63400 10.28400 23.98700 14.86200 17.67000 28.87000 23.16300 19.98900
120.00000 -3.42800 -13.89600 -6.51000 -2.14600 1.75000 1.25100 2.24800 2.31900 11.16900 12.72600 24.47500 17.30300 19.13500 28.87000 28.04600 24.38400
121.00000 -9.77600 -11.45400 -4.06900 -2.14600 -0.69200 3.69300 2.73600 3.78400 9.70500 12.23800 24.47500 18.76800 19.13500 27.89300 31.46400 26.82500
122.00000 -15.63500 -11.45400 0.32600 -3.12300 -4.59800 3.20400 3.71300 5.24900 6.77500 9.30800 23.49900 19.74500 17.67000 25.45200 31.46400 26.33700
123.00000 -18.56500 -12.43100 4.72000 -3.61100 -8.01600 0.27500 4.69000 7.20200 4.33300 5.89000 22.03400 19.74500 14.74000 21.05700 29.02200 23.40700
124.00000 -17.58800 -14.38400 8.13800 -1.17000 -9.48100 -0.21400 7.13100 9.64400 2.86900 4.91300 21.54500 21.21000 12.29900 17.15100 25.60400 19.98900
125.00000 -14.65900 -14.38400 7.16100 2.24800 -9.96900 3.20400 9.08400 12.57300 2.86900 6.37800 22.03400 23.16300 11.81000 14.70900 23.65100 19.01200
126.00000 -13.19400 -12.91900 2.27900 4.20100 -9.96900 8.57500 11.03700 14.52600 4.33300 8.33100 23.01000 25.11600 12.78700 14.22100 23.16300 19.50100
127.00000 -14.17000 -11.45400 -2.60400 2.73600 -8.99300 9.55200 10.06100 14.52600 5.79800 7.35500 23.98700 26.58100 14.74000 14.22100 23.16300 19.50100
128.00000 -17.10000 -11.45400 -5.04600 -0.68200 -8.50400 2.71600 8.10800 13.06200 5.79800 2.47200 23.49900 26.58100 15.22800 13.24500 22.18600 18.03600
129.00000 -18.07700 -13.89600 -4.06900 -4.10000 -8.01600 -9.49100 4.69000 10.62000 5.31000 -4.36400 22.52200 25.11600 14.74000 10.80300 20.72100 15.10600
130.00000 -15.14700 -18.77800 -3.09200 -5.56400 -7.52800 -19.74500 2.24800 9.15500 4.33300 -9.24700 21.05700 23.65100 13.76300 7.87400 19.25700 12.17700
131.00000 -8.79900 -23.17300 -5.04600 -5.07600 -7.03900 -21.21000 1.27200 8.66700 3.84500 -9.24700 21.05700 23.16300 12.78700 6.40900 19.25700 11.20000
132.00000 -2.94000 -24.63800 -8.46400 -4.58800 -8.01600 -13.88500 2.24800 9.15500 4.82200 -4.85200 22.03400 23.65100 14.25200 7.87400 20.23300 13.64100
133.00000 -2.94000 -23.17300 -10.41700 -6.54100 -8.99300 -3.63200 4.20100 9.64400 6.77500 1.98400 24.47500 25.60400 17.67000 12.75600 22.67500 19.01200
134.00000 -9.77600 -19.26700 -7.97500 -10.44700 -10.45700 2.71600 6.15400 9.15500 9.21600 7.35500 26.91700 27.06900 22.06400 19.10400 24.62800 24.87200
135.00000 -19.05300 -14.38400 -2.60400 -12.88900 -10.94600 2.71600 7.61900 8.17900 10.19300 10.28400 29.35800 27.55700 24.99400 24.47500 26.58100 28.77800
136.00000 -25.88900 -10.47800 0.81400 -11.91200 -10.45700 0.76300 8.59600 8.17900 10.68100 10.28400 30.33400 26.58100 25.48200 26.91700 26.58100 28.77800
137.00000 -27.84200 -8.03600 -0.16300 -8.00600 -8.99300 0.27500 9.08400 7.20200 10.19300 9.79600 30.82300 25.11600 24.01700 26.42800 26.09300 25.84800
138.00000 -25.40100 -8.03600 -4.06900 -2.63500 -5.08600 2.22800 9.57200 6.22600 10.68100 10.77300 30.33400 22.67500 21.57600 23.98700 24.62800 20.96600
139.00000 -21.98300 -10.96600 -6.02200 -0.19300 -1.18000 3.20400 10.06100 5.24900 12.14600 12.23800 29.35800 20.23300 19.62300 22.52200 23.16300 17.54800
140.00000 -20.03000 -15.84900 -3.09200 -1.65800 2.23800 0.76300 10.06100 3.78400 13.61100 13.21400 28.38100 18.76800 19.13500 22.52200 22.67500 16.08300
141.00000 -17.10000 -20.24300 2.76700 -4.58800 2.72600 -4.60800 9.57200 2.31900 14.09900 12.23800 26.91700 18.28000 18.64600 23.01000 23.16300 16.57100
142.00000 -12.70500 -20.73200 5.69700 -7.51700 0.28500 -7.05000 9.08400 1.34300 12.63400 8.82000 26.42800 17.79200 17.67000 22.52200 23.16300 17.05900
143.00000 -5.87000 -16.82500 1.79000 -8.98200 -4.59800 -4.12000 8.59600 1.83100 9.70500 4.91300 25.94000 17.30300 15.22800 21.05700 21.69800 14.61800
144.00000 -0.49800 -10.96600 -6.51000 -9.47100 -10.45700 2.71600 8.10800 3.29600 6.28700 1.49500 24.96300 16.81500 10.83400 17.15100 18.28000 10.71200
145.00000 -1.47500 -7.54800 -12.85800 -10.93500 -14.36400 6.62200 8.10800 4.76100 3.35700 -0.45800 23.98700 17.30300 6.92700 13.24500 14.37400 6.80500
146.00000 -9.77600 -9.50100 -11.39300 -12.88900 -15.34000 1.74000 8.10800 6.22600 1.40400 -0.94600 23.01000 17.79200 3.99800 10.31500 11.44400 5.34100
147.00000 -20.03000 -15.36100 -3.58100 -13.86500 -13.38700 -9.49100 8.59600 7.20200 -0.06100 -0.94600 21.54500 19.74500 2.53300 8.85000 11.44400 6.80500
148.00000 -25.88900 -21.70800 4.23200 -10.44700 -9.96900 -17.79200 9.08400 8.17900 -0.54900 -0.45800 20.56900 21.21000 2.53300 8.36200 12.90900 9.24700
149.00000 -24.91300 -23.66100 5.69700 -4.58800 -6.55100 -16.32700 10.06100 9.64400 -0.06100 -0.94600 19.59200 21.69800 2.53300 8.36200 14.86200 9.73500
150.00000 -19.05300 -19.75500 0.32600 1.76000 -3.13300 -5.09600 10.54900 10.62000 0.91600 -0.45800 18.61600 20.72100 2.04500 6.89700 14.37400 7.29400
151.00000 -14.17000 -11.94300 -6.51000 5.66600 -1.66800 6.62200 10.06100 11.10800 2.38000 0.51900 17.15100 17.79200 1.06800 3.96700 10.46800 1.92300
152.00000 -13.19400 -5.10700 -9.44000 5.66600 -0.20300 8.08700 9.08400 11.10800 4.33300 1.98400 14.70900 14.37400 0.09200 0.54900 5.58500 -3.93700
153.00000 -16.12300 -4.13000 -6.51000 3.22500 -0.69200 -2.16700 7.13100 10.13200 4.82200 1.98400 12.26800 11.44400 -0.88500 -2.86900 1.19000 -7.35500
154.00000 -16.12300 -8.03600 -1.62800 0.29500 -2.15700 -16.32700 4.20100 9.64400 4.82200 -0.94600 9.33800 9.97900 -0.88500 -5.79800 -1.25100 -7.84300
155.00000 -10.26400 -14.38400 0.32600 -1.65800 -4.59800 -23.65100 2.24800 9.64400 3.35700 -6.80500 7.87400 9.97900 -1.37300 -8.24000 -2.71600 -7.35500
156.00000 -0.98700 -18.77800 -2.60400 -3.12300 -7.52800 -18.76800 0.29500 9.64400 2.38000 -13.15300 7.38500 10.95600 -1.86200 -11.16900 -3.69300 -7.84300
157.00000 4.38400 -20.24300 -9.44000 -6.05300 -9.96900 -7.53800 -1.17000 9.15500 1.40400 -17.05900 8.36200 11.93200 -1.86200 -13.61100 -5.15700 -9.79600
158.00000 -0.98700 -19.26700 -15.29900 -9.47100 -11.92200 -0.21400 -2.14600 7.69000 1.40400 -17.54800 9.33800 12.42100 -0.88500 -14.58700 -5.64600 -12.23800
159.00000 -15.14700 -18.29000 -18.22900 -13.37700 -13.87500 -5.09600 -3.12300 6.22600 1.89200 -14.61800 10.31500 13.39700 0.58000 -14.58700 -4.66900 -12.72600
160.00000 -30.28400 -18.77800 -18.22900 -15.81800 -14.85200 -17.79200 -3.12300 4.76100 2.38000 -10.71200 12.26800 14.86200 3.51000 -12.14600 -1.74000 -9.30800
161.00000 -36.63100 -20.73200 -17.74100 -15.33000 -14.85200 -28.53400 -2.63500 4.27200 2.38000 -8.27000 14.22100 15.83900 6.92700 -8.24000 2.65500 -4.42500
162.00000 -32.23700 -23.66100 -17.25300 -13.86500 -13.87500 -30.48700 -0.19300 5.24900 2.86900 -7.78200 16.66300 17.30300 9.36900 -4.33300 5.09600 0.45800
163.00000 -21.98300 -26.59100 -16.76400 -10.93500 -11.92200 -22.18600 2.24800 6.22600 3.35700 -7.29400 18.12700 18.28000 10.83400 -0.91600 5.58500 2.89900
164.00000 -15.63500 -28.05600 -14.81100 -8.98200 -9.96900 -10.95600 3.71300 6.71400 4.82200 -5.34100 19.10400 17.79200 11.81000 1.03800 3.63200 2.41100
165.00000 -18.07700 -29.03200 -12.37000 -8.00600 -8.01600 -5.09600 3.22500 6.22600 5.31000 -2.41100 18.61600 16.81500 11.81000 2.01400 1.67800 0.45800
166.00000 -26.37700 -28.54400 -9.92800 -8.00600 -8.99300 -7.53800 0.29500 4.76100 4.82200 -0.94600 17.15100 15.35000 11.32200 2.01400 0.21400 -1.49500
167.00000 -31.26000 -26.10300 -10.90500 -8.98200 -11.43400 -15.35000 -2.63500 2.80800 3.35700 -2.89900 15.19800 13.88500 10.34500 1.52600 0.21400 -2.96000
168.00000 -27.84200 -23.17300 -13.34600 -11.42400 -14.85200 -23.16300 -4.10000 2.31900 0.91600 -8.27000 13.24500 12.90900 8.88100 0.54900 0.21400 -4.91300
169.00000 -18.56500 -22.19600 -15.78800 -13.86500 -17.78200 -24.62800 -3.61100 2.80800 -1.03800 -14.61800 11.78000 11.93200 6.92700 0.06100 -0.27500 -7.35500
170.00000 -11.24100 -22.68500 -14.81100 -15.33000 -19.24600 -21.21000 -1.17000 3.29600 -2.50200 -17.54800 11.29200 11.93200 4.97400 -0.42700 -2.71600 -10.28400
171.00000 -12.21700 -24.63800 -10.41700 -15.81800 -18.75800 -15.83900 1.76000 3.78400 -2.01400 -15.59400 11.29200 11.93200 3.99800 -0.42700 -4.18100 -11.26100
172.00000 -20.03000 -26.59100 -5.04600 -14.35300 -16.80500 -11.44400 3.22500 3.29600 -1.03800 -9.73500 11.78000 12.42100 4.48600 0.54900 -3.20400 -9.79600
173.00000 -29.30700 -26.59100 -2.11600 -11.42400 -14.85200 -9.49100 4.20100 2.80800 -0.54900 -4.85200 12.75600 13.39700 4.97400 1.52600 -0.27500 -6.86600
174.00000 -32.72500 -24.63800 -2.60400 -8.49400 -13.87500 -9.00300 4.69000 2.80800 -1.03800 -3.87600 13.73300 14.37400 5.46300 2.50200 3.14300 -2.96000
175.00000 -29.30700 -22.19600 -4.06900 -5.56400 -13.87500 -9.00300 6.64300 4.27200 -2.50200 -6.80500 15.19800 14.86200 4.97400 2.99100 6.07300 -0.03100
176.00000 -22.95900 -20.24300 -3.09200 -4.10000 -14.36400 -9.97900 9.57200 6.22600 -3.47900 -10.71200 16.17400 14.86200 3.02100 2.50200 7.53800 1.43400
177.00000 -18.07700 -20.24300 1.79000 -2.63500 -12.89900 -11.93200 12.50200 7.69000 -4.45600 -12.17700 17.15100 13.88500 1.06800 1.52600 7.53800 2.41100
178.00000 -15.14700 -19.75500 8.13800 -1.17000 -9.48100 -13.39700 14.94300 8.17900 -2.99100 -9.73500 18.12700 12.42100 -0.39700 0.54900 7.05000 2.89900
179.00000 -11.72900 -17.31400 13.02100 1.27200 -5.08600 -13.39700 16.40800 8.66700 -1.03800 -5.34100 18.12700 10.95600 -0.88500 0.06100 7.05000 3.38700
180.00000 -4.40500 -11.94300 14.97400 4.20100 -1.66800 -11.93200 16.40800 8.66700 0.91600 -2.41100 17.63900 9.97900 -0.39700 -0.42700 7.05000 2.89900
181.00000 4.38400 -4.61800 13.50900 6.64300 -0.69200 -9.97900 15.92000 9.64400 1.40400 -3.87600 15.19800 9.00300 0.09200 -2.86900 7.05000 1.43400
182.00000 8.77900 0.26400 11.55600 8.10800 -2.64500 -9.00300 14.94300 11.59700 1.89200 -8.27000 13.24500 8.51400 0.58000 -4.82200 5.58500 -1.00700
183.00000 5.84900 0.26400 10.57900 8.59600 -6.06300 -9.49100 13.47900 13.55000 0.91600 -13.64100 11.29200 8.51400 1.06800 -7.26300 4.12000 -2.96000
184.00000 -2.45200 -4.13000 9.11500 7.13100 -8.99300 -10.95600 12.50200 15.01500 0.42700 -16.08300 10.80300 8.51400 1.06800 -9.21600 3.14300 -4.42500
185.00000 -11.24100 -11.45400 6.18500 5.66600 -10.45700 -10.95600 11.03700 15.01500 -0.06100 -14.61800 11.78000 9.49100 1.06800 -8.72800 2.16700 -5.40200
186.00000 -16.12300 -17.31400 1.79000 3.71300 -10.45700 -9.97900 10.06100 14.52600 0.42700 -11.20000 13.24500 10.95600 1.55600 -7.75100 1.67800 -5.40200
187.00000 -16.61200 -20.73200 -3.09200 1.76000 -9.48100 -9.97900 9.08400 13.55000 1.40400 -7.78200 13.73300 11.44400 2.04500 -6.77500 -0.27500 -6.37800
188.00000 -17.58800 -21.70800 -6.51000 -0.19300 -9.48100 -11.44400 7.13100 12.57300 1.89200 -7.29400 12.75600 11.44400 2.04500 -6.77500 -3.20400 -8.33100
189.00000 -21.00600 -23.17300 -7.97500 -3.61100 -10.94600 -15.35000 5.17800 11.59700 1.89200 -8.75900 10.80300 10.46800 1.55600 -8.24000 -6.13400 -11.26100
190.00000 -26.86600 -27.07900 -8.46400 -6.54100 -12.89900 -20.23300 2.73600 10.13200 1.40400 -11.68800 9.33800 10.46800 0.09200 -10.68100 -8.08700 -14.19100
191.00000 -30.28400 -31.96200 -8.95200 -9.47100 -15.82800 -25.60400 -0.19300 9.15500 -0.06100 -14.13000 8.85000 10.46800 -0.39700 -13.12300 -8.57500 -15.65600
192.00000 -29.30700 -36.35700 -9.44000 -11.42400 -19.24600 -30.48700 -2.14600 7.69000 -1.03800 -16.57100 9.33800 10.95600 -0.88500 -14.09900 -7.59900 -16.14400
193.00000 -24.42400 -36.35700 -9.92800 -11.91200 -22.17600 -34.39300 -3.61100 6.22600 -2.50200 -18.52400 10.31500 11.93200 -0.39700 -13.61100 -6.62200 -16.14400
194.00000 -18.07700 -32.93900 -9.92800 -11.91200 -24.61800 -36.34600 -4.58800 5.24900 -3.96700 -21.45400 10.31500 11.93200 0.09200 -12.14600 -7.11100 -16.14400
195.00000 -15.14700 -27.56800 -10.41700 -11.91200 -26.08200 -35.85800 -4.10000 3.78400 -4.94400 -24.87200 9.82700 11.44400 1.06800 -9.70500 -8.08700 -16.14400
196.00000 -17.10000 -24.15000 -12.37000 -13.37700 -26.08200 -34.88200 -3.61100 1.83100 -5.43200 -27.80200 8.85000 10.95600 2.04500 -6.77500 -10.52900 -16.14400
197.00000 -22.95900 -25.12600 -16.76400 -15.33000 -25.59400 -34.88200 -3.12300 0.36600 -6.40900 -28.29000 7.38500 9.49100 2.04500 -4.33300 -12.48200 -15.16700
198.00000 -30.28400 -30.00900 -21.15900 -17.77100 -26.08200 -36.83500 -2.63500 -0.61000 -7.38500 -26.33700 5.43200 7.05000 2.04500 -3.35700 -13.45800 -13.21400
199.00000 -38.09600 -36.35700 -22.13500 -19.23600 -27.05900 -38.78800 -3.61100 -2.07500 -8.85000 -23.40700 2.50200 4.12000 1.06800 -3.35700 -13.45800 -11.26100
200.00000 -42.97900 -41.23900 -19.20600 -18.26000 -29.01200 -37.81100 -4.10000 -3.05200 -9.82700 -20.96600 0.06100 1.67800 -0.39700 -4.33300 -12.97000 -10.28400
201.00000 -43.46700 -43.19300 -14.32300 -16.30700 -30.47700 -31.95200 -4.58800 -4.02800 -11.29200 -19.50100 -1.89200 -0.27500 -1.37300 -4.82200 -11.99300 -10.77300
202.00000 -39.07300 -42.70400 -10.41700 -12.88900 -30.47700 -25.60400 -4.58800 -4.02800 -11.78000 -18.52400 -2.86900 -0.76300 -2.83800 -4.82200 -11.01700 -10.77300
203.00000 -30.28400 -41.23900 -9.44000 -10.44700 -29.50000 -22.67500 -3.61100 -3.05200 -11.78000 -16.57100 -1.89200 0.21400 -2.83800 -2.86900 -10.04000 -9.79600
204.00000 -20.51800 -38.31000 -11.39300 -8.49400 -27.05900 -26.09300 -1.65800 -1.58700 -11.78000 -13.64100 0.06100 1.67800 -2.83800 -0.42700 -9.06400 -7.84300
205.00000 -12.21700 -32.45000 -11.88200 -8.00600 -23.64100 -32.44000 0.29500 -0.12200 -11.78000 -10.71200 1.52600 3.14300 -2.35000 1.03800 -7.11100 -4.91300
206.00000 -7.33400 -22.68500 -8.95200 -7.51700 -19.24600 -34.88200 1.76000 0.36600 -10.80300 -9.73500 2.99100 3.63200 -1.86200 1.52600 -5.15700 -2.47200
207.00000 -5.38100 -10.47800 -2.11600 -6.54100 -14.85200 -29.02200 2.24800 0.36600 -8.85000 -10.71200 3.47900 3.14300 -1.37300 1.52600 -3.20400 -1.00700
208.00000 -4.89300 -0.71200 4.72000 -4.58800 -9.96900 -16.32700 2.73600 0.36600 -6.40900 -11.68800 2.99100 2.65500 -0.39700 2.01400 -2.22800 -1.49500
209.00000 -4.89300 3.19400 9.11500 -1.17000 -6.06300 -2.16700 3.22500 0.36600 -2.99100 -11.20000 2.50200 2.16700 0.58000 2.99100 -2.22800 -1.98400
210.00000 -4.89300 0.26400 10.09100 3.71300 -3.62100 7.59900 4.20100 2.31900 0.91600 -7.29400 2.99100 1.67800 2.53300 4.45600 -3.20400 -2.47200
211.00000 -4.89300 -5.59500 11.06800 9.08400 -2.15700 9.55200 6.15400 5.24900 3.84500 -1.92300 4.45600 2.16700 3.99800 5.92000 -3.20400 -1.49500
212.00000 -3.42800 -9.50100 13.50900 13.47900 -1.66800 5.64600 9.08400 8.66700 6.28700 2.47200 5.92000 3.63200 6.43900 6.89700 -1.25100 0.45800
213.00000 -0.49800 -9.01300 18.39200 15.92000 -0.69200 -1.67800 12.50200 11.59700 8.24000 4.91300 8.36200 5.58500 9.36900 7.87400 1.67800 3.38700
214.00000 4.87300 -6.57100 21.81000 15.43200 0.28500 -9.49100 15.43200 13.55000 10.19300 5.40200 11.29200 8.02600 11.81000 8.36200 5.09600 5.82900
215.00000 8.77900 -6.57100 18.88000 11.52500 1.26100 -15.83900 16.89700 14.52600 11.16900 3.93700 13.24500 10.46800 14.25200 9.82700 7.05000 7.29400
216.00000 9.26700 -10.47800 9.60300 6.15400 0.77300 -18.76800 15.43200 14.03800 11.65800 1.98400 14.22100 11.44400 14.74000 10.31500 6.07300 6.31700
217.00000 3.89600 -16.33700 -4.06900 -0.19300 -2.15700 -17.30300 10.54900 11.59700 10.68100 -1.43400 13.24500 11.44400 13.27500 9.82700 2.65500 2.89900
218.00000 -5.87000 -19.26700 -14.81100 -5.07600 -6.06300 -12.90900 4.20100 8.17900 7.75100 -6.31700 9.82700 9.49100 9.85700 7.38500 -2.22800 -1.49500
219.00000 -18.07700 -17.31400 -19.20600 -7.51700 -10.45700 -9.00300 -2.14600 4.76100 4.33300 -12.17700 5.92000 7.05000 5.95100 3.47900 -7.11100 -6.37800
220.00000 -28.33000 -12.91900 -16.76400 -8.49400 -12.89900 -9.00300 -6.54100 0.85400 0.91600 -18.03600 2.50200 5.58500 3.02100 -0.91600 -11.01700 -9.79600
221.00000 -34.67800 -11.45400 -11.39300 -8.49400 -14.36400 -14.86200 -8.00600 -1.09900 -1.03800 -20.47700 1.52600 5.09600 1.55600 -3.84500 -11.50500 -10.77300
222.00000 -35.16600 -16.33700 -8.46400 -9.47100 -14.85200 -24.62800 -7.51700 -2.07500 -1.52600 -19.98900 2.99100 6.07300 2.04500 -4.82200 -11.01700 -10.28400
223.00000 -30.77200 -27.56800 -9.92800 -11.91200 -16.31700 -33.90500 -6.54100 -2.07500 -2.01400 -17.54800 4.45600 6.56100 2.53300 -3.84500 -9.55200 -9.30800
224.00000 -22.95900 -38.79800 -15.29900 -15.33000 -19.24600 -39.27600 -7.51700 -1.58700 -2.99100 -16.57100 4.94400 6.07300 3.02100 -1.89200 -8.08700 -8.33100
225.00000 -17.58800 -44.65700 -23.11200 -18.26000 -23.64100 -39.27600 -9.95900 -2.56300 -5.92000 -18.03600 3.96700 5.09600 2.04500 -0.91600 -6.13400 -7.35500
226.00000 -19.05300 -44.65700 -30.92400 -20.70100 -28.03500 -36.83500 -13.37700 -3.54000 -8.85000 -21.45400 2.01400 4.12000 1.06800 -1.40400 -4.66900 -6.37800
227.00000 -29.79500 -42.70400 -38.24900 -22.65400 -31.45300 -34.88200 -17.28300 -5.00500 -11.78000 -24.87200 -0.42700 3.14300 0.09200 -2.38000 -3.69300 -4.42500
228.00000 -44.93200 -43.19300 -44.10800 -24.11900 -33.40700 -35.85800 -20.21300 -6.47000 -12.75600 -25.84800 -1.89200 3.14300 0.09200 -3.84500 -3.20400 -1.98400
229.00000 -56.16300 -49.05200 -46.06100 -27.04900 -34.38300 -39.76400 -21.67800 -7.44600 -12.75600 -25.36000 -2.86900 2.65500 -0.39700 -4.33300 -4.18100 -0.03100
230.00000 -57.13900 -55.40000 -44.59600 -29.00200 -33.89500 -44.15900 -22.16600 -8.91100 -11.78000 -25.36000 -3.35700 2.16700 -1.37300 -3.35700 -5.15700 -0.03100
231.00000 -49.32700 -57.35300 -38.73700 -29.97800 -32.43000 -46.11200 -21.67800 -9.39900 -11.29200 -26.33700 -4.33300 0.70200 -2.35000 -2.38000 -6.13400 -1.49500
232.00000 -39.56100 -51.49300 -32.38900 -29.49000 -30.47700 -44.64700 -21.18900 -9.39900 -11.78000 -27.31300 -4.82200 -0.76300 -3.81500 -1.40400 -6.13400 -4.42500
233.00000 -36.14300 -40.75100 -28.48300 -26.56000 -28.03500 -40.25300 -19.72500 -8.42300 -12.75600 -25.84800 -4.33300 -1.74000 -5.76800 -1.89200 -5.15700 -7.35500
234.00000 -40.04900 -31.47400 -28.48300 -22.65400 -25.59400 -35.85800 -17.28300 -5.98100 -13.24500 -20.96600 -2.38000 -1.74000 -6.74400 -2.38000 -4.18100 -9.30800
235.00000 -44.44400 -28.54400 -30.43600 -17.77100 -22.17600 -32.44000 -12.40000 -2.56300 -11.78000 -13.64100 0.06100 -0.27500 -7.23300 -1.40400 -3.20400 -8.82000
236.00000 -42.97900 -30.00900 -30.92400 -12.88900 -18.27000 -29.51000 -7.02900 0.85400 -8.85000 -7.29400 2.99100 1.19000 -6.74400 1.03800 -2.71600 -6.37800
237.00000 -32.72500 -31.47400 -27.01800 -8.49400 -14.85200 -24.62800 -1.65800 3.78400 -5.43200 -2.41100 6.40900 2.16700 -5.76800 4.94400 -2.22800 -4.42500
238.00000 -18.07700 -27.56800 -17.25300 -4.10000 -11.43400 -15.83900 2.73600 5.24900 -1.52600 -0.45800 8.85000 2.65500 -3.81500 7.87400 -0.76300 -2.47200
239.00000 -6.84600 -18.29000 -5.04600 -0.68200 -8.50400 -5.09600 6.15400 6.22600 2.86900 1.00700 11.29200 3.63200 -0.39700 9.33800 1.67800 -1.00700
240.00000 -1.47500 -9.01300 6.18500 1.76000 -4.59800 2.22800 8.59600 6.71400 7.75100 3.93700 13.73300 5.09600 3.51000 9.82700 4.12000 -0.03100
241.00000 -0.49800 -5.10700 12.04400 3.71300 0.28500 3.69300 11.52500 7.69000 13.12300 8.33100 16.17400 7.05000 8.39200 10.80300 5.58500 1.43400
242.00000 0.47800 -7.54800 11.06800 4.20100 5.65600 0.76300 13.96700 9.15500 18.00500 12.72600 18.61600 9.97900 12.78700 13.24500 6.56100 3.38700
243.00000 2.92000 -10.47800 5.69700 4.69000 9.56200 -0.70200 16.89700 11.10800 21.91200 15.16700 21.05700 12.42100 16.20500 17.15100 7.53800 6.31700
244.00000 4.87300 -8.03600 0.81400 5.17800 11.02700 3.20400 19.33800 12.57300 23.37600 15.16700 23.98700 15.35000 19.13500 21.05700 9.49100 7.78200
245.00000 3.89600 0.75300 -0.16300 6.15400 9.07400 10.52900 20.80300 14.52600 22.88800 14.67900 26.42800 17.30300 20.59900 22.52200 11.44400 7.78200
246.00000 -0.01000 10.51800 4.23200 6.64300 4.67900 13.45800 21.77900 15.50300 21.42300 13.21400 27.40500 18.28000 20.59900 22.03400 12.42100 7.29400
247.00000 -3.91600 11.00700 10.09100 5.17800 -0.20300 7.59900 20.80300 15.50300 18.98200 10.77300 26.42800 16.81500 19.13500 19.10400 10.46800 6.80500
248.00000 -7.82300 -0.22400 13.02100 1.27200 -5.57500 -6.56100 17.87300 14.03800 15.56400 6.86600 22.52200 13.88500 16.69300 15.19800 6.07300 6.31700
249.00000 -12.21700 -19.75500 9.60300 -3.61100 -9.48100 -20.72100 12.99000 10.62000 11.16900 1.00700 17.15100 9.97900 12.78700 11.29200 0.21400 5.34100
250.00000 -20.51800 -37.33300 0.32600 -8.98200 -13.38700 -29.51000 7.13100 7.20200 6.77500 -4.36400 11.78000 7.05000 8.39200 7.38500 -4.18100 2.41100
251.00000 -31.74800 -44.65700 -10.41700 -12.88900 -17.29300 -30.48700 2.73600 4.76100 1.89200 -8.27000 9.82700 5.58500 4.48600 3.47900 -5.64600 -1.98400
252.00000 -40.53800 -41.23900 -17.74100 -15.33000 -20.71100 -29.02200 1.27200 3.78400 -2.01400 -9.73500 10.80300 6.07300 2.04500 0.06100 -5.15700 -6.86600
253.00000 -39.56100 -32.93900 -18.22900 -16.30700 -23.15300 -28.53400 2.73600 3.78400 -4.94400 -9.73500 14.22100 7.53800 0.58000 -1.40400 -4.18100 -10.28400
254.00000 -30.28400 -28.54400 -15.29900 -17.28300 -24.12900 -28.04600 5.66600 5.24900 -6.89700 -10.71200 17.15100 9.97900 0.09200 -0.91600 -4.18100 -11.26100
255.00000 -20.51800 -31.96200 -12.37000 -18.26000 -25.59400 -26.09300 7.61900 5.73700 -8.85000 -13.64100 18.61600 10.95600 -0.39700 0.54900 -5.15700 -9.30800
256.00000 -19.54100 -41.23900 -12.85800 -19.72500 -27.54700 -22.67500 8.10800 6.22600 -11.29200 -17.54800 18.61600 11.44400 -1.37300 1.52600 -5.15700 -7.35500
