1.00000 -0.66100 1.62800 5.42200 1.39400 -1.20000 -0.46800 7.51700 4.37400 -2.57400 -2.53300 9.92800 5.58500 -2.39100 -9.01300 6.44900 2.14600
2.00000 -3.10300 -0.81400 3.46900 -0.07100 -2.17700 -1.44400 5.56400 4.37400 -3.55000 -4.97400 8.95200 5.58500 -3.36700 -10.47800 6.44900 1.65800
3.00000 -5.54400 -3.25500 0.05100 -1.53600 -2.66500 -2.90900 4.58800 3.88600 -4.03800 -7.41600 8.95200 6.56100 -4.34400 -10.96600 6.93800 1.17000
4.00000 -7.49700 -5.20800 -2.87900 -2.51300 -3.15300 -4.37400 4.10000 3.88600 -4.03800 -8.39200 11.39300 8.51400 -3.85500 -9.98900 9.37900 1.17000
5.00000 -8.96200 -6.18500 -5.80900 -3.00100 -3.15300 -5.35100 5.07600 4.86200 -3.55000 -7.90400 14.81100 10.95600 -2.87900 -7.06000 12.30900 1.65800
6.00000 -7.98500 -5.69700 -6.29700 -3.48900 -3.15300 -6.32700 6.05300 5.35100 -2.57400 -5.95100 17.74100 12.42100 -0.43700 -2.17700 14.26200 3.12300
7.00000 -6.03200 -4.72000 -4.83200 -3.00100 -3.15300 -6.81600 6.54100 6.32700 -2.08500 -3.99800 19.20600 13.39700 1.51600 3.19400 14.75000 4.58800
8.00000 -3.10300 -2.76700 -1.41400 -2.51300 -2.66500 -5.83900 6.54100 6.32700 -1.10900 -2.04500 18.22900 12.42100 2.98100 7.58900 13.77400 5.56400
9.00000 -1.14900 -1.30200 0.53900 -2.02400 -2.17700 -3.39800 6.05300 6.32700 -0.62100 -0.09200 16.76400 10.46800 3.46900 11.00700 12.30900 6.05300
10.00000 -0.17300 -0.32600 1.02700 -2.02400 -2.17700 -0.46800 5.56400 5.83900 -1.10900 0.39700 14.81100 8.51400 3.95700 12.47200 10.35600 7.02900
11.00000 -1.14900 -0.32600 -1.41400 -2.51300 -2.17700 0.99700 4.58800 4.86200 -1.10900 0.88500 13.34600 6.56100 4.44500 13.93600 8.89100 8.00600
12.00000 -2.12600 -1.30200 -3.85500 -3.00100 -3.15300 -0.46800 3.61100 4.37400 -1.59700 1.37300 10.90500 5.09600 5.42200 14.91300 7.42600 9.47100
13.00000 -3.10300 -3.25500 -5.32000 -3.97700 -4.61800 -3.88600 2.14600 2.90900 -3.06200 0.39700 7.48700 3.63200 6.39900 14.91300 5.96100 11.42400
14.00000 -4.56700 -6.18500 -4.83200 -4.95400 -6.57100 -8.76900 -0.29500 0.95600 -5.01500 -1.55600 4.06900 2.16700 6.88700 13.93600 5.47300 12.88900
15.00000 -5.54400 -8.62600 -2.87900 -4.95400 -8.03600 -12.67500 -2.24800 -0.99700 -6.48000 -4.48600 2.11600 1.19000 6.88700 11.98300 5.47300 14.35300
16.00000 -6.52100 -10.09100 -2.87900 -5.44200 -9.01300 -14.62800 -3.22500 -1.97300 -7.94500 -7.90400 2.60400 1.19000 5.91000 9.05400 6.44900 14.84200
17.00000 -7.00900 -10.09100 -3.36700 -5.44200 -9.50100 -14.14000 -1.76000 -2.46200 -8.92100 -10.34500 5.53400 1.67800 3.95700 5.63600 7.91400 13.86500
18.00000 -6.52100 -9.11500 -4.34400 -5.44200 -9.98900 -13.16300 1.17000 -1.97300 -8.92100 -11.32200 8.46400 2.16700 1.51600 2.21800 8.89100 11.42400
19.00000 -5.05600 -7.65000 -3.36700 -5.93100 -9.98900 -12.67500 4.58800 -1.48500 -8.43300 -11.81000 10.41700 1.67800 -0.92600 -0.71200 8.40300 8.00600
20.00000 -3.10300 -6.18500 0.53900 -5.93100 -9.50100 -12.67500 7.51700 -0.99700 -7.45600 -11.81000 10.41700 0.70200 -3.36700 -3.15300 6.93800 4.58800
21.00000 -2.12600 -5.69700 3.95700 -5.93100 -9.01300 -13.16300 9.47100 -0.50900 -6.48000 -11.81000 9.92800 -0.27500 -5.80900 -5.10700 4.98500 0.68200
22.00000 -2.61400 -5.69700 5.91000 -5.44200 -8.52500 -13.16300 9.95900 -0.02000 -5.50300 -11.32200 9.92800 0.21400 -6.78500 -6.57100 4.00800 -1.76000
23.00000 -4.07900 -6.67300 3.95700 -4.46600 -7.54800 -12.18700 9.47100 0.46800 -4.52700 -11.32200 11.39300 2.16700 -6.78500 -7.06000 4.00800 -3.22500
24.00000 -6.03200 -7.16100 -0.43700 -3.97700 -6.57100 -11.21000 8.49400 2.42100 -3.55000 -10.34500 13.83500 5.09600 -5.32000 -7.06000 5.47300 -2.73600
25.00000 -7.00900 -7.65000 -3.85500 -3.48900 -5.59500 -10.23400 8.00600 4.37400 -2.57400 -9.36900 16.27600 8.51400 -2.39100 -5.10700 8.40300 -0.29500
26.00000 -7.49700 -8.13800 -3.85500 -3.00100 -5.10700 -9.25700 7.51700 6.32700 -2.08500 -7.41600 17.25300 12.42100 1.51600 -1.68900 12.79700 4.10000
27.00000 -7.98500 -8.62600 -0.43700 -2.02400 -5.10700 -8.28000 7.51700 7.79200 -1.10900 -5.95100 17.74100 15.35000 5.42200 3.19400 16.70300 9.47100
28.00000 -8.47400 -9.11500 3.95700 -1.04800 -5.10700 -8.28000 7.51700 8.76900 -0.13200 -4.48600 18.71700 17.30300 8.35200 8.56500 20.12100 14.35300
29.00000 -8.96200 -9.60300 6.88700 0.41700 -5.10700 -8.28000 8.49400 9.25700 0.35600 -3.51000 20.67100 18.28000 10.30500 12.47200 21.58600 17.28300
30.00000 -8.47400 -10.09100 5.91000 0.90500 -4.61800 -9.25700 8.98200 9.25700 0.35600 -2.53300 22.13500 18.28000 10.79300 14.91300 22.07400 17.77100
31.00000 -7.49700 -10.09100 1.51600 1.39400 -4.61800 -9.74500 9.47100 9.74500 0.84400 -1.06800 24.08900 18.76800 11.28100 16.37800 20.61000 16.30700
32.00000 -6.52100 -9.60300 -2.39100 0.41700 -3.64200 -9.25700 9.47100 10.23400 0.35600 0.39700 25.06500 18.76800 11.77000 17.35400 19.63300 15.33000
33.00000 -6.03200 -8.62600 -5.32000 -0.55900 -2.66500 -7.79200 8.98200 9.74500 1.33300 2.35000 25.06500 19.25700 12.25800 18.33100 18.65600 13.86500
34.00000 -7.00900 -8.13800 -6.29700 -1.53600 -2.17700 -6.81600 8.00600 9.25700 2.30900 3.32600 24.57700 19.25700 13.23400 19.30700 18.16800 13.37700
35.00000 -8.47400 -8.13800 -7.27300 -3.00100 -2.17700 -6.32700 6.54100 7.79200 3.28600 2.83800 23.11200 18.28000 13.23400 18.81900 17.68000 13.37700
36.00000 -9.45000 -9.11500 -8.73800 -3.97700 -2.17700 -6.32700 5.07600 6.32700 3.77400 1.86200 22.13500 16.81500 13.23400 16.86600 16.21500 13.37700
37.00000 -9.93900 -9.60300 -10.20300 -3.48900 -2.17700 -6.32700 4.58800 5.35100 3.28600 -0.58000 20.67100 15.35000 11.77000 13.44800 14.26200 11.91200
38.00000 -8.96200 -9.11500 -9.71500 -2.51300 -2.17700 -6.32700 4.58800 4.86200 2.30900 -2.04500 19.20600 13.39700 9.81600 10.03000 12.79700 10.44700
39.00000 -6.52100 -7.65000 -7.27300 -0.55900 -1.68900 -4.86200 4.58800 4.86200 0.84400 -3.02100 17.74100 12.90900 7.86300 7.10000 11.82000 9.47100
40.00000 -3.59100 -5.69700 -3.85500 1.39400 -1.20000 -4.37400 4.58800 5.35100 -1.10900 -4.48600 16.27600 12.42100 5.42200 4.65900 12.30900 9.47100
41.00000 -1.14900 -3.74300 -1.90200 2.85800 -1.20000 -5.35100 4.10000 5.35100 -3.55000 -5.95100 15.29900 11.93200 3.46900 2.70600 12.79700 9.47100
42.00000 -1.14900 -3.74300 -2.39100 2.37000 -3.15300 -7.79200 2.14600 4.86200 -6.48000 -8.88100 14.81100 10.95600 1.02700 1.24100 14.26200 9.95900
43.00000 -2.12600 -5.69700 -5.32000 0.90500 -5.59500 -11.21000 0.68200 4.37400 -9.41000 -13.27500 14.32300 9.49100 -0.92600 -0.22400 14.26200 9.95900
44.00000 -4.56700 -8.13800 -7.76200 -1.53600 -9.01300 -14.14000 0.19300 3.39800 -12.33900 -17.67000 13.83500 8.02600 -3.36700 -2.17700 14.26200 8.98200
45.00000 -6.03200 -10.09100 -6.78500 -3.00100 -11.45400 -16.09300 1.17000 2.42100 -14.29200 -20.59900 13.34600 7.05000 -4.83200 -4.13000 13.77400 8.49400
46.00000 -6.52100 -11.06800 -2.87900 -3.48900 -12.43100 -16.09300 3.12300 1.93300 -15.26900 -21.57600 13.83500 7.05000 -4.83200 -5.10700 14.26200 8.49400
47.00000 -6.03200 -10.57900 2.98100 -3.00100 -12.43100 -15.11600 6.54100 1.93300 -14.29200 -19.62300 14.81100 7.53800 -3.85500 -4.61800 15.72700 9.95900
48.00000 -4.56700 -8.62600 7.37500 -1.53600 -11.45400 -12.18700 9.47100 1.44400 -11.85100 -14.74000 17.25300 9.00300 -1.41400 -2.66500 18.65600 12.40000
49.00000 -3.10300 -6.18500 8.35200 -1.04800 -9.01300 -8.28000 11.91200 0.95600 -8.43300 -8.39200 20.18200 10.46800 1.51600 0.26400 22.56300 14.35300
50.00000 -0.66100 -2.76700 7.37500 0.41700 -5.59500 -3.39800 14.35300 0.95600 -4.52700 -2.04500 23.11200 11.93200 3.46900 4.17100 25.00400 16.30700
51.00000 2.26800 0.16300 6.39900 1.39400 -1.68900 0.99700 15.81800 1.44400 -1.10900 4.30300 25.55300 12.90900 4.93400 7.10000 26.46900 16.30700
52.00000 4.22200 2.11600 6.88700 2.37000 0.75300 4.41500 17.28300 2.42100 1.82100 8.69800 27.50700 12.90900 5.42200 8.56500 25.49200 14.35300
53.00000 5.19800 3.58100 8.84000 2.85800 2.21800 6.85600 18.26000 3.39800 4.26200 11.62700 27.50700 13.39700 5.42200 9.54200 24.02800 12.88900
54.00000 5.19800 3.58100 9.81600 2.85800 2.21800 7.83300 18.26000 4.86200 5.72700 13.09200 26.53000 12.90900 5.91000 10.51800 22.07400 11.91200
55.00000 2.75700 3.09200 9.32800 2.37000 2.21800 8.32100 17.28300 5.35100 7.68000 14.06900 24.57700 12.42100 7.37500 12.47200 21.09800 12.40000
56.00000 0.80400 2.11600 6.39900 1.39400 2.70600 9.29800 15.33000 5.35100 9.63300 15.04500 23.11200 11.93200 9.32800 15.40100 20.61000 14.35300
57.00000 -0.17300 1.62800 3.95700 0.90500 3.19400 10.27400 13.86500 5.35100 11.09800 16.02200 22.62400 11.93200 11.77000 18.81900 21.09800 17.28300
58.00000 0.80400 2.60400 3.95700 2.37000 4.65900 11.25100 13.37700 5.35100 12.07500 16.51000 24.08900 13.39700 13.23400 21.26100 22.07400 18.74800
59.00000 3.24500 3.58100 6.88700 4.32300 5.63600 10.76300 14.84200 5.83900 12.07500 16.02200 27.50700 15.35000 13.72300 22.72500 23.05100 19.23600
60.00000 6.17500 6.02200 12.74600 7.74100 6.12400 10.76300 17.77100 7.79200 11.09800 16.02200 31.41300 17.79200 13.72300 23.21400 25.00400 19.72500
61.00000 8.61600 8.46400 16.65200 10.67100 6.12400 10.76300 20.70100 10.23400 10.12200 15.53300 35.80700 20.23300 14.21100 24.19000 26.95700 20.70100
62.00000 10.08100 9.92800 18.11700 13.11200 6.61200 11.73900 22.65400 13.16300 9.63300 14.55700 38.24900 23.16300 15.67600 25.65500 29.39900 22.65400
63.00000 11.05800 10.90500 16.16400 13.11200 7.10000 12.71600 22.65400 15.11600 9.63300 14.06900 39.22500 25.11600 17.14100 27.60800 31.35200 25.58400
64.00000 11.05800 11.39300 13.23400 12.62400 7.58900 12.71600 21.67800 15.60500 9.63300 14.06900 38.73700 26.09300 17.62900 29.56100 32.81700 27.04900
65.00000 11.54600 10.90500 11.77000 11.15900 7.58900 11.73900 20.21300 15.60500 9.14500 13.09200 38.73700 25.60400 17.14100 30.53800 33.30500 27.53700
66.00000 11.05800 9.92800 13.23400 10.67100 7.10000 9.29800 19.72500 15.11600 8.16900 11.62700 38.73700 24.62800 15.18800 30.05000 31.84000 25.58400
67.00000 10.08100 8.95200 16.16400 10.67100 6.61200 8.32100 20.70100 15.11600 6.70400 10.16200 40.20200 24.13900 13.23400 28.58500 30.37500 23.14200
68.00000 9.59300 7.97500 18.11700 12.13600 6.61200 7.83300 23.63100 16.09300 5.23900 8.69800 42.15500 23.16300 11.28100 27.60800 28.91000 21.67800
69.00000 10.08100 8.46400 19.58200 14.08900 7.10000 8.80900 27.04900 17.06900 4.26200 7.23300 44.10800 23.65100 11.28100 28.09700 28.42200 22.16600
70.00000 11.05800 9.92800 19.58200 16.04200 7.58900 10.27400 29.97800 18.53400 3.77400 7.23300 46.06100 25.11600 12.25800 29.07300 29.88700 24.11900
71.00000 13.01100 11.39300 20.07000 17.01900 8.07700 9.78600 32.42000 19.51100 3.28600 7.23300 48.50300 26.58100 13.72300 31.02600 32.81700 28.02500
72.00000 13.98700 12.85800 21.53500 16.53000 7.58900 7.83300 33.39600 19.99900 2.79700 8.20900 50.94400 28.04600 15.67600 32.97900 36.72300 31.44300
73.00000 13.49900 12.85800 22.02400 15.06600 6.12400 5.39100 34.37300 19.02300 2.30900 8.69800 53.38500 29.51000 17.14100 34.44400 40.14100 34.37300
74.00000 12.52200 11.39300 21.04700 13.60100 4.17100 4.41500 33.88500 18.53400 2.30900 9.18600 54.85000 29.99900 18.60600 34.93200 42.09400 35.83800
75.00000 11.54600 9.92800 18.11700 11.15900 2.21800 4.41500 32.90800 17.06900 2.79700 9.67400 54.85000 29.99900 19.09400 34.93200 42.58200 37.30300
76.00000 11.05800 8.95200 15.18800 9.69400 0.75300 5.88000 31.93200 16.09300 2.79700 10.16200 52.89700 29.51000 19.09400 34.44400 41.60600 37.30300
77.00000 10.56900 7.97500 14.21100 8.23000 -0.22400 6.36800 30.46700 15.60500 2.79700 10.65100 50.45600 28.04600 18.11700 33.95600 40.62900 36.32600
78.00000 9.59300 6.99900 14.69900 6.27600 -1.20000 5.39100 29.00200 15.11600 2.79700 10.16200 47.52600 27.06900 17.62900 32.00300 39.65300 35.35000
79.00000 7.64000 5.53400 16.16400 3.83500 -2.66500 2.95000 27.53700 14.14000 1.82100 9.67400 46.06100 26.09300 16.65200 30.05000 38.67600 33.88500
80.00000 4.71000 3.09200 15.18800 0.41700 -3.64200 0.99700 26.07200 12.67500 0.84400 8.20900 44.10800 25.11600 15.67600 28.09700 37.21100 33.39600
81.00000 1.78000 0.65100 10.79300 -3.00100 -4.13000 0.99700 23.63100 11.21000 0.84400 7.72100 42.15500 25.11600 16.16400 27.12000 37.21100 32.90800
82.00000 -0.17300 -0.81400 5.91000 -5.93100 -5.10700 1.97300 21.67800 9.74500 1.33300 8.69800 41.17800 25.60400 17.62900 27.12000 37.69900 34.37300
83.00000 -0.66100 -1.30200 2.98100 -6.41900 -5.10700 4.41500 19.23600 8.76900 2.79700 9.67400 40.20200 26.58100 19.58200 28.58500 39.16400 35.83800
84.00000 -1.14900 -1.30200 2.98100 -5.93100 -5.59500 4.90300 17.77100 7.79200 4.26200 11.13900 39.71400 27.55700 21.53500 30.05000 41.11700 37.79100
85.00000 -1.63800 -1.30200 4.93400 -4.46600 -5.59500 3.92700 15.81800 7.79200 5.23900 12.11500 39.71400 28.04600 22.02400 31.02600 42.58200 38.27900
86.00000 -3.10300 -1.79000 5.91000 -3.48900 -6.08300 1.48500 13.86500 7.30400 5.23900 11.62700 39.22500 28.04600 22.51200 31.02600 42.58200 38.76700
87.00000 -5.05600 -3.25500 4.93400 -3.48900 -6.08300 0.02000 11.42400 6.81600 4.75100 10.16200 37.76000 27.55700 22.02400 29.56100 41.60600 37.79100
88.00000 -6.03200 -3.74300 2.00400 -4.46600 -6.08300 0.50900 8.98200 6.32700 5.23900 9.18600 35.80700 26.09300 21.04700 28.09700 39.65300 35.83800
89.00000 -5.54400 -4.23200 0.05100 -4.46600 -4.61800 1.97300 8.00600 5.83900 5.23900 8.69800 33.85400 25.11600 20.55900 26.63200 37.69900 33.88500
90.00000 -4.07900 -2.76700 0.05100 -3.97700 -3.64200 3.43800 7.02900 5.83900 5.72700 8.69800 31.90100 23.65100 19.58200 25.65500 35.74600 31.44300
91.00000 -2.61400 -1.79000 1.51600 -2.51300 -2.66500 3.43800 8.00600 5.83900 5.72700 8.69800 30.92400 22.18600 19.09400 25.16700 33.79300 29.49000
92.00000 -2.12600 -1.30200 1.51600 -2.02400 -1.68900 2.46200 9.47100 6.32700 6.21500 8.20900 29.94800 20.72100 18.11700 25.16700 31.84000 27.53700
93.00000 -2.61400 -1.79000 -0.43700 -1.53600 -0.71200 1.48500 9.95900 6.32700 6.21500 6.74400 28.97100 19.25700 17.14100 24.19000 29.39900 25.58400
94.00000 -4.07900 -2.76700 -4.34400 -1.53600 -0.71200 0.50900 9.47100 5.35100 5.72700 3.81500 27.01800 17.30300 16.65200 23.21400 25.98100 24.11900
95.00000 -5.05600 -4.23200 -6.78500 -1.53600 -1.20000 -0.95600 8.49400 5.35100 4.75100 0.88500 25.55300 14.37400 15.67600 21.26100 23.05100 22.16600
96.00000 -6.03200 -5.20800 -6.78500 -0.55900 -1.68900 -2.90900 7.51700 4.86200 3.77400 -2.04500 23.60000 12.90900 14.21100 19.30700 20.61000 20.70100
97.00000 -6.52100 -5.69700 -4.83200 0.41700 -2.66500 -5.35100 7.02900 4.86200 2.30900 -3.51000 22.13500 11.93200 12.74600 17.35400 20.12100 19.72500
98.00000 -6.03200 -5.20800 -2.87900 0.90500 -3.15300 -7.30400 7.02900 5.35100 1.82100 -4.97400 22.62400 12.42100 12.25800 15.88900 21.09800 20.21300
99.00000 -6.03200 -4.23200 -3.36700 1.39400 -3.15300 -7.30400 6.54100 6.32700 1.82100 -4.48600 23.60000 14.37400 12.25800 15.88900 23.53900 21.18900
100.00000 -5.54400 -3.25500 -5.32000 0.90500 -3.15300 -5.83900 6.05300 8.28000 1.82100 -3.51000 25.06500 17.30300 13.23400 16.86600 25.98100 22.65400
101.00000 -5.05600 -2.76700 -6.78500 -0.07100 -3.15300 -3.39800 4.58800 9.74500 2.30900 -1.55600 26.53000 18.76800 13.23400 18.33100 27.44500 23.14200
102.00000 -5.05600 -3.25500 -6.78500 -0.55900 -3.64200 -1.44400 3.61100 11.21000 2.79700 0.88500 27.99500 19.74500 13.23400 18.81900 27.44500 23.14200
103.00000 -5.05600 -4.23200 -5.32000 -1.53600 -4.13000 -0.46800 3.12300 12.18700 3.28600 3.32600 28.48300 20.23300 13.72300 19.30700 26.46900 22.16600
104.00000 -5.54400 -5.20800 -4.34400 -3.00100 -4.13000 -0.95600 3.61100 12.18700 4.26200 5.28000 29.46000 21.21000 14.21100 20.28400 25.98100 22.16600
105.00000 -7.49700 -6.18500 -5.80900 -4.95400 -4.61800 -1.44400 4.10000 12.67500 5.72700 7.23300 30.92400 23.16300 16.65200 22.23700 26.46900 23.14200
106.00000 -9.45000 -6.67300 -8.73800 -7.39500 -5.10700 -1.93300 5.07600 12.67500 7.19200 8.20900 31.90100 25.60400 19.58200 24.19000 27.93400 24.60700
107.00000 -11.40300 -7.65000 -11.66800 -7.88400 -5.59500 -2.42100 6.05300 12.67500 8.16900 8.20900 32.38900 27.06900 21.53500 25.16700 28.42200 25.58400
108.00000 -13.35700 -9.11500 -12.64400 -7.88400 -7.06000 -3.88600 6.54100 13.16300 7.19200 6.25600 31.41300 26.58100 21.04700 24.19000 26.95700 23.63100
109.00000 -14.82100 -11.55600 -10.69100 -6.41900 -9.01300 -7.30400 6.05300 12.67500 4.75100 1.86200 29.46000 24.13900 17.14100 19.79600 23.53900 19.23600
110.00000 -16.28600 -14.48600 -7.27300 -4.95400 -11.45400 -11.21000 5.56400 11.69800 0.84400 -3.02100 26.04200 20.72100 12.25800 14.42500 18.65600 13.86500
111.00000 -17.75100 -16.92700 -5.80900 -4.95400 -13.89600 -14.62800 4.10000 10.23400 -3.55000 -7.90400 22.62400 17.79200 7.37500 8.56500 15.23800 9.95900
112.00000 -19.70400 -19.36800 -6.29700 -4.95400 -16.33700 -17.55800 1.65800 8.28000 -6.96800 -11.81000 20.18200 15.83900 4.93400 4.65900 13.77400 8.49400
113.00000 -20.68100 -20.34500 -9.22600 -5.44200 -18.29000 -19.02300 -0.29500 6.81600 -9.41000 -14.25200 18.22900 14.86200 3.46900 3.19400 14.26200 9.47100
114.00000 -19.21600 -20.34500 -10.69100 -5.44200 -18.77800 -19.02300 -1.27200 6.32700 -10.87400 -15.22800 17.25300 13.88500 2.98100 3.19400 14.26200 10.44700
115.00000 -16.28600 -18.39200 -9.22600 -3.97700 -17.31400 -18.53400 -0.78300 5.35100 -10.87400 -14.74000 17.25300 12.42100 2.00400 3.68200 14.26200 10.44700
116.00000 -10.91500 -14.97400 -3.85500 -2.02400 -14.38400 -16.09300 2.14600 5.35100 -9.89800 -13.27500 17.74100 10.95600 1.51600 4.17100 13.28500 8.98200
117.00000 -5.54400 -10.09100 3.46900 0.41700 -9.50100 -11.69800 7.51700 5.83900 -7.45600 -10.34500 19.69400 10.46800 2.00400 6.12400 13.28500 8.49400
118.00000 -1.14900 -5.69700 9.81600 2.37000 -5.10700 -5.83900 13.86500 6.81600 -3.55000 -5.46300 23.11200 11.93200 4.44500 9.54200 14.75000 9.95900
119.00000 1.78000 -2.27900 12.74600 3.34700 -1.68900 -0.46800 19.72500 7.30400 -0.13200 -1.06800 27.01800 14.37400 8.35200 13.93600 17.68000 13.37700
120.00000 2.26800 -0.81400 11.28100 2.85800 -0.22400 1.97300 23.14200 7.79200 2.30900 2.83800 30.43600 16.32700 11.28100 18.33100 20.61000 16.30700
121.00000 2.26800 -1.30200 6.88700 1.39400 -0.71200 1.97300 24.11900 7.79200 3.77400 4.30300 31.41300 16.81500 12.25800 20.28400 21.58600 17.28300
122.00000 1.78000 -1.79000 3.95700 -1.04800 -2.66500 0.02000 22.65400 6.81600 3.28600 3.81500 29.94800 15.35000 10.30500 18.33100 20.12100 15.33000
123.00000 0.80400 -2.76700 2.98100 -3.48900 -4.61800 -2.42100 20.21300 6.81600 1.82100 1.86200 27.99500 12.90900 7.86300 14.42500 17.68000 11.91200
124.00000 0.31500 -3.74300 5.91000 -4.46600 -6.57100 -4.37400 18.74800 7.79200 0.84400 0.88500 26.04200 11.93200 6.39900 11.49500 16.21500 9.47100
125.00000 -1.14900 -5.69700 10.79300 -4.46600 -9.50100 -6.32700 19.23600 10.23400 -0.13200 0.88500 27.01800 13.39700 6.39900 11.00700 17.19200 10.44700
126.00000 -3.10300 -8.62600 14.21100 -3.00100 -12.43100 -8.28000 21.18900 14.14000 -0.62100 2.83800 28.97100 15.83900 8.35200 12.47200 20.61000 13.37700
127.00000 -5.05600 -12.04400 15.67600 -1.04800 -16.33700 -10.72200 22.65400 17.06900 -1.10900 4.30300 30.92400 18.28000 10.30500 14.91300 24.02800 17.28300
128.00000 -6.52100 -14.48600 13.72300 0.41700 -18.77800 -12.67500 22.65400 18.04600 -1.59700 4.30300 31.90100 19.74500 10.79300 16.37800 26.46900 19.23600
129.00000 -7.49700 -15.95100 10.30500 0.90500 -19.75500 -13.16300 21.67800 17.55800 -1.10900 4.79100 31.41300 20.23300 11.28100 16.37800 27.44500 20.21300
130.00000 -7.98500 -15.46200 7.86300 0.41700 -18.29000 -11.69800 19.72500 16.09300 -0.13200 5.28000 30.92400 20.72100 11.77000 16.37800 27.93400 20.70100
131.00000 -7.49700 -13.50900 5.91000 -1.04800 -14.87200 -8.76900 18.26000 14.62800 1.82100 6.74400 30.92400 22.18600 13.72300 17.35400 29.39900 22.16600
132.00000 -7.00900 -11.06800 4.93400 -3.00100 -10.96600 -5.35100 16.79500 13.16300 3.77400 8.69800 31.90100 23.16300 15.18800 19.30700 30.86300 23.63100
133.00000 -6.03200 -8.62600 2.98100 -5.44200 -7.54800 -2.42100 15.81800 11.21000 6.21500 10.16200 32.38900 23.16300 15.67600 20.77200 30.86300 24.11900
134.00000 -5.54400 -6.18500 0.05100 -7.39500 -4.61800 -0.46800 13.37700 8.28000 7.68000 9.67400 30.92400 20.23300 14.21100 20.28400 27.93400 21.18900
135.00000 -5.05600 -4.23200 -4.34400 -9.34900 -2.17700 0.50900 9.95900 4.86200 8.16900 7.72100 26.53000 15.35000 11.28100 17.35400 22.56300 15.81800
136.00000 -5.05600 -2.76700 -7.76200 -11.30200 -1.20000 0.50900 5.56400 1.44400 7.68000 4.79100 21.15900 10.46800 7.86300 12.96000 16.70300 9.95900
137.00000 -5.54400 -2.76700 -10.69100 -12.27800 -0.71200 -0.46800 1.65800 -0.50900 7.19200 2.83800 16.76400 7.53800 6.88700 11.00700 12.79700 7.02900
138.00000 -5.54400 -3.74300 -12.15600 -13.25500 -1.68900 -2.42100 -1.27200 -0.99700 6.21500 2.35000 15.29900 7.05000 7.86300 11.49500 12.79700 8.49400
139.00000 -5.54400 -4.72000 -13.62100 -13.74300 -3.15300 -4.37400 -2.73600 -0.50900 5.23900 2.83800 15.29900 9.49100 10.30500 14.42500 15.72700 11.91200
140.00000 -6.03200 -6.18500 -14.59800 -14.23100 -4.61800 -5.83900 -2.73600 0.46800 4.26200 4.30300 17.25300 12.42100 13.72300 17.84300 19.63300 17.28300
141.00000 -7.00900 -6.67300 -15.57400 -14.23100 -5.59500 -5.35100 -1.76000 0.46800 3.77400 5.28000 18.71700 14.37400 16.16400 21.26100 23.05100 21.18900
142.00000 -7.98500 -6.67300 -15.57400 -15.20800 -6.08300 -3.39800 -0.29500 0.46800 3.77400 6.25600 20.67100 15.83900 17.62900 23.21400 25.49200 23.63100
143.00000 -9.45000 -7.16100 -13.62100 -15.20800 -6.57100 0.02000 2.14600 -0.02000 3.77400 7.23300 23.11200 16.81500 18.60600 24.19000 26.95700 25.09600
144.00000 -10.42700 -8.13800 -8.73800 -15.20800 -7.54800 1.97300 5.56400 0.46800 3.28600 8.20900 26.04200 18.28000 19.09400 24.67900 29.39900 27.04900
145.00000 -10.42700 -9.11500 -1.90200 -13.74300 -9.01300 2.95000 10.44700 1.44400 2.30900 9.18600 29.94800 19.74500 19.58200 26.14300 32.32800 29.49000
146.00000 -8.47400 -9.11500 4.44500 -10.81300 -10.96600 2.46200 14.35300 3.39800 -0.13200 10.16200 32.87800 20.23300 19.09400 26.63200 34.28100 31.93200
147.00000 -5.54400 -7.65000 8.84000 -6.41900 -11.45400 1.97300 17.28300 4.86200 -2.57400 10.16200 33.36600 18.76800 17.14100 26.14300 34.28100 31.93200
148.00000 -2.61400 -4.72000 10.30500 -2.02400 -10.96600 2.46200 18.26000 5.83900 -4.52700 10.16200 31.41300 15.35000 14.21100 23.70200 32.32800 29.49000
149.00000 0.31500 -1.79000 8.84000 1.88200 -9.50100 3.92700 17.77100 5.83900 -5.99200 9.67400 28.48300 11.93200 10.79300 20.28400 29.88700 25.58400
150.00000 3.24500 0.65100 6.39900 3.83500 -7.54800 3.92700 16.30700 4.86200 -5.99200 8.69800 26.04200 9.00300 7.86300 16.86600 27.44500 21.67800
151.00000 4.71000 2.11600 5.91000 4.32300 -6.08300 2.46200 14.84200 3.39800 -4.52700 7.72100 25.55300 8.51400 7.37500 14.42500 27.44500 20.21300
152.00000 6.66300 3.09200 7.37500 3.34700 -4.61800 -0.46800 13.37700 1.93300 -2.57400 7.23300 26.53000 9.97900 8.84000 14.42500 29.39900 21.18900
153.00000 7.64000 3.58100 9.32800 1.88200 -3.15300 -2.90900 12.40000 0.95600 0.35600 7.23300 28.48300 12.90900 12.74600 16.86600 32.32800 24.60700
154.00000 9.10400 5.53400 10.79300 0.41700 -1.20000 -2.90900 12.40000 0.95600 4.26200 8.69800 30.92400 16.81500 17.14100 21.74900 35.25800 28.51400
155.00000 10.56900 7.48700 10.30500 -0.55900 2.21800 1.48500 13.86500 1.93300 7.68000 12.11500 33.85400 21.21000 22.02400 27.12000 37.69900 31.93200
156.00000 12.52200 10.90500 8.84000 -1.04800 5.14700 7.83300 16.30700 3.88600 11.09800 16.99800 37.27200 25.11600 25.93000 32.97900 40.14100 35.35000
157.00000 15.45200 14.32300 8.84000 -1.53600 8.07700 14.66900 20.70100 6.81600 14.51600 21.88100 41.66700 28.53400 29.34800 38.35000 42.58200 38.76700
158.00000 18.38200 16.76400 10.79300 -1.53600 9.54200 19.55200 24.60700 9.25700 16.46900 26.76400 46.06100 30.97500 31.78900 41.76800 44.53500 41.20900
159.00000 20.33500 18.71700 14.69900 -0.55900 10.03000 22.48100 29.00200 11.21000 17.44600 30.18200 49.47900 32.44000 32.27700 43.72200 45.51200 42.18500
160.00000 20.82300 18.22900 18.60600 -0.07100 9.54200 24.43400 32.42000 12.67500 17.93400 32.62300 51.43200 32.44000 31.78900 43.72200 45.51200 42.18500
161.00000 19.84700 16.76400 20.07000 1.39400 8.56500 25.41100 33.88500 12.67500 17.44600 33.60000 52.89700 31.46400 29.83600 43.72200 44.53500 40.72100
162.00000 17.89300 13.83500 19.58200 2.85800 6.12400 24.43400 34.86100 12.18700 15.98100 32.62300 51.43200 29.51000 26.90600 42.25700 42.58200 38.27900
163.00000 15.45200 10.90500 18.60600 4.32300 3.68200 21.50500 34.86100 11.69800 13.54000 30.67000 49.96700 28.04600 23.00000 39.81500 40.62900 35.35000
164.00000 13.01100 7.48700 18.60600 5.78800 0.75300 17.11000 33.39600 11.69800 10.61000 27.25200 46.06100 26.09300 19.58200 36.88600 38.18800 32.90800
165.00000 11.05800 5.04600 19.58200 7.25300 -1.68900 11.73900 30.95500 11.69800 7.19200 22.36900 42.64300 24.13900 16.16400 32.97900 36.23500 30.95500
166.00000 9.10400 3.58100 21.04700 8.23000 -3.15300 7.34500 28.51400 12.18700 4.26200 17.97500 39.71400 22.18600 14.21100 29.07300 33.79300 29.00200
167.00000 8.61600 4.06900 22.02400 9.69400 -2.66500 6.85600 27.04900 12.18700 2.79700 14.55700 38.73700 20.72100 12.74600 26.63200 32.32800 27.04900
168.00000 10.08100 6.51000 23.00000 10.67100 -0.22400 9.29800 26.56000 12.67500 2.30900 13.58000 39.22500 20.23300 12.25800 25.16700 31.84000 26.56000
169.00000 13.01100 10.41700 23.97700 11.64800 2.70600 13.69200 27.53700 12.67500 3.28600 15.04500 41.17800 20.23300 12.74600 26.14300 33.30500 27.04900
170.00000 16.91700 13.83500 24.46500 11.15900 5.63600 18.08700 28.51400 11.21000 5.72700 17.48700 43.13200 20.72100 14.21100 28.09700 35.74600 29.00200
171.00000 20.33500 16.76400 24.46500 9.69400 7.10000 20.52800 29.00200 9.74500 8.16900 20.90500 43.62000 21.21000 17.14100 31.02600 38.67600 31.44300
172.00000 21.80000 17.25300 22.02400 7.74100 8.07700 21.50500 27.53700 7.30400 10.61000 24.32300 44.10800 21.69800 21.53500 34.44400 41.60600 34.86100
173.00000 20.82300 17.74100 17.62900 4.81200 8.07700 21.50500 24.60700 4.86200 13.05100 27.74000 44.10800 21.69800 25.93000 38.35000 45.02400 39.25600
174.00000 18.87000 17.25300 12.74600 2.37000 8.07700 21.99300 21.67800 2.90900 15.00400 30.67000 44.10800 22.18600 30.81300 42.74500 47.95300 42.67400
175.00000 17.40500 17.25300 8.84000 -0.55900 7.58900 22.48100 19.72500 1.44400 16.46900 33.11200 44.10800 22.67500 33.74200 46.65100 49.41800 45.60300
176.00000 16.91700 17.74100 6.39900 -3.00100 7.58900 23.94600 17.77100 0.46800 17.44600 35.55300 44.10800 22.18600 35.20700 49.09300 49.90600 46.58000
177.00000 16.42900 18.22900 4.93400 -4.95400 7.58900 25.41100 17.28300 -0.99700 17.44600 36.04100 43.62000 22.18600 34.23100 49.58100 48.44200 46.09200
178.00000 14.96400 17.74100 2.98100 -7.39500 7.58900 26.38800 16.30700 -0.99700 16.95800 35.06500 43.13200 22.67500 32.76600 48.11600 45.51200 43.65000
179.00000 13.49900 16.76400 1.02700 -8.86000 7.58900 25.89900 15.33000 -0.50900 16.46900 33.60000 42.64300 23.65100 30.81300 46.16300 43.07000 40.72100
180.00000 12.03400 15.29900 0.05100 -8.37200 7.10000 23.94600 14.84200 0.95600 15.49300 31.15800 42.64300 24.13900 28.37100 43.23300 40.14100 37.79100
181.00000 11.05800 13.83500 1.02700 -6.41900 7.10000 21.50500 14.84200 3.88600 14.02800 29.20500 42.15500 25.11600 26.41800 40.79200 37.69900 34.86100
182.00000 11.05800 12.37000 4.93400 -2.51300 6.61200 18.57500 16.30700 6.81600 13.54000 27.25200 41.17800 24.13900 23.48800 38.83900 35.25800 31.93200
183.00000 10.56900 10.90500 10.30500 1.88200 5.63600 16.62200 17.77100 9.74500 12.56300 25.78700 39.22500 22.67500 21.04700 35.42100 32.32800 29.00200
184.00000 9.59300 8.46400 15.67600 5.78800 3.68200 15.15700 20.70100 11.21000 10.61000 23.34600 37.76000 21.21000 18.11700 32.00300 29.88700 26.07200
185.00000 7.64000 5.53400 20.07000 9.20600 1.72900 13.69200 23.63100 12.67500 8.65700 20.41600 36.29600 19.25700 15.67600 28.58500 28.42200 24.11900
186.00000 6.17500 3.09200 23.48800 11.15900 0.26400 12.22700 27.04900 13.65200 6.21500 17.48700 35.80700 19.25700 13.72300 25.16700 27.93400 22.65400
187.00000 5.19800 1.62800 25.93000 12.62400 -0.22400 11.25100 30.46700 14.62800 4.26200 15.04500 36.78400 19.25700 12.25800 22.72500 28.91000 22.16600
188.00000 6.66300 2.60400 27.39500 13.11200 -0.22400 11.25100 33.88500 15.11600 2.79700 13.58000 38.24900 19.25700 10.30500 21.26100 29.88700 22.65400
189.00000 9.59300 6.02200 28.37100 13.60100 1.72900 12.22700 36.32600 15.60500 2.30900 14.06900 41.17800 19.25700 9.81600 21.26100 31.84000 23.14200
190.00000 13.98700 9.92800 28.37100 14.08900 3.19400 14.66900 38.76700 15.60500 2.79700 15.53300 45.08500 20.23300 10.30500 22.72500 33.30500 24.11900
191.00000 17.89300 14.32300 28.37100 13.60100 5.14700 17.59800 40.23200 15.60500 3.28600 17.48700 48.50300 21.69800 11.77000 25.16700 36.23500 26.56000
192.00000 21.31100 17.25300 27.39500 13.60100 6.12400 19.06300 41.69700 15.11600 4.26200 19.44000 51.43200 24.13900 15.18800 27.60800 38.67600 29.49000
193.00000 22.77600 18.71700 27.39500 12.62400 6.61200 19.55200 42.18500 15.11600 4.75100 20.41600 52.40900 26.09300 18.11700 30.53800 41.11700 32.42000
194.00000 22.77600 18.71700 26.90600 10.67100 6.61200 18.57500 41.20900 14.14000 5.72700 21.39300 51.43200 27.06900 20.55900 32.00300 41.11700 34.37300
195.00000 21.31100 17.74100 25.44100 8.71800 7.10000 17.11000 38.27900 12.67500 6.70400 21.39300 48.50300 26.09300 22.02400 32.97900 39.65300 33.88500
196.00000 18.87000 16.27600 22.51200 6.27600 7.58900 16.13400 34.37300 10.23400 8.16900 20.90500 45.08500 23.65100 22.51200 32.97900 35.74600 32.90800
197.00000 16.91700 15.29900 17.14100 4.32300 7.58900 15.15700 29.00200 8.28000 9.14500 20.41600 41.17800 22.18600 23.00000 32.97900 32.81700 31.44300
198.00000 14.96400 14.32300 11.77000 1.88200 7.58900 15.64500 24.60700 6.81600 10.12200 19.92800 39.22500 22.18600 23.97700 33.46800 32.32800 30.95500
199.00000 13.49900 13.34600 6.39900 -0.07100 6.61200 14.66900 21.18900 5.83900 9.63300 19.44000 38.24900 23.16300 25.44100 34.44400 34.28100 32.42000
200.00000 12.52200 12.37000 2.49200 -1.04800 5.63600 13.69200 18.74800 5.83900 9.63300 19.44000 38.73700 25.11600 26.90600 36.39700 37.69900 34.86100
201.00000 12.03400 11.39300 0.05100 -1.53600 4.65900 12.22700 17.28300 5.83900 9.14500 19.92800 39.22500 26.09300 28.37100 38.83900 40.62900 37.30300
202.00000 12.03400 10.90500 -0.43700 -0.55900 4.17100 11.25100 16.79500 5.83900 10.12200 20.41600 39.22500 26.09300 29.83600 40.79200 42.09400 38.76700
203.00000 12.52200 10.90500 0.05100 0.90500 4.17100 11.25100 16.79500 6.32700 11.09800 20.90500 40.20200 26.09300 30.81300 42.25700 42.58200 39.25600
204.00000 13.01100 11.39300 1.02700 2.37000 4.65900 10.27400 16.79500 6.81600 12.07500 21.39300 40.20200 26.09300 30.32400 42.74500 41.60600 39.25600
205.00000 12.52200 11.39300 0.53900 2.37000 4.65900 9.78600 16.79500 7.30400 12.56300 20.90500 39.71400 25.60400 29.83600 42.25700 40.62900 38.27900
206.00000 11.54600 10.41700 -1.41400 1.39400 4.17100 8.32100 15.81800 7.30400 11.09800 18.95100 37.76000 25.11600 27.88300 39.81500 39.16400 36.32600
207.00000 8.12800 8.95200 -4.34400 -0.55900 3.68200 6.85600 14.35300 7.30400 9.63300 16.51000 35.31900 23.16300 24.95300 35.90900 36.72300 32.90800
208.00000 6.17500 6.99900 -5.80900 -1.04800 3.68200 6.36800 12.88900 6.81600 7.68000 13.58000 32.38900 20.23300 21.53500 31.02600 32.81700 29.00200
209.00000 4.22200 6.02200 -4.34400 0.41700 4.17100 6.36800 11.91200 6.32700 6.21500 11.13900 29.46000 17.30300 17.62900 25.65500 28.42200 24.11900
210.00000 3.24500 6.02200 -0.43700 2.37000 5.63600 6.36800 12.88900 7.30400 5.72700 9.18600 27.01800 14.86200 13.72300 20.77200 23.53900 19.72500
211.00000 3.24500 6.02200 3.95700 4.81200 7.10000 6.36800 14.35300 8.28000 5.23900 7.72100 26.04200 13.39700 10.30500 16.37800 19.14500 15.33000
212.00000 2.26800 6.02200 5.42200 5.78800 7.10000 4.90300 15.81800 9.25700 4.75100 6.74400 25.06500 12.42100 7.86300 13.44800 16.21500 12.88900
213.00000 1.29200 5.04600 3.95700 5.30000 5.63600 2.95000 17.28300 10.72200 4.75100 6.25600 25.55300 11.93200 6.39900 11.49500 14.75000 11.42400
214.00000 -0.17300 3.58100 0.53900 3.34700 3.19400 1.48500 18.26000 10.72200 4.26200 5.76800 27.01800 12.42100 6.88700 11.00700 15.72700 11.42400
215.00000 -1.63800 1.62800 -1.41400 1.39400 0.75300 0.50900 19.23600 11.21000 4.26200 5.76800 29.46000 13.88500 8.84000 12.47200 18.65600 14.35300
216.00000 -1.14900 1.13900 -0.92600 0.41700 -1.20000 0.50900 21.18900 11.21000 5.23900 6.74400 33.85400 17.30300 12.25800 15.88900 23.05100 19.23600
217.00000 0.31500 1.62800 2.98100 0.41700 -1.20000 0.99700 24.11900 11.21000 6.21500 8.20900 38.24900 20.23300 16.65200 20.28400 28.42200 25.09600
218.00000 2.26800 3.09200 6.88700 0.90500 -0.22400 1.48500 26.56000 11.21000 8.16900 10.65100 42.15500 22.67500 20.55900 25.16700 32.81700 29.97800
219.00000 4.71000 4.55700 9.32800 0.90500 1.24100 2.46200 28.02500 10.72200 10.61000 13.09200 44.59600 24.62800 23.48800 29.56100 35.74600 33.39600
220.00000 6.17500 6.02200 8.84000 0.41700 2.70600 3.92700 28.51400 10.23400 12.56300 16.02200 45.08500 25.60400 24.95300 32.97900 37.69900 34.37300
221.00000 7.64000 7.48700 7.86300 -0.55900 4.17100 6.36800 27.53700 9.25700 13.54000 17.97500 44.59600 26.09300 25.44100 35.42100 37.69900 33.88500
222.00000 8.61600 8.46400 6.39900 -2.02400 4.65900 8.80900 25.58400 8.76900 14.02800 19.44000 42.64300 25.11600 24.95300 36.39700 36.23500 32.90800
223.00000 8.61600 8.95200 5.91000 -2.51300 5.63600 10.27400 23.63100 8.28000 13.54000 19.44000 39.22500 23.16300 23.97700 36.39700 33.79300 30.95500
224.00000 9.10400 8.95200 5.91000 -3.00100 6.12400 10.76300 21.18900 7.30400 12.56300 18.46300 34.34200 20.23300 22.51200 35.90900 29.39900 29.00200
225.00000 8.61600 8.46400 5.42200 -3.48900 6.12400 10.27400 17.77100 5.83900 11.58700 16.99800 28.97100 16.32700 20.55900 33.95600 24.51600 26.56000
226.00000 7.15100 7.48700 2.98100 -3.97700 5.63600 8.80900 14.84200 3.88600 10.61000 15.04500 23.60000 13.39700 18.60600 31.51400 19.63300 23.63100
227.00000 5.19800 6.51000 -1.90200 -5.44200 4.17100 7.34500 11.42400 2.42100 11.09800 13.58000 19.69400 10.95600 17.14100 29.07300 16.70300 21.18900
228.00000 2.26800 5.04600 -7.27300 -6.90700 2.70600 5.88000 8.98200 1.44400 11.09800 14.06900 18.71700 10.95600 16.65200 27.60800 16.21500 20.21300
229.00000 -0.17300 4.06900 -11.66800 -7.88400 1.24100 5.39100 7.02900 0.95600 11.58700 14.55700 19.20600 11.93200 17.62900 26.63200 18.65600 21.67800
230.00000 -1.63800 3.09200 -12.64400 -8.37200 0.26400 5.39100 5.56400 1.44400 11.58700 14.55700 20.18200 13.39700 18.11700 26.14300 22.07400 23.14200
231.00000 -2.61400 2.11600 -10.20300 -8.37200 -0.71200 5.39100 4.10000 1.44400 10.61000 14.06900 21.15900 14.86200 17.14100 24.19000 24.51600 24.11900
232.00000 -4.07900 0.65100 -7.27300 -8.86000 -1.68900 4.41500 2.14600 1.44400 9.63300 11.62700 21.15900 15.35000 15.67600 21.74900 26.46900 23.14200
233.00000 -5.54400 -1.79000 -6.29700 -9.83700 -2.17700 2.95000 -0.78300 0.95600 8.16900 8.20900 20.67100 14.86200 13.23400 17.84300 27.44500 21.18900
234.00000 -7.00900 -4.23200 -8.25000 -10.32500 -2.66500 0.50900 -2.73600 -0.02000 6.70400 5.76800 22.13500 15.35000 11.77000 15.40100 28.91000 19.72500
235.00000 -8.47400 -5.20800 -12.64400 -10.81300 -2.17700 -1.44400 -4.20100 -0.02000 6.70400 4.30300 24.57700 16.32700 11.28100 14.42500 30.86300 19.23600
236.00000 -8.47400 -4.23200 -15.57400 -9.83700 -1.20000 -1.44400 -3.22500 -0.02000 7.19200 5.28000 27.01800 17.79200 13.23400 15.88900 32.81700 20.70100
237.00000 -7.00900 -2.27900 -16.06200 -8.86000 0.75300 0.50900 -1.27200 0.46800 8.16900 6.74400 28.97100 18.28000 14.69900 18.33100 33.30500 22.16600
238.00000 -5.05600 0.16300 -14.10900 -7.39500 2.21800 3.43800 0.68200 0.95600 9.14500 8.69800 28.97100 18.28000 16.16400 20.77200 31.84000 24.11900
239.00000 -3.10300 1.62800 -13.13300 -7.39500 2.70600 5.39100 1.65800 0.46800 9.63300 10.16200 27.01800 16.81500 17.14100 23.21400 29.39900 25.09600
240.00000 -1.63800 1.62800 -13.13300 -7.88400 2.70600 6.36800 2.14600 -0.50900 9.63300 11.13900 24.08900 14.86200 17.62900 23.70200 25.98100 25.09600
241.00000 -0.17300 1.62800 -14.59800 -8.37200 2.21800 5.39100 2.14600 -0.99700 9.63300 12.11500 22.13500 13.39700 17.14100 24.19000 23.05100 25.58400
242.00000 1.29200 3.09200 -15.08600 -8.37200 2.70600 5.88000 3.61100 -0.99700 10.12200 12.60400 21.64700 12.42100 16.65200 24.19000 20.61000 25.09600
243.00000 2.75700 6.02200 -12.64400 -6.41900 4.17100 7.34500 6.05300 0.46800 10.61000 14.06900 22.62400 11.93200 15.67600 24.67900 18.65600 24.11900
244.00000 4.71000 9.44000 -8.73800 -3.97700 5.63600 10.27400 9.47100 2.42100 10.61000 14.55700 24.08900 11.93200 14.69900 24.67900 16.70300 22.65400
245.00000 6.17500 11.88200 -4.83200 -2.02400 7.10000 13.20400 13.37700 4.37400 11.09800 14.55700 26.53000 11.93200 14.21100 24.19000 15.72700 21.18900
246.00000 7.64000 12.37000 -1.90200 -0.07100 7.58900 15.15700 15.81800 5.35100 11.09800 14.55700 27.99500 12.42100 13.72300 24.19000 16.21500 19.72500
247.00000 9.10400 12.37000 -0.92600 -0.07100 8.07700 15.15700 17.28300 4.86200 11.09800 14.06900 29.46000 12.42100 13.72300 24.19000 16.70300 18.26000
248.00000 10.56900 11.88200 0.53900 0.41700 8.07700 13.69200 18.26000 4.37400 11.58700 13.58000 30.43600 11.93200 12.74600 23.70200 16.70300 15.81800
249.00000 12.03400 12.37000 2.98100 0.41700 8.07700 11.73900 18.74800 3.88600 11.58700 13.09200 31.41300 11.44400 11.28100 22.23700 15.72700 12.40000
250.00000 13.01100 13.34600 6.39900 1.39400 8.07700 10.76300 19.72500 5.35100 11.09800 12.11500 32.38900 11.44400 9.32800 20.28400 15.23800 8.98200
251.00000 13.49900 13.83500 8.35200 1.88200 7.58900 10.27400 21.67800 6.81600 10.12200 11.13900 33.85400 12.90900 8.35200 17.84300 15.23800 7.02900
252.00000 13.49900 14.32300 8.35200 2.37000 7.58900 10.76300 23.14200 8.76900 9.63300 11.13900 35.31900 15.83900 8.35200 16.86600 17.68000 7.51700
253.00000 13.98700 14.81100 7.37500 1.88200 7.58900 13.20400 23.63100 9.25700 10.12200 12.60400 36.78400 19.25700 10.30500 17.35400 21.58600 9.95900
254.00000 14.47600 14.81100 7.86300 1.39400 8.07700 16.62200 23.14200 9.25700 11.58700 15.04500 37.76000 21.21000 11.77000 18.81900 25.49200 13.37700
255.00000 14.96400 15.78800 9.81600 1.39400 8.56500 19.06300 22.65400 8.28000 13.54000 17.97500 37.76000 21.69800 12.74600 19.79600 27.93400 15.81800
256.00000 14.96400 16.27600 12.25800 0.90500 8.07700 21.01600 22.16600 6.81600 14.02800 19.44000 36.78400 20.72100 12.25800 19.30700 28.42200 15.81800
