1.00000 6.44900 6.15400 5.68600 2.99100 0.48800 -0.55900 2.56300 1.01700 -2.78700 -2.26800 -2.29900 0.26400 -0.16300 -0.09200 -0.51900 0.77300
2.00000 4.00800 6.64300 4.22200 2.50200 -0.48800 0.41700 3.05200 1.01700 -2.78700 -1.78000 -1.81100 0.26400 0.32600 0.39700 -0.03100 1.26100
3.00000 4.00800 7.61900 4.71000 2.99100 -0.97700 1.88200 4.02800 1.50600 -3.27600 -0.80400 -1.32200 1.24100 0.32600 0.39700 0.45800 1.75000
4.00000 4.49600 6.64300 5.68600 3.96700 -0.97700 1.39400 4.51700 1.99400 -3.76400 -0.31500 -0.34600 1.72900 0.32600 0.88500 0.45800 1.75000
5.00000 5.47300 3.71300 7.15100 4.94400 -1.46500 -0.55900 5.00500 1.99400 -3.76400 -1.29200 -0.34600 2.21800 0.32600 1.86200 -0.03100 1.26100
6.00000 5.96100 0.78300 8.61600 5.43200 -2.93000 -3.97700 5.49300 2.97000 -4.25200 -2.26800 -0.34600 1.72900 -0.16300 2.35000 -1.00700 0.28500
7.00000 6.44900 -0.68200 9.59300 5.43200 -3.90600 -4.95400 5.00500 2.97000 -4.25200 -3.24500 -1.32200 1.24100 -1.13900 1.86200 -2.47200 -0.69200
8.00000 6.93800 0.78300 10.08100 5.43200 -3.90600 -3.00100 4.51700 2.97000 -4.25200 -2.75700 -2.29900 -0.22400 -2.11600 0.88500 -3.44800 -2.15700
9.00000 7.42600 4.20100 10.08100 5.43200 -1.95300 1.39400 3.54000 2.48200 -3.27600 -0.80400 -3.76400 -1.68900 -3.09200 -0.09200 -4.42500 -2.64500
10.00000 7.91400 7.61900 10.56900 5.43200 0.97700 4.81200 3.05200 1.50600 -2.78700 1.63800 -4.74000 -3.15300 -3.58100 -1.06800 -4.91300 -2.64500
11.00000 8.89100 9.08400 11.54600 5.92000 3.41800 5.30000 3.05200 1.01700 -2.29900 3.10300 -5.22900 -4.13000 -4.06900 -1.55600 -5.40200 -3.13300
12.00000 9.86700 7.61900 13.01100 6.40900 3.90600 2.85800 3.54000 0.52900 -1.81100 2.61400 -4.74000 -4.13000 -4.55700 -2.04500 -5.89000 -4.11000
13.00000 12.30900 6.15400 14.96400 7.38500 2.93000 -0.07100 4.51700 1.01700 -2.29900 1.14900 -3.76400 -4.13000 -5.53400 -2.53300 -6.37800 -5.57500
14.00000 14.75000 5.66600 16.91700 8.36200 1.46500 -1.53600 5.49300 1.99400 -3.27600 -0.80400 -2.29900 -3.15300 -6.99900 -3.02100 -6.37800 -6.55100
15.00000 16.70300 7.13100 17.40500 9.33800 0.97700 -0.55900 5.98100 2.48200 -3.27600 -2.26800 -1.32200 -3.15300 -7.97500 -2.53300 -5.89000 -6.55100
16.00000 15.72700 9.57200 16.91700 9.33800 1.95300 2.37000 6.47000 2.48200 -3.76400 -2.26800 -0.83400 -2.66500 -7.97500 -1.55600 -4.91300 -5.57500
17.00000 12.30900 10.54900 15.45200 8.85000 2.93000 3.83500 6.95800 1.99400 -2.78700 -1.29200 -0.34600 -3.15300 -7.48700 -0.09200 -3.93700 -3.62100
18.00000 8.89100 9.08400 13.49900 7.87400 3.41800 2.85800 6.95800 1.50600 -2.29900 0.17300 0.14200 -3.64200 -6.02200 0.88500 -3.44800 -1.66800
19.00000 6.44900 6.15400 12.52200 6.89700 2.93000 0.90500 6.95800 1.01700 -1.81100 1.14900 0.14200 -4.13000 -5.04600 0.88500 -2.47200 -0.69200
20.00000 6.93800 3.71300 12.03400 5.92000 1.46500 -0.55900 6.95800 0.52900 -1.81100 2.12600 0.14200 -4.13000 -4.55700 0.39700 -2.47200 -0.69200
21.00000 8.89100 3.22500 12.03400 5.43200 0.48800 -0.55900 5.98100 0.52900 -1.81100 2.12600 -0.83400 -4.61800 -4.55700 -0.58000 -1.98400 -1.18000
22.00000 11.33200 5.17800 12.52200 4.94400 0.48800 1.39400 5.00500 1.01700 -1.81100 2.12600 -1.32200 -4.13000 -4.55700 -0.58000 -1.98400 -1.66800
23.00000 11.33200 8.10800 13.01100 5.43200 0.48800 3.34700 4.02800 1.50600 -2.29900 1.14900 -0.83400 -3.15300 -4.55700 -0.58000 -1.49500 -1.66800
24.00000 9.37900 9.08400 13.49900 5.92000 0.00000 3.34700 4.51700 2.48200 -2.78700 0.17300 0.14200 -1.68900 -3.58100 0.39700 -0.51900 -0.20300
25.00000 7.42600 7.13100 13.98700 6.40900 -0.97700 1.39400 6.47000 3.45900 -2.78700 -1.29200 2.09600 -0.22400 -2.11600 0.39700 0.45800 1.75000
26.00000 6.44900 3.22500 14.47600 7.38500 -2.44100 -2.02400 7.93500 3.94700 -3.27600 -1.78000 3.56000 1.24100 -1.13900 -0.09200 1.92300 3.70300
27.00000 7.42600 0.29500 14.47600 7.87400 -3.41800 -3.97700 8.91100 3.94700 -3.76400 -2.26800 3.56000 0.75300 -0.65100 -1.06800 2.89900 4.67900
28.00000 8.89100 -0.68200 13.98700 7.38500 -2.93000 -4.46600 8.42300 3.94700 -3.76400 -2.75700 3.07200 0.26400 -1.62800 -2.04500 3.87600 5.16800
29.00000 9.86700 1.27200 13.49900 7.38500 -1.95300 -3.00100 6.95800 3.45900 -4.25200 -3.73300 2.09600 -0.22400 -2.11600 -2.53300 3.87600 5.16800
30.00000 8.89100 3.71300 12.03400 7.38500 -1.46500 -1.53600 5.00500 3.45900 -4.74000 -4.22200 2.09600 0.26400 -3.09200 -2.04500 4.85200 5.16800
31.00000 7.42600 4.69000 11.54600 7.38500 -1.46500 -1.53600 4.51700 3.45900 -5.22900 -4.71000 2.58400 0.75300 -3.09200 -1.06800 5.34100 5.16800
32.00000 6.93800 4.20100 11.54600 7.38500 -1.95300 -2.02400 5.98100 3.94700 -4.74000 -4.22200 4.04900 1.72900 -2.11600 -0.58000 6.31700 4.67900
33.00000 7.91400 3.22500 12.03400 7.38500 -2.44100 -2.51300 8.42300 3.94700 -4.25200 -3.73300 5.02500 2.70600 -2.11600 -0.58000 6.80500 5.16800
34.00000 9.37900 2.73600 13.01100 6.89700 -2.93000 -2.51300 9.88800 4.43500 -4.25200 -3.24500 6.00200 2.21800 -2.11600 -0.58000 7.78200 5.65600
35.00000 9.86700 2.73600 13.01100 5.92000 -2.93000 -2.51300 9.39900 3.94700 -4.74000 -3.73300 6.49000 2.21800 -2.60400 -0.58000 8.75900 6.63200
36.00000 8.40300 2.73600 12.03400 4.94400 -2.93000 -3.48900 7.44600 3.94700 -5.22900 -4.22200 6.49000 1.72900 -3.09200 -0.09200 9.24700 7.60900
37.00000 4.98500 1.27200 10.08100 3.96700 -3.41800 -4.95400 5.00500 3.45900 -5.22900 -5.19800 6.00200 1.24100 -3.58100 -0.09200 8.75900 8.09700
38.00000 2.54300 -0.68200 7.64000 3.47900 -3.90600 -6.41900 3.54000 2.48200 -4.74000 -5.19800 4.53700 0.75300 -4.06900 0.39700 7.29400 7.12100
39.00000 1.56700 -1.65800 6.66300 2.50200 -4.39500 -6.41900 2.56300 1.50600 -4.25200 -3.73300 2.58400 0.26400 -4.06900 0.39700 5.34100 5.16800
40.00000 3.03100 -1.17000 7.15100 2.99100 -3.90600 -3.97700 3.05200 0.52900 -4.25200 -2.26800 1.11900 -0.71200 -4.55700 0.88500 3.87600 3.21500
41.00000 4.98500 1.76000 8.12800 2.99100 -2.93000 -1.04800 3.54000 0.04100 -3.76400 -0.31500 1.11900 -0.71200 -4.55700 1.86200 2.89900 1.75000
42.00000 6.93800 3.71300 9.10400 3.96700 -1.95300 1.39400 3.54000 0.04100 -3.27600 0.17300 2.09600 -0.71200 -4.55700 3.32600 2.89900 1.75000
43.00000 6.44900 3.71300 8.61600 4.45600 -1.46500 1.39400 3.54000 1.01700 -3.27600 -0.31500 4.04900 -0.71200 -4.55700 3.81500 3.38700 2.23800
44.00000 4.98500 1.76000 7.64000 3.96700 -1.95300 -0.55900 4.02800 1.50600 -3.27600 -0.80400 5.51400 -0.22400 -4.55700 2.83800 3.38700 1.75000
45.00000 3.52000 -0.19300 6.66300 2.99100 -2.93000 -3.00100 4.02800 1.99400 -3.76400 -1.78000 6.49000 0.26400 -5.04600 0.88500 2.89900 0.77300
46.00000 3.03100 -1.17000 6.17500 1.03800 -4.39500 -4.46600 4.02800 1.99400 -3.76400 -2.75700 6.00200 0.75300 -5.53400 -1.06800 1.92300 -0.69200
47.00000 3.03100 -1.17000 5.68600 -0.42700 -5.37100 -4.46600 3.54000 1.50600 -4.74000 -3.73300 5.51400 0.75300 -6.51000 -3.02100 1.43400 -1.66800
48.00000 2.54300 -1.17000 5.19800 -0.91600 -5.85900 -4.95400 2.07500 1.50600 -5.22900 -5.19800 4.53700 1.24100 -6.51000 -3.51000 0.94600 -1.18000
49.00000 1.07800 -2.63500 3.24500 -1.40400 -5.85900 -5.44200 0.12200 1.01700 -5.22900 -6.66300 4.04900 1.24100 -6.02200 -3.51000 0.94600 -0.69200
50.00000 -1.85100 -4.10000 0.80400 -1.40400 -5.85900 -6.41900 -1.83100 0.52900 -4.74000 -7.15100 3.07200 1.24100 -5.04600 -3.02100 0.94600 0.28500
51.00000 -4.29300 -5.56400 -2.12600 -1.89200 -5.85900 -7.39500 -2.31900 0.04100 -3.76400 -6.66300 2.09600 0.75300 -4.55700 -2.53300 0.94600 0.28500
52.00000 -4.29300 -5.56400 -3.10300 -2.38000 -5.85900 -7.39500 -2.31900 -0.93600 -2.78700 -5.68600 1.11900 0.26400 -3.58100 -1.55600 0.45800 -0.69200
53.00000 -3.31600 -5.07600 -2.61400 -2.38000 -5.85900 -7.39500 -2.31900 -1.91200 -2.78700 -5.19800 -0.83400 -0.71200 -3.09200 -0.58000 -0.51900 -1.18000
54.00000 -2.82800 -5.07600 -1.63800 -2.86900 -5.37100 -8.37200 -2.31900 -1.91200 -3.27600 -5.19800 -1.81100 -1.68900 -3.09200 -0.58000 -1.00700 -1.18000
55.00000 -3.31600 -6.05300 -0.66100 -3.35700 -5.85900 -10.32500 -3.29600 -1.91200 -3.76400 -6.17500 -2.78700 -1.68900 -3.58100 -1.55600 -1.00700 -0.69200
56.00000 -5.75800 -8.49400 -0.66100 -4.33300 -6.83600 -12.27800 -5.24900 -1.91200 -4.74000 -8.12800 -2.78700 -2.17700 -3.58100 -3.51000 -1.49500 -0.20300
57.00000 -8.68700 -10.93500 -2.12600 -5.31000 -7.81200 -13.74300 -6.22600 -1.42400 -5.22900 -9.10400 -2.78700 -1.68900 -4.06900 -5.95100 -1.00700 -0.20300
58.00000 -10.64000 -12.88900 -4.07900 -6.77500 -9.27700 -13.25500 -5.73700 -0.93600 -5.22900 -9.59300 -2.29900 -1.20000 -4.06900 -7.41600 -1.00700 -0.69200
59.00000 -11.12900 -13.86500 -5.54400 -7.26300 -9.76600 -11.79000 -4.76100 -0.93600 -5.22900 -9.59300 -1.81100 -0.22400 -3.58100 -6.92700 -0.51900 -0.69200
60.00000 -10.15200 -14.84200 -6.03200 -7.26300 -9.76600 -10.81300 -4.27200 -0.93600 -5.22900 -9.10400 -2.29900 -0.22400 -3.09200 -5.95100 -0.51900 -0.20300
61.00000 -10.15200 -15.81800 -6.03200 -6.28700 -10.25400 -10.81300 -4.27200 -0.93600 -5.22900 -9.10400 -2.78700 -0.22400 -2.60400 -5.46300 -0.51900 0.28500
62.00000 -10.64000 -16.30700 -5.54400 -5.31000 -10.25400 -12.27800 -5.24900 -0.93600 -5.71700 -9.10400 -3.27600 -0.22400 -2.60400 -5.95100 -1.00700 0.28500
63.00000 -12.10500 -15.81800 -5.05600 -4.82200 -10.25400 -13.25500 -6.71400 -0.44800 -5.22900 -9.59300 -4.25200 -0.71200 -2.60400 -7.41600 -1.00700 -0.20300
64.00000 -13.08200 -13.86500 -5.05600 -5.31000 -9.76600 -13.74300 -7.20200 -0.93600 -5.22900 -9.59300 -4.74000 -1.20000 -3.09200 -9.36900 -1.49500 -1.18000
65.00000 -13.08200 -11.91200 -5.54400 -6.77500 -9.76600 -13.74300 -7.69000 -0.93600 -5.22900 -10.08100 -5.71700 -1.68900 -3.58100 -9.85700 -1.00700 -1.66800
66.00000 -13.08200 -11.42400 -6.52100 -7.75100 -9.76600 -13.25500 -7.20200 -1.42400 -5.22900 -10.56900 -6.20500 -1.68900 -3.58100 -8.88100 -1.00700 -1.18000
67.00000 -12.10500 -13.37700 -7.49700 -8.72800 -9.76600 -13.74300 -6.71400 -1.91200 -5.22900 -11.54600 -7.18200 -2.17700 -3.58100 -7.41600 -1.00700 -0.69200
68.00000 -12.10500 -16.30700 -7.98500 -8.24000 -10.74200 -14.23100 -6.22600 -2.40100 -5.71700 -12.52200 -7.67000 -1.68900 -3.09200 -7.41600 -1.49500 -0.20300
69.00000 -12.59400 -18.26000 -7.98500 -7.75100 -11.71900 -15.20800 -5.73700 -2.40100 -6.20500 -13.49900 -8.15800 -1.20000 -3.58100 -7.90400 -1.98400 -1.18000
70.00000 -13.08200 -18.74800 -7.49700 -7.26300 -12.20700 -15.20800 -5.24900 -1.42400 -6.69400 -13.01100 -8.15800 -0.71200 -4.06900 -8.88100 -2.96000 -2.64500
71.00000 -13.08200 -17.28300 -7.49700 -6.28700 -12.20700 -15.20800 -5.24900 -0.93600 -6.69400 -13.01100 -8.15800 -0.71200 -4.55700 -9.85700 -3.44800 -4.11000
72.00000 -12.59400 -14.84200 -7.00900 -5.31000 -11.23000 -14.23100 -5.73700 -0.44800 -6.69400 -12.52200 -8.64700 -1.20000 -5.04600 -10.34500 -3.93700 -5.57500
73.00000 -11.61700 -12.88900 -6.52100 -5.31000 -10.74200 -13.25500 -6.22600 -0.44800 -6.69400 -12.52200 -9.13500 -1.68900 -5.53400 -10.34500 -4.91300 -6.55100
74.00000 -11.61700 -12.88900 -6.03200 -4.82200 -10.25400 -12.76700 -6.22600 -0.93600 -6.69400 -12.03400 -9.13500 -2.17700 -6.02200 -11.81000 -5.40200 -7.03900
75.00000 -12.10500 -14.35300 -5.05600 -4.33300 -10.25400 -14.23100 -5.73700 -1.42400 -6.69400 -12.52200 -9.13500 -2.17700 -6.99900 -13.27500 -5.89000 -7.52800
76.00000 -13.08200 -16.30700 -4.56700 -4.33300 -10.74200 -16.67300 -4.76100 -0.93600 -6.69400 -12.52200 -8.64700 -2.17700 -7.48700 -15.22800 -5.89000 -7.03900
77.00000 -13.08200 -17.28300 -4.07900 -4.82200 -11.23000 -19.60200 -4.76100 -0.44800 -7.18200 -13.98700 -8.15800 -2.17700 -7.97500 -16.20500 -5.89000 -7.03900
78.00000 -12.10500 -17.28300 -4.56700 -5.31000 -12.20700 -21.55600 -4.76100 0.04100 -7.18200 -14.96400 -7.67000 -2.17700 -7.97500 -15.71700 -5.89000 -7.03900
79.00000 -9.17600 -16.30700 -5.05600 -5.31000 -12.69500 -21.06700 -5.73700 0.52900 -7.67000 -15.94000 -7.67000 -2.66500 -7.48700 -14.74000 -5.89000 -7.03900
80.00000 -6.73400 -15.33000 -5.05600 -4.82200 -12.69500 -18.13800 -6.71400 0.52900 -7.67000 -15.45200 -8.15800 -2.66500 -7.48700 -13.27500 -5.89000 -7.03900
81.00000 -5.75800 -14.84200 -4.56700 -3.35700 -12.20700 -14.72000 -6.71400 0.04100 -7.67000 -13.98700 -7.67000 -2.17700 -6.99900 -13.27500 -4.91300 -6.55100
82.00000 -6.73400 -14.35300 -4.07900 -2.38000 -11.71900 -11.30200 -6.22600 -0.44800 -7.18200 -12.03400 -6.69400 -1.20000 -6.51000 -13.76300 -3.93700 -6.06300
83.00000 -8.19900 -12.88900 -3.59100 -1.40400 -10.74200 -9.83700 -5.24900 -0.93600 -6.69400 -10.08100 -5.71700 -0.71200 -6.51000 -14.25200 -2.47200 -4.59800
84.00000 -9.17600 -11.42400 -3.59100 -1.40400 -9.76600 -9.83700 -4.27200 -1.42400 -6.69400 -9.59300 -4.74000 -0.71200 -6.02200 -13.76300 -1.98400 -4.59800
85.00000 -8.19900 -9.47100 -4.56700 -2.38000 -9.27700 -11.79000 -4.76100 -1.42400 -6.69400 -10.56900 -5.22900 -1.20000 -6.51000 -13.76300 -1.98400 -4.59800
86.00000 -7.22200 -8.00600 -6.03200 -3.35700 -9.27700 -13.25500 -6.22600 -1.42400 -6.69400 -12.52200 -6.69400 -2.17700 -6.99900 -13.76300 -2.47200 -5.57500
87.00000 -7.22200 -8.98200 -7.49700 -4.33300 -9.76600 -15.20800 -7.69000 -1.91200 -7.18200 -13.98700 -7.18200 -2.17700 -7.48700 -14.74000 -3.44800 -7.03900
88.00000 -8.19900 -10.93500 -7.98500 -5.31000 -11.23000 -16.18400 -8.66700 -1.42400 -7.18200 -14.47600 -6.69400 -1.68900 -7.48700 -14.74000 -3.44800 -7.52800
89.00000 -10.15200 -13.86500 -7.98500 -5.79800 -12.69500 -17.64900 -8.17900 -0.93600 -7.67000 -14.47600 -5.71700 -0.22400 -7.48700 -15.22800 -2.47200 -7.52800
90.00000 -11.61700 -17.28300 -7.49700 -5.79800 -14.16000 -18.62600 -6.71400 0.04100 -8.15800 -14.47600 -4.74000 0.26400 -6.99900 -15.22800 -1.49500 -7.03900
91.00000 -13.08200 -19.23600 -6.52100 -5.79800 -15.13700 -20.09100 -5.24900 0.52900 -8.64700 -14.47600 -4.25200 0.75300 -6.99900 -15.71700 -1.00700 -7.03900
92.00000 -14.05800 -21.18900 -6.52100 -5.31000 -15.62500 -22.53200 -4.76100 0.52900 -8.64700 -15.94000 -4.74000 0.75300 -6.99900 -16.20500 -1.00700 -7.03900
93.00000 -15.03500 -22.65400 -7.00900 -4.82200 -16.60200 -24.97400 -4.76100 1.01700 -9.62300 -18.38200 -5.71700 0.75300 -6.99900 -16.69300 -1.00700 -7.03900
94.00000 -16.50000 -24.11900 -7.98500 -4.82200 -17.57800 -27.90300 -5.24900 1.01700 -10.11100 -21.80000 -6.20500 0.75300 -7.48700 -17.67000 -1.49500 -7.03900
95.00000 -16.98800 -24.60700 -8.96200 -5.31000 -18.55500 -30.34500 -5.73700 1.50600 -11.08800 -23.75300 -5.71700 1.24100 -7.48700 -18.15800 -1.98400 -7.52800
96.00000 -16.50000 -25.09600 -9.45000 -5.31000 -18.55500 -31.32100 -6.22600 1.50600 -11.57600 -24.72900 -5.71700 1.24100 -7.97500 -18.15800 -2.47200 -8.99300
97.00000 -15.03500 -25.09600 -9.45000 -5.31000 -18.55500 -30.83300 -6.71400 1.99400 -12.06500 -23.75300 -5.71700 1.24100 -8.95200 -19.13500 -3.44800 -10.45700
98.00000 -15.52300 -25.58400 -9.45000 -5.31000 -17.57800 -29.36800 -7.20200 1.99400 -11.57600 -22.28800 -6.20500 0.75300 -9.44000 -20.59900 -3.93700 -11.92200
99.00000 -17.96500 -25.58400 -9.93900 -5.79800 -16.11300 -27.90300 -7.69000 1.50600 -11.08800 -21.31100 -7.18200 0.26400 -9.92800 -21.57600 -3.93700 -12.41000
100.00000 -21.38300 -26.07200 -11.40300 -7.26300 -15.13700 -26.92700 -8.66700 0.52900 -10.11100 -21.31100 -8.15800 0.26400 -9.92800 -21.57600 -3.93700 -11.43400
101.00000 -23.82400 -26.07200 -14.33300 -8.72800 -14.64800 -27.41500 -9.64400 -0.44800 -9.62300 -22.28800 -8.64700 0.75300 -9.44000 -21.08800 -2.96000 -9.48100
102.00000 -23.33600 -25.58400 -16.28600 -10.19300 -14.64800 -28.39200 -10.62000 -1.42400 -9.62300 -24.24100 -9.13500 1.24100 -7.97500 -21.08800 -2.96000 -8.99300
103.00000 -20.40600 -25.09600 -17.26300 -10.68100 -15.13700 -29.36800 -11.59700 -1.42400 -10.11100 -25.70600 -9.62300 1.24100 -7.97500 -21.57600 -3.44800 -9.48100
104.00000 -16.98800 -25.09600 -16.28600 -9.70500 -15.62500 -30.34500 -12.57300 -1.42400 -10.60000 -26.19400 -10.11100 1.24100 -8.95200 -23.04100 -4.91300 -11.43400
105.00000 -16.98800 -26.07200 -15.31000 -9.21600 -15.13700 -30.34500 -13.06200 -0.93600 -10.60000 -26.19400 -10.11100 0.75300 -9.44000 -24.99400 -5.89000 -13.38700
106.00000 -20.40600 -27.04900 -15.79800 -9.70500 -14.64800 -29.85600 -13.06200 -0.93600 -10.11100 -24.72900 -9.62300 0.26400 -9.44000 -25.48200 -6.37800 -13.87500
107.00000 -25.28900 -28.02500 -17.26300 -11.16900 -14.16000 -28.88000 -12.57300 -0.93600 -8.64700 -23.26500 -9.13500 0.26400 -8.95200 -24.01700 -5.40200 -12.41000
108.00000 -28.70700 -27.04900 -19.21600 -12.63400 -13.18400 -26.92700 -12.08500 -1.91200 -7.67000 -21.80000 -8.64700 0.26400 -7.48700 -21.57600 -4.42500 -10.45700
109.00000 -29.19500 -25.58400 -20.19200 -13.12300 -12.69500 -25.95000 -12.08500 -2.40100 -7.18200 -20.82300 -8.64700 -0.22400 -7.48700 -19.62300 -4.42500 -9.96900
110.00000 -26.26500 -24.11900 -19.21600 -12.14600 -12.20700 -24.97400 -12.57300 -2.88900 -6.69400 -20.33500 -9.13500 -0.71200 -7.48700 -18.64600 -5.40200 -9.96900
111.00000 -21.87100 -23.14200 -17.26300 -10.19300 -11.23000 -23.50900 -13.06200 -2.40100 -6.20500 -20.33500 -9.62300 -1.20000 -7.97500 -19.13500 -6.37800 -10.94600
112.00000 -18.94100 -23.63100 -15.31000 -8.72800 -11.23000 -22.53200 -13.55000 -2.40100 -6.69400 -20.33500 -9.62300 -1.20000 -7.97500 -19.13500 -6.86600 -11.43400
113.00000 -17.96500 -24.11900 -14.33300 -8.72800 -10.74200 -21.55600 -13.55000 -1.91200 -6.69400 -19.84700 -9.13500 -0.71200 -7.48700 -18.64600 -6.86600 -10.94600
114.00000 -18.94100 -24.11900 -14.82100 -10.19300 -10.74200 -21.55600 -12.57300 -1.42400 -6.20500 -18.87000 -7.67000 0.26400 -6.51000 -17.18100 -5.40200 -8.99300
115.00000 -19.91800 -24.11900 -15.31000 -11.65800 -11.23000 -21.55600 -11.59700 -1.42400 -6.20500 -17.40500 -6.20500 0.75300 -6.02200 -15.22800 -3.93700 -7.52800
116.00000 -20.89400 -24.11900 -14.82100 -12.14600 -11.71900 -22.04400 -10.13200 -1.42400 -5.71700 -15.45200 -5.22900 1.24100 -5.53400 -14.25200 -2.96000 -6.55100
117.00000 -20.40600 -22.65400 -13.84500 -11.16900 -11.71900 -21.06700 -7.69000 -1.42400 -5.22900 -13.49900 -4.25200 1.72900 -5.04600 -13.76300 -2.47200 -6.55100
118.00000 -18.45300 -21.18900 -12.38000 -9.70500 -10.74200 -19.11400 -5.73700 -0.93600 -5.22900 -12.52200 -3.27600 1.72900 -5.04600 -14.25200 -2.47200 -7.03900
119.00000 -16.98800 -18.74800 -10.42700 -8.24000 -9.76600 -16.67300 -3.78400 -0.44800 -5.22900 -12.52200 -2.29900 2.21800 -5.53400 -14.25200 -1.49500 -7.52800
120.00000 -16.50000 -16.30700 -9.45000 -7.26300 -8.78900 -15.20800 -3.29600 0.04100 -5.71700 -13.01100 -1.32200 2.70600 -5.53400 -14.25200 -1.00700 -7.52800
121.00000 -16.98800 -14.84200 -8.96200 -7.26300 -7.81200 -15.20800 -3.29600 1.01700 -6.20500 -13.49900 -0.83400 3.19400 -5.53400 -12.78700 -0.51900 -7.03900
122.00000 -16.98800 -14.35300 -8.96200 -6.77500 -7.81200 -16.67300 -3.78400 1.01700 -6.69400 -13.01100 -0.83400 3.19400 -6.02200 -12.29900 -0.03100 -7.03900
123.00000 -16.01200 -14.84200 -7.98500 -5.79800 -8.30100 -18.13800 -4.27200 1.50600 -7.18200 -12.52200 -1.32200 3.68200 -6.51000 -12.29900 -0.51900 -6.55100
124.00000 -12.59400 -14.84200 -6.03200 -4.33300 -8.78900 -17.64900 -4.27200 1.50600 -7.18200 -11.54600 -2.29900 3.19400 -6.51000 -12.78700 -0.51900 -6.06300
125.00000 -8.68700 -14.35300 -4.56700 -2.38000 -8.30100 -16.18400 -3.78400 1.01700 -7.18200 -11.54600 -3.76400 2.70600 -6.99900 -13.76300 -0.51900 -6.06300
126.00000 -6.24600 -13.37700 -4.07900 -2.38000 -7.81200 -13.25500 -4.27200 0.52900 -7.18200 -11.54600 -4.74000 2.21800 -7.48700 -14.74000 -1.00700 -6.55100
127.00000 -7.22200 -13.37700 -5.05600 -2.86900 -7.81200 -11.79000 -5.24900 0.52900 -7.18200 -12.52200 -5.22900 1.72900 -7.97500 -15.71700 -1.49500 -7.52800
128.00000 -10.64000 -13.86500 -6.52100 -4.82200 -7.81200 -10.81300 -7.20200 0.52900 -7.67000 -13.49900 -5.22900 1.72900 -8.95200 -16.20500 -1.98400 -8.50400
129.00000 -14.54700 -14.84200 -7.00900 -6.28700 -8.78900 -11.79000 -7.69000 1.01700 -7.67000 -13.98700 -4.25200 2.21800 -8.95200 -16.20500 -1.98400 -9.48100
130.00000 -16.98800 -15.81800 -6.52100 -7.26300 -9.27700 -12.76700 -6.22600 1.50600 -7.67000 -13.98700 -2.29900 3.19400 -8.95200 -15.71700 -1.00700 -8.99300
131.00000 -17.96500 -16.30700 -6.03200 -7.26300 -10.25400 -13.25500 -3.29600 1.99400 -8.15800 -13.49900 0.14200 4.65900 -8.46400 -15.22800 0.45800 -8.01600
132.00000 -16.98800 -16.79500 -5.05600 -7.26300 -11.23000 -13.25500 -0.36600 1.99400 -8.15800 -13.49900 2.09600 5.63600 -7.97500 -14.74000 1.92300 -7.03900
133.00000 -16.01200 -17.28300 -5.05600 -6.77500 -11.71900 -13.25500 1.58700 1.50600 -7.67000 -13.01100 2.58400 5.63600 -7.97500 -15.22800 2.89900 -6.55100
134.00000 -16.01200 -18.74800 -5.54400 -7.26300 -11.71900 -13.74300 1.09900 1.50600 -7.18200 -12.52200 1.60700 4.65900 -8.95200 -15.22800 2.41100 -6.55100
135.00000 -16.01200 -19.23600 -6.03200 -7.26300 -11.71900 -14.23100 -0.85400 1.01700 -6.69400 -12.03400 0.14200 3.68200 -9.44000 -15.71700 1.92300 -7.03900
136.00000 -16.50000 -19.23600 -6.03200 -7.26300 -12.20700 -15.20800 -2.80800 1.50600 -7.18200 -12.52200 -0.83400 2.70600 -9.44000 -15.22800 1.43400 -7.52800
137.00000 -16.50000 -18.74800 -5.54400 -7.26300 -12.69500 -16.18400 -3.78400 1.99400 -7.67000 -13.01100 -1.32200 2.70600 -9.44000 -14.74000 0.94600 -7.52800
138.00000 -16.01200 -18.26000 -5.05600 -7.26300 -12.69500 -15.69600 -3.29600 1.99400 -8.15800 -13.98700 -1.81100 3.19400 -9.44000 -14.74000 0.45800 -7.03900
139.00000 -16.50000 -18.26000 -5.54400 -6.77500 -12.69500 -14.23100 -2.80800 1.99400 -8.15800 -13.98700 -2.29900 3.68200 -8.95200 -14.25200 -0.03100 -7.03900
140.00000 -17.47600 -18.74800 -6.03200 -6.77500 -12.20700 -12.27800 -3.29600 1.50600 -7.67000 -13.01100 -3.27600 3.19400 -8.46400 -14.74000 -1.00700 -7.52800
141.00000 -19.43000 -19.23600 -7.00900 -7.26300 -10.74200 -9.34900 -5.24900 0.52900 -6.69400 -11.54600 -5.22900 1.72900 -7.97500 -14.74000 -1.49500 -7.03900
142.00000 -21.38300 -18.74800 -7.49700 -7.75100 -9.76600 -7.88400 -7.69000 -0.44800 -6.20500 -9.59300 -6.20500 1.24100 -6.99900 -13.76300 -1.00700 -6.06300
143.00000 -21.87100 -17.77100 -7.98500 -8.72800 -9.27700 -7.88400 -9.64400 -0.93600 -5.22900 -9.10400 -6.69400 0.75300 -6.02200 -12.29900 -0.03100 -4.59800
144.00000 -21.38300 -17.77100 -7.98500 -10.19300 -10.74200 -9.83700 -9.15500 -0.93600 -5.71700 -9.59300 -5.22900 1.24100 -5.04600 -10.83400 0.94600 -3.62100
145.00000 -19.43000 -18.74800 -7.49700 -10.19300 -12.20700 -12.27800 -6.71400 -0.93600 -6.69400 -11.05800 -3.27600 2.21800 -5.04600 -9.85700 1.43400 -3.13300
146.00000 -16.98800 -19.72500 -6.52100 -9.70500 -13.67200 -14.23100 -3.78400 0.04100 -7.18200 -12.03400 -1.81100 2.70600 -5.04600 -9.85700 1.43400 -4.11000
147.00000 -15.52300 -20.21300 -6.03200 -8.72800 -14.16000 -14.23100 -0.85400 0.52900 -8.15800 -12.03400 -0.34600 2.70600 -5.04600 -10.34500 0.94600 -5.08600
148.00000 -15.52300 -18.74800 -6.03200 -7.75100 -14.16000 -13.74300 0.12200 1.01700 -7.67000 -11.54600 -0.34600 2.70600 -5.04600 -10.34500 0.94600 -5.57500
149.00000 -16.98800 -17.28300 -6.52100 -7.75100 -14.16000 -12.76700 -0.85400 1.01700 -7.67000 -11.05800 -0.83400 2.70600 -5.04600 -10.83400 0.94600 -5.08600
150.00000 -18.94100 -16.79500 -8.47400 -8.24000 -13.67200 -12.27800 -2.80800 0.52900 -7.67000 -11.05800 -1.32200 2.21800 -5.04600 -10.83400 0.94600 -4.59800
151.00000 -20.40600 -17.28300 -9.93900 -9.21600 -13.18400 -13.25500 -4.27200 0.52900 -7.18200 -11.05800 -2.29900 1.72900 -5.53400 -10.83400 0.45800 -4.11000
152.00000 -20.89400 -19.23600 -9.93900 -9.21600 -12.20700 -14.23100 -4.27200 0.52900 -6.69400 -11.05800 -2.78700 0.75300 -6.02200 -11.32200 -0.51900 -4.59800
153.00000 -20.89400 -21.18900 -8.96200 -8.24000 -10.74200 -14.23100 -3.78400 0.04100 -6.20500 -10.56900 -3.27600 -0.22400 -6.51000 -11.32200 -1.49500 -5.57500
154.00000 -19.91800 -20.70100 -7.49700 -7.26300 -9.76600 -13.25500 -2.80800 0.04100 -5.71700 -9.10400 -3.76400 -0.71200 -7.48700 -10.83400 -2.47200 -6.55100
155.00000 -18.94100 -18.74800 -6.52100 -5.31000 -9.27700 -11.79000 -3.78400 0.04100 -5.71700 -8.12800 -4.74000 -1.20000 -7.48700 -10.83400 -2.96000 -7.52800
156.00000 -16.98800 -16.30700 -7.00900 -5.31000 -9.76600 -9.83700 -5.24900 0.04100 -5.71700 -8.12800 -5.71700 -0.71200 -7.97500 -11.32200 -2.96000 -8.01600
157.00000 -15.52300 -14.84200 -7.98500 -5.79800 -11.23000 -9.34900 -6.71400 0.04100 -6.20500 -9.10400 -5.71700 -0.22400 -7.48700 -11.81000 -2.96000 -8.01600
158.00000 -14.54700 -15.33000 -8.96200 -6.77500 -12.69500 -10.32500 -7.20200 0.04100 -6.69400 -9.59300 -5.71700 0.75300 -6.99900 -11.81000 -2.47200 -7.52800
159.00000 -14.54700 -17.28300 -8.96200 -7.75100 -12.69500 -11.79000 -6.71400 0.04100 -6.20500 -9.59300 -4.25200 1.24100 -6.02200 -10.34500 -1.00700 -6.55100
160.00000 -15.03500 -18.74800 -8.96200 -8.24000 -12.20700 -13.25500 -5.73700 0.04100 -5.71700 -8.12800 -3.27600 1.72900 -4.55700 -7.90400 -0.03100 -5.08600
161.00000 -15.52300 -18.26000 -8.47400 -7.75100 -11.23000 -12.76700 -5.24900 0.04100 -4.74000 -6.17500 -2.78700 2.21800 -3.09200 -5.46300 0.94600 -3.62100
162.00000 -16.01200 -15.81800 -7.98500 -7.26300 -10.74200 -11.79000 -4.76100 -0.44800 -4.25200 -4.71000 -3.27600 1.72900 -2.11600 -4.48600 1.43400 -2.64500
163.00000 -16.01200 -13.37700 -8.47400 -7.26300 -10.25400 -10.81300 -4.76100 -0.44800 -4.25200 -4.22200 -4.25200 0.75300 -2.60400 -5.46300 -0.03100 -3.62100
164.00000 -16.98800 -12.40000 -8.47400 -7.26300 -10.25400 -11.79000 -4.27200 -0.93600 -4.25200 -5.68600 -5.22900 -0.71200 -4.06900 -7.41600 -1.98400 -6.06300
165.00000 -18.45300 -14.84200 -8.96200 -8.24000 -10.25400 -13.74300 -4.27200 -1.42400 -5.22900 -7.64000 -5.71700 -1.68900 -6.02200 -9.85700 -3.93700 -8.50400
166.00000 -19.91800 -17.28300 -9.93900 -8.72800 -9.76600 -16.18400 -4.27200 -0.93600 -5.22900 -9.59300 -5.71700 -1.68900 -6.99900 -11.81000 -4.91300 -9.48100
167.00000 -18.45300 -18.26000 -10.42700 -8.24000 -8.30100 -15.69600 -4.76100 -0.93600 -5.22900 -10.08100 -4.74000 -1.20000 -7.48700 -12.29900 -3.93700 -9.48100
168.00000 -14.05800 -14.84200 -8.96200 -7.26300 -6.34800 -11.79000 -4.27200 -0.93600 -4.74000 -8.12800 -3.76400 -0.71200 -6.99900 -11.81000 -2.47200 -8.01600
169.00000 -8.19900 -8.49400 -6.52100 -5.31000 -4.39500 -4.95400 -3.78400 -0.44800 -3.76400 -5.68600 -2.78700 -0.22400 -6.51000 -10.83400 -0.51900 -6.55100
170.00000 -3.80500 -1.65800 -3.10300 -3.35700 -3.41800 1.39400 -2.31900 0.04100 -3.76400 -2.75700 -1.81100 0.26400 -6.99900 -9.85700 -0.03100 -5.57500
171.00000 -3.80500 0.29500 -1.14900 -2.86900 -4.39500 3.83500 -0.85400 0.04100 -3.76400 -2.26800 -1.81100 0.26400 -6.99900 -9.36900 -0.03100 -6.06300
172.00000 -8.19900 -3.12300 -1.14900 -2.86900 -6.34800 1.39400 -0.36600 1.01700 -3.76400 -3.73300 -2.29900 0.26400 -7.48700 -9.85700 -1.00700 -7.03900
173.00000 -13.08200 -8.98200 -2.61400 -3.84500 -8.78900 -3.97700 -0.85400 1.50600 -4.74000 -6.66300 -2.78700 0.26400 -7.48700 -11.32200 -1.98400 -8.50400
174.00000 -15.52300 -13.86500 -4.56700 -5.31000 -10.25400 -8.86000 -2.31900 1.50600 -5.22900 -8.61600 -3.27600 0.26400 -7.48700 -12.78700 -2.96000 -9.96900
175.00000 -14.54700 -14.84200 -6.03200 -6.28700 -10.74200 -10.32500 -3.78400 1.01700 -5.22900 -9.59300 -4.74000 -0.71200 -7.48700 -14.25200 -3.44800 -10.94600
176.00000 -13.08200 -13.37700 -6.52100 -7.75100 -10.25400 -9.83700 -5.73700 0.04100 -4.74000 -8.61600 -5.71700 -1.68900 -7.48700 -14.74000 -4.42500 -11.43400
177.00000 -14.54700 -13.37700 -8.47400 -10.19300 -10.74200 -9.83700 -7.69000 -1.42400 -4.25200 -8.12800 -7.18200 -3.64200 -7.48700 -14.74000 -5.89000 -11.43400
178.00000 -18.94100 -16.30700 -10.91500 -12.14600 -10.74200 -11.79000 -9.64400 -2.40100 -4.74000 -8.61600 -8.15800 -4.61800 -7.48700 -14.74000 -6.86600 -12.41000
179.00000 -23.82400 -19.23600 -13.35700 -13.61100 -10.74200 -13.25500 -10.13200 -3.37700 -4.25200 -9.59300 -8.64700 -5.10700 -7.97500 -14.74000 -8.33100 -12.89900
180.00000 -24.31200 -19.23600 -14.33300 -12.63400 -9.76600 -12.76700 -9.64400 -3.37700 -5.22900 -10.56900 -8.15800 -5.10700 -8.95200 -15.71700 -8.82000 -13.87500
181.00000 -20.40600 -15.33000 -13.35700 -11.16900 -7.32400 -9.83700 -8.17900 -3.86600 -5.22900 -10.56900 -7.67000 -5.59500 -10.41700 -16.69300 -9.30800 -14.85200
182.00000 -14.54700 -10.44700 -10.91500 -8.72800 -5.37100 -6.41900 -7.69000 -3.86600 -5.22900 -9.59300 -8.64700 -6.08300 -11.88200 -17.18100 -9.30800 -15.34000
183.00000 -11.61700 -8.00600 -9.45000 -7.26300 -5.85900 -4.95400 -8.17900 -3.86600 -5.71700 -9.10400 -11.08800 -7.54800 -11.88200 -17.18100 -10.28400 -15.34000
184.00000 -13.08200 -10.93500 -9.45000 -7.26300 -7.81200 -7.88400 -10.62000 -4.35400 -5.71700 -9.59300 -14.50600 -9.01300 -11.39300 -16.20500 -11.26100 -14.85200
185.00000 -18.94100 -17.28300 -10.91500 -8.24000 -10.74200 -12.27800 -13.55000 -4.84200 -5.71700 -11.05800 -18.41200 -10.47800 -10.41700 -15.71700 -12.23800 -14.36400
186.00000 -23.82400 -22.16600 -12.86800 -9.21600 -13.18400 -15.20800 -15.99100 -4.84200 -5.22900 -12.52200 -20.36500 -10.47800 -8.95200 -15.71700 -13.21400 -13.87500
187.00000 -25.77700 -23.63100 -13.84500 -10.68100 -14.16000 -15.20800 -15.50300 -4.84200 -4.74000 -12.52200 -19.87700 -10.47800 -8.46400 -15.71700 -12.72600 -13.87500
188.00000 -24.80100 -22.65400 -13.35700 -11.16900 -13.67200 -14.23100 -13.55000 -4.84200 -4.25200 -12.03400 -17.43600 -9.50100 -7.97500 -16.20500 -11.74900 -13.38700
189.00000 -23.82400 -21.67800 -12.38000 -12.63400 -13.67200 -13.74300 -11.59700 -4.35400 -4.74000 -11.05800 -14.01800 -8.03600 -8.46400 -15.22800 -9.79600 -12.41000
190.00000 -23.82400 -22.16600 -11.40300 -14.09900 -13.67200 -15.20800 -10.62000 -3.86600 -5.71700 -11.54600 -11.08800 -6.57100 -8.95200 -14.74000 -8.82000 -11.92200
191.00000 -24.31200 -23.63100 -11.89200 -14.58700 -14.16000 -17.16100 -11.10800 -3.37700 -6.20500 -12.52200 -9.62300 -6.08300 -9.92800 -14.74000 -8.33100 -12.41000
192.00000 -24.80100 -24.11900 -13.35700 -14.09900 -13.67200 -17.64900 -13.06200 -3.86600 -6.69400 -13.49900 -10.60000 -6.57100 -10.90500 -15.22800 -9.30800 -14.36400
193.00000 -23.82400 -22.65400 -14.82100 -13.12300 -11.71900 -16.18400 -14.52600 -4.35400 -6.69400 -13.01100 -12.06500 -7.54800 -11.88200 -16.20500 -10.77300 -16.31700
194.00000 -22.35900 -19.72500 -16.28600 -11.65800 -9.76600 -13.74300 -15.50300 -4.84200 -6.20500 -11.54600 -14.01800 -9.01300 -12.37000 -17.18100 -12.72600 -18.27000
195.00000 -20.89400 -18.26000 -16.28600 -10.68100 -8.30100 -12.76700 -15.50300 -5.33000 -5.71700 -10.08100 -15.97100 -9.98900 -12.85800 -17.67000 -13.70200 -18.75800
196.00000 -20.40600 -18.74800 -15.79800 -9.70500 -7.81200 -13.25500 -15.01500 -4.84200 -5.71700 -10.08100 -17.43600 -10.96600 -12.37000 -17.67000 -15.16700 -18.27000
197.00000 -20.40600 -20.70100 -14.33300 -9.21600 -8.30100 -14.72000 -14.03800 -4.35400 -6.20500 -11.54600 -18.90100 -11.94300 -11.88200 -16.69300 -16.14400 -17.29300
198.00000 -19.43000 -21.67800 -12.38000 -7.75100 -9.27700 -15.20800 -13.06200 -3.86600 -6.20500 -13.01100 -19.38900 -12.43100 -11.39300 -16.20500 -17.12000 -16.80500
199.00000 -18.45300 -20.70100 -10.42700 -6.77500 -9.76600 -13.25500 -12.57300 -3.37700 -5.71700 -13.98700 -18.90100 -11.94300 -10.90500 -15.71700 -17.60900 -17.29300
200.00000 -16.98800 -18.26000 -9.93900 -6.28700 -10.25400 -10.81300 -12.57300 -3.37700 -5.22900 -13.01100 -18.41200 -10.96600 -10.41700 -15.71700 -17.60900 -18.27000
201.00000 -17.47600 -15.33000 -10.91500 -7.26300 -10.74200 -9.83700 -13.06200 -3.37700 -4.25200 -12.03400 -16.45900 -9.50100 -9.92800 -15.71700 -16.63200 -18.75800
202.00000 -18.94100 -13.86500 -12.86800 -9.21600 -11.23000 -10.32500 -14.52600 -3.37700 -4.25200 -10.08100 -15.48300 -8.03600 -9.44000 -15.71700 -15.16700 -18.27000
203.00000 -19.91800 -13.86500 -15.31000 -11.65800 -11.71900 -11.79000 -15.50300 -3.37700 -3.76400 -9.59300 -14.99400 -7.06000 -8.95200 -15.22800 -13.21400 -16.80500
204.00000 -20.40600 -14.35300 -16.77400 -13.12300 -11.23000 -12.27800 -16.47900 -4.35400 -3.76400 -8.61600 -15.48300 -7.06000 -9.44000 -14.74000 -11.26100 -15.34000
205.00000 -18.45300 -14.35300 -17.75100 -13.12300 -9.76600 -10.81300 -16.96800 -4.84200 -3.76400 -8.61600 -16.94700 -7.54800 -9.92800 -14.74000 -10.28400 -14.36400
206.00000 -16.01200 -13.86500 -17.26300 -11.65800 -7.81200 -8.86000 -17.94400 -5.81900 -3.76400 -7.64000 -17.92400 -8.52500 -10.41700 -15.22800 -10.28400 -14.36400
207.00000 -15.52300 -12.88900 -16.77400 -10.68100 -5.85900 -7.39500 -18.92100 -6.79500 -3.76400 -7.64000 -18.90100 -9.50100 -10.90500 -16.20500 -10.77300 -14.85200
208.00000 -17.47600 -12.88900 -17.26300 -10.19300 -5.85900 -7.39500 -19.89700 -6.79500 -3.76400 -8.12800 -18.90100 -9.98900 -11.39300 -17.18100 -11.74900 -15.34000
209.00000 -20.40600 -13.37700 -17.75100 -11.16900 -6.83600 -9.83700 -19.40900 -6.30700 -3.76400 -8.61600 -17.92400 -9.98900 -11.88200 -17.67000 -12.72600 -16.80500
210.00000 -22.35900 -14.84200 -18.23900 -11.65800 -7.81200 -12.27800 -17.94400 -5.33000 -4.25200 -10.08100 -16.45900 -9.50100 -12.37000 -18.15800 -13.21400 -17.78200
211.00000 -21.87100 -14.84200 -18.72800 -11.16900 -8.78900 -13.25500 -15.99100 -3.86600 -5.22900 -11.54600 -14.50600 -8.52500 -12.37000 -19.13500 -13.21400 -19.24600
212.00000 -19.43000 -14.35300 -18.72800 -11.16900 -8.78900 -13.25500 -14.52600 -3.37700 -5.22900 -12.52200 -13.04100 -7.54800 -12.85800 -20.11100 -13.70200 -20.22300
213.00000 -16.98800 -13.86500 -18.72800 -10.68100 -8.78900 -11.79000 -13.06200 -3.37700 -5.22900 -13.49900 -13.04100 -7.54800 -12.85800 -21.57600 -14.19100 -21.20000
214.00000 -16.50000 -13.86500 -17.75100 -11.16900 -9.27700 -10.81300 -12.57300 -3.86600 -5.71700 -13.98700 -14.01800 -7.54800 -12.85800 -22.55200 -14.67900 -21.20000
215.00000 -17.96500 -15.33000 -16.77400 -11.65800 -10.74200 -11.30200 -11.10800 -4.35400 -5.71700 -14.47600 -14.99400 -8.03600 -12.37000 -22.06400 -14.67900 -20.22300
216.00000 -19.91800 -17.77100 -15.79800 -11.65800 -11.71900 -12.76700 -10.13200 -4.35400 -5.71700 -14.47600 -15.48300 -8.52500 -11.88200 -20.11100 -15.16700 -19.24600
217.00000 -20.89400 -19.23600 -13.84500 -10.68100 -12.69500 -13.74300 -8.66700 -3.37700 -5.71700 -13.49900 -15.97100 -8.52500 -11.39300 -17.18100 -15.16700 -18.27000
218.00000 -19.91800 -20.21300 -11.89200 -9.21600 -12.69500 -14.23100 -8.17900 -3.37700 -5.22900 -12.03400 -15.97100 -9.50100 -10.41700 -14.74000 -15.65600 -17.78200
219.00000 -17.96500 -18.74800 -10.42700 -7.75100 -11.23000 -13.74300 -8.66700 -2.40100 -4.25200 -10.08100 -16.45900 -9.98900 -9.92800 -12.78700 -15.65600 -17.78200
220.00000 -16.50000 -16.79500 -10.42700 -7.26300 -10.25400 -13.25500 -9.64400 -2.40100 -3.76400 -9.10400 -16.94700 -10.47800 -8.95200 -13.27500 -15.65600 -17.29300
221.00000 -15.52300 -14.84200 -10.91500 -8.24000 -10.25400 -12.76700 -9.64400 -2.88900 -4.25200 -9.10400 -17.43600 -10.47800 -8.95200 -13.76300 -15.16700 -16.80500
222.00000 -15.52300 -13.37700 -10.91500 -9.21600 -10.74200 -12.27800 -9.15500 -3.37700 -4.74000 -9.59300 -16.94700 -9.98900 -7.48700 -14.25200 -14.19100 -15.34000
223.00000 -15.52300 -12.40000 -11.40300 -9.70500 -11.71900 -10.81300 -8.66700 -3.86600 -4.74000 -10.08100 -15.48300 -8.52500 -6.51000 -13.27500 -12.72600 -13.38700
224.00000 -16.01200 -12.40000 -10.91500 -9.21600 -12.20700 -8.86000 -8.17900 -3.86600 -4.25200 -9.59300 -13.52900 -7.54800 -5.04600 -11.81000 -10.77300 -11.92200
225.00000 -16.50000 -12.88900 -10.42700 -9.70500 -12.20700 -7.88400 -8.17900 -3.37700 -3.27600 -8.61600 -12.06500 -6.08300 -4.55700 -10.83400 -8.82000 -10.94600
226.00000 -16.50000 -13.86500 -9.93900 -9.70500 -11.71900 -7.88400 -8.17900 -3.37700 -2.78700 -7.64000 -10.11100 -5.59500 -4.55700 -10.83400 -7.35500 -10.94600
227.00000 -15.52300 -15.33000 -9.45000 -9.70500 -11.23000 -9.34900 -7.20200 -2.88900 -2.78700 -7.64000 -8.64700 -5.10700 -5.53400 -12.29900 -6.86600 -11.92200
228.00000 -14.54700 -15.81800 -8.96200 -8.72800 -11.23000 -11.79000 -5.73700 -1.91200 -4.25200 -9.59300 -6.69400 -4.61800 -7.97500 -15.22800 -7.35500 -13.38700
229.00000 -13.08200 -15.81800 -7.49700 -7.26300 -12.20700 -14.72000 -3.29600 -0.44800 -6.69400 -12.52200 -5.71700 -3.64200 -10.41700 -17.67000 -7.84300 -15.34000
230.00000 -13.08200 -15.33000 -7.00900 -6.28700 -13.67200 -17.16100 -1.83100 1.01700 -8.64700 -14.96400 -5.71700 -3.15300 -12.85800 -19.62300 -8.82000 -16.31700
231.00000 -14.54700 -15.81800 -7.49700 -6.28700 -14.64800 -18.62600 -1.34300 1.99400 -9.62300 -16.91700 -6.69400 -2.17700 -13.34600 -21.08800 -9.30800 -17.29300
232.00000 -16.50000 -16.30700 -8.96200 -7.26300 -15.13700 -20.09100 -2.31900 1.99400 -9.62300 -17.40500 -8.64700 -2.17700 -12.85800 -21.57600 -10.28400 -17.78200
233.00000 -18.45300 -17.28300 -9.93900 -7.75100 -15.13700 -20.57900 -4.27200 1.99400 -8.64700 -17.40500 -10.60000 -2.66500 -11.39300 -21.08800 -11.26100 -17.78200
234.00000 -17.96500 -17.28300 -10.42700 -7.75100 -14.64800 -20.09100 -6.22600 1.50600 -8.15800 -16.91700 -12.06500 -4.13000 -10.41700 -19.62300 -12.23800 -17.78200
235.00000 -16.01200 -17.28300 -9.45000 -6.28700 -14.64800 -19.11400 -7.20200 1.01700 -8.15800 -16.42900 -12.55300 -5.10700 -10.41700 -18.15800 -13.70200 -17.78200
236.00000 -13.57000 -16.79500 -7.98500 -4.82200 -14.64800 -18.62600 -8.17900 0.04100 -8.64700 -16.91700 -12.55300 -6.08300 -10.41700 -17.67000 -13.70200 -17.78200
237.00000 -13.08200 -17.28300 -8.47400 -4.33300 -14.64800 -18.62600 -9.64400 -0.93600 -9.62300 -17.40500 -12.55300 -7.06000 -11.39300 -17.67000 -14.19100 -17.78200
238.00000 -15.03500 -18.26000 -10.42700 -6.28700 -15.13700 -19.60200 -11.10800 -1.91200 -10.11100 -17.89300 -13.04100 -6.57100 -11.88200 -18.64600 -13.70200 -17.29300
239.00000 -17.96500 -19.23600 -13.35700 -9.70500 -15.62500 -21.06700 -13.06200 -2.88900 -9.62300 -17.89300 -13.04100 -5.59500 -11.39300 -20.11100 -12.72600 -16.31700
240.00000 -19.43000 -18.74800 -15.31000 -12.14600 -15.62500 -20.57900 -14.03800 -2.40100 -8.64700 -16.91700 -12.06500 -4.13000 -10.90500 -20.11100 -11.26100 -14.85200
241.00000 -18.45300 -16.79500 -14.33300 -12.14600 -14.64800 -18.13800 -12.57300 -1.42400 -7.67000 -15.45200 -9.62300 -2.17700 -9.44000 -18.64600 -9.30800 -12.89900
242.00000 -14.54700 -13.86500 -10.42700 -9.70500 -13.18400 -14.72000 -9.15500 1.01700 -7.67000 -13.49900 -6.69400 -0.22400 -8.46400 -16.20500 -6.86600 -11.43400
243.00000 -11.12900 -11.42400 -5.54400 -5.31000 -12.20700 -11.79000 -4.76100 3.45900 -7.18200 -12.52200 -3.76400 1.24100 -8.46400 -14.74000 -4.91300 -10.45700
244.00000 -8.68700 -9.95900 -1.63800 -2.38000 -11.71900 -10.81300 -1.34300 4.92400 -8.15800 -12.52200 -3.27600 1.72900 -8.95200 -14.74000 -3.93700 -9.96900
245.00000 -9.66400 -10.44700 -1.14900 -1.89200 -11.71900 -12.76700 0.12200 4.92400 -8.64700 -13.49900 -4.74000 0.75300 -9.44000 -16.69300 -4.91300 -10.94600
246.00000 -11.12900 -11.42400 -2.12600 -2.86900 -11.71900 -14.72000 -0.36600 3.45900 -9.13500 -13.98700 -8.15800 -1.68900 -10.41700 -19.62300 -6.86600 -12.89900
247.00000 -12.59400 -11.42400 -4.56700 -4.82200 -11.71900 -15.20800 -2.80800 1.01700 -8.64700 -14.47600 -12.55300 -4.61800 -10.90500 -21.08800 -10.28400 -14.85200
248.00000 -11.61700 -9.95900 -7.00900 -6.77500 -10.74200 -13.74300 -5.73700 -1.91200 -7.67000 -13.98700 -16.45900 -8.03600 -10.90500 -20.59900 -12.23800 -15.82800
249.00000 -9.66400 -7.51700 -8.47400 -7.75100 -9.27700 -11.30200 -8.17900 -4.35400 -6.69400 -12.52200 -17.92400 -10.47800 -10.41700 -17.67000 -13.21400 -14.85200
250.00000 -6.73400 -5.07600 -8.47400 -8.72800 -7.81200 -8.86000 -10.13200 -5.33000 -6.20500 -11.05800 -17.92400 -10.47800 -9.92800 -14.25200 -13.21400 -13.38700
251.00000 -5.75800 -4.58800 -8.47400 -8.72800 -6.34800 -7.88400 -10.62000 -4.84200 -5.71700 -10.08100 -15.48300 -9.50100 -10.41700 -11.81000 -12.23800 -12.41000
252.00000 -6.24600 -6.05300 -8.47400 -8.24000 -6.83600 -8.86000 -10.62000 -3.86600 -5.71700 -10.08100 -12.06500 -7.54800 -11.39300 -12.29900 -11.26100 -12.89900
253.00000 -8.68700 -8.98200 -8.96200 -7.26300 -7.81200 -10.81300 -9.64400 -1.91200 -6.69400 -11.05800 -8.64700 -5.10700 -12.37000 -14.25200 -10.77300 -14.36400
254.00000 -12.10500 -12.40000 -10.42700 -5.79800 -9.27700 -13.25500 -8.66700 -0.44800 -7.18200 -12.03400 -6.69400 -3.64200 -12.37000 -16.20500 -9.79600 -15.34000
255.00000 -16.01200 -15.81800 -12.38000 -4.82200 -10.74200 -16.18400 -9.15500 0.52900 -7.18200 -13.01100 -5.71700 -3.15300 -11.39300 -16.69300 -9.30800 -14.85200
256.00000 -18.45300 -17.28300 -14.33300 -4.82200 -11.71900 -17.64900 -10.62000 1.01700 -7.18200 -13.98700 -7.18200 -3.64200 -9.92800 -16.20500 -8.82000 -12.89900
