1.00000 3.90600 3.72300 -2.79700 2.92000 4.59800 -1.00700 -10.44700 -3.68200 -3.81500 -7.59900 -10.59000 -12.33900 -10.81300 -11.97300 -14.52600 -13.31600
2.00000 4.88300 5.18800 -2.79700 2.92000 4.11000 -1.49500 -8.49400 -3.19400 -3.81500 -7.59900 -9.12500 -11.36300 -9.83700 -10.50800 -13.06200 -11.36300
3.00000 4.39500 6.16500 -3.77400 2.43100 3.62100 -1.49500 -6.54100 -3.19400 -3.32600 -7.11100 -8.63600 -10.38600 -8.37200 -9.04300 -12.08500 -10.38600
4.00000 3.41800 7.14100 -4.26200 1.94300 3.62100 -0.51900 -6.54100 -3.19400 -2.35000 -6.13400 -9.12500 -9.41000 -6.90700 -8.06700 -11.10800 -9.41000
5.00000 3.90600 7.62900 -3.28600 1.94300 4.11000 0.45800 -7.02900 -3.19400 -1.86200 -5.15700 -9.12500 -7.94500 -5.93100 -6.60200 -9.64400 -8.43300
6.00000 4.88300 8.60600 -1.33300 2.92000 5.08600 1.92300 -6.54100 -2.21800 -1.37300 -3.69300 -8.14800 -6.48000 -4.95400 -4.64900 -7.69000 -7.45600
7.00000 7.81200 9.58300 1.10900 3.89600 6.55100 3.38700 -4.58800 -1.24100 -0.39700 -0.76300 -5.70700 -5.01500 -3.97700 -2.20700 -5.24900 -5.50300
8.00000 10.74200 11.04700 3.55000 5.36100 8.01600 5.34100 -1.17000 0.22400 0.58000 2.16700 -2.77700 -3.55000 -3.48900 -0.25400 -3.78400 -3.55000
9.00000 13.18400 13.48900 5.50300 5.84900 9.48100 7.78200 1.76000 0.71200 1.55600 5.09600 0.15300 -2.08500 -2.51300 1.21100 -2.31900 -1.59700
10.00000 14.64800 15.93000 6.48000 6.33700 9.96900 9.73500 3.71300 1.20000 2.04500 7.05000 1.61700 -1.10900 -1.04800 2.67500 -1.83100 0.35600
11.00000 15.62500 16.90700 7.94500 5.84900 9.96900 10.22300 5.17800 1.20000 2.53300 8.02600 3.08200 -0.13200 0.41700 4.14000 -0.85400 1.82100
12.00000 16.60200 16.41800 9.41000 6.33700 8.50400 10.22300 6.64300 1.68900 2.53300 8.02600 3.57100 0.84400 1.88200 5.60500 1.09900 3.77400
13.00000 17.57800 14.95400 11.36300 7.31400 7.03900 9.73500 8.10800 2.17700 2.04500 7.05000 4.05900 1.33300 2.37000 6.58200 2.56300 4.75100
14.00000 18.06600 14.46500 12.33900 8.29100 6.55100 9.24700 10.06100 3.15300 1.55600 6.07300 4.54700 1.33300 1.88200 6.09300 3.54000 5.23900
15.00000 18.55500 15.44200 11.85100 8.29100 6.06300 9.24700 9.57200 3.15300 1.55600 5.58500 4.54700 0.84400 0.41700 4.62800 3.54000 4.75100
16.00000 18.06600 16.90700 10.38600 7.31400 6.06300 9.73500 6.64300 2.17700 1.55600 5.58500 4.54700 -0.13200 -0.07100 3.16400 2.07500 4.26200
17.00000 16.60200 17.39500 7.94500 5.84900 6.55100 9.73500 3.71300 1.20000 2.04500 6.07300 3.57100 -0.62100 -0.07100 2.67500 1.09900 3.28600
18.00000 14.64800 16.41800 6.48000 3.89600 6.55100 9.24700 1.27200 0.71200 2.53300 6.07300 2.59400 -0.62100 0.90500 4.14000 1.09900 3.77400
19.00000 12.69500 13.48900 6.48000 2.43100 5.57500 7.29400 2.24800 0.22400 3.02100 6.56100 2.10600 -0.13200 2.37000 6.09300 2.07500 4.75100
20.00000 11.71900 11.04700 7.45600 1.94300 5.08600 6.80500 5.17800 0.71200 3.51000 7.05000 3.08200 1.33300 3.83500 7.55800 3.54000 5.72700
21.00000 11.71900 10.55900 8.92100 2.43100 4.59800 7.29400 8.10800 1.68900 3.51000 8.02600 5.03500 2.30900 4.81200 8.53500 4.51700 6.21500
22.00000 12.69500 13.00000 10.38600 3.89600 5.08600 8.75900 8.59600 2.66500 3.99800 8.51400 6.50000 2.30900 4.81200 8.04600 5.00500 5.23900
23.00000 14.64800 16.41800 11.36300 5.36100 5.57500 10.22300 7.61900 3.15300 3.51000 9.49100 7.47700 1.82100 3.34700 6.58200 3.54000 3.77400
24.00000 16.60200 19.34800 11.85100 6.33700 6.55100 11.20000 6.15400 2.66500 2.53300 9.00300 5.52400 -0.13200 1.39400 4.62800 1.09900 2.30900
25.00000 18.06600 19.83600 11.36300 6.82600 7.03900 10.22300 5.66600 2.66500 1.06800 7.53800 3.08200 -2.57400 -1.53600 2.67500 -1.34300 0.35600
26.00000 18.55500 17.88300 10.87400 6.82600 6.55100 8.27000 6.15400 2.17700 -0.39700 4.60800 0.15300 -4.52700 -3.97700 0.72200 -4.27200 -1.59700
27.00000 18.06600 15.93000 10.38600 6.33700 6.06300 6.80500 7.13100 2.17700 -0.88500 1.67800 -1.31200 -5.01500 -5.93100 -1.23100 -5.24900 -3.55000
28.00000 17.57800 14.95400 9.89800 6.33700 6.06300 6.80500 7.13100 2.17700 -1.37300 -0.27500 -1.31200 -5.01500 -7.39500 -3.18400 -5.24900 -5.01500
29.00000 16.60200 15.44200 9.41000 6.33700 6.55100 7.78200 5.66600 1.68900 -1.86200 -0.76300 -0.82400 -5.01500 -8.37200 -4.64900 -5.24900 -7.45600
30.00000 15.62500 16.41800 8.92100 5.84900 7.03900 8.75900 3.22500 1.20000 -1.37300 0.70200 -0.82400 -4.52700 -9.34900 -5.62500 -5.24900 -8.92100
31.00000 14.16000 15.93000 7.45600 5.36100 7.03900 9.73500 1.76000 1.20000 -0.39700 2.65500 -1.31200 -5.01500 -9.34900 -5.62500 -5.24900 -9.89800
32.00000 13.18400 14.95400 5.99200 4.38400 6.55100 9.73500 0.78300 0.71200 0.09200 4.12000 -2.28900 -5.50300 -8.86000 -4.64900 -4.76100 -8.92100
33.00000 12.69500 13.97700 4.03800 3.89600 6.06300 9.24700 1.76000 0.71200 0.58000 5.58500 -2.77700 -5.50300 -7.39500 -2.20700 -3.78400 -6.96800
34.00000 13.18400 13.97700 3.06200 3.40800 5.57500 9.24700 3.71300 0.71200 0.58000 6.56100 -1.80100 -5.01500 -5.93100 0.23400 -2.31900 -4.03800
35.00000 15.13700 15.93000 3.55000 4.38400 6.55100 10.22300 5.17800 1.68900 0.58000 7.05000 -0.33600 -4.52700 -5.44200 1.69900 -1.83100 -2.08500
36.00000 16.60200 17.88300 5.01500 5.36100 8.01600 11.68800 6.15400 2.66500 1.06800 8.02600 1.12900 -5.01500 -5.93100 2.18700 -2.80800 -2.57400
37.00000 17.57800 19.34800 6.96800 6.33700 9.48100 13.64100 5.17800 2.66500 1.55600 9.49100 1.12900 -5.99200 -7.39500 1.21100 -4.76100 -5.01500
38.00000 17.57800 19.83600 7.94500 6.33700 10.94600 15.10600 3.22500 1.68900 2.04500 10.46800 0.15300 -7.94500 -8.86000 -0.25400 -7.69000 -7.45600
39.00000 16.11300 19.34800 6.96800 5.36100 11.92200 16.08300 0.29500 0.22400 3.02100 10.46800 -2.77700 -9.89800 -9.83700 -1.23100 -9.64400 -9.41000
40.00000 14.64800 19.83600 5.50300 3.89600 11.92200 15.59400 -2.63500 -1.24100 3.99800 9.49100 -5.70700 -11.85100 -9.83700 -2.20700 -11.10800 -9.89800
41.00000 14.64800 20.32500 4.03800 2.43100 11.43400 14.13000 -3.61100 -2.21800 3.99800 8.51400 -7.66000 -12.82800 -10.32500 -3.18400 -12.08500 -10.38600
42.00000 15.13700 20.81300 3.55000 1.94300 10.94600 13.15300 -3.12300 -2.70600 3.51000 7.05000 -9.12500 -12.33900 -10.32500 -4.16100 -12.08500 -10.87400
43.00000 16.11300 20.32500 4.03800 1.94300 9.96900 11.68800 -1.17000 -2.21800 3.02100 6.56100 -9.12500 -11.36300 -10.32500 -5.13700 -12.08500 -11.36300
44.00000 17.09000 19.34800 4.52700 2.43100 8.50400 11.20000 -0.19300 -1.24100 1.55600 6.07300 -8.14800 -9.89800 -9.83700 -5.13700 -10.13200 -9.89800
45.00000 17.57800 18.86000 5.50300 2.43100 7.03900 10.71200 -0.19300 -0.75300 0.58000 6.56100 -7.17200 -7.94500 -7.88400 -3.67200 -7.69000 -6.96800
46.00000 17.09000 17.88300 5.99200 1.94300 6.06300 10.71200 -0.68200 -0.75300 -0.39700 6.56100 -6.19500 -6.96800 -5.93100 -1.23100 -4.27200 -2.57400
47.00000 15.62500 16.90700 5.99200 1.45500 5.08600 10.22300 -1.17000 -0.75300 -0.88500 6.56100 -5.21900 -5.99200 -4.46600 0.23400 -2.31900 0.35600
48.00000 14.16000 15.93000 5.99200 0.96600 5.08600 9.24700 -0.68200 -0.26400 -0.88500 6.56100 -4.24200 -5.50300 -3.97700 0.23400 -1.34300 0.35600
49.00000 12.69500 14.95400 5.99200 0.96600 5.08600 8.75900 0.78300 -0.26400 -0.88500 5.58500 -3.75400 -5.50300 -4.46600 -1.23100 -2.31900 -1.59700
50.00000 10.74200 14.46500 5.99200 1.45500 5.57500 7.78200 1.76000 0.22400 -0.39700 4.60800 -2.77700 -5.50300 -4.95400 -3.18400 -2.80800 -4.03800
51.00000 9.76600 13.97700 5.50300 1.45500 6.06300 7.29400 1.76000 -0.26400 0.09200 3.14300 -1.80100 -5.01500 -4.95400 -3.67200 -2.31900 -4.03800
52.00000 8.78900 13.97700 4.03800 0.96600 5.57500 6.80500 1.27200 -1.24100 -0.39700 1.67800 -0.82400 -4.52700 -4.95400 -3.18400 0.12200 -2.08500
53.00000 9.27700 13.48900 3.06200 0.47800 4.59800 5.82900 0.29500 -2.21800 -0.39700 1.19000 0.64100 -3.55000 -3.00100 -1.23100 3.05200 1.82100
54.00000 9.76600 11.53600 1.59700 -0.49800 3.62100 3.87600 -0.68200 -2.21800 -0.88500 1.19000 2.59400 -2.08500 -1.53600 1.69900 5.49300 5.23900
55.00000 10.25400 10.07100 1.59700 -0.49800 2.64500 2.89900 -0.19300 -1.72900 -0.39700 2.16700 4.05900 -1.10900 -0.07100 4.14000 7.44600 7.68000
56.00000 10.74200 10.07100 1.59700 -0.01000 2.64500 2.41100 0.78300 -0.75300 0.09200 3.63200 4.54700 0.35600 0.90500 5.60500 7.93500 8.16900
57.00000 11.23000 12.02400 2.57400 1.45500 3.62100 3.38700 1.76000 0.22400 0.58000 4.60800 3.57100 0.35600 0.41700 5.60500 7.44600 6.21500
58.00000 12.20700 14.95400 3.06200 2.92000 5.08600 5.34100 2.24800 0.71200 0.58000 5.09600 1.12900 -1.10900 -1.04800 4.14000 5.00500 3.28600
59.00000 12.69500 17.88300 4.52700 4.38400 7.03900 7.29400 2.73600 0.71200 0.58000 5.58500 -1.80100 -2.57400 -3.00100 1.69900 2.56300 -0.13200
60.00000 14.16000 19.83600 5.50300 5.36100 8.50400 9.24700 3.22500 0.22400 1.06800 6.56100 -3.75400 -4.03800 -3.97700 1.21100 0.61000 -2.57400
61.00000 15.62500 19.83600 7.45600 6.33700 8.99300 10.71200 4.69000 -0.26400 2.04500 8.51400 -3.26500 -4.03800 -3.97700 2.67500 0.12200 -2.08500
62.00000 16.60200 19.34800 8.92100 7.31400 8.99300 11.20000 5.17800 0.22400 3.99800 10.95600 -0.82400 -2.57400 -2.02400 5.60500 2.56300 1.33300
63.00000 18.06600 18.37200 10.38600 7.80200 8.50400 10.71200 5.17800 1.68900 5.46300 12.90900 3.57100 0.35600 0.41700 9.51100 6.47000 5.72700
64.00000 19.04300 17.39500 11.36300 7.80200 8.01600 9.73500 4.69000 3.15300 6.43900 13.39700 6.50000 3.28600 1.88200 10.97600 9.88800 8.65700
65.00000 20.50800 17.39500 12.33900 8.77900 7.52800 9.24700 4.20100 4.13000 6.43900 13.39700 7.96500 4.75100 1.39400 10.00000 10.86400 8.16900
66.00000 21.48400 18.86000 12.82800 9.26700 7.52800 8.75900 4.69000 4.61800 5.46300 12.42100 8.45300 4.75100 -0.07100 7.55800 9.88800 5.72700
67.00000 21.97300 21.30100 13.31600 9.75500 8.50400 10.22300 6.15400 4.61800 4.48600 12.42100 7.47700 3.28600 -1.53600 5.60500 6.95800 3.28600
68.00000 22.46100 24.23100 13.31600 10.24400 10.45700 12.66500 8.10800 4.13000 4.97400 13.39700 6.98900 2.30900 -1.04800 6.09300 5.49300 2.79700
69.00000 22.46100 26.67200 13.31600 10.24400 11.43400 15.10600 8.59600 3.15300 5.95100 15.35000 6.98900 1.82100 0.41700 9.51100 5.49300 4.75100
70.00000 22.46100 26.67200 12.82800 9.75500 11.92200 16.08300 8.10800 2.17700 7.41600 16.81500 7.96500 1.82100 2.37000 12.44100 7.44600 7.68000
71.00000 22.46100 24.71900 13.31600 9.26700 11.43400 15.59400 6.64300 2.17700 7.90400 17.30300 8.94200 2.30900 3.34700 13.41800 9.39900 8.65700
72.00000 22.94900 22.27800 13.80400 8.77900 9.96900 13.15300 5.66600 2.17700 7.41600 15.83900 9.43000 2.79700 2.37000 11.95300 9.39900 7.19200
73.00000 22.94900 20.81300 14.78100 8.77900 8.50400 11.68800 6.64300 2.66500 6.43900 13.39700 9.43000 2.79700 1.39400 10.00000 8.42300 4.75100
74.00000 22.46100 20.81300 15.26900 8.77900 8.01600 11.20000 8.59600 3.15300 5.95100 12.42100 9.43000 3.28600 1.39400 10.00000 6.95800 4.26200
75.00000 21.97300 22.27800 15.26900 8.77900 7.52800 12.66500 10.54900 4.13000 5.95100 13.39700 10.40600 3.77400 2.85800 12.44100 7.44600 5.72700
76.00000 20.99600 23.74300 14.78100 8.77900 8.01600 14.61800 12.01400 4.61800 6.43900 15.35000 11.87100 4.26200 5.30000 15.37100 8.91100 8.65700
77.00000 20.50800 24.23100 13.80400 9.26700 8.01600 16.57100 12.01400 4.61800 7.41600 17.30300 13.82400 5.23900 6.76500 17.32400 11.35300 10.12200
78.00000 20.99600 23.74300 14.29200 9.75500 8.01600 17.05900 12.50200 4.61800 7.41600 18.28000 15.28900 5.23900 6.27600 16.83600 12.81700 10.12200
79.00000 21.97300 23.74300 15.26900 10.24400 7.03900 16.08300 13.96700 4.61800 7.41600 18.28000 15.77800 5.23900 4.81200 13.90600 12.32900 8.16900
80.00000 22.94900 23.74300 16.73400 10.73200 6.55100 15.10600 15.43200 5.10700 6.92700 17.79200 14.80100 5.23900 4.32300 11.95300 11.35300 7.19200
81.00000 22.94900 23.74300 17.71000 10.73200 5.57500 14.13000 17.38500 5.10700 6.92700 17.30300 13.33600 5.72700 4.32300 11.46400 10.37600 7.19200
82.00000 22.46100 23.74300 17.71000 10.24400 6.06300 13.64100 16.89700 4.61800 6.92700 16.81500 11.38300 5.23900 4.81200 12.44100 9.39900 7.68000
83.00000 21.48400 23.25400 16.24600 9.75500 6.55100 13.64100 14.45500 4.13000 6.43900 16.81500 9.43000 3.77400 4.32300 12.92900 8.42300 6.70400
84.00000 20.50800 22.27800 14.78100 9.26700 7.52800 13.64100 11.03700 2.66500 5.95100 15.83900 7.96500 1.82100 2.85800 11.46400 6.95800 4.75100
85.00000 19.53100 22.27800 14.29200 9.75500 8.50400 13.15300 8.10800 2.17700 5.95100 15.35000 7.47700 0.35600 0.41700 9.02300 5.98100 2.79700
86.00000 19.04300 22.27800 15.26900 10.73200 8.99300 13.15300 8.10800 2.66500 5.95100 15.83900 8.45300 0.35600 -0.07100 8.04600 5.98100 2.79700
87.00000 18.06600 22.76600 16.24600 11.22000 8.99300 13.15300 10.54900 3.15300 6.92700 17.79200 10.89500 2.30900 1.88200 10.00000 7.93500 5.72700
88.00000 17.09000 23.25400 17.71000 11.22000 8.99300 13.64100 14.45500 4.61800 8.39200 20.23300 13.33600 4.75100 5.78800 14.88200 11.35300 10.61000
89.00000 16.60200 23.25400 18.19900 11.22000 8.50400 14.13000 18.36100 5.59500 9.36900 23.16300 16.26600 7.19200 9.20600 19.27700 14.77100 15.00400
90.00000 16.60200 22.27800 17.71000 10.73200 8.50400 14.61800 20.31500 6.08300 9.85700 24.13900 17.73100 7.68000 10.18300 21.71800 16.23500 15.98100
91.00000 17.09000 21.79000 18.19900 10.73200 8.50400 14.61800 20.31500 6.57100 9.85700 23.65100 18.70700 7.19200 9.69400 20.74200 15.74700 14.51600
92.00000 18.06600 21.30100 18.68700 11.70900 8.50400 14.61800 20.31500 7.06000 9.36900 22.67500 18.70700 6.70400 7.74100 18.30000 14.28200 11.58700
93.00000 18.06600 21.30100 18.68700 11.70900 8.50400 14.13000 19.82600 6.57100 8.88100 21.69800 18.21900 5.23900 6.27600 16.34700 11.84100 9.63300
94.00000 17.57800 20.81300 17.71000 11.70900 8.50400 13.64100 18.36100 5.59500 8.39200 20.72100 16.26600 4.26200 5.30000 14.88200 9.88800 8.16900
95.00000 16.11300 19.83600 16.24600 10.24400 8.01600 12.17700 16.89700 4.13000 7.41600 19.74500 13.82400 3.28600 4.81200 13.90600 8.91100 7.19200
96.00000 14.16000 18.37200 13.80400 8.77900 7.52800 10.22300 14.94300 2.17700 6.92700 18.28000 10.40600 1.82100 3.83500 11.95300 7.93500 5.72700
97.00000 12.20700 16.41800 12.82800 7.31400 6.06300 7.78200 12.99000 1.20000 5.95100 15.83900 8.45300 0.84400 2.85800 10.00000 7.44600 4.26200
98.00000 11.71900 14.46500 13.31600 6.33700 5.08600 5.82900 12.01400 0.71200 4.97400 13.88500 7.47700 0.35600 1.88200 8.04600 7.44600 4.26200
99.00000 12.20700 12.51200 14.29200 6.33700 4.11000 4.85200 11.52500 1.20000 4.48600 13.39700 7.96500 1.33300 2.37000 8.04600 7.93500 5.23900
100.00000 12.69500 12.02400 15.26900 6.82600 4.11000 4.85200 11.52500 1.68900 4.48600 12.90900 8.45300 2.79700 3.34700 8.53500 8.91100 6.70400
101.00000 12.69500 12.02400 14.78100 7.31400 4.11000 5.34100 11.03700 1.68900 4.97400 13.88500 8.45300 3.77400 4.32300 9.51100 9.88800 7.19200
102.00000 12.20700 12.02400 13.31600 6.82600 4.11000 5.34100 11.03700 1.20000 4.97400 14.37400 7.47700 4.75100 5.30000 10.48800 9.88800 6.70400
103.00000 11.23000 12.51200 11.36300 5.36100 3.13300 4.36400 11.03700 0.71200 4.97400 13.88500 6.50000 4.26200 5.30000 10.48800 8.91100 5.72700
104.00000 10.25400 12.02400 10.38600 4.38400 1.66800 2.89900 11.52500 0.22400 4.48600 12.90900 5.03500 3.28600 5.30000 10.48800 7.44600 5.72700
105.00000 9.76600 10.55900 9.41000 3.40800 -0.28500 0.45800 12.50200 -0.26400 3.99800 10.95600 5.03500 1.82100 5.30000 10.00000 5.98100 6.21500
106.00000 9.76600 8.11800 8.92100 2.43100 -0.77300 -1.49500 12.50200 -0.75300 3.99800 9.97900 5.03500 0.84400 4.81200 9.51100 4.51700 6.70400
107.00000 9.76600 6.65300 8.43300 1.94300 -0.77300 -2.47200 10.54900 -1.24100 4.48600 9.49100 4.54700 -0.13200 3.83500 8.04600 4.02800 5.72700
108.00000 10.25400 6.65300 7.94500 1.94300 0.69200 -1.98400 7.61900 -2.21800 4.97400 9.97900 4.54700 -0.62100 2.85800 6.58200 3.54000 3.28600
109.00000 9.76600 8.60600 7.45600 1.94300 1.66800 0.45800 4.69000 -2.21800 5.46300 11.44400 4.54700 0.35600 2.37000 5.60500 4.02800 0.84400
110.00000 9.76600 11.04700 7.45600 1.94300 2.64500 2.89900 4.69000 -1.72900 5.95100 12.90900 5.52400 1.33300 2.85800 6.09300 5.00500 -0.13200
111.00000 9.27700 13.00000 8.43300 2.43100 2.15700 3.87600 6.64300 -1.24100 5.95100 14.37400 6.50000 2.79700 3.83500 7.55800 6.47000 0.84400
112.00000 8.78900 12.51200 9.41000 2.92000 1.18000 2.89900 10.54900 -0.26400 5.95100 14.37400 7.96500 3.77400 4.81200 9.02300 7.93500 4.26200
113.00000 9.27700 10.55900 10.87400 3.89600 0.20300 0.45800 12.99000 0.71200 5.95100 12.90900 7.96500 3.77400 5.30000 8.53500 7.93500 6.21500
114.00000 10.25400 9.09400 11.36300 4.38400 0.20300 -1.98400 12.99000 0.71200 5.95100 10.46800 6.50000 2.79700 4.32300 7.07000 6.95800 5.72700
115.00000 10.74200 8.60600 11.85100 4.38400 0.69200 -2.96000 11.52500 0.71200 5.46300 8.51400 5.03500 1.82100 3.34700 5.11700 5.98100 4.26200
116.00000 11.23000 10.07100 11.85100 4.87300 0.69200 -2.47200 10.06100 0.22400 5.46300 7.53800 4.05900 0.84400 2.85800 3.65200 4.51700 2.30900
117.00000 10.74200 10.55900 11.36300 4.87300 -0.28500 -2.47200 9.08400 -0.26400 4.48600 6.56100 4.54700 1.33300 2.85800 3.65200 4.51700 2.30900
118.00000 9.76600 10.07100 10.87400 4.87300 -1.26100 -2.96000 10.06100 -0.26400 3.51000 5.58500 5.52400 1.82100 2.85800 4.62800 5.00500 3.28600
119.00000 9.76600 8.60600 10.87400 4.87300 -2.23800 -4.42500 11.03700 0.22400 2.53300 4.12000 6.50000 2.79700 2.37000 4.14000 5.98100 4.26200
120.00000 10.74200 6.65300 11.36300 5.36100 -2.72600 -6.37800 11.03700 0.71200 1.06800 1.67800 6.50000 3.28600 1.39400 2.18700 5.98100 4.26200
121.00000 11.71900 6.16500 11.85100 5.84900 -2.23800 -6.86600 9.57200 1.20000 0.09200 -0.27500 6.01200 2.79700 -1.04800 -0.74300 5.00500 2.79700
122.00000 11.71900 7.14100 12.33900 5.84900 -1.75000 -6.37800 8.10800 1.20000 -0.88500 -1.74000 4.54700 2.30900 -2.51300 -3.18400 4.02800 0.84400
123.00000 11.71900 8.60600 12.33900 5.84900 -0.77300 -5.40200 7.61900 1.20000 -1.37300 -2.22800 4.05900 1.82100 -3.48900 -4.64900 3.54000 -0.13200
124.00000 11.71900 10.07100 12.33900 6.33700 -0.28500 -3.93700 9.08400 1.68900 -1.86200 -2.22800 5.03500 2.30900 -3.97700 -4.64900 4.02800 -0.62100
125.00000 11.71900 12.02400 12.82800 6.33700 0.69200 -2.47200 12.50200 2.66500 -1.37300 -1.74000 6.50000 2.79700 -4.95400 -5.13700 4.51700 -1.10900
126.00000 13.18400 13.48900 13.31600 6.82600 1.66800 -1.49500 14.94300 3.64200 -0.88500 -1.25100 7.96500 3.28600 -5.93100 -6.11400 4.51700 -3.06200
127.00000 14.16000 14.46500 13.80400 7.31400 2.64500 -0.03100 15.43200 4.13000 -0.39700 -0.27500 8.45300 3.28600 -6.90700 -6.60200 4.02800 -5.50300
128.00000 14.64800 13.97700 13.31600 6.82600 2.64500 -0.03100 12.50200 3.15300 0.09200 0.70200 7.47700 2.79700 -6.90700 -6.60200 3.54000 -6.48000
129.00000 12.69500 12.51200 11.36300 6.33700 1.66800 -1.00700 6.64300 2.66500 0.09200 1.19000 6.50000 2.30900 -5.93100 -4.16100 3.54000 -5.50300
130.00000 10.74200 9.58300 8.43300 4.87300 -0.28500 -2.96000 1.76000 1.20000 -0.39700 1.19000 5.52400 1.82100 -3.97700 -1.23100 3.54000 -2.57400
131.00000 8.78900 8.11800 6.96800 3.89600 -1.75000 -5.40200 -0.68200 0.71200 -0.39700 0.21400 5.52400 1.33300 -3.00100 0.23400 3.05200 -1.10900
132.00000 9.27700 8.11800 6.48000 3.89600 -2.23800 -5.40200 -0.19300 0.22400 -0.39700 -0.27500 5.03500 0.35600 -3.00100 0.23400 1.09900 -2.57400
133.00000 11.23000 10.07100 6.48000 3.89600 -0.77300 -4.42500 1.76000 0.22400 0.09200 -0.27500 3.57100 -0.62100 -3.97700 -2.20700 -1.83100 -5.50300
134.00000 13.67200 12.51200 6.48000 4.38400 1.66800 -1.49500 3.22500 0.22400 1.06800 1.19000 1.12900 -1.59700 -4.46600 -2.69600 -3.78400 -7.45600
135.00000 14.64800 14.95400 5.99200 4.38400 4.11000 1.43400 3.22500 0.22400 2.53300 4.12000 -0.82400 -2.08500 -3.00100 -0.74300 -2.31900 -5.50300
136.00000 14.16000 15.93000 5.01500 4.38400 5.57500 3.87600 1.76000 -0.26400 4.48600 7.05000 -1.80100 -2.08500 0.41700 3.65200 0.61000 0.35600
137.00000 12.69500 15.93000 4.52700 3.89600 5.57500 4.85200 1.27200 0.22400 5.46300 9.97900 -0.33600 -0.62100 3.34700 8.53500 5.00500 5.23900
138.00000 11.71900 16.41800 5.01500 3.40800 4.59800 4.85200 2.73600 0.71200 5.95100 10.95600 2.10600 0.84400 4.32300 10.48800 7.44600 7.19200
139.00000 11.71900 16.41800 5.99200 3.40800 3.62100 4.36400 4.69000 1.68900 4.97400 10.46800 5.03500 2.30900 3.34700 10.00000 7.44600 4.75100
140.00000 11.23000 15.93000 6.48000 3.40800 2.64500 3.87600 6.64300 2.17700 3.51000 8.51400 6.98900 3.28600 1.39400 8.04600 6.47000 1.33300
141.00000 10.25400 14.46500 4.52700 3.40800 2.15700 2.89900 6.64300 2.17700 2.53300 7.53800 7.47700 3.77400 0.41700 7.07000 5.98100 0.35600
142.00000 8.30100 11.53600 1.59700 2.43100 1.18000 1.43400 4.69000 1.20000 1.55600 7.05000 7.47700 4.26200 1.88200 8.53500 7.44600 3.28600
143.00000 5.85900 8.11800 -1.82100 0.47800 -0.28500 -0.03100 3.22500 -0.26400 1.55600 7.05000 6.98900 4.26200 4.32300 10.97600 8.42300 7.19200
144.00000 2.93000 5.67600 -2.79700 -1.47500 -0.77300 -1.49500 3.22500 -0.75300 2.04500 7.05000 6.50000 3.77400 5.30000 11.46400 8.91100 9.14500
145.00000 1.46500 5.18800 -2.79700 -2.45200 -0.77300 -1.98400 5.17800 -0.75300 2.53300 7.53800 6.98900 2.79700 4.32300 9.51100 6.47000 6.21500
146.00000 0.48800 5.18800 -2.79700 -2.94000 -0.28500 -2.47200 7.13100 -0.75300 2.53300 7.53800 7.47700 2.30900 1.88200 6.09300 3.54000 0.35600
147.00000 0.00000 6.16500 -3.77400 -2.94000 0.20300 -1.98400 7.13100 -0.75300 2.53300 7.05000 7.47700 1.82100 -0.07100 4.14000 1.58700 -4.03800
148.00000 0.00000 6.16500 -6.21500 -3.91600 0.69200 -2.96000 3.71300 -1.24100 2.04500 7.05000 7.47700 1.82100 -0.55900 4.62800 2.56300 -4.03800
149.00000 -0.48800 5.67600 -9.63300 -4.89300 0.69200 -3.93700 -2.14600 -2.70600 2.53300 6.56100 6.01200 1.82100 0.41700 7.07000 4.51700 -0.13200
150.00000 -1.95300 3.72300 -13.05100 -5.87000 0.20300 -4.91300 -7.51700 -3.68200 3.02100 6.56100 3.57100 0.84400 1.88200 9.02300 5.49300 3.77400
151.00000 -3.90600 2.74700 -15.00400 -6.84600 -0.77300 -5.40200 -9.95900 -4.65900 3.51000 6.56100 1.12900 -1.10900 2.37000 10.00000 3.54000 4.26200
152.00000 -5.85900 1.77000 -15.98100 -6.84600 -0.77300 -4.42500 -9.47100 -5.14700 3.99800 7.05000 -1.31200 -2.57400 1.39400 8.53500 0.12200 1.33300
153.00000 -7.81200 1.77000 -15.49300 -6.35800 -0.77300 -2.96000 -7.02900 -5.14700 3.99800 7.53800 -2.28900 -4.03800 -0.55900 6.58200 -2.80800 -2.57400
154.00000 -8.78900 1.77000 -15.49300 -5.87000 -0.28500 -2.47200 -4.58800 -4.65900 3.51000 7.53800 -2.28900 -4.52700 -2.51300 5.11700 -4.27200 -4.03800
155.00000 -9.76600 0.79300 -16.46900 -6.35800 -0.28500 -2.47200 -4.10000 -5.14700 3.02100 7.05000 -2.28900 -4.03800 -3.00100 4.62800 -3.78400 -4.03800
156.00000 -10.25400 -0.18300 -17.44600 -7.33400 -0.28500 -3.44800 -5.07600 -4.65900 2.04500 6.07300 -2.28900 -4.03800 -3.48900 4.14000 -2.80800 -3.55000
157.00000 -11.23000 -1.64800 -17.93400 -8.31100 -0.28500 -3.44800 -6.54100 -4.17100 2.04500 5.09600 -2.28900 -3.55000 -3.00100 2.67500 -2.31900 -4.52700
158.00000 -11.71900 -1.64800 -18.42200 -8.79900 -0.77300 -3.44800 -6.54100 -4.17100 2.53300 5.58500 -1.80100 -2.57400 -2.02400 1.69900 -2.80800 -5.99200
159.00000 -11.71900 -0.67100 -17.44600 -8.79900 -0.28500 -1.49500 -5.56400 -3.68200 3.02100 7.05000 0.15300 -1.59700 -1.04800 1.21100 -2.31900 -6.48000
160.00000 -11.71900 1.28200 -16.46900 -8.31100 0.20300 0.45800 -4.10000 -3.19400 3.99800 8.51400 1.61700 -0.62100 0.41700 2.67500 -0.85400 -4.52700
161.00000 -11.71900 2.74700 -15.00400 -8.31100 0.69200 1.43400 -3.61100 -3.19400 4.48600 9.49100 1.61700 -0.62100 2.37000 5.11700 1.09900 -1.59700
162.00000 -12.20700 2.74700 -15.00400 -8.79900 0.69200 1.43400 -4.10000 -3.19400 4.97400 9.97900 0.15300 -0.62100 4.32300 7.07000 1.09900 0.84400
163.00000 -13.18400 1.28200 -15.98100 -9.77600 0.20300 0.45800 -5.56400 -3.68200 4.97400 9.49100 -2.77700 -1.59700 4.81200 7.07000 -0.36600 1.33300
164.00000 -14.16000 0.30500 -16.46900 -10.75200 -1.26100 -0.03100 -6.54100 -4.17100 4.97400 9.49100 -5.21900 -2.08500 5.30000 6.09300 -2.80800 -0.13200
165.00000 -14.16000 -0.18300 -16.95800 -12.21700 -2.23800 -0.03100 -7.02900 -4.17100 4.97400 9.49100 -5.21900 -1.59700 5.78800 5.11700 -4.27200 -2.08500
166.00000 -13.18400 0.30500 -15.98100 -12.21700 -2.72600 0.94600 -5.56400 -3.68200 4.97400 10.46800 -3.26500 0.35600 6.27600 5.60500 -3.29600 -2.08500
167.00000 -11.71900 1.28200 -14.02800 -11.24100 -3.21500 1.92300 -4.10000 -2.70600 3.99800 10.95600 0.15300 2.30900 7.25300 7.55800 0.12200 0.35600
168.00000 -11.23000 1.28200 -11.58700 -10.75200 -3.70300 1.43400 -1.65800 -1.72900 3.51000 10.95600 3.57100 4.26200 8.23000 10.00000 4.02800 3.28600
169.00000 -12.20700 1.28200 -10.61000 -10.26400 -4.67900 0.45800 0.29500 -0.26400 3.02100 10.95600 6.01200 5.72700 8.71800 12.44100 6.47000 6.70400
170.00000 -14.16000 0.30500 -11.09800 -10.75200 -6.14400 -1.49500 2.24800 0.22400 2.53300 9.49100 6.50000 6.70400 9.69400 13.41800 7.44600 8.16900
171.00000 -16.60200 -0.18300 -12.56300 -11.72900 -8.58600 -3.44800 3.71300 0.22400 2.04500 8.02600 6.01200 7.19200 10.18300 13.41800 7.44600 8.65700
172.00000 -18.06600 0.30500 -14.51600 -12.70500 -9.56200 -4.91300 4.20100 0.22400 2.04500 7.05000 5.52400 8.16900 10.67100 12.92900 7.44600 9.14500
173.00000 -18.55500 1.28200 -14.51600 -12.70500 -9.07400 -4.42500 4.20100 0.22400 2.04500 6.56100 6.50000 8.65700 11.15900 12.44100 8.42300 8.16900
174.00000 -17.09000 2.25800 -13.54000 -12.21700 -7.60900 -2.96000 3.22500 1.20000 2.53300 7.05000 8.45300 9.63300 10.67100 11.46400 9.88800 7.19200
175.00000 -16.11300 3.72300 -11.58700 -10.75200 -6.63200 -1.00700 2.73600 1.68900 3.02100 8.51400 10.40600 9.63300 10.18300 10.97600 10.37600 6.21500
176.00000 -15.62500 4.70000 -9.63300 -10.26400 -5.65600 1.43400 1.76000 1.68900 3.02100 10.46800 11.38300 9.63300 9.20600 10.48800 10.37600 4.75100
177.00000 -15.13700 5.67600 -9.63300 -10.26400 -5.65600 3.38700 1.27200 1.20000 2.53300 11.93200 11.38300 8.16900 8.23000 10.00000 8.42300 3.77400
178.00000 -15.13700 6.16500 -10.12200 -10.75200 -6.14400 4.85200 1.27200 -0.26400 1.55600 12.90900 9.43000 6.21500 7.25300 9.51100 6.47000 3.77400
179.00000 -14.64800 6.16500 -11.09800 -11.72900 -6.63200 5.34100 0.78300 -1.72900 0.58000 13.39700 6.50000 4.26200 6.27600 10.00000 5.00500 3.77400
180.00000 -14.16000 5.18800 -11.09800 -12.21700 -7.12100 4.36400 0.29500 -2.70600 -0.39700 12.90900 4.05900 2.30900 4.81200 9.51100 4.02800 3.77400
181.00000 -13.18400 4.21100 -10.61000 -11.24100 -6.63200 2.89900 -0.68200 -2.70600 -0.88500 10.95600 2.10600 1.33300 3.83500 9.02300 3.54000 2.79700
182.00000 -12.20700 4.21100 -10.12200 -10.26400 -6.63200 1.92300 -1.65800 -2.70600 -0.88500 9.49100 1.12900 0.84400 3.83500 8.04600 3.05200 1.82100
183.00000 -10.74200 5.18800 -9.14500 -8.79900 -6.63200 1.92300 -1.65800 -2.21800 -0.88500 8.02600 1.12900 0.84400 3.83500 8.04600 2.56300 1.82100
184.00000 -9.27700 7.62900 -8.16900 -7.33400 -6.14400 2.89900 -1.65800 -1.72900 -0.88500 7.05000 1.12900 0.84400 3.34700 8.04600 3.05200 2.79700
185.00000 -7.81200 10.07100 -8.16900 -6.84600 -4.67900 4.85200 -0.68200 -1.72900 -1.37300 6.56100 2.10600 0.35600 2.85800 8.53500 4.02800 4.26200
186.00000 -7.32400 11.53600 -7.68000 -5.87000 -3.70300 6.31700 0.78300 -1.72900 -2.35000 6.56100 2.59400 -0.62100 1.39400 7.07000 4.02800 4.26200
187.00000 -6.83600 11.53600 -7.68000 -6.35800 -2.72600 6.80500 0.78300 -1.72900 -3.32600 6.56100 2.59400 -0.62100 -1.04800 4.14000 3.54000 2.30900
188.00000 -7.32400 10.07100 -8.65700 -6.84600 -2.72600 5.34100 0.29500 -2.21800 -3.81500 5.09600 2.10600 -1.59700 -3.48900 0.23400 1.58700 -1.59700
189.00000 -7.81200 8.60600 -9.63300 -8.31100 -3.70300 3.38700 -1.17000 -2.70600 -4.30300 3.63200 0.64100 -1.59700 -4.95400 -3.18400 -0.36600 -5.01500
190.00000 -8.78900 7.14100 -11.09800 -9.77600 -5.65600 0.94600 -2.14600 -3.19400 -4.30300 1.19000 -0.82400 -1.59700 -5.44200 -5.62500 -1.83100 -5.99200
191.00000 -9.76600 6.65300 -12.07500 -10.75200 -8.09700 -0.51900 -1.65800 -3.19400 -4.30300 -0.76300 -2.28900 -2.08500 -4.95400 -6.11400 -2.31900 -6.48000
192.00000 -10.74200 6.16500 -12.56300 -11.72900 -9.56200 -1.49500 -0.68200 -2.70600 -4.30300 -1.25100 -2.77700 -2.08500 -4.46600 -5.13700 -2.31900 -5.99200
193.00000 -12.69500 5.67600 -11.58700 -11.24100 -10.05000 -1.98400 0.29500 -2.70600 -3.32600 -0.76300 -2.28900 -2.57400 -3.48900 -4.64900 -2.31900 -6.48000
194.00000 -13.67200 5.18800 -11.09800 -11.24100 -9.56200 -1.98400 0.29500 -2.70600 -1.86200 0.21400 -1.31200 -2.57400 -3.00100 -3.18400 -2.31900 -7.45600
195.00000 -13.67200 4.21100 -10.61000 -10.75200 -8.58600 -1.49500 -1.17000 -2.70600 0.09200 2.16700 0.15300 -2.08500 -1.04800 -1.71900 -1.83100 -6.96800
196.00000 -12.20700 3.72300 -10.61000 -10.75200 -7.12100 -0.51900 -3.61100 -3.68200 1.55600 3.63200 0.15300 -1.59700 0.41700 1.21100 -0.36600 -4.52700
197.00000 -10.25400 4.70000 -10.61000 -10.75200 -5.65600 0.45800 -5.56400 -3.68200 2.53300 4.60800 0.15300 -1.10900 1.88200 3.16400 0.61000 -1.59700
198.00000 -8.30100 6.16500 -10.12200 -10.26400 -4.67900 1.92300 -5.56400 -3.68200 2.53300 5.09600 -1.31200 -1.10900 2.37000 3.65200 1.09900 -0.13200
199.00000 -7.81200 7.14100 -9.63300 -9.28800 -3.70300 3.38700 -4.10000 -3.68200 2.53300 5.58500 -3.26500 -2.57400 1.39400 1.21100 0.12200 -2.08500
200.00000 -8.78900 7.14100 -9.63300 -9.28800 -3.21500 3.87600 -3.61100 -4.17100 2.53300 5.09600 -5.70700 -4.03800 -1.04800 -1.71900 -2.31900 -5.50300
201.00000 -10.74200 5.67600 -11.09800 -10.26400 -3.70300 2.89900 -4.58800 -5.63600 2.04500 4.12000 -8.63600 -5.99200 -2.51300 -3.67200 -4.76100 -8.43300
202.00000 -13.18400 3.23500 -14.02800 -12.21700 -5.16800 0.94600 -8.00600 -7.58900 2.53300 3.14300 -10.59000 -7.45600 -3.00100 -3.67200 -6.22600 -8.43300
203.00000 -14.64800 0.79300 -16.46900 -14.17000 -6.63200 -1.49500 -11.91200 -9.05400 1.55600 1.67800 -11.07800 -7.94500 -2.51300 -2.20700 -6.22600 -5.50300
204.00000 -15.62500 0.30500 -17.44600 -15.14700 -7.60900 -3.93700 -13.37700 -9.54200 0.58000 0.21400 -10.59000 -6.96800 -2.02400 -1.71900 -4.76100 -3.06200
205.00000 -15.62500 0.79300 -16.95800 -14.65900 -8.09700 -4.91300 -10.93500 -8.07700 -0.39700 -0.27500 -8.63600 -5.99200 -3.00100 -2.69600 -3.29600 -3.06200
206.00000 -14.64800 2.74700 -14.51600 -13.68200 -7.60900 -4.42500 -6.05300 -6.12400 -1.37300 -0.27500 -5.70700 -4.03800 -4.95400 -5.62500 -2.80800 -6.48000
207.00000 -13.67200 4.21100 -11.58700 -11.72900 -6.63200 -2.47200 -1.17000 -4.17100 -0.88500 0.70200 -3.26500 -3.06200 -5.93100 -8.06700 -2.80800 -10.87400
208.00000 -11.71900 5.67600 -8.65700 -10.26400 -5.65600 -0.51900 1.76000 -2.70600 0.58000 2.65500 -0.82400 -1.59700 -5.93100 -8.06700 -2.31900 -12.82800
209.00000 -9.76600 6.65300 -6.70400 -9.77600 -4.67900 1.43400 1.76000 -2.70600 2.53300 4.60800 0.15300 -0.62100 -3.97700 -5.13700 -1.83100 -10.87400
210.00000 -7.81200 7.14100 -5.23900 -9.28800 -4.19100 2.41100 1.27200 -2.70600 3.51000 6.56100 1.61700 1.33300 -1.04800 -0.25400 0.12200 -5.50300
211.00000 -6.83600 8.11800 -3.77400 -8.79900 -4.19100 2.89900 1.76000 -2.21800 3.99800 8.02600 2.59400 3.28600 2.37000 4.14000 3.05200 -0.13200
212.00000 -6.34800 8.60600 -2.79700 -8.79900 -4.19100 3.38700 3.22500 -1.24100 3.51000 9.49100 4.05900 4.75100 3.83500 7.07000 5.98100 4.26200
213.00000 -5.37100 9.58300 -2.30900 -7.82300 -4.67900 3.38700 5.17800 -0.75300 3.02100 9.97900 5.03500 5.72700 4.81200 7.55800 7.93500 5.23900
214.00000 -4.39500 10.07100 -1.82100 -7.33400 -4.67900 3.38700 6.64300 -0.26400 2.53300 9.97900 5.52400 5.72700 4.32300 6.58200 7.93500 4.75100
215.00000 -2.93000 11.53600 -1.33300 -6.84600 -5.16800 2.41100 6.64300 -0.75300 2.53300 9.97900 4.54700 4.26200 4.32300 5.60500 6.47000 3.28600
216.00000 -1.46500 12.51200 -0.84400 -5.87000 -6.14400 0.94600 6.15400 -1.24100 2.04500 9.00300 2.59400 2.30900 3.83500 4.14000 4.02800 2.30900
217.00000 0.00000 13.97700 0.13200 -5.38100 -6.14400 0.45800 5.17800 -1.24100 2.04500 8.02600 0.15300 0.35600 3.83500 3.16400 1.58700 1.33300
218.00000 0.00000 14.95400 0.62100 -4.89300 -6.14400 1.43400 3.22500 -1.72900 2.04500 7.53800 -2.28900 -0.62100 4.32300 2.67500 0.61000 0.84400
219.00000 0.00000 15.93000 1.10900 -4.40500 -5.16800 3.87600 0.78300 -1.72900 2.04500 8.02600 -2.77700 -1.10900 4.32300 2.67500 0.12200 0.35600
220.00000 0.97700 16.41800 0.62100 -4.40500 -4.19100 6.31700 -1.17000 -2.21800 2.53300 9.49100 -2.77700 -1.10900 4.32300 3.16400 0.61000 0.35600
221.00000 2.93000 17.39500 0.13200 -4.89300 -3.21500 8.27000 -2.63500 -3.19400 2.53300 10.46800 -1.31200 -1.59700 4.32300 3.65200 0.61000 0.84400
222.00000 4.88300 18.37200 -0.35600 -4.40500 -2.72600 7.78200 -1.65800 -2.70600 3.02100 10.95600 0.15300 -1.10900 4.32300 4.62800 1.09900 2.30900
223.00000 5.85900 18.86000 0.13200 -4.40500 -3.21500 5.82900 0.78300 -2.21800 3.02100 10.46800 1.61700 -0.13200 4.32300 5.60500 2.56300 4.26200
224.00000 5.85900 19.34800 1.10900 -3.91600 -3.70300 4.36400 3.71300 -1.24100 3.02100 10.95600 3.08200 1.82100 4.81200 7.07000 5.00500 5.72700
225.00000 4.88300 19.34800 2.57400 -3.42800 -3.70300 3.87600 5.66600 -0.26400 3.99800 12.42100 4.05900 3.77400 5.78800 9.51100 7.44600 6.70400
226.00000 3.90600 18.86000 3.55000 -3.91600 -3.21500 5.34100 6.15400 -0.26400 4.97400 14.86200 5.03500 4.75100 6.76500 11.46400 8.91100 7.19200
227.00000 3.90600 19.34800 4.52700 -3.91600 -2.72600 6.80500 5.66600 -0.26400 6.43900 17.30300 5.52400 5.23900 7.74100 13.90600 8.42300 6.70400
228.00000 5.37100 19.34800 5.01500 -4.40500 -2.72600 7.29400 5.66600 -0.75300 7.41600 19.25700 6.01200 4.75100 8.71800 14.88200 7.44600 5.72700
229.00000 6.83600 19.83600 5.50300 -4.40500 -3.21500 7.29400 6.64300 -0.75300 7.41600 19.25700 5.52400 4.26200 9.20600 15.37100 5.49300 5.72700
230.00000 7.32400 19.83600 5.01500 -4.89300 -3.70300 6.31700 7.61900 -0.75300 6.92700 18.28000 5.52400 4.26200 9.20600 14.39400 5.00500 5.72700
231.00000 6.34800 19.34800 3.06200 -5.87000 -4.67900 5.34100 7.13100 -1.24100 5.95100 16.32700 5.03500 4.75100 9.69400 12.92900 5.00500 6.21500
232.00000 4.39500 18.86000 0.62100 -7.33400 -5.16800 5.34100 5.17800 -2.21800 5.46300 15.35000 3.57100 4.26200 9.69400 12.44100 5.00500 5.72700
233.00000 3.41800 18.37200 -0.84400 -8.79900 -4.67900 5.82900 2.24800 -3.19400 5.46300 14.86200 1.12900 3.28600 9.69400 11.95300 4.02800 4.75100
234.00000 2.93000 18.86000 -1.33300 -9.77600 -4.19100 6.31700 0.29500 -5.14700 5.95100 14.86200 -1.31200 2.30900 9.20600 11.46400 2.56300 3.28600
235.00000 3.90600 19.83600 -0.35600 -9.28800 -4.19100 6.80500 0.29500 -5.63600 5.95100 14.37400 -3.26500 1.82100 8.23000 10.48800 1.09900 1.33300
236.00000 4.88300 21.79000 1.10900 -8.79900 -4.19100 6.80500 1.27200 -5.14700 5.95100 13.39700 -3.26500 1.82100 7.74100 9.02300 0.61000 0.35600
237.00000 5.85900 23.74300 1.10900 -8.31100 -4.67900 6.31700 1.76000 -3.68200 5.46300 12.42100 -2.28900 2.30900 7.25300 7.55800 2.07500 0.35600
238.00000 6.34800 24.23100 -0.35600 -7.82300 -4.67900 6.31700 1.76000 -3.19400 4.48600 11.44400 -1.31200 2.79700 6.76500 6.09300 3.54000 1.82100
239.00000 6.34800 24.23100 -1.82100 -7.33400 -4.19100 5.82900 -0.19300 -2.70600 4.48600 10.46800 -1.80100 1.82100 5.78800 5.11700 3.54000 3.28600
240.00000 5.85900 22.76600 -3.28600 -6.84600 -3.70300 5.82900 -1.65800 -2.70600 4.48600 10.46800 -2.77700 -0.13200 5.30000 4.62800 2.07500 4.26200
241.00000 5.37100 21.30100 -2.79700 -5.87000 -2.72600 5.82900 -1.65800 -3.19400 4.48600 10.95600 -4.24200 -2.08500 4.32300 5.11700 -0.85400 3.77400
242.00000 4.88300 20.32500 -0.84400 -5.38100 -2.23800 5.82900 -0.19300 -3.68200 3.99800 11.93200 -4.73000 -4.03800 3.34700 5.60500 -3.78400 2.30900
243.00000 4.39500 21.30100 0.62100 -4.89300 -1.75000 6.31700 2.73600 -3.68200 3.99800 12.90900 -4.73000 -5.50300 2.85800 6.09300 -5.73700 -0.13200
244.00000 4.88300 22.76600 2.57400 -4.89300 -1.26100 6.80500 5.17800 -4.17100 4.48600 13.88500 -3.75400 -6.96800 2.85800 7.07000 -7.69000 -2.08500
245.00000 5.85900 24.71900 3.06200 -5.38100 -1.26100 7.29400 7.61900 -4.17100 5.46300 15.35000 -3.75400 -7.94500 2.37000 8.04600 -9.15500 -3.55000
246.00000 6.34800 25.69600 3.06200 -6.35800 -1.26100 7.78200 8.59600 -4.65900 6.43900 16.81500 -3.26500 -8.92100 1.88200 9.02300 -10.62000 -4.03800
247.00000 6.34800 24.71900 3.55000 -6.84600 -1.26100 8.27000 8.10800 -4.17100 6.92700 17.79200 -3.26500 -9.89800 0.90500 9.51100 -12.08500 -4.52700
248.00000 4.88300 23.25400 3.06200 -6.84600 -2.23800 8.27000 6.64300 -4.17100 6.43900 18.28000 -2.77700 -9.41000 -0.07100 9.51100 -12.08500 -4.52700
249.00000 2.93000 21.79000 2.08500 -7.33400 -2.23800 7.78200 5.17800 -3.19400 5.46300 17.30300 -1.80100 -8.43300 -1.04800 8.04600 -11.10800 -4.52700
250.00000 0.97700 20.81300 0.13200 -7.33400 -2.23800 7.29400 3.22500 -2.70600 3.99800 14.86200 -0.82400 -7.45600 -3.00100 4.62800 -10.13200 -5.50300
251.00000 -0.48800 20.32500 -1.33300 -6.35800 -1.75000 5.34100 2.73600 -1.72900 2.53300 11.44400 -1.31200 -6.96800 -4.95400 -0.25400 -8.66700 -6.96800
252.00000 -0.97700 19.34800 -2.79700 -4.89300 -1.26100 2.89900 3.22500 -1.24100 1.55600 7.05000 -3.75400 -6.96800 -7.88400 -6.60200 -8.66700 -9.41000
253.00000 -1.95300 17.88300 -3.77400 -3.91600 -1.75000 -0.51900 3.22500 -0.26400 0.09200 3.14300 -7.17200 -6.96800 -10.81300 -12.46100 -9.64400 -13.31600
254.00000 -2.93000 15.44200 -4.75100 -2.45200 -2.72600 -3.44800 0.78300 -0.75300 -0.88500 0.21400 -10.10100 -6.96800 -13.74300 -16.85600 -10.62000 -18.19900
255.00000 -4.88300 13.00000 -6.70400 -1.96300 -3.70300 -5.40200 -3.12300 -1.72900 -2.35000 -2.22800 -12.05400 -7.45600 -15.69600 -20.27400 -12.08500 -22.59300
256.00000 -6.34800 11.53600 -8.65700 -2.94000 -3.70300 -6.37800 -7.51700 -2.70600 -2.83800 -3.69300 -12.05400 -7.45600 -17.16100 -21.73900 -13.55000 -25.03500
