1.00000 2.24800 -1.80100 -1.40400 -1.82100 2.51300 6.09300 -2.77700 -2.65500 3.74300 7.89400 -0.20300 0.73200 4.04900 5.98100 4.52700 4.98500
2.00000 2.24800 -0.82400 -0.91600 -2.79700 2.02400 5.60500 -4.73000 -2.65500 3.25500 7.89400 1.75000 1.22100 5.02500 6.47000 5.01500 5.96100
3.00000 2.24800 0.15300 -0.42700 -3.28600 1.53600 5.11700 -5.70700 -3.14300 2.27900 7.40600 2.72600 1.70900 5.51400 6.47000 5.01500 6.44900
4.00000 2.24800 0.64100 -0.91600 -3.77400 1.53600 5.11700 -5.21900 -3.63200 1.79000 5.94100 3.21500 2.19700 5.51400 5.49300 5.01500 7.42600
5.00000 1.76000 0.15300 -1.89200 -4.26200 2.02400 4.62800 -2.77700 -4.12000 1.30200 3.49900 3.21500 2.19700 4.53700 3.05200 5.50300 7.91400
6.00000 1.27200 -0.82400 -1.89200 -4.26200 2.02400 4.62800 -0.82400 -4.12000 0.32600 1.54600 3.21500 2.19700 3.56000 1.09900 5.50300 6.93800
7.00000 0.78300 -3.26500 -1.89200 -3.77400 1.53600 3.65200 -0.33600 -3.63200 -1.13900 -0.40700 3.21500 1.70900 1.60700 -0.85400 5.01500 4.49600
8.00000 0.29500 -5.70700 -1.89200 -3.77400 -0.41700 1.21100 -1.31200 -2.65500 -2.60400 -2.36000 3.21500 0.73200 -0.34600 -2.80800 4.52700 0.59000
9.00000 0.29500 -8.14800 -1.89200 -3.28600 -2.37000 -2.20700 -3.26500 -2.16700 -3.58100 -3.82500 2.72600 0.24400 -2.29900 -4.27200 3.55000 -2.34000
10.00000 -0.19300 -8.63600 -1.89200 -3.28600 -3.83500 -4.64900 -4.73000 -1.67800 -4.55700 -4.31300 2.72600 -0.24400 -3.27600 -4.27200 3.06200 -3.31600
11.00000 0.29500 -8.14800 -2.38000 -3.77400 -4.81200 -5.62500 -4.24200 -0.70200 -4.55700 -4.31300 2.72600 -0.24400 -3.27600 -2.80800 4.52700 -0.87500
12.00000 -0.19300 -6.68300 -2.86900 -3.77400 -4.32300 -5.13700 -2.28900 0.27500 -3.58100 -2.84800 3.21500 0.73200 -2.29900 -0.85400 6.48000 3.52000
13.00000 -0.19300 -6.68300 -2.86900 -4.75100 -3.83500 -3.67200 -1.31200 0.76300 -2.60400 -0.89500 3.70300 2.68600 -0.34600 2.07500 8.43300 7.91400
14.00000 -0.68200 -7.66000 -3.35700 -5.72700 -3.83500 -2.69600 -0.82400 0.76300 -1.13900 0.57000 4.19100 3.66200 1.60700 4.02800 9.41000 9.86700
15.00000 -0.68200 -8.63600 -3.84500 -6.70400 -3.83500 -2.69600 -2.28900 0.27500 -0.16300 2.52300 3.21500 4.15000 3.07200 5.49300 8.43300 9.86700
16.00000 0.29500 -8.63600 -4.33300 -7.68000 -4.32300 -2.20700 -3.26500 -0.70200 0.81400 3.49900 1.75000 3.66200 4.53700 5.98100 6.48000 8.89100
17.00000 1.76000 -7.66000 -4.82200 -7.19200 -4.32300 -1.71900 -3.26500 -1.19000 1.30200 4.47600 -0.20300 2.68600 5.51400 5.98100 5.01500 8.40300
18.00000 2.73600 -6.19500 -4.33300 -7.19200 -4.32300 -1.23100 -1.80100 -1.19000 1.79000 4.96400 -0.20300 2.19700 6.00200 6.47000 4.52700 8.40300
19.00000 3.22500 -6.19500 -3.84500 -6.70400 -5.30000 -1.71900 0.15300 -0.70200 1.79000 4.96400 0.28500 2.19700 6.00200 7.44600 5.01500 9.37900
20.00000 1.76000 -9.12500 -3.84500 -6.70400 -6.76500 -3.67200 1.61700 -0.70200 0.81400 3.98800 1.75000 1.70900 5.51400 6.95800 5.50300 9.37900
21.00000 -0.68200 -13.03100 -4.33300 -7.68000 -9.20600 -7.09000 1.61700 -1.19000 -0.65100 1.54600 1.75000 0.73200 4.04900 5.49300 5.50300 7.91400
22.00000 -4.10000 -16.93700 -5.79800 -9.14500 -11.15900 -10.02000 -0.33600 -2.16700 -2.11600 -0.40700 0.28500 -0.24400 3.07200 4.02800 4.03800 5.96100
23.00000 -6.05300 -17.91400 -6.28700 -10.61000 -11.64800 -10.50800 -3.26500 -4.12000 -3.09200 -2.36000 -0.20300 -1.22100 2.58400 3.54000 2.57400 4.98500
24.00000 -5.56400 -15.96100 -6.28700 -10.61000 -10.18300 -8.55500 -5.21900 -4.60800 -2.60400 -2.36000 0.28500 -1.22100 3.07200 4.51700 3.06200 6.44900
25.00000 -3.12300 -13.03100 -4.82200 -10.12200 -7.74100 -5.62500 -5.21900 -4.60800 -1.13900 -0.89500 3.21500 0.73200 4.53700 6.95800 4.52700 9.37900
26.00000 -0.68200 -10.10100 -3.35700 -8.65700 -5.30000 -3.67200 -3.26500 -3.14300 0.81400 1.05800 7.60900 3.66200 6.00200 9.39900 7.45600 11.82000
27.00000 1.76000 -9.61300 -1.89200 -8.16900 -4.32300 -3.67200 0.64100 -1.67800 1.79000 2.52300 11.02700 6.10400 6.00200 10.37600 9.89800 12.30900
28.00000 2.24800 -11.07800 -1.89200 -7.19200 -4.81200 -5.62500 4.05900 -0.21400 2.27900 2.52300 12.49200 7.08000 5.02500 9.39900 10.87400 10.35600
29.00000 1.27200 -13.51900 -2.38000 -7.19200 -6.27600 -8.06700 4.54700 0.27500 1.30200 2.03500 11.02700 6.10400 3.07200 6.95800 9.89800 7.42600
30.00000 -0.19300 -15.47200 -3.84500 -7.19200 -7.74100 -9.53200 3.08200 0.27500 0.32600 1.54600 8.09700 5.12700 1.60700 5.00500 7.94500 4.98500
31.00000 -2.14600 -16.93700 -4.82200 -7.19200 -9.69400 -10.50800 -0.33600 -0.70200 -0.16300 1.05800 5.65600 3.66200 0.14200 3.54000 5.50300 3.52000
32.00000 -3.61100 -17.91400 -5.31000 -7.68000 -10.67100 -10.50800 -3.26500 -0.70200 -0.65100 0.57000 3.21500 2.68600 -0.34600 2.56300 3.55000 2.54300
33.00000 -4.58800 -18.40200 -5.79800 -8.16900 -11.64800 -10.50800 -4.24200 -1.19000 -1.13900 0.57000 2.72600 2.68600 -1.32200 0.61000 2.57400 0.59000
34.00000 -4.58800 -18.89000 -5.31000 -8.65700 -12.13600 -10.99700 -3.26500 -1.19000 -1.62800 -0.40700 2.72600 3.17400 -2.78700 -1.34300 1.59700 -2.34000
35.00000 -4.10000 -18.40200 -3.84500 -8.65700 -11.64800 -10.50800 -1.31200 -1.19000 -2.11600 -0.89500 3.70300 3.66200 -3.76400 -3.78400 1.59700 -4.78100
36.00000 -2.63500 -16.93700 -2.38000 -8.16900 -11.15900 -9.53200 0.64100 -1.19000 -1.62800 -1.38300 5.65600 4.63900 -4.25200 -4.76100 2.57400 -5.26900
37.00000 -1.17000 -15.47200 -0.91600 -7.68000 -9.69400 -8.55500 2.10600 -0.70200 -1.13900 -1.38300 7.60900 6.10400 -2.78700 -4.27200 4.52700 -2.82800
38.00000 -0.68200 -14.49600 0.06100 -7.19200 -9.20600 -7.57900 4.05900 0.27500 -0.65100 -1.38300 10.05000 7.56800 -1.32200 -2.31900 6.96800 0.59000
39.00000 -1.65800 -15.47200 0.54900 -6.70400 -9.20600 -8.06700 6.50000 1.74000 -0.65100 -1.38300 12.00400 9.52100 0.14200 -0.85400 8.43300 3.52000
40.00000 -2.63500 -17.42600 0.54900 -5.72700 -9.69400 -9.53200 9.91800 2.71600 -1.62800 -2.36000 12.98000 10.49800 0.63100 -0.36600 9.41000 5.47300
41.00000 -3.61100 -19.37900 1.03800 -4.75100 -10.67100 -10.99700 10.89500 3.20400 -2.60400 -3.33700 13.46800 10.49800 0.63100 -0.36600 9.41000 5.47300
42.00000 -3.12300 -19.86700 1.52600 -3.28600 -10.67100 -11.48500 9.91800 3.20400 -3.09200 -4.31300 13.46800 10.01000 0.14200 -0.36600 9.89800 5.47300
43.00000 -1.65800 -18.40200 2.01400 -2.79700 -9.20600 -10.50800 6.50000 2.71600 -2.60400 -3.82500 13.46800 9.52100 0.63100 0.61000 10.38600 6.93800
44.00000 -0.19300 -15.96100 2.01400 -2.79700 -8.23000 -8.55500 3.08200 2.71600 -0.65100 -1.87200 14.44500 10.01000 2.58400 2.56300 12.33900 8.89100
45.00000 0.78300 -13.51900 1.52600 -3.77400 -7.74100 -6.60200 1.61700 2.22800 1.30200 0.57000 15.91000 10.49800 4.53700 5.00500 13.80400 11.33200
46.00000 0.29500 -12.54300 0.06100 -5.72700 -7.74100 -5.62500 2.59400 1.74000 2.76700 3.01100 15.91000 10.98600 6.00200 6.95800 14.29200 11.82000
47.00000 -1.65800 -13.51900 -1.89200 -7.68000 -8.23000 -4.64900 4.54700 0.76300 3.25500 3.98800 15.42200 10.49800 6.49000 7.44600 13.80400 11.33200
48.00000 -3.61100 -14.98400 -4.82200 -9.14500 -8.71800 -4.16100 5.03500 -0.21400 2.76700 4.47600 13.46800 9.03300 5.51400 7.44600 12.33900 9.86700
49.00000 -5.07600 -16.44900 -6.77500 -10.61000 -8.71800 -3.67200 2.59400 -1.67800 2.27900 4.47600 11.02700 7.56800 5.02500 7.44600 11.36300 9.37900
50.00000 -6.05300 -17.91400 -8.72800 -11.58700 -8.23000 -3.67200 -1.80100 -3.14300 2.27900 4.47600 8.09700 6.10400 5.02500 7.93500 10.87400 10.35600
51.00000 -7.02900 -18.89000 -10.19300 -12.56300 -7.74100 -4.64900 -5.21900 -4.12000 2.27900 4.96400 6.14400 5.61500 5.02500 8.42300 10.87400 11.82000
52.00000 -7.02900 -20.35500 -11.16900 -13.05100 -8.23000 -6.60200 -6.19500 -4.12000 2.27900 4.47600 5.16800 5.61500 5.02500 8.42300 10.87400 12.79700
53.00000 -6.54100 -21.33200 -11.65800 -13.05100 -9.69400 -8.55500 -4.73000 -3.63200 1.30200 3.49900 6.14400 6.10400 5.02500 7.93500 10.87400 12.30900
54.00000 -6.05300 -21.33200 -11.16900 -13.05100 -11.64800 -9.53200 -1.80100 -2.16700 -0.16300 2.52300 8.09700 7.56800 4.53700 6.95800 10.87400 10.35600
55.00000 -5.56400 -21.33200 -10.19300 -13.05100 -13.60100 -10.02000 1.12900 -0.70200 -1.13900 1.05800 10.53900 9.03300 4.53700 6.47000 11.85100 8.89100
56.00000 -6.05300 -21.33200 -9.70500 -13.05100 -15.06600 -10.50800 3.08200 1.25100 -1.62800 0.08100 13.46800 11.47500 5.02500 6.47000 13.31600 9.37900
57.00000 -7.51700 -22.30800 -9.21600 -13.54000 -16.04200 -10.50800 4.05900 2.71600 -1.62800 -0.40700 16.39800 13.42800 6.00200 7.44600 14.78100 11.33200
58.00000 -8.98200 -23.77300 -9.70500 -14.51600 -17.01900 -10.50800 4.54700 3.69300 -2.11600 -0.89500 17.86300 14.89300 7.46700 8.42300 16.24600 13.28500
59.00000 -9.47100 -25.23800 -10.68100 -14.51600 -17.50700 -10.50800 5.03500 4.18100 -2.11600 -1.38300 17.37500 15.38100 7.95500 8.91100 16.73400 14.26200
60.00000 -9.47100 -25.72600 -11.16900 -14.51600 -17.01900 -10.99700 5.03500 3.69300 -2.60400 -2.84800 15.42200 14.40400 7.46700 8.42300 16.24600 14.26200
61.00000 -8.00600 -24.75000 -12.14600 -14.51600 -16.04200 -11.48500 3.57100 2.71600 -3.09200 -3.33700 12.49200 13.42800 6.97800 7.93500 15.26900 12.79700
62.00000 -6.54100 -22.30800 -13.12300 -14.51600 -15.06600 -11.48500 1.12900 1.74000 -3.09200 -4.80100 10.53900 11.96300 6.49000 7.44600 14.29200 11.82000
63.00000 -6.05300 -20.84400 -13.61100 -14.51600 -14.08900 -11.48500 -0.82400 1.25100 -2.60400 -4.80100 9.56200 11.96300 6.49000 7.44600 14.29200 11.33200
64.00000 -6.54100 -19.37900 -13.61100 -14.51600 -14.08900 -11.48500 -0.82400 1.74000 -1.62800 -4.31300 10.53900 11.96300 6.97800 7.93500 13.80400 11.33200
65.00000 -8.00600 -19.37900 -12.63400 -14.51600 -14.57700 -10.50800 1.61700 2.22800 -0.65100 -3.33700 12.49200 12.93900 7.95500 8.91100 13.31600 11.33200
66.00000 -8.98200 -19.86700 -12.14600 -15.00400 -15.55400 -10.50800 3.57100 2.71600 0.32600 -2.36000 13.46800 12.93900 8.44300 8.91100 12.82800 10.35600
67.00000 -10.44700 -21.33200 -12.63400 -15.49300 -16.53000 -11.48500 3.08200 3.20400 0.32600 -2.84800 13.46800 12.45100 8.44300 8.91100 11.85100 9.86700
68.00000 -11.42400 -23.28500 -14.09900 -15.98100 -17.99500 -12.95000 -0.33600 2.71600 -0.65100 -4.80100 12.49200 11.47500 6.97800 6.95800 10.87400 8.40300
69.00000 -12.88900 -25.23800 -16.54100 -16.95800 -18.97200 -15.39100 -5.21900 2.22800 -2.11600 -8.21900 11.02700 10.49800 5.02500 3.05200 8.92100 5.96100
70.00000 -14.35300 -27.19100 -18.00500 -16.95800 -20.43700 -17.34400 -8.14800 1.74000 -4.06900 -11.14900 10.05000 9.52100 2.09600 -1.34300 6.48000 2.05500
71.00000 -15.33000 -28.65600 -18.49400 -16.95800 -21.41300 -18.32100 -7.66000 2.22800 -5.53400 -13.10200 9.56200 9.03300 -0.83400 -5.73700 3.55000 -2.34000
72.00000 -15.33000 -28.65600 -17.51700 -15.98100 -21.41300 -17.83200 -4.73000 3.20400 -6.99900 -14.56700 8.58600 8.05700 -3.27600 -8.66700 1.10900 -6.24600
73.00000 -14.84200 -28.16800 -17.02900 -15.00400 -21.90100 -17.83200 -2.28900 3.69300 -8.46400 -15.05500 7.12100 7.08000 -4.25200 -9.64400 -0.35600 -7.71100
74.00000 -15.33000 -28.16800 -17.51700 -15.00400 -22.39000 -18.32100 -2.28900 3.69300 -9.44000 -16.52000 5.65600 7.08000 -4.25200 -10.13200 0.13200 -6.73400
75.00000 -15.81800 -28.65600 -19.47000 -15.98100 -22.87800 -20.27400 -4.73000 3.20400 -10.41700 -18.96200 3.70300 7.08000 -3.76400 -10.13200 1.10900 -4.29300
76.00000 -16.79500 -30.12100 -20.44700 -17.44600 -23.36600 -22.22700 -8.14800 2.22800 -10.90500 -20.91500 1.75000 7.56800 -4.25200 -11.10800 1.59700 -2.82800
77.00000 -17.28300 -31.09700 -21.42300 -17.93400 -23.36600 -23.69200 -10.10100 1.74000 -10.90500 -22.38000 1.75000 8.05700 -4.25200 -13.06200 1.59700 -3.80500
78.00000 -15.81800 -31.09700 -20.44700 -17.93400 -22.39000 -23.69200 -9.61300 1.74000 -10.41700 -22.38000 1.75000 8.05700 -5.22900 -14.52600 0.13200 -6.73400
79.00000 -13.37700 -29.14400 -18.49400 -15.98100 -20.92500 -22.71500 -8.14800 1.74000 -9.44000 -21.89100 1.75000 7.56800 -5.22900 -15.50300 -0.84400 -8.19900
80.00000 -9.95900 -26.70300 -17.51700 -14.51600 -18.97200 -20.76200 -7.66000 1.74000 -7.97500 -20.91500 2.23800 7.08000 -5.22900 -15.50300 -0.84400 -7.71100
81.00000 -8.00600 -24.26100 -16.54100 -13.05100 -17.99500 -18.80900 -7.66000 1.25100 -6.99900 -19.93800 2.72600 7.56800 -4.25200 -14.03800 0.13200 -5.26900
82.00000 -7.51700 -23.28500 -16.54100 -13.05100 -17.50700 -17.34400 -7.17200 1.74000 -6.99900 -18.96200 4.19100 9.03300 -3.76400 -12.57300 1.59700 -3.80500
83.00000 -8.00600 -22.79700 -17.02900 -13.05100 -17.50700 -16.36800 -4.73000 2.71600 -6.99900 -18.47300 6.14400 10.98600 -3.76400 -12.57300 2.57400 -4.29300
84.00000 -8.49400 -23.28500 -17.02900 -14.02800 -17.99500 -16.36800 -0.82400 3.20400 -6.99900 -17.49700 8.58600 11.96300 -3.76400 -13.06200 3.06200 -7.22200
85.00000 -8.49400 -24.26100 -16.54100 -14.02800 -17.99500 -16.36800 2.59400 3.69300 -6.51000 -16.52000 10.05000 12.45100 -3.76400 -13.55000 3.06200 -9.17600
86.00000 -8.98200 -25.23800 -16.54100 -14.02800 -18.48300 -17.34400 3.08200 3.20400 -6.51000 -15.54400 10.05000 11.96300 -3.27600 -13.06200 3.06200 -9.17600
87.00000 -9.95900 -27.19100 -18.00500 -15.00400 -18.48300 -18.80900 0.15300 1.74000 -6.02200 -15.05500 9.07400 11.47500 -1.81100 -11.10800 3.55000 -5.26900
88.00000 -11.91200 -29.14400 -19.95800 -16.46900 -19.46000 -19.78600 -4.73000 0.27500 -6.02200 -15.05500 7.60900 10.98600 -0.34600 -8.17900 4.52700 -0.87500
89.00000 -13.37700 -30.12100 -21.42300 -17.93400 -20.43700 -20.27400 -9.12500 -1.19000 -6.02200 -14.56700 7.12100 10.49800 0.63100 -5.73700 5.99200 2.05500
90.00000 -14.35300 -29.63300 -21.91200 -18.91100 -21.41300 -19.78600 -10.59000 -1.67800 -6.02200 -13.59000 7.12100 10.49800 0.14200 -4.76100 5.99200 1.56700
91.00000 -13.37700 -27.19100 -21.42300 -18.91100 -20.92500 -17.83200 -10.10100 -1.19000 -6.02200 -12.61400 7.12100 9.52100 -0.83400 -5.24900 5.01500 -1.36300
92.00000 -11.91200 -24.75000 -20.93500 -17.93400 -19.46000 -15.39100 -8.63600 -1.19000 -5.53400 -11.63700 6.14400 8.54500 -2.29900 -6.22600 2.57400 -4.29300
93.00000 -10.44700 -22.79700 -20.93500 -17.44600 -17.99500 -12.95000 -7.66000 -1.19000 -5.04600 -11.14900 4.19100 7.56800 -3.27600 -7.69000 0.62100 -6.24600
94.00000 -10.44700 -22.79700 -21.91200 -17.93400 -17.50700 -11.97300 -8.14800 -1.19000 -5.04600 -11.63700 2.72600 6.59200 -3.27600 -8.66700 -1.33300 -5.75800
95.00000 -11.42400 -24.26100 -23.37600 -18.91100 -17.50700 -12.46100 -9.61300 -1.67800 -5.04600 -12.12600 2.23800 6.10400 -3.27600 -8.66700 -1.82100 -4.78100
96.00000 -12.88900 -26.70300 -24.35300 -20.37600 -18.97200 -14.41400 -10.10100 -1.67800 -5.53400 -13.10200 2.72600 6.59200 -2.78700 -8.17900 -1.33300 -5.26900
97.00000 -13.86500 -28.65600 -24.35300 -21.35200 -20.43700 -16.36800 -9.61300 -1.67800 -5.53400 -12.61400 4.67900 7.56800 -2.29900 -7.69000 -0.35600 -5.75800
98.00000 -12.88900 -29.14400 -22.88800 -20.86400 -20.92500 -17.34400 -8.14800 -0.70200 -5.04600 -11.14900 5.65600 8.54500 -1.32200 -6.71400 1.59700 -5.75800
99.00000 -10.44700 -27.19100 -20.44700 -19.39900 -19.46000 -15.39100 -6.68300 0.27500 -3.58100 -8.70800 6.63200 10.01000 1.11900 -4.76100 3.55000 -3.80500
100.00000 -7.02900 -23.77300 -17.02900 -16.95800 -17.01900 -11.97300 -4.24200 2.22800 -2.11600 -5.29000 7.12100 11.47500 3.56000 -1.83100 5.99200 0.10200
101.00000 -2.63500 -19.37900 -12.63400 -14.02800 -13.60100 -7.09000 -1.80100 4.18100 0.32600 -1.38300 8.09700 12.93900 6.00200 1.09900 8.43300 4.49600
102.00000 1.27200 -15.96100 -8.72800 -11.58700 -10.18300 -2.20700 2.10600 5.64600 1.79000 2.52300 10.05000 13.91600 6.97800 3.54000 9.89800 6.93800
103.00000 3.71300 -13.03100 -6.28700 -10.12200 -7.74100 1.69900 5.52400 6.13400 2.76700 5.45200 12.98000 14.40400 6.49000 4.51700 11.36300 7.42600
104.00000 5.17800 -11.56600 -5.79800 -9.63300 -6.27600 3.65200 7.96500 5.64600 3.25500 7.40600 14.93300 14.40400 5.51400 5.00500 11.85100 7.42600
105.00000 5.17800 -11.56600 -6.77500 -10.12200 -6.27600 4.14000 9.43000 5.15700 3.25500 8.38200 15.91000 14.89300 5.51400 5.98100 13.31600 7.91400
106.00000 4.69000 -11.56600 -8.72800 -11.09800 -6.76500 4.14000 8.94200 4.66900 3.25500 8.38200 15.91000 15.86900 6.49000 6.95800 14.78100 9.37900
107.00000 4.69000 -12.54300 -9.21600 -12.07500 -6.76500 3.65200 8.94200 5.15700 4.23200 8.38200 16.88600 17.82200 7.95500 8.42300 16.73400 11.33200
108.00000 5.17800 -12.54300 -7.75100 -12.56300 -7.25300 3.16400 8.45300 5.64600 5.20800 8.38200 17.86300 19.28700 9.90800 8.91100 17.22200 11.82000
109.00000 5.66600 -13.03100 -6.28700 -13.05100 -7.25300 2.67500 7.96500 5.64600 5.69700 8.87000 18.35100 18.79900 9.42000 7.93500 15.75700 9.37900
110.00000 4.69000 -14.00800 -5.79800 -13.54000 -7.74100 1.69900 6.01200 5.15700 6.18500 9.84700 17.86300 17.33400 7.46700 5.00500 12.33900 5.47300
111.00000 2.24800 -15.47200 -7.26300 -14.51600 -8.71800 1.21100 3.57100 3.69300 6.18500 9.84700 15.91000 14.40400 5.02500 3.05200 8.43300 1.56700
112.00000 -0.19300 -16.44900 -9.70500 -15.98100 -10.18300 0.72200 2.10600 2.22800 6.18500 10.33500 12.49200 11.96300 4.53700 2.07500 6.48000 1.07800
113.00000 -1.65800 -17.42600 -12.14600 -16.95800 -10.67100 0.72200 1.61700 1.25100 6.18500 10.82400 9.56200 10.98600 5.51400 3.54000 6.96800 4.00800
114.00000 -0.68200 -17.42600 -13.12300 -16.95800 -10.67100 1.21100 2.59400 1.25100 6.67300 11.31200 8.58600 11.47500 7.46700 6.47000 8.43300 7.91400
115.00000 1.76000 -16.93700 -11.16900 -16.46900 -9.20600 2.67500 4.05900 2.22800 6.67300 12.77700 8.58600 11.47500 8.93100 8.91100 10.38600 9.86700
116.00000 5.66600 -14.98400 -8.72800 -15.00400 -8.23000 4.62800 4.54700 2.22800 7.16100 12.77700 8.58600 10.98600 8.93100 8.91100 9.89800 7.91400
117.00000 8.10800 -14.00800 -6.28700 -14.02800 -7.25300 5.60500 3.57100 1.74000 6.67300 13.26500 8.09700 9.52100 6.49000 7.44600 7.94500 3.52000
118.00000 8.59600 -12.54300 -5.79800 -13.05100 -7.25300 6.09300 1.61700 0.76300 6.18500 12.77700 7.60900 7.56800 4.04900 5.00500 5.50300 -0.38700
119.00000 8.10800 -12.05400 -6.28700 -13.05100 -7.74100 5.60500 0.64100 0.27500 5.69700 12.77700 6.63200 6.10400 2.58400 3.05200 4.03800 -1.36300
120.00000 7.13100 -11.56600 -7.26300 -13.05100 -8.23000 5.11700 1.12900 -0.21400 5.20800 12.77700 6.14400 5.12700 2.58400 3.05200 4.52700 0.59000
121.00000 8.10800 -11.56600 -6.77500 -12.07500 -7.74100 5.60500 2.59400 0.76300 5.20800 13.26500 6.14400 5.12700 3.07200 4.51700 5.99200 4.49600
122.00000 10.54900 -11.07800 -4.82200 -10.61000 -5.78800 6.58200 4.54700 1.74000 5.20800 13.26500 6.63200 5.61500 4.04900 5.98100 7.94500 6.93800
123.00000 13.96700 -10.59000 -1.89200 -9.14500 -3.83500 8.04600 6.01200 2.71600 5.69700 13.75300 8.09700 6.59200 4.53700 6.95800 9.41000 7.91400
124.00000 16.40800 -9.12500 1.03800 -7.19200 -2.37000 9.02300 7.47700 3.69300 6.18500 14.24200 10.53900 8.05700 5.02500 6.95800 9.89800 8.40300
125.00000 16.89700 -8.63600 2.01400 -6.70400 -1.88200 9.02300 8.45300 4.18100 7.16100 14.24200 12.00400 9.03300 5.02500 6.95800 10.38600 8.89100
126.00000 15.43200 -8.14800 0.54900 -6.70400 -2.85800 8.53500 8.45300 4.18100 7.65000 14.73000 12.00400 9.52100 5.51400 6.95800 10.38600 9.86700
127.00000 12.50200 -9.12500 -1.89200 -7.68000 -3.83500 8.04600 7.47700 3.69300 8.13800 14.73000 10.53900 8.54500 5.51400 6.47000 9.41000 10.35600
128.00000 10.06100 -10.59000 -5.31000 -9.63300 -4.81200 7.55800 5.03500 2.22800 7.65000 14.73000 7.12100 6.59200 4.04900 5.49300 7.45600 9.37900
129.00000 8.10800 -12.54300 -7.26300 -10.61000 -5.30000 6.58200 3.08200 0.76300 7.65000 14.24200 3.70300 4.15000 2.09600 4.02800 4.52700 6.44900
130.00000 8.10800 -14.49600 -7.75100 -11.09800 -5.30000 6.58200 2.10600 0.27500 7.16100 13.26500 1.75000 2.19700 0.14200 2.56300 2.08500 3.03100
131.00000 9.08400 -14.98400 -6.77500 -11.09800 -4.32300 7.07000 1.61700 0.76300 7.16100 13.75300 1.26100 0.73200 -0.83400 2.56300 1.10900 1.07800
132.00000 11.03700 -14.98400 -5.79800 -10.61000 -3.34700 8.04600 1.12900 0.76300 7.65000 13.75300 1.75000 0.24400 -0.83400 3.05200 0.62100 0.59000
133.00000 13.47900 -14.00800 -4.82200 -9.63300 -2.37000 8.53500 -0.82400 0.27500 8.13800 14.24200 1.26100 -0.73200 -0.34600 4.02800 0.13200 1.07800
134.00000 15.43200 -12.54300 -4.82200 -9.14500 -1.88200 8.04600 -3.75400 -0.70200 7.65000 13.26500 0.28500 -1.22100 0.14200 4.51700 -0.35600 2.05500
135.00000 16.89700 -11.56600 -5.79800 -8.65700 -1.88200 8.04600 -5.70700 -1.67800 6.67300 11.31200 -1.18000 -2.68600 -0.83400 4.02800 -0.84400 2.54300
136.00000 17.87300 -10.59000 -5.79800 -8.16900 -2.37000 7.07000 -5.70700 -2.65500 5.20800 8.87000 -2.15700 -2.68600 -2.29900 2.07500 -1.33300 1.56700
137.00000 18.85000 -10.10100 -5.31000 -8.16900 -2.85800 6.58200 -3.26500 -2.16700 4.23200 6.42900 -2.15700 -2.68600 -4.74000 -0.36600 -2.30900 -0.38700
138.00000 19.33800 -9.61300 -4.33300 -7.68000 -2.85800 6.58200 0.15300 -1.67800 3.25500 5.45200 -1.18000 -2.68600 -6.69400 -3.29600 -3.77400 -3.80500
139.00000 19.82600 -9.61300 -3.35700 -7.19200 -2.85800 6.58200 1.12900 -1.19000 3.25500 5.45200 -0.20300 -3.17400 -8.64700 -5.73700 -4.75100 -7.22200
140.00000 20.31500 -10.59000 -3.35700 -7.19200 -2.85800 6.09300 0.15300 -1.19000 3.25500 5.45200 0.28500 -3.17400 -9.62300 -6.71400 -5.72700 -9.66400
141.00000 18.85000 -12.54300 -4.82200 -8.16900 -3.34700 4.14000 -2.77700 -2.16700 2.76700 5.45200 -0.20300 -3.66200 -9.62300 -6.71400 -5.72700 -9.66400
142.00000 16.89700 -14.49600 -6.77500 -9.14500 -4.32300 1.69900 -4.73000 -2.65500 2.76700 4.47600 -0.69200 -3.66200 -9.13500 -5.24900 -5.23900 -7.71100
143.00000 13.96700 -16.44900 -9.21600 -10.12200 -5.78800 -0.74300 -4.73000 -3.14300 2.27900 3.49900 -0.20300 -3.66200 -8.15800 -3.78400 -4.26200 -4.78100
144.00000 12.01400 -17.42600 -9.70500 -10.12200 -7.25300 -1.71900 -3.26500 -3.63200 1.79000 3.01100 -0.69200 -3.66200 -7.18200 -2.80800 -4.26200 -3.31600
145.00000 11.03700 -17.42600 -9.70500 -10.12200 -8.71800 -1.71900 -1.80100 -3.63200 1.30200 2.52300 -2.15700 -4.15000 -6.69400 -3.29600 -5.23900 -3.80500
146.00000 10.54900 -17.91400 -9.70500 -10.12200 -9.20600 -2.20700 -1.31200 -3.63200 1.30200 2.52300 -4.59800 -4.63900 -6.20500 -4.27200 -6.70400 -5.26900
147.00000 10.54900 -18.89000 -10.19300 -10.12200 -9.69400 -3.18400 -2.77700 -3.63200 0.81400 2.52300 -7.03900 -5.61500 -5.22900 -5.24900 -7.68000 -6.73400
148.00000 10.06100 -20.84400 -10.68100 -10.61000 -10.18300 -4.64900 -5.21900 -3.63200 1.79000 3.01100 -8.50400 -5.12700 -4.25200 -4.76100 -6.70400 -6.24600
149.00000 10.54900 -22.30800 -11.65800 -10.61000 -10.18300 -5.62500 -7.17200 -3.63200 2.27900 3.49900 -7.52800 -3.17400 -3.27600 -3.29600 -4.75100 -3.31600
150.00000 11.52500 -21.82000 -10.68100 -10.12200 -9.69400 -5.13700 -7.66000 -2.16700 3.25500 3.98800 -4.59800 -1.22100 -2.29900 -1.34300 -2.30900 -0.87500
151.00000 13.96700 -19.37900 -7.75100 -8.65700 -8.23000 -3.18400 -6.68300 -0.70200 3.74300 4.47600 -0.20300 0.73200 -1.81100 -1.34300 -1.82100 -0.38700
152.00000 16.40800 -16.44900 -4.33300 -6.70400 -6.76500 -1.23100 -3.75400 0.27500 3.74300 4.47600 2.72600 1.22100 -2.29900 -1.83100 -1.82100 -1.36300
153.00000 17.87300 -14.00800 -1.89200 -5.23900 -5.30000 0.23400 -1.31200 0.76300 3.25500 3.49900 3.70300 1.70900 -3.27600 -3.29600 -2.30900 -3.80500
154.00000 17.87300 -14.00800 -0.91600 -4.75100 -5.30000 -0.25400 1.12900 0.27500 2.27900 2.52300 3.21500 1.22100 -4.25200 -4.27200 -3.28600 -4.78100
155.00000 16.89700 -15.47200 -0.91600 -5.23900 -5.78800 -2.20700 2.59400 -0.21400 1.79000 1.05800 2.72600 1.22100 -4.25200 -4.76100 -2.30900 -4.29300
156.00000 15.43200 -17.91400 -2.38000 -6.21500 -6.76500 -3.18400 2.59400 -1.19000 1.79000 0.57000 2.23800 1.22100 -4.25200 -4.76100 -1.82100 -3.80500
157.00000 13.96700 -20.84400 -3.35700 -7.19200 -7.74100 -3.67200 1.61700 -1.19000 1.79000 1.05800 2.72600 1.22100 -3.27600 -4.27200 -2.30900 -3.31600
158.00000 13.47900 -21.82000 -3.84500 -8.16900 -8.23000 -2.69600 0.64100 -0.70200 2.27900 2.52300 3.21500 1.70900 -2.29900 -3.78400 -1.82100 -3.80500
159.00000 12.50200 -22.30800 -4.33300 -9.14500 -8.71800 -1.71900 0.64100 -0.70200 2.27900 3.98800 3.70300 2.19700 -1.32200 -2.80800 -0.84400 -3.31600
160.00000 11.52500 -22.30800 -4.82200 -9.63300 -8.23000 -0.25400 1.61700 -1.19000 2.76700 5.45200 4.67900 3.66200 0.14200 -0.85400 0.62100 -1.36300
161.00000 10.54900 -21.82000 -5.31000 -10.61000 -8.23000 -0.25400 2.59400 -1.19000 3.25500 6.91700 5.65600 4.63900 1.11900 1.58700 3.55000 1.56700
162.00000 10.06100 -21.33200 -4.82200 -10.61000 -8.71800 0.23400 3.08200 -1.67800 3.74300 8.38200 7.60900 5.61500 2.09600 3.54000 5.99200 4.98500
163.00000 11.03700 -20.84400 -3.84500 -10.12200 -8.23000 1.21100 3.08200 -1.19000 3.74300 9.35900 9.56200 6.59200 3.07200 5.00500 7.45600 6.44900
164.00000 12.50200 -21.33200 -1.89200 -8.65700 -7.74100 2.18700 3.08200 -0.21400 4.23200 10.82400 11.02700 7.08000 3.07200 5.00500 7.94500 5.96100
165.00000 13.96700 -21.33200 -0.42700 -7.19200 -6.76500 2.67500 4.05900 1.25100 4.23200 10.82400 12.49200 8.05700 2.58400 4.02800 7.94500 4.49600
166.00000 15.43200 -22.30800 1.03800 -5.72700 -6.76500 1.69900 5.03500 2.22800 3.74300 9.35900 12.49200 8.05700 2.09600 2.07500 7.45600 2.05500
167.00000 15.43200 -21.82000 1.03800 -5.23900 -7.74100 -0.25400 6.50000 2.71600 2.27900 6.42900 12.00400 7.56800 1.11900 -0.36600 6.96800 0.59000
168.00000 14.45500 -21.33200 0.54900 -5.23900 -8.23000 -2.20700 7.96500 2.22800 1.79000 4.47600 11.02700 7.08000 0.63100 -1.83100 5.99200 0.10200
169.00000 13.47900 -21.33200 0.06100 -5.72700 -9.20600 -3.18400 7.96500 2.22800 1.30200 3.49900 10.05000 6.59200 1.11900 -1.83100 5.99200 1.07800
170.00000 12.50200 -22.30800 -0.42700 -5.72700 -9.20600 -3.18400 8.45300 2.22800 2.27900 4.47600 10.05000 7.56800 3.07200 0.12200 5.99200 3.52000
171.00000 11.52500 -24.26100 -0.91600 -6.21500 -9.20600 -2.69600 8.94200 2.71600 3.25500 6.42900 11.51500 9.03300 5.51400 3.05200 7.45600 6.44900
172.00000 11.03700 -26.70300 -0.91600 -6.70400 -8.71800 -1.23100 9.43000 2.71600 4.72000 8.87000 12.98000 10.98600 8.44300 6.47000 9.41000 9.37900
173.00000 9.57200 -28.16800 -2.38000 -7.19200 -9.20600 -1.23100 7.96500 2.22800 5.20800 9.84700 13.95700 12.45100 10.39600 7.93500 10.87400 10.35600
174.00000 8.10800 -28.16800 -4.82200 -8.65700 -10.18300 -1.71900 5.03500 1.25100 5.20800 9.35900 13.46800 11.96300 9.90800 7.93500 10.87400 10.35600
175.00000 7.13100 -27.19100 -6.77500 -9.63300 -10.67100 -2.69600 1.12900 -0.21400 4.72000 8.87000 11.51500 10.01000 7.95500 5.98100 8.92100 8.89100
176.00000 7.13100 -25.72600 -7.75100 -10.12200 -10.18300 -2.69600 -1.80100 -0.70200 4.72000 7.89400 8.58600 7.08000 5.02500 4.02800 5.50300 6.44900
177.00000 7.61900 -25.23800 -8.24000 -10.12200 -9.69400 -2.69600 -2.28900 -0.70200 5.20800 7.89400 5.65600 4.63900 3.07200 2.07500 2.08500 3.52000
178.00000 8.59600 -24.75000 -7.26300 -8.65700 -7.74100 -1.71900 -0.33600 -0.21400 5.20800 8.38200 3.70300 2.68600 1.11900 0.61000 -0.84400 0.10200
179.00000 9.57200 -24.26100 -6.77500 -8.16900 -7.25300 -0.74300 2.10600 -0.21400 5.20800 8.38200 2.72600 2.19700 -0.34600 -0.85400 -2.79700 -3.31600
180.00000 10.06100 -23.77300 -6.28700 -7.19200 -7.25300 -0.25400 2.59400 -0.70200 5.20800 7.40600 3.21500 2.19700 -1.32200 -2.31900 -3.28600 -5.75800
181.00000 9.57200 -23.77300 -7.26300 -8.16900 -7.74100 -0.74300 1.12900 -1.67800 4.72000 6.42900 3.21500 2.68600 -1.81100 -4.27200 -2.30900 -6.24600
182.00000 8.59600 -24.75000 -8.24000 -9.63300 -9.20600 -1.71900 -1.80100 -2.65500 4.23200 4.96400 3.21500 2.68600 -1.32200 -4.27200 -0.84400 -4.29300
183.00000 7.13100 -26.70300 -9.70500 -11.58700 -10.18300 -3.18400 -3.26500 -3.14300 4.23200 4.47600 2.23800 3.17400 -0.34600 -2.80800 0.13200 -1.36300
184.00000 6.15400 -29.14400 -11.16900 -13.05100 -11.64800 -4.64900 -3.26500 -3.63200 3.74300 3.98800 0.77300 3.17400 0.63100 -1.34300 1.10900 1.07800
185.00000 5.17800 -30.12100 -11.65800 -13.54000 -12.13600 -5.62500 -2.28900 -3.14300 3.25500 3.49900 -0.20300 2.68600 0.63100 -0.36600 0.62100 1.56700
186.00000 5.66600 -29.14400 -11.16900 -13.05100 -12.13600 -6.11400 -0.82400 -2.65500 3.25500 3.01100 -0.69200 1.70900 0.14200 -1.34300 -0.84400 -0.38700
187.00000 7.13100 -27.19100 -10.19300 -11.09800 -11.15900 -5.62500 -0.82400 -2.65500 3.25500 2.52300 -1.18000 0.73200 0.14200 -2.80800 -2.79700 -3.31600
188.00000 9.08400 -24.75000 -8.72800 -9.63300 -9.69400 -4.64900 0.15300 -2.65500 3.74300 2.52300 -0.69200 -0.24400 0.14200 -4.27200 -4.75100 -5.26900
189.00000 10.06100 -23.77300 -7.26300 -8.16900 -8.23000 -3.67200 1.12900 -2.16700 5.20800 3.98800 0.28500 -0.24400 1.60700 -4.27200 -4.75100 -4.78100
190.00000 10.54900 -24.75000 -6.77500 -7.68000 -6.76500 -2.69600 1.61700 -2.16700 7.16100 5.45200 0.28500 -0.24400 3.56000 -2.31900 -3.77400 -2.34000
191.00000 10.06100 -26.21500 -7.26300 -8.16900 -5.78800 -2.20700 1.12900 -2.16700 8.62600 7.40600 -0.69200 -0.24400 5.02500 -0.36600 -3.28600 0.10200
192.00000 9.08400 -26.70300 -7.75100 -8.16900 -4.81200 -1.23100 -1.31200 -2.65500 9.11500 8.38200 -3.13300 -1.22100 5.51400 0.12200 -3.28600 1.07800
193.00000 8.59600 -26.21500 -8.24000 -8.65700 -3.34700 0.23400 -6.19500 -3.63200 9.60300 8.38200 -6.06300 -2.19700 4.53700 -1.34300 -4.75100 0.10200
194.00000 7.61900 -24.75000 -8.72800 -8.16900 -2.37000 2.18700 -9.61300 -4.12000 10.09100 7.89400 -8.99300 -3.17400 3.07200 -4.76100 -6.70400 -2.34000
195.00000 6.64300 -23.77300 -8.72800 -8.16900 -1.88200 3.65200 -10.10100 -3.63200 9.60300 7.40600 -9.96900 -3.17400 1.60700 -6.71400 -8.16900 -5.26900
196.00000 6.64300 -23.77300 -8.72800 -8.65700 -1.88200 4.62800 -7.17200 -2.65500 8.62600 7.40600 -8.50400 -2.68600 0.63100 -7.69000 -8.16900 -6.73400
197.00000 7.61900 -23.28500 -8.24000 -8.65700 -2.85800 5.11700 -1.80100 -1.67800 7.65000 7.40600 -6.06300 -1.22100 0.63100 -5.73700 -6.21500 -5.75800
198.00000 9.57200 -22.30800 -7.75100 -9.14500 -2.85800 6.09300 2.10600 -1.19000 7.16100 8.87000 -3.13300 -0.24400 1.11900 -1.83100 -3.77400 -3.31600
199.00000 12.50200 -18.40200 -6.28700 -8.65700 -1.88200 8.53500 2.59400 -1.19000 7.16100 11.31200 -1.18000 0.24400 2.09600 2.56300 -0.84400 0.10200
200.00000 15.43200 -14.49600 -3.84500 -7.68000 0.07100 11.46400 1.12900 -1.67800 7.65000 13.26500 0.28500 0.24400 3.07200 5.98100 0.62100 3.03100
201.00000 17.38500 -11.07800 -1.89200 -6.21500 2.02400 14.39400 0.15300 -1.19000 8.62600 15.21800 2.23800 0.24400 4.04900 7.93500 1.59700 4.49600
202.00000 17.87300 -8.63600 0.06100 -5.23900 3.48900 16.34700 1.12900 -0.70200 9.11500 16.19500 4.19100 1.22100 3.56000 7.44600 1.59700 4.00800
203.00000 16.89700 -8.63600 0.54900 -4.75100 3.00100 15.85900 3.57100 -0.21400 8.62600 16.19500 5.16800 1.70900 3.07200 6.47000 1.10900 2.54300
204.00000 14.94300 -10.59000 0.06100 -4.75100 1.53600 14.39400 4.54700 -0.21400 7.65000 15.21800 4.67900 1.70900 3.07200 5.98100 0.62100 1.56700
205.00000 13.96700 -13.03100 -1.40400 -5.23900 -0.41700 12.44100 3.57100 -0.70200 6.18500 14.24200 2.72600 0.73200 3.07200 5.98100 0.62100 1.56700
206.00000 13.96700 -14.98400 -2.86900 -6.21500 -0.90500 10.97600 0.15300 -2.16700 5.69700 12.77700 0.28500 0.24400 3.56000 6.47000 0.62100 3.03100
207.00000 13.96700 -16.44900 -3.84500 -7.19200 -1.39400 9.51100 -3.26500 -3.14300 5.20800 11.31200 -0.69200 0.24400 3.56000 6.47000 1.59700 4.49600
208.00000 13.96700 -17.42600 -4.82200 -8.16900 -1.39400 8.04600 -4.24200 -3.63200 5.20800 9.35900 -0.69200 1.22100 3.07200 5.00500 2.57400 4.00800
209.00000 13.96700 -18.40200 -5.79800 -9.14500 -1.39400 6.58200 -2.77700 -3.14300 4.72000 7.40600 1.26100 2.68600 1.60700 2.07500 4.03800 2.54300
210.00000 12.99000 -18.89000 -6.28700 -9.63300 -2.37000 5.60500 -0.33600 -2.16700 3.74300 5.94100 3.21500 3.66200 -0.34600 -1.34300 5.01500 0.59000
211.00000 11.03700 -19.86700 -7.75100 -10.61000 -3.83500 5.11700 1.12900 -1.67800 2.76700 4.47600 4.67900 3.66200 -1.81100 -4.27200 5.99200 0.10200
212.00000 9.57200 -21.33200 -9.70500 -11.58700 -4.81200 4.14000 0.15300 -2.16700 2.27900 3.01100 3.70300 3.17400 -2.29900 -5.24900 5.50300 1.07800
213.00000 8.10800 -22.30800 -11.16900 -12.07500 -5.30000 3.16400 -1.80100 -3.14300 1.30200 2.52300 1.26100 1.22100 -1.81100 -5.73700 4.03800 2.05500
214.00000 7.61900 -23.28500 -12.14600 -12.07500 -5.30000 1.69900 -3.75400 -4.60800 0.32600 2.03500 -1.66800 -0.73200 -1.81100 -4.27200 1.59700 2.05500
215.00000 9.08400 -22.79700 -12.14600 -11.58700 -5.30000 0.72200 -4.73000 -4.60800 -0.16300 1.54600 -4.11000 -1.70900 -1.81100 -3.29600 -0.35600 1.07800
216.00000 10.06100 -22.30800 -10.68100 -10.61000 -5.30000 0.23400 -5.70700 -5.09600 -0.16300 1.54600 -5.57500 -3.17400 -1.81100 -2.80800 -2.30900 -1.36300
217.00000 11.03700 -20.84400 -9.70500 -10.12200 -4.81200 0.72200 -6.68300 -4.60800 0.81400 2.52300 -5.57500 -3.66200 -1.81100 -1.83100 -3.77400 -2.34000
218.00000 10.06100 -20.84400 -9.70500 -10.12200 -3.83500 1.69900 -8.14800 -5.09600 1.79000 3.49900 -5.08600 -4.15000 -1.32200 -0.36600 -3.77400 -1.85100
219.00000 8.59600 -20.84400 -9.70500 -10.12200 -3.83500 3.65200 -9.12500 -5.09600 3.25500 4.96400 -4.11000 -4.63900 -0.34600 1.09900 -4.26200 0.10200
220.00000 7.13100 -20.84400 -10.68100 -10.61000 -3.83500 4.62800 -8.14800 -5.58500 4.23200 5.45200 -3.13300 -5.12700 -0.34600 2.07500 -4.26200 1.07800
221.00000 7.13100 -20.35500 -10.68100 -10.61000 -4.32300 4.14000 -6.19500 -5.09600 4.23200 5.45200 -3.13300 -5.61500 -1.32200 2.07500 -4.75100 0.10200
222.00000 8.10800 -19.37900 -10.19300 -10.61000 -5.30000 3.16400 -4.24200 -4.60800 3.74300 4.47600 -2.15700 -6.10400 -3.27600 0.61000 -5.72700 -3.31600
223.00000 8.10800 -19.86700 -9.70500 -10.61000 -5.78800 1.69900 -3.75400 -4.12000 3.25500 3.01100 -1.66800 -5.61500 -5.22900 -1.83100 -6.21500 -7.22200
224.00000 7.13100 -21.82000 -10.68100 -11.09800 -5.78800 0.23400 -5.21900 -4.12000 1.79000 1.05800 -2.15700 -5.61500 -6.69400 -4.27200 -6.70400 -10.15200
225.00000 5.17800 -24.75000 -12.14600 -11.58700 -5.78800 -1.71900 -7.17200 -3.63200 1.30200 -0.40700 -2.15700 -4.63900 -7.67000 -5.24900 -6.70400 -10.15200
226.00000 2.24800 -27.19100 -14.09900 -12.07500 -5.78800 -2.69600 -9.61300 -3.63200 0.81400 -1.38300 -3.13300 -4.63900 -7.67000 -6.22600 -7.68000 -9.17600
227.00000 0.78300 -28.65600 -15.56400 -12.07500 -5.78800 -4.16100 -10.10100 -4.12000 0.32600 -2.36000 -5.08600 -4.63900 -8.15800 -6.71400 -8.65700 -8.68700
228.00000 0.78300 -27.67900 -16.05200 -11.09800 -6.27600 -5.62500 -9.12500 -4.12000 -0.16300 -2.84800 -6.55100 -4.63900 -8.64700 -7.20200 -9.63300 -8.68700
229.00000 1.76000 -26.70300 -15.07600 -10.12200 -6.76500 -6.60200 -8.14800 -3.63200 0.32600 -2.36000 -7.03900 -4.15000 -9.13500 -7.69000 -9.63300 -9.17600
230.00000 3.22500 -25.72600 -13.12300 -8.65700 -6.27600 -6.60200 -6.68300 -2.65500 0.32600 -1.87200 -6.06300 -2.68600 -9.62300 -8.17900 -8.16900 -8.68700
231.00000 4.69000 -25.72600 -11.16900 -7.68000 -6.27600 -6.11400 -5.21900 -1.19000 0.32600 0.08100 -4.11000 -0.73200 -9.13500 -7.69000 -5.72700 -7.22200
232.00000 6.15400 -26.21500 -9.21600 -7.19200 -5.78800 -4.64900 -2.77700 -0.21400 -0.16300 1.05800 -2.64500 0.24400 -8.15800 -7.20200 -3.77400 -5.75800
233.00000 6.64300 -25.72600 -7.26300 -7.19200 -5.78800 -4.16100 -0.33600 0.76300 -0.65100 1.05800 -0.69200 1.22100 -7.67000 -6.71400 -3.77400 -5.26900
234.00000 7.13100 -24.26100 -6.77500 -7.19200 -5.30000 -3.67200 2.10600 0.76300 -0.65100 1.05800 -0.20300 0.73200 -7.67000 -6.22600 -4.75100 -7.22200
235.00000 7.13100 -21.82000 -6.28700 -7.19200 -4.81200 -2.69600 3.08200 0.27500 -1.13900 0.57000 -0.20300 0.24400 -7.67000 -5.73700 -6.21500 -9.17600
236.00000 7.13100 -20.35500 -6.28700 -7.19200 -4.32300 -2.20700 2.10600 -0.70200 -0.65100 1.05800 -0.69200 -0.24400 -7.18200 -4.76100 -6.70400 -9.17600
237.00000 6.15400 -20.35500 -7.26300 -7.19200 -2.37000 -0.74300 -0.33600 -0.70200 0.81400 2.52300 -0.20300 -0.73200 -4.74000 -2.31900 -5.72700 -6.73400
238.00000 5.66600 -21.82000 -7.75100 -6.70400 -1.39400 0.23400 -2.77700 -1.19000 2.27900 4.47600 0.28500 -0.24400 -2.29900 0.12200 -4.26200 -2.82800
239.00000 6.15400 -23.28500 -7.75100 -6.21500 -0.90500 0.72200 -4.24200 -1.19000 3.74300 5.45200 1.26100 -0.24400 -0.34600 1.58700 -3.77400 0.10200
240.00000 7.61900 -23.77300 -6.77500 -5.23900 -0.90500 0.23400 -3.75400 -1.67800 3.74300 5.45200 1.75000 -1.22100 -0.83400 0.61000 -4.75100 -0.38700
241.00000 9.57200 -23.28500 -5.31000 -4.75100 -1.39400 -0.25400 -0.82400 -1.67800 3.25500 3.98800 2.23800 -1.22100 -1.81100 -1.34300 -5.72700 -2.82800
242.00000 11.52500 -22.30800 -2.38000 -4.26200 -1.88200 -0.25400 3.08200 -0.70200 3.25500 3.01100 3.21500 -1.70900 -4.25200 -4.27200 -5.72700 -5.26900
243.00000 13.96700 -19.86700 1.03800 -3.28600 -0.90500 0.23400 7.47700 0.27500 2.76700 3.01100 5.16800 -0.73200 -4.74000 -6.22600 -4.26200 -5.26900
244.00000 15.92000 -17.42600 4.45600 -1.82100 0.55900 1.21100 10.40600 2.22800 2.76700 3.98800 6.63200 0.73200 -4.74000 -5.73700 -1.33300 -2.82800
245.00000 17.38500 -15.47200 6.89700 -0.35600 2.51300 2.18700 11.87100 3.69300 3.25500 5.45200 8.09700 1.22100 -4.74000 -3.78400 0.62100 -1.36300
246.00000 19.33800 -14.49600 8.85000 1.10900 3.48900 3.16400 13.33600 4.18100 3.74300 6.91700 9.07400 0.73200 -4.74000 -1.34300 0.62100 -1.36300
247.00000 20.80300 -13.51900 10.31500 2.57400 4.46600 4.14000 13.82400 4.18100 4.23200 7.89400 9.56200 -0.24400 -6.69400 -0.36600 -0.35600 -4.29300
248.00000 22.75600 -13.03100 10.80300 3.06200 4.95400 5.11700 14.80100 3.69300 4.72000 8.87000 11.02700 -1.22100 -8.64700 0.12200 -1.82100 -6.73400
249.00000 23.73300 -12.05400 11.78000 3.06200 5.44200 6.58200 15.77800 3.69300 5.69700 10.82400 12.98000 -0.73200 -8.64700 0.61000 -0.84400 -6.73400
250.00000 24.22100 -12.05400 11.78000 2.57400 5.44200 7.55800 16.75400 3.69300 7.16100 13.26500 15.91000 1.22100 -7.18200 2.56300 2.08500 -3.80500
251.00000 23.73300 -12.54300 11.29200 2.57400 5.44200 8.53500 16.75400 4.18100 9.11500 16.19500 18.84000 3.66200 -4.25200 4.51700 5.50300 0.59000
252.00000 23.24400 -13.51900 10.80300 2.57400 4.95400 8.04600 16.26600 4.66900 10.09100 17.66000 19.81600 5.61500 -1.81100 6.47000 7.45600 3.03100
253.00000 22.75600 -14.00800 10.31500 3.06200 3.97700 7.55800 16.75400 5.15700 10.09100 17.66000 18.84000 6.59200 -0.83400 7.44600 6.96800 2.54300
254.00000 22.26800 -14.98400 9.82700 2.08500 3.00100 6.58200 17.73100 5.15700 9.11500 16.68300 17.37500 7.08000 -1.32200 6.47000 5.50300 0.10200
255.00000 22.26800 -14.98400 8.85000 1.10900 2.02400 6.09300 18.70700 5.15700 8.62600 15.70600 15.91000 7.56800 -1.81100 5.00500 4.03800 -1.85100
256.00000 21.77900 -14.98400 7.87400 -0.84400 1.04800 5.60500 18.70700 4.18100 8.13800 15.21800 14.93300 8.54500 -0.83400 4.51700 4.03800 -0.38700
