1.00000 -2.42100 -4.19100 -3.45900 -1.98400 -3.32600 -5.56400 -12.44100 -5.02500 0.10200 2.34000 -4.69000 1.58700 3.32600 5.62500 -2.30900 1.13900
2.00000 -4.86200 -7.12100 -3.45900 -2.96000 -4.79100 -5.56400 -12.92900 -6.00200 -0.38700 1.85100 -6.64300 1.09900 4.79100 8.55500 -2.30900 1.62800
3.00000 -5.83900 -8.58600 -3.45900 -3.44800 -6.25600 -4.58800 -8.04600 -6.00200 -1.36300 0.87500 -7.61900 0.61000 5.76800 9.53200 -2.30900 2.11600
4.00000 -5.83900 -9.56200 -2.48200 -3.44800 -7.23300 -4.58800 -1.69900 -3.56000 -2.34000 -1.07800 -7.61900 0.12200 5.76800 8.06700 -2.30900 2.11600
5.00000 -4.86200 -10.53900 -1.50600 -2.47200 -7.23300 -6.05300 2.20700 -2.09600 -2.34000 -2.54300 -7.61900 -0.36600 4.79100 5.62500 -2.79700 1.62800
6.00000 -4.37400 -11.02700 -1.50600 -1.49500 -6.25600 -8.00600 0.74300 -2.09600 -2.34000 -4.00800 -7.61900 -1.83100 3.81500 3.67200 -3.28600 0.65100
7.00000 -4.86200 -10.53900 -2.97000 -0.51900 -5.28000 -8.49400 -5.11700 -3.56000 -1.85100 -4.98500 -8.10800 -3.29600 2.83800 3.18400 -4.75100 -0.81400
8.00000 -5.83900 -8.58600 -4.92400 -0.03100 -4.30300 -7.51700 -10.00000 -6.00200 -0.87500 -5.96100 -9.57200 -4.27200 2.83800 3.18400 -5.72700 -2.27900
9.00000 -6.81600 -6.14400 -6.87700 -0.51900 -3.81500 -6.05300 -11.95300 -6.49000 -0.38700 -6.44900 -10.54900 -4.27200 3.32600 3.67200 -6.21500 -2.76700
10.00000 -6.81600 -4.19100 -7.36500 -1.00700 -3.32600 -5.07600 -9.51100 -6.49000 0.10200 -6.44900 -11.03700 -3.78400 4.30300 3.18400 -4.75100 -2.27900
11.00000 -6.81600 -4.67900 -5.90000 -1.49500 -2.83800 -5.07600 -5.60500 -5.02500 0.59000 -5.47300 -10.06100 -2.80800 4.79100 2.69600 -2.79700 -0.32600
12.00000 -5.35100 -6.63200 -4.43500 -1.49500 -1.86200 -6.05300 -3.16400 -4.04900 0.59000 -3.52000 -8.10800 -1.34300 5.76800 2.20700 0.13200 2.11600
13.00000 -3.88600 -7.60900 -3.45900 -0.51900 -1.37300 -5.56400 -3.16400 -4.04900 0.10200 -2.54300 -6.15400 -0.36600 5.76800 2.69600 2.08500 4.06900
14.00000 -3.39800 -7.12100 -3.94700 0.94600 -0.88500 -4.58800 -5.60500 -4.53700 -0.38700 -3.52000 -5.17800 -0.36600 4.79100 2.20700 2.57400 3.58100
15.00000 -3.39800 -5.65600 -4.92400 1.92300 -0.88500 -3.12300 -7.07000 -5.02500 -1.36300 -5.47300 -5.66600 -1.83100 3.32600 1.71900 0.62100 1.62800
16.00000 -3.39800 -4.19100 -4.92400 1.92300 -0.39700 -2.63500 -7.55800 -4.53700 -0.87500 -8.40300 -7.13100 -3.78400 0.39700 0.25400 -2.30900 -0.81400
17.00000 -2.90900 -3.70300 -3.45900 2.41100 -0.39700 -3.61100 -6.09300 -3.07200 0.10200 -10.35600 -9.08400 -5.73700 -1.55600 -0.23400 -5.23900 -3.25500
18.00000 -0.95600 -3.21500 -0.04100 3.38700 1.06800 -4.58800 -4.14000 -1.60700 1.56700 -9.37900 -10.06100 -6.71400 -2.53300 -0.23400 -6.70400 -3.74300
19.00000 1.97300 -2.72600 2.88900 5.34100 3.02100 -3.61100 -2.18700 0.34600 3.03100 -5.47300 -9.57200 -5.73700 -3.02100 1.71900 -6.21500 -2.27900
20.00000 4.90300 -0.77300 4.84200 7.29400 5.46300 -0.19300 -0.23400 1.81100 3.03100 1.36300 -7.13100 -3.78400 -2.04500 3.67200 -4.26200 -0.81400
21.00000 5.88000 0.69200 5.33000 8.75900 6.92700 4.20100 1.71900 2.78700 3.03100 7.22200 -3.71300 -1.34300 -1.55600 3.67200 -1.33300 1.13900
22.00000 4.90300 0.69200 5.81900 8.27000 6.92700 6.64300 3.18400 3.27600 2.54300 10.15200 -0.78300 0.61000 -1.06800 1.71900 0.13200 1.13900
23.00000 1.48500 -1.75000 5.33000 5.82900 4.97400 5.17800 4.16100 2.29900 2.54300 8.19900 0.19300 2.07500 -0.58000 -0.72200 -0.35600 -0.32600
24.00000 -2.42100 -6.63200 5.33000 2.41100 1.06800 0.29500 3.67200 1.81100 3.03100 2.82800 0.19300 2.56300 -0.09200 -2.18700 -1.33300 -1.79000
25.00000 -5.83900 -9.56200 4.35400 -0.51900 -2.83800 -4.58800 1.71900 0.83400 3.52000 -3.03100 -0.78300 3.54000 1.37300 -0.23400 -1.82100 -1.79000
26.00000 -7.79200 -11.02700 1.91200 -2.47200 -5.28000 -7.02900 0.25400 0.83400 3.52000 -4.98500 -1.27200 4.02800 3.32600 4.16100 -0.35600 -0.32600
27.00000 -8.28000 -10.05000 -1.50600 -3.44800 -6.25600 -6.05300 -0.23400 1.32200 4.00800 -3.52000 0.19300 5.49300 6.25600 8.55500 2.08500 2.11600
28.00000 -8.28000 -9.07400 -3.94700 -2.96000 -4.79100 -3.61100 -0.23400 1.32200 4.00800 0.38700 1.65800 6.95800 8.20900 10.99700 5.50300 4.55700
29.00000 -8.76900 -9.07400 -4.92400 -2.96000 -4.30300 -1.17000 -0.23400 0.34600 4.49600 2.82800 2.63500 7.44600 9.18600 10.50800 6.96800 5.53400
30.00000 -10.23400 -10.53900 -4.92400 -3.93700 -4.30300 -1.65800 -1.21100 -0.63100 4.98500 2.82800 2.14600 7.44600 9.67400 8.55500 5.99200 4.55700
31.00000 -12.18700 -13.46800 -5.41200 -5.89000 -6.25600 -4.58800 -3.16400 -1.60700 5.47300 0.87500 0.19300 6.47000 10.65100 7.09000 3.06200 3.09200
32.00000 -14.14000 -16.39800 -6.87700 -7.84300 -9.18600 -8.49400 -5.60500 -2.09600 4.98500 -1.07800 -2.24800 5.98100 11.62700 7.09000 0.62100 2.11600
33.00000 -15.60500 -17.86300 -9.80600 -9.30800 -11.13900 -10.93500 -7.07000 -1.60700 4.49600 -1.07800 -3.71300 5.98100 13.58000 10.02000 0.13200 2.60400
34.00000 -16.09300 -18.35100 -12.24800 -9.30800 -11.62700 -11.42400 -6.58200 -0.63100 4.00800 0.38700 -3.22500 6.95800 16.02200 12.95000 2.57400 4.55700
35.00000 -16.58100 -18.84000 -13.22400 -8.82000 -10.65100 -9.47100 -6.09300 -0.14200 4.00800 1.85100 -1.76000 7.93500 18.46300 14.90300 5.99200 6.51000
36.00000 -17.55800 -18.84000 -12.24800 -8.33100 -10.16200 -7.51700 -5.11700 -0.63100 4.49600 2.34000 0.19300 8.42300 19.92800 15.87900 8.92100 7.48700
37.00000 -17.55800 -19.32800 -10.78300 -8.33100 -9.67400 -5.56400 -5.60500 -1.60700 5.96100 1.85100 1.17000 8.42300 20.41600 15.87900 9.41000 7.48700
38.00000 -17.55800 -19.81600 -8.83000 -8.33100 -8.69800 -5.07600 -7.07000 -2.58400 6.44900 2.34000 0.68200 6.95800 19.92800 15.87900 7.45600 6.51000
39.00000 -16.09300 -18.84000 -7.85300 -7.35500 -7.72100 -5.07600 -8.53500 -3.07200 7.42600 3.31600 -1.27200 4.51700 18.46300 15.39100 3.55000 5.53400
40.00000 -13.65200 -15.42200 -7.36500 -5.40200 -5.28000 -4.58800 -10.00000 -3.07200 6.93800 4.29300 -4.20100 1.58700 15.04500 12.95000 -0.35600 3.58100
41.00000 -10.72200 -11.02700 -6.87700 -2.96000 -3.32600 -3.61100 -10.97600 -2.58400 5.96100 2.82800 -7.13100 -0.85400 10.65100 8.06700 -4.75100 0.16300
42.00000 -8.76900 -6.63200 -6.38800 -1.00700 -1.86200 -2.63500 -10.48800 -1.60700 4.98500 -1.56700 -8.10800 -3.29600 5.76800 2.20700 -8.16900 -4.23200
43.00000 -7.79200 -4.19100 -4.43500 -0.03100 -1.86200 -1.65800 -7.55800 -0.63100 4.49600 -5.47300 -8.10800 -4.76100 1.86200 -2.67500 -11.09800 -7.65000
44.00000 -6.81600 -3.21500 -2.48200 -0.51900 -1.86200 -0.19300 -2.18700 1.32200 4.49600 -5.96100 -5.66600 -4.27200 -0.09200 -5.60500 -12.07500 -9.60300
45.00000 -4.86200 -3.70300 -0.04100 -0.51900 -0.88500 2.24800 4.16100 2.78700 5.47300 -1.07800 -2.73600 -3.78400 -0.09200 -4.62800 -11.09800 -8.62600
46.00000 -1.93300 -3.21500 2.88900 0.45800 2.53300 6.15400 9.53200 4.25200 6.44900 6.24600 -0.29500 -3.29600 0.39700 -2.67500 -10.12200 -6.67300
47.00000 0.99700 -0.28500 4.84200 2.89900 6.92700 10.06100 11.48500 5.22900 7.91400 13.08200 1.17000 -3.78400 -0.09200 -0.23400 -9.14500 -5.20800
48.00000 3.92700 4.11000 6.30700 5.82900 11.32200 12.50200 9.53200 5.22900 8.40300 15.52300 0.68200 -4.76100 -1.55600 0.25400 -10.12200 -6.18500
49.00000 6.36800 9.48100 7.28400 8.27000 13.76300 13.47900 5.62500 5.22900 8.40300 12.10500 -0.78300 -5.73700 -3.02100 0.25400 -12.07500 -8.13800
50.00000 7.83300 12.89900 8.26000 9.73500 14.25200 12.50200 2.20700 5.22900 8.40300 7.22200 -2.24800 -6.22600 -3.51000 0.74300 -13.54000 -9.11500
51.00000 8.80900 14.36400 9.23700 9.73500 13.27500 11.03700 1.23100 5.71700 8.40300 4.78100 -3.22500 -6.22600 -3.02100 1.71900 -14.02800 -8.62600
52.00000 8.80900 13.38700 10.21300 8.75900 11.81000 10.06100 1.71900 5.71700 8.40300 5.75800 -4.20100 -6.22600 -1.06800 3.67200 -13.05100 -7.16100
53.00000 7.83300 10.45700 9.72500 8.27000 10.34500 10.06100 2.69600 5.71700 8.40300 8.68700 -5.66600 -6.22600 0.39700 5.13700 -12.07500 -5.69700
54.00000 5.39100 6.55100 6.79500 7.29400 8.39200 9.57200 1.71900 5.71700 7.91400 11.12900 -6.64300 -6.71400 1.86200 5.13700 -11.09800 -5.69700
55.00000 0.99700 2.15700 1.91200 5.34100 6.43900 8.10800 -1.21100 5.22900 7.91400 10.64000 -7.13100 -6.71400 3.32600 4.64900 -11.09800 -6.18500
56.00000 -3.88600 -2.23800 -4.43500 2.41100 3.51000 4.69000 -4.14000 3.76400 7.91400 8.19900 -6.64300 -6.22600 5.28000 5.13700 -10.12200 -5.69700
57.00000 -8.28000 -5.65600 -10.29500 -1.49500 0.58000 0.29500 -6.09300 2.78700 7.91400 4.78100 -5.17800 -4.27200 8.20900 7.09000 -7.19200 -3.25500
58.00000 -12.18700 -8.09700 -12.73600 -4.42500 -1.37300 -4.58800 -7.07000 1.81100 7.91400 2.82800 -2.73600 -0.85400 11.13900 9.53200 -2.30900 1.62800
59.00000 -14.62800 -9.56200 -13.71300 -6.37800 -3.32600 -8.00600 -5.60500 1.81100 7.42600 1.36300 -0.78300 2.56300 14.06900 11.48500 3.06200 6.99900
60.00000 -16.09300 -11.51500 -12.73600 -6.86600 -4.79100 -9.47100 -4.62800 1.81100 5.96100 -0.10200 0.68200 5.49300 15.04500 11.97300 7.45600 11.39300
61.00000 -16.58100 -13.95700 -12.24800 -6.37800 -6.74400 -8.98200 -3.65200 1.81100 4.00800 -2.05500 1.17000 6.95800 15.53300 11.48500 9.89800 13.34600
62.00000 -16.58100 -16.39800 -12.24800 -5.89000 -8.69800 -8.00600 -4.14000 0.83400 2.05500 -2.54300 1.65800 6.95800 15.53300 11.97300 10.38600 14.32300
63.00000 -16.58100 -18.84000 -11.75900 -6.37800 -10.65100 -7.02900 -6.09300 -0.63100 0.59000 -2.05500 1.17000 5.98100 15.53300 12.95000 9.89800 13.83500
64.00000 -16.58100 -19.32800 -10.78300 -6.86600 -11.62700 -7.02900 -8.53500 -1.60700 0.59000 0.38700 0.19300 4.51700 15.53300 13.92600 8.43300 12.85800
65.00000 -16.58100 -17.37500 -9.31800 -7.35500 -10.16200 -6.54100 -10.00000 -2.09600 2.05500 2.82800 -1.76000 3.05200 14.55700 13.92600 6.48000 10.41700
66.00000 -15.11600 -13.95700 -7.85300 -5.89000 -7.72100 -5.56400 -9.51100 -1.60700 3.03100 4.29300 -3.22500 1.58700 12.60400 11.97300 4.52700 6.99900
67.00000 -13.16300 -9.56200 -7.36500 -3.93700 -4.30300 -2.63500 -6.58200 -0.63100 4.00800 3.80500 -3.71300 1.09900 9.67400 9.04300 3.06200 3.58100
68.00000 -9.74500 -5.16800 -6.87700 -1.49500 -0.39700 0.78300 -1.21100 0.83400 4.00800 2.82800 -1.76000 1.58700 7.23300 7.09000 3.06200 2.11600
69.00000 -6.32700 -1.75000 -5.90000 1.43400 2.04500 3.71300 3.67200 2.29900 3.52000 1.85100 1.17000 3.05200 5.76800 6.11400 4.52700 3.09200
70.00000 -2.90900 0.20300 -2.48200 3.38700 3.99800 6.64300 7.09000 3.27600 4.00800 2.34000 5.07600 4.51700 5.28000 7.09000 7.45600 6.02200
71.00000 0.50900 0.20300 3.37700 5.34100 4.97400 7.61900 8.06700 4.74000 4.49600 4.29300 8.00600 5.49300 4.79100 7.57900 9.89800 9.44000
72.00000 2.95000 0.69200 8.74800 6.80500 6.43900 8.59600 8.55500 5.71700 5.47300 7.22200 9.47100 5.00500 4.30300 7.09000 10.38600 9.92800
73.00000 5.39100 2.64500 12.65500 8.27000 7.90400 10.06100 9.04300 6.69400 5.96100 10.64000 9.47100 3.54000 2.83800 6.11400 8.43300 7.97500
74.00000 7.83300 5.57500 13.63100 10.71200 9.36900 11.52500 11.48500 7.18200 5.47300 13.57000 9.47100 1.58700 0.39700 5.13700 5.50300 4.55700
75.00000 8.80900 9.48100 13.14300 12.17700 10.34500 12.50200 14.41400 7.67000 4.00800 15.03500 10.44700 0.12200 -1.06800 5.13700 3.06200 1.62800
76.00000 8.32100 10.94600 11.19000 12.66500 9.85700 11.52500 15.87900 8.15800 2.54300 14.54700 10.93500 -0.36600 -2.04500 6.11400 2.08500 0.65100
77.00000 5.39100 8.99300 9.23700 11.20000 8.88100 9.57200 14.90300 8.15800 2.54300 12.10500 10.44700 -0.36600 -2.04500 8.55500 1.59700 1.13900
78.00000 1.48500 4.59800 6.30700 8.27000 6.92700 5.17800 12.46100 7.67000 3.03100 8.68700 8.00600 -1.34300 -1.55600 9.53200 0.62100 0.65100
79.00000 -2.42100 0.20300 2.40100 5.82900 4.97400 1.76000 9.04300 7.18200 4.00800 5.75800 4.58800 -2.31900 -1.06800 8.55500 -1.33300 -1.30200
80.00000 -3.88600 -2.23800 -1.50600 4.36400 3.02100 -1.17000 7.09000 6.20500 4.49600 3.80500 1.65800 -3.29600 -0.58000 6.11400 -3.77400 -4.23200
81.00000 -3.39800 -3.21500 -2.48200 4.36400 1.06800 -2.63500 6.60200 5.22900 3.52000 2.82800 0.19300 -3.29600 -0.58000 3.18400 -5.23900 -6.67300
82.00000 -2.42100 -2.72600 -0.52900 4.85200 -1.37300 -3.61100 6.11400 4.25200 2.05500 1.36300 0.19300 -2.80800 0.39700 0.74300 -5.72700 -7.65000
83.00000 -3.39800 -4.19100 2.40100 3.87600 -3.81500 -5.07600 4.16100 3.76400 1.56700 -0.10200 0.19300 -2.31900 1.86200 0.74300 -5.23900 -7.16100
84.00000 -7.79200 -7.60900 3.37700 0.45800 -6.25600 -7.02900 0.25400 3.27600 2.05500 -2.05500 -1.27200 -1.83100 3.81500 1.71900 -4.75100 -5.69700
85.00000 -14.14000 -12.49200 -0.52900 -4.42500 -8.20900 -8.49400 -4.14000 2.29900 3.03100 -3.52000 -3.71300 -2.31900 5.76800 2.69600 -4.26200 -5.20800
86.00000 -20.48700 -17.37500 -8.34100 -8.82000 -9.67400 -9.95900 -7.07000 1.32200 3.52000 -4.00800 -6.15400 -2.80800 7.23300 3.18400 -4.26200 -5.20800
87.00000 -23.90500 -21.28100 -16.64200 -11.74900 -10.16200 -11.42400 -8.04600 0.34600 3.03100 -5.47300 -7.61900 -2.31900 8.20900 2.69600 -3.77400 -5.20800
88.00000 -25.85900 -24.21100 -22.01300 -12.23800 -11.62700 -13.86500 -8.53500 -0.14200 1.56700 -7.42600 -7.61900 -1.34300 8.20900 1.23100 -3.77400 -5.20800
89.00000 -26.34700 -26.16400 -24.45500 -12.23800 -13.09200 -18.26000 -8.53500 -0.14200 -0.38700 -11.33200 -7.13100 0.12200 7.72100 -0.72200 -4.26200 -5.20800
90.00000 -27.32300 -27.62900 -23.47800 -12.72600 -15.53300 -23.14200 -10.00000 0.34600 -1.85100 -15.23800 -6.64300 0.12200 7.23300 -2.67500 -5.23900 -6.18500
91.00000 -28.30000 -27.14000 -22.01300 -13.70200 -17.48700 -26.56000 -11.95300 0.83400 -2.34000 -19.63300 -7.13100 0.12200 6.25600 -4.62800 -6.70400 -7.65000
92.00000 -28.78800 -25.67500 -22.01300 -15.16700 -18.95100 -27.53700 -12.92900 0.34600 -2.34000 -21.09800 -7.13100 -0.36600 5.76800 -6.58200 -7.68000 -9.11500
93.00000 -27.81200 -23.72200 -22.50200 -15.16700 -18.46300 -25.09600 -12.44100 -0.63100 -2.82800 -20.12100 -6.64300 0.12200 5.76800 -8.04600 -6.70400 -9.11500
94.00000 -26.34700 -22.74600 -21.52500 -14.19100 -16.51000 -21.18900 -10.48800 -2.09600 -3.31600 -16.70300 -5.66600 0.61000 5.76800 -8.04600 -4.75100 -7.65000
95.00000 -25.37000 -23.23400 -19.57200 -12.23800 -14.06900 -18.26000 -9.02300 -3.07200 -3.31600 -12.30900 -4.20100 1.09900 5.76800 -7.07000 -2.79700 -5.20800
96.00000 -24.39400 -23.23400 -17.13100 -10.28400 -11.62700 -16.30700 -9.02300 -3.07200 -2.82800 -7.42600 -3.22500 0.12200 4.79100 -5.60500 -2.30900 -3.25500
97.00000 -23.41700 -22.25700 -15.17700 -8.33100 -9.18600 -15.81800 -8.53500 -2.58400 -1.36300 -4.49600 -3.22500 -1.34300 3.81500 -4.14000 -3.28600 -3.25500
98.00000 -21.46400 -18.84000 -13.71300 -7.35500 -7.72100 -15.33000 -7.07000 -2.09600 1.07800 -3.03100 -3.22500 -3.78400 2.35000 -2.67500 -4.75100 -3.74300
99.00000 -19.02300 -13.95700 -13.71300 -5.89000 -6.25600 -12.88900 -3.65200 -1.11900 2.05500 -2.54300 -2.24800 -5.24900 0.88500 -1.69900 -6.21500 -4.23200
100.00000 -16.09300 -10.05000 -13.22400 -4.42500 -5.28000 -9.47100 0.25400 -0.63100 2.05500 -2.05500 -1.27200 -4.76100 0.88500 -0.72200 -6.21500 -3.74300
101.00000 -13.16300 -8.09700 -10.78300 -1.98400 -3.81500 -6.05300 3.18400 -0.14200 1.56700 -0.59000 0.68200 -3.78400 1.86200 1.23100 -4.75100 -1.79000
102.00000 -11.69800 -8.09700 -7.36500 -0.51900 -2.35000 -3.61100 3.18400 0.83400 2.05500 1.36300 1.17000 -2.80800 3.32600 4.16100 -2.30900 0.65100
103.00000 -11.21000 -9.07400 -3.94700 0.94600 -0.88500 -3.12300 1.23100 1.81100 3.03100 3.80500 1.17000 -2.31900 4.30300 6.60200 -0.84400 2.11600
104.00000 -10.72200 -10.53900 -1.99400 0.45800 0.09200 -3.61100 -0.72200 2.29900 4.49600 4.29300 0.68200 -2.80800 4.79100 7.57900 -0.35600 2.11600
105.00000 -11.21000 -11.02700 -2.48200 -1.00700 0.09200 -4.10000 -1.69900 1.81100 5.96100 2.82800 0.19300 -3.78400 4.30300 7.57900 -1.33300 0.16300
106.00000 -11.69800 -11.51500 -4.92400 -2.47200 -0.88500 -4.10000 -0.23400 -0.14200 6.44900 0.38700 0.19300 -3.78400 3.81500 6.11400 -2.79700 -1.79000
107.00000 -13.16300 -12.00400 -8.34100 -3.93700 -1.86200 -3.61100 0.74300 -1.60700 6.44900 -0.59000 0.19300 -3.29600 3.81500 5.62500 -3.28600 -2.27900
108.00000 -14.62800 -11.51500 -10.29500 -3.93700 -2.83800 -3.61100 1.23100 -1.60700 5.47300 0.38700 0.19300 -2.31900 4.79100 5.62500 -2.79700 -1.79000
109.00000 -15.11600 -10.05000 -8.83000 -3.44800 -2.83800 -4.10000 0.74300 -0.14200 4.98500 3.31600 0.19300 -1.34300 5.76800 6.11400 -1.82100 -1.30200
110.00000 -13.65200 -8.58600 -4.92400 -1.49500 -2.35000 -4.58800 -0.72200 2.78700 4.98500 6.73400 0.68200 -0.85400 6.74400 7.09000 -1.33300 -0.81400
111.00000 -11.69800 -8.58600 -1.01700 -0.51900 -1.37300 -4.10000 -1.21100 5.22900 5.47300 7.71100 1.65800 -0.85400 7.23300 8.06700 -1.33300 -1.30200
112.00000 -10.72200 -10.05000 0.44800 -0.03100 -0.39700 -3.12300 -0.72200 5.71700 5.96100 6.73400 2.63500 -0.36600 7.23300 8.55500 -1.82100 -2.27900
113.00000 -11.21000 -13.95700 -1.99400 -0.51900 -0.39700 -3.12300 0.74300 4.25200 6.44900 3.80500 3.12300 0.12200 7.72100 8.55500 -1.82100 -2.27900
114.00000 -13.65200 -17.86300 -6.38800 -1.98400 -1.37300 -4.10000 2.20700 2.29900 6.44900 0.87500 2.63500 0.61000 8.69800 8.06700 -1.82100 -1.30200
115.00000 -16.58100 -20.79300 -11.27100 -3.44800 -2.35000 -6.54100 2.20700 0.83400 5.96100 -0.10200 2.14600 1.09900 9.18600 7.09000 -0.35600 1.13900
116.00000 -18.53400 -20.30400 -13.22400 -3.93700 -3.32600 -8.98200 1.71900 0.83400 4.98500 0.38700 1.17000 1.09900 10.65100 5.62500 1.59700 3.09200
117.00000 -18.04600 -17.37500 -11.75900 -3.44800 -3.32600 -9.47100 0.74300 1.81100 4.49600 1.85100 1.17000 1.58700 11.13900 5.13700 2.57400 3.58100
118.00000 -15.60500 -12.98000 -8.83000 -2.47200 -1.86200 -7.51700 0.25400 2.29900 4.98500 3.31600 1.65800 1.58700 11.62700 6.11400 2.57400 3.09200
119.00000 -12.67500 -9.07400 -5.90000 -1.00700 0.09200 -4.58800 0.74300 2.78700 5.96100 3.31600 3.12300 1.58700 11.62700 7.09000 2.08500 1.62800
120.00000 -11.21000 -8.09700 -4.43500 -0.51900 1.55600 -3.61100 1.23100 1.81100 6.44900 1.85100 4.58800 2.07500 11.62700 8.55500 2.57400 1.13900
121.00000 -10.72200 -9.56200 -5.90000 -1.00700 1.55600 -4.58800 1.23100 0.83400 6.44900 -0.59000 5.07600 2.07500 12.11500 8.55500 3.55000 2.11600
122.00000 -12.18700 -11.51500 -8.34100 -1.49500 0.58000 -7.02900 0.25400 0.34600 4.98500 -2.05500 5.07600 2.56300 12.11500 7.57900 5.50300 4.06900
123.00000 -13.65200 -12.00400 -10.29500 -2.47200 0.09200 -7.51700 -0.23400 0.34600 3.52000 -0.59000 4.58800 3.05200 12.60400 7.09000 6.96800 6.99900
124.00000 -14.62800 -11.02700 -11.27100 -2.96000 0.09200 -5.07600 0.25400 0.83400 2.54300 3.31600 4.58800 3.54000 12.60400 7.57900 7.45600 8.95200
125.00000 -14.62800 -9.56200 -9.80600 -3.44800 0.58000 -0.68200 1.71900 1.81100 3.03100 8.68700 4.58800 4.02800 12.60400 9.04300 6.96800 8.95200
126.00000 -14.14000 -9.07400 -7.36500 -3.44800 2.04500 1.76000 3.18400 1.81100 3.52000 13.08200 5.07600 4.51700 12.11500 11.48500 5.50300 7.97500
127.00000 -14.62800 -11.51500 -5.90000 -4.42500 2.04500 1.27200 3.18400 1.32200 4.00800 13.57000 5.07600 3.54000 10.65100 12.95000 4.03800 6.51000
128.00000 -16.09300 -14.93300 -6.38800 -5.40200 2.04500 -2.63500 1.71900 0.34600 4.00800 11.12900 4.58800 2.07500 9.67400 13.92600 3.06200 5.53400
129.00000 -16.58100 -17.37500 -8.83000 -6.37800 1.06800 -6.05300 -0.23400 -0.14200 4.00800 6.73400 3.61100 0.12200 8.20900 13.92600 3.06200 5.04600
130.00000 -16.58100 -17.37500 -10.78300 -6.37800 1.06800 -6.05300 -0.72200 -0.14200 3.52000 4.78100 2.63500 -1.34300 6.74400 14.41400 2.57400 5.04600
131.00000 -15.11600 -14.44500 -11.27100 -4.42500 1.55600 -3.61100 0.74300 0.34600 3.52000 5.75800 2.14600 -2.80800 6.25600 15.39100 1.59700 4.55700
132.00000 -12.67500 -12.00400 -8.83000 -2.47200 2.04500 -0.19300 3.18400 1.81100 3.52000 8.19900 2.14600 -3.29600 5.76800 15.39100 0.62100 4.06900
133.00000 -11.21000 -10.53900 -5.41200 -1.49500 2.04500 0.78300 4.16100 2.78700 3.52000 9.66400 2.14600 -3.78400 5.28000 13.92600 -0.84400 2.60400
134.00000 -11.21000 -12.49200 -3.94700 -1.49500 1.06800 -1.65800 2.69600 3.76400 3.52000 9.17600 2.14600 -3.78400 5.28000 10.99700 -1.33300 2.11600
135.00000 -13.16300 -14.93300 -4.92400 -2.47200 0.09200 -4.58800 -0.23400 4.25200 3.52000 6.73400 2.14600 -3.29600 4.79100 8.55500 -0.84400 3.09200
136.00000 -14.62800 -15.91000 -8.83000 -3.93700 -0.39700 -6.05300 -2.67500 3.27600 3.52000 4.78100 2.14600 -2.31900 5.28000 7.57900 0.13200 5.04600
137.00000 -15.11600 -13.95700 -11.75900 -4.42500 0.58000 -4.58800 -3.16400 2.29900 4.00800 4.78100 1.65800 -1.83100 5.76800 8.55500 1.10900 6.51000
138.00000 -14.14000 -9.56200 -12.24800 -3.93700 2.53300 -2.14600 -2.67500 0.83400 4.49600 5.75800 1.17000 -1.34300 6.25600 10.50800 1.59700 6.51000
139.00000 -12.18700 -4.67900 -11.27100 -2.96000 3.99800 -0.68200 -3.16400 -0.14200 4.49600 6.73400 0.19300 -1.34300 6.25600 10.99700 2.08500 5.04600
140.00000 -10.72200 -2.23800 -9.31800 -2.47200 4.97400 -1.17000 -5.11700 -0.14200 3.52000 5.26900 -0.29500 -1.34300 5.76800 9.53200 2.08500 2.60400
141.00000 -10.23400 -2.23800 -8.83000 -1.98400 3.99800 -2.63500 -8.04600 0.83400 2.05500 2.34000 -0.78300 -1.34300 5.76800 6.60200 2.08500 1.13900
142.00000 -10.23400 -5.16800 -8.83000 -2.47200 3.02100 -4.10000 -9.02300 1.32200 1.07800 -0.10200 -0.78300 -0.85400 5.76800 5.13700 2.08500 0.16300
143.00000 -11.21000 -8.58600 -9.31800 -2.96000 1.55600 -5.07600 -7.07000 1.81100 1.07800 -0.59000 -0.29500 0.61000 6.74400 5.62500 2.57400 0.16300
144.00000 -12.67500 -12.00400 -8.83000 -3.93700 0.09200 -7.02900 -3.16400 1.32200 2.05500 0.38700 0.19300 1.58700 8.69800 7.57900 2.57400 1.13900
145.00000 -14.62800 -14.93300 -8.34100 -4.42500 -0.39700 -8.98200 -0.72200 0.34600 3.52000 1.85100 0.19300 2.56300 10.65100 9.53200 3.06200 2.11600
146.00000 -16.09300 -16.88600 -7.85300 -4.91300 -1.37300 -11.42400 -1.21100 -0.63100 4.98500 2.34000 -0.29500 3.54000 12.60400 10.02000 3.55000 3.09200
147.00000 -17.55800 -17.37500 -8.83000 -4.91300 -1.37300 -12.40000 -5.11700 -1.11900 4.49600 0.38700 -1.27200 3.05200 13.58000 8.06700 3.06200 3.58100
148.00000 -17.06900 -15.91000 -10.29500 -4.42500 -1.86200 -11.91200 -9.02300 -1.60700 3.03100 -2.54300 -2.73600 2.07500 13.58000 5.62500 2.57400 3.09200
149.00000 -15.60500 -12.49200 -11.27100 -2.96000 -0.88500 -10.93500 -10.97600 -2.09600 1.56700 -5.96100 -4.20100 1.09900 12.11500 3.67200 2.08500 2.60400
150.00000 -12.18700 -9.07400 -11.27100 -1.98400 0.09200 -9.95900 -9.51100 -2.58400 1.07800 -7.42600 -5.17800 -0.36600 11.13900 3.67200 1.10900 1.62800
151.00000 -10.23400 -7.60900 -10.78300 -1.00700 1.55600 -10.93500 -7.07000 -4.04900 1.56700 -7.42600 -5.66600 -0.85400 10.16200 4.64900 1.10900 1.62800
152.00000 -9.25700 -9.56200 -10.78300 -1.49500 2.53300 -12.40000 -5.60500 -4.53700 2.05500 -4.49600 -5.17800 -0.85400 10.16200 6.11400 1.10900 2.11600
153.00000 -10.72200 -13.46800 -12.24800 -2.47200 2.04500 -12.88900 -7.07000 -4.04900 2.54300 -1.07800 -5.17800 -0.36600 10.16200 6.11400 2.08500 3.09200
154.00000 -13.16300 -16.88600 -14.68900 -3.93700 1.06800 -11.91200 -10.00000 -3.07200 1.56700 1.36300 -4.20100 -0.85400 10.65100 5.62500 3.06200 4.55700
155.00000 -15.11600 -18.35100 -16.64200 -5.40200 -0.88500 -10.93500 -11.95300 -2.58400 0.59000 0.87500 -4.69000 -1.34300 11.13900 5.13700 3.55000 5.53400
156.00000 -16.58100 -17.37500 -17.13100 -6.86600 -2.35000 -10.93500 -11.95300 -3.07200 0.10200 -2.05500 -5.17800 -2.31900 10.65100 5.62500 2.57400 6.51000
157.00000 -16.58100 -15.42200 -16.15400 -7.35500 -2.83800 -11.91200 -10.00000 -3.56000 0.59000 -4.49600 -5.66600 -3.29600 10.16200 6.60200 1.10900 6.02200
158.00000 -16.09300 -13.46800 -14.68900 -7.84300 -2.35000 -13.86500 -8.53500 -3.56000 1.56700 -5.47300 -5.66600 -3.78400 9.67400 7.57900 -0.35600 5.04600
159.00000 -14.62800 -12.49200 -12.73600 -7.84300 -1.37300 -14.35300 -7.07000 -2.58400 2.05500 -4.49600 -5.66600 -3.78400 8.69800 7.09000 -1.82100 3.58100
160.00000 -12.18700 -11.51500 -12.24800 -6.86600 0.09200 -12.40000 -6.58200 -1.11900 2.05500 -2.05500 -5.17800 -4.27200 7.23300 4.64900 -3.28600 1.13900
161.00000 -10.72200 -10.53900 -11.75900 -5.40200 0.58000 -9.95900 -7.07000 -0.63100 0.59000 -1.07800 -5.17800 -5.24900 4.79100 1.23100 -4.75100 -1.79000
162.00000 -9.25700 -8.58600 -10.78300 -3.93700 0.58000 -8.98200 -7.55800 -0.63100 -0.87500 -2.54300 -5.66600 -6.22600 1.86200 -1.69900 -6.70400 -5.20800
163.00000 -9.25700 -7.60900 -9.31800 -2.47200 -0.39700 -10.44700 -8.53500 -1.60700 -1.85100 -5.47300 -6.64300 -7.69000 -0.58000 -2.67500 -8.65700 -8.13800
164.00000 -8.76900 -7.12100 -6.87700 -1.98400 -1.37300 -13.37700 -9.51100 -2.09600 -2.34000 -7.91400 -7.13100 -8.66700 -2.04500 -2.18700 -10.61000 -10.57900
165.00000 -8.76900 -6.63200 -4.43500 -2.47200 -0.88500 -15.33000 -10.00000 -1.60700 -1.36300 -8.40300 -7.13100 -8.17900 -2.53300 -1.21100 -11.09800 -11.06800
166.00000 -8.28000 -5.65600 -2.97000 -2.96000 0.09200 -13.86500 -9.02300 -0.63100 -0.38700 -6.44900 -6.64300 -7.20200 -2.04500 -0.23400 -10.12200 -10.57900
167.00000 -6.81600 -4.67900 -2.48200 -2.96000 2.04500 -9.47100 -6.58200 -0.14200 0.59000 -3.52000 -5.66600 -6.71400 -1.06800 0.25400 -8.65700 -9.11500
168.00000 -4.86200 -3.21500 -2.97000 -2.47200 3.51000 -5.07600 -3.65200 -0.14200 0.59000 -0.59000 -5.17800 -6.71400 -0.09200 1.23100 -8.16900 -7.16100
169.00000 -3.39800 -3.21500 -3.94700 -1.49500 3.99800 -2.14600 -1.21100 -0.63100 0.59000 -0.10200 -5.17800 -7.20200 -0.09200 1.71900 -8.65700 -6.18500
170.00000 -2.90900 -5.16800 -4.92400 -0.51900 3.51000 -2.63500 -1.21100 -0.63100 0.10200 -1.56700 -5.17800 -7.20200 -0.09200 1.71900 -10.12200 -6.18500
171.00000 -3.88600 -7.60900 -5.41200 -0.51900 2.53300 -5.56400 -3.16400 0.34600 -0.87500 -4.49600 -6.64300 -7.69000 -0.58000 -0.23400 -12.07500 -8.13800
172.00000 -4.86200 -9.07400 -5.41200 -1.00700 1.06800 -8.00600 -6.09300 1.32200 -1.36300 -8.40300 -8.10800 -8.17900 -1.55600 -3.16400 -13.54000 -11.06800
173.00000 -6.32700 -8.09700 -4.92400 -1.49500 0.58000 -9.95900 -8.04600 1.32200 -2.34000 -11.33200 -10.06100 -8.17900 -2.53300 -6.09300 -14.51600 -13.50900
174.00000 -5.83900 -4.67900 -4.92400 -1.98400 0.09200 -9.95900 -9.02300 -0.63100 -2.82800 -12.30900 -11.03700 -8.17900 -3.02100 -7.55800 -14.51600 -14.97400
175.00000 -4.86200 -0.77300 -5.41200 -1.98400 0.09200 -9.47100 -9.02300 -3.07200 -3.31600 -11.33200 -11.52500 -8.17900 -2.04500 -6.58200 -13.05100 -13.99700
176.00000 -3.88600 2.15700 -5.90000 -1.49500 0.09200 -9.47100 -9.02300 -4.04900 -3.80500 -7.91400 -11.03700 -7.69000 -0.09200 -4.14000 -11.58700 -12.04400
177.00000 -3.39800 2.15700 -6.87700 -1.00700 0.58000 -10.44700 -10.48800 -3.07200 -3.31600 -4.49600 -9.57200 -7.20200 1.37300 -1.69900 -9.14500 -10.09100
178.00000 -3.88600 -0.28500 -7.36500 -0.51900 1.55600 -10.93500 -11.46400 -0.63100 -2.82800 -3.52000 -8.59600 -6.22600 2.35000 -0.72200 -7.19200 -8.13800
179.00000 -4.37400 -3.70300 -7.36500 -0.51900 2.53300 -9.95900 -10.97600 1.81100 -1.85100 -5.47300 -7.61900 -5.73700 1.86200 -2.18700 -6.21500 -7.16100
180.00000 -4.37400 -5.16800 -6.38800 -0.03100 3.51000 -8.49400 -9.02300 2.78700 -1.36300 -8.40300 -6.64300 -5.24900 1.86200 -3.16400 -5.23900 -6.18500
181.00000 -3.39800 -4.67900 -3.94700 0.45800 3.99800 -6.54100 -6.58200 1.81100 -1.36300 -10.35600 -5.66600 -5.24900 1.86200 -3.16400 -4.75100 -4.72000
182.00000 -1.93300 -3.21500 -1.99400 1.43400 3.99800 -4.58800 -5.60500 -0.14200 -1.36300 -8.89100 -5.17800 -4.76100 2.35000 -2.18700 -3.77400 -2.27900
183.00000 -0.46800 -1.75000 -0.52900 1.92300 3.99800 -4.58800 -6.09300 -1.11900 -0.87500 -5.47300 -5.17800 -4.27200 3.81500 -1.69900 -2.79700 -0.81400
184.00000 -0.46800 -1.26100 -0.52900 1.43400 3.99800 -5.56400 -8.53500 -1.11900 -0.38700 -2.05500 -5.66600 -4.27200 4.30300 -1.21100 -2.79700 -0.32600
185.00000 -1.44400 -1.26100 -1.50600 0.45800 3.51000 -7.51700 -10.97600 -0.63100 0.10200 -0.59000 -7.13100 -5.73700 4.30300 -1.21100 -3.77400 -1.79000
186.00000 -2.42100 -0.77300 -2.97000 0.45800 2.53300 -9.47100 -11.95300 -0.63100 0.10200 -3.03100 -7.61900 -6.71400 4.30300 -1.21100 -4.75100 -3.25500
187.00000 -2.90900 -0.77300 -3.94700 0.45800 1.06800 -10.93500 -11.95300 -2.09600 -0.38700 -6.44900 -7.61900 -7.69000 3.32600 -0.72200 -6.21500 -4.72000
188.00000 -2.90900 -1.75000 -3.45900 0.94600 -0.39700 -11.42400 -10.97600 -3.56000 -1.36300 -8.40300 -7.13100 -8.17900 2.83800 -0.23400 -6.70400 -4.72000
189.00000 -2.90900 -4.19100 -3.45900 0.94600 -1.37300 -11.42400 -10.00000 -4.53700 -1.85100 -7.42600 -6.64300 -8.17900 1.86200 -1.21100 -6.70400 -5.20800
190.00000 -4.37400 -7.60900 -3.94700 -0.03100 -1.86200 -11.42400 -9.02300 -4.04900 -2.34000 -5.47300 -6.64300 -7.69000 1.37300 -2.67500 -7.68000 -5.69700
191.00000 -6.81600 -11.51500 -5.90000 -1.98400 -2.35000 -11.42400 -8.53500 -3.07200 -2.34000 -3.52000 -7.61900 -7.69000 -0.09200 -3.65200 -9.63300 -7.65000
192.00000 -8.76900 -13.46800 -7.85300 -3.93700 -2.83800 -10.93500 -7.55800 -2.58400 -1.85100 -3.03100 -9.08400 -8.17900 -0.58000 -2.67500 -11.09800 -9.11500
193.00000 -10.23400 -12.00400 -8.83000 -5.40200 -2.83800 -9.95900 -6.58200 -2.58400 -1.36300 -4.00800 -9.57200 -7.69000 -0.58000 -0.72200 -12.07500 -10.09100
194.00000 -10.23400 -9.07400 -8.34100 -5.40200 -2.83800 -8.49400 -6.09300 -2.58400 -0.38700 -4.49600 -9.08400 -6.71400 0.39700 2.20700 -12.07500 -9.11500
195.00000 -8.76900 -6.14400 -6.38800 -4.91300 -2.83800 -7.02900 -6.09300 -1.60700 0.10200 -4.98500 -7.13100 -4.76100 1.37300 2.69600 -11.09800 -7.16100
196.00000 -7.30400 -4.19100 -4.43500 -3.93700 -1.86200 -6.05300 -6.09300 0.34600 0.10200 -4.98500 -3.71300 -2.80800 1.86200 2.20700 -10.12200 -5.69700
197.00000 -6.32700 -5.16800 -2.97000 -3.44800 -1.37300 -6.05300 -5.11700 2.78700 0.10200 -4.49600 -0.78300 -0.85400 1.86200 0.25400 -8.65700 -5.69700
198.00000 -6.32700 -5.65600 -2.97000 -3.44800 -0.88500 -7.02900 -3.16400 4.25200 0.10200 -4.00800 1.17000 0.61000 2.35000 -0.23400 -7.68000 -6.18500
199.00000 -6.32700 -6.14400 -2.97000 -3.44800 -1.37300 -7.51700 -1.21100 4.74000 1.07800 -2.05500 2.14600 1.09900 2.83800 1.23100 -6.21500 -6.67300
200.00000 -5.35100 -4.67900 -1.99400 -3.44800 -1.37300 -6.05300 0.25400 4.25200 2.05500 1.85100 2.14600 2.07500 4.30300 3.67200 -5.23900 -6.67300
201.00000 -3.88600 -3.70300 -0.04100 -2.96000 -0.88500 -3.61100 0.74300 3.27600 3.03100 5.75800 1.65800 2.56300 5.76800 5.62500 -3.77400 -5.69700
202.00000 -2.90900 -4.19100 2.40100 -2.47200 -0.39700 -1.17000 0.25400 2.78700 3.03100 8.19900 1.65800 3.05200 6.74400 6.60200 -2.30900 -4.72000
203.00000 -1.93300 -5.65600 3.86600 -1.49500 0.58000 -0.19300 -0.72200 2.29900 2.54300 7.22200 1.17000 3.05200 7.23300 6.11400 -1.82100 -3.74300
204.00000 -1.44400 -7.60900 4.84200 -1.00700 1.55600 -1.17000 -2.18700 2.78700 2.54300 4.29300 0.68200 2.07500 7.72100 6.60200 -1.33300 -3.74300
205.00000 -1.44400 -7.12100 3.86600 -0.51900 2.53300 -3.61100 -4.14000 3.27600 3.03100 0.87500 -0.78300 1.09900 7.72100 7.57900 -1.33300 -3.74300
206.00000 -1.93300 -4.67900 2.40100 -0.51900 3.02100 -5.56400 -5.11700 2.78700 3.52000 -0.59000 -2.24800 0.12200 7.72100 8.55500 -0.84400 -3.25500
207.00000 -1.93300 -1.75000 0.93600 -0.51900 2.53300 -6.05300 -5.60500 2.78700 4.00800 -0.10200 -3.71300 -0.36600 8.20900 8.55500 0.13200 -2.27900
208.00000 -2.90900 -0.77300 -0.52900 -1.00700 1.55600 -6.05300 -4.62800 3.27600 3.52000 0.87500 -4.20100 1.09900 8.69800 6.11400 1.59700 -0.81400
209.00000 -4.86200 -3.21500 -1.50600 -1.98400 0.58000 -6.54100 -3.16400 4.25200 2.05500 -0.10200 -3.71300 2.56300 9.18600 3.18400 3.06200 0.65100
210.00000 -6.81600 -7.60900 -2.48200 -2.96000 -1.37300 -8.49400 -3.16400 4.25200 0.10200 -3.03100 -3.22500 3.54000 9.18600 0.74300 3.55000 2.11600
211.00000 -7.79200 -11.51500 -2.48200 -3.44800 -2.35000 -11.42400 -4.62800 4.25200 -1.36300 -5.96100 -2.73600 3.54000 8.69800 0.74300 3.06200 2.60400
212.00000 -7.30400 -12.00400 -1.99400 -2.96000 -2.83800 -13.37700 -7.07000 3.76400 -1.85100 -8.40300 -3.22500 2.56300 7.23300 1.71900 2.57400 2.60400
213.00000 -5.35100 -8.09700 -1.01700 -1.98400 -1.86200 -12.40000 -9.02300 2.78700 -1.36300 -8.40300 -3.71300 1.09900 5.76800 2.69600 1.59700 2.11600
214.00000 -3.39800 -3.21500 0.44800 -1.00700 -0.88500 -10.93500 -8.04600 2.29900 -1.36300 -7.42600 -4.20100 0.61000 4.79100 2.20700 1.10900 1.62800
215.00000 -2.90900 0.20300 0.44800 -1.00700 -0.39700 -9.47100 -5.60500 2.78700 -2.34000 -6.44900 -4.20100 0.12200 3.32600 0.74300 0.62100 0.16300
216.00000 -4.37400 0.69200 -1.01700 -1.98400 -1.37300 -10.44700 -3.16400 3.27600 -3.80500 -6.93800 -4.69000 -0.36600 2.35000 -1.21100 -0.84400 -1.30200
217.00000 -6.81600 -2.23800 -2.48200 -3.93700 -2.35000 -11.91200 -3.65200 3.76400 -4.78100 -8.40300 -5.66600 -0.85400 1.86200 -1.69900 -2.79700 -2.76700
218.00000 -9.74500 -6.63200 -3.45900 -4.91300 -3.81500 -13.86500 -7.07000 3.27600 -4.78100 -9.37900 -7.13100 -2.31900 1.37300 -0.72200 -5.23900 -4.23200
219.00000 -10.72200 -10.05000 -3.45900 -5.40200 -4.30300 -13.86500 -11.46400 1.81100 -3.80500 -10.35600 -8.10800 -2.80800 1.86200 -0.23400 -6.70400 -5.20800
220.00000 -10.72200 -12.00400 -1.99400 -5.40200 -3.81500 -12.40000 -12.44100 0.34600 -2.34000 -10.84400 -7.61900 -2.80800 2.35000 0.25400 -7.19200 -6.18500
221.00000 -9.74500 -11.51500 -0.04100 -4.91300 -2.83800 -10.44700 -9.02300 -0.14200 -0.87500 -10.84400 -5.66600 -1.83100 3.32600 -0.23400 -6.70400 -6.18500
222.00000 -7.79200 -10.05000 0.93600 -4.91300 -1.37300 -8.49400 -2.18700 0.34600 0.59000 -9.37900 -2.73600 -0.36600 3.32600 -0.23400 -6.21500 -5.69700
223.00000 -6.32700 -7.60900 0.93600 -4.91300 0.09200 -6.54100 4.16100 2.29900 0.10200 -5.96100 -0.29500 0.12200 3.32600 0.25400 -5.72700 -5.69700
224.00000 -4.86200 -5.65600 -0.04100 -4.42500 0.58000 -4.58800 6.60200 3.76400 0.10200 -0.59000 1.17000 -0.36600 3.32600 2.20700 -6.21500 -5.20800
225.00000 -4.37400 -4.67900 -1.50600 -3.93700 1.55600 -2.63500 3.67200 4.25200 0.10200 5.26900 1.17000 -1.34300 2.83800 4.16100 -7.19200 -5.69700
226.00000 -4.86200 -4.67900 -2.48200 -3.44800 1.55600 -1.65800 -1.69900 3.76400 0.59000 9.17600 0.19300 -2.80800 3.32600 5.13700 -8.65700 -6.18500
227.00000 -6.81600 -6.63200 -3.45900 -3.93700 1.55600 -2.63500 -7.07000 2.78700 1.56700 9.17600 -0.78300 -3.29600 3.32600 5.13700 -9.63300 -7.16100
228.00000 -9.25700 -9.07400 -4.43500 -4.91300 0.58000 -5.07600 -8.04600 1.81100 2.54300 5.75800 -1.27200 -2.80800 3.81500 4.64900 -9.63300 -7.65000
229.00000 -11.21000 -11.51500 -5.41200 -6.86600 0.09200 -7.51700 -6.58200 0.83400 3.03100 1.36300 -1.76000 -2.80800 4.30300 5.13700 -9.14500 -7.65000
230.00000 -12.18700 -12.49200 -6.38800 -7.84300 -0.39700 -8.49400 -4.14000 -0.14200 3.03100 -0.59000 -1.76000 -2.31900 4.30300 5.62500 -8.16900 -7.16100
231.00000 -11.69800 -11.02700 -6.38800 -7.35500 0.09200 -8.00600 -3.16400 -0.63100 2.05500 -0.10200 -1.76000 -2.31900 4.30300 6.11400 -6.70400 -6.67300
232.00000 -9.74500 -8.58600 -4.92400 -5.89000 1.06800 -7.51700 -4.14000 -0.63100 2.05500 1.85100 -2.24800 -2.31900 4.30300 5.62500 -5.23900 -6.67300
233.00000 -7.30400 -6.63200 -2.97000 -4.42500 1.55600 -6.54100 -5.60500 -0.63100 1.56700 2.82800 -3.22500 -2.31900 4.30300 4.64900 -4.75100 -6.67300
234.00000 -6.81600 -5.65600 -2.48200 -3.93700 1.06800 -6.05300 -6.09300 -0.63100 1.56700 1.85100 -4.20100 -2.31900 4.30300 3.18400 -5.23900 -7.16100
235.00000 -7.30400 -6.63200 -4.43500 -5.40200 0.09200 -6.54100 -6.09300 -1.11900 2.05500 -0.59000 -5.66600 -2.31900 4.30300 2.69600 -5.23900 -7.65000
236.00000 -9.74500 -8.09700 -6.87700 -7.35500 -0.88500 -6.54100 -6.09300 -2.09600 2.05500 -3.03100 -6.15400 -2.80800 3.81500 2.20700 -5.23900 -8.13800
237.00000 -12.67500 -9.07400 -9.31800 -8.82000 -1.37300 -6.54100 -7.55800 -4.04900 2.05500 -4.00800 -5.66600 -3.29600 3.32600 2.69600 -4.75100 -7.65000
238.00000 -15.60500 -10.53900 -10.29500 -9.79600 -1.86200 -7.51700 -9.51100 -4.53700 1.07800 -3.52000 -4.69000 -3.78400 2.83800 2.20700 -3.28600 -7.16100
239.00000 -17.55800 -12.98000 -9.80600 -10.28400 -2.35000 -9.95900 -11.46400 -4.53700 0.59000 -3.52000 -4.69000 -3.78400 1.86200 1.71900 -2.30900 -6.18500
240.00000 -19.51100 -15.91000 -8.83000 -10.28400 -2.83800 -11.91200 -12.44100 -3.56000 -0.87500 -4.00800 -5.17800 -3.29600 2.35000 1.71900 -2.30900 -4.72000
241.00000 -21.46400 -18.84000 -9.31800 -11.26100 -4.79100 -13.37700 -11.95300 -3.07200 -1.85100 -4.49600 -7.13100 -3.78400 3.32600 2.20700 -3.28600 -3.25500
242.00000 -22.92900 -21.28100 -12.24800 -12.72600 -6.74400 -13.86500 -12.92900 -3.56000 -2.82800 -4.49600 -10.06100 -4.27200 4.30300 3.18400 -4.75100 -2.27900
243.00000 -24.39400 -22.25700 -16.15400 -14.19100 -9.18600 -13.86500 -14.88200 -5.51400 -4.29300 -4.49600 -12.99000 -5.73700 5.28000 4.16100 -5.72700 -1.30200
244.00000 -24.88200 -22.25700 -19.08400 -15.65600 -11.13900 -13.86500 -17.32400 -7.95500 -4.29300 -4.49600 -14.94300 -6.71400 6.25600 3.67200 -6.70400 -0.81400
245.00000 -25.85900 -21.28100 -19.57200 -16.63200 -12.11500 -14.84200 -18.78900 -8.93100 -3.80500 -4.98500 -14.94300 -6.22600 7.72100 2.69600 -6.21500 -0.81400
246.00000 -25.85900 -20.79300 -18.10700 -16.63200 -12.11500 -15.81800 -18.78900 -7.95500 -2.34000 -5.96100 -12.99000 -5.24900 9.18600 2.20700 -4.75100 0.16300
247.00000 -25.85900 -21.28100 -16.15400 -16.14400 -11.62700 -15.81800 -15.85900 -6.00200 -1.36300 -5.96100 -10.54900 -3.78400 10.16200 2.20700 -3.28600 1.13900
248.00000 -24.88200 -22.74600 -14.20100 -15.16700 -11.62700 -14.35300 -11.95300 -4.04900 -0.87500 -4.49600 -8.10800 -2.31900 11.13900 4.16100 -2.79700 2.11600
249.00000 -23.90500 -24.69900 -13.22400 -14.67900 -11.62700 -12.88900 -8.53500 -3.56000 -0.38700 -2.54300 -6.15400 -2.80800 12.11500 6.11400 -2.79700 2.11600
250.00000 -22.92900 -26.16400 -13.22400 -13.70200 -12.11500 -12.40000 -6.58200 -4.04900 -0.38700 -1.07800 -5.17800 -3.29600 11.62700 8.06700 -3.77400 1.13900
251.00000 -21.95200 -26.16400 -12.73600 -13.21400 -11.62700 -12.88900 -6.09300 -5.02500 -0.38700 -1.56700 -4.20100 -3.29600 10.65100 9.53200 -4.26200 0.16300
252.00000 -21.46400 -24.21100 -12.24800 -12.72600 -10.16200 -13.37700 -5.11700 -5.51400 0.59000 -3.03100 -2.73600 -2.80800 10.16200 10.99700 -3.77400 0.65100
253.00000 -20.97600 -21.28100 -11.27100 -12.72600 -8.20900 -13.37700 -4.14000 -5.02500 1.56700 -3.03100 -0.78300 -0.85400 10.65100 12.46100 -2.30900 2.11600
254.00000 -20.48700 -19.32800 -10.29500 -12.23800 -5.76800 -12.40000 -3.65200 -5.02500 2.05500 -0.10200 1.65800 1.09900 11.13900 14.41400 0.13200 3.58100
255.00000 -19.99900 -18.84000 -10.29500 -11.74900 -4.30300 -10.44700 -4.14000 -4.53700 2.05500 5.26900 3.12300 2.56300 11.62700 16.85600 2.08500 5.53400
256.00000 -19.51100 -18.84000 -10.78300 -11.26100 -3.81500 -8.49400 -5.11700 -5.51400 1.56700 10.64000 4.10000 3.05200 12.11500 18.32100 2.57400 6.02200
