1.00000 -3.60100 -2.76700 -1.41400 -0.71200 -3.70300 0.31500 -3.92700 -0.84400 -3.80500 3.06200 1.34300 2.24800 -5.65600 -10.59000 5.51400 -0.31500
2.00000 -2.62500 0.16300 -2.39100 -0.71200 -3.21500 1.29200 -2.95000 -0.35600 -3.31600 0.13200 1.83100 2.73600 -4.67900 -11.07800 3.56000 -2.75700
3.00000 -1.64800 1.62800 -6.29700 -1.20000 -2.23800 -0.17300 -1.48500 0.13200 -2.34000 0.62100 0.36600 2.24800 -2.72600 -9.12500 2.09600 -4.22200
4.00000 -1.16000 0.65100 -10.20300 -1.68900 -0.77300 -3.59100 -0.50900 0.13200 -1.36300 4.52700 -2.56300 2.24800 -0.77300 -5.70700 1.11900 -2.75700
5.00000 -0.67100 -0.81400 -11.66800 -2.66500 -0.28500 -5.05600 -0.02000 -0.84400 -0.87500 8.43300 -4.51700 1.76000 0.69200 -0.82400 1.11900 -0.31500
6.00000 -0.18300 -1.30200 -9.22600 -3.15300 0.20300 -2.61400 -0.50900 -1.33300 -0.38700 10.87400 -5.00500 2.24800 2.15700 2.59400 1.11900 2.12600
7.00000 -0.18300 -0.81400 -3.85500 -3.64200 0.69200 1.78000 -1.48500 -2.30900 0.59000 9.89800 -3.54000 2.24800 3.62100 5.03500 0.63100 2.61400
8.00000 -0.18300 0.16300 1.02700 -4.13000 1.66800 5.68600 -2.46200 -2.79700 2.05500 7.45600 -2.07500 1.76000 5.08600 7.47700 -0.34600 2.12600
9.00000 -0.18300 0.65100 2.49200 -3.64200 2.15700 6.66300 -3.43800 -2.79700 3.52000 5.99200 -1.09900 1.27200 7.03900 10.89500 -0.83400 2.12600
10.00000 -0.18300 -0.32600 0.53900 -3.64200 3.13300 5.68600 -4.41500 -2.79700 4.98500 6.48000 -1.09900 0.29500 8.99300 14.80100 -1.32200 3.59100
11.00000 -1.16000 -0.81400 -2.87900 -4.13000 3.13300 3.24500 -4.90300 -2.79700 5.47300 6.48000 -1.58700 -1.17000 10.45700 17.73100 -1.32200 4.07900
12.00000 -1.64800 0.65100 -5.80900 -4.13000 3.13300 2.26800 -4.90300 -3.77400 5.47300 4.03800 -2.07500 -2.14600 10.45700 18.21900 -2.29900 3.59100
13.00000 -1.64800 2.60400 -6.29700 -4.61800 2.64500 2.26800 -4.41500 -4.26200 5.47300 0.62100 -2.56300 -3.12300 9.48100 17.73100 -3.76400 2.12600
14.00000 -1.64800 4.06900 -4.83200 -4.61800 2.15700 2.26800 -4.41500 -4.75100 5.47300 -1.33300 -4.02800 -3.12300 8.99300 16.75400 -3.76400 1.63800
15.00000 -0.67100 3.09200 -2.87900 -4.13000 2.64500 0.80400 -4.41500 -4.26200 5.96100 1.10900 -5.49300 -3.12300 8.99300 18.70700 -1.81100 5.05600
16.00000 0.30500 1.13900 -2.39100 -3.15300 3.13300 -0.66100 -4.90300 -3.28600 5.96100 8.43300 -5.49300 -1.65800 9.96900 22.12500 1.60700 10.91500
17.00000 0.79300 -1.79000 -3.36700 -1.68900 4.11000 -1.14900 -4.90300 -2.79700 5.96100 17.22200 -4.02800 -0.19300 11.43400 25.05500 6.00200 16.77400
18.00000 0.79300 -2.76700 -3.85500 -0.22400 5.57500 0.80400 -4.41500 -2.79700 4.98500 23.57000 -1.09900 0.78300 10.94600 24.07800 8.93100 18.72800
19.00000 1.28200 -0.32600 -2.87900 0.75300 7.03900 3.24500 -2.46200 -3.28600 4.00800 23.57000 2.31900 1.27200 9.48100 19.19600 9.90800 14.82100
20.00000 3.23500 3.09200 0.05100 1.24100 7.52800 5.68600 0.46800 -2.79700 3.03100 19.66300 3.78400 0.78300 6.55100 12.36000 8.44300 7.98500
21.00000 5.67600 7.97500 3.46900 1.72900 8.01600 7.64000 2.90900 -2.30900 3.03100 16.24600 2.31900 -0.19300 4.11000 7.47700 6.49000 0.66100
22.00000 8.11800 11.88200 5.91000 2.21800 7.52800 9.10400 4.37400 -1.33300 3.52000 14.78100 -1.58700 -1.17000 3.13300 6.50000 4.04900 -2.75700
23.00000 9.58300 13.83500 5.42200 3.68200 7.03900 9.59300 4.86200 -0.84400 3.52000 15.75700 -5.98100 -2.14600 3.62100 8.94200 1.11900 -2.75700
24.00000 9.58300 13.83500 4.44500 5.14700 6.55100 10.56900 3.39800 0.13200 3.52000 15.75700 -8.42300 -3.12300 4.59800 12.36000 -1.32200 -1.29200
25.00000 9.58300 12.37000 4.44500 6.61200 7.03900 11.05800 2.42100 -0.35600 3.52000 12.82800 -7.44600 -3.61100 6.06300 16.26600 -3.76400 -0.80400
26.00000 10.07100 10.90500 6.88700 7.58900 8.50400 11.05800 2.42100 -0.84400 4.00800 8.92100 -4.51700 -4.10000 7.52800 19.68400 -5.22900 -1.29200
27.00000 11.04700 11.88200 10.30500 8.07700 9.48100 10.56900 3.88600 0.13200 4.98500 6.96800 -0.12200 -2.63500 9.96900 23.59000 -4.25200 -1.78000
28.00000 12.51200 13.83500 13.23400 7.58900 9.48100 9.10400 5.35100 1.10900 5.96100 8.43300 2.80800 -1.17000 12.41000 28.47300 -0.83400 -1.78000
29.00000 13.00000 16.76400 13.23400 7.10000 8.50400 7.64000 5.83900 3.06200 5.96100 12.33900 4.27200 0.78300 13.87500 32.37900 2.09600 -0.31500
30.00000 12.51200 16.76400 11.77000 6.12400 7.03900 6.17500 5.35100 4.03800 4.98500 14.78100 3.29600 1.76000 13.87500 32.86700 3.07200 0.66100
31.00000 10.55900 13.34600 8.84000 5.14700 5.08600 4.71000 4.37400 4.03800 4.00800 14.29200 1.34300 1.27200 11.43400 29.44900 0.63100 -0.80400
32.00000 9.09400 7.97500 6.39900 5.14700 4.11000 3.24500 2.90900 3.06200 2.05500 10.87400 -1.58700 -0.19300 7.52800 23.10200 -5.22900 -5.19800
33.00000 8.11800 4.55700 5.42200 5.63600 4.11000 1.78000 1.93300 1.59700 1.56700 7.45600 -4.51700 -2.14600 3.62100 16.75400 -12.06500 -12.52200
34.00000 9.09400 4.06900 4.93400 6.61200 4.59800 0.80400 2.42100 1.10900 1.07800 5.99200 -6.95800 -4.10000 0.20300 12.36000 -17.92400 -18.38200
35.00000 10.07100 6.51000 3.95700 6.61200 5.08600 0.31500 2.42100 0.62100 1.56700 5.50300 -8.91100 -5.07600 -1.26100 9.91800 -20.85400 -21.31100
36.00000 11.04700 9.44000 3.46900 6.61200 5.08600 0.31500 0.95600 1.10900 2.05500 4.03800 -9.39900 -4.58800 -1.26100 8.45300 -19.87700 -20.33500
37.00000 10.55900 9.44000 3.46900 6.12400 4.59800 0.31500 -0.50900 1.59700 2.05500 1.10900 -8.42300 -3.61100 -1.26100 6.98900 -17.43600 -16.42900
38.00000 9.09400 6.99900 3.95700 5.63600 4.59800 -0.17300 -1.97300 2.08500 1.56700 -0.35600 -5.98100 -1.65800 -0.77300 5.52400 -13.04100 -11.54600
39.00000 8.11800 3.58100 4.93400 6.12400 5.08600 -1.63800 -0.99700 2.08500 0.59000 1.10900 -3.05200 -0.19300 -0.28500 5.03500 -11.08800 -7.64000
40.00000 7.62900 2.11600 5.91000 7.10000 5.57500 -3.59100 1.93300 2.57400 -0.38700 5.99200 -2.07500 0.78300 -0.28500 5.03500 -10.11100 -7.15100
41.00000 8.60600 3.09200 5.91000 8.56500 6.06300 -5.05600 5.35100 3.06200 -0.87500 11.85100 -3.05200 -0.19300 -0.77300 5.03500 -11.57600 -9.59300
42.00000 10.55900 6.51000 6.39900 9.54200 6.06300 -4.07900 6.32700 3.55000 -1.36300 13.31600 -4.51700 -1.65800 -1.75000 4.05900 -14.50600 -14.47600
43.00000 13.00000 10.41700 7.86300 10.03000 5.57500 -0.66100 5.35100 3.06200 -0.87500 9.41000 -5.49300 -3.61100 -3.21500 1.61700 -16.45900 -19.35800
44.00000 14.46500 13.34600 10.30500 9.54200 4.59800 3.24500 2.90900 3.06200 -0.38700 3.06200 -4.51700 -4.58800 -3.21500 -0.33600 -16.45900 -20.82300
45.00000 14.46500 14.81100 13.23400 8.56500 3.62100 5.68600 1.93300 2.57400 0.59000 0.13200 -1.58700 -3.61100 -1.75000 0.15300 -13.04100 -16.91700
46.00000 13.97700 13.83500 15.18800 8.07700 2.64500 5.19800 3.88600 2.08500 1.07800 2.57400 2.31900 -0.68200 1.18000 5.03500 -6.69400 -7.15100
47.00000 12.51200 11.88200 15.67600 7.58900 2.64500 3.73300 7.79200 2.57400 2.05500 8.43300 5.24900 2.73600 5.08600 11.87100 1.60700 4.07900
48.00000 12.02400 8.95200 14.69900 8.07700 3.13300 3.73300 11.69800 4.03800 2.54300 12.82800 5.73700 5.66600 8.50400 18.21900 9.42000 13.35700
49.00000 12.02400 6.51000 13.23400 8.56500 4.11000 6.17500 13.65200 5.01500 3.52000 11.36300 5.24900 7.13100 10.45700 22.12500 14.79100 16.28600
50.00000 12.51200 4.55700 12.25800 9.05400 6.06300 9.59300 12.18700 5.99200 4.00800 6.48000 4.27200 7.13100 10.94600 22.61400 16.74400 14.82100
51.00000 12.51200 3.58100 12.25800 8.56500 7.03900 10.08100 9.74500 5.99200 4.98500 2.08500 4.27200 7.13100 10.45700 20.66000 16.25600 10.91500
52.00000 11.53600 4.06900 11.28100 7.10000 7.03900 5.19800 7.79200 5.99200 4.49600 3.06200 4.76100 7.61900 10.45700 19.19600 14.30300 8.96200
53.00000 9.58300 5.53400 8.35200 5.14700 6.06300 -2.61400 5.83900 5.50300 3.52000 8.43300 4.76100 8.59600 11.43400 19.19600 12.34900 10.42700
54.00000 6.65300 7.48700 4.44500 3.19400 4.59800 -7.49700 4.86200 4.52700 2.54300 13.31600 4.76100 10.06100 12.89900 19.68400 11.37300 12.86800
55.00000 4.21100 8.95200 -0.43700 2.21800 4.11000 -6.52100 3.88600 4.03800 2.05500 12.82800 3.78400 10.54900 13.87500 20.17200 10.88500 13.84500
56.00000 3.23500 9.92800 -3.36700 2.21800 5.08600 0.31500 2.42100 4.03800 2.54300 6.96800 2.31900 9.57200 13.38700 19.68400 10.39600 11.89200
57.00000 3.72300 9.44000 -3.36700 3.68200 7.03900 6.66300 1.44400 4.03800 2.54300 1.59700 1.34300 8.10800 11.43400 16.75400 9.90800 7.49700
58.00000 5.67600 8.46400 -0.43700 5.14700 8.50400 9.10400 1.93300 5.01500 3.03100 2.08500 1.83100 7.13100 8.99300 13.82400 8.93100 4.07900
59.00000 7.62900 7.48700 2.49200 6.61200 8.01600 5.19800 3.39800 5.50300 2.54300 8.92100 2.31900 6.64300 7.52800 11.38300 7.46700 2.61400
60.00000 9.09400 7.48700 5.42200 7.58900 7.03900 -1.14900 5.35100 5.01500 2.05500 18.19900 2.31900 7.13100 7.52800 9.91800 6.00200 3.10300
61.00000 9.58300 8.95200 7.37500 7.10000 5.08600 -3.59100 5.83900 4.52700 2.05500 22.59300 1.83100 6.64300 8.01600 10.89500 5.02500 4.07900
62.00000 9.09400 10.41700 8.35200 6.12400 4.11000 -0.66100 4.37400 3.06200 3.03100 18.68700 0.85400 5.17800 8.50400 12.36000 4.53700 5.05600
63.00000 7.62900 11.88200 8.35200 4.65900 3.62100 4.71000 0.95600 1.59700 4.49600 7.94500 -0.61000 3.71300 8.99300 14.31300 4.04900 5.54400
64.00000 6.16500 11.88200 8.84000 4.17100 4.11000 8.12800 -1.97300 1.10900 5.96100 -2.30900 -2.07500 2.24800 8.99300 14.80100 4.04900 5.54400
65.00000 5.18800 10.90500 7.86300 4.17100 4.59800 6.66300 -4.41500 0.62100 5.96100 -7.19200 -3.05200 1.27200 8.99300 14.80100 2.58400 5.54400
66.00000 5.67600 9.92800 6.39900 5.14700 5.57500 1.78000 -4.90300 1.10900 4.98500 -4.26200 -3.54000 0.78300 8.01600 14.31300 1.11900 4.07900
67.00000 7.14100 8.95200 4.44500 6.61200 6.06300 -2.12600 -3.43800 1.59700 3.03100 3.06200 -3.05200 1.27200 7.52800 13.33600 -0.34600 2.12600
68.00000 9.09400 8.46400 2.98100 7.10000 6.55100 -2.61400 -0.99700 2.08500 1.56700 10.38600 -2.56300 1.27200 7.03900 13.33600 -0.34600 1.14900
69.00000 10.55900 7.97500 2.98100 7.10000 6.55100 -0.17300 1.44400 2.57400 1.07800 13.31600 -2.07500 2.24800 7.52800 13.82400 0.14200 1.14900
70.00000 10.55900 6.51000 2.98100 5.63600 5.57500 1.78000 2.90900 2.57400 1.07800 11.36300 -1.58700 3.22500 8.01600 13.82400 1.11900 2.61400
71.00000 9.58300 4.06900 3.95700 4.17100 4.59800 0.80400 3.39800 2.08500 1.56700 5.99200 -2.07500 3.71300 8.01600 13.82400 1.11900 4.07900
72.00000 8.11800 1.62800 5.42200 3.19400 3.62100 -3.10300 2.90900 1.59700 1.56700 1.10900 -3.54000 3.71300 7.03900 12.36000 0.14200 4.07900
73.00000 7.14100 1.62800 5.91000 2.70600 2.64500 -6.52100 0.95600 1.10900 1.07800 -1.82100 -5.49300 2.73600 6.06300 10.40600 -1.32200 3.10300
74.00000 7.62900 5.04600 6.39900 2.70600 1.66800 -5.54400 -1.97300 0.62100 1.07800 -2.30900 -7.44600 1.76000 6.06300 8.94200 -1.32200 2.61400
75.00000 8.60600 11.88200 5.91000 2.70600 1.66800 -1.63800 -3.92700 0.13200 1.56700 -1.82100 -8.42300 1.27200 6.06300 9.43000 -1.32200 3.10300
76.00000 8.60600 17.25300 3.95700 2.21800 1.66800 2.75700 -4.41500 0.62100 2.54300 -1.82100 -8.91100 1.76000 7.52800 10.40600 -0.34600 5.05600
77.00000 8.11800 18.22900 0.53900 1.72900 1.66800 3.73300 -3.43800 1.10900 3.03100 -2.79700 -8.91100 2.73600 8.50400 10.89500 0.14200 6.03200
78.00000 6.65300 13.83500 -2.87900 1.24100 2.64500 1.29200 -1.97300 1.59700 3.03100 -4.26200 -7.93500 3.71300 8.50400 10.40600 -1.32200 5.05600
79.00000 6.16500 6.99900 -3.85500 1.24100 3.13300 -2.12600 -0.50900 1.59700 2.05500 -4.26200 -6.95800 3.71300 8.01600 9.43000 -3.76400 1.14900
80.00000 6.16500 2.11600 -1.41400 1.24100 4.59800 -2.61400 -1.48500 1.10900 1.56700 -3.28600 -6.47000 3.22500 7.52800 7.96500 -6.20500 -2.75700
81.00000 6.65300 2.11600 2.98100 1.24100 5.57500 -0.17300 -3.43800 0.13200 1.07800 -2.30900 -6.47000 2.24800 7.03900 8.45300 -8.15800 -3.73300
82.00000 7.14100 5.53400 5.42200 1.24100 6.06300 2.75700 -5.88000 -0.35600 1.07800 -1.82100 -6.95800 1.27200 7.03900 9.43000 -9.62300 -2.75700
83.00000 7.14100 9.44000 3.46900 0.75300 4.59800 3.24500 -7.34500 -0.35600 1.07800 -2.79700 -8.91100 0.29500 6.06300 9.43000 -11.08800 -1.78000
84.00000 6.16500 11.39300 -2.39100 -0.22400 2.15700 -0.66100 -7.34500 0.13200 0.10200 -4.75100 -10.86400 -1.17000 4.11000 6.98900 -14.01800 -3.73300
85.00000 5.18800 10.90500 -8.25000 -1.20000 -0.77300 -7.00900 -6.85600 0.13200 -1.36300 -5.72700 -13.79400 -2.14600 1.66800 2.59400 -16.94700 -9.10400
86.00000 4.21100 9.92800 -10.69100 -1.68900 -2.72600 -11.89200 -6.85600 0.13200 -2.34000 -4.26200 -15.74700 -3.61100 -0.28500 -2.28900 -19.38900 -14.96400
87.00000 4.21100 8.95200 -8.25000 -2.17700 -2.72600 -13.84500 -8.32100 -0.84400 -3.31600 -1.82100 -18.18800 -4.58800 -1.75000 -5.21900 -19.87700 -17.89300
88.00000 4.70000 8.46400 -2.39100 -1.68900 -1.75000 -12.86800 -10.27400 -1.82100 -3.31600 -0.84400 -20.14200 -5.07600 -1.75000 -5.70700 -19.38900 -17.40500
89.00000 5.18800 6.99900 2.98100 -0.22400 -0.28500 -10.91500 -11.25100 -2.79700 -2.82800 -3.77400 -20.63000 -5.56400 -1.75000 -5.21900 -18.90100 -14.47600
90.00000 5.18800 4.06900 3.95700 0.75300 0.69200 -9.45000 -10.76300 -2.79700 -2.82800 -9.63300 -20.14200 -5.07600 -1.75000 -4.73000 -18.90100 -11.54600
91.00000 4.70000 1.13900 0.05100 1.24100 0.69200 -8.96200 -8.80900 -2.30900 -3.80500 -16.95800 -18.18800 -5.07600 -2.23800 -6.68300 -19.87700 -11.54600
92.00000 3.72300 -1.79000 -4.83200 1.72900 0.20300 -9.45000 -7.83300 -1.33300 -4.29300 -20.37600 -16.72400 -4.58800 -2.72600 -9.12500 -20.85400 -13.01100
93.00000 2.25800 -3.25500 -7.76200 1.24100 -0.77300 -9.45000 -8.32100 -1.33300 -5.26900 -18.91100 -16.72400 -4.58800 -2.72600 -10.59000 -21.34200 -14.47600
94.00000 0.79300 -3.25500 -7.27300 0.26400 -1.75000 -9.93900 -9.78600 -1.82100 -5.75800 -12.56300 -18.18800 -5.07600 -2.72600 -10.59000 -21.34200 -14.96400
95.00000 -0.67100 -2.76700 -4.34400 -0.22400 -3.21500 -9.93900 -12.22700 -2.30900 -6.24600 -5.72700 -19.65300 -5.56400 -1.75000 -9.12500 -21.34200 -15.45200
96.00000 -0.67100 -1.30200 -2.39100 -0.22400 -5.16800 -9.93900 -13.20400 -2.79700 -6.24600 -2.79700 -19.65300 -5.56400 -1.75000 -7.17200 -21.34200 -15.45200
97.00000 0.30500 1.62800 -2.39100 -0.22400 -6.14400 -9.93900 -12.22700 -2.30900 -6.24600 -5.23900 -18.18800 -5.07600 -1.26100 -4.73000 -21.34200 -15.94000
98.00000 0.79300 3.58100 -4.34400 0.26400 -6.14400 -9.93900 -10.76300 -2.30900 -4.78100 -11.09800 -15.74700 -4.58800 0.20300 -2.28900 -19.87700 -14.96400
99.00000 0.79300 3.58100 -7.76200 -0.71200 -5.65600 -10.91500 -10.27400 -2.79700 -3.31600 -17.44600 -15.25900 -3.61100 2.15700 0.15300 -18.41200 -12.03400
100.00000 -1.16000 -0.32600 -10.69100 -2.17700 -4.67900 -13.35700 -11.25100 -3.28600 -1.85100 -21.35200 -16.72400 -3.12300 4.59800 2.59400 -17.43600 -8.12800
101.00000 -3.60100 -5.20800 -12.64400 -3.15300 -4.67900 -16.28600 -12.71600 -4.26200 -1.36300 -22.81700 -19.65300 -3.12300 5.57500 3.08200 -17.92400 -6.66300
102.00000 -4.08900 -8.13800 -13.13300 -3.15300 -4.19100 -18.72800 -14.66900 -4.75100 -1.85100 -21.84000 -22.58300 -3.61100 4.11000 0.64100 -20.36500 -10.08100
103.00000 -2.13600 -7.16100 -12.64400 -1.20000 -3.70300 -19.21600 -13.69200 -4.26200 -2.34000 -16.95800 -22.09500 -3.61100 1.66800 -3.26500 -22.31900 -17.40500
104.00000 1.77000 -2.27900 -9.22600 2.70600 -2.72600 -16.77400 -11.25100 -2.79700 -2.34000 -8.65700 -18.18800 -3.12300 -0.28500 -6.19500 -21.83000 -22.28800
105.00000 6.16500 2.60400 -2.87900 5.63600 -1.75000 -13.35700 -7.34500 -0.84400 -1.85100 3.06200 -11.84100 -1.17000 0.69200 -4.73000 -17.43600 -20.82300
106.00000 9.09400 5.53400 6.39900 7.58900 -2.72600 -10.91500 -3.92700 1.10900 -1.36300 13.80400 -5.49300 1.76000 4.11000 0.64100 -10.60000 -12.52200
107.00000 9.58300 4.55700 13.72300 7.10000 -4.19100 -9.45000 -1.48500 1.59700 -0.87500 18.68700 -1.09900 4.69000 8.01600 7.47700 -4.74000 -2.75700
108.00000 8.11800 2.60400 17.14100 5.63600 -5.65600 -9.45000 -0.02000 1.10900 -0.87500 15.26900 0.36600 5.66600 10.45700 11.87100 -2.78700 2.61400
109.00000 7.62900 2.11600 14.69900 4.65900 -5.16800 -8.96200 0.46800 1.10900 0.10200 5.99200 -1.09900 5.17800 10.45700 12.84800 -4.25200 0.66100
110.00000 8.11800 3.58100 8.84000 4.65900 -1.26100 -6.52100 1.44400 1.10900 1.07800 -2.30900 -2.56300 4.20100 8.01600 11.87100 -7.18200 -3.73300
111.00000 10.55900 6.51000 3.95700 6.61200 3.62100 -3.10300 2.90900 2.08500 3.03100 -5.72700 -3.05200 3.71300 6.55100 11.38300 -7.67000 -6.17500
112.00000 12.51200 8.95200 2.49200 8.56500 7.03900 -0.17300 4.37400 3.55000 4.49600 -2.30900 -1.09900 5.66600 7.52800 12.84800 -3.27600 -1.29200
113.00000 13.48900 8.46400 4.44500 9.05400 7.03900 0.80400 5.35100 5.01500 5.47300 3.06200 2.80800 9.08400 10.45700 16.26600 2.58400 7.00900
114.00000 12.51200 5.04600 6.39900 7.10000 4.11000 -0.17300 4.86200 5.50300 5.47300 7.45600 7.20200 12.99000 13.87500 19.19600 7.46700 13.35700
115.00000 10.55900 1.62800 5.91000 3.68200 0.20300 -3.10300 3.39800 4.52700 5.47300 8.43300 9.15500 14.45500 16.31700 20.17200 7.95500 14.33300
116.00000 8.11800 -0.81400 2.00400 0.26400 -2.23800 -5.05600 0.95600 2.08500 5.47300 8.92100 8.17900 13.96700 15.82800 18.70700 5.02500 9.93900
117.00000 6.16500 -0.32600 -2.39100 -1.68900 -3.21500 -5.54400 -0.50900 0.62100 5.47300 10.87400 4.76100 11.52500 13.87500 16.75400 0.63100 4.56700
118.00000 4.21100 2.11600 -4.83200 -1.68900 -2.72600 -4.07900 -1.48500 -0.84400 5.47300 13.80400 0.36600 9.57200 12.41000 15.77800 -1.32200 2.61400
119.00000 2.74700 5.04600 -3.85500 -1.20000 -1.75000 -0.66100 -1.48500 -0.84400 4.98500 14.78100 -2.07500 8.59600 11.43400 15.77800 -1.32200 4.07900
120.00000 2.74700 6.51000 -2.39100 -1.20000 -1.75000 2.26800 -1.97300 0.13200 3.52000 11.36300 -3.05200 8.10800 10.45700 15.28900 -0.34600 6.52100
121.00000 2.74700 4.55700 -2.39100 -2.66500 -1.75000 3.73300 -2.95000 0.13200 3.03100 5.01500 -2.07500 7.61900 9.96900 13.82400 -0.34600 7.49700
122.00000 1.77000 -0.81400 -4.83200 -4.61800 -1.75000 2.26800 -4.90300 -0.84400 3.03100 -1.33300 -1.58700 7.13100 9.48100 12.36000 -1.81100 7.49700
123.00000 -0.67100 -7.65000 -9.22600 -7.06000 -1.75000 -2.61400 -7.34500 -1.33300 3.03100 -3.77400 -2.07500 5.66600 9.48100 11.87100 -2.78700 7.49700
124.00000 -4.57800 -13.50900 -12.15600 -9.01300 -2.72600 -7.98500 -9.29800 -2.79700 3.03100 -0.84400 -4.02800 5.17800 9.48100 12.36000 -2.29900 9.93900
125.00000 -8.48400 -15.46200 -12.15600 -9.01300 -4.19100 -11.89200 -10.27400 -3.28600 2.54300 4.03800 -5.98100 4.69000 9.96900 12.84800 0.63100 13.35700
126.00000 -10.43700 -14.48600 -10.20300 -8.52500 -6.63200 -12.38000 -9.78600 -3.28600 1.56700 6.96800 -6.95800 5.17800 9.96900 13.33600 3.56000 14.82100
127.00000 -9.46000 -10.09100 -7.76200 -7.06000 -7.60900 -10.42700 -8.32100 -2.79700 0.59000 5.50300 -5.98100 5.17800 8.99300 12.36000 4.04900 13.84500
128.00000 -7.01900 -5.69700 -7.76200 -6.57100 -7.60900 -7.98500 -7.34500 -3.28600 0.10200 0.13200 -4.02800 4.20100 7.52800 9.91800 1.60700 9.45000
129.00000 -5.55400 -3.74300 -10.69100 -6.57100 -6.14400 -7.98500 -6.85600 -4.26200 -0.38700 -6.21500 -2.07500 3.22500 6.06300 7.47700 -2.78700 4.07900
130.00000 -7.01900 -4.23200 -15.08600 -7.54800 -5.65600 -11.40300 -7.83300 -4.26200 -1.36300 -10.12200 -2.07500 2.24800 4.11000 5.52400 -6.69400 0.66100
131.00000 -10.43700 -7.16100 -18.50400 -9.50100 -6.14400 -15.31000 -9.29800 -4.75100 -2.34000 -9.63300 -4.02800 1.27200 3.62100 4.54700 -8.15800 -0.80400
132.00000 -13.85500 -9.60300 -19.96900 -11.45400 -7.12100 -16.77400 -11.25100 -4.75100 -3.80500 -5.72700 -8.42300 0.78300 4.11000 4.05900 -6.69400 -0.80400
133.00000 -15.32000 -11.55600 -18.99200 -12.91900 -8.58600 -14.82100 -13.69200 -5.23900 -3.80500 -0.84400 -13.30600 -0.19300 4.59800 4.54700 -4.74000 -0.80400
134.00000 -14.83200 -11.55600 -18.01600 -13.40700 -9.07400 -10.42700 -15.64500 -6.70400 -2.82800 1.59700 -16.72400 -1.65800 5.08600 4.54700 -4.25200 -1.29200
135.00000 -13.36700 -11.55600 -17.52700 -13.40700 -8.58600 -7.49700 -16.62200 -8.16900 -1.85100 0.62100 -17.70000 -2.63500 5.08600 5.03500 -5.71700 -1.78000
136.00000 -11.90200 -11.55600 -18.50400 -13.40700 -8.09700 -7.98500 -16.62200 -9.63300 -0.87500 -2.30900 -16.72400 -3.61100 4.59800 5.03500 -8.64700 -1.78000
137.00000 -11.90200 -11.55600 -19.48000 -12.91900 -7.60900 -10.91500 -16.13400 -9.63300 -0.87500 -5.23900 -15.25900 -4.10000 4.59800 4.05900 -11.08800 -0.80400
138.00000 -12.39000 -11.55600 -18.99200 -11.94300 -7.60900 -13.84500 -15.15700 -8.65700 -1.36300 -4.75100 -15.74700 -4.58800 3.62100 3.08200 -12.06500 -0.31500
139.00000 -11.90200 -10.57900 -17.03900 -11.45400 -7.12100 -14.82100 -13.69200 -7.19200 -2.34000 -3.28600 -18.18800 -5.07600 3.62100 2.10600 -13.04100 -1.29200
140.00000 -9.94900 -9.11500 -14.59800 -9.98900 -6.14400 -13.35700 -12.22700 -5.72700 -2.34000 -2.30900 -22.09500 -5.56400 3.13300 0.64100 -14.50600 -4.71000
141.00000 -7.99600 -7.65000 -13.13300 -8.52500 -4.67900 -10.42700 -10.76300 -4.26200 -2.34000 -3.77400 -24.04800 -6.54100 1.66800 -1.31200 -16.94700 -10.08100
142.00000 -6.53100 -6.18500 -13.13300 -7.06000 -3.21500 -7.98500 -10.76300 -4.26200 -1.36300 -7.19200 -23.56000 -7.02900 -0.28500 -3.75400 -20.36500 -15.45200
143.00000 -6.04200 -4.23200 -14.59800 -6.57100 -2.23800 -7.00900 -11.73900 -5.23900 -0.87500 -9.63300 -21.11800 -7.51700 -1.75000 -5.70700 -21.83000 -17.89300
144.00000 -6.53100 -2.27900 -15.57400 -7.54800 -2.23800 -6.52100 -13.69200 -6.21500 -0.38700 -9.63300 -19.16500 -7.51700 -1.75000 -6.19500 -20.36500 -16.42900
145.00000 -6.53100 -0.32600 -16.06200 -9.01300 -2.23800 -6.52100 -16.62200 -7.19200 -0.38700 -7.68000 -18.67700 -7.02900 -1.26100 -5.21900 -16.94700 -11.54600
146.00000 -6.53100 0.16300 -15.57400 -11.45400 -1.75000 -5.54400 -18.57500 -7.68000 -0.38700 -6.21500 -20.63000 -6.54100 0.20300 -2.77700 -13.04100 -6.17500
147.00000 -6.53100 -1.30200 -14.59800 -12.91900 -0.77300 -5.05600 -19.06300 -7.68000 0.10200 -6.70400 -21.60600 -5.07600 1.66800 -0.33600 -11.08800 -2.75700
148.00000 -6.53100 -4.23200 -13.62100 -12.91900 -0.28500 -5.05600 -17.59800 -6.70400 0.59000 -9.14500 -21.11800 -3.61100 2.15700 1.12900 -10.60000 -3.24500
149.00000 -6.53100 -6.18500 -13.13300 -11.45400 0.20300 -5.05600 -13.69200 -5.72700 1.07800 -10.61000 -17.70000 -2.63500 1.66800 0.64100 -11.57600 -5.19800
150.00000 -6.04200 -5.69700 -11.66800 -9.01300 0.20300 -4.56700 -10.27400 -4.75100 0.59000 -7.19200 -12.81700 -1.17000 1.66800 -0.33600 -11.57600 -5.68600
151.00000 -3.60100 -2.27900 -9.22600 -6.57100 -0.77300 -5.05600 -7.83300 -3.77400 -0.38700 -0.35600 -9.39900 -0.19300 2.64500 0.15300 -9.62300 -4.71000
152.00000 -1.16000 2.11600 -6.29700 -5.59500 -2.23800 -6.03200 -6.85600 -3.28600 -1.36300 5.99200 -8.91100 0.29500 3.62100 1.61700 -7.18200 -1.29200
153.00000 0.79300 4.55700 -4.34400 -5.10700 -4.19100 -8.47400 -7.34500 -2.30900 -2.34000 6.96800 -10.37600 0.29500 5.08600 4.05900 -5.22900 2.12600
154.00000 0.79300 2.60400 -5.32000 -5.59500 -5.65600 -11.89200 -7.83300 -1.82100 -2.34000 1.59700 -11.35300 0.78300 5.57500 5.52400 -4.74000 4.07900
155.00000 -1.64800 -2.27900 -8.73800 -6.57100 -6.14400 -13.84500 -7.83300 -1.33300 -1.85100 -7.19200 -11.35300 1.27200 5.57500 5.03500 -5.71700 4.07900
156.00000 -3.60100 -5.69700 -12.64400 -7.54800 -5.65600 -13.35700 -7.34500 -1.33300 -0.87500 -13.05100 -9.39900 2.24800 4.59800 3.57100 -6.20500 2.61400
157.00000 -4.57800 -4.72000 -13.13300 -7.54800 -4.67900 -10.91500 -6.85600 -1.33300 0.10200 -13.05100 -7.93500 3.22500 4.11000 2.10600 -6.20500 1.14900
158.00000 -3.60100 0.16300 -10.20300 -6.57100 -3.70300 -8.47400 -6.85600 -1.82100 0.10200 -8.16900 -7.93500 3.22500 4.11000 1.12900 -5.22900 0.17300
159.00000 -1.64800 5.04600 -4.34400 -6.08300 -3.21500 -7.00900 -8.80900 -2.79700 -0.38700 -2.79700 -10.37600 1.76000 4.11000 1.12900 -4.74000 0.17300
160.00000 0.30500 6.51000 0.05100 -6.08300 -3.21500 -7.49700 -10.76300 -3.77400 -0.87500 -0.35600 -13.30600 -0.19300 3.62100 1.12900 -5.22900 0.66100
161.00000 0.30500 4.06900 -0.43700 -6.08300 -3.70300 -8.47400 -12.71600 -3.77400 -0.38700 -1.33300 -14.77100 -1.65800 3.13300 0.64100 -6.69400 0.66100
162.00000 -0.67100 0.16300 -4.83200 -6.57100 -3.70300 -8.47400 -13.20400 -4.26200 -0.38700 -2.79700 -14.28200 -2.63500 2.64500 -1.31200 -8.64700 -0.31500
163.00000 -1.64800 -1.30200 -9.22600 -6.08300 -3.70300 -7.49700 -12.71600 -4.26200 -0.38700 -1.82100 -12.32900 -2.14600 1.66800 -3.75400 -10.11100 -2.26800
164.00000 -2.13600 1.13900 -10.69100 -5.10700 -3.70300 -6.52100 -11.25100 -4.26200 -0.87500 -0.35600 -10.86400 -1.17000 1.18000 -6.19500 -11.57600 -4.71000
165.00000 -1.64800 3.58100 -8.73800 -4.13000 -4.19100 -7.49700 -10.27400 -3.77400 -1.85100 -0.84400 -11.35300 -0.68200 0.69200 -8.14800 -12.55300 -7.64000
166.00000 -2.13600 2.60400 -5.80900 -4.61800 -5.65600 -10.91500 -9.29800 -3.28600 -2.82800 -6.70400 -12.81700 -1.65800 -0.77300 -9.61300 -13.52900 -11.05800
167.00000 -4.08900 -2.27900 -5.32000 -5.59500 -7.12100 -15.31000 -9.29800 -2.79700 -3.80500 -15.49300 -14.28200 -2.63500 -1.75000 -10.59000 -14.50600 -13.01100
168.00000 -7.01900 -9.11500 -8.73800 -7.54800 -8.09700 -19.70400 -9.78600 -2.30900 -4.29300 -21.84000 -14.28200 -3.12300 -2.23800 -10.10100 -14.50600 -13.49900
169.00000 -8.97200 -13.50900 -12.64400 -9.01300 -8.58600 -20.68100 -9.78600 -2.79700 -4.29300 -21.35200 -13.79400 -3.61100 -2.23800 -8.63600 -14.01800 -13.01100
170.00000 -8.97200 -12.53300 -14.10900 -9.01300 -8.09700 -19.21600 -10.76300 -3.77400 -4.29300 -13.05100 -14.28200 -4.10000 -2.23800 -7.66000 -13.04100 -12.52200
171.00000 -6.04200 -7.65000 -12.15600 -7.54800 -7.12100 -15.79800 -11.25100 -5.23900 -4.78100 -1.82100 -15.25900 -4.10000 -2.23800 -7.17200 -12.06500 -12.52200
172.00000 -2.13600 -2.27900 -8.25000 -5.59500 -5.16800 -11.89200 -12.22700 -5.72700 -4.78100 5.50300 -17.70000 -5.07600 -1.75000 -7.17200 -12.06500 -13.01100
173.00000 0.79300 2.11600 -5.80900 -4.13000 -3.70300 -8.47400 -13.69200 -5.72700 -4.78100 5.01500 -19.16500 -5.07600 -2.23800 -7.66000 -12.06500 -13.01100
174.00000 1.28200 3.58100 -6.78500 -4.61800 -3.21500 -6.52100 -15.64500 -5.23900 -4.29300 -1.33300 -18.67700 -4.58800 -1.75000 -8.63600 -12.06500 -11.05800
175.00000 -0.67100 2.60400 -10.20300 -6.08300 -3.70300 -6.52100 -17.11000 -4.26200 -3.80500 -8.16900 -17.21200 -3.12300 -1.75000 -8.63600 -11.08800 -7.15100
176.00000 -3.11300 0.16300 -13.13300 -8.03600 -5.16800 -7.98500 -18.57500 -4.26200 -4.78100 -11.09800 -16.23500 -2.14600 -1.75000 -7.66000 -9.62300 -3.24500
177.00000 -4.57800 -2.76700 -13.62100 -9.01300 -6.63200 -10.91500 -18.57500 -5.72700 -5.75800 -10.61000 -17.21200 -2.63500 -1.75000 -7.66000 -9.13500 -2.26800
178.00000 -4.57800 -4.72000 -12.15600 -8.52500 -6.63200 -12.86800 -17.11000 -6.70400 -6.24600 -10.61000 -20.14200 -4.10000 -2.72600 -8.14800 -9.62300 -4.22200
179.00000 -3.11300 -4.72000 -10.20300 -6.08300 -4.67900 -12.38000 -15.15700 -7.68000 -6.24600 -13.05100 -23.07100 -6.54100 -2.72600 -9.12500 -11.08800 -8.61600
180.00000 -1.16000 -3.25500 -10.20300 -3.64200 -1.75000 -9.45000 -13.20400 -7.68000 -5.26900 -16.95800 -24.53600 -7.51700 -2.72600 -9.61300 -13.04100 -12.03400
181.00000 -0.18300 -0.32600 -12.15600 -2.66500 0.69200 -6.03200 -11.73900 -6.21500 -3.31600 -18.91100 -22.58300 -6.05300 -0.77300 -7.66000 -12.55300 -12.03400
182.00000 -0.18300 2.11600 -14.59800 -3.64200 1.18000 -5.54400 -10.27400 -4.26200 -1.85100 -15.49300 -19.16500 -3.12300 2.15700 -3.75400 -11.08800 -7.64000
183.00000 -1.64800 2.60400 -14.10900 -6.08300 -0.28500 -8.96200 -9.78600 -2.79700 -1.36300 -7.68000 -15.74700 0.78300 4.11000 0.64100 -7.67000 -2.26800
184.00000 -1.64800 2.11600 -10.69100 -7.54800 -3.21500 -14.82100 -9.29800 -2.30900 -2.34000 0.13200 -13.30600 2.73600 5.57500 3.08200 -4.74000 0.17300
185.00000 -0.67100 1.13900 -5.80900 -6.57100 -4.67900 -18.72800 -9.29800 -2.30900 -3.31600 2.57400 -11.35300 3.22500 4.11000 2.59400 -3.76400 -1.78000
186.00000 1.77000 2.11600 -1.90200 -4.13000 -5.16800 -18.72800 -9.29800 -2.79700 -4.29300 -1.33300 -10.37600 2.24800 2.64500 0.15300 -4.25200 -6.66300
187.00000 4.70000 5.04600 0.05100 -1.20000 -4.19100 -13.35700 -9.29800 -2.79700 -4.78100 -6.70400 -8.91100 0.78300 1.18000 -2.28900 -5.22900 -11.05800
188.00000 6.65300 8.46400 0.53900 1.24100 -3.21500 -6.03200 -8.80900 -2.79700 -4.29300 -8.16900 -7.44600 0.29500 0.20300 -2.77700 -5.22900 -12.03400
189.00000 7.62900 9.92800 0.53900 1.24100 -2.72600 -0.66100 -7.83300 -2.30900 -3.31600 -3.77400 -7.44600 0.29500 1.18000 -1.31200 -4.25200 -8.61600
190.00000 6.65300 8.46400 0.05100 0.26400 -3.21500 -0.17300 -6.85600 -1.33300 -2.82800 4.52700 -8.91100 0.78300 1.66800 1.12900 -2.78700 -3.24500
191.00000 5.18800 5.53400 -0.92600 -1.68900 -4.19100 -3.59100 -6.85600 -1.33300 -3.31600 9.89800 -10.86400 0.29500 2.64500 3.08200 -1.81100 0.66100
192.00000 3.72300 2.11600 -3.36700 -2.66500 -4.19100 -7.98500 -7.83300 -1.82100 -3.31600 9.41000 -13.30600 -0.68200 2.64500 2.59400 -2.29900 2.12600
193.00000 3.23500 -0.32600 -5.32000 -3.15300 -3.70300 -9.93900 -9.29800 -2.79700 -3.80500 3.55000 -14.77100 -2.14600 2.64500 1.61700 -3.76400 0.66100
194.00000 4.21100 -0.81400 -6.29700 -2.66500 -2.23800 -10.42700 -10.27400 -3.28600 -4.29300 -3.77400 -15.74700 -2.63500 2.15700 0.15300 -6.20500 -1.29200
195.00000 5.18800 0.16300 -4.34400 -1.68900 -0.77300 -9.93900 -9.78600 -3.77400 -4.29300 -9.14500 -16.72400 -2.63500 2.15700 -0.82400 -7.67000 -2.26800
196.00000 6.16500 2.11600 -1.90200 -1.20000 -0.28500 -10.91500 -8.80900 -3.28600 -3.80500 -11.58700 -16.72400 -2.63500 1.18000 -0.33600 -8.64700 -0.80400
197.00000 6.16500 4.06900 -0.92600 -1.20000 0.20300 -13.35700 -7.34500 -2.79700 -3.31600 -12.56300 -15.74700 -2.14600 0.69200 0.64100 -8.64700 0.66100
198.00000 5.67600 6.02200 -2.87900 -1.20000 -0.28500 -15.79800 -6.85600 -2.30900 -2.82800 -12.07500 -12.81700 -1.65800 0.20300 1.12900 -8.15800 0.66100
199.00000 4.70000 6.99900 -6.78500 -1.20000 -2.72600 -16.28600 -7.34500 -2.30900 -3.31600 -9.63300 -8.91100 -1.17000 0.20300 1.12900 -7.18200 -1.29200
200.00000 3.72300 6.99900 -10.20300 -0.71200 -5.65600 -14.33300 -7.83300 -2.30900 -4.29300 -3.77400 -6.95800 -0.68200 0.20300 1.12900 -5.71700 -4.71000
201.00000 3.23500 4.55700 -10.69100 -0.71200 -7.60900 -9.93900 -8.32100 -2.79700 -5.26900 4.03800 -7.93500 -0.68200 0.20300 0.64100 -5.22900 -9.10400
202.00000 3.23500 1.62800 -7.76200 -1.20000 -8.58600 -6.03200 -7.83300 -3.28600 -6.24600 10.87400 -11.35300 -1.65800 -0.28500 -0.33600 -6.20500 -12.52200
203.00000 4.70000 0.65100 -2.87900 -2.17700 -7.60900 -3.10300 -8.32100 -3.77400 -6.73400 10.87400 -15.25900 -3.12300 -1.26100 -1.80100 -8.15800 -14.47600
204.00000 5.18800 1.13900 -0.43700 -3.15300 -5.65600 -3.10300 -9.29800 -4.75100 -6.24600 4.52700 -17.21200 -4.58800 -2.23800 -3.75400 -10.11100 -14.47600
205.00000 4.70000 2.60400 -0.43700 -3.64200 -3.21500 -6.52100 -11.25100 -5.72700 -5.75800 -6.70400 -16.72400 -5.07600 -2.72600 -4.73000 -11.08800 -13.01100
206.00000 3.72300 2.11600 -2.87900 -4.13000 -1.75000 -11.40300 -13.20400 -6.21500 -5.26900 -16.46900 -15.25900 -4.58800 -2.72600 -6.19500 -10.60000 -11.05800
207.00000 2.74700 -1.30200 -5.32000 -3.64200 -2.72600 -15.31000 -13.20400 -5.72700 -5.26900 -21.35200 -14.28200 -3.61100 -2.23800 -6.68300 -8.15800 -8.61600
208.00000 1.77000 -5.69700 -6.78500 -3.64200 -3.70300 -16.77400 -11.73900 -5.23900 -5.75800 -20.86400 -13.79400 -2.63500 -1.26100 -7.17200 -6.20500 -6.17500
209.00000 2.25800 -7.65000 -5.80900 -3.64200 -4.67900 -15.79800 -9.78600 -4.26200 -6.24600 -17.93400 -13.79400 -2.14600 -0.77300 -7.17200 -3.76400 -4.71000
210.00000 3.23500 -4.72000 -3.85500 -4.13000 -4.67900 -13.84500 -8.80900 -2.79700 -6.24600 -13.54000 -13.30600 -1.65800 -0.77300 -6.68300 -3.27600 -3.24500
211.00000 4.70000 1.62800 -2.87900 -4.61800 -4.19100 -12.86800 -8.32100 -2.30900 -5.75800 -9.63300 -11.35300 -1.65800 -1.26100 -6.19500 -3.76400 -2.75700
212.00000 4.70000 6.99900 -2.87900 -4.61800 -4.19100 -13.35700 -7.83300 -2.30900 -5.26900 -7.19200 -8.91100 -1.65800 -2.23800 -6.68300 -4.25200 -2.26800
213.00000 3.72300 7.48700 -4.34400 -4.61800 -5.16800 -15.31000 -6.36800 -2.30900 -5.26900 -5.23900 -7.44600 -1.17000 -3.21500 -7.66000 -4.25200 -2.75700
214.00000 1.77000 2.60400 -5.32000 -4.61800 -6.14400 -16.77400 -4.41500 -2.30900 -4.78100 -4.75100 -7.93500 -0.68200 -3.70300 -9.12500 -4.25200 -3.73300
215.00000 0.79300 -3.74300 -4.34400 -4.61800 -7.60900 -15.79800 -2.46200 -1.82100 -5.26900 -5.23900 -8.91100 -0.68200 -3.70300 -10.59000 -3.76400 -4.71000
216.00000 0.30500 -6.18500 -0.43700 -5.10700 -7.60900 -12.86800 -2.46200 -1.33300 -5.26900 -5.72700 -10.37600 -0.68200 -3.21500 -10.59000 -2.78700 -4.71000
217.00000 0.79300 -3.74300 4.44500 -5.59500 -7.12100 -9.93900 -4.90300 -1.33300 -4.78100 -4.75100 -10.86400 -0.68200 -2.23800 -8.63600 -1.81100 -4.22200
218.00000 1.28200 0.65100 5.91000 -7.06000 -6.14400 -8.47400 -8.80900 -1.82100 -4.78100 -3.77400 -11.84100 -0.19300 -1.75000 -6.19500 -0.83400 -2.75700
219.00000 0.30500 2.11600 2.98100 -7.54800 -6.63200 -9.45000 -11.25100 -2.30900 -5.26900 -4.26200 -12.81700 0.29500 -1.26100 -3.75400 0.14200 -1.78000
220.00000 -1.16000 -1.30200 -3.85500 -8.52500 -8.09700 -11.40300 -10.76300 -1.82100 -5.75800 -7.19200 -13.79400 0.78300 -0.77300 -2.28900 0.63100 -0.31500
221.00000 -2.62500 -6.67300 -10.69100 -9.01300 -10.05000 -13.35700 -8.32100 -1.33300 -6.24600 -11.58700 -13.79400 1.27200 -0.77300 -2.28900 1.11900 -0.31500
222.00000 -3.11300 -9.11500 -12.64400 -9.50100 -11.51500 -13.84500 -4.90300 -0.84400 -6.73400 -15.00400 -11.84100 2.24800 -0.28500 -2.28900 0.63100 -0.80400
223.00000 -3.11300 -6.67300 -9.71500 -9.50100 -11.02700 -12.86800 -3.43800 -0.35600 -6.24600 -14.02800 -9.88800 2.73600 0.20300 -1.31200 -0.34600 -1.29200
224.00000 -2.13600 -1.30200 -5.32000 -8.52500 -9.07400 -11.40300 -3.43800 -0.35600 -5.26900 -9.63300 -7.44600 2.73600 1.18000 0.64100 -1.32200 -1.78000
225.00000 -1.16000 3.58100 -2.87900 -8.52500 -6.14400 -10.42700 -4.90300 -1.33300 -3.80500 -3.77400 -6.95800 2.24800 2.64500 2.59400 -2.29900 -1.78000
226.00000 -0.18300 4.55700 -3.85500 -8.03600 -4.67900 -9.93900 -6.36800 -2.79700 -2.82800 0.62100 -8.42300 1.27200 3.62100 5.03500 -2.29900 -0.80400
227.00000 -0.18300 2.60400 -6.29700 -8.52500 -4.19100 -9.45000 -6.36800 -3.77400 -2.34000 2.08500 -9.88800 0.78300 4.11000 5.52400 -1.32200 0.17300
228.00000 -0.67100 -0.32600 -7.27300 -9.01300 -4.67900 -8.96200 -5.39100 -3.28600 -2.82800 0.62100 -10.37600 0.29500 3.62100 5.03500 -0.34600 -0.31500
229.00000 -1.16000 -1.79000 -4.83200 -9.01300 -5.65600 -7.49700 -4.41500 -1.82100 -3.80500 -3.77400 -9.39900 -0.19300 2.15700 2.10600 0.63100 -2.75700
230.00000 -1.64800 -1.30200 -0.43700 -8.52500 -5.65600 -4.07900 -3.92700 0.13200 -3.80500 -8.65700 -7.93500 -1.17000 -0.77300 -1.31200 0.14200 -5.68600
231.00000 -2.13600 -0.32600 2.98100 -7.54800 -4.19100 0.31500 -3.43800 1.10900 -2.82800 -12.56300 -6.95800 -1.65800 -2.23800 -4.73000 -2.29900 -9.10400
232.00000 -1.64800 0.16300 2.49200 -7.54800 -1.26100 4.22200 -2.95000 0.62100 -0.38700 -13.05100 -7.44600 -2.14600 -2.23800 -5.21900 -4.74000 -10.08100
233.00000 -0.67100 1.62800 -0.92600 -8.52500 1.66800 5.68600 -3.43800 -1.33300 2.54300 -7.19200 -9.39900 -2.63500 0.20300 -1.80100 -6.20500 -7.15100
234.00000 -0.18300 4.55700 -5.80900 -10.47800 4.11000 4.71000 -4.41500 -3.28600 4.49600 3.55000 -10.37600 -2.14600 3.62100 4.05900 -6.20500 -2.26800
235.00000 -0.67100 7.48700 -9.22600 -11.94300 5.57500 0.31500 -6.36800 -4.75100 4.98500 14.29200 -10.86400 -2.14600 6.55100 9.91800 -4.25200 3.10300
236.00000 -1.64800 9.44000 -10.69100 -12.43100 5.08600 -4.07900 -8.80900 -4.26200 4.00800 19.17500 -10.37600 -2.14600 7.52800 13.33600 -2.78700 5.05600
237.00000 -2.13600 7.48700 -9.22600 -10.96600 3.62100 -7.49700 -10.27400 -3.28600 2.54300 15.75700 -10.37600 -2.14600 6.06300 12.84800 -2.78700 3.10300
238.00000 -1.16000 4.06900 -6.29700 -8.03600 1.18000 -7.98500 -9.78600 -1.82100 1.07800 7.45600 -10.86400 -3.12300 3.62100 8.94200 -5.71700 -1.29200
239.00000 0.30500 0.65100 -3.36700 -4.61800 -0.77300 -7.00900 -7.83300 -0.84400 -0.38700 0.62100 -12.32900 -3.12300 1.18000 5.52400 -9.13500 -6.17500
240.00000 3.23500 0.16300 -1.41400 -1.68900 -2.23800 -4.56700 -4.90300 -0.35600 -1.36300 0.13200 -12.81700 -2.63500 0.20300 3.08200 -12.06500 -9.59300
241.00000 5.18800 2.60400 -0.92600 -0.22400 -2.23800 -3.10300 -3.92700 0.13200 -1.85100 4.03800 -11.35300 -1.17000 0.20300 2.59400 -12.06500 -9.59300
242.00000 6.16500 6.02200 -1.90200 0.26400 -1.26100 -2.12600 -3.43800 0.62100 -2.82800 6.96800 -8.42300 0.29500 0.20300 3.57100 -9.13500 -7.64000
243.00000 6.16500 8.46400 -1.90200 -1.20000 -0.77300 -0.66100 -3.92700 1.10900 -2.34000 4.52700 -5.00500 2.24800 1.18000 4.05900 -4.74000 -4.22200
244.00000 5.67600 8.46400 -1.41400 -2.66500 -0.28500 1.78000 -4.41500 1.59700 -0.87500 -2.79700 -3.05200 3.71300 2.15700 3.57100 -0.83400 -0.80400
245.00000 5.18800 7.48700 -0.92600 -4.13000 -0.28500 4.71000 -3.92700 1.59700 0.59000 -10.61000 -2.56300 4.20100 2.64500 2.59400 1.11900 1.63800
246.00000 4.70000 5.53400 -0.92600 -5.59500 -0.77300 5.68600 -3.92700 0.62100 2.05500 -14.02800 -3.05200 4.20100 2.64500 1.12900 1.11900 2.12600
247.00000 3.72300 4.06900 -0.92600 -7.06000 -0.28500 4.71000 -4.41500 0.13200 2.54300 -11.58700 -4.02800 3.22500 2.15700 -0.82400 -0.34600 1.14900
248.00000 2.25800 4.06900 -0.43700 -7.06000 0.20300 1.29200 -4.41500 -0.84400 1.56700 -5.23900 -4.51700 2.24800 0.69200 -3.75400 -1.32200 -1.78000
249.00000 1.77000 6.02200 1.51600 -6.57100 0.69200 -2.61400 -4.41500 -0.35600 -0.38700 1.59700 -5.00500 1.76000 -1.26100 -6.19500 -1.32200 -4.71000
250.00000 2.74700 8.46400 4.44500 -5.59500 -0.28500 -5.05600 -3.43800 0.62100 -1.85100 6.96800 -6.47000 0.78300 -1.75000 -6.68300 -2.29900 -6.66300
251.00000 4.21100 9.92800 6.88700 -4.61800 -2.23800 -5.54400 -2.95000 1.10900 -2.34000 8.92100 -9.39900 0.29500 -1.26100 -4.73000 -3.27600 -6.17500
252.00000 6.16500 9.44000 6.39900 -4.61800 -4.19100 -4.56700 -2.95000 1.10900 -1.85100 7.45600 -12.32900 -1.17000 0.69200 -0.82400 -5.22900 -4.22200
253.00000 6.65300 6.99900 2.49200 -5.59500 -5.16800 -4.07900 -4.41500 0.13200 -1.36300 3.55000 -15.25900 -2.63500 2.15700 2.59400 -8.64700 -2.75700
254.00000 5.67600 5.04600 -3.85500 -6.57100 -3.70300 -5.05600 -6.36800 -1.33300 -0.87500 -2.30900 -16.23500 -4.10000 2.64500 4.54700 -12.55300 -2.26800
255.00000 4.70000 6.02200 -9.22600 -7.06000 -1.26100 -6.03200 -7.34500 -2.79700 -0.38700 -7.19200 -16.72400 -5.07600 1.66800 3.08200 -15.48300 -3.73300
256.00000 4.21100 10.90500 -12.15600 -7.06000 1.18000 -6.52100 -6.85600 -2.30900 -0.38700 -9.63300 -15.74700 -5.07600 1.18000 0.15300 -16.45900 -5.19800
