1.00000 4.70000 2.98100 4.76100 0.25400 0.03100 7.15100 5.43200 0.27500 1.20000 5.52400 4.40500 3.43800 5.12700 0.11200 4.21100 0.29500
2.00000 2.25800 0.05100 4.27200 -0.23400 -1.43400 3.24500 7.38500 1.25100 0.71200 2.10600 6.35800 4.90300 5.61500 -0.37600 7.14100 2.73600
3.00000 -2.13600 -3.85500 1.34300 -2.18700 -2.89900 -2.12600 6.40900 1.74000 0.71200 -1.31200 8.31100 5.88000 6.59200 0.11200 11.04700 6.15400
4.00000 -6.04200 -7.27300 -2.56300 -4.62800 -4.36400 -6.03200 3.96700 1.74000 1.68900 -2.77700 9.77600 6.85600 7.56800 3.04200 14.95400 11.03700
5.00000 -8.97200 -8.25000 -5.98100 -7.55800 -5.34100 -7.49700 1.03800 0.76300 3.15300 -2.28900 11.72900 8.32100 9.52100 7.43600 19.83600 17.38500
6.00000 -9.46000 -7.27300 -7.44600 -9.02300 -5.34100 -5.54400 -0.91600 -0.21400 4.13000 0.64100 12.70500 8.80900 11.47500 11.83100 23.74300 22.75600
7.00000 -7.01900 -4.34400 -6.47000 -9.02300 -4.85200 -2.61400 -0.91600 -0.70200 4.61800 4.05900 12.21700 9.29800 12.45100 14.27200 24.23100 25.19700
8.00000 -2.62500 -0.43700 -3.05200 -6.09300 -2.41100 1.29200 0.54900 -0.21400 4.13000 6.50000 10.26400 8.80900 11.96300 13.29500 21.79000 22.75600
9.00000 3.72300 3.95700 2.80800 -1.21100 0.51900 4.22200 3.96700 1.25100 3.15300 7.47700 7.33400 6.85600 9.52100 10.36600 15.44200 16.40800
10.00000 10.07100 8.35200 9.64400 5.13700 3.44800 7.15100 7.87400 3.20400 2.66500 7.47700 4.89300 4.90300 6.10400 6.94800 9.58300 9.08400
11.00000 14.95400 10.79300 15.01500 10.02000 5.40200 8.12800 11.78000 4.66900 1.68900 7.47700 3.91600 3.43800 3.66200 5.48300 5.67600 4.20100
12.00000 15.93000 10.79300 16.96800 11.97300 5.40200 7.64000 13.73300 5.64600 1.20000 6.98900 3.91600 2.95000 2.68600 5.48300 4.21100 2.73600
13.00000 14.46500 8.84000 15.99100 10.99700 3.93700 6.66300 13.24500 4.66900 0.71200 6.98900 3.91600 2.46200 2.68600 5.97100 4.70000 3.71300
14.00000 11.04700 5.91000 12.57300 8.06700 1.98400 5.19800 10.31500 3.69300 0.71200 6.01200 1.47500 1.97300 2.68600 4.99500 3.72300 3.22500
15.00000 8.60600 4.44500 10.13200 5.13700 1.49500 4.22200 6.89700 2.22800 1.20000 4.05900 -1.45500 0.50900 1.70900 1.57700 0.79300 -0.68200
16.00000 7.62900 4.44500 8.66700 3.18400 2.47200 4.22200 4.45600 1.25100 1.68900 2.10600 -4.38400 -1.44400 -0.24400 -2.33000 -2.62500 -5.07600
17.00000 7.62900 4.93400 8.66700 3.18400 3.44800 4.22200 3.47900 1.25100 2.66500 0.15300 -5.36100 -2.90900 -1.22100 -5.74700 -5.06600 -8.49400
18.00000 7.14100 4.93400 8.17900 3.67200 3.93700 3.24500 3.96700 1.25100 3.64200 -0.82400 -3.40800 -2.42100 -1.22100 -6.72400 -4.57800 -7.51700
19.00000 5.67600 3.46900 6.71400 3.67200 2.96000 0.80400 3.96700 1.74000 3.64200 -1.80100 -1.45500 -0.46800 0.24400 -5.74700 -2.62500 -4.58800
20.00000 3.23500 1.51600 4.27200 2.69600 0.51900 -2.12600 3.47900 2.22800 2.66500 -2.28900 0.01000 1.97300 1.70900 -4.77100 -0.67100 -2.63500
21.00000 1.77000 -0.43700 2.31900 2.20700 -1.92300 -4.56700 2.01400 2.71600 1.20000 -3.26500 -0.96600 3.43800 2.19700 -4.77100 -1.64800 -3.61100
22.00000 1.28200 -1.41400 1.34300 1.71900 -2.41100 -5.54400 0.54900 3.20400 -0.75300 -4.73000 -2.92000 2.95000 1.22100 -6.23600 -4.57800 -8.49400
23.00000 0.79300 -1.41400 0.85400 1.23100 -2.89900 -5.05600 0.06100 3.20400 -3.19400 -5.70700 -5.84900 1.48500 -0.73200 -8.18900 -8.97200 -14.35300
24.00000 0.30500 -1.41400 0.85400 0.74300 -2.41100 -3.59100 -0.91600 2.22800 -4.17100 -6.68300 -7.80200 0.02000 -2.19700 -9.16500 -12.39000 -17.77100
25.00000 -1.16000 -2.39100 -0.61000 -0.72200 -1.92300 -3.10300 -2.38000 0.27500 -5.14700 -7.17200 -8.29100 -0.95600 -2.68600 -9.16500 -13.85500 -18.26000
26.00000 -2.62500 -3.85500 -2.56300 -1.69900 -2.41100 -3.59100 -4.82200 -1.67800 -5.14700 -7.17200 -8.29100 -0.95600 -2.68600 -9.65400 -13.36700 -17.28300
27.00000 -3.60100 -4.83200 -4.02800 -3.16400 -2.41100 -4.07900 -7.26300 -3.14300 -4.17100 -6.68300 -8.77900 -0.95600 -2.68600 -10.14200 -12.39000 -16.79500
28.00000 -3.11300 -3.85500 -5.00500 -3.16400 -1.43400 -3.59100 -8.24000 -4.12000 -3.19400 -5.70700 -9.75500 -1.44400 -3.17400 -11.60700 -12.39000 -17.28300
29.00000 -1.64800 -1.90200 -5.00500 -2.67500 0.03100 -1.63800 -7.75100 -3.63200 -1.72900 -3.75400 -11.70900 -2.42100 -3.66200 -12.09500 -12.87800 -18.74800
30.00000 0.30500 0.53900 -4.02800 -2.18700 1.98400 1.78000 -5.79800 -2.65500 -0.26400 -1.31200 -12.68500 -3.88600 -3.17400 -11.11900 -13.85500 -19.23600
31.00000 1.77000 2.49200 -2.56300 -1.69900 2.96000 5.68600 -3.35700 -1.67800 1.20000 1.12900 -13.17300 -4.86200 -2.68600 -8.67700 -14.34300 -17.77100
32.00000 1.77000 3.46900 -1.09900 -1.21100 3.44800 8.61600 -1.89200 -0.70200 2.66500 3.08200 -13.17300 -4.86200 -1.22100 -6.23600 -14.34300 -16.30700
33.00000 1.77000 3.46900 0.36600 -1.21100 2.47200 9.59300 -0.42700 -0.21400 3.64200 4.54700 -12.68500 -4.86200 -0.24400 -3.79400 -14.34300 -15.33000
34.00000 1.28200 3.46900 1.83100 -0.23400 1.98400 10.08100 1.03800 0.76300 4.61800 6.01200 -12.19700 -4.86200 -0.24400 -3.30600 -13.85500 -14.84200
35.00000 1.77000 3.46900 3.29600 0.74300 2.47200 10.08100 2.99100 1.25100 5.59500 7.96500 -11.70900 -5.35100 -0.73200 -3.79400 -13.85500 -15.81800
36.00000 3.23500 4.44500 4.27200 1.71900 3.44800 11.05800 4.94400 1.74000 6.08300 9.43000 -12.19700 -6.81600 -2.19700 -4.77100 -14.34300 -16.79500
37.00000 4.21100 5.42200 4.76100 1.71900 4.91300 12.52200 6.40900 1.74000 6.08300 9.91800 -13.66200 -7.79200 -3.66200 -6.23600 -15.80800 -17.28300
38.00000 4.21100 5.91000 4.27200 0.74300 5.89000 13.49900 5.92000 1.25100 5.59500 8.94200 -16.10300 -9.25700 -5.12700 -8.18900 -17.76100 -18.74800
39.00000 3.72300 6.39900 3.29600 -0.23400 5.89000 13.01100 3.96700 -0.21400 5.10700 6.98900 -19.03300 -10.72200 -6.10400 -9.65400 -20.20300 -19.72500
40.00000 3.23500 5.91000 1.83100 -0.72200 5.89000 12.03400 1.03800 -0.70200 4.13000 5.03500 -21.96200 -11.69800 -7.08000 -11.60700 -22.15600 -21.18900
41.00000 3.23500 6.39900 0.85400 -0.72200 5.89000 10.56900 -0.91600 -1.19000 4.13000 3.57100 -22.93900 -12.67500 -7.08000 -12.58300 -22.64400 -22.16600
42.00000 4.21100 7.37500 0.85400 0.25400 6.37800 10.56900 -2.38000 -1.19000 5.10700 4.05900 -22.45100 -13.16300 -6.59200 -12.58300 -22.64400 -23.14200
43.00000 6.16500 8.84000 1.34300 0.74300 7.35500 11.54600 -2.86900 -1.19000 6.08300 5.52400 -20.98600 -13.16300 -5.12700 -11.60700 -21.66700 -23.14200
44.00000 7.62900 10.30500 1.83100 1.23100 8.82000 13.49900 -3.35700 -1.19000 7.06000 6.98900 -20.00900 -12.67500 -4.15000 -11.11900 -20.69100 -22.65400
45.00000 8.60600 10.79300 1.34300 1.71900 9.30800 14.47600 -4.33300 -2.16700 8.03600 7.96500 -20.49800 -12.67500 -3.17400 -10.63000 -20.69100 -21.18900
46.00000 8.60600 10.79300 0.85400 2.20700 9.30800 13.98700 -5.79800 -3.14300 8.03600 7.47700 -21.96200 -13.16300 -3.66200 -11.11900 -21.17900 -19.72500
47.00000 7.62900 9.81600 -0.61000 2.69600 8.82000 12.52200 -7.26300 -4.12000 7.06000 6.98900 -23.91600 -13.65200 -4.15000 -11.60700 -20.69100 -17.77100
48.00000 6.65300 9.32800 -1.09900 3.67200 8.33100 10.56900 -8.24000 -4.60800 6.08300 6.01200 -23.91600 -13.65200 -3.66200 -11.60700 -19.71400 -15.81800
49.00000 6.16500 9.32800 -1.58700 4.16100 7.35500 8.61600 -8.24000 -4.60800 5.10700 5.52400 -22.45100 -13.65200 -3.17400 -11.11900 -17.76100 -14.84200
50.00000 6.16500 8.84000 -1.09900 4.16100 6.37800 7.64000 -7.26300 -4.60800 4.61800 5.03500 -19.03300 -12.18700 -1.70900 -9.16500 -14.83200 -14.35300
51.00000 5.67600 8.35200 -0.61000 3.18400 4.91300 7.15100 -5.31000 -4.12000 5.10700 5.03500 -15.61500 -9.25700 1.22100 -7.21200 -11.90200 -12.88900
52.00000 4.70000 6.88700 -0.12200 1.71900 3.44800 7.15100 -3.35700 -3.63200 5.59500 4.54700 -12.19700 -5.83900 4.15000 -3.79400 -8.97200 -9.95900
53.00000 2.74700 4.93400 -1.09900 -0.23400 1.98400 6.66300 -2.38000 -3.14300 5.59500 4.54700 -9.75500 -1.93300 6.59200 -0.37600 -6.53100 -6.05300
54.00000 0.30500 3.46900 -3.05200 -2.67500 1.00700 6.66300 -2.86900 -2.65500 5.59500 4.54700 -8.29100 0.50900 8.05700 2.06500 -5.06600 -2.14600
55.00000 -1.16000 2.00400 -5.49300 -4.62800 0.51900 6.17500 -4.82200 -3.14300 5.59500 4.54700 -8.29100 1.97300 9.03300 3.53000 -4.08900 -0.19300
56.00000 -2.62500 1.51600 -6.95800 -6.09300 0.03100 5.19800 -7.75100 -4.12000 5.59500 4.54700 -8.77900 1.48500 9.52100 3.53000 -4.08900 -0.19300
57.00000 -3.60100 1.02700 -6.95800 -7.07000 -0.45800 4.71000 -10.68100 -5.09600 6.57100 4.05900 -9.75500 0.50900 10.01000 3.53000 -4.08900 -1.17000
58.00000 -4.08900 0.05100 -6.47000 -7.55800 -0.45800 4.22200 -11.65800 -5.58500 8.03600 4.05900 -10.24400 -0.46800 11.47500 4.01800 -3.11300 -1.65800
59.00000 -5.06600 -0.92600 -5.49300 -8.04600 -0.94600 3.73300 -11.16900 -5.58500 9.98900 5.03500 -9.75500 0.02000 12.93900 5.48300 -1.64800 -0.68200
60.00000 -6.04200 -1.41400 -5.00500 -8.53500 -1.43400 3.73300 -9.70500 -4.60800 11.45400 6.50000 -8.29100 0.50900 14.40400 7.43600 0.30500 1.27200
61.00000 -6.53100 -1.41400 -5.00500 -9.02300 -1.92300 4.22200 -8.24000 -3.63200 12.43100 7.96500 -7.31400 1.48500 14.89300 8.41300 0.79300 2.73600
62.00000 -6.04200 -0.92600 -4.51700 -8.53500 -1.43400 4.22200 -7.26300 -3.14300 12.43100 7.96500 -7.31400 1.97300 14.89300 8.41300 0.30500 1.76000
63.00000 -5.06600 -0.43700 -3.54000 -7.07000 -0.94600 5.19800 -6.77500 -2.65500 11.94300 6.98900 -8.77900 0.99700 13.91600 7.43600 -1.64800 -0.68200
64.00000 -3.11300 0.05100 -2.07500 -5.11700 0.03100 6.66300 -7.26300 -2.65500 11.45400 6.01200 -10.73200 0.02000 12.93900 5.97100 -4.08900 -3.12300
65.00000 -1.16000 1.02700 -0.61000 -3.65200 1.00700 7.15100 -7.26300 -3.14300 10.96600 5.03500 -12.68500 -0.95600 11.47500 4.99500 -5.55400 -4.10000
66.00000 -0.18300 1.51600 0.36600 -3.16400 1.00700 7.15100 -6.28700 -3.14300 10.47800 4.54700 -13.66200 0.02000 10.98600 4.50600 -6.53100 -3.61100
67.00000 -0.67100 1.51600 -0.12200 -3.65200 1.00700 5.68600 -4.82200 -3.14300 10.47800 4.54700 -12.68500 0.99700 10.98600 4.50600 -6.04200 -2.14600
68.00000 -2.62500 1.02700 -1.09900 -5.11700 0.51900 3.73300 -3.84500 -3.14300 9.98900 4.05900 -10.73200 2.95000 10.98600 4.01800 -5.06600 -1.65800
69.00000 -4.08900 -0.43700 -2.07500 -6.09300 -0.45800 2.26800 -3.35700 -2.65500 9.50100 3.57100 -8.29100 3.92700 10.49800 4.01800 -3.60100 -1.65800
70.00000 -6.04200 -1.90200 -2.07500 -7.07000 -1.92300 1.78000 -3.35700 -2.65500 9.01300 3.08200 -5.36100 3.92700 10.49800 4.99500 -2.62500 -2.14600
71.00000 -6.53100 -3.85500 -1.09900 -7.07000 -3.38700 2.26800 -3.35700 -1.67800 8.52500 4.05900 -3.40800 3.92700 10.98600 6.94800 -1.64800 -2.14600
72.00000 -6.53100 -4.83200 0.36600 -7.07000 -4.36400 3.24500 -3.35700 -1.67800 9.01300 5.52400 -1.94300 3.92700 11.47500 8.90100 -1.16000 -1.65800
73.00000 -6.04200 -4.83200 1.34300 -6.58200 -4.85200 2.75700 -3.35700 -1.19000 9.50100 7.47700 -0.47800 4.41500 12.45100 10.85400 -0.18300 -0.19300
74.00000 -5.06600 -4.83200 1.34300 -7.07000 -5.34100 2.26800 -2.86900 -1.19000 9.98900 9.43000 0.01000 5.39100 13.42800 12.31900 0.30500 1.27200
75.00000 -5.06600 -4.83200 -0.12200 -7.55800 -5.34100 1.29200 -2.86900 -0.70200 9.98900 9.91800 0.01000 6.36800 14.89300 12.80700 0.30500 2.24800
76.00000 -5.06600 -4.83200 -2.07500 -7.55800 -5.82900 1.29200 -3.35700 -0.21400 9.50100 9.43000 -0.96600 6.85600 15.38100 13.29500 0.30500 3.22500
77.00000 -6.04200 -4.83200 -3.54000 -7.07000 -5.82900 2.26800 -3.35700 0.27500 9.01300 7.96500 -2.43100 6.36800 15.86900 13.29500 -0.67100 4.20100
78.00000 -7.01900 -5.32000 -3.54000 -6.09300 -6.31700 2.75700 -3.84500 1.25100 8.03600 6.98900 -3.40800 5.88000 15.38100 12.80700 -1.16000 3.22500
79.00000 -7.01900 -5.32000 -2.56300 -5.11700 -6.31700 1.78000 -3.84500 1.74000 7.54800 6.50000 -3.40800 6.36800 14.89300 10.85400 -1.64800 1.76000
80.00000 -6.53100 -4.83200 -1.09900 -5.11700 -6.31700 0.31500 -2.86900 1.74000 7.06000 6.01200 -2.92000 7.83300 15.38100 9.38900 -1.16000 -0.19300
81.00000 -7.01900 -5.32000 -1.09900 -5.60500 -6.80500 -1.63800 -2.86900 0.76300 7.06000 6.01200 -1.45500 9.78600 16.35700 7.92400 -0.18300 -1.17000
82.00000 -8.48400 -7.27300 -3.54000 -7.55800 -8.27000 -3.59100 -3.84500 -0.21400 7.54800 5.52400 -1.45500 11.25100 17.82200 7.43600 -0.18300 -0.19300
83.00000 -11.90200 -10.20300 -7.44600 -10.48800 -9.73500 -4.56700 -6.28700 -2.16700 7.54800 5.03500 -2.43100 11.25100 18.79900 7.92400 -0.67100 1.27200
84.00000 -15.32000 -13.13300 -11.84100 -13.41800 -10.71200 -5.54400 -9.21600 -3.63200 7.54800 4.05900 -4.38400 10.27400 17.82200 8.41300 -2.13600 1.76000
85.00000 -18.25000 -14.59800 -15.25900 -14.88200 -11.68800 -5.54400 -11.65800 -5.09600 7.06000 3.57100 -6.33700 8.80900 16.35700 7.43600 -3.60100 -0.19300
86.00000 -19.22600 -15.08600 -16.72400 -15.85900 -11.68800 -5.54400 -12.14600 -5.09600 7.06000 3.57100 -6.33700 7.83300 14.40400 6.94800 -4.57800 -2.63500
87.00000 -18.73800 -14.59800 -15.74700 -15.85900 -12.17700 -6.03200 -11.16900 -4.60800 7.06000 4.05900 -5.36100 7.83300 13.42800 6.46000 -4.08900 -5.07600
88.00000 -18.73800 -14.59800 -15.25900 -15.85900 -13.15300 -7.00900 -9.70500 -3.14300 7.54800 4.05900 -3.89600 7.83300 13.91600 6.94800 -3.60100 -5.56400
89.00000 -19.71400 -16.06200 -14.77100 -16.34700 -14.61800 -7.98500 -8.24000 -2.16700 8.03600 4.54700 -3.40800 8.80900 15.38100 8.41300 -2.62500 -3.12300
90.00000 -20.20300 -17.03900 -14.77100 -16.34700 -15.59400 -8.47400 -7.75100 -1.67800 8.52500 4.05900 -3.40800 9.29800 16.35700 9.38900 -2.62500 -1.17000
91.00000 -19.22600 -17.03900 -13.30600 -15.85900 -14.61800 -7.98500 -7.26300 -1.19000 8.52500 4.54700 -3.89600 8.80900 16.35700 10.36600 -3.60100 -0.68200
92.00000 -17.76100 -15.08600 -11.35300 -13.90600 -12.17700 -6.03200 -6.77500 -1.67800 9.01300 5.52400 -5.36100 7.83300 14.40400 10.85400 -5.55400 -2.63500
93.00000 -15.32000 -12.15600 -9.88800 -11.46400 -8.75900 -3.10300 -6.28700 -2.16700 9.01300 6.98900 -6.33700 6.36800 12.93900 10.85400 -6.53100 -5.56400
94.00000 -13.85500 -10.69100 -8.91100 -10.00000 -6.31700 -1.14900 -6.28700 -2.16700 9.01300 7.47700 -6.82600 5.39100 11.47500 10.36600 -7.01900 -7.51700
95.00000 -14.34300 -10.20300 -9.88800 -9.51100 -5.34100 -0.17300 -6.77500 -2.65500 8.52500 6.50000 -6.82600 4.41500 10.98600 10.85400 -6.04200 -6.54100
96.00000 -14.83200 -10.69100 -10.37600 -9.51100 -5.34100 -0.66100 -7.26300 -2.16700 7.54800 5.03500 -6.82600 3.92700 10.49800 10.36600 -5.06600 -4.58800
97.00000 -14.83200 -10.69100 -9.39900 -9.02300 -5.82900 -1.14900 -6.77500 -1.67800 6.57100 3.57100 -6.33700 3.92700 9.52100 9.38900 -5.06600 -3.61100
98.00000 -13.85500 -9.71500 -7.44600 -8.04600 -5.34100 -1.63800 -6.28700 -1.19000 6.57100 2.59400 -6.82600 3.43800 8.05700 7.43600 -5.55400 -4.10000
99.00000 -12.87800 -8.73800 -5.00500 -6.09300 -4.36400 -1.14900 -5.31000 -1.19000 7.06000 3.08200 -7.31400 1.97300 7.08000 6.46000 -7.50700 -6.05300
100.00000 -11.90200 -8.25000 -3.54000 -5.11700 -3.87600 -0.66100 -5.79800 -1.19000 7.54800 4.54700 -8.77900 0.50900 6.59200 5.97100 -9.46000 -8.49400
101.00000 -11.41400 -7.76200 -4.02800 -5.11700 -2.89900 0.31500 -7.26300 -2.16700 8.52500 5.03500 -10.24400 -0.95600 7.08000 6.46000 -9.94900 -9.47100
102.00000 -11.41400 -7.76200 -5.49300 -5.60500 -1.92300 1.78000 -8.72800 -2.65500 8.52500 5.03500 -11.70900 -1.93300 7.08000 6.94800 -9.46000 -8.98200
103.00000 -10.43700 -6.29700 -6.95800 -6.09300 0.03100 3.73300 -10.68100 -3.63200 8.03600 4.54700 -12.19700 -1.44400 7.56800 6.46000 -9.46000 -8.49400
104.00000 -8.48400 -3.85500 -6.95800 -4.62800 2.96000 5.68600 -12.14600 -3.63200 7.54800 4.54700 -12.68500 -1.44400 7.08000 5.97100 -9.46000 -8.98200
105.00000 -7.01900 -1.90200 -5.98100 -2.18700 4.91300 7.15100 -13.61100 -3.63200 7.06000 4.54700 -13.17300 -1.44400 6.10400 4.50600 -10.92500 -10.44700
106.00000 -7.50700 -1.90200 -5.98100 -0.23400 5.89000 7.15100 -14.58700 -4.12000 6.57100 4.05900 -14.63800 -1.93300 4.63900 3.04200 -13.36700 -12.88900
107.00000 -8.48400 -2.87900 -6.47000 0.25400 4.42500 5.19800 -15.56400 -3.63200 5.10700 2.59400 -16.59100 -2.90900 3.66200 1.57700 -14.83200 -13.86500
108.00000 -9.94900 -4.83200 -6.95800 -0.72200 1.98400 2.26800 -14.09900 -3.14300 3.15300 -0.33600 -17.08000 -3.39800 2.19700 0.60000 -14.83200 -13.86500
109.00000 -9.94900 -5.80900 -6.47000 -1.69900 -0.45800 -0.17300 -11.65800 -2.65500 0.71200 -2.28900 -16.10300 -2.90900 0.73200 -0.37600 -13.36700 -12.40000
110.00000 -8.48400 -5.32000 -4.51700 -2.18700 -1.43400 -0.66100 -9.21600 -2.16700 -0.26400 -3.26500 -14.15000 -1.93300 -0.24400 -0.86500 -11.41400 -11.42400
111.00000 -6.04200 -3.85500 -2.07500 -1.69900 -0.45800 0.31500 -6.77500 -1.19000 -0.26400 -2.28900 -12.19700 -1.44400 -0.24400 -1.35300 -9.94900 -11.42400
112.00000 -4.57800 -1.90200 -1.09900 -0.23400 1.98400 2.75700 -5.79800 -1.67800 1.20000 0.15300 -12.19700 -1.44400 0.24400 -1.35300 -9.46000 -12.40000
113.00000 -4.08900 -0.92600 -1.09900 1.23100 3.44800 4.22200 -6.77500 -2.16700 2.66500 2.59400 -13.17300 -2.90900 0.73200 -0.86500 -10.92500 -13.86500
114.00000 -4.57800 -1.41400 -2.07500 2.69600 4.42500 5.19800 -7.26300 -3.14300 3.64200 4.54700 -15.12700 -4.37400 1.70900 0.11200 -11.41400 -13.37700
115.00000 -4.08900 -0.92600 -2.56300 3.67200 4.42500 5.19800 -6.77500 -3.63200 3.64200 5.03500 -16.10300 -5.83900 2.19700 1.57700 -11.41400 -10.44700
116.00000 -1.64800 1.02700 -0.61000 4.64900 4.42500 5.68600 -5.31000 -2.65500 3.15300 5.03500 -16.10300 -6.81600 2.19700 3.04200 -9.94900 -7.02900
117.00000 1.77000 3.95700 3.29600 7.09000 5.40200 7.15100 -2.86900 -1.67800 2.66500 4.54700 -15.12700 -7.30400 2.19700 3.53000 -9.46000 -4.58800
118.00000 5.67600 7.37500 7.20200 9.04300 7.35500 9.59300 -0.42700 -0.21400 1.68900 5.03500 -14.63800 -7.79200 0.73200 4.01800 -9.46000 -5.07600
119.00000 7.62900 9.32800 9.64400 10.02000 8.33100 12.03400 0.54900 0.76300 1.68900 5.52400 -14.63800 -7.79200 0.24400 3.53000 -10.43700 -7.51700
120.00000 7.14100 9.32800 8.66700 9.04300 8.33100 12.52200 -0.91600 0.27500 1.20000 5.52400 -16.10300 -7.79200 -0.24400 4.01800 -11.90200 -8.98200
121.00000 3.72300 7.37500 4.76100 6.11400 6.37800 11.05800 -4.33300 -0.70200 0.71200 5.03500 -18.05600 -8.28000 -0.73200 4.01800 -12.39000 -8.98200
122.00000 -0.18300 3.46900 0.36600 2.69600 3.93700 7.64000 -8.72800 -2.16700 0.22400 4.05900 -19.03300 -8.28000 -0.24400 4.01800 -12.39000 -7.51700
123.00000 -4.08900 -0.43700 -4.02800 -1.21100 1.00700 3.73300 -12.63400 -3.14300 0.22400 2.59400 -20.00900 -8.28000 0.24400 3.53000 -12.87800 -6.54100
124.00000 -7.01900 -3.36700 -6.95800 -3.65200 -0.94600 1.29200 -15.56400 -4.12000 0.71200 2.10600 -20.00900 -8.28000 0.73200 3.04200 -13.36700 -7.02900
125.00000 -8.97200 -4.83200 -8.42300 -5.11700 -1.92300 0.31500 -15.56400 -5.09600 1.20000 1.61700 -19.52100 -8.28000 1.70900 2.55300 -13.36700 -8.00600
126.00000 -9.94900 -5.80900 -8.42300 -5.60500 -2.89900 0.31500 -14.09900 -5.09600 1.20000 2.10600 -18.05600 -6.81600 2.68600 2.55300 -12.39000 -8.49400
127.00000 -10.92500 -6.78500 -7.44600 -6.09300 -4.36400 0.31500 -11.65800 -4.12000 0.71200 2.10600 -15.61500 -4.37400 3.66200 4.50600 -9.94900 -7.02900
128.00000 -11.41400 -7.27300 -7.44600 -7.55800 -6.31700 -0.17300 -9.70500 -3.63200 0.22400 2.10600 -13.17300 -2.42100 5.12700 6.46000 -7.01900 -4.10000
129.00000 -12.87800 -9.22600 -8.91100 -9.02300 -8.75900 -2.12600 -8.72800 -3.14300 0.22400 1.61700 -10.73200 -0.46800 7.08000 8.41300 -4.57800 -1.65800
130.00000 -14.83200 -11.18000 -10.86400 -10.48800 -11.20000 -4.56700 -9.21600 -3.14300 0.71200 1.12900 -10.24400 0.02000 8.54500 9.38900 -4.08900 -0.68200
131.00000 -17.76100 -13.62100 -13.79400 -11.95300 -13.15300 -7.00900 -10.68100 -3.63200 1.68900 1.12900 -10.24400 0.02000 10.01000 8.90100 -5.06600 -1.65800
132.00000 -19.71400 -16.06200 -15.25900 -12.92900 -14.61800 -8.96200 -11.65800 -4.60800 3.64200 1.12900 -11.22000 0.02000 11.47500 8.41300 -5.55400 -2.14600
133.00000 -21.66700 -18.01600 -15.74700 -13.41800 -16.08300 -9.93900 -13.12300 -5.09600 5.10700 1.61700 -11.22000 0.99700 11.96300 8.90100 -5.06600 -1.65800
134.00000 -22.64400 -19.48000 -15.25900 -13.41800 -16.57100 -9.93900 -14.58700 -5.58500 6.08300 2.59400 -10.24400 1.48500 12.93900 9.38900 -3.60100 -1.17000
135.00000 -23.62100 -20.45700 -14.28200 -13.90600 -17.05900 -9.93900 -16.05200 -5.58500 5.59500 2.59400 -9.75500 0.99700 12.45100 9.87800 -3.11300 -1.17000
136.00000 -24.59700 -21.92200 -14.77100 -14.39400 -17.54800 -10.42700 -16.54100 -5.58500 4.61800 2.59400 -10.73200 -0.46800 11.96300 9.38900 -4.57800 -2.14600
137.00000 -25.57400 -22.89800 -15.74700 -15.37100 -18.03600 -10.91500 -16.54100 -5.58500 3.15300 2.10600 -13.17300 -2.42100 10.98600 7.92400 -7.50700 -4.58800
138.00000 -25.57400 -23.38700 -16.23500 -15.85900 -18.52400 -11.40300 -15.56400 -5.58500 1.68900 1.12900 -16.10300 -4.37400 10.01000 6.46000 -9.94900 -6.05300
139.00000 -24.10900 -22.41000 -15.74700 -14.88200 -18.52400 -11.40300 -14.09900 -4.60800 0.71200 0.64100 -17.08000 -5.35100 10.49800 5.97100 -9.94900 -5.07600
140.00000 -21.66700 -20.45700 -13.30600 -12.92900 -17.54800 -9.93900 -13.12300 -3.14300 0.71200 0.15300 -15.61500 -3.88600 10.98600 6.94800 -6.53100 -1.65800
141.00000 -18.73800 -18.01600 -10.37600 -10.97600 -15.59400 -7.98500 -12.63400 -2.65500 0.71200 1.12900 -13.17300 -2.42100 12.45100 9.38900 -2.13600 1.76000
142.00000 -16.29600 -16.06200 -8.91100 -9.51100 -14.13000 -5.05600 -13.12300 -2.65500 1.68900 2.59400 -10.73200 -0.95600 12.93900 12.31900 1.28200 3.71300
143.00000 -15.32000 -15.08600 -9.39900 -9.51100 -12.66500 -3.10300 -13.61100 -3.63200 2.66500 4.54700 -10.73200 -0.95600 13.42800 13.29500 1.28200 3.22500
144.00000 -15.32000 -15.08600 -10.86400 -10.00000 -11.68800 -2.12600 -14.09900 -4.12000 2.66500 5.52400 -11.70900 -1.44400 12.45100 12.80700 -1.16000 1.27200
145.00000 -14.83200 -14.59800 -11.35300 -10.00000 -11.68800 -1.14900 -13.12300 -4.12000 2.17700 6.01200 -12.68500 -1.93300 10.98600 10.36600 -3.11300 -1.17000
146.00000 -12.39000 -12.64400 -8.91100 -9.02300 -11.68800 -1.14900 -11.16900 -2.65500 0.71200 5.03500 -11.22000 -1.44400 9.52100 7.92400 -3.11300 -1.17000
147.00000 -9.46000 -10.20300 -4.51700 -7.07000 -11.68800 -0.66100 -8.24000 -0.21400 -0.75300 5.03500 -8.77900 0.02000 8.05700 6.46000 -1.16000 0.29500
148.00000 -7.50700 -9.22600 -0.61000 -5.11700 -12.17700 -1.63800 -5.79800 1.74000 -1.24100 4.54700 -5.84900 0.99700 8.05700 6.46000 1.28200 2.73600
149.00000 -7.50700 -10.20300 0.85400 -4.14000 -13.15300 -2.61400 -4.82200 2.22800 -2.21800 4.05900 -3.89600 1.97300 7.56800 7.92400 3.23500 5.17800
150.00000 -9.94900 -12.15600 -0.61000 -5.60500 -13.64100 -4.07900 -5.31000 1.74000 -2.21800 3.08200 -2.92000 2.95000 8.05700 9.38900 3.23500 6.15400
151.00000 -12.39000 -13.13300 -2.56300 -6.58200 -13.64100 -4.56700 -5.79800 0.76300 -2.21800 1.12900 -2.92000 3.43800 9.03300 9.87800 3.23500 6.64300
152.00000 -13.36700 -13.13300 -3.54000 -7.55800 -13.15300 -4.07900 -5.31000 -0.21400 -2.21800 -0.33600 -2.43100 3.43800 9.03300 10.36600 4.21100 6.15400
153.00000 -12.39000 -12.15600 -3.54000 -7.55800 -12.17700 -3.59100 -4.33300 -0.70200 -2.21800 -1.31200 -1.45500 3.92700 10.01000 10.36600 6.16500 6.15400
154.00000 -10.43700 -10.69100 -3.54000 -6.58200 -10.71200 -3.59100 -3.84500 -1.19000 -1.72900 -1.31200 -0.96600 3.92700 10.49800 10.85400 7.14100 6.15400
155.00000 -9.46000 -10.20300 -4.51700 -5.60500 -10.22300 -4.56700 -4.33300 -1.67800 -1.24100 -0.82400 -0.96600 2.95000 11.47500 10.85400 6.65300 6.64300
156.00000 -9.46000 -10.69100 -6.95800 -5.11700 -9.73500 -6.03200 -4.82200 -1.67800 -0.75300 -0.33600 -2.92000 2.46200 11.96300 11.34200 3.72300 6.64300
157.00000 -10.43700 -11.66800 -8.91100 -5.11700 -9.24700 -7.00900 -5.79800 -1.67800 -0.26400 -0.82400 -5.36100 1.48500 11.96300 10.85400 0.79300 6.15400
158.00000 -11.90200 -12.64400 -9.88800 -5.11700 -9.24700 -6.52100 -6.28700 -1.19000 -0.26400 -2.28900 -6.82600 1.48500 11.47500 9.38900 -1.16000 5.17800
159.00000 -13.36700 -13.62100 -9.39900 -6.09300 -9.24700 -6.03200 -6.77500 -0.70200 -0.75300 -3.75400 -7.80200 1.48500 10.01000 6.94800 -1.16000 3.71300
160.00000 -14.83200 -14.59800 -8.91100 -7.07000 -10.22300 -6.52100 -8.72800 0.27500 -1.72900 -5.21900 -7.80200 0.99700 7.08000 4.50600 -0.18300 1.76000
161.00000 -16.78500 -17.03900 -9.39900 -8.53500 -12.17700 -7.98500 -11.65800 0.27500 -2.21800 -5.70700 -7.80200 0.99700 4.63900 1.57700 -0.18300 -1.65800
162.00000 -18.73800 -19.48000 -11.84100 -10.00000 -14.61800 -9.93900 -14.09900 0.27500 -3.68200 -6.68300 -8.29100 0.02000 1.22100 -1.84100 -1.64800 -5.07600
163.00000 -20.69100 -20.94500 -13.79400 -11.46400 -16.08300 -11.40300 -16.54100 -0.21400 -3.68200 -7.66000 -9.75500 -0.46800 -1.22100 -5.25900 -4.08900 -7.51700
164.00000 -21.17900 -20.94500 -16.23500 -11.95300 -16.57100 -11.89200 -17.02900 -0.21400 -3.19400 -9.61300 -11.22000 -1.93300 -2.68600 -8.18900 -6.53100 -8.49400
165.00000 -21.66700 -20.45700 -17.21200 -11.95300 -15.59400 -10.91500 -17.02900 -1.19000 -2.21800 -10.59000 -12.19700 -3.39800 -2.19700 -9.16500 -7.50700 -7.51700
166.00000 -21.66700 -19.48000 -17.21200 -11.46400 -14.61800 -9.93900 -17.51700 -1.67800 -0.75300 -10.10100 -13.17300 -4.37400 -1.22100 -8.18900 -7.50700 -5.56400
167.00000 -21.66700 -18.99200 -17.21200 -10.97600 -13.15300 -10.42700 -17.02900 -2.16700 1.20000 -8.63600 -13.66200 -5.35100 0.73200 -5.74700 -7.01900 -4.10000
168.00000 -21.17900 -18.99200 -16.23500 -10.48800 -12.17700 -10.91500 -17.02900 -2.65500 2.17700 -6.19500 -13.66200 -5.35100 2.68600 -2.33000 -7.01900 -4.58800
169.00000 -20.69100 -19.48000 -15.25900 -10.00000 -12.17700 -11.89200 -16.05200 -3.14300 3.15300 -4.24200 -13.66200 -5.35100 3.66200 -0.37600 -7.50700 -6.54100
170.00000 -20.69100 -20.94500 -14.28200 -9.51100 -12.66500 -11.89200 -15.07600 -3.14300 4.13000 -3.26500 -14.15000 -5.35100 4.15000 0.11200 -8.97200 -8.49400
171.00000 -20.69100 -21.92200 -13.79400 -10.00000 -13.64100 -10.91500 -15.07600 -3.63200 4.13000 -3.75400 -15.61500 -5.83900 5.12700 -0.37600 -9.94900 -9.47100
172.00000 -21.66700 -22.41000 -14.28200 -10.48800 -14.13000 -10.42700 -16.54100 -4.12000 4.13000 -4.24200 -16.59100 -7.30400 5.61500 -0.86500 -10.92500 -8.49400
173.00000 -23.13200 -22.89800 -14.77100 -10.48800 -14.13000 -9.45000 -18.00500 -4.12000 4.61800 -3.75400 -18.05600 -8.28000 6.10400 -0.86500 -11.41400 -7.51700
174.00000 -23.62100 -22.41000 -14.77100 -9.51100 -13.64100 -9.45000 -18.00500 -3.14300 4.13000 -3.26500 -18.05600 -8.28000 5.61500 -0.37600 -11.41400 -7.51700
175.00000 -23.13200 -21.43400 -13.30600 -7.55800 -12.66500 -8.96200 -15.56400 -1.19000 3.15300 -2.28900 -17.08000 -7.79200 4.15000 -0.37600 -10.43700 -8.49400
176.00000 -22.64400 -20.94500 -11.84100 -6.09300 -12.17700 -8.47400 -13.12300 0.27500 2.17700 -2.28900 -15.12700 -6.32700 2.19700 -1.35300 -9.94900 -9.95900
177.00000 -21.17900 -19.96900 -10.37600 -5.11700 -11.68800 -7.98500 -11.65800 1.25100 1.68900 -3.26500 -13.66200 -5.35100 0.73200 -2.81800 -9.46000 -10.44700
178.00000 -20.20300 -19.48000 -10.37600 -4.14000 -10.71200 -7.00900 -12.14600 0.76300 1.20000 -4.24200 -13.66200 -4.86200 -0.24400 -3.79400 -9.94900 -9.95900
179.00000 -19.71400 -18.99200 -10.86400 -4.14000 -9.24700 -5.54400 -14.09900 -0.70200 1.20000 -4.73000 -15.61500 -5.83900 -0.73200 -4.28300 -11.41400 -9.47100
180.00000 -18.73800 -18.01600 -11.35300 -4.14000 -7.29400 -3.59100 -16.54100 -2.16700 1.68900 -3.75400 -18.54500 -7.30400 -1.70900 -5.25900 -13.85500 -11.42400
181.00000 -17.76100 -17.03900 -11.35300 -3.65200 -4.85200 -1.63800 -17.51700 -3.14300 2.17700 -2.77700 -21.96200 -8.76900 -2.19700 -6.23600 -17.27300 -15.81800
182.00000 -17.76100 -16.06200 -11.84100 -3.65200 -3.87600 -0.66100 -18.00500 -3.63200 2.66500 -1.80100 -23.91600 -9.25700 -3.17400 -7.21200 -19.22600 -19.72500
183.00000 -18.25000 -16.06200 -12.32900 -5.11700 -3.38700 -0.17300 -18.49400 -3.63200 3.15300 -1.80100 -23.91600 -9.74500 -2.68600 -7.70100 -20.20300 -21.67800
184.00000 -18.73800 -16.06200 -14.28200 -6.58200 -3.87600 -0.66100 -19.95800 -4.12000 3.64200 -1.80100 -22.93900 -10.23400 -1.22100 -6.23600 -19.22600 -19.72500
185.00000 -18.25000 -15.08600 -15.25900 -8.04600 -3.87600 -0.17300 -20.93500 -5.09600 5.59500 -1.31200 -21.47400 -10.23400 1.70900 -3.30600 -17.27300 -14.84200
186.00000 -16.29600 -12.15600 -14.77100 -7.55800 -2.41100 2.26800 -19.95800 -6.56100 7.06000 0.64100 -20.00900 -10.72200 4.63900 -0.37600 -15.32000 -9.95900
187.00000 -12.39000 -7.76200 -11.84100 -5.11700 0.51900 5.19800 -17.02900 -6.07300 8.52500 3.08200 -18.54500 -10.72200 6.10400 1.57700 -14.34300 -8.49400
188.00000 -7.99600 -3.36700 -6.95800 -1.69900 3.44800 9.10400 -13.12300 -5.09600 9.01300 5.52400 -16.59100 -9.74500 6.59200 3.04200 -12.87800 -10.44700
189.00000 -4.57800 -0.43700 -3.05200 0.74300 5.40200 11.05800 -9.70500 -3.63200 9.50100 6.50000 -13.66200 -7.79200 6.10400 1.57700 -10.92500 -12.88900
190.00000 -3.60100 0.05100 -1.58700 0.74300 4.91300 11.05800 -6.77500 -1.67800 8.52500 5.52400 -8.77900 -4.37400 5.12700 0.60000 -7.50700 -13.37700
191.00000 -5.06600 -1.90200 -1.58700 -0.72200 2.47200 9.10400 -4.33300 0.27500 7.54800 3.57100 -2.43100 0.02000 4.63900 1.08800 -2.13600 -9.47100
192.00000 -8.48400 -6.29700 -2.56300 -3.16400 -0.94600 5.19800 -1.89200 1.25100 6.08300 1.61700 3.42800 3.43800 4.63900 3.04200 3.72300 -2.63500
193.00000 -12.87800 -10.69100 -4.02800 -5.60500 -4.36400 1.78000 0.54900 2.71600 4.13000 0.64100 7.82300 5.88000 5.12700 5.48300 9.09400 5.17800
194.00000 -16.78500 -14.59800 -5.98100 -6.58200 -6.80500 -1.63800 1.52600 3.69300 3.64200 0.64100 9.28800 6.36800 5.61500 7.92400 13.00000 11.03700
195.00000 -20.20300 -17.52700 -8.42300 -8.04600 -7.78200 -3.59100 0.54900 3.20400 3.64200 1.12900 8.31100 5.88000 6.59200 9.87800 13.97700 14.45500
196.00000 -21.17900 -18.01600 -10.37600 -8.53500 -7.78200 -4.07900 -2.86900 2.22800 4.13000 2.59400 6.35800 4.41500 7.08000 10.85400 13.48900 15.43200
197.00000 -20.20300 -17.03900 -11.84100 -9.02300 -7.29400 -2.61400 -5.31000 1.25100 5.10700 3.57100 3.42800 2.95000 8.05700 11.83100 11.04700 14.94300
198.00000 -17.76100 -14.10900 -10.37600 -9.02300 -5.82900 -0.17300 -6.28700 -0.21400 6.57100 5.03500 0.98700 1.97300 9.03300 12.31900 7.62900 12.99000
199.00000 -14.34300 -11.18000 -6.95800 -8.04600 -5.34100 2.26800 -5.31000 -0.70200 7.54800 6.98900 -1.45500 0.99700 10.49800 12.80700 4.21100 10.06100
200.00000 -11.90200 -9.22600 -3.54000 -7.07000 -4.85200 4.22200 -3.84500 -0.70200 8.03600 8.94200 -3.40800 0.50900 13.42800 13.78400 1.28200 7.61900
201.00000 -11.41400 -9.22600 -1.58700 -7.07000 -5.34100 4.22200 -4.82200 -1.19000 9.01300 11.38300 -5.36100 0.99700 16.35700 15.24900 -0.18300 7.13100
202.00000 -12.87800 -10.69100 -3.54000 -8.53500 -6.31700 2.75700 -7.26300 -2.16700 9.50100 12.36000 -5.84900 1.97300 20.26400 16.22500 0.79300 9.08400
203.00000 -15.32000 -13.13300 -6.95800 -10.97600 -7.78200 0.80400 -10.68100 -2.65500 9.98900 11.87100 -4.38400 4.41500 23.19300 17.20200 2.74700 12.50200
204.00000 -17.76100 -14.59800 -10.86400 -13.90600 -9.24700 0.31500 -11.65800 -2.65500 9.50100 9.91800 -1.94300 6.85600 24.17000 17.20200 6.16500 14.94300
205.00000 -18.73800 -14.59800 -12.81700 -15.85900 -10.22300 0.80400 -9.21600 -1.19000 8.52500 7.96500 0.49800 8.80900 23.19300 15.73700 7.62900 14.45500
206.00000 -18.73800 -14.10900 -11.84100 -16.34700 -10.71200 3.24500 -4.33300 0.76300 7.06000 6.98900 2.45200 9.78600 20.75200 13.29500 7.62900 11.52500
207.00000 -17.76100 -12.64400 -10.37600 -15.85900 -10.71200 5.19800 -0.91600 2.71600 6.08300 6.50000 2.94000 10.27400 17.82200 9.87800 6.16500 8.10800
208.00000 -16.29600 -11.66800 -8.91100 -14.88200 -10.22300 6.66300 1.03800 4.66900 6.08300 6.50000 2.45200 10.27400 14.89300 6.46000 4.70000 5.66600
209.00000 -14.83200 -10.69100 -7.44600 -13.90600 -9.24700 6.17500 1.03800 5.64600 6.08300 5.52400 1.96300 9.78600 12.93900 3.53000 3.23500 4.69000
210.00000 -14.34300 -10.20300 -5.98100 -12.92900 -8.75900 4.71000 0.54900 5.15700 6.57100 4.54700 1.96300 9.29800 10.01000 1.08800 3.23500 3.71300
211.00000 -14.34300 -10.69100 -4.02800 -11.46400 -9.24700 3.24500 1.03800 5.15700 5.59500 2.59400 1.47500 8.32100 7.08000 -0.86500 3.23500 2.24800
212.00000 -14.34300 -11.66800 -1.58700 -10.48800 -9.73500 2.75700 2.01400 4.18100 4.61800 2.10600 1.47500 7.34500 4.15000 -2.33000 2.74700 -0.68200
213.00000 -14.83200 -12.64400 0.36600 -10.00000 -10.71200 2.75700 2.01400 3.69300 3.15300 1.61700 0.98700 6.36800 2.19700 -2.33000 1.77000 -2.14600
214.00000 -14.83200 -13.13300 0.85400 -9.51100 -11.68800 2.26800 0.06100 2.22800 2.66500 2.10600 0.01000 5.88000 2.19700 -0.37600 0.79300 -2.14600
215.00000 -14.34300 -12.64400 -0.12200 -10.48800 -12.17700 1.29200 -2.86900 0.76300 2.66500 3.57100 -1.94300 4.90300 4.63900 2.55300 -0.67100 0.78300
216.00000 -13.36700 -11.66800 -2.07500 -11.46400 -11.68800 2.26800 -4.82200 -0.70200 3.15300 5.52400 -3.89600 3.92700 8.05700 6.94800 -1.16000 4.20100
217.00000 -11.90200 -9.22600 -3.05200 -12.44100 -9.73500 4.22200 -4.82200 -2.16700 4.61800 8.94200 -5.84900 3.43800 11.96300 11.83100 -1.16000 7.13100
218.00000 -9.94900 -6.29700 -3.05200 -12.44100 -7.78200 7.64000 -2.38000 -2.16700 6.57100 12.84800 -6.82600 2.46200 14.89300 16.22500 -0.67100 9.08400
219.00000 -7.50700 -3.85500 -1.09900 -11.46400 -5.82900 11.05800 0.54900 -2.16700 8.52500 16.26600 -6.33700 1.97300 16.84600 18.66700 0.79300 9.08400
220.00000 -5.55400 -1.41400 0.85400 -9.51100 -3.87600 12.03400 2.01400 -1.19000 9.01300 17.73100 -4.38400 1.97300 17.82200 19.15500 2.74700 9.08400
221.00000 -4.57800 -0.92600 2.80800 -7.55800 -3.38700 10.56900 2.50200 -0.70200 8.52500 15.77800 -2.43100 2.46200 17.33400 16.71300 3.72300 9.57200
222.00000 -4.08900 -1.41400 4.76100 -5.60500 -4.36400 8.12800 2.50200 -0.21400 7.54800 11.87100 -0.47800 3.43800 16.35700 13.29500 5.18800 10.54900
223.00000 -4.08900 -2.87900 6.22600 -4.14000 -5.82900 6.17500 3.47900 0.27500 6.08300 8.45300 0.98700 3.92700 15.38100 9.38900 5.67600 11.03700
224.00000 -4.08900 -3.85500 6.71400 -3.65200 -6.31700 6.17500 5.43200 0.76300 5.10700 6.50000 2.45200 4.41500 13.42800 7.43600 6.16500 10.06100
225.00000 -4.57800 -4.34400 5.73700 -3.65200 -6.31700 7.15100 7.38500 1.25100 5.10700 7.47700 3.91600 3.92700 11.96300 7.43600 7.14100 9.08400
226.00000 -5.06600 -3.85500 4.27200 -3.16400 -4.85200 9.10400 8.36200 1.74000 6.57100 9.91800 5.38100 3.92700 10.49800 8.41300 8.11800 8.59600
227.00000 -5.06600 -3.36700 1.83100 -3.16400 -2.41100 12.03400 6.89700 2.22800 8.03600 11.87100 5.87000 2.46200 9.52100 9.38900 8.11800 8.59600
228.00000 -5.06600 -1.90200 -0.12200 -2.18700 0.03100 13.98700 4.45600 2.71600 9.50100 12.84800 4.89300 0.99700 8.54500 9.38900 7.14100 8.10800
229.00000 -5.06600 -1.41400 -1.09900 -2.18700 1.49500 15.94000 1.52600 2.22800 9.50100 12.84800 1.96300 0.02000 7.56800 8.41300 4.70000 8.10800
230.00000 -6.04200 -1.41400 -1.58700 -3.16400 1.49500 16.42900 -1.40400 1.74000 9.01300 12.36000 -1.94300 0.02000 6.59200 6.94800 2.74700 7.13100
231.00000 -7.50700 -2.87900 -2.07500 -5.11700 0.03100 15.45200 -3.35700 0.27500 8.03600 12.36000 -6.33700 0.50900 6.59200 5.97100 1.28200 6.64300
232.00000 -9.46000 -4.83200 -3.54000 -7.55800 -2.41100 13.01100 -5.79800 -1.19000 7.54800 12.84800 -9.75500 0.99700 6.59200 5.48300 -0.18300 6.64300
233.00000 -10.92500 -7.27300 -5.00500 -9.51100 -4.36400 10.08100 -8.24000 -2.16700 7.54800 12.36000 -13.17300 0.99700 6.10400 4.50600 -2.13600 5.17800
234.00000 -12.39000 -8.73800 -6.47000 -10.48800 -5.34100 7.64000 -10.19300 -3.14300 7.06000 10.89500 -16.59100 -0.46800 3.66200 1.08800 -5.06600 1.76000
235.00000 -13.36700 -9.71500 -6.95800 -10.00000 -5.82900 7.15100 -11.16900 -3.14300 6.57100 8.94200 -19.52100 -2.90900 -0.24400 -5.74700 -9.46000 -4.58800
236.00000 -14.34300 -9.71500 -6.95800 -9.51100 -6.31700 7.15100 -10.68100 -2.65500 6.57100 6.50000 -21.96200 -5.83900 -4.63900 -13.07200 -13.85500 -11.42400
237.00000 -15.32000 -10.20300 -6.95800 -9.02300 -6.80500 6.66300 -9.70500 -2.65500 6.08300 3.57100 -21.47400 -7.79200 -9.03300 -20.88400 -16.29600 -16.79500
238.00000 -16.29600 -11.66800 -6.95800 -9.02300 -7.29400 4.71000 -9.21600 -2.65500 6.08300 1.61700 -18.54500 -7.79200 -11.47500 -25.76700 -16.29600 -18.74800
239.00000 -16.29600 -12.64400 -6.47000 -10.00000 -8.27000 2.75700 -9.21600 -2.65500 6.08300 0.64100 -14.15000 -7.79200 -12.93900 -27.23200 -14.34300 -17.77100
240.00000 -14.83200 -11.66800 -5.49300 -10.00000 -7.78200 2.26800 -9.21600 -2.65500 6.57100 1.12900 -9.75500 -6.81600 -12.45100 -25.27900 -11.41400 -14.84200
241.00000 -10.92500 -8.73800 -2.56300 -9.02300 -6.31700 5.19800 -8.24000 -2.16700 7.06000 3.08200 -5.84900 -5.83900 -10.98600 -20.39600 -7.99600 -11.91200
242.00000 -7.01900 -4.34400 0.85400 -7.07000 -3.87600 10.56900 -5.79800 -0.70200 7.06000 6.01200 -2.43100 -4.37400 -8.54500 -13.07200 -4.08900 -8.98200
243.00000 -4.08900 -0.92600 2.80800 -5.11700 -1.92300 14.96400 -2.38000 0.27500 8.03600 8.94200 0.01000 -1.93300 -4.63900 -4.77100 -0.18300 -4.58800
244.00000 -3.60100 0.53900 3.78400 -4.14000 -0.94600 16.42900 -0.42700 0.76300 8.52500 11.38300 1.96300 0.50900 1.70900 4.50600 4.21100 2.73600
245.00000 -4.57800 0.05100 2.80800 -3.65200 -0.94600 14.47600 0.06100 0.27500 9.98900 11.87100 2.45200 2.46200 9.03300 13.29500 7.14100 10.54900
246.00000 -5.55400 -1.41400 1.34300 -4.14000 -1.43400 12.03400 -1.89200 -0.70200 11.45400 12.84800 1.47500 3.92700 15.86900 20.13100 8.60600 17.38500
247.00000 -5.55400 -1.41400 -0.12200 -4.14000 -1.43400 10.56900 -4.82200 -2.16700 12.43100 13.82400 -1.45500 3.43800 21.24000 25.01400 8.11800 21.77900
248.00000 -5.06600 -0.43700 -1.09900 -4.14000 -1.92300 12.03400 -7.75100 -3.63200 13.40700 14.31300 -4.87300 2.95000 23.68200 26.96700 7.14100 21.29100
249.00000 -4.57800 0.53900 -1.58700 -4.62800 -1.92300 13.01100 -9.21600 -4.12000 12.91900 15.28900 -7.31400 1.97300 23.68200 25.99100 6.16500 18.36100
250.00000 -5.55400 0.05100 -3.05200 -5.60500 -2.41100 13.01100 -10.19300 -4.60800 11.94300 13.82400 -8.77900 1.97300 21.72900 22.57300 6.16500 14.94300
251.00000 -7.50700 -1.90200 -5.00500 -6.58200 -2.89900 11.54600 -11.16900 -4.60800 10.47800 11.38300 -9.75500 1.48500 19.28700 18.17800 6.65300 12.99000
252.00000 -8.97200 -3.36700 -5.98100 -7.55800 -2.89900 9.10400 -12.63400 -4.60800 9.50100 8.45300 -11.22000 0.99700 17.33400 14.27200 6.16500 12.99000
253.00000 -9.46000 -3.36700 -5.98100 -7.55800 -2.41100 8.12800 -13.61100 -4.60800 8.52500 6.50000 -13.17300 0.02000 14.89300 10.85400 5.18800 14.45500
254.00000 -8.97200 -2.39100 -5.00500 -7.55800 -1.92300 8.12800 -13.61100 -5.09600 8.52500 5.03500 -15.61500 -1.44400 12.45100 7.43600 3.23500 14.94300
255.00000 -8.97200 -1.90200 -4.51700 -7.07000 -1.43400 9.10400 -12.63400 -4.60800 8.03600 4.54700 -18.54500 -2.90900 9.52100 4.01800 0.79300 12.99000
256.00000 -9.94900 -2.39100 -5.00500 -7.07000 -2.41100 8.61600 -11.65800 -4.60800 8.03600 3.08200 -21.47400 -3.88600 6.10400 -0.86500 -2.13600 8.10800
