1.00000 -7.06000 -7.21200 -7.83300 -2.85800 -5.67600 -12.22700 -1.28200 -0.88500 0.98700 -8.91100 6.78500 13.50900 8.03600 4.12000 5.54400 8.48400
2.00000 -11.94300 -11.60700 -11.25100 -5.30000 -6.65300 -15.15700 -4.21100 -3.32600 3.42800 -8.91100 6.29700 14.48600 12.43100 5.58500 7.00900 10.43700
3.00000 -13.89600 -13.07200 -12.22700 -7.25300 -5.67600 -14.66900 -6.65300 -3.81500 4.89300 -6.47000 4.34400 13.99700 16.33700 8.51400 7.98500 12.39000
4.00000 -11.94300 -10.63000 -10.76300 -7.25300 -3.72300 -10.76300 -6.65300 -2.35000 5.38100 -2.56300 3.36700 14.48600 19.26700 10.95600 9.93900 14.83200
5.00000 -7.54800 -5.74700 -7.34500 -5.78800 -0.79300 -4.90300 -4.70000 -0.88500 3.42800 1.34300 3.36700 14.48600 20.73200 13.39700 11.40300 17.76100
6.00000 -2.66500 -0.86500 -3.43800 -4.32300 2.13600 -0.02000 -2.25800 -1.86200 1.47500 3.29600 2.87900 14.48600 20.24300 12.90900 12.38000 19.22600
7.00000 -0.22400 1.57700 -1.97300 -3.83500 3.60100 2.42100 -1.28200 -3.81500 -0.47800 2.80800 2.39100 12.53300 17.31400 10.46800 11.40300 18.73800
8.00000 -0.22400 0.60000 -2.95000 -3.83500 3.60100 1.44400 -2.25800 -3.81500 -0.96600 0.36600 0.43700 9.11500 12.91900 5.58500 9.45000 16.29600
9.00000 -1.68900 -0.86500 -3.43800 -3.83500 2.62500 -0.99700 -2.74700 -2.83800 -0.47800 -2.07500 -1.51600 4.72000 8.03600 1.19000 7.49700 13.36700
10.00000 -1.68900 -1.35300 -2.95000 -2.37000 2.62500 -1.97300 -2.74700 -4.79100 0.98700 -3.05200 -2.00400 0.32600 3.64200 -1.74000 5.54400 10.92500
11.00000 0.26400 0.60000 -0.02000 0.55900 3.60100 -1.48500 -1.28200 -6.74400 1.47500 -2.56300 -1.51600 -3.09200 0.22400 -3.20400 5.05600 9.46000
12.00000 3.68200 3.53000 3.39800 3.00100 4.57800 0.46800 1.16000 -6.25600 1.96300 -0.12200 -0.53900 -4.55700 -1.72900 -3.20400 5.05600 9.46000
13.00000 5.63600 5.48300 5.83900 3.97700 4.57800 2.42100 2.62500 -3.81500 0.49800 1.34300 0.43700 -4.55700 -3.19400 -3.20400 5.05600 8.97200
14.00000 5.63600 5.48300 5.83900 3.00100 4.08900 3.39800 3.11300 -1.86200 -2.43100 1.34300 0.43700 -3.09200 -4.17100 -4.66900 4.07900 7.50700
15.00000 3.68200 3.53000 2.90900 0.07100 2.62500 2.90900 2.62500 -1.37300 -4.87300 -1.58700 -0.05100 -0.65100 -6.12400 -8.08700 1.63800 4.57800
16.00000 0.75300 0.60000 -0.02000 -1.88200 1.16000 0.46800 1.64800 -1.37300 -5.84900 -5.49300 -0.53900 1.79000 -7.10000 -12.48200 -1.78000 0.67100
17.00000 -1.68900 -1.84100 -2.46200 -3.83500 -1.28200 -2.95000 0.67100 -0.39700 -4.38400 -9.88800 0.43700 4.72000 -7.10000 -15.41100 -3.73300 -3.23500
18.00000 -4.13000 -4.77100 -3.43800 -3.83500 -3.72300 -6.85600 -0.30500 -0.39700 -1.94300 -13.30600 2.39100 7.16100 -5.14700 -15.90000 -3.73300 -5.18800
19.00000 -5.59500 -7.21200 -2.95000 -4.32300 -6.16500 -11.25100 -0.79300 -2.35000 -0.47800 -13.79400 4.83200 9.60300 -1.72900 -13.45800 -0.80400 -3.72300
20.00000 -8.03600 -9.65400 -3.43800 -4.81200 -8.60600 -14.18100 -1.77000 -4.79100 -0.47800 -12.81700 7.27300 12.04400 2.66500 -8.08700 4.07900 -0.30500
21.00000 -9.98900 -12.09500 -5.88000 -5.78800 -9.58300 -15.64500 -2.74700 -4.79100 0.01000 -10.86400 9.22600 14.48600 7.54800 -1.74000 10.42700 5.55400
22.00000 -11.94300 -12.58300 -8.80900 -7.25300 -8.60600 -14.66900 -4.21100 -2.83800 0.49800 -7.93500 9.71500 15.46200 11.94300 5.09600 14.82100 11.90200
23.00000 -12.43100 -12.09500 -12.22700 -8.23000 -6.65300 -13.20400 -5.67600 -1.86200 0.49800 -5.49300 8.73800 16.43900 14.87200 9.97900 17.26300 17.27300
24.00000 -11.94300 -11.11900 -14.18100 -8.71800 -5.18800 -10.76300 -6.65300 -2.35000 -0.47800 -4.02800 6.78500 16.43900 15.84900 12.90900 17.26300 20.20300
25.00000 -11.45400 -10.63000 -14.18100 -8.71800 -4.21100 -9.29800 -7.62900 -2.35000 -1.45500 -3.54000 4.83200 15.46200 15.84900 13.39700 14.33300 20.20300
26.00000 -10.47800 -10.14200 -12.71600 -7.74100 -4.21100 -8.80900 -7.62900 -2.35000 0.98700 -3.54000 2.39100 14.48600 14.87200 11.93200 9.93900 18.25000
27.00000 -8.52500 -8.67700 -10.27400 -6.76500 -4.70000 -8.32100 -7.62900 -2.83800 3.42800 -3.54000 -0.05100 11.06800 12.91900 9.49100 5.05600 14.34300
28.00000 -6.08300 -6.72400 -6.85600 -4.32300 -4.21100 -6.85600 -6.65300 -4.79100 4.40500 -3.05200 -2.00400 6.67300 10.47800 7.53800 0.66100 10.43700
29.00000 -3.15300 -3.30600 -3.43800 -1.88200 -2.74700 -4.41500 -5.18800 -6.25600 1.96300 -2.56300 -3.46900 2.27900 8.03600 5.58500 -2.26800 7.01900
30.00000 -0.71200 -0.86500 -0.99700 -0.41700 -0.30500 -1.48500 -3.72300 -5.28000 0.01000 -1.58700 -3.46900 -0.65100 5.59500 5.09600 -3.24500 5.06600
31.00000 0.26400 0.11200 0.46800 -0.41700 1.16000 0.46800 -3.23500 -2.83800 -0.47800 -1.09900 -2.00400 -0.65100 3.64200 4.60800 -2.26800 4.08900
32.00000 -1.20000 -0.86500 -0.99700 -1.88200 0.67100 0.46800 -3.72300 -0.88500 -1.45500 -1.58700 0.92600 2.27900 2.17700 3.63200 0.17300 4.57800
33.00000 -3.64200 -3.30600 -3.43800 -3.83500 -0.79300 -1.48500 -4.70000 -0.88500 -3.40800 -3.54000 3.85500 5.69700 1.68900 2.16700 2.12600 5.06600
34.00000 -6.57100 -6.23600 -6.36800 -4.81200 -3.23500 -4.41500 -5.18800 -1.86200 -3.89600 -5.49300 5.32000 8.62600 1.20000 0.21400 3.59100 5.55400
35.00000 -8.03600 -8.18900 -8.32100 -5.30000 -4.70000 -6.36800 -6.16500 -2.83800 -1.94300 -7.93500 3.85500 8.13800 1.20000 -1.25100 2.61400 5.55400
36.00000 -9.01300 -8.67700 -8.32100 -4.81200 -5.67600 -7.34500 -6.16500 -4.30300 0.98700 -8.91100 1.41400 4.72000 1.68900 -0.76300 0.17300 4.08900
37.00000 -8.03600 -8.18900 -7.34500 -4.81200 -6.16500 -6.85600 -6.65300 -5.76800 2.94000 -7.93500 -1.51600 0.81400 2.17700 0.21400 -2.75700 3.60100
38.00000 -6.08300 -6.23600 -5.88000 -4.81200 -4.70000 -4.90300 -6.16500 -5.76800 3.42800 -5.00500 -3.46900 -2.60400 3.15300 2.16700 -4.22200 3.11300
39.00000 -4.13000 -3.79400 -4.41500 -4.81200 -2.25800 -2.46200 -6.16500 -5.76800 2.45200 -2.07500 -4.44500 -4.06900 4.61800 3.14300 -3.73300 4.08900
40.00000 -1.68900 -1.35300 -4.41500 -3.83500 0.18300 -0.02000 -6.65300 -5.28000 0.98700 -0.12200 -4.93400 -3.58100 4.61800 3.14300 -3.24500 4.57800
41.00000 -0.22400 0.60000 -4.90300 -3.34700 1.64800 1.44400 -7.14100 -5.28000 -0.47800 -0.61000 -5.91000 -2.60400 4.13000 1.19000 -3.24500 4.57800
42.00000 -0.71200 0.60000 -5.88000 -2.85800 1.16000 0.95600 -7.62900 -4.79100 -0.47800 -2.56300 -6.88700 -2.60400 2.17700 -1.25100 -3.73300 4.08900
43.00000 -2.17700 -1.84100 -6.85600 -3.83500 -0.79300 -0.02000 -7.62900 -5.28000 0.98700 -5.00500 -7.37500 -3.09200 0.22400 -3.20400 -5.19800 2.62500
44.00000 -4.61800 -3.79400 -7.34500 -5.78800 -3.23500 -1.97300 -6.65300 -7.23300 1.47500 -6.47000 -6.88700 -4.06900 -0.75300 -3.69300 -5.68600 1.64800
45.00000 -6.08300 -5.25900 -7.34500 -7.25300 -4.70000 -3.43800 -6.16500 -10.65100 1.96300 -6.47000 -6.88700 -5.04600 -0.26400 -2.71600 -5.19800 2.13600
46.00000 -5.59500 -4.77100 -7.83300 -7.74100 -3.72300 -2.95000 -6.65300 -12.60400 2.94000 -5.49300 -7.37500 -6.02200 1.20000 -1.74000 -4.22200 2.62500
47.00000 -5.10700 -3.30600 -8.32100 -7.25300 -1.28200 -2.46200 -8.11800 -12.11500 3.42800 -3.54000 -10.30500 -6.51000 2.17700 -1.25100 -4.22200 3.11300
48.00000 -4.61800 -2.33000 -9.29800 -6.76500 0.18300 -0.99700 -11.04700 -9.67400 2.94000 -3.05200 -12.74600 -6.99900 2.17700 -1.74000 -4.22200 3.11300
49.00000 -5.10700 -2.33000 -10.27400 -6.27600 1.16000 -0.02000 -13.48900 -8.69800 0.98700 -3.05200 -14.21100 -6.51000 0.71200 -3.20400 -5.19800 2.13600
50.00000 -6.57100 -3.79400 -10.76300 -6.76500 0.18300 0.46800 -14.95400 -8.20900 -0.47800 -4.51700 -12.74600 -4.55700 -1.24100 -4.66900 -5.19800 1.64800
51.00000 -7.54800 -5.25900 -10.76300 -6.27600 -1.28200 -0.02000 -13.97700 -5.76800 -0.47800 -6.47000 -9.81600 -2.11600 -2.70600 -6.13400 -4.22200 1.16000
52.00000 -7.54800 -5.74700 -9.29800 -5.78800 -1.77000 -0.50900 -12.02400 -2.83800 0.01000 -7.44600 -6.88700 0.81400 -2.21800 -7.11100 -2.26800 1.64800
53.00000 -6.57100 -5.74700 -8.32100 -4.81200 -2.25800 -0.99700 -9.58300 -1.37300 0.01000 -8.42300 -4.44500 3.74300 -0.75300 -7.11100 -0.31500 3.11300
54.00000 -5.59500 -4.77100 -7.34500 -4.81200 -1.77000 -0.50900 -7.62900 -2.35000 1.47500 -7.44600 -2.00400 6.67300 1.20000 -6.13400 1.63800 5.06600
55.00000 -5.59500 -4.28300 -7.34500 -5.30000 -1.77000 -0.02000 -6.16500 -2.83800 2.94000 -6.47000 0.92600 8.62600 3.15300 -3.69300 3.59100 7.50700
56.00000 -5.59500 -3.79400 -7.34500 -5.78800 -1.77000 -0.02000 -5.67600 -1.86200 2.94000 -5.00500 3.36700 11.06800 4.61800 -1.74000 6.03200 9.94900
57.00000 -6.08300 -4.28300 -7.83300 -6.76500 -2.74700 -0.99700 -5.18800 0.09200 0.49800 -4.02800 4.83200 12.53300 6.57100 0.21400 7.98500 12.39000
58.00000 -6.57100 -5.74700 -7.83300 -7.25300 -4.70000 -2.46200 -5.18800 1.06800 -2.43100 -3.54000 4.34400 13.99700 7.54800 1.19000 9.45000 13.85500
59.00000 -6.57100 -6.23600 -7.83300 -7.25300 -7.14100 -3.92700 -4.21100 2.53300 -2.43100 -4.51700 3.85500 14.97400 9.01300 1.19000 9.93900 14.83200
60.00000 -6.08300 -6.72400 -7.34500 -6.76500 -9.09400 -4.41500 -3.23500 3.02100 -0.47800 -5.49300 4.34400 15.46200 9.50100 1.67800 9.45000 15.32000
61.00000 -5.59500 -5.74700 -6.85600 -5.78800 -9.58300 -3.43800 -1.77000 3.02100 0.49800 -5.98100 6.78500 15.95100 9.98900 2.65500 10.42700 15.80800
62.00000 -4.61800 -4.28300 -5.39100 -5.30000 -8.60600 -0.99700 0.67100 2.04500 0.98700 -4.51700 10.69100 16.43900 9.98900 4.60800 12.38000 17.27300
63.00000 -3.64200 -2.33000 -4.41500 -4.81200 -6.16500 1.44400 2.62500 1.06800 1.96300 -2.07500 13.62100 17.41500 11.45400 7.05000 14.82100 19.71400
64.00000 -3.15300 -0.86500 -3.92700 -5.30000 -3.72300 3.88600 4.08900 1.06800 4.40500 1.34300 15.57400 17.90400 12.91900 10.95600 17.75100 22.64400
65.00000 -2.17700 1.08800 -3.43800 -5.78800 -1.28200 5.83900 4.57800 1.06800 4.89300 4.76100 15.57400 18.39200 14.87200 14.37400 19.70400 25.57400
66.00000 -1.20000 3.04200 -2.95000 -5.78800 -0.30500 8.28000 4.08900 1.55600 2.45200 7.20200 15.57400 18.39200 16.33700 17.30300 21.16900 28.01500
67.00000 0.26400 4.99500 -2.46200 -5.30000 0.18300 10.23400 3.60100 3.02100 0.98700 9.15500 15.57400 17.90400 16.33700 18.76800 21.65700 29.48000
68.00000 0.26400 5.97100 -2.95000 -4.32300 0.18300 11.21000 3.60100 4.97400 1.96300 9.64400 15.08600 17.90400 15.36100 17.79200 20.68100 28.99200
69.00000 -0.22400 5.48300 -3.92700 -4.32300 -0.30500 11.69800 4.57800 4.48600 4.40500 8.66700 15.08600 17.41500 14.38400 15.35000 20.19200 28.01500
70.00000 -1.68900 3.53000 -4.90300 -4.81200 -1.28200 10.72200 5.06600 1.55600 5.87000 7.69000 14.59800 16.43900 13.89600 13.88500 19.21600 27.52700
71.00000 -3.15300 1.08800 -4.41500 -5.78800 -1.77000 9.74500 5.06600 -1.86200 5.38100 6.22600 14.59800 15.46200 14.87200 13.88500 19.21600 27.03900
72.00000 -3.15300 0.11200 -3.43800 -5.78800 -2.25800 9.74500 4.57800 -1.37300 6.35800 6.71400 14.59800 14.97400 16.33700 15.83900 20.19200 28.01500
73.00000 -2.17700 0.11200 -2.46200 -5.78800 -1.77000 10.72200 4.08900 0.58000 6.84600 7.69000 14.10900 14.97400 17.31400 17.79200 20.68100 29.48000
74.00000 -1.20000 1.57700 -1.97300 -5.78800 -1.77000 11.21000 2.62500 1.06800 5.87000 8.66700 14.10900 15.95100 18.29000 19.25700 21.65700 30.45700
75.00000 -1.20000 2.06500 -2.95000 -6.76500 -1.28200 10.23400 2.13600 -0.39700 3.42800 8.66700 13.13300 16.92700 18.29000 18.76800 21.65700 30.45700
76.00000 -1.68900 1.57700 -4.41500 -7.25300 -2.25800 7.79200 2.13600 -0.39700 1.96300 7.69000 13.62100 17.41500 18.29000 17.79200 20.68100 29.48000
77.00000 -3.15300 -0.37600 -5.39100 -8.23000 -3.23500 5.83900 3.11300 2.04500 2.45200 6.22600 13.62100 16.92700 18.29000 16.81500 19.21600 27.52700
78.00000 -5.10700 -2.33000 -5.88000 -8.23000 -4.21100 4.86200 4.08900 2.53300 3.91600 5.24900 13.13300 16.43900 19.26700 16.32700 17.26300 25.57400
79.00000 -6.08300 -3.79400 -6.36800 -8.23000 -5.18800 4.86200 5.06600 0.58000 4.40500 4.76100 13.62100 15.46200 20.73200 17.30300 17.26300 26.06200
80.00000 -7.06000 -4.77100 -5.88000 -8.71800 -5.67600 5.35100 6.04200 -1.37300 4.89300 6.22600 14.10900 15.46200 22.68500 19.25700 18.23900 28.01500
81.00000 -7.54800 -5.74700 -5.39100 -9.69400 -6.16500 4.86200 6.53100 -0.39700 4.89300 7.69000 15.57400 16.43900 25.61400 22.18600 20.68100 30.94500
82.00000 -8.03600 -6.23600 -4.41500 -10.18300 -7.62900 3.88600 7.01900 2.53300 4.40500 9.15500 18.01600 18.39200 28.05600 24.13900 23.61000 33.87500
83.00000 -7.54800 -6.72400 -3.43800 -10.18300 -8.11800 2.90900 7.99600 3.99800 3.42800 9.64400 19.48000 20.34500 28.05600 24.13900 26.05200 35.33900
84.00000 -6.57100 -6.23600 -2.46200 -8.71800 -7.62900 1.93300 8.48400 2.53300 1.96300 9.15500 20.94500 21.81000 26.10300 21.69800 27.02800 34.85100
85.00000 -5.10700 -4.28300 -1.97300 -7.25300 -5.67600 3.39800 8.48400 2.04500 0.98700 7.69000 20.45700 22.29800 21.70800 18.28000 25.56400 31.92100
86.00000 -4.13000 -3.79400 -1.97300 -5.78800 -4.21100 4.86200 7.99600 3.51000 1.47500 5.73700 18.99200 21.32200 17.31400 14.37400 23.12200 28.50300
87.00000 -4.61800 -3.79400 -2.95000 -5.78800 -3.23500 5.83900 7.50700 3.99800 1.47500 4.27200 16.55100 19.85700 14.38400 11.93200 20.68100 25.57400
88.00000 -5.59500 -4.77100 -3.92700 -6.27600 -4.21100 4.86200 6.53100 2.53300 0.98700 2.80800 14.59800 17.41500 13.40700 10.95600 18.23900 23.13200
89.00000 -7.54800 -6.23600 -3.92700 -6.76500 -5.18800 3.39800 6.04200 0.09200 0.98700 2.31900 13.62100 15.95100 13.40700 10.46800 16.77400 22.15600
90.00000 -7.54800 -6.72400 -3.43800 -5.78800 -5.67600 1.93300 5.06600 -0.39700 1.96300 1.83100 12.15600 13.99700 13.40700 9.00300 15.31000 21.66700
91.00000 -7.54800 -6.23600 -2.95000 -5.30000 -5.67600 1.44400 4.08900 -0.39700 3.42800 1.83100 11.18000 13.02100 12.91900 8.51400 13.84500 20.69100
92.00000 -6.57100 -5.74700 -2.95000 -4.81200 -5.18800 1.93300 3.11300 -0.39700 3.42800 2.80800 9.22600 11.55600 12.43100 8.02600 12.38000 19.71400
93.00000 -6.57100 -5.74700 -3.43800 -5.30000 -4.70000 2.42100 1.64800 -0.88500 1.96300 3.78400 6.29700 10.09100 11.94300 8.02600 10.42700 18.25000
94.00000 -7.06000 -6.72400 -4.90300 -5.78800 -4.70000 2.42100 0.18300 0.58000 1.47500 4.27200 3.85500 9.11500 11.45400 7.53800 8.47400 17.27300
95.00000 -7.54800 -7.70100 -6.36800 -7.25300 -5.67600 1.93300 -0.79300 1.06800 0.49800 3.78400 2.39100 8.13800 10.96600 5.09600 6.52100 15.32000
96.00000 -8.03600 -7.70100 -7.34500 -7.74100 -5.67600 1.93300 -1.77000 0.58000 -0.47800 1.83100 1.90200 8.13800 9.50100 1.67800 4.07900 13.36700
97.00000 -8.52500 -8.18900 -8.32100 -7.25300 -5.67600 1.93300 -2.25800 0.09200 -1.94300 -1.09900 1.90200 8.13800 7.06000 -1.25100 2.12600 11.41400
98.00000 -9.01300 -8.18900 -8.32100 -6.76500 -6.16500 0.95600 -2.74700 0.58000 -1.94300 -3.54000 0.43700 7.65000 5.10700 -3.69300 0.66100 8.97200
99.00000 -9.50100 -9.16500 -7.83300 -6.27600 -6.65300 -0.50900 -2.25800 0.58000 0.01000 -4.51700 -1.02700 7.65000 4.61800 -3.20400 -0.31500 8.48400
100.00000 -9.50100 -9.65400 -6.85600 -5.30000 -7.14100 -2.46200 -2.25800 -0.39700 1.47500 -4.51700 -2.00400 7.65000 5.59500 -2.22800 -0.80400 8.97200
101.00000 -8.03600 -9.16500 -3.92700 -3.83500 -7.14100 -2.95000 -1.28200 -0.88500 2.45200 -2.56300 -1.51600 7.16100 7.54800 0.21400 -0.31500 9.94900
102.00000 -6.08300 -7.70100 -1.97300 -2.37000 -5.18800 -1.48500 -0.79300 0.58000 2.94000 0.36600 0.43700 7.65000 9.98900 2.65500 1.14900 12.39000
103.00000 -3.64200 -4.77100 -0.02000 -1.88200 -2.25800 1.44400 0.18300 1.06800 2.94000 2.80800 2.87900 9.11500 10.96600 4.12000 2.61400 14.83200
104.00000 -1.68900 -2.33000 -0.50900 -1.88200 0.18300 4.37400 1.16000 -0.39700 2.94000 4.76100 4.34400 10.57900 11.45400 5.58500 4.56700 16.78500
105.00000 -1.20000 -0.86500 -1.97300 -2.85800 1.16000 5.35100 1.64800 -0.88500 2.45200 5.73700 4.34400 11.55600 11.94300 5.58500 5.54400 17.27300
106.00000 -1.68900 -0.86500 -3.43800 -3.34700 0.67100 4.37400 1.64800 1.06800 2.45200 5.24900 3.85500 11.55600 11.94300 5.09600 5.54400 17.27300
107.00000 -1.68900 -0.86500 -3.43800 -2.85800 -0.30500 3.39800 2.13600 2.53300 2.94000 5.24900 3.85500 11.55600 12.43100 5.09600 5.54400 17.27300
108.00000 -1.68900 -0.86500 -0.99700 -1.88200 -0.79300 3.39800 2.62500 1.55600 3.42800 5.24900 5.80900 11.55600 12.43100 5.58500 5.54400 17.76100
109.00000 -0.71200 -0.86500 2.42100 -0.41700 0.18300 5.35100 4.08900 0.09200 2.45200 6.22600 7.76200 11.55600 12.91900 8.02600 6.52100 18.73800
110.00000 -0.22400 -0.37600 4.86200 -0.41700 0.67100 7.30400 5.55400 0.09200 1.47500 7.20200 8.25000 12.53300 12.91900 9.00300 7.49700 19.71400
111.00000 -1.20000 -1.35300 4.86200 -1.39400 1.16000 7.79200 5.55400 1.55600 0.98700 6.71400 7.27300 12.53300 12.43100 8.51400 7.00900 19.22600
112.00000 -3.64200 -3.30600 2.42100 -3.83500 0.67100 5.83900 4.57800 2.04500 0.01000 4.76100 4.83200 11.55600 11.45400 6.07300 5.54400 17.76100
113.00000 -5.59500 -5.25900 -0.99700 -5.78800 -1.28200 2.90900 2.13600 1.55600 -0.96600 1.83100 1.90200 10.09100 9.01300 2.16700 2.61400 15.32000
114.00000 -7.06000 -6.72400 -3.92700 -6.76500 -3.23500 -0.50900 0.18300 1.55600 -1.45500 -0.61000 0.43700 8.62600 7.06000 -0.76300 -0.31500 12.39000
115.00000 -8.03600 -7.70100 -5.39100 -7.25300 -5.18800 -2.46200 -1.28200 2.04500 -1.45500 -2.07500 0.43700 7.65000 5.59500 -1.74000 -2.26800 11.41400
116.00000 -7.54800 -7.21200 -6.36800 -6.76500 -6.16500 -2.46200 -0.79300 1.55600 -1.45500 -2.56300 0.43700 7.16100 5.10700 -2.22800 -2.75700 10.92500
117.00000 -7.54800 -7.21200 -6.36800 -6.76500 -6.65300 -2.46200 -0.30500 1.06800 -0.96600 -2.56300 -0.05100 7.16100 5.10700 -3.20400 -2.75700 10.92500
118.00000 -6.57100 -5.74700 -5.88000 -6.76500 -6.16500 -1.97300 -0.30500 1.06800 0.49800 -2.07500 -1.02700 6.18500 4.13000 -5.15700 -3.24500 10.43700
119.00000 -5.10700 -4.28300 -4.41500 -6.27600 -4.70000 -0.50900 0.18300 1.55600 2.45200 -1.09900 -1.51600 5.20800 2.66500 -6.62200 -4.22200 9.46000
120.00000 -3.15300 -2.33000 -1.97300 -5.78800 -3.23500 1.44400 0.67100 1.06800 2.45200 0.36600 -0.53900 4.23200 1.68900 -6.13400 -4.22200 8.97200
121.00000 -0.71200 0.11200 0.95600 -4.81200 -1.77000 4.86200 2.13600 1.06800 1.47500 3.29600 0.92600 3.74300 1.68900 -3.69300 -3.24500 9.94900
122.00000 1.24100 2.06500 3.39800 -3.83500 -0.30500 8.76900 3.60100 0.58000 1.47500 5.73700 2.39100 3.74300 2.66500 -0.76300 -0.80400 12.39000
123.00000 3.68200 4.50600 4.86200 -2.37000 1.16000 12.18700 5.06600 1.55600 2.45200 8.17900 3.36700 3.25500 4.13000 1.19000 1.63800 15.32000
124.00000 5.63600 6.46000 6.32700 -0.41700 2.13600 14.14000 6.53100 3.02100 2.94000 9.64400 3.36700 2.27900 5.10700 1.67800 2.61400 17.27300
125.00000 7.10000 7.43600 7.30400 0.55900 3.60100 15.11600 7.50700 3.02100 2.45200 9.64400 3.85500 1.79000 5.10700 1.67800 3.59100 18.25000
126.00000 8.07700 7.92400 8.28000 1.53600 4.08900 15.60500 8.48400 1.06800 1.96300 9.15500 5.32000 1.79000 5.10700 2.16700 4.56700 19.22600
127.00000 8.56500 7.92400 9.25700 1.53600 4.08900 15.11600 9.46000 -0.39700 2.94000 9.64400 6.78500 3.25500 6.08300 4.12000 5.54400 20.69100
128.00000 8.07700 7.43600 8.76900 0.55900 3.60100 15.11600 9.46000 0.58000 3.91600 10.13200 8.25000 5.69700 8.52500 6.07300 7.98500 23.62100
129.00000 7.58900 6.94800 7.79200 -0.90500 3.60100 15.60500 8.48400 2.53300 4.40500 11.10800 8.25000 7.65000 10.96600 7.05000 9.93900 26.55000
130.00000 7.10000 6.94800 5.83900 -2.37000 3.60100 15.60500 7.50700 2.04500 3.91600 11.59700 8.25000 9.11500 12.91900 7.05000 10.91500 27.52700
131.00000 6.12400 6.94800 4.86200 -3.34700 4.08900 16.09300 7.01900 1.55600 3.91600 11.59700 9.22600 9.60300 13.40700 6.07300 11.40300 28.01500
132.00000 5.14700 6.46000 4.86200 -4.32300 3.60100 15.60500 7.50700 1.06800 3.91600 10.62000 10.20300 10.09100 12.43100 5.09600 11.40300 27.03900
133.00000 4.17100 4.99500 5.35100 -5.30000 2.13600 14.14000 8.97200 0.58000 3.91600 10.13200 10.69100 10.09100 10.96600 4.12000 11.40300 26.06200
134.00000 3.19400 3.53000 6.32700 -5.30000 0.18300 12.67500 9.94900 -0.39700 3.91600 9.64400 10.20300 9.60300 9.98900 3.14300 11.40300 25.57400
135.00000 2.70600 2.06500 6.32700 -4.81200 -0.79300 11.69800 9.46000 -2.35000 3.91600 9.64400 7.76200 8.62600 9.01300 0.70200 10.91500 25.08500
136.00000 4.17100 3.04200 6.81600 -3.34700 -0.30500 11.69800 8.48400 -1.86200 3.91600 9.15500 4.83200 6.18500 8.03600 -2.22800 8.96200 23.62100
137.00000 7.10000 5.97100 8.28000 -0.90500 1.64800 12.18700 7.50700 0.09200 2.94000 8.17900 3.36700 3.74300 5.59500 -4.66900 6.52100 21.17900
138.00000 11.00700 9.38900 9.74500 2.02400 3.60100 13.65200 7.01900 1.55600 1.47500 6.71400 2.87900 1.30200 3.64200 -6.62200 4.56700 18.73800
139.00000 13.93600 12.80700 12.18700 3.97700 4.57800 14.62800 8.48400 1.55600 0.98700 5.73700 3.85500 0.81400 1.20000 -7.11100 4.07900 17.76100
140.00000 14.42500 12.80700 13.65200 3.97700 4.08900 15.11600 9.94900 1.06800 0.98700 5.73700 4.83200 1.79000 0.22400 -6.13400 4.56700 18.25000
141.00000 12.47200 10.85400 13.65200 2.51300 2.62500 15.11600 10.92500 2.04500 1.47500 6.71400 5.32000 3.25500 0.71200 -4.18100 6.03200 19.71400
142.00000 9.54200 7.43600 11.69800 0.55900 0.67100 14.14000 10.92500 3.02100 1.96300 7.69000 5.32000 4.23200 2.17700 -2.71600 7.00900 20.69100
143.00000 6.12400 4.50600 8.76900 -0.90500 -0.30500 12.67500 9.94900 2.04500 1.47500 8.66700 4.83200 4.72000 3.15300 -1.74000 6.52100 21.17900
144.00000 4.65900 3.04200 6.32700 -1.39400 -0.30500 11.69800 7.99600 1.55600 1.47500 8.66700 4.34400 3.74300 3.15300 -1.74000 5.54400 20.20300
145.00000 4.17100 3.04200 4.86200 -1.39400 0.18300 11.21000 7.01900 2.04500 1.96300 8.66700 3.85500 3.25500 2.66500 -2.22800 4.56700 18.73800
146.00000 4.65900 4.01800 4.86200 -0.41700 1.64800 11.69800 7.01900 3.02100 3.42800 8.66700 3.85500 3.25500 2.66500 -1.74000 4.56700 18.73800
147.00000 5.14700 4.99500 5.83900 0.07100 2.13600 13.16300 7.01900 3.02100 4.89300 9.64400 4.34400 4.23200 4.13000 0.21400 6.03200 20.20300
148.00000 5.14700 4.99500 6.32700 0.07100 2.13600 15.11600 7.99600 2.04500 5.87000 11.59700 6.29700 6.18500 7.06000 4.60800 8.47400 23.13200
149.00000 4.65900 4.50600 6.32700 -0.90500 1.64800 16.09300 9.94900 2.53300 5.87000 14.03800 9.71500 9.11500 10.96600 9.97900 12.38000 27.03900
150.00000 3.68200 3.53000 5.83900 -1.88200 0.18300 15.60500 11.90200 3.99800 6.35800 16.96800 13.62100 11.55600 14.38400 14.86200 15.79800 31.43300
151.00000 3.19400 3.04200 5.83900 -2.85800 -0.79300 14.62800 13.36700 3.99800 5.38100 18.43300 16.55100 13.50900 17.31400 18.28000 19.21600 34.85100
152.00000 3.19400 3.04200 6.81600 -2.85800 -1.28200 13.65200 13.85500 3.02100 4.40500 18.92100 17.52700 15.46200 18.77800 19.25700 20.68100 36.80400
153.00000 4.17100 4.01800 7.30400 -2.37000 -1.28200 13.16300 13.36700 3.02100 4.40500 18.43300 16.06200 14.97400 18.29000 18.28000 19.70400 36.31600
154.00000 5.63600 5.48300 8.28000 -1.39400 -0.30500 13.65200 11.90200 3.51000 6.35800 17.45600 12.64400 13.50900 17.31400 15.83900 16.77400 33.87500
155.00000 7.10000 6.94800 8.76900 0.07100 0.67100 14.62800 10.43700 3.51000 7.82300 16.47900 10.20300 11.06800 16.33700 14.37400 12.86800 30.45700
156.00000 8.07700 8.41300 8.76900 0.55900 1.16000 16.09300 9.94900 3.02100 6.35800 16.47900 9.22600 8.62600 16.33700 13.88500 10.91500 28.99200
157.00000 8.56500 8.90100 7.79200 0.07100 0.67100 17.06900 10.43700 3.02100 3.42800 16.47900 10.69100 7.65000 16.82500 14.37400 10.91500 28.50300
158.00000 7.58900 7.43600 6.81600 -0.90500 0.18300 16.09300 10.92500 3.99800 1.47500 16.47900 12.64400 8.62600 16.82500 14.37400 12.38000 29.48000
159.00000 6.61200 6.46000 5.35100 -1.88200 -0.30500 14.62800 11.41400 3.51000 1.47500 15.99100 13.13300 9.11500 15.36100 12.90900 13.84500 29.96800
160.00000 5.14700 4.99500 3.88600 -2.37000 -0.30500 12.18700 10.43700 1.55600 1.96300 14.03800 11.66800 8.62600 12.43100 9.97900 13.35700 28.99200
161.00000 4.17100 4.01800 3.39800 -1.88200 0.18300 10.72200 9.46000 1.55600 1.96300 11.59700 9.22600 6.18500 8.52500 7.05000 10.91500 25.57400
162.00000 5.14700 4.01800 4.37400 -0.41700 0.67100 10.72200 8.48400 3.02100 2.45200 10.13200 6.29700 3.25500 5.10700 4.60800 7.98500 22.15600
163.00000 7.10000 5.48300 6.32700 1.04800 1.64800 11.21000 8.97200 4.48600 2.94000 10.62000 5.80900 1.30200 3.64200 4.12000 6.03200 20.20300
164.00000 9.05400 6.46000 9.25700 2.51300 2.13600 12.67500 10.43700 3.99800 2.45200 11.59700 6.78500 1.79000 3.64200 5.09600 6.52100 20.20300
165.00000 9.54200 6.94800 11.21000 3.00100 2.13600 13.16300 11.41400 2.53300 0.98700 12.08500 7.76200 3.74300 5.10700 5.58500 7.98500 21.66700
166.00000 9.05400 6.94800 11.21000 3.00100 1.64800 12.67500 11.90200 2.04500 0.01000 11.59700 7.27300 5.69700 5.59500 5.09600 8.47400 22.15600
167.00000 8.56500 5.97100 9.25700 2.51300 1.64800 10.72200 10.92500 2.53300 0.98700 9.64400 6.29700 5.69700 5.10700 4.12000 7.49700 21.66700
168.00000 7.58900 5.48300 6.32700 2.02400 1.64800 8.76900 9.46000 2.04500 0.98700 7.20200 4.83200 4.23200 4.13000 3.14300 6.03200 20.20300
169.00000 7.58900 5.97100 4.86200 1.53600 2.62500 8.76900 8.48400 0.58000 0.49800 6.71400 4.83200 2.27900 4.13000 3.14300 4.56700 19.22600
170.00000 8.56500 7.43600 4.86200 2.02400 4.08900 9.74500 7.99600 0.09200 0.49800 7.20200 5.32000 1.30200 4.13000 3.63200 4.07900 19.71400
171.00000 10.51800 9.87800 6.81600 3.00100 6.04200 11.69800 8.48400 0.09200 0.98700 7.69000 5.32000 0.81400 4.61800 4.12000 4.56700 20.20300
172.00000 12.96000 12.80700 9.74500 5.44200 7.50700 13.16300 8.48400 0.09200 0.98700 8.17900 4.34400 0.32600 4.61800 3.63200 4.56700 20.69100
173.00000 14.42500 14.27200 12.18700 6.90700 7.99600 12.67500 8.97200 0.58000 0.98700 7.20200 2.87900 -0.65100 3.64200 2.16700 3.59100 19.71400
174.00000 15.40100 15.24900 13.65200 8.37200 8.48400 11.69800 8.97200 1.55600 1.47500 5.73700 1.90200 -1.62800 2.66500 0.70200 2.12600 18.25000
175.00000 15.88900 15.24900 14.14000 8.37200 8.97200 11.21000 9.94900 2.53300 1.96300 4.76100 2.39100 -2.11600 1.68900 0.70200 1.14900 17.76100
176.00000 16.86600 16.22500 13.65200 7.88400 9.46000 12.67500 10.43700 2.53300 1.47500 5.24900 3.85500 -2.11600 1.20000 1.19000 2.12600 18.25000
177.00000 17.84300 17.20200 12.67500 6.90700 9.46000 14.62800 11.90200 0.58000 0.49800 7.20200 4.83200 -1.62800 1.68900 2.16700 4.07900 20.20300
178.00000 18.33100 18.17800 11.69800 6.41900 9.94900 16.09300 11.90200 -1.86200 0.01000 8.17900 4.34400 -0.65100 1.68900 2.65500 6.03200 21.66700
179.00000 18.33100 18.17800 10.72200 6.41900 9.46000 15.60500 10.43700 -2.83800 0.49800 8.66700 2.39100 -1.13900 1.68900 2.16700 6.03200 22.64400
180.00000 16.86600 16.71300 9.74500 6.41900 8.97200 13.65200 7.99600 -2.35000 0.98700 7.69000 -0.05100 -3.09200 1.20000 1.67800 5.05600 22.15600
181.00000 15.88900 14.76000 9.74500 6.41900 8.97200 11.69800 5.55400 -1.37300 0.01000 5.73700 -2.49200 -4.55700 1.20000 0.21400 2.61400 20.69100
182.00000 15.40100 13.78400 9.74500 5.93100 8.48400 10.23400 4.57800 -1.86200 -1.45500 4.76100 -3.46900 -5.53400 0.71200 -1.25100 1.14900 19.71400
183.00000 15.40100 14.27200 10.23400 4.95400 8.48400 9.74500 5.06600 -2.35000 -1.45500 4.27200 -3.95700 -5.04600 -0.26400 -3.20400 0.66100 18.73800
184.00000 14.91300 14.27200 9.74500 3.97700 7.50700 10.23400 6.04200 -2.35000 -1.45500 4.27200 -2.98100 -4.06900 -0.75300 -4.66900 1.14900 18.73800
185.00000 13.44800 13.29500 7.79200 2.02400 6.04200 10.72200 7.01900 -1.37300 -0.96600 3.78400 -2.49200 -3.09200 -1.24100 -6.13400 1.63800 18.73800
186.00000 10.51800 10.85400 5.35100 0.07100 3.60100 10.23400 7.50700 -1.86200 -1.94300 3.78400 -2.00400 -2.11600 -1.24100 -6.13400 2.12600 18.73800
187.00000 8.07700 7.92400 4.37400 -0.90500 1.16000 9.74500 7.01900 -2.83800 -2.92000 3.78400 -1.51600 -1.62800 -0.75300 -5.64600 2.61400 18.73800
188.00000 6.61200 5.48300 4.86200 -1.39400 -0.30500 9.25700 6.04200 -3.32600 -3.40800 3.78400 -1.51600 -2.11600 -1.24100 -5.64600 2.61400 18.25000
189.00000 6.12400 4.01800 6.81600 -0.90500 -0.30500 8.28000 6.04200 -3.32600 -2.92000 4.27200 -1.51600 -3.09200 -2.21800 -7.11100 2.12600 17.76100
190.00000 6.12400 4.01800 8.28000 -0.41700 -0.30500 7.79200 6.53100 -2.83800 -2.43100 3.78400 -2.49200 -4.55700 -3.68200 -8.08700 0.66100 16.29600
191.00000 7.10000 4.50600 8.76900 -0.41700 0.18300 7.30400 7.01900 -2.83800 -1.45500 3.78400 -2.98100 -5.53400 -5.14700 -8.57500 -1.29200 14.34300
192.00000 7.10000 5.48300 7.79200 -1.39400 0.67100 7.79200 7.99600 -2.35000 1.47500 5.24900 -2.00400 -6.02200 -4.17100 -6.13400 -1.78000 13.85500
193.00000 7.58900 6.46000 7.30400 -1.88200 1.16000 9.74500 8.48400 -1.86200 4.89300 8.17900 -0.05100 -5.53400 -1.24100 -0.76300 -0.31500 15.80800
194.00000 9.54200 8.90100 8.28000 -1.88200 2.13600 14.14000 9.94900 -0.39700 6.84600 13.55000 3.36700 -3.09200 3.64200 6.07300 3.59100 21.17900
195.00000 11.49500 11.83100 11.21000 -0.90500 4.08900 19.51100 11.90200 0.58000 6.84600 19.89700 6.78500 0.32600 8.52500 12.42100 8.47400 27.03900
196.00000 14.42500 14.76000 14.62800 0.55900 5.55400 23.90500 14.34300 1.06800 7.33400 24.78000 9.22600 3.74300 12.43100 16.32700 13.35700 32.41000
197.00000 16.37800 16.71300 17.06900 2.02400 6.53100 26.34700 16.29600 0.09200 9.28800 27.71000 10.69100 5.69700 13.89600 18.28000 16.28600 35.33900
198.00000 17.35400 17.69000 18.04600 2.02400 6.53100 26.83500 16.78500 -0.39700 10.26400 27.71000 11.18000 7.16100 13.89600 18.28000 17.26300 36.31600
199.00000 16.86600 17.20200 16.58100 2.02400 6.04200 25.85900 16.78500 0.09200 9.77600 26.24500 11.66800 7.65000 13.89600 17.30300 17.26300 36.31600
200.00000 15.40100 15.24900 14.62800 1.04800 5.55400 24.88200 15.80800 1.06800 8.31100 24.78000 11.66800 7.16100 13.89600 16.32700 17.26300 35.82800
201.00000 12.96000 13.29500 12.67500 0.55900 5.55400 24.39400 14.83200 0.58000 8.31100 24.29200 11.18000 7.16100 14.38400 14.37400 16.77400 35.82800
202.00000 11.49500 12.31900 11.69800 0.55900 6.53100 23.41700 13.85500 -1.37300 7.33400 23.80400 9.71500 6.67300 14.38400 12.42100 16.28600 36.31600
203.00000 11.00700 11.83100 11.69800 1.04800 7.50700 22.92900 12.39000 -3.32600 5.87000 22.82700 6.29700 5.20800 12.91900 10.46800 14.33300 35.33900
204.00000 11.00700 12.31900 11.21000 1.04800 7.99600 22.44100 10.43700 -2.83800 5.87000 21.36200 3.36700 3.25500 10.96600 8.51400 11.40300 32.89800
205.00000 11.49500 12.31900 10.23400 1.04800 7.50700 21.95200 7.99600 -1.86200 6.84600 19.40900 -0.53900 0.32600 8.52500 7.05000 7.98500 29.96800
206.00000 10.51800 12.31900 8.28000 -0.41700 7.01900 22.44100 5.55400 -2.83800 7.33400 18.43300 -2.49200 -2.11600 7.06000 6.56100 5.05600 28.01500
207.00000 9.05400 10.85400 6.32700 -2.85800 6.53100 22.44100 4.08900 -4.79100 5.87000 17.45600 -3.95700 -3.09200 6.08300 7.05000 3.59100 27.52700
208.00000 7.58900 9.87800 4.37400 -3.83500 6.04200 22.44100 3.11300 -5.28000 3.91600 16.47900 -4.44500 -2.60400 6.57100 7.05000 3.10300 27.52700
209.00000 6.12400 8.41300 3.39800 -4.81200 6.04200 20.97600 2.62500 -3.81500 3.42800 15.50300 -4.44500 -1.62800 6.57100 6.07300 3.59100 27.52700
210.00000 6.61200 8.41300 3.88600 -3.83500 6.53100 18.53400 2.62500 -1.86200 5.87000 14.03800 -4.93400 -1.62800 6.57100 4.60800 3.10300 27.03900
211.00000 8.07700 8.90100 5.83900 -2.37000 6.53100 17.55800 3.11300 -1.86200 8.31100 13.06200 -3.95700 -1.62800 6.08300 4.12000 3.10300 26.06200
212.00000 10.03000 10.85400 7.79200 -1.39400 5.55400 17.55800 4.57800 -3.81500 8.31100 13.06200 -2.00400 -1.62800 6.08300 5.09600 4.07900 26.55000
213.00000 11.49500 11.83100 9.74500 -1.39400 4.57800 19.02300 5.55400 -4.30300 7.82300 15.01500 0.43700 -1.13900 7.06000 8.02600 6.03200 28.01500
214.00000 11.00700 11.83100 10.72200 -2.85800 3.60100 19.99900 7.01900 -1.86200 6.84600 16.96800 2.87900 0.32600 8.52500 10.95600 8.96200 29.96800
215.00000 9.05400 9.38900 9.74500 -5.30000 1.64800 19.99900 7.50700 0.58000 6.35800 17.94400 4.34400 2.27900 9.98900 12.42100 10.91500 31.92100
216.00000 6.12400 6.46000 8.76900 -6.27600 0.18300 18.53400 7.99600 1.55600 4.89300 17.45600 5.80900 4.72000 10.47800 11.44400 12.38000 32.41000
217.00000 5.14700 4.99500 8.76900 -6.27600 -0.79300 16.58100 8.48400 0.58000 3.91600 15.50300 7.76200 6.18500 9.98900 10.46800 12.86800 32.41000
218.00000 6.12400 5.48300 11.21000 -4.32300 -1.28200 16.58100 10.43700 0.58000 3.42800 14.03800 11.18000 7.65000 9.98900 9.97900 13.84500 32.89800
219.00000 9.05400 7.92400 15.11600 -1.88200 -1.28200 18.53400 13.36700 0.58000 4.40500 14.03800 13.62100 8.62600 10.96600 11.44400 15.79800 35.33900
220.00000 11.49500 9.87800 17.55800 -1.39400 -0.79300 20.48700 15.32000 0.09200 5.38100 15.50300 14.10900 9.11500 12.43100 12.90900 18.23900 38.26900
221.00000 11.00700 9.87800 17.06900 -2.37000 -1.77000 20.97600 15.32000 -1.37300 5.87000 16.96800 12.64400 9.60300 14.38400 14.86200 20.19200 41.68700
222.00000 8.56500 7.43600 14.14000 -4.81200 -3.23500 19.02300 13.36700 -1.86200 5.38100 17.94400 10.20300 8.62600 15.84900 15.35000 20.68100 43.64000
223.00000 5.14700 4.99500 10.23400 -7.74100 -5.18800 16.09300 10.92500 -0.88500 5.38100 17.94400 8.73800 8.13800 17.80200 16.32700 19.70400 44.12800
224.00000 3.68200 3.04200 7.30400 -9.20600 -6.16500 14.14000 8.97200 -1.37300 4.89300 17.94400 8.25000 6.67300 18.29000 17.30300 18.23900 44.12800
225.00000 3.19400 3.04200 7.30400 -9.20600 -6.65300 13.65200 8.48400 -3.32600 4.89300 17.94400 7.76200 5.69700 18.29000 17.79200 16.77400 43.15200
226.00000 3.68200 2.55300 7.79200 -8.23000 -6.65300 14.62800 8.48400 -2.83800 4.89300 17.94400 6.78500 4.72000 17.80200 16.81500 15.79800 42.17500
227.00000 2.70600 1.57700 8.28000 -7.74100 -6.65300 15.11600 7.99600 -0.88500 5.38100 17.45600 5.80900 3.25500 16.33700 14.37400 14.82100 40.71000
228.00000 0.75300 -0.37600 6.81600 -7.74100 -6.65300 14.62800 7.50700 0.58000 5.38100 16.47900 5.32000 2.76700 14.87200 13.39700 13.35700 39.73400
229.00000 -0.71200 -1.35300 4.37400 -8.23000 -7.62900 12.67500 7.01900 1.06800 4.89300 15.99100 6.29700 2.76700 14.38400 14.37400 12.38000 38.75700
230.00000 -0.71200 -1.35300 2.90900 -7.74100 -8.60600 11.69800 7.50700 1.06800 3.42800 15.50300 8.25000 4.23200 14.87200 17.30300 12.86800 38.75700
231.00000 1.24100 0.11200 3.39800 -5.78800 -9.09400 10.23400 9.46000 2.53300 2.45200 15.50300 10.69100 6.67300 15.36100 19.74500 14.82100 40.22200
232.00000 3.68200 2.06500 5.35100 -3.83500 -8.60600 9.74500 10.43700 3.02100 0.98700 15.01500 12.15600 8.62600 15.36100 18.76800 16.77400 41.68700
233.00000 4.65900 2.55300 6.81600 -2.37000 -8.11800 8.76900 10.92500 1.55600 -0.96600 13.55000 12.64400 9.60300 13.89600 15.35000 18.23900 42.17500
234.00000 4.17100 1.57700 7.30400 -0.90500 -7.62900 6.81600 9.94900 0.58000 -2.92000 10.13200 12.64400 9.60300 10.96600 10.95600 18.23900 41.19900
235.00000 2.21800 -0.86500 5.83900 -0.90500 -7.14100 4.37400 8.48400 0.09200 -2.43100 6.71400 11.66800 8.62600 8.52500 8.51400 16.28600 39.24600
236.00000 -0.22400 -2.81800 3.88600 -0.41700 -7.14100 2.42100 6.53100 -0.39700 -0.96600 3.78400 10.20300 7.16100 7.06000 8.02600 14.33300 37.29200
237.00000 -1.20000 -3.30600 1.93300 -0.90500 -6.65300 1.44400 4.57800 -1.86200 -0.96600 2.31900 7.27300 5.20800 6.57100 8.02600 11.89200 35.82800
238.00000 -1.20000 -2.33000 0.46800 -0.41700 -5.18800 1.44400 2.62500 -3.32600 -2.43100 1.83100 3.85500 3.74300 6.08300 7.05000 9.93900 34.85100
239.00000 0.26400 -0.86500 0.46800 0.55900 -3.72300 1.93300 -0.30500 -2.35000 -3.89600 0.36600 -0.53900 1.79000 5.10700 3.14300 7.98500 33.38600
240.00000 1.24100 0.11200 -0.02000 1.53600 -2.74700 1.93300 -3.23500 -2.83800 -4.38400 -2.56300 -3.95700 -0.16300 3.15300 -2.22800 5.05600 30.45700
241.00000 1.24100 -0.37600 -0.99700 1.53600 -3.23500 0.46800 -6.16500 -4.79100 -5.36100 -5.98100 -7.37500 -1.62800 -0.26400 -7.11100 1.63800 27.03900
242.00000 -0.22400 -2.81800 -1.97300 1.04800 -4.70000 -1.97300 -7.62900 -6.74400 -6.82600 -9.39900 -9.32800 -2.60400 -3.19400 -10.52900 -1.29200 23.62100
243.00000 -1.68900 -4.28300 -2.95000 0.07100 -6.16500 -4.41500 -8.60600 -6.25600 -6.33700 -11.84100 -10.79300 -3.09200 -5.14700 -11.99300 -3.73300 20.69100
244.00000 -3.15300 -5.25900 -3.43800 -0.90500 -6.16500 -5.39100 -9.58300 -4.79100 -4.87300 -12.32900 -11.77000 -4.06900 -5.63600 -13.45800 -5.68600 19.71400
245.00000 -3.64200 -5.25900 -3.92700 -1.39400 -4.70000 -4.41500 -10.07100 -6.25600 -5.36100 -11.84100 -12.74600 -5.53400 -5.63600 -14.43500 -7.64000 18.25000
246.00000 -3.64200 -3.79400 -4.90300 -0.90500 -2.25800 -2.95000 -10.55900 -8.20900 -7.31400 -12.32900 -13.72300 -7.48700 -5.63600 -14.92300 -9.59300 16.78500
247.00000 -2.66500 -2.81800 -5.39100 -0.41700 -0.30500 -1.48500 -10.55900 -7.23300 -7.80200 -13.30600 -14.69900 -8.95200 -5.63600 -15.90000 -12.03400 14.83200
248.00000 -2.17700 -2.33000 -5.88000 0.07100 -0.30500 -1.97300 -10.55900 -3.81500 -6.33700 -14.77100 -14.69900 -9.92800 -6.61200 -16.38800 -12.52200 13.36700
249.00000 -2.17700 -2.33000 -5.88000 0.07100 -1.28200 -3.43800 -9.09400 -1.37300 -5.84900 -16.23500 -12.74600 -8.95200 -7.58900 -16.38800 -11.54600 13.36700
250.00000 -1.68900 -2.81800 -4.90300 0.07100 -2.74700 -5.39100 -7.14100 -0.88500 -5.84900 -16.23500 -7.37500 -6.02200 -6.61200 -15.41100 -7.15100 15.80800
251.00000 -1.68900 -2.81800 -3.43800 0.55900 -3.72300 -6.85600 -4.21100 0.09200 -4.38400 -15.25900 -0.05100 -2.11600 -4.17100 -11.50500 0.17300 21.17900
252.00000 -1.20000 -2.81800 -1.48500 1.04800 -3.23500 -6.85600 -0.79300 2.04500 -1.45500 -12.81700 6.78500 2.27900 -0.75300 -6.13400 8.47400 28.50300
253.00000 -1.20000 -2.33000 -0.02000 1.53600 -2.74700 -6.36800 1.64800 3.02100 -0.47800 -10.37600 10.20300 6.67300 3.15300 0.21400 15.31000 35.33900
254.00000 -0.71200 -1.84100 0.95600 2.02400 -2.25800 -4.41500 3.11300 1.55600 -2.43100 -7.44600 9.71500 8.62600 5.59500 4.60800 19.21600 39.73400
255.00000 -0.22400 -1.84100 1.93300 2.02400 -2.25800 -2.95000 3.11300 0.09200 -4.38400 -5.49300 6.78500 8.62600 6.08300 5.58500 18.23900 41.19900
256.00000 0.26400 -1.35300 1.93300 2.51300 -2.25800 -1.48500 2.13600 1.55600 -2.92000 -4.02800 3.85500 7.16100 4.61800 4.12000 15.31000 39.24600
