1.00000 3.59100 3.00100 5.04600 2.05500 1.22100 5.17800 5.52400 2.55300 0.49800 3.73300 5.39100 1.98400 0.50900 5.88000 2.70600 1.76000
2.00000 4.56700 4.46600 4.55700 1.56700 1.70900 5.66600 6.50000 4.01800 1.47500 4.71000 6.36800 2.47200 1.48500 6.36800 3.68200 2.73600
3.00000 5.54400 6.41900 5.04600 2.05500 3.17400 6.64300 7.96500 3.53000 2.45200 5.19800 7.34500 3.93700 2.46200 6.36800 5.14700 3.71300
4.00000 7.00900 7.88400 6.02200 2.54300 4.63900 7.61900 9.43000 1.08800 2.94000 5.68600 7.83300 5.40200 3.43800 5.88000 6.61200 4.69000
5.00000 7.00900 8.37200 6.99900 2.54300 5.12700 8.59600 10.40600 0.11200 3.42800 6.66300 7.83300 5.89000 4.90300 6.85600 7.58900 5.66600
6.00000 6.52100 8.37200 7.97500 2.05500 5.12700 9.08400 9.91800 0.60000 3.91600 7.64000 7.34500 5.89000 5.88000 8.32100 7.58900 6.15400
7.00000 6.52100 7.39500 7.48700 1.56700 4.63900 9.57200 8.45300 1.57700 3.42800 8.61600 6.36800 5.40200 6.85600 9.29800 7.10000 6.15400
8.00000 6.52100 7.39500 6.99900 0.59000 4.15000 9.57200 6.98900 1.08800 2.45200 9.10400 5.39100 3.93700 6.85600 8.80900 6.12400 5.66600
9.00000 7.00900 8.37200 7.48700 1.07800 4.15000 10.06100 6.01200 1.08800 1.96300 9.10400 4.41500 2.47200 5.88000 7.34500 5.14700 4.69000
10.00000 8.47400 9.83700 7.97500 2.54300 3.66200 9.57200 5.52400 1.08800 1.96300 7.64000 3.92700 1.98400 4.41500 4.90300 4.65900 2.73600
11.00000 9.93900 10.81300 8.95200 4.00800 3.66200 8.59600 6.01200 1.57700 1.47500 6.17500 3.43800 1.98400 2.46200 2.95000 4.65900 0.78300
12.00000 10.42700 10.81300 9.44000 4.49600 3.66200 8.59600 6.50000 2.06500 0.98700 5.19800 2.95000 1.49500 1.48500 1.97300 3.68200 -0.19300
13.00000 9.45000 9.83700 9.44000 4.49600 3.17400 8.59600 6.50000 2.06500 -0.47800 4.22200 2.46200 1.49500 0.50900 0.99700 2.70600 -1.17000
14.00000 8.96200 8.86000 8.95200 3.52000 2.68600 8.59600 6.01200 3.04200 -0.47800 3.24500 1.97300 1.49500 0.02000 0.02000 2.21800 -1.17000
15.00000 7.98500 7.39500 8.46400 3.03100 2.19700 7.13100 6.50000 4.01800 0.49800 2.75700 1.97300 1.49500 -0.46800 -0.46800 2.21800 -1.17000
16.00000 7.98500 7.39500 8.95200 3.52000 2.19700 6.15400 6.98900 4.01800 0.98700 2.26800 1.97300 1.98400 -0.46800 -0.46800 3.19400 -0.19300
17.00000 8.96200 7.88400 10.41700 4.49600 2.19700 5.17800 8.94200 2.55300 0.98700 2.26800 3.43800 2.96000 0.50900 0.99700 4.65900 0.78300
18.00000 10.91500 9.83700 12.85800 5.96100 2.19700 6.15400 9.91800 1.08800 0.49800 3.24500 4.41500 4.42500 1.48500 3.92700 6.12400 2.73600
19.00000 12.38000 11.30200 14.32300 5.96100 2.68600 7.61900 9.91800 1.08800 1.47500 4.71000 4.41500 4.91300 3.43800 5.88000 7.10000 4.20100
20.00000 13.35700 13.25500 14.32300 5.96100 3.66200 9.57200 8.94200 1.08800 2.45200 5.68600 3.92700 4.91300 4.90300 6.85600 7.10000 5.66600
21.00000 13.35700 13.74300 13.83500 4.98500 4.15000 10.06100 7.47700 0.60000 2.94000 6.17500 2.95000 3.93700 5.88000 7.34500 7.10000 5.66600
22.00000 12.38000 13.25500 12.37000 4.49600 4.63900 9.57200 5.52400 0.11200 2.45200 5.68600 1.97300 3.44800 6.36800 7.83300 6.12400 5.66600
23.00000 10.91500 11.79000 10.41700 4.00800 4.15000 8.10800 3.57100 0.11200 1.96300 4.71000 0.99700 3.44800 5.88000 8.32100 5.63600 5.17800
24.00000 10.42700 10.32500 8.95200 4.00800 4.15000 6.64300 2.10600 1.08800 1.47500 4.22200 0.99700 3.44800 5.39100 8.32100 4.65900 4.69000
25.00000 9.45000 8.86000 7.48700 3.52000 3.66200 5.66600 2.10600 1.08800 1.47500 3.24500 1.97300 3.93700 5.39100 7.83300 4.65900 4.69000
26.00000 8.47400 7.39500 6.51000 3.03100 3.66200 4.69000 2.10600 1.08800 1.96300 2.75700 3.92700 4.91300 5.88000 6.85600 5.14700 6.15400
27.00000 7.49700 6.90700 6.51000 2.54300 3.17400 4.69000 3.08200 1.08800 3.42800 2.75700 6.36800 5.40200 6.85600 5.88000 7.10000 7.61900
28.00000 7.49700 7.39500 6.51000 2.05500 3.17400 5.17800 4.54700 1.08800 3.91600 3.73300 8.32100 5.89000 7.34500 6.36800 8.56500 9.57200
29.00000 7.98500 8.37200 7.48700 2.05500 3.66200 7.13100 5.52400 0.11200 3.42800 5.19800 8.80900 5.89000 7.83300 7.83300 10.03000 11.03700
30.00000 8.96200 9.83700 8.46400 3.03100 4.15000 8.59600 6.01200 0.60000 2.94000 7.64000 8.80900 5.89000 7.83300 9.78600 10.51800 11.52500
31.00000 9.45000 10.32500 8.46400 3.03100 4.63900 9.57200 6.01200 1.57700 2.45200 9.10400 7.83300 5.40200 6.85600 11.25100 10.51800 12.01400
32.00000 7.98500 8.86000 7.97500 2.54300 4.15000 8.59600 6.01200 1.57700 2.45200 9.10400 7.83300 4.91300 6.36800 11.73900 10.03000 12.50200
33.00000 6.03200 6.90700 6.99900 2.05500 2.68600 5.66600 6.01200 -0.37600 1.47500 8.12800 9.29800 4.91300 5.88000 11.73900 11.00700 13.47900
34.00000 3.10300 3.48900 5.53400 0.10200 0.73200 2.73600 6.50000 -1.35300 1.47500 6.17500 11.25100 5.89000 5.88000 11.25100 12.47200 14.45500
35.00000 0.66100 1.53600 4.55700 -1.36300 -0.73200 0.78300 6.98900 -0.86500 1.96300 4.71000 12.22700 6.86600 5.39100 11.25100 12.96000 14.45500
36.00000 0.17300 2.02400 3.58100 -1.85100 -0.73200 1.76000 6.50000 0.11200 2.94000 4.71000 11.25100 7.35500 4.90300 10.76300 12.96000 13.96700
37.00000 1.63800 4.95400 3.58100 -1.85100 0.73200 5.17800 6.01200 -0.37600 2.94000 5.68600 9.29800 6.86600 4.41500 10.27400 11.00700 12.01400
38.00000 4.56700 7.88400 4.06900 -0.87500 2.68600 8.59600 5.03500 -1.84100 1.96300 7.64000 7.34500 4.91300 3.92700 10.27400 8.07700 10.54900
39.00000 7.49700 10.32500 6.02200 0.59000 3.66200 9.57200 5.52400 -1.84100 1.47500 9.10400 6.36800 3.44800 2.95000 9.29800 4.65900 9.08400
40.00000 8.96200 11.30200 7.97500 1.56700 3.17400 8.10800 6.01200 -1.84100 0.98700 8.61600 5.88000 2.47200 2.46200 7.83300 2.70600 8.10800
41.00000 8.96200 9.83700 8.95200 2.05500 1.70900 4.69000 6.50000 -1.84100 0.98700 6.66300 4.90300 1.98400 2.46200 4.90300 1.72900 6.15400
42.00000 7.49700 6.90700 7.97500 1.56700 -0.24400 1.27200 5.52400 -3.30600 0.01000 3.73300 3.43800 1.49500 2.46200 1.48500 1.24100 4.20100
43.00000 6.52100 5.44200 6.99900 1.07800 -1.22100 -0.68200 4.05900 -2.81800 -0.47800 1.29200 1.97300 1.00700 2.95000 -0.95600 0.75300 2.24800
44.00000 6.03200 4.46600 5.04600 0.59000 -1.70900 -1.17000 2.59400 -1.35300 -0.96600 -0.17300 1.48500 0.51900 2.46200 -1.93300 1.24100 1.27200
45.00000 6.03200 4.95400 4.06900 0.59000 -1.70900 -0.68200 2.10600 -0.86500 -1.45500 -0.17300 2.46200 1.00700 2.46200 -1.93300 1.24100 1.27200
46.00000 6.52100 5.44200 3.09200 0.10200 -1.22100 -0.19300 2.10600 -0.37600 -1.94300 -0.17300 3.92700 1.98400 1.97300 -2.42100 1.72900 1.76000
47.00000 6.03200 4.95400 2.11600 -0.38700 -1.70900 -0.68200 2.59400 -0.37600 -0.96600 -1.14900 5.39100 3.93700 2.46200 -2.90900 3.19400 3.22500
48.00000 4.56700 3.97700 1.62800 -1.36300 -1.70900 -1.65800 3.08200 -0.86500 0.01000 -2.12600 5.88000 5.40200 3.43800 -2.90900 5.14700 4.20100
49.00000 3.10300 3.00100 1.13900 -1.85100 -1.70900 -2.14600 3.08200 -1.35300 0.49800 -2.61400 6.36800 6.86600 4.41500 -1.93300 7.58900 5.66600
50.00000 2.12600 2.51300 0.65100 -2.34000 -1.22100 -2.14600 2.59400 -1.35300 0.98700 -2.12600 6.36800 7.35500 5.88000 0.50900 10.03000 7.13100
51.00000 2.61400 3.00100 0.65100 -1.85100 -0.24400 -1.65800 2.10600 -1.35300 0.49800 -1.14900 6.85600 6.86600 6.85600 2.46200 11.00700 9.08400
52.00000 4.56700 4.95400 1.13900 -0.38700 0.73200 -0.19300 1.12900 -1.84100 1.47500 -0.17300 5.88000 5.89000 7.34500 3.43800 11.00700 9.08400
53.00000 6.52100 7.39500 1.13900 1.07800 1.70900 0.78300 0.15300 -1.84100 2.94000 -0.17300 3.43800 4.42500 6.85600 2.95000 8.56500 8.10800
54.00000 7.49700 8.37200 0.65100 1.56700 1.70900 1.76000 -0.82400 -1.35300 3.42800 -0.17300 0.50900 2.47200 6.36800 1.48500 5.14700 5.17800
55.00000 7.98500 8.86000 0.16300 1.56700 2.19700 1.76000 -1.80100 -0.86500 2.94000 0.31500 -1.44400 1.00700 5.88000 1.48500 1.72900 1.76000
56.00000 7.00900 8.37200 -1.30200 1.07800 2.19700 1.76000 -2.28900 -0.86500 2.45200 1.29200 -2.42100 -0.45800 5.39100 1.97300 -0.71200 -0.19300
57.00000 6.52100 7.39500 -1.30200 0.10200 2.68600 1.76000 -2.28900 -0.37600 1.96300 1.78000 -2.90900 -0.94600 5.39100 2.46200 -1.68900 -0.19300
58.00000 6.03200 6.90700 -0.81400 -0.38700 2.68600 2.24800 -1.80100 0.60000 0.98700 1.78000 -2.42100 -0.94600 4.90300 1.48500 -1.20000 0.78300
59.00000 5.54400 6.90700 0.16300 -0.38700 2.68600 3.22500 -0.82400 1.08800 0.49800 0.80400 -2.90900 -0.45800 4.41500 -0.46800 -0.22400 1.27200
60.00000 5.54400 6.41900 1.62800 0.10200 2.68600 4.69000 -0.33600 0.11200 0.49800 -1.14900 -2.90900 0.03100 3.92700 -1.93300 0.26400 0.29500
61.00000 4.07900 4.95400 1.62800 0.10200 1.70900 4.69000 -0.33600 -0.37600 0.98700 -2.61400 -2.90900 0.03100 3.92700 -1.44400 0.26400 -0.68200
62.00000 2.61400 3.97700 0.65100 -0.38700 1.22100 4.20100 -1.31200 0.11200 1.96300 -2.61400 -2.42100 0.03100 4.41500 0.50900 1.24100 -1.17000
63.00000 1.14900 2.51300 -0.32600 -1.36300 0.73200 2.24800 -1.80100 0.11200 1.47500 -1.14900 -1.93300 0.51900 4.90300 2.95000 2.21800 0.29500
64.00000 0.17300 2.02400 -1.79000 -2.34000 0.73200 1.27200 -1.80100 -0.37600 0.98700 -0.17300 -1.93300 1.00700 5.39100 4.41500 3.68200 2.73600
65.00000 -0.80400 1.53600 -2.27900 -3.31600 0.73200 0.78300 -1.80100 -0.37600 1.96300 1.29200 -1.93300 1.98400 5.39100 4.90300 4.65900 4.69000
66.00000 -1.78000 1.04800 -2.76700 -3.80500 0.73200 1.27200 -1.31200 0.11200 2.45200 2.26800 -1.93300 2.96000 5.39100 3.92700 4.65900 4.20100
67.00000 -2.26800 0.55900 -2.76700 -4.78100 0.24400 1.76000 -0.82400 -0.86500 1.96300 1.78000 -1.93300 2.96000 4.41500 3.92700 3.68200 2.24800
68.00000 -2.75700 -0.41700 -3.25500 -4.78100 -0.73200 2.24800 -0.82400 -1.84100 0.49800 1.78000 -1.93300 2.96000 4.41500 3.92700 3.19400 -0.19300
69.00000 -3.24500 -0.90500 -4.23200 -5.75800 -1.22100 1.27200 -1.31200 -2.33000 0.01000 1.29200 -2.42100 1.98400 3.92700 2.95000 2.21800 -2.14600
70.00000 -3.73300 -1.39400 -4.72000 -5.75800 -1.70900 0.29500 -1.80100 -1.84100 0.49800 0.31500 -3.88600 0.51900 2.95000 0.99700 0.75300 -3.12300
71.00000 -3.73300 -1.39400 -4.23200 -5.26900 -1.70900 -1.17000 -3.26500 -1.84100 0.98700 -1.14900 -5.83900 -1.43400 0.99700 -1.93300 -1.68900 -4.10000
72.00000 -3.73300 -1.88200 -4.23200 -4.78100 -1.22100 -2.14600 -4.24200 -3.30600 0.49800 -2.61400 -8.28000 -2.89900 -0.95600 -4.37400 -4.61800 -6.54100
73.00000 -4.22200 -2.37000 -4.23200 -4.78100 -1.22100 -3.12300 -4.73000 -3.79400 0.01000 -3.59100 -9.74500 -4.36400 -1.93300 -5.35100 -7.06000 -9.47100
74.00000 -4.71000 -2.85800 -5.20800 -5.26900 -1.22100 -3.61100 -5.70700 -3.30600 0.49800 -3.59100 -10.23400 -4.36400 -1.93300 -5.83900 -8.03600 -11.42400
75.00000 -5.68600 -2.37000 -6.67300 -6.24600 -1.22100 -3.12300 -6.19500 -2.81800 0.49800 -3.10300 -9.74500 -3.87600 -1.44400 -6.32700 -8.03600 -11.91200
76.00000 -6.17500 -2.37000 -7.65000 -7.22200 -1.70900 -2.14600 -6.68300 -3.30600 -0.96600 -3.10300 -8.76900 -2.89900 0.02000 -7.30400 -6.57100 -10.93500
77.00000 -6.66300 -2.37000 -8.62600 -7.71100 -2.68600 -2.14600 -6.68300 -3.30600 -1.94300 -3.10300 -7.79200 -1.92300 0.50900 -8.76900 -6.08300 -9.47100
78.00000 -7.15100 -3.34700 -7.65000 -7.22200 -3.17400 -2.63500 -6.19500 -2.81800 -0.96600 -3.59100 -6.81600 -1.43400 0.50900 -9.74500 -6.08300 -9.47100
79.00000 -7.15100 -4.32300 -6.18500 -6.73400 -4.63900 -4.10000 -5.70700 -2.81800 -0.96600 -4.56700 -7.30400 -1.43400 -0.46800 -10.72200 -8.03600 -10.44700
80.00000 -6.66300 -5.30000 -4.72000 -6.24600 -5.12700 -6.05300 -4.24200 -2.81800 -1.94300 -4.56700 -7.79200 -2.41100 -0.95600 -10.72200 -10.47800 -12.88900
81.00000 -5.19800 -4.32300 -2.27900 -4.78100 -4.63900 -7.02900 -3.26500 -1.84100 -2.92000 -3.59100 -8.28000 -2.89900 -1.44400 -10.72200 -11.94300 -14.35300
82.00000 -3.73300 -2.85800 -1.79000 -3.80500 -3.17400 -6.05300 -2.28900 -0.37600 -3.89600 -3.59100 -8.76900 -3.38700 -1.93300 -11.69800 -13.40700 -15.33000
83.00000 -2.26800 -0.90500 -0.81400 -2.34000 -2.19700 -4.58800 -2.28900 0.60000 -3.89600 -4.07900 -8.28000 -3.38700 -2.42100 -13.16300 -12.91900 -15.33000
84.00000 -0.80400 0.55900 0.16300 -1.36300 -1.70900 -2.14600 -1.80100 1.57700 -3.89600 -5.54400 -7.30400 -2.89900 -2.42100 -13.65200 -11.94300 -14.84200
85.00000 1.14900 2.02400 1.13900 -0.38700 -1.22100 -0.68200 -1.31200 2.55300 -3.89600 -7.00900 -6.32700 -2.41100 -2.90900 -13.65200 -10.96600 -13.86500
86.00000 3.10300 3.97700 3.09200 1.07800 -0.73200 0.78300 0.15300 2.55300 -3.89600 -7.00900 -4.86200 -1.92300 -2.90900 -12.67500 -9.98900 -12.88900
87.00000 6.03200 6.41900 5.53400 2.54300 0.24400 2.73600 1.61700 2.06500 -4.38400 -6.03200 -3.88600 -1.43400 -2.42100 -11.69800 -9.50100 -12.40000
88.00000 8.96200 9.83700 7.48700 4.00800 1.70900 4.20100 3.08200 2.06500 -4.87300 -5.05600 -2.90900 -0.94600 -2.42100 -11.21000 -9.01300 -11.42400
89.00000 11.40300 11.30200 7.97500 4.98500 2.19700 4.20100 3.08200 2.55300 -5.36100 -4.56700 -2.90900 -0.94600 -2.90900 -12.18700 -8.52500 -10.93500
90.00000 11.40300 11.30200 6.99900 4.98500 2.19700 3.22500 2.59400 2.55300 -4.38400 -5.05600 -3.39800 -0.94600 -3.88600 -12.67500 -9.01300 -10.93500
91.00000 10.91500 9.83700 5.53400 4.98500 1.22100 1.27200 1.12900 2.55300 -2.92000 -7.00900 -4.86200 -0.94600 -4.37400 -13.16300 -9.50100 -11.42400
92.00000 9.93900 8.86000 4.55700 4.98500 0.73200 0.29500 0.64100 3.04200 -2.43100 -7.98500 -5.35100 -0.94600 -4.37400 -12.67500 -9.01300 -11.91200
93.00000 10.42700 9.34900 5.04600 5.96100 1.70900 0.78300 1.12900 3.04200 -2.92000 -7.49700 -4.86200 -0.45800 -3.39800 -11.69800 -8.52500 -11.91200
94.00000 12.38000 11.30200 6.51000 7.42600 3.17400 3.22500 2.59400 4.01800 -3.89600 -6.03200 -2.90900 0.03100 -1.44400 -9.74500 -7.06000 -10.93500
95.00000 15.31000 13.74300 8.46400 8.89100 4.63900 4.69000 4.05900 4.50600 -3.40800 -4.56700 -0.95600 0.51900 -0.46800 -9.25700 -5.59500 -9.47100
96.00000 17.26300 15.20800 10.41700 9.86700 5.12700 4.69000 5.03500 4.99500 -2.43100 -4.07900 0.02000 1.00700 0.02000 -9.74500 -4.13000 -8.49400
97.00000 17.26300 14.23100 10.90500 9.86700 4.15000 3.22500 5.52400 4.99500 -2.43100 -4.07900 0.02000 1.00700 -0.46800 -10.23400 -4.13000 -8.49400
98.00000 15.79800 13.25500 9.92800 8.89100 3.17400 1.76000 5.03500 4.50600 -2.43100 -5.05600 -0.46800 1.49500 -1.44400 -10.72200 -4.61800 -8.98200
99.00000 14.82100 11.79000 9.44000 8.40300 2.68600 1.76000 4.54700 4.01800 -1.94300 -5.05600 -0.46800 1.98400 -1.93300 -10.72200 -4.61800 -9.95900
100.00000 14.33300 11.30200 9.44000 8.89100 3.17400 2.73600 4.54700 4.99500 -0.96600 -4.56700 0.02000 2.47200 -0.95600 -9.74500 -4.61800 -10.44700
101.00000 14.33300 11.79000 9.92800 8.89100 4.15000 3.71300 5.03500 4.50600 0.01000 -3.10300 1.48500 3.44800 -0.46800 -7.30400 -3.64200 -8.98200
102.00000 14.82100 11.79000 10.90500 9.37900 5.12700 3.22500 6.01200 3.04200 -0.47800 -1.14900 2.46200 3.44800 0.02000 -5.83900 -3.15300 -7.51700
103.00000 14.82100 11.30200 11.39300 8.89100 5.12700 2.73600 6.01200 2.06500 0.01000 -0.66100 2.95000 2.96000 -0.46800 -4.37400 -2.66500 -6.05300
104.00000 13.84500 10.81300 10.90500 8.40300 5.12700 2.73600 6.01200 1.57700 0.49800 -0.17300 2.46200 2.47200 -0.95600 -4.86200 -2.66500 -5.56400
105.00000 13.35700 10.81300 9.92800 7.91400 5.61500 3.71300 4.54700 0.60000 -0.47800 -0.17300 0.99700 1.98400 -1.44400 -5.83900 -3.64200 -5.56400
106.00000 12.86800 11.79000 8.95200 7.91400 6.10400 5.66600 3.08200 -0.37600 -0.96600 -0.66100 0.50900 1.49500 -1.44400 -7.30400 -4.61800 -6.05300
107.00000 13.35700 12.76700 7.97500 7.91400 6.59200 7.13100 2.10600 -0.37600 -1.45500 -1.14900 0.02000 1.00700 -0.46800 -7.79200 -4.61800 -6.54100
108.00000 14.33300 12.27800 7.48700 7.42600 6.10400 6.64300 2.10600 0.60000 -0.96600 -2.61400 -0.46800 1.00700 0.02000 -8.28000 -4.61800 -6.05300
109.00000 13.84500 10.81300 7.97500 6.93800 4.63900 4.20100 2.59400 1.08800 -0.96600 -4.07900 -0.46800 1.00700 0.50900 -7.79200 -4.13000 -6.05300
110.00000 12.86800 9.34900 8.46400 6.44900 2.68600 1.76000 3.08200 0.11200 -1.94300 -4.07900 -1.44400 1.00700 0.50900 -6.81600 -4.13000 -5.56400
111.00000 11.40300 7.39500 8.46400 5.47300 1.70900 0.78300 3.08200 -0.37600 -2.43100 -3.59100 -1.93300 0.51900 0.50900 -6.32700 -4.13000 -6.05300
112.00000 9.93900 6.41900 8.46400 4.98500 1.22100 1.27200 3.08200 -0.86500 -2.43100 -2.12600 -2.42100 -0.45800 0.02000 -6.32700 -3.64200 -6.54100
113.00000 8.47400 5.93100 7.48700 4.00800 1.70900 2.24800 2.59400 -1.35300 -1.94300 -1.63800 -3.39800 -0.94600 0.02000 -6.81600 -4.13000 -6.54100
114.00000 7.49700 5.44200 6.51000 3.52000 2.19700 2.73600 1.61700 -2.81800 -0.47800 -2.12600 -4.37400 -1.92300 0.50900 -7.79200 -3.64200 -6.54100
115.00000 6.52100 4.46600 4.55700 2.54300 2.68600 2.73600 -0.33600 -3.79400 0.01000 -3.10300 -6.32700 -2.89900 0.50900 -8.76900 -3.64200 -6.54100
116.00000 5.05600 3.97700 2.60400 1.07800 3.17400 3.22500 -1.80100 -3.30600 0.49800 -3.10300 -7.30400 -2.89900 1.48500 -8.76900 -4.13000 -6.54100
117.00000 4.07900 3.48900 0.65100 0.10200 3.66200 3.22500 -3.75400 -2.81800 0.98700 -2.61400 -7.79200 -2.89900 1.97300 -8.28000 -4.61800 -6.54100
118.00000 3.59100 3.48900 -0.81400 -0.87500 4.15000 3.71300 -4.73000 -3.30600 0.98700 -1.14900 -8.28000 -2.41100 1.97300 -7.79200 -5.59500 -7.02900
119.00000 4.56700 3.97700 -1.30200 -0.87500 4.63900 4.69000 -5.21900 -3.79400 0.98700 0.31500 -8.76900 -2.41100 1.97300 -7.30400 -6.57100 -8.00600
120.00000 5.05600 3.97700 -1.30200 0.10200 4.15000 4.69000 -5.70700 -3.30600 0.01000 -0.66100 -8.76900 -2.89900 0.99700 -8.28000 -7.54800 -8.49400
121.00000 6.03200 3.97700 -1.30200 1.07800 3.66200 4.20100 -5.70700 -1.84100 -0.96600 -2.61400 -8.76900 -3.38700 -0.46800 -10.23400 -8.03600 -8.98200
122.00000 6.52100 3.97700 -0.32600 1.56700 3.17400 4.20100 -5.70700 -0.86500 -1.45500 -4.07900 -8.28000 -3.87600 -1.44400 -12.67500 -7.54800 -8.98200
123.00000 6.52100 3.97700 0.16300 1.56700 2.68600 4.20100 -5.21900 -0.37600 -0.96600 -5.05600 -6.81600 -3.38700 -2.42100 -13.65200 -6.57100 -8.98200
124.00000 6.03200 3.97700 0.65100 1.56700 2.19700 3.71300 -4.24200 -0.37600 -0.47800 -4.56700 -5.35100 -1.92300 -1.44400 -13.16300 -5.10700 -8.00600
125.00000 5.54400 3.97700 1.13900 0.59000 1.70900 3.22500 -3.26500 0.11200 -0.47800 -3.59100 -4.86200 -0.94600 0.02000 -11.69800 -4.13000 -7.51700
126.00000 4.56700 3.48900 1.62800 0.10200 1.22100 2.73600 -1.80100 1.08800 0.49800 -2.61400 -4.37400 0.03100 1.48500 -9.74500 -3.15300 -6.05300
127.00000 4.07900 3.48900 2.11600 0.10200 1.22100 2.73600 -1.31200 0.60000 0.98700 -2.12600 -4.86200 -0.45800 2.46200 -8.76900 -3.15300 -5.56400
128.00000 4.56700 4.46600 2.60400 0.10200 1.70900 4.20100 -1.31200 -1.35300 1.47500 -1.14900 -4.86200 -0.94600 2.46200 -7.79200 -3.64200 -5.07600
129.00000 6.52100 6.90700 3.58100 0.59000 4.15000 7.13100 -1.80100 -1.84100 1.96300 0.80400 -4.86200 -1.92300 1.97300 -7.79200 -4.13000 -5.07600
130.00000 8.96200 9.34900 3.58100 1.56700 6.10400 10.06100 -2.28900 -1.84100 2.45200 1.78000 -4.86200 -2.41100 0.99700 -7.79200 -4.61800 -5.56400
131.00000 11.40300 11.30200 4.06900 2.54300 8.05700 11.03700 -2.77700 -1.35300 1.47500 3.24500 -5.35100 -2.41100 0.50900 -8.28000 -5.10700 -6.54100
132.00000 12.38000 12.27800 4.06900 4.00800 8.54500 10.54900 -2.77700 -0.86500 1.47500 3.73300 -6.81600 -2.41100 0.02000 -8.28000 -6.08300 -7.02900
133.00000 13.35700 12.27800 4.06900 4.49600 7.56800 9.08400 -2.77700 0.11200 0.98700 3.24500 -8.76900 -2.41100 0.50900 -8.76900 -7.06000 -8.00600
134.00000 12.86800 12.27800 4.55700 4.98500 6.59200 8.10800 -2.77700 1.08800 0.01000 2.75700 -9.25700 -2.41100 0.50900 -8.76900 -7.54800 -8.00600
135.00000 13.35700 12.27800 5.04600 5.47300 5.61500 8.10800 -2.28900 1.57700 -0.96600 2.26800 -8.28000 -2.41100 0.02000 -9.74500 -7.54800 -8.49400
136.00000 13.35700 12.27800 5.53400 5.47300 5.12700 8.59600 -1.80100 1.57700 -2.92000 1.78000 -6.81600 -1.92300 -0.95600 -11.21000 -8.03600 -8.49400
137.00000 13.84500 12.27800 5.04600 5.96100 5.12700 8.10800 -1.31200 1.08800 -3.40800 0.80400 -6.32700 -1.92300 -2.42100 -12.67500 -8.03600 -8.98200
138.00000 13.84500 11.79000 4.06900 5.47300 5.12700 6.64300 -1.31200 1.08800 -2.92000 -1.14900 -6.81600 -1.92300 -4.37400 -14.62800 -9.01300 -9.95900
139.00000 13.35700 11.79000 3.09200 4.98500 4.63900 4.20100 -1.80100 1.08800 -1.45500 -2.61400 -8.76900 -3.38700 -5.35100 -15.60500 -9.98900 -11.42400
140.00000 13.35700 11.79000 2.11600 4.00800 4.15000 2.73600 -2.28900 0.60000 -0.96600 -3.59100 -9.74500 -4.36400 -5.83900 -15.11600 -11.94300 -12.88900
141.00000 12.86800 12.27800 1.62800 3.52000 4.15000 2.24800 -3.26500 0.60000 -0.47800 -3.59100 -10.23400 -5.82900 -5.83900 -14.62800 -13.40700 -13.86500
142.00000 12.38000 13.25500 0.65100 3.03100 4.63900 2.73600 -3.75400 0.60000 0.01000 -2.12600 -9.74500 -5.82900 -5.35100 -14.14000 -13.89600 -13.86500
143.00000 11.89200 13.25500 0.16300 3.03100 5.61500 3.71300 -4.24200 0.11200 0.49800 -1.14900 -9.74500 -5.34100 -4.86200 -14.62800 -13.40700 -13.86500
144.00000 11.40300 12.76700 -0.32600 3.03100 6.10400 4.69000 -4.24200 0.11200 0.49800 -0.17300 -9.74500 -4.85200 -4.86200 -16.09300 -12.91900 -13.86500
145.00000 11.40300 12.76700 -0.32600 3.03100 6.10400 5.17800 -3.75400 1.08800 -0.96600 -0.66100 -10.23400 -4.85200 -5.35100 -17.55800 -12.91900 -13.86500
146.00000 11.40300 12.76700 0.16300 3.52000 6.10400 5.66600 -2.77700 2.55300 -2.43100 -1.14900 -9.74500 -4.85200 -5.83900 -18.53400 -12.91900 -14.35300
147.00000 12.38000 13.25500 1.62800 4.00800 5.61500 5.66600 -1.80100 2.06500 -2.92000 -2.12600 -8.28000 -4.85200 -5.83900 -19.02300 -12.43100 -14.35300
148.00000 13.35700 14.23100 2.60400 4.49600 5.12700 5.66600 -1.31200 0.60000 -2.92000 -3.10300 -6.32700 -4.36400 -5.83900 -19.02300 -11.45400 -14.35300
149.00000 14.33300 14.72000 2.60400 4.98500 5.61500 5.17800 -0.82400 0.11200 -2.43100 -3.59100 -5.83900 -3.38700 -4.86200 -18.53400 -10.47800 -13.37700
150.00000 14.33300 15.20800 2.11600 5.47300 5.61500 5.17800 -1.80100 0.11200 -2.43100 -4.07900 -5.83900 -2.41100 -3.88600 -18.53400 -9.01300 -12.40000
151.00000 13.84500 14.72000 1.62800 4.49600 6.10400 5.66600 -2.77700 -0.37600 -1.94300 -4.07900 -6.81600 -1.92300 -3.39800 -17.55800 -8.52500 -11.42400
152.00000 13.35700 13.74300 1.13900 4.00800 5.61500 5.66600 -3.75400 -1.35300 -1.45500 -3.59100 -7.30400 -2.89900 -2.90900 -16.58100 -9.01300 -10.93500
153.00000 12.38000 12.27800 1.13900 3.52000 5.12700 4.69000 -4.73000 -1.35300 -0.96600 -3.10300 -8.28000 -4.36400 -3.39800 -16.09300 -10.47800 -11.42400
154.00000 10.91500 10.81300 1.62800 2.05500 4.63900 3.22500 -4.73000 -0.86500 -1.45500 -3.10300 -9.25700 -5.82900 -2.90900 -16.09300 -11.94300 -11.91200
155.00000 9.45000 9.83700 2.11600 1.07800 4.15000 2.73600 -4.73000 0.60000 -1.45500 -4.07900 -9.74500 -6.31700 -3.39800 -16.58100 -12.43100 -12.88900
156.00000 8.47400 9.34900 2.11600 1.07800 4.15000 3.22500 -3.75400 1.08800 -1.94300 -4.07900 -9.74500 -5.34100 -3.39800 -17.06900 -11.94300 -12.88900
157.00000 8.47400 9.83700 2.60400 2.05500 4.63900 5.17800 -2.28900 1.57700 -2.43100 -4.07900 -8.28000 -4.36400 -3.88600 -16.58100 -10.96600 -13.37700
158.00000 9.45000 10.32500 2.60400 3.03100 4.63900 7.13100 -1.31200 2.06500 -2.43100 -3.59100 -6.32700 -3.38700 -4.37400 -15.11600 -9.98900 -12.88900
159.00000 9.93900 10.32500 3.58100 4.00800 4.15000 7.13100 -0.33600 2.06500 -2.43100 -2.12600 -4.37400 -2.41100 -4.86200 -13.65200 -9.01300 -12.40000
160.00000 10.42700 9.34900 4.55700 4.00800 3.17400 5.17800 1.12900 2.55300 -2.43100 -1.63800 -3.39800 -1.92300 -4.86200 -13.16300 -8.52500 -11.42400
161.00000 9.93900 8.37200 5.53400 4.00800 2.68600 2.73600 1.61700 3.04200 -2.43100 -1.14900 -3.88600 -1.92300 -4.37400 -13.16300 -8.52500 -10.93500
162.00000 9.93900 7.88400 6.02200 3.52000 2.68600 1.27200 1.61700 3.04200 -2.43100 -1.14900 -4.37400 -1.92300 -3.88600 -12.67500 -9.01300 -10.44700
163.00000 9.93900 7.88400 6.99900 4.00800 3.17400 1.76000 1.61700 3.04200 -1.94300 -1.14900 -4.37400 -1.92300 -2.90900 -11.69800 -9.50100 -9.95900
164.00000 10.91500 8.37200 7.97500 4.49600 4.15000 3.71300 2.10600 3.53000 -0.96600 -1.14900 -3.39800 -1.92300 -2.90900 -10.23400 -9.50100 -9.95900
165.00000 11.40300 8.86000 9.44000 4.98500 4.15000 5.66600 3.08200 4.01800 -0.96600 -0.66100 -2.42100 -1.92300 -2.42100 -9.25700 -9.01300 -8.98200
166.00000 10.91500 8.37200 10.41700 4.49600 3.66200 6.15400 4.05900 3.04200 -1.94300 0.80400 -1.44400 -1.43400 -1.93300 -8.76900 -7.54800 -8.00600
167.00000 9.45000 7.39500 10.41700 3.52000 2.68600 5.17800 4.54700 1.57700 -0.96600 0.80400 -1.44400 -0.45800 -1.44400 -8.76900 -6.57100 -6.54100
168.00000 7.49700 5.93100 9.44000 2.54300 1.70900 4.20100 4.54700 1.57700 0.49800 2.26800 -2.42100 0.03100 -0.95600 -8.76900 -5.59500 -5.56400
169.00000 6.52100 4.95400 7.97500 2.05500 1.22100 4.20100 4.05900 2.06500 1.47500 3.24500 -3.39800 -0.45800 -0.46800 -8.28000 -5.59500 -5.56400
170.00000 6.52100 5.44200 6.99900 1.56700 1.22100 5.66600 3.08200 2.55300 1.47500 4.22200 -4.37400 -1.43400 0.02000 -7.30400 -5.59500 -5.56400
171.00000 7.49700 6.41900 7.48700 2.05500 2.19700 7.61900 2.59400 2.55300 1.47500 5.68600 -4.86200 -2.41100 0.50900 -6.81600 -6.08300 -6.05300
172.00000 8.47400 7.39500 7.97500 2.54300 3.17400 9.08400 2.59400 2.06500 1.47500 6.17500 -4.86200 -3.38700 0.50900 -6.81600 -6.08300 -6.54100
173.00000 8.96200 8.37200 9.44000 3.52000 3.66200 10.06100 2.59400 2.06500 1.47500 6.17500 -3.88600 -3.38700 0.50900 -6.81600 -5.59500 -7.02900
174.00000 9.93900 8.86000 11.39300 4.00800 4.15000 10.06100 3.57100 2.06500 1.47500 5.19800 -2.42100 -2.41100 0.02000 -6.81600 -4.61800 -6.54100
175.00000 11.40300 9.83700 12.85800 4.98500 4.15000 10.06100 4.05900 2.55300 0.49800 4.71000 -1.44400 -1.92300 -0.46800 -6.81600 -5.10700 -6.54100
176.00000 12.38000 10.81300 13.83500 5.96100 4.63900 9.57200 5.03500 4.01800 0.98700 4.71000 -1.44400 -1.92300 -0.95600 -6.81600 -6.08300 -7.02900
177.00000 13.35700 11.30200 14.32300 6.44900 4.63900 9.57200 5.03500 3.53000 0.98700 4.71000 -1.44400 -2.89900 -1.44400 -6.81600 -7.54800 -8.00600
178.00000 13.35700 12.27800 13.34600 6.44900 4.63900 9.57200 5.03500 2.55300 1.47500 5.19800 -1.93300 -3.87600 -1.44400 -7.30400 -8.52500 -8.98200
179.00000 12.86800 11.79000 11.88200 5.96100 4.63900 10.06100 4.54700 1.57700 1.47500 5.68600 -2.42100 -4.36400 -0.95600 -7.79200 -9.50100 -9.47100
180.00000 11.40300 11.30200 9.92800 4.49600 4.63900 9.57200 3.57100 2.55300 1.96300 5.19800 -2.90900 -4.36400 -0.46800 -7.79200 -9.50100 -8.98200
181.00000 9.93900 9.83700 8.46400 4.49600 4.63900 9.57200 2.59400 3.04200 2.94000 4.71000 -3.39800 -3.87600 0.50900 -7.79200 -8.52500 -8.00600
182.00000 9.45000 9.34900 7.48700 4.00800 4.63900 9.57200 2.10600 2.06500 3.42800 5.19800 -3.39800 -3.87600 1.48500 -7.30400 -7.06000 -6.54100
183.00000 9.45000 8.86000 7.48700 4.00800 4.63900 9.08400 2.10600 0.60000 2.45200 5.68600 -2.90900 -3.38700 2.46200 -5.83900 -5.59500 -4.58800
184.00000 10.42700 9.83700 8.46400 4.00800 4.15000 8.59600 2.59400 0.60000 1.47500 6.66300 -1.93300 -2.41100 3.43800 -5.35100 -4.13000 -3.12300
185.00000 11.89200 10.81300 8.95200 4.98500 3.66200 7.13100 2.59400 2.06500 1.96300 7.64000 -0.95600 -1.43400 3.92700 -4.86200 -2.66500 -2.63500
186.00000 13.35700 11.79000 9.44000 5.96100 3.66200 6.64300 2.59400 2.55300 1.96300 7.15100 -0.46800 -0.45800 3.92700 -4.86200 -2.66500 -3.12300
187.00000 13.84500 11.79000 8.95200 6.44900 3.66200 6.15400 2.10600 2.55300 0.49800 6.17500 -1.44400 0.03100 3.43800 -4.86200 -3.64200 -4.58800
188.00000 12.86800 11.30200 7.97500 6.44900 3.66200 6.64300 0.64100 2.55300 0.49800 4.71000 -2.42100 -0.45800 2.95000 -5.35100 -5.59500 -6.05300
189.00000 11.40300 10.81300 6.02200 5.47300 4.63900 7.13100 -0.33600 3.04200 1.47500 3.73300 -3.88600 -1.43400 1.97300 -6.32700 -8.03600 -7.51700
190.00000 9.93900 10.81300 4.55700 4.49600 5.12700 7.61900 -0.33600 4.01800 2.45200 3.73300 -3.88600 -1.92300 1.48500 -6.81600 -8.52500 -8.49400
191.00000 9.45000 11.30200 4.06900 3.52000 5.61500 7.61900 0.15300 4.01800 2.45200 3.24500 -3.88600 -1.43400 0.99700 -7.79200 -7.54800 -8.49400
192.00000 9.93900 12.27800 4.55700 3.52000 5.12700 7.61900 1.12900 3.53000 2.94000 3.24500 -3.39800 -0.45800 0.99700 -7.79200 -6.57100 -8.00600
193.00000 11.40300 12.76700 6.02200 4.49600 5.12700 8.10800 2.10600 2.55300 3.91600 3.73300 -2.90900 0.03100 1.97300 -6.32700 -5.59500 -7.02900
194.00000 13.35700 13.74300 7.48700 5.47300 5.12700 9.08400 3.08200 2.06500 4.89300 4.71000 -2.42100 0.03100 3.43800 -3.39800 -5.10700 -6.05300
195.00000 14.33300 15.20800 8.46400 5.96100 5.61500 10.06100 3.08200 0.60000 4.40500 7.15100 -1.44400 -0.45800 4.90300 0.02000 -5.10700 -5.07600
196.00000 14.82100 15.69600 8.46400 5.96100 6.59200 11.52500 2.59400 0.11200 3.42800 9.10400 -1.44400 -1.43400 5.88000 0.99700 -5.59500 -5.56400
197.00000 14.82100 16.67300 7.48700 5.96100 8.05700 12.50200 1.12900 0.60000 1.96300 9.59300 -2.42100 -2.89900 5.39100 -0.46800 -6.08300 -6.54100
198.00000 15.31000 17.16100 6.51000 6.44900 9.03300 11.52500 -0.33600 1.08800 0.98700 8.12800 -3.88600 -4.36400 2.46200 -3.39800 -7.06000 -8.98200
199.00000 16.77400 18.13800 6.51000 7.42600 9.52100 10.06100 -1.80100 1.08800 0.49800 5.68600 -6.32700 -5.34100 -0.46800 -6.32700 -8.03600 -11.42400
200.00000 17.75100 18.62600 6.99900 7.91400 9.03300 8.10800 -1.80100 1.08800 0.49800 3.24500 -7.79200 -6.80500 -3.39800 -8.76900 -9.50100 -13.86500
201.00000 17.75100 18.62600 7.48700 8.40300 8.54500 7.13100 -1.31200 1.08800 0.49800 2.26800 -7.30400 -7.29400 -4.37400 -9.25700 -10.47800 -14.84200
202.00000 17.26300 17.64900 7.97500 8.40300 7.56800 7.61900 -0.33600 2.06500 0.98700 2.26800 -6.32700 -7.78200 -4.37400 -9.25700 -9.98900 -14.84200
203.00000 16.28600 17.16100 8.46400 7.42600 6.59200 8.59600 0.64100 2.06500 1.96300 2.26800 -4.86200 -7.29400 -3.39800 -9.25700 -9.01300 -13.37700
204.00000 16.28600 17.16100 8.46400 6.93800 6.10400 10.06100 1.12900 1.08800 2.94000 3.24500 -3.88600 -6.31700 -2.42100 -9.25700 -8.03600 -11.91200
205.00000 16.77400 17.64900 8.95200 6.44900 6.10400 10.54900 1.61700 0.60000 2.94000 4.71000 -3.39800 -5.82900 -1.93300 -8.76900 -7.54800 -10.44700
206.00000 18.23900 19.11400 9.44000 6.93800 7.08000 11.52500 1.61700 0.60000 2.94000 5.68600 -3.39800 -5.34100 -1.44400 -7.30400 -7.54800 -9.47100
207.00000 19.70400 21.06700 9.92800 7.91400 8.05700 12.01400 1.61700 0.60000 2.45200 7.64000 -3.39800 -5.82900 -0.95600 -5.83900 -7.06000 -8.49400
208.00000 20.68100 22.53200 10.90500 8.89100 9.03300 12.50200 1.61700 1.57700 1.47500 8.61600 -3.39800 -6.31700 -0.95600 -4.86200 -6.57100 -7.51700
209.00000 21.65700 23.99700 11.88200 9.37900 10.49800 12.99000 1.61700 2.55300 0.98700 8.61600 -2.90900 -6.31700 0.02000 -4.86200 -5.10700 -5.56400
210.00000 22.63400 23.99700 12.85800 9.86700 10.01000 12.50200 2.10600 2.55300 0.98700 7.64000 -2.90900 -5.82900 0.02000 -4.86200 -4.61800 -5.07600
211.00000 23.12200 24.48500 13.34600 9.86700 10.01000 11.52500 2.10600 1.57700 1.96300 7.15100 -2.42100 -5.82900 -0.46800 -5.35100 -4.61800 -5.56400
212.00000 23.12200 24.48500 12.37000 9.37900 10.01000 11.52500 1.61700 0.11200 2.94000 7.15100 -3.39800 -5.82900 -0.95600 -5.35100 -6.08300 -6.54100
213.00000 22.14600 24.48500 9.92800 7.91400 10.49800 12.99000 0.64100 -0.86500 3.42800 8.12800 -3.88600 -5.82900 -0.95600 -4.86200 -7.54800 -8.00600
214.00000 21.16900 23.99700 6.99900 6.44900 10.98600 15.43200 -0.82400 -0.37600 3.42800 9.59300 -4.86200 -6.31700 -0.95600 -4.86200 -9.01300 -9.47100
215.00000 19.70400 23.02000 5.53400 4.98500 11.47500 16.89700 -1.80100 1.08800 2.94000 10.56900 -5.35100 -6.31700 -0.46800 -4.86200 -9.01300 -9.47100
216.00000 18.72800 21.55600 5.53400 4.98500 10.49800 16.40800 -1.80100 3.04200 3.42800 10.08100 -4.86200 -6.31700 0.02000 -4.86200 -8.03600 -8.49400
217.00000 18.72800 21.06700 7.97500 5.47300 10.01000 14.94300 0.15300 4.01800 3.91600 9.10400 -3.88600 -5.82900 0.50900 -4.86200 -6.57100 -8.00600
218.00000 19.70400 22.04400 11.39300 7.42600 9.52100 13.47900 2.59400 4.99500 3.42800 8.61600 -2.42100 -4.85200 0.02000 -4.86200 -5.59500 -7.51700
219.00000 21.16900 23.50900 13.83500 8.89100 10.49800 13.47900 4.54700 5.97100 2.45200 9.10400 -0.95600 -3.87600 -0.95600 -4.37400 -5.59500 -7.51700
220.00000 22.14600 25.46200 14.81100 9.86700 11.47500 14.94300 5.52400 5.97100 2.45200 10.08100 -0.46800 -2.89900 -1.93300 -3.88600 -6.08300 -7.51700
221.00000 22.63400 25.95000 13.83500 9.86700 11.96300 15.92000 5.52400 4.99500 1.47500 10.08100 0.02000 -2.41100 -2.42100 -4.37400 -6.08300 -7.02900
222.00000 22.14600 25.46200 12.37000 9.86700 11.47500 15.92000 5.03500 4.99500 0.01000 9.10400 0.50900 -1.92300 -2.42100 -5.35100 -6.08300 -6.54100
223.00000 21.65700 23.50900 11.39300 9.37900 9.52100 13.96700 5.03500 5.48300 -1.45500 6.66300 1.97300 -0.94600 -2.42100 -6.81600 -5.10700 -6.05300
224.00000 20.68100 21.55600 11.88200 9.37900 8.05700 11.03700 5.52400 5.48300 -0.47800 3.24500 2.95000 0.03100 -2.42100 -8.76900 -3.64200 -6.05300
225.00000 19.21600 19.60200 12.37000 8.89100 6.10400 9.08400 6.01200 4.50600 1.47500 2.26800 3.92700 1.49500 -1.93300 -9.25700 -2.17700 -6.05300
226.00000 17.75100 17.16100 12.37000 7.42600 5.12700 8.10800 6.01200 3.53000 1.96300 1.78000 3.43800 2.47200 -1.44400 -9.25700 -1.68900 -5.07600
227.00000 15.31000 14.72000 10.41700 5.96100 4.63900 7.61900 5.52400 3.53000 1.47500 2.26800 2.46200 2.96000 -0.46800 -7.79200 -1.68900 -4.10000
228.00000 13.35700 13.25500 8.46400 4.49600 4.63900 8.10800 4.05900 3.53000 1.47500 3.24500 0.50900 2.47200 0.50900 -6.32700 -2.17700 -3.61100
229.00000 12.86800 13.74300 7.48700 3.52000 5.12700 8.59600 2.59400 3.04200 1.47500 4.22200 -1.44400 0.51900 0.99700 -5.83900 -3.64200 -3.61100
230.00000 14.82100 15.69600 7.97500 4.98500 6.10400 10.06100 2.10600 2.06500 1.47500 4.71000 -2.90900 -1.43400 0.02000 -6.32700 -5.10700 -5.56400
231.00000 17.75100 19.11400 8.95200 6.93800 8.05700 11.03700 2.10600 2.06500 1.96300 4.71000 -4.37400 -3.87600 -0.95600 -8.28000 -6.57100 -7.51700
232.00000 19.70400 21.06700 9.92800 8.89100 9.52100 12.01400 2.10600 2.55300 2.45200 4.22200 -4.86200 -4.85200 -2.42100 -9.74500 -7.54800 -9.47100
233.00000 19.70400 21.55600 10.41700 9.37900 10.01000 11.52500 1.61700 2.06500 2.45200 3.73300 -5.35100 -5.82900 -2.90900 -10.23400 -8.03600 -9.95900
234.00000 18.23900 19.60200 9.44000 8.40300 9.52100 10.54900 0.15300 1.57700 1.47500 2.75700 -5.35100 -5.82900 -2.90900 -8.76900 -8.52500 -9.95900
235.00000 16.28600 17.16100 7.97500 6.93800 8.05700 8.59600 0.15300 1.08800 0.98700 3.24500 -4.37400 -5.82900 -1.93300 -7.30400 -8.03600 -8.49400
236.00000 14.82100 15.20800 7.48700 5.96100 7.08000 7.13100 0.15300 1.08800 0.98700 3.73300 -3.88600 -4.85200 -1.44400 -6.81600 -7.54800 -7.02900
237.00000 13.84500 14.72000 7.48700 4.98500 6.10400 6.64300 1.12900 1.57700 1.47500 4.22200 -2.90900 -3.87600 -1.44400 -6.32700 -6.57100 -6.54100
238.00000 13.84500 13.74300 7.48700 4.49600 5.61500 6.15400 2.10600 1.57700 0.49800 4.22200 -1.93300 -3.38700 -1.93300 -6.32700 -6.57100 -6.54100
239.00000 13.35700 13.74300 6.99900 4.49600 5.61500 6.15400 2.10600 1.08800 0.01000 4.22200 -1.93300 -3.38700 -2.42100 -5.35100 -6.08300 -6.54100
240.00000 12.86800 13.25500 6.02200 4.00800 5.61500 6.15400 1.61700 0.11200 0.49800 4.22200 -2.42100 -3.38700 -2.42100 -3.39800 -5.59500 -6.05300
241.00000 11.40300 12.27800 4.55700 3.03100 5.12700 6.64300 0.64100 -0.86500 1.96300 4.71000 -3.88600 -3.87600 -1.93300 -1.44400 -5.10700 -5.56400
242.00000 10.91500 12.27800 3.09200 2.54300 5.12700 6.64300 -0.82400 -0.86500 2.94000 5.68600 -5.35100 -4.36400 -0.46800 0.50900 -4.61800 -5.07600
243.00000 10.91500 13.25500 2.11600 2.05500 5.61500 7.13100 -2.77700 -1.84100 3.42800 6.66300 -6.32700 -5.34100 0.99700 1.48500 -4.61800 -4.10000
244.00000 11.40300 14.72000 1.13900 2.05500 6.10400 8.10800 -4.24200 -2.33000 4.40500 7.64000 -6.81600 -5.34100 2.46200 2.46200 -5.10700 -3.12300
245.00000 12.38000 16.18400 1.13900 2.05500 7.08000 9.57200 -5.21900 -2.81800 4.89300 8.61600 -6.32700 -4.85200 4.90300 3.43800 -5.59500 -2.14600
246.00000 12.38000 16.67300 1.13900 2.05500 7.08000 11.03700 -5.70700 -1.35300 3.91600 9.59300 -5.83900 -4.36400 6.85600 4.41500 -5.59500 -0.19300
247.00000 12.38000 16.18400 1.13900 2.05500 7.08000 11.52500 -5.21900 0.11200 1.96300 10.08100 -5.35100 -3.87600 8.80900 4.90300 -4.61800 1.76000
248.00000 11.89200 14.72000 1.62800 2.54300 6.10400 10.06100 -4.73000 1.08800 0.98700 9.10400 -4.37400 -2.89900 9.78600 4.41500 -3.64200 3.22500
249.00000 11.89200 13.74300 2.11600 3.03100 5.61500 8.10800 -3.75400 1.08800 0.49800 7.64000 -3.39800 -1.92300 9.29800 2.95000 -2.17700 4.20100
250.00000 11.89200 13.25500 2.60400 4.00800 4.63900 6.15400 -2.28900 0.60000 0.98700 6.17500 -2.42100 -1.43400 7.83300 1.48500 -1.68900 4.69000
251.00000 12.86800 14.23100 3.09200 4.98500 4.63900 5.66600 -1.31200 0.11200 1.96300 4.71000 -1.44400 -1.43400 6.36800 0.50900 -1.20000 4.69000
252.00000 13.84500 14.72000 4.06900 5.96100 5.12700 6.64300 -0.82400 -0.37600 1.96300 4.22200 -1.93300 -1.92300 5.39100 0.99700 -1.20000 4.20100
253.00000 13.84500 15.69600 4.55700 5.47300 6.10400 9.08400 -1.31200 -0.37600 1.47500 4.22200 -2.90900 -2.89900 4.41500 0.50900 -1.20000 3.22500
254.00000 14.33300 16.67300 4.55700 5.96100 7.08000 10.54900 -2.28900 0.11200 0.98700 5.19800 -4.37400 -3.87600 3.43800 -0.95600 -1.20000 2.24800
255.00000 14.82100 18.13800 4.55700 6.44900 7.56800 11.52500 -3.26500 -0.37600 1.47500 5.68600 -4.86200 -4.36400 1.97300 -3.39800 -2.17700 0.29500
256.00000 15.79800 18.13800 5.04600 7.42600 8.54500 10.54900 -3.26500 -0.37600 1.47500 5.19800 -3.88600 -3.38700 0.50900 -5.35100 -2.66500 -0.68200
