1.00000 4.34400 7.14100 -0.04100 0.86500 5.06600 10.50800 1.13900 2.25800 1.03800 6.50000 2.90900 3.63200 2.92000 3.78400 2.56300 0.83400
2.00000 1.41400 3.72300 -2.97000 -1.08800 3.11300 8.06700 0.16300 3.23500 0.06100 4.05900 1.93300 4.12000 1.94300 1.83100 2.07500 -0.63100
3.00000 -1.51600 0.30500 -5.90000 -2.06500 0.67100 4.16100 -0.81400 4.21100 -0.91600 1.12900 0.95600 3.63200 0.96600 -0.12200 1.58700 -3.07200
4.00000 -2.49200 -1.64800 -6.38800 -1.57700 -0.79300 1.71900 -0.81400 5.67600 -2.38000 -1.31200 0.95600 2.16700 -0.01000 -2.07500 0.12200 -5.02500
5.00000 -2.00400 -1.16000 -5.41200 -0.11200 -1.28200 0.74300 0.16300 6.16500 -3.35700 -2.28900 1.44400 1.67800 -0.98700 -3.05200 -0.36600 -6.00200
6.00000 -0.05100 0.79300 -2.48200 1.84100 -0.79300 1.23100 2.11600 4.70000 -2.86900 -2.28900 1.93300 1.19000 -1.96300 -3.54000 -0.85400 -6.00200
7.00000 1.41400 2.74700 -0.04100 3.79400 0.18300 2.20700 3.09200 3.72300 -1.40400 -1.80100 1.93300 1.19000 -3.42800 -4.02800 -1.83100 -6.00200
8.00000 2.87900 3.72300 1.42400 4.77100 0.18300 3.18400 4.06900 2.25800 -0.91600 -1.80100 1.93300 0.21400 -5.38100 -4.51700 -3.29600 -6.49000
9.00000 2.87900 3.72300 2.40100 4.28300 0.67100 3.67200 4.06900 0.79300 -0.42700 -1.31200 1.93300 -0.76300 -6.84600 -5.00500 -4.27200 -6.49000
10.00000 2.39100 3.23500 1.91200 3.79400 0.67100 3.67200 4.06900 -0.67100 0.06100 -1.31200 2.90900 -1.25100 -7.33400 -5.00500 -4.27200 -6.00200
11.00000 2.39100 2.25800 1.91200 2.81800 1.64800 4.16100 3.09200 -1.16000 -0.91600 -0.33600 3.39800 -1.74000 -7.82300 -4.51700 -3.29600 -5.51400
12.00000 2.39100 2.25800 1.42400 1.84100 2.62500 5.13700 2.60400 -0.67100 -0.42700 0.64100 3.39800 -1.74000 -7.33400 -3.54000 -1.83100 -4.53700
13.00000 2.87900 2.74700 1.91200 1.84100 3.60100 6.11400 2.60400 -1.16000 -0.42700 1.61700 2.90900 -1.74000 -6.84600 -3.05200 -1.34300 -4.04900
14.00000 3.36700 3.72300 2.40100 1.84100 4.57800 6.11400 2.11600 -2.13600 -0.42700 1.61700 2.42100 -1.74000 -6.35800 -2.56300 -1.34300 -4.04900
15.00000 4.34400 5.18800 2.88900 3.30600 4.57800 6.11400 1.62800 -3.60100 0.06100 1.12900 1.93300 -2.22800 -6.35800 -2.56300 -2.31900 -4.53700
16.00000 5.32000 6.65300 2.88900 4.28300 4.57800 5.62500 0.65100 -3.60100 0.06100 0.15300 1.44400 -2.22800 -6.35800 -2.56300 -2.80800 -5.02500
17.00000 6.29700 7.62900 2.40100 4.77100 4.57800 5.13700 -0.81400 -1.64800 -1.89200 0.15300 0.95600 -2.22800 -5.87000 -2.56300 -3.29600 -5.51400
18.00000 7.27300 8.60600 2.40100 5.25900 4.08900 4.64900 -2.27900 -0.18300 -4.33300 0.15300 -0.99700 -2.22800 -5.38100 -3.05200 -2.80800 -6.49000
19.00000 8.73800 8.60600 2.40100 5.74700 3.11300 3.67200 -3.25500 -1.16000 -5.79800 0.15300 -2.95000 -2.22800 -5.38100 -4.02800 -3.78400 -7.95500
20.00000 8.25000 7.62900 2.40100 5.25900 1.16000 2.20700 -4.23200 -2.13600 -7.26300 -1.31200 -4.90300 -2.22800 -5.87000 -5.98100 -5.24900 -8.93100
21.00000 7.27300 5.18800 1.91200 4.77100 -1.28200 -1.21100 -4.72000 -1.64800 -6.77500 -3.75400 -6.36800 -3.20400 -6.84600 -7.44600 -6.71400 -9.90800
22.00000 5.80900 3.23500 0.93600 3.79400 -3.72300 -4.14000 -4.23200 -0.67100 -6.28700 -6.68300 -6.85600 -3.69300 -7.82300 -8.42300 -8.17900 -10.39600
23.00000 4.83200 1.77000 0.44800 2.81800 -4.70000 -6.09300 -4.23200 -0.67100 -6.28700 -8.63600 -6.85600 -4.66900 -8.79900 -8.91100 -8.17900 -9.90800
24.00000 5.80900 2.25800 0.93600 2.33000 -4.21100 -5.60500 -3.25500 -2.62500 -4.33300 -9.12500 -5.88000 -4.18100 -8.79900 -8.42300 -7.20200 -9.42000
25.00000 7.27300 3.72300 1.91200 2.33000 -3.23500 -3.65200 -2.27900 -2.62500 -1.40400 -7.66000 -4.90300 -2.71600 -8.31100 -7.44600 -5.24900 -7.95500
26.00000 8.25000 5.18800 2.88900 2.81800 -1.77000 -1.21100 -1.79000 -1.64800 0.06100 -5.70700 -3.92700 -2.22800 -7.33400 -6.47000 -4.27200 -6.97800
27.00000 8.25000 6.16500 3.86600 2.33000 -0.30500 1.23100 -1.30200 -0.18300 0.54900 -3.75400 -2.46200 -1.25100 -5.87000 -5.00500 -3.29600 -6.00200
28.00000 7.76200 6.16500 4.35400 1.84100 0.67100 2.20700 -1.30200 0.30500 1.52600 -1.80100 -2.46200 -1.25100 -4.40500 -3.54000 -3.29600 -6.00200
29.00000 7.27300 6.16500 4.35400 1.84100 1.64800 3.18400 -0.81400 -0.18300 2.99100 -0.33600 -2.95000 -1.74000 -2.94000 -1.58700 -3.78400 -6.00200
30.00000 7.76200 7.14100 4.84200 1.84100 2.62500 3.18400 0.16300 -2.13600 3.96700 1.12900 -3.43800 -1.74000 -1.47500 0.36600 -3.78400 -5.02500
31.00000 8.73800 8.11800 4.84200 2.33000 3.60100 4.16100 0.16300 -3.60100 2.99100 2.10600 -3.43800 -1.74000 -0.49800 2.80800 -3.78400 -3.56000
32.00000 9.71500 9.09400 4.84200 2.81800 3.60100 3.67200 0.16300 -4.08900 2.01400 2.59400 -3.43800 -2.22800 -0.01000 3.78400 -3.78400 -2.09600
33.00000 10.69100 9.58300 4.84200 2.81800 3.60100 3.18400 -0.81400 -2.62500 1.03800 2.10600 -3.92700 -2.71600 -0.01000 3.78400 -3.78400 -1.60700
34.00000 10.69100 10.07100 4.35400 3.30600 3.60100 2.20700 -1.79000 -1.64800 1.03800 0.64100 -4.41500 -3.69300 -0.98700 2.31900 -4.76100 -2.58400
35.00000 11.18000 10.55900 5.33000 3.79400 3.60100 2.20700 -1.30200 -0.67100 1.03800 -0.82400 -5.88000 -4.66900 -2.45200 0.36600 -6.22600 -5.02500
36.00000 11.66800 11.53600 6.30700 4.77100 4.08900 3.18400 -0.32600 0.30500 0.06100 -1.80100 -5.88000 -5.15700 -4.89300 -0.61000 -7.20200 -7.95500
37.00000 12.64400 12.02400 7.77200 5.74700 4.08900 4.16100 1.62800 1.28200 -1.89200 -2.28900 -4.90300 -5.15700 -6.84600 -1.09900 -7.69000 -9.42000
38.00000 12.15600 11.53600 8.74800 5.74700 3.11300 4.64900 3.09200 3.23500 -2.86900 -1.80100 -3.43800 -4.18100 -7.33400 -1.09900 -7.20200 -9.42000
39.00000 11.18000 10.55900 7.77200 5.25900 0.67100 3.18400 3.58100 4.70000 -3.84500 -2.77700 -2.46200 -3.20400 -7.82300 -1.58700 -5.73700 -8.44300
40.00000 10.20300 8.60600 7.28400 5.25900 -1.28200 0.74300 4.55700 5.18800 -5.79800 -3.75400 -1.48500 -2.22800 -7.33400 -3.05200 -4.27200 -7.46700
41.00000 9.22600 7.62900 7.28400 5.25900 -3.23500 -1.69900 5.04600 5.18800 -5.79800 -5.70700 -0.99700 -1.25100 -6.84600 -5.49300 -3.78400 -7.46700
42.00000 9.22600 6.65300 8.26000 5.25900 -4.21100 -3.65200 6.51000 4.70000 -5.31000 -8.14800 -0.02000 -0.27500 -6.35800 -6.95800 -3.29600 -6.97800
43.00000 9.71500 8.11800 10.21300 6.23600 -4.21100 -3.16400 8.95200 3.72300 -5.31000 -9.12500 1.93300 1.19000 -5.38100 -6.95800 -2.80800 -6.49000
44.00000 10.69100 9.58300 12.16600 6.23600 -2.25800 -1.69900 10.41700 2.25800 -5.31000 -8.63600 2.90900 1.67800 -4.40500 -5.98100 -1.83100 -5.51400
45.00000 12.15600 11.04700 13.14300 6.23600 -0.79300 0.25400 10.90500 0.30500 -5.79800 -8.14800 2.90900 1.67800 -2.94000 -5.49300 -0.85400 -3.56000
46.00000 12.64400 12.51200 13.14300 6.23600 1.16000 1.71900 8.95200 -0.67100 -7.26300 -7.17200 0.95600 0.70200 -1.96300 -6.95800 -0.85400 -2.58400
47.00000 12.64400 13.00000 12.16600 6.23600 1.64800 2.20700 6.99900 -0.18300 -7.75100 -7.17200 -0.99700 -0.76300 -1.96300 -8.91100 -0.85400 -3.07200
48.00000 13.13300 13.00000 11.67800 7.21200 1.64800 1.71900 5.04600 0.79300 -7.75100 -8.63600 -2.46200 -2.22800 -2.94000 -10.37600 -1.83100 -4.53700
49.00000 13.13300 13.00000 11.67800 8.18900 0.18300 0.74300 4.55700 1.28200 -6.77500 -10.10100 -2.46200 -2.71600 -3.91600 -10.37600 -2.31900 -6.00200
50.00000 13.62100 13.00000 12.16600 9.16500 -1.28200 0.74300 5.04600 2.25800 -5.31000 -10.59000 -1.48500 -2.71600 -3.91600 -8.42300 -2.31900 -6.00200
51.00000 14.59800 13.97700 13.14300 9.65400 -1.28200 1.71900 6.51000 2.25800 -3.35700 -9.61300 -0.02000 -1.25100 -2.94000 -5.98100 -1.34300 -4.53700
52.00000 14.59800 14.46500 13.14300 9.16500 -0.79300 3.67200 7.48700 2.25800 -2.38000 -6.68300 1.44400 -0.27500 -0.49800 -3.54000 0.12200 -1.60700
53.00000 14.10900 13.97700 13.63100 8.18900 0.18300 5.13700 7.48700 1.28200 -3.84500 -3.75400 1.93300 1.19000 0.96600 -2.56300 1.58700 0.34600
54.00000 12.64400 12.51200 12.65500 6.72400 0.18300 5.13700 6.51000 0.30500 -4.82200 -2.77700 1.44400 1.19000 1.45500 -2.56300 1.09900 0.83400
55.00000 10.20300 10.07100 11.67800 5.25900 -0.30500 3.67200 4.55700 -0.18300 -4.33300 -3.26500 -0.02000 0.70200 0.96600 -4.02800 -0.85400 -0.63100
56.00000 7.27300 6.65300 9.72500 4.28300 -1.77000 0.25400 2.60400 0.30500 -3.84500 -5.70700 -1.97300 -0.27500 -1.47500 -5.49300 -3.29600 -3.56000
57.00000 4.83200 4.21100 7.77200 3.79400 -2.74700 -2.18700 1.13900 0.79300 -4.82200 -8.14800 -3.92700 -1.25100 -3.91600 -7.44600 -5.24900 -6.49000
58.00000 2.39100 2.25800 6.30700 3.30600 -2.74700 -3.65200 0.16300 1.28200 -6.28700 -9.61300 -4.41500 -1.74000 -5.38100 -8.42300 -6.22600 -8.44300
59.00000 1.41400 1.28200 5.33000 3.30600 -2.74700 -3.16400 0.16300 1.77000 -6.77500 -9.61300 -3.92700 -1.25100 -5.87000 -8.91100 -5.73700 -9.90800
60.00000 1.41400 1.28200 5.81900 3.30600 -2.74700 -1.69900 0.65100 1.28200 -5.79800 -9.61300 -2.95000 -0.27500 -5.87000 -8.91100 -5.24900 -9.42000
61.00000 1.41400 1.77000 6.30700 3.30600 -2.74700 -0.72200 1.62800 0.79300 -3.84500 -9.61300 -1.97300 0.70200 -5.87000 -8.91100 -4.27200 -9.42000
62.00000 1.90200 1.77000 5.33000 2.81800 -3.23500 -1.69900 2.11600 -0.18300 -3.84500 -10.10100 -1.97300 0.70200 -6.35800 -9.39900 -4.27200 -9.42000
63.00000 1.41400 1.28200 4.84200 2.33000 -3.72300 -3.16400 2.11600 0.79300 -3.35700 -10.59000 -1.48500 0.21400 -6.84600 -9.39900 -4.76100 -9.42000
64.00000 0.43700 0.79300 3.37700 1.35300 -3.72300 -4.14000 1.13900 1.77000 -2.86900 -10.10100 -0.99700 -0.27500 -7.33400 -8.42300 -4.76100 -8.93100
65.00000 -0.53900 -0.18300 2.40100 0.86500 -3.23500 -4.14000 0.16300 1.28200 -3.35700 -9.12500 -0.50900 -0.76300 -7.33400 -7.44600 -4.27200 -7.46700
66.00000 -0.53900 -0.18300 2.40100 0.86500 -2.25800 -2.67500 -0.32600 0.30500 -5.31000 -7.66000 -0.50900 -0.76300 -6.84600 -6.95800 -4.27200 -6.97800
67.00000 -0.05100 -0.18300 2.88900 1.84100 -1.77000 -1.21100 -0.32600 -0.18300 -5.31000 -6.68300 -1.97300 -0.76300 -7.33400 -7.44600 -5.24900 -6.97800
68.00000 0.43700 0.30500 2.88900 2.81800 -1.28200 -1.21100 -0.81400 -0.67100 -3.84500 -7.66000 -4.41500 -1.74000 -7.33400 -9.88800 -7.69000 -9.42000
69.00000 0.92600 -0.18300 1.91200 3.30600 -1.28200 -3.16400 -2.27900 -0.67100 -3.35700 -9.12500 -7.34500 -3.69300 -8.79900 -12.81700 -11.10800 -12.34900
70.00000 0.43700 -0.67100 0.44800 2.81800 -2.25800 -5.11700 -4.23200 -1.64800 -3.84500 -10.59000 -9.78600 -5.15700 -10.26400 -15.25900 -14.03800 -15.27900
71.00000 -0.05100 -1.64800 -1.01700 1.84100 -2.74700 -6.09300 -5.69700 -1.64800 -3.35700 -11.56600 -10.27400 -6.62200 -11.24100 -15.74700 -15.99100 -17.23200
72.00000 -1.02700 -3.60100 -2.48200 0.37600 -3.23500 -5.60500 -6.18500 -2.13600 -2.86900 -11.07800 -9.78600 -7.11100 -11.24100 -14.77100 -15.99100 -17.23200
73.00000 -1.51600 -4.08900 -1.50600 -0.11200 -3.23500 -4.14000 -4.72000 -1.16000 -1.89200 -10.10100 -8.80900 -6.62200 -10.75200 -13.79400 -15.50300 -16.25600
74.00000 -2.00400 -4.08900 -0.52900 0.37600 -3.23500 -2.67500 -3.74300 -0.18300 -2.86900 -8.63600 -8.32100 -6.62200 -10.26400 -13.79400 -15.50300 -15.76700
75.00000 -1.02700 -2.62500 0.44800 0.86500 -2.25800 -2.18700 -2.76700 -0.18300 -3.84500 -8.14800 -8.80900 -6.62200 -10.26400 -13.79400 -15.99100 -16.25600
76.00000 -0.53900 -1.16000 1.42400 1.84100 -1.28200 -2.67500 -2.76700 -0.67100 -3.35700 -8.14800 -10.27400 -7.59900 -10.75200 -13.30600 -17.45600 -16.25600
77.00000 -0.05100 -0.67100 0.93600 2.33000 -0.79300 -4.62800 -3.25500 -1.16000 -3.84500 -8.63600 -11.73900 -8.08700 -10.75200 -12.81700 -18.43300 -16.74400
78.00000 -0.05100 -1.16000 -0.04100 1.84100 -1.77000 -6.09300 -4.23200 -1.64800 -4.33300 -8.63600 -12.22700 -8.08700 -10.26400 -12.32900 -17.94400 -15.76700
79.00000 -1.51600 -3.60100 -1.99400 0.37600 -4.21100 -7.55800 -4.72000 -3.11300 -4.82200 -9.12500 -11.73900 -7.59900 -9.28800 -12.81700 -15.99100 -15.27900
80.00000 -3.46900 -6.53100 -3.45900 -1.08800 -6.16500 -9.02300 -5.20800 -3.60100 -4.33300 -10.10100 -9.78600 -6.62200 -8.31100 -12.81700 -14.03800 -14.30300
81.00000 -4.44500 -8.48400 -4.43500 -2.06500 -8.11800 -9.51100 -5.69700 -3.60100 -4.33300 -10.10100 -8.32100 -5.15700 -7.33400 -12.32900 -12.57300 -13.32600
82.00000 -4.44500 -8.48400 -4.43500 -2.55300 -8.11800 -9.51100 -6.18500 -2.62500 -3.35700 -9.61300 -7.34500 -4.18100 -6.35800 -10.86400 -11.59700 -12.83800
83.00000 -3.46900 -6.04200 -3.45900 -2.06500 -7.14100 -7.55800 -6.18500 -2.13600 -1.89200 -8.14800 -6.36800 -3.20400 -5.38100 -8.91100 -10.62000 -12.34900
84.00000 -1.02700 -3.11300 -1.50600 -1.57700 -5.67600 -5.60500 -5.20800 -1.64800 -2.38000 -6.68300 -5.88000 -2.22800 -4.89300 -7.93500 -9.64400 -11.37300
85.00000 0.92600 -0.67100 0.93600 -0.11200 -4.70000 -3.65200 -3.74300 -1.64800 -2.86900 -5.70700 -4.41500 -1.74000 -3.91600 -7.44600 -8.66700 -10.88500
86.00000 1.90200 -0.18300 2.88900 0.37600 -3.72300 -3.16400 -2.27900 -1.16000 -3.35700 -5.70700 -3.43800 -1.25100 -3.42800 -7.44600 -7.69000 -10.88500
87.00000 1.90200 -0.67100 4.35400 0.86500 -3.72300 -3.65200 -1.30200 -1.64800 -3.35700 -5.70700 -2.46200 -1.25100 -3.91600 -6.47000 -6.71400 -10.39600
88.00000 1.41400 -1.16000 4.84200 1.35300 -3.23500 -4.62800 -1.79000 -3.11300 -3.84500 -6.68300 -2.95000 -1.74000 -3.91600 -5.49300 -6.22600 -9.90800
89.00000 1.41400 -1.64800 4.84200 1.35300 -2.74700 -5.60500 -2.76700 -3.11300 -2.86900 -7.66000 -3.92700 -2.22800 -4.89300 -4.51700 -5.73700 -9.42000
90.00000 1.41400 -0.67100 3.86600 1.84100 -2.25800 -6.09300 -3.25500 -2.13600 -2.38000 -8.14800 -4.90300 -2.71600 -5.38100 -4.51700 -5.24900 -8.93100
91.00000 1.90200 0.30500 2.88900 1.84100 -2.25800 -5.11700 -3.74300 -1.16000 -3.35700 -8.63600 -4.90300 -2.71600 -4.89300 -4.51700 -4.76100 -8.44300
92.00000 2.39100 1.28200 2.88900 1.35300 -2.25800 -4.14000 -3.25500 -0.67100 -3.84500 -9.12500 -3.43800 -1.74000 -3.91600 -5.00500 -4.27200 -7.46700
93.00000 1.90200 1.77000 2.40100 0.86500 -2.25800 -3.16400 -2.27900 -1.16000 -3.35700 -9.12500 -1.48500 -1.25100 -2.94000 -4.51700 -3.78400 -6.49000
94.00000 1.90200 1.28200 2.40100 0.86500 -1.77000 -2.18700 -1.30200 -1.16000 -3.35700 -8.63600 -0.99700 -0.76300 -1.96300 -5.00500 -3.78400 -5.51400
95.00000 1.90200 0.79300 3.37700 0.86500 -1.77000 -1.69900 -0.32600 -2.13600 -4.33300 -8.14800 -1.97300 -1.25100 -1.96300 -5.49300 -4.76100 -5.51400
96.00000 1.90200 0.79300 3.86600 0.86500 -1.28200 -1.69900 -0.32600 -2.62500 -5.79800 -8.14800 -3.43800 -2.22800 -2.94000 -6.47000 -6.22600 -6.00200
97.00000 2.39100 1.28200 4.35400 1.35300 -0.79300 -2.18700 -0.32600 -2.62500 -6.28700 -8.63600 -5.39100 -3.20400 -4.89300 -7.44600 -7.69000 -7.46700
98.00000 2.39100 1.28200 3.37700 1.35300 -0.79300 -2.67500 -0.32600 -2.13600 -5.31000 -9.12500 -5.39100 -4.18100 -7.33400 -8.91100 -8.66700 -8.93100
99.00000 1.41400 1.77000 2.40100 0.86500 -0.79300 -3.65200 -0.81400 -1.16000 -5.31000 -9.12500 -4.41500 -4.18100 -8.79900 -9.39900 -8.66700 -9.42000
100.00000 0.43700 1.28200 1.42400 -0.11200 -0.79300 -4.62800 0.16300 -1.16000 -4.33300 -9.12500 -2.95000 -3.69300 -9.77600 -9.88800 -7.69000 -9.90800
101.00000 -0.05100 1.77000 0.93600 -0.11200 -0.79300 -4.14000 1.13900 -1.64800 -4.33300 -8.63600 -1.97300 -2.71600 -9.77600 -9.39900 -6.22600 -9.42000
102.00000 0.92600 3.23500 1.42400 0.37600 0.18300 -3.16400 2.11600 -2.13600 -4.82200 -7.66000 -0.99700 -2.22800 -9.28800 -8.42300 -5.24900 -8.93100
103.00000 2.87900 5.67600 3.37700 1.35300 1.64800 -1.21100 3.09200 -2.13600 -4.82200 -7.17200 -0.99700 -2.22800 -9.28800 -7.44600 -4.76100 -8.93100
104.00000 4.34400 7.14100 4.84200 2.33000 3.11300 0.74300 3.09200 -2.13600 -3.84500 -6.68300 -0.99700 -3.20400 -9.77600 -7.93500 -5.24900 -9.90800
105.00000 5.80900 7.62900 6.30700 2.81800 3.60100 1.71900 2.60400 -3.11300 -4.33300 -6.68300 -2.46200 -4.18100 -10.75200 -8.91100 -7.20200 -11.37300
106.00000 5.80900 7.14100 6.79500 3.30600 3.60100 0.74300 1.62800 -3.11300 -4.82200 -7.66000 -3.92700 -5.64600 -11.72900 -10.86400 -10.13200 -13.32600
107.00000 5.32000 5.67600 6.79500 3.79400 3.11300 -0.72200 1.13900 -2.62500 -5.31000 -8.14800 -5.39100 -6.62200 -12.70500 -11.84100 -13.06200 -14.79100
108.00000 5.32000 5.18800 5.81900 4.28300 3.11300 -1.69900 0.65100 -3.11300 -5.31000 -8.63600 -5.88000 -7.11100 -13.19400 -11.84100 -14.03800 -15.27900
109.00000 5.80900 5.67600 5.81900 4.77100 3.11300 -2.18700 1.13900 -3.11300 -6.28700 -8.63600 -5.88000 -7.11100 -12.70500 -11.35300 -14.03800 -15.76700
110.00000 5.80900 6.65300 5.33000 4.77100 3.60100 -1.69900 1.13900 -3.11300 -6.28700 -8.14800 -5.39100 -7.11100 -12.21700 -10.86400 -13.06200 -15.27900
111.00000 6.29700 7.14100 5.33000 4.28300 3.60100 -1.21100 1.62800 -3.11300 -5.31000 -7.66000 -5.88000 -6.62200 -12.70500 -11.35300 -12.08500 -15.27900
112.00000 5.80900 7.14100 4.84200 3.79400 3.11300 -0.72200 1.13900 -3.60100 -4.82200 -8.14800 -6.85600 -6.62200 -12.70500 -11.35300 -12.08500 -15.76700
113.00000 4.83200 5.67600 4.35400 2.81800 2.62500 -0.72200 1.13900 -5.55400 -3.35700 -7.66000 -6.85600 -6.62200 -12.21700 -10.86400 -12.08500 -16.25600
114.00000 3.85500 4.21100 3.86600 1.84100 2.13600 -0.72200 0.65100 -5.06600 -2.38000 -6.68300 -6.36800 -6.13400 -10.75200 -9.39900 -12.08500 -15.27900
115.00000 3.36700 3.23500 3.37700 1.84100 1.64800 -0.72200 0.65100 -3.60100 -1.89200 -5.21900 -5.39100 -6.62200 -9.28800 -7.93500 -10.62000 -13.81400
116.00000 3.36700 3.72300 2.88900 1.84100 2.13600 -0.72200 -0.32600 -2.62500 -1.40400 -3.75400 -3.92700 -6.62200 -7.82300 -7.44600 -9.15500 -13.32600
117.00000 3.85500 4.21100 2.88900 1.84100 2.62500 -1.21100 -0.32600 -3.60100 -2.38000 -3.26500 -3.43800 -6.13400 -7.33400 -8.42300 -8.17900 -13.32600
118.00000 3.85500 5.18800 2.88900 1.84100 2.62500 -1.69900 -0.32600 -3.60100 -3.84500 -3.26500 -2.95000 -5.15700 -7.33400 -9.88800 -7.69000 -14.30300
119.00000 3.85500 4.70000 2.88900 1.84100 1.64800 -2.18700 0.65100 -3.11300 -4.33300 -3.75400 -1.97300 -3.69300 -7.33400 -10.37600 -8.17900 -14.30300
120.00000 3.85500 4.21100 3.37700 1.84100 0.67100 -2.18700 0.65100 -2.13600 -4.33300 -4.73000 -0.99700 -1.74000 -7.33400 -9.88800 -7.69000 -13.81400
121.00000 3.85500 3.23500 3.37700 1.84100 -0.30500 -2.18700 0.65100 -1.64800 -6.28700 -5.70700 -0.50900 -0.76300 -6.84600 -9.88800 -7.69000 -12.34900
122.00000 4.83200 2.74700 3.86600 2.33000 -0.79300 -2.18700 -0.32600 -2.13600 -7.26300 -6.68300 -0.99700 -0.27500 -6.35800 -10.86400 -6.71400 -11.37300
123.00000 4.34400 2.25800 2.88900 2.33000 -1.28200 -3.16400 -1.30200 -2.62500 -6.77500 -7.66000 -1.48500 -0.76300 -6.84600 -13.30600 -6.22600 -11.86100
124.00000 4.34400 2.25800 1.91200 1.84100 -2.25800 -4.62800 -1.79000 -1.16000 -5.79800 -9.61300 -0.99700 -0.76300 -7.82300 -15.25900 -6.22600 -12.83800
125.00000 2.87900 0.79300 -0.04100 0.86500 -3.23500 -6.58200 -2.27900 0.30500 -5.31000 -10.59000 0.46800 -0.27500 -8.79900 -15.74700 -5.73700 -13.81400
126.00000 0.92600 -0.67100 -1.99400 -0.11200 -4.21100 -8.04600 -1.30200 -0.18300 -4.82200 -11.07800 2.90900 1.19000 -8.31100 -14.28200 -4.27200 -12.83800
127.00000 -0.05100 -1.16000 -2.97000 -1.08800 -4.21100 -8.04600 0.16300 -0.67100 -4.82200 -10.59000 5.83900 3.14300 -7.33400 -11.35300 -1.34300 -10.39600
128.00000 0.43700 -1.16000 -2.97000 -1.08800 -3.72300 -7.55800 0.65100 -0.18300 -5.79800 -10.10100 7.30400 4.12000 -5.87000 -8.91100 1.58700 -6.97800
129.00000 0.92600 -0.18300 -2.48200 -0.60000 -2.74700 -7.07000 0.16300 -1.64800 -5.79800 -9.12500 6.81600 4.12000 -4.89300 -8.42300 4.02800 -4.04900
130.00000 0.92600 -0.18300 -2.48200 -0.11200 -2.25800 -7.55800 -0.32600 -3.11300 -6.77500 -9.12500 4.86200 3.14300 -5.38100 -8.91100 4.02800 -4.04900
131.00000 0.43700 -1.16000 -2.48200 -0.11200 -2.74700 -9.02300 -1.79000 -3.60100 -7.75100 -10.10100 1.44400 1.19000 -7.33400 -10.86400 1.09900 -6.49000
132.00000 -1.02700 -2.62500 -2.97000 -1.08800 -3.72300 -9.51100 -3.74300 -2.13600 -8.24000 -10.59000 -1.97300 -1.25100 -9.28800 -12.32900 -4.27200 -10.39600
133.00000 -2.00400 -3.60100 -2.97000 -1.57700 -5.18800 -10.00000 -4.23200 -1.64800 -7.75100 -11.56600 -4.41500 -2.71600 -10.26400 -13.30600 -9.15500 -14.30300
134.00000 -2.00400 -4.08900 -2.48200 -2.06500 -6.16500 -9.51100 -4.23200 -1.16000 -7.26300 -11.56600 -3.92700 -3.20400 -10.75200 -13.30600 -12.08500 -16.74400
135.00000 -1.02700 -3.60100 -1.50600 -1.08800 -5.67600 -8.53500 -3.25500 -1.16000 -7.75100 -11.07800 -2.46200 -2.71600 -9.77600 -12.81700 -11.59700 -17.23200
136.00000 -0.05100 -2.62500 -0.52900 -1.08800 -5.67600 -9.02300 -1.79000 -1.64800 -7.26300 -11.07800 0.46800 -0.76300 -8.79900 -11.35300 -8.66700 -16.25600
137.00000 0.92600 -2.13600 -0.04100 -0.11200 -5.18800 -10.00000 -0.32600 -2.13600 -5.79800 -11.07800 1.44400 0.21400 -7.82300 -9.39900 -5.24900 -14.79100
138.00000 0.92600 -1.64800 -1.01700 -0.60000 -5.18800 -10.97600 0.16300 -2.13600 -5.79800 -10.59000 1.93300 0.70200 -7.33400 -8.42300 -3.29600 -13.32600
139.00000 0.92600 -1.64800 -1.50600 -0.60000 -4.21100 -10.97600 -0.81400 -2.13600 -6.77500 -9.61300 0.46800 0.21400 -7.33400 -7.44600 -3.78400 -12.83800
140.00000 0.92600 -1.16000 -1.99400 -1.08800 -3.72300 -10.00000 -1.30200 -2.13600 -6.77500 -8.63600 -0.99700 -1.25100 -7.33400 -7.44600 -5.73700 -12.83800
141.00000 0.92600 -0.67100 -1.99400 -1.08800 -3.23500 -8.53500 -1.79000 -1.16000 -6.28700 -8.63600 -1.48500 -2.22800 -7.33400 -7.93500 -7.20200 -13.32600
142.00000 0.43700 -0.67100 -1.01700 -1.57700 -3.23500 -8.53500 -1.30200 -1.16000 -7.26300 -9.12500 -0.99700 -2.71600 -7.82300 -8.42300 -8.17900 -13.81400
143.00000 -1.02700 -1.64800 -1.01700 -2.06500 -4.21100 -9.51100 -0.81400 -2.13600 -8.24000 -9.61300 -1.48500 -2.22800 -8.31100 -8.42300 -7.69000 -13.81400
144.00000 -2.49200 -3.11300 -1.99400 -3.04200 -5.18800 -10.97600 -1.30200 -3.11300 -8.72800 -10.59000 -2.46200 -1.25100 -8.79900 -8.91100 -7.20200 -13.81400
145.00000 -2.98100 -3.60100 -3.45900 -3.53000 -6.16500 -11.46400 -1.79000 -3.60100 -8.24000 -11.07800 -3.92700 -0.27500 -8.79900 -9.39900 -7.20200 -13.81400
146.00000 -2.49200 -3.11300 -4.43500 -3.53000 -6.16500 -11.46400 -2.76700 -3.11300 -8.24000 -11.56600 -5.88000 -0.76300 -9.28800 -10.86400 -7.69000 -14.30300
147.00000 -1.02700 -1.64800 -4.92400 -2.55300 -5.18800 -10.48800 -3.74300 -3.60100 -8.72800 -11.56600 -7.83300 -1.74000 -10.26400 -11.84100 -8.17900 -14.79100
148.00000 0.92600 0.30500 -3.94700 -1.57700 -3.72300 -9.51100 -4.23200 -4.08900 -9.21600 -11.56600 -9.29800 -3.69300 -11.24100 -12.81700 -9.64400 -15.76700
149.00000 1.90200 1.77000 -2.97000 -0.11200 -2.74700 -9.02300 -4.72000 -4.57800 -8.24000 -12.05400 -10.76300 -5.64600 -12.21700 -14.28200 -11.10800 -16.74400
150.00000 1.90200 2.25800 -2.48200 0.37600 -1.77000 -8.53500 -5.20800 -4.57800 -6.77500 -12.05400 -11.73900 -7.11100 -13.19400 -15.74700 -12.57300 -17.72100
151.00000 0.92600 1.77000 -2.48200 0.86500 -1.28200 -7.07000 -5.69700 -5.06600 -6.28700 -12.05400 -12.71600 -8.08700 -14.17000 -16.72400 -14.03800 -18.20900
152.00000 0.43700 1.28200 -2.48200 0.37600 -0.30500 -5.60500 -6.18500 -4.57800 -6.77500 -11.56600 -12.71600 -8.08700 -13.68200 -16.23500 -14.52600 -18.69700
153.00000 0.43700 0.30500 -1.99400 -0.11200 0.18300 -4.62800 -5.69700 -3.11300 -6.77500 -10.59000 -11.73900 -7.59900 -12.70500 -14.28200 -13.55000 -17.72100
154.00000 0.43700 0.79300 -1.01700 -0.60000 0.18300 -5.11700 -4.23200 -1.64800 -7.26300 -9.12500 -9.78600 -6.62200 -11.24100 -11.35300 -11.10800 -15.76700
155.00000 0.92600 0.79300 -0.04100 -0.60000 -0.30500 -5.60500 -1.79000 -1.64800 -8.72800 -7.66000 -7.34500 -4.18100 -9.77600 -8.42300 -7.20200 -12.83800
156.00000 0.92600 0.79300 0.44800 -0.60000 -1.28200 -7.07000 0.16300 -1.64800 -10.19300 -7.66000 -5.39100 -2.22800 -9.28800 -8.42300 -5.24900 -10.88500
157.00000 -0.05100 0.30500 0.93600 -0.11200 -2.25800 -8.04600 1.13900 -1.16000 -9.70500 -8.63600 -4.41500 -1.25100 -10.75200 -10.86400 -4.76100 -10.88500
158.00000 -0.05100 0.30500 0.93600 0.86500 -3.23500 -8.53500 1.13900 -1.64800 -8.72800 -10.10100 -5.39100 -1.25100 -12.21700 -13.79400 -6.71400 -11.86100
159.00000 -0.53900 -0.18300 0.44800 0.86500 -3.72300 -9.02300 0.16300 -3.60100 -8.24000 -12.05400 -7.34500 -2.22800 -12.70500 -15.74700 -9.64400 -13.32600
160.00000 -1.02700 -0.67100 -0.04100 0.37600 -4.21100 -9.51100 -0.81400 -3.60100 -7.75100 -12.54300 -9.29800 -3.69300 -12.70500 -14.77100 -12.08500 -14.79100
161.00000 -1.51600 -1.64800 -0.52900 -0.60000 -4.21100 -10.00000 -1.30200 -2.62500 -6.28700 -12.05400 -10.27400 -4.66900 -11.24100 -11.35300 -13.06200 -14.79100
162.00000 -2.49200 -2.62500 -1.50600 -2.06500 -3.72300 -10.97600 -1.79000 -2.13600 -5.31000 -10.59000 -10.76300 -5.15700 -8.79900 -8.42300 -12.08500 -13.32600
163.00000 -3.46900 -2.62500 -1.99400 -2.55300 -3.23500 -10.97600 -1.79000 -2.62500 -4.82200 -9.12500 -9.78600 -4.18100 -7.33400 -6.95800 -10.13200 -11.37300
164.00000 -3.46900 -2.13600 -1.50600 -2.55300 -2.25800 -9.51100 -0.81400 -2.62500 -5.31000 -7.66000 -8.80900 -2.71600 -6.84600 -6.95800 -8.66700 -9.90800
165.00000 -2.49200 -0.67100 -0.52900 -1.57700 -1.77000 -7.07000 -0.32600 -2.13600 -4.82200 -6.68300 -7.83300 -1.25100 -6.84600 -7.44600 -7.20200 -8.93100
166.00000 -1.02700 0.79300 -0.04100 -0.60000 -1.28200 -4.62800 1.13900 -1.64800 -5.31000 -5.70700 -6.85600 -0.76300 -7.33400 -7.44600 -7.20200 -8.93100
167.00000 -0.05100 1.28200 -0.04100 0.37600 -1.28200 -3.65200 1.13900 -2.13600 -5.79800 -4.73000 -6.85600 -0.76300 -7.82300 -7.44600 -6.71400 -9.42000
168.00000 -0.05100 1.28200 -0.52900 0.37600 -1.77000 -4.14000 1.62800 -3.11300 -5.79800 -4.73000 -6.36800 -1.25100 -7.82300 -7.93500 -7.20200 -9.42000
169.00000 -1.02700 0.30500 -1.50600 -0.11200 -2.25800 -5.60500 0.65100 -4.57800 -5.31000 -5.70700 -6.85600 -2.22800 -8.31100 -8.91100 -8.17900 -9.90800
170.00000 -2.00400 -0.18300 -2.97000 -1.08800 -2.25800 -7.07000 -0.32600 -3.60100 -3.35700 -6.19500 -6.85600 -2.71600 -8.31100 -9.39900 -9.15500 -10.39600
171.00000 -2.98100 -0.67100 -4.43500 -2.06500 -2.25800 -7.55800 -1.79000 -3.11300 -3.35700 -6.68300 -6.85600 -2.22800 -8.31100 -8.91100 -9.15500 -10.39600
172.00000 -3.95700 -1.16000 -5.90000 -2.55300 -1.77000 -7.07000 -2.76700 -2.13600 -3.84500 -6.68300 -6.85600 -1.74000 -6.84600 -6.95800 -7.69000 -8.93100
173.00000 -3.95700 -1.16000 -5.90000 -2.55300 -1.28200 -6.09300 -2.76700 -2.13600 -3.84500 -4.73000 -5.88000 -0.76300 -5.38100 -3.54000 -5.24900 -6.00200
174.00000 -3.46900 -0.67100 -5.41200 -2.06500 -1.28200 -5.11700 -1.30200 -2.13600 -4.33300 -3.26500 -4.41500 0.21400 -4.40500 -1.58700 -2.31900 -3.56000
175.00000 -2.00400 -0.18300 -3.45900 -1.08800 -0.79300 -4.62800 0.16300 -2.62500 -5.31000 -1.80100 -2.95000 0.70200 -4.40500 -1.58700 -0.85400 -1.60700
176.00000 -0.05100 1.28200 -1.50600 -0.11200 -0.30500 -4.14000 1.62800 -2.62500 -7.26300 -2.28900 -2.95000 0.21400 -5.38100 -4.02800 -0.85400 -2.58400
177.00000 1.90200 2.25800 -0.04100 0.86500 -0.30500 -4.14000 1.62800 -3.11300 -8.24000 -3.75400 -4.41500 -0.27500 -7.33400 -7.44600 -3.29600 -5.02500
178.00000 1.41400 2.74700 -0.52900 0.37600 -0.79300 -5.11700 0.16300 -4.08900 -7.26300 -6.19500 -6.85600 -1.25100 -8.31100 -10.86400 -5.73700 -8.44300
179.00000 -0.05100 0.79300 -2.48200 -0.60000 -2.25800 -7.55800 -1.79000 -5.06600 -5.79800 -8.63600 -9.78600 -2.71600 -9.28800 -13.30600 -7.69000 -10.39600
180.00000 -2.98100 -2.62500 -5.41200 -2.55300 -4.21100 -10.48800 -3.74300 -5.55400 -5.31000 -10.10100 -11.73900 -3.69300 -9.77600 -13.79400 -8.17900 -10.88500
181.00000 -5.91000 -5.55400 -7.36500 -3.53000 -5.67600 -12.92900 -5.20800 -5.55400 -6.28700 -11.07800 -12.71600 -4.18100 -9.28800 -13.30600 -8.17900 -9.90800
182.00000 -6.39900 -6.53100 -7.85300 -3.53000 -5.67600 -12.44100 -5.69700 -5.06600 -6.77500 -10.59000 -13.69200 -5.15700 -9.77600 -12.81700 -8.66700 -9.42000
183.00000 -3.95700 -4.08900 -5.90000 -2.06500 -3.72300 -9.02300 -5.20800 -4.57800 -6.77500 -9.12500 -13.69200 -6.62200 -10.75200 -12.81700 -10.13200 -9.42000
184.00000 0.92600 0.79300 -2.48200 0.37600 -0.79300 -4.62800 -3.25500 -3.11300 -6.28700 -7.66000 -13.20400 -7.59900 -12.70500 -13.30600 -12.57300 -10.88500
185.00000 5.32000 5.67600 1.42400 2.81800 1.64800 -1.21100 -1.30200 -2.13600 -5.79800 -6.19500 -11.25100 -8.08700 -14.17000 -13.30600 -14.03800 -12.34900
186.00000 7.27300 7.62900 3.37700 4.28300 2.62500 -0.23400 1.13900 -2.13600 -6.77500 -5.70700 -8.80900 -7.59900 -15.14700 -11.84100 -14.03800 -12.34900
187.00000 7.27300 6.65300 3.86600 4.77100 2.13600 -1.21100 3.09200 -2.62500 -6.77500 -5.21900 -6.36800 -5.64600 -15.14700 -9.88800 -11.59700 -10.88500
188.00000 5.80900 4.21100 3.37700 4.28300 0.67100 -2.67500 4.06900 -1.64800 -5.79800 -5.21900 -4.90300 -3.69300 -13.68200 -7.93500 -8.17900 -8.93100
189.00000 4.34400 2.25800 2.40100 3.79400 -0.79300 -3.65200 4.06900 -2.13600 -5.79800 -5.21900 -5.39100 -2.71600 -11.72900 -7.93500 -5.73700 -6.97800
190.00000 3.85500 1.77000 1.91200 2.81800 -1.77000 -3.65200 3.09200 -3.11300 -6.77500 -5.21900 -7.34500 -2.22800 -11.24100 -8.91100 -5.24900 -7.46700
191.00000 3.85500 1.28200 1.91200 2.33000 -1.77000 -4.62800 1.62800 -3.11300 -7.26300 -5.70700 -8.80900 -2.71600 -11.24100 -10.37600 -7.20200 -9.42000
192.00000 2.87900 0.30500 1.42400 1.84100 -2.25800 -6.09300 0.16300 -2.13600 -6.77500 -6.68300 -10.76300 -4.18100 -12.21700 -11.84100 -10.13200 -11.86100
193.00000 1.90200 -0.67100 1.42400 1.35300 -2.74700 -8.04600 0.16300 -2.62500 -6.77500 -7.17200 -11.25100 -4.66900 -12.70500 -12.32900 -11.59700 -13.32600
194.00000 1.41400 -0.67100 0.93600 1.35300 -2.74700 -9.02300 0.16300 -4.08900 -7.26300 -7.17200 -11.25100 -4.18100 -12.21700 -11.84100 -11.10800 -12.34900
195.00000 1.41400 0.30500 0.44800 0.86500 -2.25800 -8.04600 0.65100 -3.11300 -7.26300 -7.66000 -10.76300 -3.20400 -10.75200 -10.37600 -9.15500 -10.39600
196.00000 2.39100 1.77000 -0.04100 0.86500 -1.77000 -6.09300 1.13900 -0.67100 -7.75100 -7.66000 -10.27400 -2.22800 -8.31100 -8.91100 -6.22600 -7.46700
197.00000 2.39100 2.25800 -0.52900 -0.11200 -2.74700 -5.60500 0.65100 -0.18300 -8.24000 -7.66000 -9.29800 -0.76300 -6.35800 -7.93500 -3.78400 -5.51400
198.00000 1.41400 0.30500 -1.01700 -0.60000 -4.21100 -6.09300 0.65100 -2.13600 -8.24000 -8.14800 -7.83300 0.21400 -4.89300 -6.95800 -2.31900 -5.02500
199.00000 -0.05100 -2.62500 -1.01700 -1.08800 -6.16500 -8.53500 0.65100 -2.62500 -9.21600 -8.63600 -6.85600 1.19000 -4.89300 -7.44600 -1.83100 -5.02500
200.00000 -0.53900 -4.57800 -0.04100 -0.60000 -6.65300 -10.97600 0.65100 -1.64800 -9.70500 -9.61300 -6.85600 1.67800 -5.38100 -8.42300 -2.31900 -5.51400
201.00000 0.43700 -4.08900 0.93600 0.37600 -6.16500 -11.46400 1.13900 -1.16000 -9.21600 -10.59000 -7.83300 1.19000 -6.84600 -9.39900 -3.29600 -6.49000
202.00000 2.39100 -2.13600 0.93600 1.84100 -4.21100 -10.00000 0.65100 -3.11300 -8.24000 -11.07800 -9.29800 0.21400 -8.31100 -11.84100 -6.22600 -8.44300
203.00000 3.85500 0.79300 0.93600 2.81800 -2.25800 -7.55800 -0.32600 -4.57800 -7.75100 -11.07800 -10.76300 -2.22800 -11.24100 -13.79400 -9.64400 -11.37300
204.00000 4.83200 2.25800 0.44800 3.30600 -0.79300 -5.60500 -0.81400 -3.60100 -6.77500 -10.59000 -12.22700 -4.18100 -14.17000 -15.25900 -13.06200 -14.79100
205.00000 4.83200 2.74700 -0.04100 3.30600 0.18300 -5.11700 -1.79000 -2.62500 -6.28700 -9.61300 -13.69200 -6.13400 -17.10000 -17.21200 -15.50300 -18.20900
206.00000 5.32000 3.72300 -0.04100 3.30600 0.67100 -4.62800 -1.79000 -3.11300 -7.75100 -9.12500 -15.15700 -7.59900 -19.05300 -18.67700 -17.45600 -21.13900
207.00000 5.80900 5.18800 0.44800 3.79400 1.64800 -4.14000 -1.79000 -3.11300 -8.72800 -8.63600 -16.13400 -8.08700 -20.03000 -19.65300 -18.43300 -22.60300
208.00000 6.78500 6.16500 0.93600 4.28300 1.64800 -4.14000 -2.27900 -3.11300 -7.26300 -9.61300 -16.62200 -8.08700 -20.03000 -19.65300 -19.40900 -23.09200
209.00000 6.78500 6.65300 0.93600 4.28300 1.64800 -4.14000 -2.76700 -3.60100 -6.28700 -10.59000 -17.11000 -8.08700 -19.54100 -19.65300 -20.38600 -23.58000
210.00000 5.80900 5.18800 -0.04100 4.28300 1.16000 -5.60500 -2.76700 -3.60100 -6.28700 -11.56600 -17.11000 -8.08700 -18.07700 -19.16500 -20.87400 -23.09200
211.00000 4.34400 2.74700 -1.01700 3.30600 0.18300 -7.55800 -3.25500 -3.11300 -6.77500 -12.54300 -16.62200 -7.59900 -16.61200 -17.70000 -20.38600 -22.60300
212.00000 2.39100 0.30500 -1.50600 2.33000 -0.79300 -9.02300 -3.25500 -3.60100 -7.75100 -12.54300 -16.62200 -7.11100 -14.65900 -16.72400 -17.94400 -21.13900
213.00000 1.41400 -0.18300 -1.50600 1.35300 -0.30500 -9.51100 -3.25500 -3.60100 -8.72800 -12.05400 -16.13400 -6.13400 -13.19400 -15.25900 -15.01500 -18.69700
214.00000 1.90200 0.30500 -1.50600 1.35300 -0.30500 -9.02300 -3.25500 -2.62500 -9.21600 -11.56600 -16.62200 -5.64600 -11.72900 -14.77100 -12.57300 -16.25600
215.00000 2.87900 1.28200 -1.01700 1.84100 -0.30500 -8.04600 -2.76700 -2.62500 -9.70500 -12.05400 -17.11000 -5.64600 -11.72900 -15.25900 -12.08500 -14.30300
216.00000 3.85500 2.25800 0.44800 2.81800 -0.30500 -6.58200 -1.79000 -2.62500 -9.70500 -13.03100 -17.59800 -6.13400 -12.21700 -16.72400 -13.55000 -14.30300
217.00000 5.32000 2.25800 1.42400 3.79400 -0.79300 -6.09300 -0.81400 -2.13600 -9.70500 -14.00800 -18.08700 -7.11100 -13.68200 -18.18800 -15.99100 -15.76700
218.00000 6.78500 2.74700 3.37700 4.77100 -0.30500 -7.07000 0.65100 -0.67100 -10.19300 -14.49600 -17.59800 -7.59900 -14.65900 -19.65300 -17.94400 -17.72100
219.00000 7.27300 3.23500 5.33000 5.25900 -0.30500 -8.04600 1.62800 -1.16000 -10.68100 -14.00800 -17.11000 -7.59900 -16.12300 -20.14200 -18.92100 -19.18500
220.00000 7.76200 3.23500 6.30700 5.25900 -0.30500 -9.02300 2.60400 -2.62500 -9.70500 -13.51900 -15.64500 -7.11100 -16.61200 -19.65300 -17.94400 -19.67400
221.00000 7.27300 3.23500 6.30700 4.77100 -0.30500 -9.02300 3.09200 -3.60100 -8.24000 -12.54300 -14.66900 -6.13400 -16.12300 -19.16500 -16.96800 -19.67400
222.00000 6.78500 2.74700 5.33000 4.77100 -0.79300 -9.02300 2.60400 -3.60100 -7.26300 -12.05400 -14.66900 -5.64600 -16.12300 -18.18800 -15.99100 -19.67400
223.00000 6.29700 2.25800 5.33000 4.77100 -0.30500 -8.53500 2.60400 -3.11300 -6.77500 -11.07800 -15.15700 -6.13400 -16.12300 -16.23500 -15.99100 -20.16200
224.00000 7.27300 2.74700 6.30700 4.77100 0.18300 -7.07000 2.11600 -2.13600 -7.75100 -9.12500 -15.15700 -6.62200 -16.12300 -14.28200 -15.99100 -20.16200
225.00000 8.73800 4.21100 8.26000 5.74700 1.64800 -5.60500 2.60400 -1.64800 -7.75100 -7.66000 -14.66900 -6.62200 -15.63500 -12.81700 -15.50300 -19.18500
226.00000 9.71500 5.67600 9.23700 6.23600 2.62500 -3.65200 4.06900 -0.67100 -6.77500 -5.70700 -13.20400 -5.64600 -15.63500 -12.32900 -14.03800 -17.72100
227.00000 10.20300 6.16500 10.21300 6.72400 2.62500 -2.67500 5.04600 -0.18300 -6.28700 -5.21900 -11.25100 -4.18100 -15.63500 -13.30600 -12.57300 -16.74400
228.00000 9.71500 6.16500 10.21300 7.21200 2.13600 -2.18700 6.51000 -0.18300 -7.26300 -5.21900 -9.78600 -2.71600 -15.63500 -13.79400 -11.10800 -15.76700
229.00000 8.73800 5.18800 9.72500 7.21200 2.13600 -2.67500 6.51000 -1.16000 -8.24000 -6.19500 -9.78600 -1.74000 -15.63500 -13.79400 -10.62000 -16.25600
230.00000 8.25000 4.21100 8.26000 7.21200 1.64800 -4.14000 5.53400 -1.64800 -8.24000 -7.17200 -11.25100 -2.22800 -15.63500 -12.81700 -11.10800 -16.74400
231.00000 7.76200 3.72300 6.79500 6.72400 1.64800 -5.60500 3.58100 -3.11300 -8.24000 -8.14800 -13.20400 -3.20400 -15.63500 -12.32900 -13.55000 -18.20900
232.00000 6.78500 3.72300 5.33000 5.74700 1.16000 -7.07000 1.13900 -4.08900 -7.26300 -9.61300 -15.64500 -4.66900 -14.65900 -11.84100 -15.01500 -19.18500
233.00000 5.80900 2.74700 3.37700 4.77100 0.18300 -8.04600 -0.81400 -4.57800 -5.79800 -10.59000 -17.11000 -5.64600 -13.68200 -12.81700 -16.47900 -19.67400
234.00000 4.34400 2.25800 2.40100 4.28300 0.18300 -8.04600 -1.30200 -3.60100 -4.82200 -11.07800 -17.59800 -5.64600 -12.70500 -12.81700 -16.47900 -19.67400
235.00000 3.36700 1.28200 1.42400 3.79400 0.18300 -7.55800 -0.81400 -4.08900 -3.84500 -10.59000 -17.11000 -5.64600 -11.24100 -11.84100 -15.99100 -18.69700
236.00000 1.90200 0.30500 1.42400 2.81800 1.16000 -6.09300 -0.32600 -4.57800 -3.35700 -9.61300 -16.13400 -5.15700 -9.28800 -9.88800 -14.52600 -17.72100
237.00000 0.92600 -0.18300 1.42400 1.84100 1.64800 -5.60500 0.65100 -4.57800 -4.82200 -7.66000 -14.66900 -4.18100 -7.82300 -8.42300 -13.55000 -16.74400
238.00000 0.43700 -0.67100 1.42400 0.37600 0.67100 -5.11700 1.13900 -4.57800 -6.77500 -6.68300 -13.20400 -4.18100 -7.33400 -7.93500 -13.55000 -16.25600
239.00000 -0.53900 -1.64800 0.93600 -1.08800 -1.28200 -6.09300 1.13900 -4.57800 -7.26300 -6.68300 -12.71600 -3.69300 -7.82300 -8.91100 -13.55000 -17.23200
240.00000 -1.02700 -2.62500 -0.04100 -2.06500 -3.23500 -7.07000 0.65100 -4.57800 -8.24000 -7.66000 -13.20400 -4.66900 -9.28800 -10.86400 -13.55000 -17.72100
241.00000 -1.02700 -3.11300 -1.01700 -2.06500 -5.18800 -8.04600 -0.32600 -5.06600 -10.19300 -9.12500 -14.18100 -5.64600 -11.24100 -13.30600 -13.55000 -18.69700
242.00000 -0.53900 -2.13600 -1.01700 -1.08800 -5.67600 -9.02300 -1.30200 -5.06600 -10.68100 -10.59000 -15.15700 -7.11100 -13.19400 -15.74700 -14.52600 -19.67400
243.00000 0.43700 -0.67100 -1.01700 -0.11200 -5.18800 -9.51100 -2.76700 -4.57800 -10.68100 -12.05400 -16.13400 -8.57500 -15.14700 -17.21200 -15.50300 -20.16200
244.00000 0.92600 1.28200 -1.50600 0.37600 -4.21100 -10.00000 -3.74300 -4.57800 -10.68100 -13.03100 -16.62200 -9.06400 -16.61200 -19.16500 -16.47900 -21.13900
245.00000 0.92600 2.25800 -2.48200 -0.11200 -3.72300 -10.00000 -4.72000 -5.55400 -8.72800 -14.00800 -17.59800 -8.57500 -18.07700 -19.65300 -17.45600 -21.62700
246.00000 -0.05100 1.77000 -3.45900 -1.57700 -3.72300 -10.00000 -6.18500 -6.53100 -6.28700 -14.98400 -19.06300 -8.08700 -17.58800 -18.67700 -16.96800 -22.11500
247.00000 -1.02700 1.28200 -4.92400 -2.55300 -3.23500 -9.51100 -7.16100 -6.53100 -5.31000 -14.49600 -20.04000 -7.11100 -16.12300 -15.74700 -15.50300 -21.62700
248.00000 -1.02700 1.77000 -5.41200 -3.04200 -2.74700 -7.55800 -8.13800 -7.50700 -5.31000 -12.54300 -20.04000 -6.13400 -13.68200 -12.81700 -14.52600 -19.67400
249.00000 -0.05100 2.25800 -4.92400 -3.04200 -1.28200 -5.60500 -8.13800 -8.48400 -5.31000 -9.61300 -18.57500 -5.64600 -9.77600 -9.88800 -13.06200 -17.23200
250.00000 0.92600 3.23500 -3.94700 -3.04200 -1.28200 -3.65200 -7.65000 -7.99600 -7.26300 -7.66000 -17.11000 -5.15700 -6.84600 -8.42300 -12.08500 -14.30300
251.00000 1.41400 2.74700 -4.43500 -3.53000 -1.77000 -3.65200 -7.16100 -7.01900 -9.21600 -7.17200 -16.62200 -5.15700 -5.87000 -8.42300 -12.57300 -12.83800
252.00000 0.43700 1.28200 -4.92400 -4.50600 -4.21100 -5.60500 -6.67300 -6.04200 -10.19300 -8.14800 -17.11000 -5.64600 -5.87000 -9.39900 -13.06200 -13.32600
253.00000 -1.02700 -1.16000 -5.41200 -4.99500 -7.14100 -9.51100 -6.67300 -6.53100 -11.16900 -10.59000 -17.59800 -6.13400 -7.33400 -10.86400 -13.55000 -15.27900
254.00000 -1.51600 -2.13600 -5.41200 -4.50600 -9.09400 -11.95300 -6.18500 -6.04200 -12.14600 -12.54300 -17.59800 -6.62200 -9.28800 -12.81700 -13.06200 -16.74400
255.00000 -1.51600 -2.13600 -4.43500 -4.01800 -9.09400 -13.41800 -6.18500 -5.55400 -11.65800 -14.00800 -17.59800 -6.62200 -11.24100 -14.77100 -12.57300 -17.72100
256.00000 -0.05100 -0.67100 -2.97000 -3.04200 -8.11800 -12.92900 -5.69700 -7.50700 -10.19300 -14.49600 -18.08700 -6.62200 -12.21700 -15.74700 -13.06200 -17.72100
