1.00000 -9.48100 -5.67600 -7.84300 -8.72800 -2.64500 -1.69900 -6.78500 -3.20400 0.77300 3.31600 -3.52000 -3.97700 3.95700 8.38200 3.03100 4.28300
2.00000 -10.94600 -7.14100 -9.79600 -9.21600 -3.13300 -1.69900 -7.76200 -3.20400 0.77300 1.36300 -4.00800 -3.97700 3.46900 5.94100 2.05500 3.79400
3.00000 -10.94600 -7.62900 -9.79600 -9.21600 -3.62100 -1.21100 -7.76200 -3.20400 0.28500 -0.59000 -4.00800 -3.97700 2.00400 2.03500 0.59000 2.33000
4.00000 -9.48100 -6.65300 -9.30800 -7.75100 -4.11000 -0.72200 -6.29700 -2.71600 -0.20300 -2.54300 -4.00800 -3.97700 0.53900 -0.89500 -0.38700 0.86500
5.00000 -8.01600 -5.67600 -8.33100 -6.77500 -3.62100 -0.72200 -4.83200 -2.71600 -1.18000 -3.52000 -3.03100 -3.97700 -0.43700 -2.36000 -0.87500 0.37600
6.00000 -6.55100 -4.21100 -7.84300 -5.79800 -3.62100 -0.72200 -4.34400 -2.22800 -1.18000 -3.52000 -2.54300 -3.97700 -0.92600 -2.84800 0.10200 0.37600
7.00000 -6.06300 -4.21100 -7.84300 -5.31000 -3.62100 -1.69900 -5.32000 -2.22800 -0.20300 -3.52000 -2.05500 -3.97700 -1.41400 -3.33700 1.07800 0.37600
8.00000 -6.06300 -4.21100 -8.33100 -5.79800 -3.62100 -1.69900 -6.78500 -2.71600 1.75000 -3.03100 -2.05500 -3.97700 -0.43700 -3.33700 1.07800 -0.60000
9.00000 -6.06300 -3.72300 -7.84300 -5.31000 -3.13300 -1.21100 -7.76200 -3.20400 1.26100 -1.56700 -2.05500 -3.97700 0.05100 -3.82500 0.59000 -1.57700
10.00000 -5.08600 -3.23500 -7.35500 -4.82200 -2.64500 -1.21100 -7.27300 -3.69300 0.28500 -0.10200 -1.56700 -3.48900 0.53900 -2.84800 0.10200 -2.06500
11.00000 -3.62100 -2.74700 -5.89000 -3.35700 -2.15700 -1.21100 -5.80900 -3.69300 -0.20300 0.38700 -1.56700 -2.51300 1.02700 -1.87200 -0.38700 -1.57700
12.00000 -2.64500 -1.77000 -5.40200 -2.38000 -1.66800 -2.18700 -4.34400 -3.69300 -0.69200 0.38700 -1.56700 -2.02400 1.51600 -0.89500 0.59000 -0.11200
13.00000 -1.66800 -1.77000 -5.89000 -1.40400 -1.66800 -3.16400 -3.85500 -3.69300 -1.18000 -0.59000 -2.05500 -1.53600 1.51600 -0.40700 1.56700 1.35300
14.00000 -1.66800 -0.79300 -5.89000 -0.91600 -1.66800 -3.65200 -4.34400 -3.69300 -1.18000 -2.05500 -1.56700 -1.53600 0.53900 -1.38300 3.03100 1.84100
15.00000 -0.20300 0.18300 -4.91300 0.06100 -1.66800 -2.67500 -5.32000 -3.20400 -1.66800 -2.54300 -0.59000 -1.53600 -0.92600 -2.84800 3.52000 1.84100
16.00000 1.26100 2.13600 -3.93700 1.03800 -0.69200 -1.21100 -5.32000 -3.20400 -2.15700 -2.05500 0.38700 -2.02400 -2.87900 -3.82500 2.54300 0.86500
17.00000 3.70300 4.57800 -2.47200 2.50200 0.28500 0.25400 -4.83200 -2.71600 -2.64500 -1.07800 1.36300 -2.02400 -3.85500 -4.31300 1.07800 -0.60000
18.00000 5.65600 5.55400 -1.98400 2.99100 0.77300 0.25400 -3.36700 -2.71600 -3.13300 -0.59000 1.36300 -1.04800 -4.34400 -4.31300 0.10200 -1.57700
19.00000 5.65600 5.06600 -2.96000 2.50200 0.28500 -1.21100 -2.39100 -2.71600 -2.64500 -1.07800 1.36300 -0.55900 -3.85500 -3.82500 -0.38700 -2.06500
20.00000 4.19100 2.62500 -4.42500 1.52600 -0.69200 -3.16400 -0.92600 -2.71600 -2.15700 -2.05500 0.87500 0.41700 -2.87900 -3.33700 0.10200 -2.06500
21.00000 1.26100 0.18300 -5.89000 -0.42700 -2.15700 -4.62800 -0.43700 -3.20400 -1.66800 -2.54300 -0.59000 -0.07100 -2.87900 -3.82500 -0.38700 -3.04200
22.00000 -0.69200 -0.79300 -5.89000 -0.91600 -2.15700 -4.62800 0.05100 -2.71600 -1.18000 -3.03100 -2.05500 -1.53600 -3.36700 -4.31300 -1.85100 -4.99500
23.00000 -1.66800 -0.79300 -5.89000 -0.42700 -1.18000 -3.65200 -0.43700 -2.71600 -1.66800 -2.54300 -3.52000 -3.00100 -4.83200 -4.80100 -4.29300 -7.43600
24.00000 -0.20300 0.67100 -4.42500 1.03800 0.28500 -3.65200 -0.43700 -2.71600 -1.66800 -2.05500 -4.00800 -4.95400 -6.78500 -4.80100 -6.73400 -9.38900
25.00000 2.23800 2.13600 -2.96000 2.50200 1.26100 -3.16400 0.05100 -1.74000 -1.66800 -2.05500 -3.03100 -5.44200 -7.76200 -4.80100 -7.71100 -9.38900
26.00000 4.19100 3.11300 -1.00700 3.96700 1.75000 -3.65200 1.51600 -2.22800 -1.66800 -2.05500 -2.05500 -4.46600 -8.25000 -4.31300 -7.22200 -8.41300
27.00000 5.65600 4.08900 0.94600 4.94400 1.75000 -4.14000 3.46900 -2.22800 -1.18000 -1.56700 -0.59000 -3.48900 -8.25000 -3.82500 -6.24600 -6.46000
28.00000 6.14400 3.60100 2.41100 4.94400 1.26100 -4.14000 4.93400 -1.74000 -1.18000 -1.56700 0.38700 -3.00100 -8.25000 -3.82500 -5.75800 -5.48300
29.00000 5.65600 3.60100 2.89900 5.43200 0.77300 -4.14000 5.42200 -1.74000 -1.18000 -0.59000 0.87500 -3.00100 -8.25000 -4.31300 -6.24600 -4.99500
30.00000 4.67900 3.11300 2.41100 4.94400 0.77300 -3.65200 4.93400 -2.71600 -1.66800 -0.10200 0.87500 -3.48900 -9.22600 -5.29000 -6.73400 -5.97100
31.00000 3.70300 2.62500 0.94600 4.94400 0.77300 -3.16400 3.95700 -4.18100 -2.15700 -0.59000 0.38700 -3.97700 -10.69100 -6.26600 -7.22200 -6.94800
32.00000 2.72600 2.13600 -0.51900 4.45600 0.77300 -2.67500 2.98100 -3.20400 -2.15700 -1.07800 0.38700 -4.46600 -11.66800 -7.24300 -6.73400 -7.43600
33.00000 3.21500 2.62500 -1.00700 5.43200 1.26100 -2.18700 3.46900 -1.25100 -2.64500 -1.56700 0.87500 -4.46600 -12.64400 -8.21900 -5.75800 -6.46000
34.00000 5.65600 4.57800 0.45800 6.40900 2.23800 -1.69900 5.91000 -0.76300 -2.64500 -1.07800 1.85100 -3.97700 -12.64400 -8.21900 -4.78100 -4.99500
35.00000 7.60900 7.01900 2.41100 7.87400 3.21500 -1.69900 7.37500 -1.25100 -2.15700 0.38700 3.80500 -3.00100 -12.15600 -7.24300 -3.80500 -3.04200
36.00000 10.05000 8.97200 4.36400 8.85000 4.19100 -1.69900 9.32800 -1.25100 -1.66800 1.36300 5.75800 -1.53600 -11.18000 -5.29000 -2.34000 -1.08800
37.00000 10.05000 8.97200 5.34100 8.36200 4.19100 -2.18700 9.32800 -0.27500 -2.15700 1.36300 7.71100 -0.55900 -9.71500 -3.33700 -0.38700 0.37600
38.00000 8.58600 7.01900 5.34100 7.87400 3.21500 -2.67500 7.86300 -0.27500 -3.62100 -0.10200 8.68700 0.41700 -8.73800 -2.36000 1.07800 0.37600
39.00000 6.14400 5.06600 4.36400 6.40900 2.23800 -3.16400 6.88700 -1.25100 -3.62100 -3.52000 8.19900 0.90500 -8.73800 -2.84800 2.54300 -0.11200
40.00000 4.19100 3.60100 2.89900 5.92000 1.26100 -4.14000 5.91000 -0.76300 -3.62100 -5.47300 6.24600 0.41700 -9.22600 -5.29000 2.54300 -1.57700
41.00000 3.21500 2.62500 1.92300 5.92000 0.28500 -5.11700 6.39900 0.70200 -4.11000 -5.96100 4.78100 -0.07100 -10.20300 -8.21900 1.07800 -3.53000
42.00000 3.70300 3.11300 2.41100 6.40900 0.28500 -5.60500 7.86300 2.65500 -5.08600 -4.49600 4.78100 -1.04800 -11.18000 -9.68400 -0.87500 -4.01800
43.00000 5.65600 4.08900 5.34100 8.36200 0.77300 -5.11700 9.81600 4.12000 -5.57500 -3.03100 5.75800 -1.04800 -11.66800 -10.17300 -1.85100 -4.01800
44.00000 9.56200 6.04200 9.73500 10.31500 1.26100 -2.67500 12.25800 3.14300 -6.06300 -2.05500 7.22200 -1.04800 -12.15600 -10.17300 -1.85100 -3.04200
45.00000 13.46800 8.97200 14.61800 12.26800 2.23800 -0.72200 13.23400 1.67800 -6.06300 -2.54300 7.22200 -0.07100 -11.66800 -10.17300 -1.36300 -1.57700
46.00000 15.42200 10.43700 16.08300 13.24500 2.23800 0.25400 13.23400 1.19000 -6.06300 -4.00800 5.75800 -0.55900 -11.66800 -11.14900 -2.34000 -2.06500
47.00000 13.95700 10.43700 14.13000 12.26800 1.75000 -0.23400 11.77000 1.19000 -5.57500 -4.98500 2.82800 -1.53600 -11.66800 -12.12600 -4.29300 -3.53000
48.00000 10.53900 8.48400 8.75900 10.31500 0.28500 -2.18700 9.32800 0.70200 -5.57500 -5.47300 0.38700 -3.00100 -11.66800 -13.59000 -6.73400 -5.48300
49.00000 6.14400 5.55400 3.87600 7.38500 -1.66800 -4.62800 6.39900 0.21400 -5.57500 -5.47300 -1.07800 -3.97700 -11.18000 -13.59000 -8.19900 -6.94800
50.00000 4.19100 3.60100 1.43400 5.43200 -2.15700 -6.58200 4.93400 0.70200 -4.11000 -5.47300 -1.07800 -4.46600 -10.20300 -13.10200 -7.22200 -6.94800
51.00000 4.19100 4.08900 2.41100 5.43200 -2.15700 -5.60500 5.42200 0.21400 -3.13300 -5.47300 0.87500 -3.97700 -9.22600 -12.12600 -5.26900 -5.48300
52.00000 6.14400 4.57800 6.31700 6.40900 -1.18000 -3.65200 7.37500 0.70200 -3.13300 -4.98500 2.82800 -3.00100 -8.25000 -11.14900 -2.82800 -3.04200
53.00000 7.60900 5.06600 8.75900 7.87400 -0.69200 -1.69900 9.32800 1.19000 -4.11000 -4.49600 3.80500 -2.51300 -7.27300 -10.17300 -1.36300 -2.06500
54.00000 7.12100 4.57800 9.24700 7.87400 -0.69200 -0.72200 9.32800 1.19000 -4.11000 -3.52000 2.82800 -2.51300 -6.78500 -9.19600 -1.85100 -2.55300
55.00000 5.65600 2.62500 7.78200 7.38500 -1.66800 -2.18700 7.86300 1.19000 -3.62100 -2.54300 1.85100 -2.02400 -6.29700 -8.70800 -2.82800 -3.04200
56.00000 4.19100 0.18300 5.82900 5.92000 -3.13300 -4.62800 5.91000 0.21400 -3.62100 -3.52000 0.38700 -1.53600 -6.29700 -7.73100 -2.34000 -3.53000
57.00000 2.23800 -1.28200 4.85200 4.94400 -4.11000 -6.58200 3.95700 -0.27500 -4.11000 -4.49600 -0.10200 -0.55900 -6.78500 -7.73100 -0.87500 -3.04200
58.00000 1.26100 -1.77000 3.87600 3.96700 -4.59800 -8.53500 3.95700 0.21400 -3.62100 -5.96100 1.36300 0.90500 -6.78500 -6.75500 1.56700 -0.60000
59.00000 0.28500 -1.77000 2.41100 3.47900 -5.08600 -9.02300 3.95700 0.21400 -3.13300 -6.93800 3.31600 1.88200 -6.29700 -5.77800 4.00800 1.35300
60.00000 -1.18000 -2.74700 -0.03100 2.50200 -5.57500 -9.51100 3.95700 0.70200 -3.13300 -6.44900 5.26900 3.34700 -4.83200 -4.31300 5.96100 3.30600
61.00000 -2.64500 -3.72300 -1.98400 1.52600 -6.06300 -10.00000 3.46900 0.70200 -3.62100 -5.47300 6.24600 3.83500 -2.87900 -2.36000 6.44900 4.77100
62.00000 -3.62100 -5.18800 -3.44800 0.54900 -7.03900 -10.97600 1.51600 1.19000 -3.62100 -6.44900 6.24600 4.81200 -0.92600 -0.89500 6.93800 6.23600
63.00000 -4.11000 -6.65300 -3.44800 -0.42700 -8.01600 -11.46400 1.02700 0.70200 -2.64500 -7.42600 6.24600 4.81200 0.53900 0.08100 7.91400 6.72400
64.00000 -4.59800 -8.11800 -2.47200 -0.91600 -8.50400 -10.97600 1.51600 0.70200 -1.66800 -7.42600 5.26900 4.81200 1.51600 1.05800 7.91400 7.21200
65.00000 -5.08600 -8.60600 -2.47200 -1.89200 -8.50400 -10.48800 3.46900 0.21400 -2.15700 -7.42600 5.26900 4.81200 2.00400 1.54600 7.42600 7.21200
66.00000 -6.06300 -8.60600 -2.47200 -2.38000 -8.50400 -9.51100 3.95700 0.70200 -2.15700 -5.47300 4.78100 4.32300 2.00400 2.52300 5.96100 6.23600
67.00000 -6.55100 -8.60600 -2.47200 -2.86900 -7.52800 -8.04600 3.95700 0.70200 -1.18000 -2.54300 4.78100 4.32300 2.00400 3.98800 4.98500 5.74700
68.00000 -6.55100 -7.62900 -2.47200 -2.86900 -7.52800 -7.07000 3.46900 1.19000 -1.18000 0.38700 5.75800 4.81200 2.49200 5.45200 4.98500 5.25900
69.00000 -6.06300 -6.65300 -1.49500 -2.86900 -6.55100 -6.09300 3.46900 1.67800 -0.20300 2.82800 7.22200 5.78800 2.49200 6.42900 5.96100 5.74700
70.00000 -6.06300 -6.16500 -1.00700 -2.86900 -6.55100 -5.11700 4.44500 1.19000 -0.20300 3.31600 9.17600 6.76500 2.98100 7.89400 7.91400 6.23600
71.00000 -6.55100 -6.16500 -1.00700 -2.86900 -6.06300 -4.62800 5.91000 0.70200 -0.20300 2.34000 9.66400 7.25300 2.49200 8.38200 8.89100 6.23600
72.00000 -7.03900 -7.62900 -1.98400 -2.86900 -6.55100 -5.11700 6.39900 0.21400 -0.69200 -0.10200 8.68700 7.25300 2.00400 7.40600 8.89100 6.23600
73.00000 -8.01600 -9.09400 -3.93700 -3.35700 -7.03900 -6.09300 5.42200 -0.76300 -0.69200 -2.54300 6.73400 7.25300 1.51600 6.42900 7.91400 5.74700
74.00000 -8.50400 -9.58300 -5.89000 -3.35700 -7.03900 -7.07000 3.46900 -1.25100 -1.18000 -4.49600 4.78100 6.76500 0.53900 3.98800 6.44900 4.28300
75.00000 -8.50400 -9.58300 -7.35500 -3.35700 -7.52800 -8.53500 1.02700 -1.74000 -2.15700 -4.49600 3.80500 6.27600 -0.92600 1.05800 4.49600 2.33000
76.00000 -7.52800 -9.09400 -6.86600 -3.35700 -7.52800 -9.51100 -0.43700 -0.76300 -2.64500 -4.00800 3.31600 5.78800 -2.39100 -2.36000 2.54300 -0.60000
77.00000 -7.03900 -8.60600 -6.37800 -2.86900 -7.03900 -10.00000 0.05100 -0.76300 -1.66800 -3.52000 2.34000 4.32300 -4.34400 -4.80100 0.59000 -4.01800
78.00000 -6.55100 -8.60600 -4.91300 -2.38000 -6.55100 -10.48800 1.02700 -1.25100 -1.18000 -4.00800 1.85100 2.85800 -6.29700 -6.26600 -1.85100 -6.94800
79.00000 -6.55100 -8.11800 -3.93700 -1.89200 -5.57500 -9.51100 2.00400 -0.76300 -1.18000 -4.49600 1.36300 1.88200 -7.27300 -7.24300 -3.31600 -8.41300
80.00000 -6.55100 -8.11800 -4.42500 -2.38000 -6.06300 -9.02300 2.49200 -1.25100 -1.18000 -4.49600 0.87500 0.90500 -6.78500 -6.26600 -4.29300 -8.41300
81.00000 -6.55100 -7.62900 -4.91300 -2.38000 -5.57500 -8.53500 2.00400 -1.74000 -0.69200 -2.54300 0.87500 0.90500 -5.80900 -5.29000 -4.78100 -7.43600
82.00000 -6.55100 -7.14100 -5.40200 -3.35700 -5.57500 -8.53500 1.02700 -3.69300 -1.18000 -0.59000 0.38700 1.39400 -4.83200 -4.80100 -4.78100 -5.97100
83.00000 -7.52800 -7.62900 -6.86600 -3.84500 -6.06300 -8.53500 -0.92600 -4.66900 -1.18000 0.87500 -1.07800 1.39400 -4.34400 -4.80100 -4.78100 -5.48300
84.00000 -8.50400 -8.60600 -7.84300 -3.84500 -6.55100 -9.02300 -2.39100 -5.15700 -0.20300 0.38700 -2.54300 1.39400 -3.36700 -5.29000 -4.78100 -5.97100
85.00000 -8.99300 -9.09400 -8.82000 -4.33300 -7.03900 -8.53500 -4.83200 -5.64600 0.28500 -1.07800 -3.52000 0.90500 -2.87900 -5.29000 -4.78100 -5.97100
86.00000 -8.50400 -8.60600 -8.82000 -4.33300 -7.03900 -8.04600 -5.80900 -5.64600 -0.69200 -2.54300 -2.05500 0.41700 -1.90200 -4.31300 -3.80500 -4.99500
87.00000 -8.01600 -8.11800 -8.33100 -4.82200 -7.03900 -8.04600 -5.32000 -5.15700 -2.15700 -3.03100 -0.59000 0.41700 -1.41400 -3.33700 -2.34000 -4.01800
88.00000 -7.52800 -7.14100 -8.33100 -4.33300 -7.52800 -8.53500 -4.34400 -4.18100 -2.15700 -2.05500 0.87500 0.90500 -0.92600 -3.33700 -1.36300 -3.53000
89.00000 -7.52800 -7.62900 -7.84300 -4.33300 -7.03900 -9.51100 -2.39100 -3.20400 -1.18000 -2.05500 0.87500 0.90500 -0.92600 -4.31300 -1.36300 -4.01800
90.00000 -8.50400 -8.60600 -8.33100 -4.33300 -8.01600 -10.97600 -1.41400 -3.69300 -1.18000 -3.03100 -0.59000 1.39400 -1.41400 -5.77800 -3.31600 -5.48300
91.00000 -9.48100 -11.04700 -8.82000 -3.84500 -8.50400 -11.46400 -1.41400 -3.69300 -1.66800 -4.00800 -1.56700 1.39400 -1.41400 -6.26600 -5.26900 -6.94800
92.00000 -10.45700 -13.00000 -8.82000 -3.84500 -8.99300 -11.46400 -1.90200 -3.69300 -1.66800 -4.49600 -2.54300 1.39400 -1.41400 -5.77800 -5.75800 -6.94800
93.00000 -11.43400 -14.46500 -8.33100 -4.33300 -8.99300 -11.46400 -1.90200 -2.71600 -0.69200 -3.52000 -2.54300 1.39400 -0.43700 -3.82500 -4.29300 -4.99500
94.00000 -11.43400 -14.46500 -7.35500 -4.33300 -8.50400 -11.46400 -1.41400 -1.74000 -0.20300 -1.56700 -1.56700 1.39400 0.05100 -2.84800 -1.36300 -3.04200
95.00000 -11.92200 -14.46500 -6.37800 -4.82200 -8.50400 -12.44100 -0.43700 -0.76300 -0.69200 0.38700 -0.10200 1.88200 0.53900 -2.36000 0.59000 -2.06500
96.00000 -12.41000 -14.46500 -5.89000 -5.31000 -9.48100 -13.41800 1.51600 -0.27500 -1.66800 1.36300 1.85100 2.37000 0.53900 -3.33700 1.07800 -2.06500
97.00000 -13.38700 -15.44200 -5.40200 -5.31000 -10.45700 -13.90600 2.49200 1.19000 -2.15700 0.38700 3.80500 3.34700 -0.43700 -3.82500 0.10200 -3.53000
98.00000 -13.87500 -16.41800 -4.42500 -5.31000 -10.94600 -13.41800 2.49200 2.65500 -3.13300 -1.56700 5.75800 3.83500 -1.41400 -3.82500 -0.87500 -4.01800
99.00000 -13.38700 -16.90700 -3.44800 -4.33300 -10.94600 -12.44100 3.95700 3.14300 -3.62100 -3.52000 7.71100 4.32300 -1.41400 -2.84800 0.10200 -3.53000
100.00000 -12.41000 -16.41800 -1.98400 -3.84500 -10.45700 -11.95300 5.42200 3.63200 -4.11000 -6.44900 9.66400 5.30000 -1.90200 -2.36000 2.54300 -2.06500
101.00000 -10.94600 -15.93000 -0.51900 -2.38000 -9.96900 -12.44100 7.37500 4.60800 -3.13300 -8.40300 11.61700 6.76500 -2.39100 -2.84800 5.47300 -1.08800
102.00000 -9.48100 -14.95400 1.43400 -1.40400 -8.99300 -12.92900 8.84000 4.60800 -2.64500 -7.91400 13.57000 8.23000 -2.39100 -3.33700 7.42600 -0.60000
103.00000 -8.01600 -13.97700 2.89900 0.06100 -8.50400 -13.41800 9.81600 3.63200 -2.15700 -5.96100 15.03500 9.20600 -2.87900 -3.33700 7.91400 -0.60000
104.00000 -6.06300 -13.00000 5.34100 1.03800 -7.52800 -12.44100 11.28100 3.14300 -1.66800 -3.52000 16.01200 9.20600 -3.36700 -2.36000 7.91400 -0.60000
105.00000 -3.62100 -11.04700 8.27000 2.99100 -6.06300 -10.00000 12.74600 3.14300 -1.18000 -1.07800 15.52300 9.20600 -2.87900 -0.89500 8.40300 -0.11200
106.00000 -1.18000 -9.09400 11.68800 4.45600 -4.59800 -7.07000 14.69900 3.14300 -0.20300 -0.10200 15.03500 8.71800 -2.39100 0.57000 9.37900 0.86500
107.00000 0.28500 -7.62900 13.64100 5.43200 -3.13300 -4.62800 15.67600 2.16700 -0.20300 -0.10200 13.57000 8.23000 -1.90200 1.05800 9.86700 1.35300
108.00000 0.77300 -6.16500 13.64100 5.43200 -2.64500 -3.65200 15.18800 -0.27500 -0.69200 -0.59000 12.59400 7.25300 -1.41400 0.57000 8.89100 1.35300
109.00000 0.28500 -6.16500 12.17700 4.94400 -2.64500 -4.14000 13.72300 -0.76300 -1.18000 -0.10200 11.12900 6.76500 -1.41400 0.08100 7.42600 0.37600
110.00000 -1.18000 -6.65300 9.24700 3.96700 -3.13300 -6.09300 10.79300 0.70200 -1.18000 0.38700 10.15200 6.27600 -1.90200 -0.40700 4.98500 -0.60000
111.00000 -2.15700 -7.62900 6.31700 2.99100 -3.62100 -8.04600 8.84000 1.67800 -1.66800 0.38700 8.68700 5.30000 -2.39100 -0.89500 4.49600 -1.08800
112.00000 -2.15700 -8.60600 4.85200 2.99100 -4.11000 -10.00000 8.84000 3.14300 -2.64500 -0.59000 8.68700 4.32300 -2.39100 -0.89500 5.47300 -0.60000
113.00000 -2.15700 -9.09400 4.85200 3.47900 -4.59800 -10.48800 9.81600 4.12000 -3.13300 -2.54300 8.68700 3.83500 -2.39100 -1.38300 6.44900 -0.11200
114.00000 -1.66800 -9.58300 5.82900 3.96700 -5.57500 -10.48800 10.79300 4.60800 -2.15700 -4.00800 9.17600 3.83500 -2.39100 -1.87200 6.93800 -0.11200
115.00000 -1.66800 -10.07100 7.29400 4.45600 -6.55100 -9.51100 11.28100 4.60800 -1.18000 -4.00800 9.66400 4.32300 -2.39100 -2.36000 6.93800 -0.11200
116.00000 -1.66800 -10.55900 8.27000 4.45600 -7.52800 -9.51100 10.30500 4.12000 -1.18000 -3.52000 10.15200 5.30000 -1.90200 -1.87200 6.44900 0.37600
117.00000 -2.64500 -10.55900 8.27000 3.47900 -7.52800 -10.48800 8.84000 3.63200 -1.18000 -2.54300 10.64000 5.78800 -0.92600 -0.89500 7.42600 1.35300
118.00000 -3.62100 -11.04700 7.78200 2.01400 -8.01600 -11.95300 6.88700 2.65500 -0.20300 -2.05500 10.64000 6.27600 0.53900 0.57000 8.89100 2.81800
119.00000 -4.11000 -11.53600 6.80500 0.54900 -8.01600 -12.44100 5.91000 1.67800 -0.20300 -2.05500 10.64000 6.76500 2.00400 1.54600 10.35600 4.28300
120.00000 -4.11000 -12.02400 5.82900 0.06100 -8.01600 -11.95300 4.93400 0.21400 -1.18000 -2.54300 9.17600 6.27600 2.49200 0.57000 9.37900 4.28300
121.00000 -3.62100 -12.51200 4.85200 0.06100 -7.52800 -11.46400 3.95700 -0.76300 -1.66800 -2.54300 6.73400 5.30000 2.00400 -1.38300 6.44900 3.30600
122.00000 -3.13300 -12.51200 3.38700 0.06100 -6.55100 -11.46400 2.49200 -1.74000 -1.18000 -2.54300 3.80500 3.83500 0.05100 -4.31300 2.54300 1.35300
123.00000 -3.62100 -12.51200 1.43400 0.06100 -6.06300 -11.95300 0.53900 -2.71600 -1.18000 -3.52000 1.36300 2.37000 -1.90200 -7.24300 -0.38700 -1.08800
124.00000 -4.11000 -11.53600 -1.00700 0.06100 -5.08600 -12.44100 -1.41400 -2.71600 -2.64500 -4.49600 -0.59000 0.90500 -3.36700 -8.21900 -1.36300 -3.04200
125.00000 -5.57500 -11.04700 -3.93700 -0.42700 -4.59800 -12.44100 -3.36700 -3.20400 -3.13300 -4.98500 -2.54300 -0.55900 -4.34400 -8.70800 -1.36300 -4.50600
126.00000 -6.55100 -11.53600 -6.86600 -1.40400 -4.11000 -11.46400 -4.83200 -2.71600 -2.15700 -5.96100 -4.49600 -1.53600 -4.34400 -8.70800 -1.85100 -5.48300
127.00000 -7.52800 -11.53600 -8.82000 -2.38000 -4.59800 -10.00000 -5.80900 -1.25100 -0.20300 -6.44900 -6.44900 -2.51300 -4.34400 -8.21900 -3.31600 -5.48300
128.00000 -8.01600 -12.51200 -9.79600 -2.38000 -5.57500 -9.02300 -6.29700 0.21400 0.28500 -6.93800 -7.91400 -3.00100 -3.85500 -7.73100 -4.78100 -4.99500
129.00000 -8.50400 -13.97700 -9.79600 -2.86900 -6.06300 -9.51100 -5.32000 0.21400 -0.69200 -5.96100 -7.91400 -2.51300 -3.36700 -6.26600 -4.78100 -3.53000
130.00000 -8.50400 -14.46500 -9.30800 -2.86900 -7.03900 -10.48800 -4.83200 0.21400 -0.69200 -4.98500 -6.44900 -2.02400 -2.39100 -4.31300 -3.31600 -1.57700
131.00000 -9.48100 -14.95400 -8.82000 -2.86900 -7.52800 -11.95300 -4.83200 0.21400 -0.20300 -3.52000 -5.96100 -1.04800 -1.41400 -2.84800 -1.36300 -0.11200
132.00000 -8.99300 -14.46500 -8.33100 -2.86900 -7.03900 -11.95300 -5.80900 -0.27500 0.28500 -3.03100 -6.44900 -0.55900 -0.92600 -3.82500 -0.38700 -0.11200
133.00000 -8.50400 -13.00000 -8.33100 -2.86900 -6.06300 -10.97600 -6.29700 -1.25100 0.28500 -2.54300 -8.40300 -2.02400 -1.41400 -5.77800 -2.34000 -3.04200
134.00000 -7.52800 -11.53600 -8.33100 -1.89200 -4.59800 -9.02300 -6.78500 -2.71600 0.77300 -2.54300 -10.35600 -3.97700 -3.36700 -8.21900 -5.75800 -5.48300
135.00000 -6.55100 -10.07100 -8.33100 -1.40400 -3.62100 -6.58200 -6.78500 -2.71600 0.77300 -2.54300 -9.86700 -4.95400 -4.83200 -8.70800 -8.19900 -7.92400
136.00000 -5.57500 -9.09400 -8.33100 -1.40400 -3.13300 -5.60500 -5.80900 -2.71600 0.77300 -4.00800 -7.91400 -5.44200 -4.83200 -8.21900 -8.68700 -7.92400
137.00000 -5.57500 -9.09400 -7.84300 -1.89200 -3.13300 -6.09300 -4.34400 -2.71600 -0.20300 -5.96100 -5.47300 -3.48900 -4.34400 -6.75500 -6.73400 -5.97100
138.00000 -6.06300 -9.09400 -8.33100 -2.38000 -3.62100 -7.55800 -3.85500 -3.20400 -1.18000 -7.91400 -4.00800 -1.53600 -2.39100 -5.77800 -3.80500 -3.53000
139.00000 -6.06300 -9.09400 -8.33100 -2.86900 -5.08600 -9.02300 -3.36700 -2.71600 -2.15700 -9.37900 -3.52000 0.41700 -1.41400 -6.26600 -1.36300 -2.55300
140.00000 -6.06300 -9.58300 -7.84300 -2.86900 -6.06300 -10.00000 -2.87900 -1.25100 -2.64500 -8.89100 -4.00800 1.39400 -0.43700 -7.24300 -0.87500 -2.55300
141.00000 -6.06300 -9.58300 -6.86600 -2.86900 -7.03900 -10.48800 -1.90200 -0.76300 -2.64500 -6.44900 -3.52000 1.39400 -1.41400 -7.73100 -1.36300 -4.01800
142.00000 -6.55100 -10.55900 -6.37800 -2.38000 -7.52800 -11.46400 0.05100 -0.76300 -2.64500 -4.98500 -2.54300 0.41700 -2.87900 -8.21900 -2.34000 -5.97100
143.00000 -7.52800 -12.02400 -5.40200 -1.89200 -8.01600 -12.44100 1.51600 -0.76300 -2.15700 -4.49600 -2.54300 -0.07100 -4.34400 -8.70800 -3.80500 -6.94800
144.00000 -8.01600 -13.00000 -4.42500 -1.40400 -8.01600 -12.92900 1.51600 0.21400 -1.66800 -5.47300 -3.52000 -1.53600 -5.32000 -10.17300 -5.26900 -8.41300
145.00000 -7.52800 -13.00000 -4.42500 0.06100 -7.52800 -12.92900 -0.43700 0.70200 -1.66800 -6.93800 -5.96100 -3.00100 -6.29700 -11.63700 -6.73400 -9.38900
146.00000 -6.55100 -11.53600 -4.42500 1.03800 -6.55100 -11.46400 -2.87900 1.19000 -2.64500 -7.91400 -7.42600 -3.97700 -7.27300 -12.61400 -8.19900 -11.34200
147.00000 -4.59800 -10.07100 -4.42500 1.52600 -6.06300 -10.00000 -4.34400 2.16700 -2.64500 -7.42600 -7.42600 -4.46600 -7.76200 -13.10200 -8.19900 -12.31900
148.00000 -3.62100 -8.60600 -3.93700 2.01400 -5.57500 -9.51100 -4.34400 2.65500 -0.69200 -5.96100 -5.47300 -3.48900 -7.27300 -12.12600 -7.71100 -11.83100
149.00000 -2.64500 -7.62900 -2.96000 1.52600 -6.06300 -9.51100 -2.39100 1.19000 -0.20300 -5.47300 -2.54300 -1.53600 -6.29700 -11.14900 -5.75800 -10.85400
150.00000 -2.15700 -7.14100 -2.96000 0.54900 -6.06300 -10.00000 1.02700 -0.76300 -0.20300 -5.47300 -1.07800 0.90500 -3.85500 -9.68400 -3.80500 -7.92400
151.00000 -1.66800 -6.16500 -2.96000 -0.42700 -5.57500 -10.00000 2.98100 -0.76300 -0.20300 -5.47300 -0.10200 2.85800 -1.90200 -8.21900 -2.34000 -5.97100
152.00000 -2.15700 -5.67600 -2.96000 -0.91600 -5.57500 -9.02300 3.46900 1.19000 0.77300 -4.00800 1.36300 3.34700 -0.43700 -6.75500 -0.38700 -3.04200
153.00000 -1.66800 -4.70000 -2.96000 -1.40400 -5.08600 -7.07000 2.98100 3.14300 1.75000 -1.56700 2.82800 3.34700 0.53900 -5.77800 1.07800 -1.57700
154.00000 -1.66800 -3.72300 -2.96000 -1.89200 -5.08600 -5.60500 2.00400 3.14300 1.26100 0.38700 3.80500 3.34700 0.05100 -4.80100 2.54300 -1.08800
155.00000 -2.15700 -4.21100 -2.47200 -1.40400 -5.57500 -5.11700 2.98100 2.65500 0.77300 1.36300 4.29300 3.83500 0.05100 -4.80100 2.54300 -1.57700
156.00000 -2.15700 -5.18800 -1.00700 -1.40400 -6.55100 -5.60500 4.93400 2.65500 0.28500 0.38700 3.80500 4.32300 -0.92600 -5.77800 2.05500 -2.06500
157.00000 -2.64500 -7.14100 -0.03100 -0.91600 -8.01600 -7.55800 6.39900 3.63200 -0.20300 -1.07800 2.34000 4.81200 -1.41400 -6.75500 0.59000 -2.55300
158.00000 -3.62100 -9.09400 0.94600 -0.91600 -8.99300 -9.02300 7.37500 4.12000 -0.69200 -2.54300 2.34000 4.32300 -1.41400 -8.21900 0.10200 -3.04200
159.00000 -4.59800 -10.55900 0.94600 -0.91600 -9.48100 -10.48800 7.37500 3.63200 -1.18000 -2.54300 3.31600 3.83500 -1.41400 -8.70800 0.59000 -2.06500
160.00000 -5.08600 -11.53600 1.43400 -0.91600 -9.48100 -10.97600 7.37500 2.65500 -1.18000 -2.54300 4.29300 3.34700 -1.41400 -8.70800 2.05500 -1.57700
161.00000 -5.57500 -11.04700 1.92300 -0.42700 -8.50400 -10.48800 7.37500 2.65500 -1.18000 -2.05500 5.26900 3.34700 -0.92600 -7.24300 2.54300 -1.08800
162.00000 -5.08600 -10.07100 2.41100 0.06100 -8.01600 -9.51100 7.37500 3.14300 -1.66800 -1.56700 4.78100 3.34700 -0.92600 -5.77800 2.54300 -0.60000
163.00000 -4.11000 -9.09400 2.41100 0.06100 -7.52800 -8.53500 6.88700 2.65500 -1.18000 -1.56700 4.78100 3.83500 -0.92600 -3.82500 2.05500 -0.60000
164.00000 -3.13300 -8.60600 2.41100 0.06100 -7.52800 -7.55800 5.42200 2.16700 -0.20300 -0.59000 5.26900 3.83500 -0.43700 -2.36000 2.54300 -0.11200
165.00000 -3.13300 -8.60600 2.41100 -0.42700 -8.50400 -8.04600 3.46900 2.16700 0.77300 0.38700 6.73400 3.83500 0.53900 -0.40700 4.49600 1.84100
166.00000 -2.64500 -8.60600 2.41100 -1.40400 -8.99300 -8.53500 3.46900 3.14300 0.28500 1.36300 7.71100 3.83500 0.53900 0.57000 6.44900 3.30600
167.00000 -3.62100 -9.09400 2.89900 -1.89200 -9.48100 -8.53500 4.44500 2.65500 -0.20300 1.36300 7.71100 3.83500 1.02700 1.05800 7.91400 4.77100
168.00000 -4.11000 -9.58300 2.89900 -1.40400 -9.96900 -9.51100 6.39900 2.65500 -1.18000 0.38700 5.75800 4.32300 0.53900 -0.40700 6.93800 4.28300
169.00000 -5.08600 -10.55900 2.41100 -1.40400 -9.96900 -10.48800 6.39900 2.16700 -2.64500 -1.56700 2.82800 3.34700 -0.43700 -3.33700 4.49600 1.84100
170.00000 -6.06300 -12.02400 0.94600 -1.40400 -9.96900 -11.95300 4.93400 2.16700 -2.64500 -4.49600 -0.10200 2.85800 -1.90200 -6.75500 1.56700 -1.57700
171.00000 -7.52800 -13.00000 -1.00700 -0.91600 -10.45700 -12.92900 2.49200 1.19000 -2.64500 -6.93800 -1.56700 1.88200 -2.87900 -8.70800 -1.36300 -4.50600
172.00000 -8.01600 -13.48900 -1.98400 -0.91600 -10.45700 -14.39400 0.53900 -0.27500 -2.15700 -7.91400 -2.05500 0.90500 -4.34400 -9.19600 -2.82800 -5.48300
173.00000 -7.52800 -12.02400 -1.49500 -0.42700 -9.96900 -13.41800 0.53900 -0.76300 -1.18000 -7.91400 -2.54300 -0.55900 -4.83200 -8.70800 -3.80500 -4.99500
174.00000 -6.55100 -10.55900 -0.51900 0.54900 -8.99300 -11.46400 2.00400 -0.76300 -0.20300 -6.44900 -2.54300 -1.04800 -4.83200 -7.73100 -5.26900 -4.50600
175.00000 -5.08600 -8.60600 0.94600 1.52600 -7.52800 -10.48800 2.49200 -0.76300 0.28500 -4.49600 -2.54300 -2.51300 -4.34400 -7.24300 -6.73400 -4.50600
176.00000 -4.11000 -7.14100 0.94600 1.52600 -6.55100 -9.02300 2.00400 -1.25100 -0.69200 -2.05500 -2.54300 -3.48900 -4.34400 -7.24300 -7.71100 -4.99500
177.00000 -4.59800 -7.62900 -0.51900 0.54900 -6.55100 -9.02300 0.05100 0.21400 -1.18000 -1.07800 -2.54300 -3.48900 -3.85500 -7.24300 -7.22200 -5.48300
178.00000 -6.55100 -9.09400 -2.47200 -0.42700 -6.55100 -9.02300 -1.90200 2.65500 -1.66800 -0.10200 -2.05500 -3.00100 -3.85500 -7.73100 -5.26900 -5.48300
179.00000 -8.50400 -10.55900 -4.42500 -2.38000 -7.52800 -9.51100 -2.39100 3.63200 -1.18000 1.36300 -1.07800 -2.02400 -4.34400 -8.21900 -3.80500 -4.50600
180.00000 -9.48100 -11.53600 -4.91300 -2.38000 -8.01600 -9.51100 -1.90200 3.63200 -1.66800 0.38700 -0.59000 -1.04800 -5.32000 -9.19600 -3.31600 -4.99500
181.00000 -8.50400 -11.04700 -3.93700 -0.91600 -7.52800 -8.53500 -0.43700 4.12000 -1.66800 -0.59000 -0.59000 -0.55900 -6.29700 -9.19600 -4.29300 -5.48300
182.00000 -7.52800 -9.58300 -2.47200 0.54900 -7.03900 -9.02300 0.05100 5.09600 -1.66800 -2.54300 -0.59000 -1.04800 -7.27300 -9.68400 -6.24600 -6.94800
183.00000 -5.57500 -8.11800 -1.00700 2.01400 -6.55100 -9.02300 1.02700 5.09600 -2.15700 -5.47300 -1.56700 -1.53600 -7.76200 -9.19600 -7.71100 -8.41300
184.00000 -4.11000 -7.62900 -1.00700 2.99100 -6.55100 -10.48800 1.02700 2.16700 -3.13300 -8.40300 -2.05500 -2.02400 -8.25000 -9.68400 -7.71100 -9.87800
185.00000 -3.13300 -7.14100 -1.00700 3.96700 -7.52800 -11.46400 1.02700 -1.25100 -3.13300 -9.86700 -3.52000 -2.02400 -8.25000 -10.66100 -8.19900 -10.36600
186.00000 -1.66800 -6.16500 -1.49500 4.45600 -7.52800 -12.44100 0.05100 -3.20400 -1.66800 -8.89100 -4.49600 -2.51300 -8.73800 -12.61400 -8.19900 -10.85400
187.00000 0.28500 -5.18800 -1.49500 4.94400 -7.52800 -11.95300 -1.41400 -3.20400 -1.18000 -6.93800 -5.96100 -3.00100 -8.73800 -14.07900 -8.68700 -10.85400
188.00000 2.23800 -3.23500 -2.47200 5.43200 -6.06300 -10.97600 -3.85500 -3.20400 -2.64500 -4.98500 -6.44900 -3.48900 -8.25000 -14.56700 -9.66400 -10.36600
189.00000 3.21500 -1.28200 -4.42500 4.94400 -4.59800 -10.48800 -6.29700 -2.71600 -3.62100 -4.49600 -6.44900 -3.48900 -7.76200 -13.10200 -9.66400 -9.87800
190.00000 2.72600 -0.79300 -6.86600 2.99100 -4.11000 -9.51100 -8.73800 -1.74000 -3.62100 -5.96100 -5.47300 -3.48900 -7.76200 -12.12600 -8.68700 -8.90100
191.00000 0.77300 -1.28200 -9.79600 1.52600 -4.59800 -9.02300 -10.20300 -0.27500 -3.62100 -7.42600 -4.98500 -3.48900 -7.76200 -12.12600 -8.68700 -9.38900
192.00000 -2.15700 -3.23500 -10.77300 -0.42700 -5.57500 -9.02300 -10.20300 1.67800 -4.11000 -7.42600 -4.98500 -3.48900 -8.25000 -13.10200 -8.19900 -9.87800
193.00000 -4.11000 -4.21100 -10.28400 -0.91600 -5.57500 -9.02300 -8.25000 2.65500 -3.13300 -6.44900 -4.98500 -3.48900 -9.22600 -14.56700 -8.19900 -10.36600
194.00000 -5.57500 -4.70000 -8.33100 -0.91600 -5.57500 -8.53500 -5.32000 2.65500 -2.64500 -5.47300 -4.49600 -3.00100 -9.71500 -14.07900 -7.71100 -9.87800
195.00000 -5.08600 -3.72300 -4.42500 -0.42700 -4.59800 -7.55800 -1.41400 2.16700 -2.15700 -4.00800 -3.52000 -2.51300 -9.71500 -12.12600 -6.24600 -8.41300
196.00000 -3.13300 -1.77000 -1.00700 0.54900 -3.13300 -6.09300 2.00400 1.67800 -2.15700 -3.03100 -2.05500 -1.53600 -9.22600 -9.19600 -3.80500 -5.48300
197.00000 -1.18000 -0.30500 0.94600 1.52600 -2.15700 -4.14000 4.44500 1.19000 -2.64500 -2.54300 -0.59000 -0.55900 -8.25000 -7.24300 -1.85100 -3.04200
198.00000 0.77300 1.16000 2.41100 2.50200 -1.66800 -2.67500 4.44500 -0.27500 -2.64500 -2.54300 -0.10200 -0.07100 -7.27300 -7.73100 -0.38700 -2.06500
199.00000 2.23800 1.16000 1.92300 2.99100 -2.15700 -2.18700 2.98100 -0.76300 -2.15700 -2.54300 -0.10200 -0.07100 -7.27300 -9.19600 0.10200 -2.55300
200.00000 2.23800 0.67100 1.43400 2.99100 -2.15700 -2.67500 0.05100 -0.76300 -1.66800 -2.54300 -0.59000 0.41700 -6.78500 -10.66100 -0.38700 -4.01800
201.00000 2.23800 -0.79300 0.94600 2.50200 -3.13300 -3.16400 -1.90200 -0.76300 -0.69200 -2.54300 -1.56700 0.41700 -6.78500 -10.17300 -0.87500 -4.99500
202.00000 1.75000 -1.77000 0.45800 2.50200 -3.62100 -3.65200 -2.87900 0.21400 -0.20300 -2.54300 -2.54300 0.41700 -6.29700 -9.19600 -1.36300 -4.99500
203.00000 2.23800 -2.25800 0.94600 2.99100 -3.62100 -3.65200 -2.87900 1.19000 1.26100 -1.07800 -3.03100 0.41700 -4.83200 -7.73100 -1.85100 -4.01800
204.00000 2.72600 -1.28200 1.92300 2.99100 -3.13300 -3.16400 -0.92600 2.16700 1.75000 0.87500 -2.05500 0.41700 -4.34400 -6.75500 -0.87500 -3.53000
205.00000 3.70300 -0.30500 2.41100 2.99100 -2.64500 -2.18700 0.53900 0.70200 1.26100 2.34000 -1.56700 0.41700 -3.36700 -6.75500 -0.38700 -2.55300
206.00000 3.70300 0.18300 2.41100 2.50200 -2.64500 -1.69900 1.51600 -0.76300 -0.20300 3.31600 -1.56700 -0.07100 -3.36700 -7.73100 -0.38700 -3.04200
207.00000 2.72600 -0.30500 0.94600 1.52600 -2.64500 -2.67500 1.02700 -1.25100 -1.18000 2.34000 -3.03100 -1.04800 -3.85500 -9.19600 -1.36300 -4.50600
208.00000 -0.20300 -2.74700 -1.00700 0.06100 -3.62100 -4.14000 0.05100 -0.27500 -1.66800 0.87500 -5.96100 -3.00100 -5.32000 -11.14900 -3.80500 -5.97100
209.00000 -4.11000 -5.67600 -2.47200 -1.40400 -5.08600 -5.11700 -0.92600 0.70200 -2.15700 -1.56700 -7.91400 -4.46600 -7.27300 -13.10200 -6.24600 -7.43600
210.00000 -7.52800 -8.60600 -2.96000 -1.40400 -5.57500 -5.60500 -1.41400 1.19000 -2.15700 -3.03100 -7.91400 -5.44200 -8.73800 -14.07900 -7.71100 -7.43600
211.00000 -9.48100 -10.55900 -2.47200 -1.40400 -6.55100 -5.11700 0.05100 0.70200 -2.15700 -3.52000 -5.96100 -4.95400 -8.73800 -14.07900 -6.73400 -6.46000
212.00000 -9.96900 -10.55900 -1.00700 -1.40400 -6.06300 -3.65200 2.00400 0.70200 -1.66800 -2.54300 -4.00800 -3.97700 -7.76200 -12.12600 -3.31600 -4.01800
213.00000 -9.48100 -9.58300 0.45800 -1.40400 -5.57500 -2.67500 2.98100 0.21400 -0.69200 -1.07800 -2.54300 -3.00100 -5.80900 -10.17300 0.10200 -2.06500
214.00000 -8.01600 -8.11800 1.43400 -0.42700 -4.59800 -1.69900 2.49200 -0.76300 -0.69200 0.38700 -2.54300 -3.00100 -4.34400 -8.70800 1.56700 -1.08800
215.00000 -6.06300 -6.16500 1.92300 0.54900 -3.62100 -0.72200 1.02700 -0.76300 -1.18000 1.36300 -3.52000 -3.97700 -4.34400 -8.70800 0.59000 -1.08800
216.00000 -3.62100 -4.70000 1.43400 2.01400 -3.13300 -0.72200 -1.41400 -0.27500 -1.66800 1.36300 -5.47300 -5.44200 -5.80900 -9.68400 -1.85100 -2.55300
217.00000 -1.66800 -3.72300 1.43400 2.99100 -2.64500 -1.21100 -2.39100 0.70200 -2.15700 0.38700 -7.42600 -6.41900 -8.25000 -11.63700 -4.78100 -4.50600
218.00000 -0.20300 -3.23500 0.45800 3.96700 -3.62100 -2.18700 -2.39100 0.21400 -3.13300 -0.10200 -8.89100 -6.41900 -10.20300 -13.10200 -5.75800 -6.46000
219.00000 0.28500 -2.74700 -0.03100 4.45600 -4.59800 -3.65200 -1.90200 0.70200 -3.62100 -1.07800 -10.35600 -5.44200 -10.20300 -14.07900 -6.24600 -7.92400
220.00000 0.77300 -3.72300 -1.00700 4.94400 -5.57500 -5.60500 -0.92600 1.19000 -3.13300 -2.05500 -10.84400 -3.97700 -9.71500 -15.05500 -6.24600 -9.38900
221.00000 0.28500 -4.21100 -1.49500 4.94400 -6.06300 -6.58200 -0.43700 1.19000 -1.66800 -2.54300 -9.37900 -3.00100 -8.25000 -15.05500 -5.75800 -10.36600
222.00000 -0.20300 -4.21100 -1.00700 4.94400 -6.06300 -6.09300 0.05100 0.21400 -1.18000 -2.54300 -6.44900 -2.02400 -7.27300 -15.05500 -5.75800 -10.36600
223.00000 -0.69200 -4.70000 -0.51900 3.47900 -6.06300 -5.11700 1.51600 -1.74000 -1.18000 -2.05500 -4.00800 -1.53600 -6.29700 -14.07900 -4.78100 -8.41300
224.00000 -1.18000 -4.21100 -0.03100 2.01400 -5.08600 -3.16400 2.49200 -2.71600 -1.18000 -1.07800 -2.05500 -0.07100 -5.32000 -12.12600 -3.31600 -5.97100
225.00000 -2.64500 -4.21100 -1.00700 0.06100 -5.08600 -2.67500 2.98100 -2.22800 -1.66800 -0.10200 -1.56700 0.41700 -4.83200 -10.17300 -1.85100 -3.53000
226.00000 -4.59800 -5.67600 -2.96000 -1.40400 -5.08600 -3.65200 2.00400 -1.74000 -2.15700 0.38700 -1.56700 0.90500 -3.85500 -8.70800 0.10200 -1.57700
227.00000 -7.52800 -7.62900 -5.89000 -2.86900 -6.06300 -5.11700 0.05100 -0.76300 -3.13300 0.87500 -2.05500 0.41700 -2.87900 -7.73100 1.07800 -0.60000
228.00000 -10.45700 -10.55900 -8.33100 -4.82200 -8.01600 -7.07000 -1.90200 -0.27500 -3.62100 0.87500 -2.54300 0.41700 -1.90200 -7.73100 1.56700 -0.60000
229.00000 -13.38700 -13.48900 -9.30800 -5.79800 -9.96900 -8.53500 -2.87900 0.70200 -2.64500 0.38700 -2.05500 0.41700 -1.41400 -8.21900 2.54300 -0.60000
230.00000 -15.82800 -15.44200 -8.82000 -6.77500 -10.94600 -9.51100 -1.90200 1.67800 -1.66800 -1.07800 -1.56700 0.90500 -0.92600 -8.21900 4.00800 0.37600
231.00000 -17.29300 -16.41800 -7.35500 -6.77500 -11.43400 -10.00000 0.53900 2.16700 -1.18000 -2.54300 -0.59000 1.88200 -0.43700 -8.70800 5.47300 1.84100
232.00000 -17.29300 -16.41800 -5.40200 -6.77500 -9.96900 -9.51100 3.46900 2.65500 -1.18000 -4.49600 0.87500 2.37000 -0.43700 -8.21900 6.93800 4.28300
233.00000 -17.78200 -15.44200 -4.42500 -6.28700 -8.99300 -9.02300 4.44500 2.65500 -0.69200 -5.96100 1.85100 3.34700 -0.92600 -8.21900 7.42600 6.23600
234.00000 -18.27000 -14.95400 -3.93700 -6.28700 -7.52800 -7.55800 3.46900 2.16700 -0.69200 -5.47300 1.85100 3.83500 -1.41400 -7.73100 6.44900 6.72400
235.00000 -18.75800 -14.95400 -3.93700 -5.79800 -7.03900 -6.58200 1.51600 2.16700 -1.18000 -3.52000 0.38700 4.32300 -1.90200 -8.21900 5.47300 6.23600
236.00000 -18.75800 -14.95400 -4.42500 -4.82200 -7.03900 -6.58200 0.05100 2.16700 -1.66800 -0.59000 -1.56700 4.32300 -3.36700 -8.70800 3.52000 4.28300
237.00000 -17.29300 -13.48900 -4.42500 -3.35700 -6.55100 -7.07000 -0.43700 3.14300 -1.66800 1.36300 -3.52000 2.85800 -5.80900 -9.68400 1.56700 2.33000
238.00000 -14.85200 -11.53600 -2.96000 -0.91600 -6.06300 -7.55800 0.05100 4.12000 -1.66800 1.36300 -4.00800 1.39400 -8.25000 -10.66100 0.10200 0.37600
239.00000 -11.43400 -8.11800 -1.98400 1.03800 -4.59800 -7.55800 1.51600 4.12000 -1.18000 -0.10200 -3.03100 -0.07100 -9.71500 -11.14900 -1.36300 -2.06500
240.00000 -8.50400 -5.18800 -0.51900 2.50200 -3.62100 -6.58200 2.00400 3.14300 -1.18000 -1.56700 -2.54300 -0.55900 -10.20300 -11.14900 -2.34000 -3.53000
241.00000 -6.06300 -3.72300 -0.51900 2.99100 -3.13300 -6.09300 2.00400 2.16700 -0.69200 -1.56700 -1.56700 0.41700 -9.22600 -10.66100 -1.85100 -4.01800
242.00000 -4.59800 -2.74700 -0.51900 2.50200 -3.13300 -5.11700 1.51600 2.16700 0.28500 -0.59000 -1.07800 1.88200 -7.76200 -9.68400 -1.36300 -3.53000
243.00000 -4.11000 -2.74700 -1.49500 1.52600 -3.62100 -5.60500 1.51600 2.16700 0.77300 0.87500 -1.07800 3.83500 -5.32000 -8.21900 -0.38700 -3.04200
244.00000 -3.62100 -3.23500 -1.98400 1.03800 -4.11000 -6.09300 1.51600 1.67800 -0.69200 0.87500 -1.07800 3.83500 -4.34400 -7.24300 0.10200 -2.06500
245.00000 -4.59800 -4.70000 -2.96000 0.54900 -4.59800 -7.55800 1.02700 1.19000 -1.18000 -0.10200 -1.07800 3.34700 -4.34400 -6.75500 -0.38700 -1.57700
246.00000 -6.06300 -7.14100 -3.93700 -0.42700 -6.06300 -10.00000 1.02700 2.16700 -1.18000 -1.56700 -1.07800 2.37000 -3.85500 -6.75500 -0.38700 -2.06500
247.00000 -8.99300 -10.55900 -4.42500 -1.40400 -8.01600 -12.44100 0.53900 1.67800 -0.20300 -3.03100 -1.56700 2.37000 -2.87900 -8.21900 0.10200 -2.06500
248.00000 -11.92200 -13.97700 -4.91300 -2.38000 -9.48100 -14.39400 0.05100 0.21400 0.28500 -4.00800 -1.56700 2.85800 -1.41400 -9.19600 0.59000 -2.06500
249.00000 -14.36400 -15.93000 -5.89000 -2.86900 -10.45700 -14.88200 -0.92600 -1.74000 0.77300 -4.00800 -1.07800 3.83500 0.05100 -9.19600 0.59000 -2.06500
250.00000 -15.34000 -16.41800 -6.86600 -3.35700 -9.96900 -13.41800 -2.39100 -1.74000 2.23800 -2.54300 -0.59000 4.32300 1.51600 -8.21900 0.59000 -1.08800
251.00000 -14.85200 -13.97700 -7.35500 -3.35700 -8.01600 -10.97600 -4.34400 -2.22800 2.72600 -1.07800 -0.59000 4.32300 2.00400 -6.26600 -0.38700 -0.11200
252.00000 -12.41000 -10.55900 -8.33100 -2.38000 -6.06300 -8.04600 -5.80900 -2.71600 1.75000 0.38700 -1.56700 3.34700 1.51600 -5.77800 -1.36300 0.37600
253.00000 -9.48100 -7.14100 -7.84300 -1.40400 -4.11000 -6.09300 -5.32000 -2.71600 0.77300 1.85100 -3.52000 1.88200 1.02700 -6.26600 -1.36300 0.37600
254.00000 -6.55100 -4.70000 -7.35500 0.06100 -3.13300 -5.11700 -4.34400 -2.22800 0.28500 2.82800 -4.98500 0.41700 -0.43700 -8.21900 -1.85100 -1.08800
255.00000 -3.62100 -2.74700 -5.89000 1.03800 -2.64500 -4.62800 -3.85500 -1.74000 -0.20300 2.34000 -4.98500 -0.07100 -2.39100 -10.66100 -1.85100 -3.04200
256.00000 -1.66800 -2.25800 -4.91300 2.01400 -3.13300 -4.62800 -4.34400 -1.25100 -1.18000 0.87500 -4.00800 -0.55900 -4.34400 -12.61400 -2.82800 -4.99500
