1.00000 -14.70900 -16.12300 -15.02500 -15.20800 -10.86400 -7.02900 -13.08200 -2.05500 0.21400 -5.59500 -5.61500 -0.66100 10.47800 2.21800 -3.74300 1.87200
2.00000 -12.26800 -15.14700 -12.58300 -14.72000 -8.91100 -6.54100 -8.68700 -1.56700 -3.20400 -2.17700 -1.22100 3.24500 13.40700 6.61200 -0.81400 4.80100
3.00000 -11.29200 -13.19400 -11.11900 -12.76700 -6.95800 -7.02900 -7.22200 -4.00800 -4.18100 -2.66500 -1.22100 5.19800 14.87200 9.05400 0.16300 6.75500
4.00000 -11.78000 -10.75200 -12.09500 -11.30200 -5.00500 -7.51700 -8.19900 -7.42600 -3.69300 -4.61800 -5.12700 3.73300 14.87200 8.07700 -0.81400 5.77800
5.00000 -12.26800 -9.28800 -14.53700 -9.83700 -5.00500 -7.02900 -12.59400 -9.86700 -3.20400 -7.06000 -10.49800 -0.17300 11.94300 3.19400 -4.72000 2.36000
6.00000 -11.29200 -8.31100 -16.00100 -8.86000 -5.49300 -8.00600 -16.50000 -9.86700 -3.20400 -8.03600 -14.40400 -4.56700 7.54800 -3.15300 -10.09100 -3.01100
7.00000 -9.82700 -9.28800 -15.51300 -7.39500 -6.47000 -11.42400 -17.96500 -7.91400 -4.18100 -8.52500 -15.38100 -8.47400 2.17700 -9.50100 -15.95100 -9.35900
8.00000 -8.36200 -10.26400 -13.07200 -5.93100 -5.98100 -15.33000 -15.52300 -5.47300 -4.66900 -8.03600 -13.42800 -9.45000 -2.21800 -12.43100 -18.88000 -13.75300
9.00000 -7.87400 -10.26400 -8.67700 -4.46600 -5.00500 -15.81800 -9.66400 -3.03100 -3.69300 -8.03600 -9.52100 -8.47400 -4.65900 -10.96600 -18.88000 -15.21800
10.00000 -7.38500 -8.31100 -4.28300 -3.48900 -3.05200 -10.93500 -2.82800 -0.10200 -1.74000 -7.54800 -4.63900 -5.54400 -4.17100 -5.59500 -14.97400 -12.77700
11.00000 -6.40900 -4.89300 0.11200 -3.48900 -2.07500 -3.12300 2.54300 2.82800 -0.27500 -6.08300 0.24400 -2.61400 -2.21800 1.24100 -9.60300 -7.40600
12.00000 -3.47900 -1.47500 3.04200 -3.97700 -2.07500 3.22500 5.96100 4.29300 2.16700 -3.64200 4.15000 -0.66100 -0.26400 5.63600 -4.72000 -2.52300
13.00000 -0.54900 -0.49800 3.53000 -4.95400 -2.07500 4.69000 6.93800 4.29300 4.60800 -1.20000 7.08000 0.80400 0.22400 6.12400 -1.79000 -0.08100
14.00000 2.38000 -0.49800 3.04200 -4.46600 -1.58700 2.73600 6.93800 2.82800 6.56100 0.26400 8.05700 1.29200 -1.24100 4.65900 -0.32600 -1.05800
15.00000 3.35700 -0.98700 2.55300 -3.97700 0.36600 0.78300 6.93800 1.36300 5.58500 0.75300 6.10400 1.29200 -3.68200 2.21800 -0.81400 -3.49900
16.00000 2.38000 -0.98700 1.57700 -3.00100 2.31900 1.27200 6.44900 -0.10200 0.21400 0.26400 2.68600 0.31500 -6.12400 0.75300 -1.79000 -5.94100
17.00000 2.38000 -0.49800 1.57700 -1.53600 3.29600 4.20100 4.98500 -1.56700 -7.11100 0.75300 -0.73200 -0.66100 -7.58900 -0.22400 -3.25500 -7.40600
18.00000 1.89200 -0.01000 1.57700 -0.55900 2.31900 4.69000 2.54300 -2.54300 -11.99300 1.72900 -2.68600 -1.14900 -8.56500 -2.17700 -4.72000 -8.38200
19.00000 2.86900 -0.01000 1.08800 -0.07100 0.36600 2.24800 -1.85100 -3.52000 -12.97000 1.72900 -4.15000 -2.12600 -9.05400 -5.59500 -6.67300 -9.35900
20.00000 2.38000 -0.98700 -1.35300 -0.07100 -1.09900 -2.63500 -5.75800 -4.98500 -11.01700 0.26400 -4.63900 -3.10300 -10.03000 -10.47800 -8.62600 -9.84700
21.00000 0.42700 -2.94000 -3.30600 -0.55900 -2.07500 -7.51700 -8.19900 -6.44900 -8.57500 -3.64200 -6.59200 -4.56700 -9.54200 -13.89600 -10.57900 -10.82400
22.00000 -3.47900 -4.89300 -5.74700 -2.02400 -3.54000 -9.47100 -9.17600 -6.44900 -6.13400 -7.54800 -8.05700 -5.05600 -7.58900 -12.91900 -11.06800 -10.33500
23.00000 -8.36200 -7.82300 -7.70100 -4.95400 -5.98100 -8.98200 -10.15200 -7.42600 -3.20400 -9.98900 -9.52100 -5.54400 -3.19400 -9.50100 -10.09100 -7.40600
24.00000 -12.26800 -11.72900 -9.16500 -8.86000 -9.39900 -8.98200 -10.64000 -8.89100 0.70200 -9.50100 -10.01000 -4.56700 2.17700 -5.10700 -7.16100 -3.98800
25.00000 -15.19800 -16.61200 -10.14200 -12.27800 -11.35300 -9.95900 -11.61700 -9.86700 6.07300 -7.54800 -9.52100 -3.10300 7.06000 -2.17700 -3.25500 -0.57000
26.00000 -16.17400 -20.51800 -11.11900 -14.72000 -11.35300 -11.91200 -12.10500 -8.89100 9.00300 -6.08300 -8.54500 -0.66100 9.98900 -2.17700 -0.32600 1.38300
27.00000 -15.68600 -22.47100 -11.11900 -15.20800 -9.88800 -12.88900 -11.12900 -6.44900 7.53800 -6.57100 -6.59200 1.29200 10.47800 -2.17700 2.11600 2.84800
28.00000 -15.19800 -21.98300 -10.63000 -14.23100 -7.44600 -11.42400 -8.19900 -3.03100 3.63200 -9.01300 -4.15000 3.24500 9.50100 -0.71200 3.58100 4.31300
29.00000 -13.24500 -18.56500 -8.18900 -11.30200 -5.49300 -8.49400 -4.29300 -1.07800 0.70200 -9.98900 -1.22100 4.71000 9.01300 2.21800 5.53400 6.75500
30.00000 -10.80300 -14.65900 -5.25900 -9.34900 -5.49300 -6.05300 -1.36300 -1.07800 0.21400 -8.03600 2.68600 6.17500 9.01300 5.63600 7.48700 8.70800
31.00000 -9.33800 -12.21700 -3.79400 -8.37200 -6.47000 -6.05300 -1.36300 -3.52000 1.19000 -2.66500 4.63900 6.66300 9.01300 7.58900 9.92800 10.17300
32.00000 -8.85000 -10.75200 -4.28300 -8.86000 -7.44600 -8.00600 -4.29300 -5.96100 0.70200 3.19400 4.63900 5.68600 8.52500 7.10000 9.92800 9.19600
33.00000 -9.33800 -10.26400 -6.23600 -9.83700 -6.95800 -9.47100 -8.19900 -7.42600 -3.20400 5.63600 2.19700 3.24500 6.08300 4.65900 6.99900 6.26600
34.00000 -9.82700 -9.77600 -9.16500 -10.32500 -5.49300 -8.98200 -11.12900 -7.42600 -8.08700 3.68200 -1.22100 0.31500 2.17700 1.72900 2.11600 1.38300
35.00000 -8.85000 -9.28800 -11.11900 -8.37200 -3.54000 -6.05300 -12.10500 -5.96100 -10.04000 -1.68900 -4.15000 -1.63800 -1.24100 -0.22400 -2.27900 -2.52300
36.00000 -6.40900 -9.28800 -10.63000 -5.44200 -3.54000 -4.10000 -10.64000 -3.52000 -8.57500 -7.54800 -5.12700 -3.10300 -4.17100 -2.17700 -5.20800 -5.94100
37.00000 -3.47900 -9.77600 -7.70100 -1.53600 -5.00500 -5.07600 -7.71100 -1.07800 -5.15700 -9.98900 -4.63900 -2.61400 -5.63600 -3.15300 -5.69700 -7.40600
38.00000 -2.50200 -11.24100 -3.79400 0.90500 -6.47000 -8.00600 -4.78100 1.85100 -2.71600 -9.50100 -1.70900 -1.63800 -6.12400 -4.13000 -5.20800 -7.40600
39.00000 -3.96700 -12.70500 -0.86500 0.90500 -6.95800 -11.42400 -0.38700 3.80500 -2.71600 -6.57100 1.70900 0.31500 -5.14700 -3.64200 -4.72000 -6.42900
40.00000 -6.40900 -12.21700 0.11200 -1.04800 -5.00500 -11.91200 3.03100 4.78100 -2.22800 -2.66500 4.63900 1.78000 -3.68200 -1.68900 -4.72000 -5.45200
41.00000 -6.40900 -10.26400 0.11200 -3.00100 -2.07500 -9.47100 5.96100 3.80500 -0.27500 0.26400 6.10400 3.24500 -2.21800 0.75300 -3.74300 -3.01100
42.00000 -5.43200 -7.33400 -0.86500 -4.46600 -0.12200 -6.05300 6.44900 2.34000 2.65500 1.24100 5.12700 4.22200 -0.26400 2.21800 -1.79000 -1.05800
43.00000 -3.96700 -6.35800 -1.84100 -4.95400 0.36600 -3.12300 4.49600 0.87500 4.12000 1.24100 3.17400 4.71000 1.20000 1.72900 1.13900 -0.08100
44.00000 -3.96700 -7.33400 -2.33000 -4.46600 -2.07500 -2.63500 1.56700 0.87500 3.63200 0.75300 1.70900 4.22200 2.17700 1.72900 3.58100 0.89500
45.00000 -6.40900 -8.79900 -2.33000 -4.46600 -4.51700 -2.63500 -0.38700 0.87500 2.16700 0.75300 2.19700 4.22200 3.64200 2.70600 5.04600 2.36000
46.00000 -8.36200 -10.26400 -2.33000 -4.46600 -6.95800 -3.61100 -0.38700 1.36300 0.70200 -0.22400 4.63900 4.71000 5.59500 4.17100 5.53400 4.31300
47.00000 -8.85000 -9.77600 -1.35300 -4.46600 -8.42300 -5.07600 1.07800 1.85100 0.70200 -1.68900 7.56800 6.17500 7.54800 6.12400 6.51000 7.24300
48.00000 -6.40900 -8.79900 0.60000 -3.97700 -9.39900 -7.02900 3.52000 2.82800 1.19000 -2.66500 9.03300 8.61600 9.98900 6.12400 7.48700 9.68400
49.00000 -3.47900 -9.28800 1.57700 -3.48900 -10.86400 -9.95900 4.00800 3.31600 0.70200 -2.17700 8.54500 10.56900 10.96600 5.14700 10.41700 11.63700
50.00000 -2.99100 -11.24100 1.57700 -3.48900 -10.86400 -11.42400 3.03100 3.31600 0.21400 0.26400 7.08000 12.52200 11.94300 4.65900 12.85800 12.12600
51.00000 -4.94400 -13.19400 -0.37600 -3.97700 -10.86400 -10.93500 1.56700 2.34000 0.70200 4.17100 7.08000 13.49900 13.40700 6.12400 14.81100 13.10200
52.00000 -8.36200 -14.17000 -2.33000 -4.95400 -8.91100 -8.00600 -0.38700 0.87500 2.65500 7.58900 8.05700 14.47600 15.36100 9.05400 15.78800 13.59000
53.00000 -11.29200 -13.19400 -5.25900 -5.93100 -5.49300 -5.56400 -0.87500 -0.10200 5.09600 9.05400 9.03300 14.96400 17.80200 10.51800 15.78800 15.05500
54.00000 -11.29200 -11.72900 -7.21200 -5.93100 -3.05200 -5.56400 -1.85100 -0.59000 6.07300 7.10000 7.56800 14.96400 19.26700 10.03000 14.81100 15.54400
55.00000 -10.31500 -11.72900 -7.70100 -4.46600 -2.56300 -8.49400 -2.82800 -0.10200 6.07300 2.21800 5.61500 13.98700 20.24300 7.58900 12.85800 14.07900
56.00000 -10.31500 -13.68200 -6.72400 -3.97700 -4.51700 -13.86500 -3.80500 0.38700 4.60800 -2.66500 3.17400 12.52200 19.26700 5.14700 10.90500 11.63700
57.00000 -12.75600 -16.12300 -4.77100 -4.46600 -7.93500 -17.28300 -4.78100 -0.10200 2.65500 -5.10700 2.68600 11.54600 17.31400 5.14700 8.46400 9.19600
58.00000 -16.17400 -18.07700 -2.33000 -6.41900 -9.88800 -18.26000 -4.78100 -0.10200 0.21400 -5.59500 3.17400 10.56900 14.87200 4.65900 6.99900 7.24300
59.00000 -17.15100 -17.10000 -1.35300 -7.39500 -9.88800 -15.33000 -3.80500 0.38700 -1.74000 -5.10700 4.15000 10.08100 12.43100 4.17100 6.51000 6.75500
60.00000 -14.22100 -14.65900 -1.35300 -7.39500 -8.42300 -11.42400 -1.85100 1.85100 -2.71600 -5.10700 5.61500 10.08100 10.47800 2.70600 7.48700 7.24300
61.00000 -9.33800 -12.21700 -2.33000 -5.93100 -7.44600 -9.47100 0.10200 3.31600 -1.25100 -6.57100 7.08000 10.56900 9.50100 1.72900 8.95200 8.21900
62.00000 -5.92000 -12.70500 -4.28300 -4.95400 -8.42300 -10.93500 2.05500 3.31600 2.16700 -9.01300 10.01000 10.08100 9.50100 2.70600 10.41700 8.70800
63.00000 -5.92000 -15.14700 -5.25900 -4.46600 -9.88800 -14.35300 3.03100 2.34000 5.58500 -8.52500 13.42800 10.56900 9.98900 5.63600 11.39300 9.68400
64.00000 -8.36200 -17.10000 -4.77100 -5.44200 -11.35300 -16.79500 4.00800 2.34000 5.58500 -5.59500 15.38100 10.08100 10.47800 7.10000 11.88200 10.17300
65.00000 -10.31500 -16.61200 -3.30600 -5.93100 -11.84100 -16.30700 4.49600 2.82800 -0.27500 -1.68900 14.40400 9.59300 9.50100 6.61200 10.90500 9.68400
66.00000 -9.82700 -14.17000 -0.86500 -4.95400 -11.35300 -14.35300 5.47300 3.80500 -7.59900 1.24100 10.98600 9.10400 7.54800 3.19400 9.44000 7.73100
67.00000 -6.89700 -11.24100 0.60000 -3.48900 -10.86400 -11.91200 5.96100 4.29300 -11.50500 0.75300 6.59200 8.12800 3.64200 -0.71200 6.99900 4.80100
68.00000 -5.92000 -10.26400 0.11200 -3.00100 -10.37600 -10.93500 4.00800 2.82800 -10.52900 -2.66500 4.15000 6.66300 0.22400 -2.17700 5.04600 1.38300
69.00000 -8.36200 -10.75200 -1.84100 -3.97700 -9.88800 -10.93500 1.07800 0.87500 -6.13400 -6.08300 5.61500 5.19800 -0.75300 -1.20000 3.09200 -0.57000
70.00000 -13.24500 -11.72900 -5.25900 -6.90700 -8.42300 -10.44700 -2.34000 -0.59000 -1.25100 -5.59500 8.05700 4.71000 1.20000 2.21800 2.60400 0.40700
71.00000 -16.66300 -10.26400 -7.21200 -10.32500 -6.47000 -8.00600 -3.31600 -1.07800 0.70200 -2.66500 10.49800 6.17500 5.59500 6.12400 4.06900 3.82500
72.00000 -16.17400 -7.82300 -7.21200 -11.30200 -5.00500 -5.56400 -1.85100 -0.59000 1.19000 1.72900 10.98600 7.64000 9.50100 9.05400 7.48700 8.21900
73.00000 -10.80300 -6.84600 -6.23600 -9.83700 -5.00500 -4.10000 0.59000 -0.10200 1.19000 3.68200 9.03300 9.10400 12.43100 9.54200 10.41700 11.14900
74.00000 -4.94400 -8.31100 -4.28300 -6.90700 -6.95800 -5.07600 2.54300 -0.10200 1.67800 3.68200 7.08000 9.59300 12.91900 9.05400 12.37000 12.12600
75.00000 -2.50200 -12.21700 -2.81800 -4.46600 -9.39900 -8.49400 1.56700 -0.10200 1.67800 1.72900 5.12700 9.10400 11.94300 7.58900 11.39300 10.17300
76.00000 -4.94400 -16.12300 -2.33000 -3.97700 -10.86400 -11.42400 -2.34000 -0.10200 1.19000 -0.71200 4.15000 8.12800 9.98900 5.63600 8.46400 7.24300
77.00000 -9.82700 -17.10000 -3.79400 -5.44200 -10.37600 -12.40000 -6.73400 -1.07800 -0.27500 -4.13000 2.19700 7.15100 8.03600 2.70600 4.55700 4.80100
78.00000 -13.73300 -16.12300 -6.72400 -7.88400 -8.91100 -12.40000 -8.68700 -1.56700 -1.25100 -7.54800 -0.24400 5.68600 6.08300 -0.22400 1.13900 1.87200
79.00000 -14.70900 -13.19400 -9.16500 -9.83700 -7.44600 -11.91200 -7.71100 -2.05500 -2.22800 -10.96600 -2.19700 4.71000 4.13000 -3.15300 -1.30200 -0.08100
80.00000 -13.73300 -12.21700 -12.09500 -10.81300 -6.95800 -12.88900 -5.26900 -2.54300 -2.71600 -11.45400 -3.66200 3.24500 2.17700 -5.10700 -3.25500 -2.52300
81.00000 -14.70900 -14.17000 -13.07200 -11.30200 -8.42300 -14.35300 -4.29300 -2.54300 -3.69300 -9.98900 -3.17400 2.26800 1.20000 -6.08300 -4.23200 -4.47600
82.00000 -18.12700 -17.58800 -14.04800 -12.27800 -9.88800 -15.33000 -5.26900 -4.00800 -5.64600 -7.06000 -2.68600 1.78000 0.71200 -7.06000 -5.20800 -5.94100
83.00000 -23.49900 -21.98300 -15.51300 -14.72000 -11.84100 -15.33000 -8.19900 -5.47300 -8.08700 -7.06000 -3.17400 1.29200 -0.26400 -8.52500 -6.67300 -6.91700
84.00000 -26.91700 -24.91300 -17.95500 -17.16100 -14.77100 -15.81800 -11.61700 -7.42600 -10.04000 -10.47800 -6.59200 -0.17300 -0.75300 -9.98900 -8.62600 -7.89400
85.00000 -26.42800 -26.37700 -21.37200 -19.11400 -17.70000 -17.77100 -14.05800 -8.89100 -9.06400 -16.33700 -10.98600 -2.12600 -1.72900 -10.96600 -11.55600 -8.38200
86.00000 -22.52200 -26.37700 -22.83700 -19.60200 -19.65300 -21.18900 -14.05800 -10.35600 -6.13400 -20.73200 -13.42800 -4.07900 -2.70600 -9.98900 -13.02100 -9.35900
87.00000 -18.12700 -25.40100 -21.86100 -18.13800 -19.16500 -25.09600 -12.59400 -9.86700 -2.71600 -20.24300 -13.42800 -5.54400 -2.70600 -9.01300 -13.50900 -10.33500
88.00000 -15.68600 -23.44800 -17.95500 -15.69600 -16.72400 -25.58400 -10.64000 -7.91400 -1.74000 -15.36100 -10.01000 -5.54400 -1.72900 -7.06000 -12.53300 -10.33500
89.00000 -14.70900 -20.03000 -12.09500 -12.27800 -12.32900 -22.65400 -7.71100 -4.98500 -3.69300 -7.54800 -5.61500 -4.07900 -0.26400 -6.08300 -9.60300 -9.35900
90.00000 -14.22100 -16.12300 -7.21200 -8.86000 -8.91100 -17.77100 -5.26900 -2.05500 -7.11100 -2.17700 -3.17400 -1.63800 0.71200 -4.61800 -6.67300 -7.40600
91.00000 -13.73300 -13.68200 -5.25900 -5.93100 -7.93500 -13.37700 -2.82800 -0.10200 -8.57500 -0.22400 -3.17400 -0.17300 1.20000 -2.17700 -5.20800 -4.96400
92.00000 -14.70900 -13.68200 -5.74700 -3.97700 -9.88800 -12.40000 -1.36300 -0.10200 -7.11100 -0.71200 -4.15000 0.31500 1.20000 0.26400 -5.20800 -3.01100
93.00000 -16.17400 -16.12300 -7.70100 -4.46600 -12.81700 -13.86500 -1.85100 -1.07800 -2.71600 -2.66500 -4.63900 0.31500 1.68900 2.70600 -5.69700 -2.03500
94.00000 -19.10400 -20.03000 -8.18900 -6.41900 -15.25900 -16.79500 -3.80500 -2.05500 0.70200 -2.17700 -2.68600 -0.17300 2.17700 3.68200 -4.23200 -1.05800
95.00000 -21.05700 -22.47100 -7.21200 -9.34900 -14.77100 -17.77100 -4.78100 -2.54300 1.67800 -1.20000 0.73200 0.80400 3.64200 4.17100 -1.79000 -0.08100
96.00000 -19.59200 -21.49500 -5.25900 -10.81300 -11.84100 -15.33000 -3.80500 -1.07800 -1.25100 2.21800 4.63900 3.24500 5.10700 5.14700 1.62800 2.36000
97.00000 -14.70900 -17.58800 -2.33000 -10.32500 -8.42300 -9.47100 -0.87500 0.87500 -3.69300 5.14700 8.05700 5.68600 6.08300 6.61200 5.04600 4.80100
98.00000 -9.33800 -12.70500 -0.37600 -7.39500 -5.98100 -3.61100 4.49600 2.82800 -4.66900 6.61200 10.01000 8.12800 6.57100 7.58900 6.99900 7.24300
99.00000 -5.43200 -9.28800 1.08800 -3.97700 -4.51700 0.29500 8.40300 5.26900 -3.20400 6.61200 11.96300 9.59300 7.06000 7.10000 7.97500 8.70800
100.00000 -5.43200 -7.82300 2.55300 -1.53600 -4.02800 0.29500 11.33200 6.73400 -0.76300 5.14700 13.91600 11.54600 7.06000 5.14700 8.95200 9.19600
101.00000 -6.89700 -7.82300 3.04200 -1.04800 -4.02800 -2.63500 11.33200 7.22200 0.70200 2.21800 15.38100 13.01100 7.54800 3.68200 9.92800 8.70800
102.00000 -9.33800 -9.28800 3.04200 -2.02400 -4.02800 -7.02900 8.89100 6.24600 1.67800 -1.20000 14.40400 13.98700 8.52500 4.17100 10.90500 8.70800
103.00000 -10.31500 -11.72900 2.06500 -4.46600 -5.00500 -9.95900 5.47300 4.29300 3.14300 -4.13000 10.98600 14.47600 9.50100 6.61200 10.90500 9.68400
104.00000 -11.78000 -14.17000 -0.37600 -6.41900 -6.95800 -11.42400 2.05500 2.82800 5.09600 -6.08300 7.08000 13.49900 10.96600 8.56500 10.41700 10.17300
105.00000 -13.73300 -15.63500 -2.81800 -7.88400 -9.39900 -10.93500 0.10200 1.85100 4.60800 -6.57100 4.63900 12.52200 12.43100 9.05400 9.44000 10.17300
106.00000 -16.17400 -16.61200 -5.25900 -8.86000 -11.35300 -8.49400 0.10200 1.36300 1.19000 -4.61800 4.15000 11.54600 12.91900 8.07700 7.97500 9.68400
107.00000 -17.63900 -16.12300 -7.21200 -9.34900 -11.84100 -5.56400 1.56700 0.87500 -3.20400 -1.20000 5.61500 10.56900 11.94300 6.61200 7.48700 8.70800
108.00000 -16.66300 -15.14700 -7.21200 -9.83700 -11.35300 -3.61100 2.54300 -0.10200 -5.15700 0.75300 6.59200 10.08100 10.47800 5.63600 6.99900 7.24300
109.00000 -13.24500 -14.65900 -5.25900 -9.83700 -10.37600 -4.10000 2.05500 -1.07800 -3.20400 0.26400 6.10400 9.10400 9.01300 5.63600 6.02200 5.29000
110.00000 -10.31500 -15.14700 -3.79400 -9.34900 -9.88800 -7.02900 0.59000 -1.56700 0.70200 -2.66500 4.63900 7.64000 7.54800 4.65900 4.55700 3.82500
111.00000 -9.82700 -16.12300 -3.30600 -8.86000 -10.37600 -11.42400 -1.85100 -0.59000 2.16700 -4.13000 3.66200 6.17500 7.06000 2.70600 2.60400 2.36000
112.00000 -12.75600 -17.58800 -4.28300 -8.86000 -10.86400 -15.33000 -2.34000 0.87500 1.19000 -2.66500 4.15000 5.68600 7.06000 0.75300 1.62800 0.89500
113.00000 -16.66300 -18.07700 -7.21200 -9.34900 -11.84100 -17.28300 -0.87500 1.36300 -1.74000 0.75300 6.10400 6.17500 7.06000 0.26400 1.13900 -0.08100
114.00000 -19.10400 -17.10000 -10.63000 -10.32500 -12.32900 -15.81800 2.05500 1.36300 -2.22800 3.68200 7.08000 7.15100 7.06000 1.24100 1.13900 -0.08100
115.00000 -18.61600 -16.12300 -11.11900 -11.79000 -12.32900 -12.40000 5.47300 1.36300 -1.25100 3.68200 7.08000 8.12800 7.06000 2.70600 1.13900 -0.08100
116.00000 -17.15100 -16.12300 -10.63000 -12.27800 -12.81700 -8.00600 6.44900 1.85100 -0.27500 0.75300 6.10400 8.12800 7.06000 4.17100 1.13900 0.40700
117.00000 -15.19800 -16.61200 -7.21200 -11.30200 -13.30600 -5.56400 5.47300 2.34000 -0.76300 -2.66500 5.12700 8.12800 7.06000 5.14700 1.13900 1.87200
118.00000 -15.19800 -16.61200 -4.77100 -9.34900 -13.79400 -5.56400 3.52000 2.82800 -1.25100 -4.13000 6.10400 7.64000 8.03600 6.61200 2.11600 3.82500
119.00000 -15.19800 -15.63500 -3.79400 -7.88400 -13.79400 -6.54100 2.05500 1.36300 -0.76300 -2.17700 8.05700 8.12800 9.50100 9.54200 3.58100 6.75500
120.00000 -14.70900 -14.17000 -4.28300 -7.88400 -12.32900 -6.54100 2.05500 0.87500 1.19000 1.24100 10.49800 9.10400 10.96600 12.96000 5.53400 10.17300
121.00000 -12.75600 -12.70500 -5.74700 -8.86000 -10.37600 -4.58800 3.52000 0.38700 2.65500 4.65900 11.96300 9.59300 11.94300 15.40100 7.97500 12.61400
122.00000 -10.80300 -11.72900 -6.23600 -9.83700 -8.42300 -2.63500 5.47300 0.87500 1.67800 7.10000 11.47500 10.08100 12.91900 16.37800 9.92800 14.07900
123.00000 -10.80300 -12.21700 -5.25900 -10.32500 -7.93500 -1.65800 6.93800 1.36300 -0.27500 9.05400 9.52100 10.08100 12.43100 15.40100 11.39300 14.07900
124.00000 -12.75600 -14.17000 -3.79400 -9.83700 -8.91100 -3.61100 6.93800 2.34000 -1.74000 10.03000 8.54500 10.56900 11.45400 13.93600 11.88200 13.59000
125.00000 -15.19800 -16.12300 -1.84100 -8.86000 -10.37600 -7.02900 6.93800 2.34000 -1.74000 10.51800 9.52100 10.56900 10.96600 12.47200 11.39300 13.10200
126.00000 -16.17400 -16.61200 -0.86500 -8.37200 -12.32900 -9.95900 7.91400 3.31600 -1.74000 9.54200 10.98600 11.05800 10.96600 11.49500 10.90500 13.10200
127.00000 -15.19800 -16.12300 -1.35300 -8.37200 -13.30600 -11.42400 8.40300 3.80500 -1.74000 6.61200 12.45100 11.54600 11.45400 11.00700 10.41700 14.07900
128.00000 -13.24500 -14.65900 -2.81800 -8.86000 -13.79400 -10.93500 7.91400 3.80500 -2.22800 3.19400 11.96300 12.03400 11.45400 10.03000 9.92800 14.07900
129.00000 -12.75600 -13.19400 -4.28300 -9.34900 -13.30600 -8.98200 5.96100 3.80500 -0.76300 -0.22400 10.49800 11.54600 11.94300 9.05400 9.92800 13.59000
130.00000 -12.75600 -11.72900 -5.25900 -9.34900 -11.84100 -7.02900 3.03100 2.82800 2.65500 -2.66500 7.56800 11.05800 11.94300 8.07700 9.44000 12.61400
131.00000 -13.73300 -10.75200 -5.25900 -9.34900 -9.88800 -5.56400 1.07800 1.36300 6.07300 -4.13000 5.61500 10.08100 11.94300 7.10000 8.46400 11.14900
132.00000 -13.24500 -10.75200 -4.28300 -9.34900 -7.93500 -5.07600 0.10200 -0.59000 5.58500 -5.10700 4.63900 9.10400 11.94300 7.10000 7.48700 9.68400
133.00000 -11.29200 -11.24100 -2.81800 -9.83700 -6.95800 -5.07600 0.59000 -2.05500 1.19000 -4.61800 4.15000 8.61600 11.45400 8.07700 6.02200 9.68400
134.00000 -9.33800 -13.19400 -2.33000 -11.30200 -6.95800 -6.54100 1.07800 -2.54300 -4.66900 -3.15300 5.12700 7.15100 11.45400 8.56500 5.04600 9.68400
135.00000 -9.33800 -14.17000 -3.79400 -11.79000 -8.42300 -8.49400 -0.38700 -2.54300 -6.62200 0.26400 5.61500 6.66300 10.96600 8.56500 4.55700 9.19600
136.00000 -11.29200 -15.14700 -7.21200 -12.27800 -10.86400 -9.95900 -2.82800 -2.05500 -3.20400 3.19400 5.12700 5.68600 9.98900 7.58900 4.06900 7.73100
137.00000 -14.22100 -14.17000 -12.09500 -12.27800 -12.32900 -11.42400 -5.75800 -2.54300 1.67800 4.65900 4.15000 4.71000 9.01300 5.63600 2.60400 5.29000
138.00000 -17.15100 -13.68200 -15.51300 -12.27800 -13.79400 -11.91200 -5.75800 -3.03100 2.65500 3.68200 1.70900 3.73300 7.54800 3.19400 1.13900 2.36000
139.00000 -18.12700 -14.17000 -16.97800 -11.79000 -14.28200 -12.40000 -4.29300 -3.03100 -1.74000 0.75300 -1.22100 2.75700 5.10700 1.24100 -1.79000 -1.05800
140.00000 -18.12700 -15.63500 -15.02500 -11.30200 -14.28200 -12.88900 -1.36300 -1.56700 -7.59900 -3.15300 -2.68600 2.26800 2.17700 -0.22400 -4.23200 -3.98800
141.00000 -17.63900 -17.10000 -11.11900 -10.32500 -14.77100 -12.40000 0.10200 -0.59000 -9.55200 -6.08300 -2.68600 2.26800 0.22400 -1.68900 -4.72000 -5.45200
142.00000 -17.63900 -18.07700 -7.70100 -9.83700 -14.77100 -10.93500 0.10200 0.38700 -7.11100 -7.06000 -0.24400 3.73300 -0.26400 -2.66500 -2.76700 -4.96400
143.00000 -17.63900 -17.58800 -6.72400 -10.32500 -14.28200 -8.98200 -1.36300 -0.10200 -1.74000 -6.57100 2.68600 5.68600 1.20000 -2.66500 0.65100 -3.01100
144.00000 -16.66300 -17.10000 -7.21200 -11.30200 -13.30600 -7.51700 -1.85100 -1.07800 0.70200 -5.59500 5.12700 7.15100 3.64200 -0.71200 4.06900 -0.08100
145.00000 -14.70900 -17.10000 -8.18900 -12.76700 -12.81700 -8.00600 -1.36300 -1.56700 0.70200 -3.64200 6.59200 7.15100 6.08300 2.70600 5.04600 2.84800
146.00000 -13.24500 -17.58800 -9.65400 -14.23100 -13.30600 -10.44700 -0.38700 -2.54300 0.21400 -1.68900 5.61500 6.17500 8.03600 6.12400 3.09200 4.80100
147.00000 -14.22100 -18.07700 -10.63000 -14.23100 -13.79400 -12.40000 0.10200 -2.54300 1.67800 -0.71200 3.66200 4.71000 8.52500 8.07700 0.65100 6.75500
148.00000 -16.17400 -18.56500 -10.63000 -14.23100 -13.30600 -12.40000 -0.87500 -3.03100 5.09600 -0.22400 1.70900 3.73300 8.52500 8.56500 -1.79000 7.24300
149.00000 -18.61600 -18.56500 -11.11900 -13.74300 -13.30600 -11.42400 -2.34000 -3.52000 6.56100 -1.20000 1.70900 3.24500 9.50100 7.58900 -1.79000 7.73100
150.00000 -20.08100 -18.56500 -11.60700 -13.25500 -12.81700 -10.93500 -3.31600 -3.03100 4.60800 -2.17700 2.68600 3.24500 10.47800 6.61200 0.16300 7.24300
151.00000 -19.59200 -20.03000 -11.60700 -12.27800 -13.30600 -12.88900 -2.82800 -1.56700 -0.27500 -2.66500 4.15000 3.73300 11.45400 7.10000 3.09200 7.24300
152.00000 -18.12700 -20.03000 -10.63000 -10.81300 -14.28200 -15.81800 -0.87500 0.38700 -4.66900 -2.66500 4.63900 4.71000 11.94300 7.58900 5.04600 7.73100
153.00000 -16.66300 -19.54100 -8.67700 -8.86000 -16.23500 -18.26000 2.05500 1.85100 -7.11100 -2.17700 4.63900 6.17500 10.96600 7.10000 5.53400 8.21900
154.00000 -16.17400 -17.58800 -6.72400 -7.88400 -16.72400 -17.28300 3.52000 2.34000 -8.08700 -2.66500 4.15000 7.15100 8.52500 4.65900 4.06900 7.73100
155.00000 -16.17400 -15.14700 -4.77100 -6.90700 -15.25900 -12.88900 4.49600 2.34000 -8.57500 -3.64200 4.63900 7.64000 6.08300 1.24100 3.58100 6.75500
156.00000 -15.19800 -12.21700 -3.79400 -7.39500 -13.79400 -8.49400 4.98500 2.34000 -8.57500 -4.61800 5.61500 7.64000 4.61800 -0.71200 2.60400 4.80100
157.00000 -12.75600 -11.24100 -3.79400 -8.86000 -12.32900 -6.54100 4.98500 1.85100 -7.59900 -4.61800 5.61500 7.15100 3.64200 -0.22400 2.60400 3.33700
158.00000 -10.80300 -11.24100 -5.25900 -10.32500 -11.84100 -8.49400 4.49600 0.38700 -4.66900 -4.61800 4.63900 5.19800 3.64200 1.24100 1.13900 1.87200
159.00000 -9.82700 -12.70500 -7.21200 -11.79000 -11.84100 -13.37700 2.54300 -3.03100 -1.25100 -6.08300 1.70900 2.26800 3.15300 1.72900 -2.27900 -0.57000
160.00000 -10.31500 -13.68200 -10.14200 -12.27800 -11.84100 -16.79500 -0.87500 -6.44900 0.21400 -9.50100 -2.68600 -1.14900 1.68900 -0.22400 -7.16100 -3.49900
161.00000 -12.26800 -14.65900 -12.09500 -12.27800 -10.86400 -17.77100 -6.24600 -8.40300 -0.27500 -13.40700 -7.08000 -4.56700 -0.75300 -3.64200 -11.06800 -6.91700
162.00000 -14.22100 -14.65900 -14.04800 -10.81300 -9.39900 -15.33000 -10.64000 -8.89100 -2.71600 -15.36100 -9.52100 -7.00900 -2.70600 -6.57100 -13.02100 -10.33500
163.00000 -14.70900 -14.65900 -13.56000 -9.34900 -7.93500 -11.91200 -12.10500 -6.93800 -3.69300 -12.43100 -10.01000 -7.00900 -3.19400 -7.06000 -12.04400 -10.82400
164.00000 -13.24500 -13.68200 -11.11900 -7.39500 -7.44600 -8.49400 -9.17600 -3.52000 -2.22800 -5.59500 -7.56800 -5.54400 -1.72900 -4.61800 -9.11500 -8.87000
165.00000 -10.31500 -10.75200 -7.70100 -5.93100 -6.47000 -5.56400 -2.82800 0.87500 0.21400 2.21800 -2.68600 -1.63800 0.71200 -0.22400 -5.69700 -4.96400
166.00000 -5.92000 -6.35800 -2.81800 -4.46600 -5.49300 -2.14600 4.00800 4.29300 2.65500 7.58900 3.66200 2.75700 4.13000 5.14700 -1.79000 -0.08100
167.00000 -2.01400 -0.98700 1.57700 -3.00100 -3.05200 2.73600 8.89100 6.24600 4.12000 9.05400 8.54500 7.15100 6.08300 8.56500 1.13900 4.31300
168.00000 -1.03800 2.43100 3.53000 -2.02400 -0.61000 8.10800 10.35600 6.24600 5.58500 8.07700 10.98600 10.08100 7.54800 10.03000 4.06900 6.75500
169.00000 -2.99100 2.43100 2.06500 -2.51300 0.36600 10.54900 8.40300 4.29300 6.56100 6.12400 10.01000 11.05800 8.03600 10.51800 6.51000 8.21900
170.00000 -6.89700 -0.49800 -2.33000 -4.46600 -0.61000 9.57200 4.98500 2.34000 7.05000 6.12400 7.56800 10.56900 8.03600 11.00700 7.48700 8.21900
171.00000 -9.33800 -4.40500 -5.74700 -6.41900 -2.56300 5.17800 3.52000 0.38700 6.56100 8.07700 6.59200 9.10400 9.50100 11.98300 7.97500 8.70800
172.00000 -8.85000 -6.35800 -6.72400 -8.37200 -4.02800 1.27200 3.03100 0.38700 5.58500 11.00700 7.08000 8.12800 10.96600 13.44800 7.97500 9.19600
173.00000 -5.43200 -4.89300 -5.25900 -8.37200 -4.02800 -0.68200 4.98500 1.36300 3.63200 11.98300 9.52100 8.61600 11.94300 14.91300 8.46400 10.66100
174.00000 -1.03800 -1.96300 -1.84100 -5.93100 -2.56300 0.78300 6.44900 2.34000 3.63200 10.51800 10.98600 8.61600 11.94300 14.42500 8.95200 12.12600
175.00000 0.42700 -0.49800 0.11200 -3.00100 -1.58700 3.22500 6.93800 3.31600 3.63200 5.14700 11.47500 8.61600 10.96600 12.47200 9.44000 12.61400
176.00000 -1.03800 -1.96300 0.11200 -1.53600 -2.07500 4.69000 5.96100 3.31600 3.14300 1.24100 10.49800 7.64000 9.98900 11.49500 8.95200 12.61400
177.00000 -3.96700 -5.38100 -0.86500 -2.02400 -4.02800 5.17800 4.00800 3.31600 1.67800 0.26400 10.01000 6.66300 9.98900 11.49500 8.46400 11.63700
178.00000 -5.92000 -8.31100 -0.86500 -3.97700 -5.98100 5.66600 4.00800 3.31600 0.21400 3.19400 10.49800 7.15100 10.96600 13.93600 8.95200 12.12600
179.00000 -6.40900 -8.79900 0.60000 -6.90700 -7.44600 6.64300 6.44900 3.31600 0.70200 10.03000 12.93900 8.61600 12.91900 17.35400 11.88200 14.07900
180.00000 -6.40900 -6.84600 3.04200 -8.86000 -7.93500 8.10800 10.35600 2.82800 2.65500 17.84300 16.84600 11.54600 15.36100 20.28400 16.27600 17.49700
181.00000 -6.89700 -3.91600 4.01800 -9.83700 -6.95800 9.08400 14.75000 2.82800 6.56100 23.70200 19.77500 14.47600 17.80200 23.21400 20.67100 22.38000
182.00000 -8.36200 -1.47500 3.04200 -9.34900 -6.47000 8.10800 15.72700 1.85100 8.51400 24.19000 20.26400 15.94000 20.24300 24.19000 22.62400 25.79800
183.00000 -8.36200 -0.01000 1.57700 -8.37200 -5.49300 6.15400 12.79700 0.38700 9.49100 20.28400 16.84600 15.45200 21.70800 22.72500 20.67100 26.28600
184.00000 -6.40900 -0.01000 1.08800 -7.39500 -5.49300 4.20100 7.91400 -2.05500 8.51400 13.44800 11.47500 12.52200 21.22000 19.79600 15.78800 23.35600
185.00000 -2.50200 -0.01000 1.57700 -5.93100 -4.51700 3.22500 3.52000 -3.52000 7.05000 8.07700 6.10400 8.61600 18.29000 16.37800 10.41700 17.98500
186.00000 0.91600 -0.01000 2.55300 -4.95400 -3.54000 3.71300 1.07800 -4.00800 4.60800 5.63600 3.17400 4.71000 14.38400 13.44800 5.53400 11.63700
187.00000 1.40400 -0.98700 1.57700 -4.95400 -3.54000 4.69000 2.54300 -3.03100 0.70200 5.14700 2.68600 2.26800 9.98900 11.00700 3.09200 7.24300
188.00000 -2.01400 -3.42800 -1.35300 -5.44200 -4.51700 4.69000 4.98500 -0.59000 -1.25100 5.14700 5.12700 2.75700 7.06000 8.56500 2.60400 5.29000
189.00000 -6.40900 -6.35800 -3.30600 -6.90700 -5.49300 3.71300 7.42600 0.87500 -1.25100 4.17100 8.54500 4.22200 5.59500 6.61200 3.58100 5.77800
190.00000 -8.85000 -8.31100 -3.30600 -8.37200 -5.98100 3.22500 8.89100 2.34000 1.67800 2.21800 11.96300 7.15100 5.59500 6.61200 5.53400 7.24300
191.00000 -7.87400 -7.82300 -0.37600 -8.86000 -4.51700 4.20100 10.84400 4.29300 5.58500 2.21800 14.89300 10.08100 7.06000 8.56500 8.46400 9.68400
192.00000 -4.94400 -4.89300 4.01800 -7.88400 -2.56300 6.15400 14.26200 6.24600 6.56100 7.10000 17.82200 12.52200 9.50100 12.96000 12.37000 12.61400
193.00000 -2.50200 -1.47500 7.92400 -6.41900 -0.61000 9.08400 18.16800 7.71100 5.58500 15.40100 20.26400 14.47600 12.43100 18.33100 16.76400 16.52000
194.00000 -3.47900 -0.01000 8.41300 -5.44200 -1.09900 11.52500 21.09800 7.22200 4.60800 23.70200 20.75200 15.94000 15.36100 22.23700 20.18200 19.93800
195.00000 -5.92000 -0.49800 6.46000 -6.41900 -3.05200 12.50200 21.09800 3.31600 6.07300 27.12000 19.28700 15.94000 16.82500 22.72500 20.67100 21.89100
196.00000 -8.36200 -2.94000 3.04200 -9.34900 -6.47000 11.52500 16.70300 -1.56700 7.53800 24.67900 15.38100 13.98700 17.31400 20.28400 19.20600 21.40300
197.00000 -9.33800 -6.35800 -1.84100 -13.25500 -9.39900 8.10800 9.86700 -4.98500 7.05000 16.86600 10.01000 11.05800 16.33700 16.37800 15.29900 18.47300
198.00000 -8.85000 -9.28800 -6.23600 -15.20800 -11.84100 3.22500 2.54300 -5.47300 3.14300 9.54200 5.61500 8.12800 15.36100 12.96000 11.39300 15.05500
199.00000 -8.85000 -11.24100 -9.65400 -15.69600 -12.81700 -1.17000 -2.82800 -4.49600 -0.76300 4.65900 3.17400 5.19800 13.89600 10.03000 8.46400 12.12600
200.00000 -9.82700 -12.70500 -13.07200 -14.23100 -12.32900 -4.58800 -5.26900 -3.52000 -1.25100 4.17100 1.70900 4.22200 13.40700 8.07700 6.02200 10.17300
201.00000 -12.26800 -13.68200 -14.53700 -12.76700 -10.37600 -4.58800 -6.24600 -3.03100 1.67800 4.17100 1.70900 4.22200 12.91900 5.63600 5.04600 9.19600
202.00000 -14.70900 -14.65900 -15.02500 -12.27800 -8.42300 -2.63500 -5.26900 -3.03100 5.09600 1.24100 1.70900 4.71000 11.94300 3.68200 4.06900 7.73100
203.00000 -15.68600 -15.63500 -13.07200 -13.25500 -7.93500 -0.68200 -3.31600 -2.54300 4.60800 -3.64200 1.70900 4.71000 10.96600 3.68200 3.58100 6.75500
204.00000 -16.17400 -16.12300 -10.14200 -14.72000 -9.39900 -0.19300 -0.38700 -1.07800 -0.27500 -8.03600 3.66200 5.68600 10.47800 6.12400 3.58100 6.26600
205.00000 -17.15100 -17.10000 -7.21200 -15.69600 -13.79400 -2.63500 1.56700 0.38700 -5.64600 -8.03600 6.10400 6.66300 9.98900 9.05400 4.55700 7.24300
206.00000 -19.10400 -18.07700 -5.25900 -15.20800 -18.18800 -7.51700 4.00800 0.38700 -6.62200 -2.66500 9.03300 8.12800 10.96600 11.98300 6.99900 9.19600
207.00000 -21.54500 -19.05300 -4.28300 -14.23100 -21.11800 -11.42400 4.00800 -1.07800 -2.22800 6.12400 10.01000 9.10400 11.94300 12.96000 9.92800 11.63700
208.00000 -22.52200 -20.03000 -4.77100 -13.74300 -20.63000 -12.40000 3.52000 -2.05500 4.60800 12.96000 9.03300 9.59300 12.91900 13.44800 11.88200 13.59000
209.00000 -20.56900 -19.54100 -5.25900 -13.74300 -17.21200 -9.47100 2.54300 -2.05500 8.51400 14.91300 7.56800 9.10400 13.89600 14.42500 12.37000 15.05500
210.00000 -16.66300 -18.07700 -5.74700 -13.74300 -13.79400 -4.58800 3.03100 -2.05500 7.05000 12.96000 6.59200 8.61600 14.87200 16.37800 11.88200 15.54400
211.00000 -11.78000 -16.12300 -5.25900 -14.23100 -11.84100 0.29500 4.49600 -2.05500 3.14300 9.54200 8.05700 9.10400 15.36100 18.81900 11.39300 16.52000
212.00000 -9.33800 -15.63500 -5.25900 -13.74300 -11.84100 1.76000 5.96100 -3.03100 -0.76300 8.56500 9.52100 10.08100 15.36100 19.30700 11.88200 17.00800
213.00000 -10.80300 -15.63500 -5.74700 -12.76700 -13.79400 -0.68200 6.93800 -2.54300 -3.69300 9.54200 10.98600 12.03400 14.38400 17.84300 12.85800 17.00800
214.00000 -13.24500 -16.12300 -5.25900 -10.81300 -16.23500 -5.07600 6.44900 -0.59000 -6.13400 9.54200 11.47500 13.01100 12.43100 13.44800 13.83500 15.05500
215.00000 -16.17400 -17.58800 -4.28300 -8.86000 -19.16500 -11.42400 5.47300 1.36300 -8.57500 5.63600 10.98600 13.49900 9.98900 9.05400 12.37000 11.63700
216.00000 -17.63900 -19.05300 -2.33000 -7.88400 -21.11800 -15.81800 4.49600 2.82800 -8.57500 -1.20000 10.01000 13.01100 8.03600 5.63600 9.44000 8.21900
217.00000 -17.15100 -19.54100 -0.86500 -8.37200 -22.58300 -17.77100 4.49600 1.36300 -6.13400 -8.52500 9.03300 12.03400 7.06000 4.17100 6.02200 5.29000
218.00000 -16.66300 -19.05300 -1.35300 -9.83700 -22.58300 -15.81800 4.98500 -1.07800 -1.25100 -12.43100 7.56800 10.56900 7.06000 3.19400 2.60400 4.31300
219.00000 -17.63900 -18.07700 -3.30600 -11.30200 -20.14200 -11.42400 4.49600 -3.03100 2.65500 -10.96600 6.10400 9.59300 7.54800 2.70600 1.13900 3.82500
220.00000 -19.10400 -17.58800 -5.74700 -10.81300 -15.25900 -6.54100 2.54300 -3.52000 2.65500 -5.59500 4.15000 7.64000 7.06000 1.72900 1.13900 2.84800
221.00000 -19.59200 -17.10000 -7.21200 -8.86000 -10.37600 -4.58800 0.10200 -1.56700 0.70200 1.24100 2.68600 6.17500 5.59500 1.72900 2.11600 2.36000
222.00000 -18.61600 -17.58800 -6.72400 -6.41900 -7.93500 -7.51700 -1.85100 -0.59000 -1.74000 7.10000 1.70900 4.22200 4.13000 2.21800 3.09200 1.87200
223.00000 -15.68600 -19.05300 -6.23600 -5.44200 -9.39900 -13.37700 -3.31600 -1.56700 -2.71600 8.56500 1.22100 3.24500 3.64200 2.70600 2.60400 1.87200
224.00000 -14.22100 -21.00600 -7.21200 -7.39500 -13.30600 -17.77100 -3.80500 -3.52000 -2.22800 5.63600 0.73200 2.75700 4.13000 2.21800 2.11600 2.84800
225.00000 -15.19800 -22.95900 -10.14200 -11.30200 -17.70000 -19.23600 -3.80500 -4.49600 -1.25100 0.26400 1.22100 2.75700 5.10700 1.72900 1.62800 4.31300
226.00000 -18.12700 -22.95900 -13.07200 -15.20800 -20.14200 -17.28300 -4.78100 -4.49600 -2.22800 -6.08300 1.70900 2.75700 6.08300 1.24100 1.62800 5.29000
227.00000 -21.54500 -22.95900 -15.02500 -16.67300 -20.63000 -15.33000 -5.75800 -3.52000 -4.66900 -9.01300 3.17400 3.73300 7.54800 3.19400 3.09200 6.75500
228.00000 -22.52200 -22.47100 -15.02500 -16.18400 -19.65300 -15.81800 -5.75800 -3.03100 -7.11100 -8.03600 4.15000 5.68600 8.52500 6.12400 4.55700 8.70800
229.00000 -21.05700 -21.98300 -13.07200 -14.23100 -20.14200 -18.26000 -5.26900 -2.54300 -8.08700 -5.59500 4.63900 7.64000 9.50100 8.07700 6.51000 9.68400
230.00000 -19.10400 -21.98300 -12.09500 -13.25500 -21.60600 -21.18900 -4.29300 -3.03100 -8.57500 -5.59500 3.66200 9.10400 9.98900 6.61200 6.99900 9.68400
231.00000 -19.10400 -21.98300 -13.07200 -13.25500 -23.07100 -21.67800 -2.82800 -2.54300 -9.06400 -9.01300 2.19700 9.10400 9.01300 2.21800 6.51000 7.73100
232.00000 -21.54500 -21.98300 -15.02500 -13.74300 -24.04800 -19.23600 -2.34000 -2.05500 -10.04000 -14.38400 1.70900 8.12800 7.06000 -3.15300 5.04600 3.82500
233.00000 -23.49900 -21.98300 -15.02500 -13.74300 -23.07100 -17.28300 -2.82800 -1.56700 -11.01700 -16.82500 1.22100 6.17500 4.13000 -6.08300 2.60400 0.40700
234.00000 -22.03400 -21.00600 -12.58300 -11.79000 -20.14200 -16.79500 -2.34000 -1.07800 -10.04000 -14.38400 1.70900 4.71000 2.66500 -4.13000 0.16300 -0.57000
235.00000 -16.66300 -18.56500 -8.67700 -9.34900 -16.23500 -16.30700 -1.36300 -0.59000 -7.59900 -8.03600 1.70900 3.73300 2.66500 -0.71200 -1.30200 0.89500
236.00000 -7.87400 -14.17000 -4.28300 -5.93100 -11.35300 -14.84200 0.59000 0.38700 -4.18100 -1.68900 2.19700 4.71000 4.13000 3.19400 -0.32600 3.82500
237.00000 0.42700 -6.84600 -0.86500 -2.51300 -7.44600 -10.44700 3.52000 2.34000 -2.71600 0.75300 4.15000 6.17500 5.10700 5.14700 3.09200 6.26600
238.00000 4.82200 -0.01000 1.57700 -0.07100 -3.54000 -4.10000 5.96100 3.80500 -3.69300 1.24100 8.54500 7.64000 6.08300 6.12400 7.97500 8.21900
239.00000 5.79800 4.87300 4.01800 1.39400 -1.58700 0.78300 7.91400 4.29300 -5.64600 0.75300 12.93900 10.08100 7.06000 7.58900 12.85800 9.68400
240.00000 4.33300 5.36100 7.43600 1.39400 -1.58700 2.73600 8.89100 4.29300 -5.15700 3.19400 16.35700 11.54600 8.03600 10.51800 15.29900 11.14900
241.00000 2.86900 2.92000 9.38900 0.41700 -3.05200 2.73600 9.37900 3.80500 -2.22800 7.58900 16.35700 13.01100 9.01300 13.44800 14.81100 12.61400
242.00000 1.89200 -0.98700 9.38900 -1.04800 -4.02800 2.24800 10.35600 4.29300 1.67800 12.47200 15.38100 13.49900 10.96600 14.91300 12.85800 13.59000
243.00000 0.91600 -3.91600 5.97100 -2.51300 -4.02800 2.73600 11.82000 5.75800 4.60800 13.44800 14.89300 13.49900 11.94300 14.91300 10.41700 14.07900
244.00000 -1.03800 -4.40500 1.57700 -3.48900 -3.54000 5.17800 13.77400 6.73400 5.58500 11.49500 16.84600 13.98700 12.91900 14.42500 10.90500 14.56700
245.00000 -4.45600 -4.89300 -1.84100 -4.46600 -4.02800 6.15400 15.23800 6.24600 5.09600 7.10000 19.77500 14.96400 12.43100 13.93600 13.34600 14.56700
246.00000 -8.36200 -5.38100 -2.81800 -5.93100 -5.00500 4.69000 15.72700 4.78100 3.63200 3.68200 20.75200 14.96400 11.94300 13.93600 15.29900 14.56700
247.00000 -11.29200 -6.84600 -2.33000 -7.88400 -6.47000 1.27200 14.26200 2.82800 2.16700 2.70600 17.82200 14.47600 11.94300 13.44800 15.78800 14.07900
248.00000 -13.24500 -9.28800 -2.33000 -10.32500 -8.42300 -2.63500 10.84400 -0.10200 0.70200 4.17100 11.47500 12.03400 11.45400 11.49500 12.37000 13.10200
249.00000 -14.70900 -11.24100 -4.28300 -13.74300 -9.39900 -5.07600 6.93800 -3.03100 0.21400 7.10000 5.61500 8.61600 10.47800 9.54200 7.48700 11.14900
250.00000 -15.68600 -12.70500 -7.70100 -17.64900 -10.37600 -6.05300 2.54300 -6.44900 -0.27500 7.58900 3.17400 5.19800 9.50100 7.58900 3.58100 9.19600
251.00000 -16.66300 -14.65900 -11.11900 -21.06700 -11.84100 -7.02900 -0.87500 -7.91400 -0.76300 5.14700 3.17400 3.24500 8.52500 7.58900 1.62800 7.24300
252.00000 -16.66300 -16.12300 -12.58300 -23.02000 -14.77100 -9.47100 -2.82800 -7.42600 -1.74000 -0.22400 4.63900 2.75700 8.52500 7.58900 1.62800 6.26600
253.00000 -17.15100 -19.05300 -13.07200 -23.02000 -19.16500 -13.37700 -2.82800 -5.47300 -3.20400 -8.03600 4.63900 3.24500 8.52500 5.63600 2.11600 5.77800
254.00000 -17.63900 -21.49500 -13.07200 -21.06700 -23.07100 -17.28300 -2.34000 -3.52000 -5.64600 -14.38400 2.68600 3.73300 8.03600 1.72900 1.13900 4.80100
255.00000 -18.12700 -22.95900 -13.07200 -18.13800 -25.51300 -20.21300 -2.34000 -1.56700 -8.08700 -16.82500 -0.24400 3.73300 6.57100 -2.66500 -1.30200 2.36000
256.00000 -18.61600 -22.47100 -13.07200 -15.20800 -25.02400 -20.70100 -3.80500 -1.56700 -11.50500 -16.33700 -3.17400 2.75700 4.13000 -5.59500 -3.74300 -0.57000
