1.00000 2.39100 1.39400 2.81800 4.48600 0.32600 -6.49000 -5.43200 2.35000 -4.05900 -8.21900 0.40700 -4.29300 -6.01200 -3.79400 -1.49500 -3.46900
2.00000 9.71500 8.71800 11.11900 8.39200 5.69700 5.22900 7.26300 4.79100 -0.15300 0.08100 9.68400 1.56700 0.82400 5.48300 7.29400 4.83200
3.00000 16.55100 17.01900 17.46600 12.78700 12.53300 17.43600 20.44700 6.25600 3.75400 9.35900 17.00800 6.93800 6.19500 10.36600 14.61800 11.66800
4.00000 22.41000 23.36600 22.83700 16.69300 17.90400 24.76000 28.25900 6.74400 7.66000 17.66000 19.93800 9.86700 8.14800 10.36600 19.01200 15.08600
5.00000 24.85100 25.80800 25.27900 19.62300 21.32200 25.24800 26.79400 8.20900 9.12500 21.07700 19.45000 11.82000 7.17200 7.43600 19.50100 14.59800
6.00000 23.38700 24.34300 23.81400 20.11100 20.34500 20.36500 16.54100 9.67400 8.14800 20.10100 16.03200 11.33200 4.73000 4.50600 16.08300 12.15600
7.00000 18.50400 19.46000 16.49000 17.18100 17.41500 15.97100 1.89200 9.18600 6.68300 14.24200 10.66100 7.91400 1.80100 2.55300 10.71200 7.76200
8.00000 11.18000 12.62400 5.74700 11.32200 13.50900 14.01800 -10.31500 6.25600 3.75400 7.40600 4.31300 2.54300 -1.12900 2.55300 3.87600 3.36700
9.00000 4.34400 6.27600 -4.50600 4.48600 10.09100 13.52900 -16.17400 0.88500 1.31200 2.52300 -1.54600 -3.80500 -3.57100 2.06500 -2.96000 -1.02700
10.00000 -0.53900 1.88200 -9.38900 -0.39700 7.16100 10.60000 -15.68600 -4.97400 -0.64100 -0.40700 -5.94100 -8.68700 -4.54700 0.60000 -7.35500 -3.46900
11.00000 -2.49200 -0.07100 -7.43600 -2.83800 4.23200 3.76400 -12.26800 -8.39200 -1.12900 -0.89500 -7.40600 -10.64000 -5.03500 -0.86500 -8.33100 -3.95700
12.00000 -1.51600 -0.07100 -1.57700 -2.35000 2.76700 -4.04900 -7.87400 -9.36900 -0.64100 0.08100 -6.42900 -9.66400 -3.57100 -1.35300 -6.37800 -2.98100
13.00000 -0.05100 0.41700 2.81800 -1.37300 2.27900 -6.49000 -4.94400 -7.90400 0.33600 2.03500 -3.49900 -7.22200 -1.61700 0.60000 -3.44800 -1.02700
14.00000 1.41400 2.85800 3.30600 0.09200 3.74300 -1.11900 -2.01400 -6.43900 2.28900 3.98800 -0.57000 -4.29300 0.82400 4.50600 -0.03100 0.92600
15.00000 2.87900 6.27600 0.86500 1.06800 6.67300 8.64700 1.40400 -5.46300 3.75400 6.91700 1.87200 -2.34000 2.28900 7.43600 1.92300 1.90200
16.00000 5.80900 10.18300 0.37600 3.02100 11.06800 18.41200 3.84500 -4.48600 4.73000 9.84700 4.31300 -0.87500 3.26500 8.41300 2.89900 1.90200
17.00000 10.20300 15.55400 3.79400 6.43900 15.95100 23.29500 4.82200 -3.02100 6.19500 12.28800 7.73100 1.56700 3.75400 7.92400 4.85200 3.36700
18.00000 15.57400 20.92500 11.11900 10.83400 19.85700 23.29500 5.31000 0.39700 9.12500 14.24200 12.12600 5.47300 6.19500 7.43600 8.27000 5.32000
19.00000 20.45700 24.83100 18.44300 15.22800 22.78600 23.29500 6.28700 4.79100 12.05400 16.19500 17.00800 9.37900 10.10100 8.90100 12.66500 9.71500
20.00000 23.87500 27.27300 21.86100 18.64600 24.74000 25.24800 9.21600 9.18600 14.98400 19.12400 20.42600 12.79700 14.49600 13.29500 16.08300 14.10900
21.00000 24.36300 27.27300 20.39600 19.13500 24.25100 28.17800 12.14600 11.62700 15.47200 22.54200 21.40300 14.26200 17.42600 17.69000 17.05900 16.55100
22.00000 21.43400 23.85500 16.00100 17.67000 21.81000 28.17800 12.14600 11.62700 13.51900 24.00700 18.96200 12.79700 17.42600 19.15500 14.61800 16.06200
23.00000 15.57400 17.99500 12.09500 13.76300 16.43900 21.34200 7.75100 9.67400 9.12500 21.07700 14.07900 9.37900 14.00800 15.73700 8.75900 11.66800
24.00000 8.25000 9.69400 8.67700 9.36900 10.09100 9.62300 0.42700 6.25600 4.24200 12.77700 8.21900 4.98500 8.14800 8.90100 1.92300 5.80900
25.00000 0.43700 2.37000 4.28300 3.51000 4.23200 -2.09600 -6.89700 0.88500 0.33600 2.52300 3.33700 -0.38700 2.28900 1.08800 -3.93700 0.43700
26.00000 -6.39900 -3.48900 -1.57700 -2.35000 -0.16300 -8.93100 -10.80300 -4.97400 -2.10600 -6.26600 -0.08100 -5.26900 -2.59400 -3.79400 -7.35500 -2.98100
27.00000 -10.30500 -6.90700 -8.90100 -7.72100 -2.11600 -9.42000 -12.26800 -10.83400 -3.08200 -10.66100 -2.03500 -8.68700 -5.03500 -5.74700 -8.33100 -3.95700
28.00000 -11.77000 -7.39500 -15.73700 -11.13900 -2.11600 -6.00200 -13.24500 -15.22800 -3.57100 -10.17300 -3.01100 -10.64000 -6.50000 -5.25900 -7.84300 -4.93400
29.00000 -11.77000 -7.39500 -18.17800 -12.60400 -2.11600 -3.56000 -16.66300 -16.69300 -3.57100 -8.21900 -3.49900 -10.64000 -6.98900 -4.28300 -7.35500 -5.91000
30.00000 -11.28100 -7.88400 -17.69000 -12.11500 -3.09200 -4.53700 -21.54500 -15.22800 -4.54700 -7.24300 -3.49900 -9.66400 -7.96500 -4.28300 -7.35500 -7.37500
31.00000 -11.28100 -7.88400 -15.24900 -11.13900 -3.58100 -6.49000 -23.98700 -12.29900 -5.03500 -7.24300 -2.52300 -7.71100 -7.96500 -4.77100 -6.37800 -8.84000
32.00000 -10.79300 -7.39500 -13.29500 -9.67400 -3.58100 -6.49000 -21.05700 -9.85700 -4.54700 -7.73100 -0.08100 -5.26900 -6.50000 -3.79400 -5.40200 -8.35200
33.00000 -9.32800 -4.46600 -11.34200 -8.69800 -2.60400 -1.60700 -13.73300 -8.39200 -3.08200 -6.26600 3.33700 -2.34000 -3.08200 -0.86500 -2.47200 -5.91000
34.00000 -4.93400 -0.07100 -8.41300 -6.25600 -0.16300 5.22900 -4.45600 -7.41600 -0.64100 -2.36000 6.75500 1.07800 1.80100 3.53000 1.43400 -2.49200
35.00000 0.92600 5.78800 -2.06500 -2.83800 3.25500 10.11100 1.89200 -5.46300 1.80100 3.98800 9.19600 3.52000 6.19500 7.92400 4.36400 1.41400
36.00000 6.78500 10.18300 6.23600 2.53300 6.18500 11.08800 3.84500 -2.04500 4.24200 9.84700 11.14900 5.96100 9.12500 10.36600 6.31700 2.87900
37.00000 11.18000 13.11200 13.56000 7.90400 8.62600 9.62300 2.86900 1.86200 5.21900 13.75300 12.12600 7.42600 9.12500 9.87800 5.82900 1.90200
38.00000 14.10900 14.57700 16.97800 12.29900 10.57900 8.64700 1.40400 5.76800 5.70700 14.73000 12.12600 7.91400 6.68300 7.43600 4.36400 -1.51600
39.00000 14.59800 15.55400 15.51300 14.25200 12.53300 9.62300 -0.54900 7.23300 5.70700 13.75300 11.63700 7.91400 3.26500 3.04200 1.92300 -4.93400
40.00000 15.08600 16.04200 11.60700 13.27500 13.02100 12.06500 -2.99100 6.25600 5.21900 10.82400 9.68400 5.96100 -0.15300 -1.35300 -0.51900 -8.35200
41.00000 14.10900 16.04200 7.70100 11.32200 12.53300 12.55300 -5.43200 3.32600 3.26500 6.42900 6.26600 3.03100 -3.57100 -5.25900 -3.93700 -11.28100
42.00000 12.15600 14.08900 4.77100 7.90400 10.09100 10.11100 -7.38500 0.39700 0.82400 1.05800 1.38300 -0.38700 -6.50000 -8.18900 -6.86600 -14.21100
43.00000 8.25000 10.18300 2.33000 4.48600 5.69700 4.74000 -7.87400 -2.04500 -2.59400 -4.31300 -2.52300 -3.80500 -9.91800 -11.11900 -9.79600 -17.14100
44.00000 3.36700 4.32300 -1.08800 0.58000 0.81400 -0.63100 -7.87400 -3.51000 -7.47700 -9.68400 -5.45200 -6.24600 -14.31300 -15.02500 -12.72600 -20.55900
45.00000 -1.02700 -0.07100 -4.99500 -2.35000 -3.09200 -4.04900 -7.87400 -4.48600 -10.89500 -13.59000 -6.42900 -7.71100 -18.21900 -19.90800 -14.67900 -23.00000
46.00000 -3.46900 -3.00100 -8.90100 -4.79100 -5.53400 -5.51400 -9.82700 -5.46300 -13.33600 -16.03200 -5.94100 -8.19900 -20.17200 -24.79000 -15.65600 -24.46500
47.00000 -4.44500 -3.48900 -10.85400 -5.28000 -6.02200 -5.51400 -12.75600 -6.43900 -13.82400 -16.52000 -4.96400 -8.68700 -20.66000 -26.74400 -15.65600 -23.48800
48.00000 -3.95700 -2.51300 -9.87800 -5.28000 -5.04600 -6.00200 -14.70900 -7.41600 -12.84800 -15.05500 -4.96400 -8.68700 -19.19600 -26.25500 -14.19100 -21.53500
49.00000 -2.49200 -1.04800 -6.94800 -4.30300 -3.58100 -6.49000 -15.19800 -8.88100 -10.40600 -13.10200 -5.45200 -9.66400 -16.26600 -20.88400 -12.23800 -18.11700
50.00000 -1.02700 0.90500 -3.53000 -3.81500 -1.13900 -5.51400 -14.22100 -10.34500 -7.96500 -9.68400 -5.45200 -9.66400 -13.33600 -13.56000 -9.30800 -13.72300
51.00000 1.41400 3.83500 -0.11200 -2.83800 1.79000 -2.58400 -13.73300 -11.32200 -5.03500 -5.29000 -3.98800 -9.66400 -9.43000 -5.74700 -6.37800 -8.84000
52.00000 5.32000 8.23000 3.79400 -0.39700 5.69700 1.81100 -13.73300 -10.83400 -2.59400 -0.89500 -0.57000 -7.71100 -5.52400 0.60000 -2.47200 -3.46900
53.00000 11.66800 14.08900 8.18900 3.99800 10.09100 7.18200 -13.24500 -7.41600 0.82400 3.98800 2.84800 -5.26900 -0.64100 5.48300 1.43400 1.90200
54.00000 18.99200 20.43700 13.56000 11.81000 15.46200 13.52900 -8.85000 -1.55600 5.21900 8.87000 6.75500 -1.36300 4.73000 10.36600 6.31700 7.76200
55.00000 26.31600 27.27300 19.41900 19.62300 21.32200 20.36500 0.42700 5.76800 10.59000 14.73000 11.14900 4.00800 11.07800 16.22500 11.68800 14.10900
56.00000 31.68700 32.64400 24.79000 26.45900 26.20400 27.69000 12.63400 12.11500 15.96100 20.58900 16.52000 9.37900 17.42600 23.06100 18.03600 20.45700
57.00000 34.61700 35.57300 29.18500 28.90000 29.13400 33.06100 22.88800 16.99800 19.37900 26.93700 22.86800 15.23800 22.79700 29.40900 23.40700 26.31600
58.00000 34.12900 35.57300 29.67300 27.92400 28.15800 35.01400 27.77100 17.97500 19.86700 31.33100 27.75100 19.63300 24.75000 32.82700 26.82500 29.73400
59.00000 29.73400 31.17900 26.74400 22.55200 24.25100 31.59600 25.33000 16.02200 16.93700 30.35500 30.19200 19.63300 22.79700 30.38500 25.84800 28.26900
60.00000 22.41000 23.36600 19.41900 15.22800 16.43900 22.31900 16.54100 11.62700 10.59000 23.03100 25.79800 15.72700 16.44900 22.08500 20.47700 21.92200
61.00000 12.64400 12.62400 8.67700 7.41600 7.16100 9.62300 5.31000 5.76800 3.26500 10.33500 17.00800 8.40300 7.17200 9.38900 11.68800 11.66800
62.00000 2.87900 2.37000 -0.60000 1.06800 -1.62800 -3.56000 -5.92000 0.39700 -4.05900 -4.31300 7.24300 0.10200 -2.10600 -2.81800 1.92300 1.41400
63.00000 -4.93400 -5.93100 -6.94800 -3.32600 -7.97500 -12.83800 -14.70900 -3.99800 -8.94200 -16.03200 -0.57000 -5.75800 -8.94200 -10.14200 -5.40200 -6.88700
64.00000 -9.32800 -10.32500 -8.41300 -5.76800 -10.90500 -17.23200 -19.59200 -6.92700 -10.89500 -19.93800 -3.49900 -7.71100 -12.36000 -12.58300 -8.82000 -10.79300
65.00000 -10.30500 -11.79000 -6.94800 -6.74400 -10.90500 -16.25600 -22.03400 -8.88100 -10.89500 -17.49700 -3.01100 -7.71100 -12.36000 -10.63000 -9.30800 -10.79300
66.00000 -9.81600 -10.81300 -5.48300 -7.72100 -9.92800 -13.32600 -22.52200 -9.36900 -10.40600 -12.12600 -1.54600 -6.24600 -11.87100 -7.70100 -8.33100 -9.81600
67.00000 -9.32800 -9.83700 -6.94800 -8.20900 -8.95200 -10.88500 -22.03400 -9.85700 -10.89500 -8.21900 -2.03500 -5.75800 -11.38300 -6.72400 -7.84300 -8.84000
68.00000 -8.84000 -9.34900 -10.36600 -9.18600 -9.44000 -10.88500 -21.05700 -9.36900 -11.38300 -8.21900 -3.98800 -6.24600 -10.89500 -7.21200 -7.35500 -8.35200
69.00000 -8.84000 -9.34900 -12.80700 -8.69800 -9.92800 -12.83800 -18.12700 -8.39200 -12.36000 -10.66100 -5.94100 -6.24600 -10.40600 -7.21200 -7.35500 -7.86300
70.00000 -7.37500 -7.88400 -11.83100 -7.23300 -10.41700 -14.79100 -13.24500 -7.41600 -12.36000 -12.61400 -5.45200 -5.75800 -8.45300 -5.25900 -6.37800 -6.39900
71.00000 -4.93400 -5.44200 -7.43600 -4.79100 -9.44000 -12.83800 -7.38500 -7.41600 -10.89500 -11.63700 -3.01100 -4.78100 -5.52400 -1.84100 -4.91300 -3.95700
72.00000 -2.49200 -2.51300 -2.55300 -2.35000 -6.51000 -7.95500 -3.96700 -7.41600 -8.45300 -7.73100 -0.08100 -3.80500 -2.10600 1.57700 -3.93700 -1.51600
73.00000 0.43700 0.41700 0.37600 -0.39700 -3.58100 -2.09600 -4.94400 -7.41600 -5.52400 -3.33700 0.40700 -3.31600 -0.64100 2.06500 -4.42500 -1.51600
74.00000 2.39100 1.88200 0.37600 1.55600 -0.16300 2.29900 -9.33800 -5.95100 -3.08200 -1.87200 -1.54600 -3.31600 -0.15300 -0.37600 -5.89000 -2.98100
75.00000 3.36700 2.85800 -1.08800 3.51000 1.79000 3.76400 -12.75600 -3.51000 -1.61700 -3.82500 -3.98800 -3.31600 -1.12900 -3.79400 -7.84300 -4.93400
76.00000 5.80900 3.83500 -0.60000 5.46300 3.25500 1.81100 -13.73300 -0.58000 -0.15300 -6.26600 -4.47600 -2.82800 -1.12900 -5.25900 -7.84300 -6.39900
77.00000 8.25000 5.30000 2.81800 7.41600 3.74300 0.34600 -11.78000 1.37300 0.33600 -6.26600 -2.03500 -0.87500 0.33600 -2.81800 -5.89000 -4.93400
78.00000 11.66800 8.23000 8.67700 8.88100 4.72000 -0.14200 -8.85000 2.83800 0.82400 -2.84800 2.36000 2.05500 2.77700 2.06500 -1.98400 -1.51600
79.00000 14.59800 11.15900 14.04800 9.85700 5.20800 1.81100 -8.36200 4.30300 1.80100 3.49900 8.21900 5.96100 6.19500 7.43600 2.89900 3.36700
80.00000 16.55100 13.60100 16.00100 10.34500 5.69700 5.22900 -8.36200 5.76800 2.28900 8.38200 12.12600 9.37900 9.12500 10.36600 6.80500 7.27300
81.00000 16.06200 14.08900 15.51300 10.83400 5.69700 7.18200 -6.89700 7.23300 2.77700 10.33500 14.56700 11.82000 11.07800 10.85400 9.73500 10.20300
82.00000 14.59800 13.11200 13.56000 11.32200 5.20800 6.20500 -0.06100 8.20900 3.75400 7.40600 15.54400 12.79700 11.56600 10.85400 10.71200 11.18000
83.00000 12.15600 10.67100 12.09500 11.32200 4.23200 3.27600 8.72800 8.20900 4.24200 2.52300 15.05500 12.30900 11.56600 10.85400 10.71200 11.18000
84.00000 9.71500 8.71800 11.11900 10.34500 4.23200 -0.14200 14.58700 6.25600 4.24200 -2.36000 13.10200 10.84400 10.59000 10.85400 9.24700 9.71500
85.00000 8.25000 8.23000 10.14200 8.88100 5.20800 -0.14200 12.14600 3.81500 3.75400 -3.33700 11.14900 8.40300 9.12500 10.36600 7.29400 7.27300
86.00000 8.25000 9.69400 8.67700 6.92700 6.67300 3.76400 1.89200 2.35000 3.26500 -0.40700 9.68400 7.42600 7.17200 7.92400 6.31700 5.32000
87.00000 9.22600 12.62400 5.74700 5.46300 8.62600 9.62300 -9.82700 1.37300 2.77700 3.49900 9.19600 7.42600 6.19500 5.48300 6.80500 4.34400
88.00000 10.69100 15.06600 4.28300 5.46300 10.57900 14.50600 -14.70900 1.37300 3.75400 6.42900 10.17300 8.40300 6.19500 3.53000 7.78200 4.83200
89.00000 11.18000 15.55400 3.79400 5.95100 11.06800 14.50600 -11.78000 0.39700 4.24200 5.45200 11.14900 8.89100 7.66000 4.50600 9.73500 6.78500
90.00000 10.20300 13.60100 5.25900 6.92700 9.60300 9.62300 -4.94400 -0.09200 3.75400 2.52300 11.14900 8.89100 8.63600 6.94800 10.22300 8.73800
91.00000 8.25000 10.18300 6.23600 7.41600 7.16100 2.29900 -2.01400 -0.58000 2.28900 -1.38300 9.68400 7.42600 8.63600 8.41300 8.75900 9.22600
92.00000 6.29700 7.25300 5.74700 7.41600 4.72000 -2.09600 -6.40900 -0.09200 0.33600 -3.33700 7.24300 5.96100 7.17200 8.41300 5.82900 7.27300
93.00000 5.32000 6.27600 3.79400 6.92700 3.74300 -1.11900 -13.73300 1.37300 -1.61700 -3.33700 4.80100 4.49600 4.73000 5.97100 2.89900 3.85500
94.00000 5.32000 7.25300 1.84100 7.41600 4.72000 3.76400 -16.17400 1.86200 -1.61700 -1.38300 3.33700 3.03100 2.28900 3.04200 -0.03100 0.43700
95.00000 6.78500 10.18300 1.84100 8.39200 7.65000 10.60000 -9.33800 0.88500 0.82400 2.03500 3.33700 2.54300 2.28900 2.06500 -0.51900 -0.53900
96.00000 8.73800 13.60100 4.28300 9.85700 11.06800 15.97100 2.86900 -1.06800 4.24200 5.94100 5.29000 3.03100 4.73000 4.99500 0.94600 1.90200
97.00000 11.18000 17.01900 8.18900 11.32200 14.97400 18.90100 12.14600 -1.06800 7.66000 10.33500 8.21900 5.47300 8.63600 9.87800 4.85200 6.29700
98.00000 14.59800 20.92500 11.11900 12.29900 17.90400 19.87700 12.14600 1.86200 10.10100 14.24200 11.14900 9.37900 12.54300 14.76000 9.73500 11.18000
99.00000 16.55100 23.36600 11.60700 12.78700 19.36800 21.34200 4.82200 6.74400 10.59000 16.68300 14.56700 13.28500 14.98400 18.17800 13.64100 14.10900
100.00000 17.03900 23.85500 11.11900 12.78700 19.36800 21.83000 -3.47900 10.65100 10.10100 17.17100 16.52000 15.72700 15.47200 17.69000 15.59400 14.59800
101.00000 15.08600 21.41300 10.63000 11.32200 17.41500 20.85400 -5.92000 10.16200 9.12500 15.21800 16.03200 14.75000 13.51900 14.76000 14.13000 12.15600
102.00000 11.18000 16.53000 9.65400 8.88100 13.99700 17.43600 -2.50200 4.30300 6.19500 11.31200 13.59000 10.35600 9.61300 9.38900 9.73500 7.76200
103.00000 6.29700 11.15900 6.72400 4.97400 9.60300 12.55300 -0.06100 -3.51000 3.26500 6.42900 9.19600 4.49600 5.70700 4.99500 4.85200 2.87900
104.00000 2.39100 6.27600 1.35300 0.58000 4.72000 6.69400 -3.96700 -8.88100 -1.12900 2.03500 4.31300 -0.87500 1.31200 1.08800 -0.03100 -1.51600
105.00000 -1.51600 2.85800 -5.48300 -2.83800 0.81400 1.81100 -14.22100 -10.34500 -5.52400 -2.36000 0.89500 -3.80500 -2.10600 -1.35300 -2.96000 -4.93400
106.00000 -3.46900 0.41700 -10.36600 -4.79100 -3.09200 -1.60700 -25.45200 -8.39200 -8.94200 -5.29000 -1.54600 -4.78100 -5.03500 -2.81800 -4.91300 -6.88700
107.00000 -4.93400 -1.04800 -11.83100 -5.76800 -4.06900 -4.53700 -29.35800 -5.95100 -10.40600 -7.73100 -2.03500 -4.29300 -6.50000 -4.28300 -5.89000 -8.35200
108.00000 -5.91000 -2.02400 -9.87800 -5.28000 -4.55700 -6.49000 -26.42800 -5.46300 -10.40600 -8.70800 -2.03500 -4.29300 -7.47700 -5.74700 -6.37800 -9.32800
109.00000 -5.91000 -2.51300 -7.43600 -5.28000 -4.55700 -6.49000 -19.10400 -7.41600 -9.43000 -8.21900 -1.54600 -4.29300 -7.96500 -6.72400 -6.37800 -9.32800
110.00000 -4.93400 -1.53600 -6.46000 -4.79100 -3.58100 -5.02500 -13.73300 -8.88100 -8.94200 -7.73100 -2.03500 -4.29300 -6.98900 -6.72400 -5.89000 -8.35200
111.00000 -3.46900 -0.55900 -6.94800 -3.81500 -2.60400 -2.58400 -13.73300 -8.39200 -8.45300 -6.75500 -2.03500 -2.82800 -5.52400 -5.25900 -3.93700 -5.91000
112.00000 -1.51600 1.39400 -7.43600 -2.35000 -1.62800 -0.14200 -15.68600 -6.92700 -7.47700 -6.75500 -1.05800 -1.36300 -2.59400 -2.33000 -1.49500 -2.49200
113.00000 0.43700 2.85800 -5.48300 -1.86200 -1.13900 1.81100 -16.66300 -5.46300 -5.52400 -6.26600 -0.08100 0.59000 0.33600 1.08800 0.94600 0.92600
114.00000 0.92600 3.83500 -3.53000 -1.37300 -0.16300 4.25200 -13.73300 -6.43900 -2.59400 -4.31300 -0.08100 1.07800 2.77700 3.04200 1.92300 3.36700
115.00000 1.41400 4.81200 -1.57700 -1.86200 1.30200 7.18200 -9.33800 -6.92700 0.33600 0.08100 -0.57000 1.07800 5.21900 3.53000 1.43400 4.34400
116.00000 2.39100 6.27600 -1.57700 -2.35000 2.76700 9.62300 -6.40900 -6.43900 1.80100 5.45200 -1.54600 1.07800 6.19500 3.53000 0.45800 4.34400
117.00000 3.85500 7.74100 -1.57700 -0.88500 3.74300 11.08800 -7.38500 -2.53300 1.80100 8.87000 -1.54600 2.05500 6.68300 4.01800 0.45800 3.36700
118.00000 5.32000 8.23000 -0.60000 1.06800 3.25500 9.62300 -10.80300 2.83800 0.82400 8.38200 0.40700 4.00800 6.68300 4.50600 0.45800 2.87900
119.00000 5.80900 7.74100 0.86500 2.53300 1.79000 5.71700 -14.70900 6.25600 -0.64100 4.47600 2.36000 5.96100 5.70700 5.48300 0.94600 1.90200
120.00000 3.85500 5.78800 0.86500 1.55600 -0.16300 0.34600 -16.17400 5.28000 -2.59400 -0.89500 3.33700 4.98500 4.24200 4.01800 -0.03100 0.92600
121.00000 0.43700 1.39400 -2.55300 -3.32600 -3.09200 -5.02500 -16.17400 -1.06800 -4.54700 -4.31300 1.87200 1.56700 1.31200 0.11200 -1.98400 -1.02700
122.00000 -5.42200 -3.97700 -8.90100 -9.67400 -6.99900 -8.93100 -17.63900 -8.88100 -7.47700 -6.26600 -3.01100 -3.80500 -2.59400 -4.77100 -4.42500 -3.95700
123.00000 -10.79300 -10.32500 -15.24900 -16.02200 -10.90500 -12.83800 -21.05700 -15.22800 -9.91800 -8.21900 -7.40600 -8.19900 -6.01200 -10.14200 -7.35500 -5.91000
124.00000 -15.67600 -15.69600 -18.66700 -20.41600 -14.32300 -16.25600 -26.42800 -17.18100 -12.84800 -11.63700 -9.84700 -10.64000 -8.45300 -12.09500 -8.33100 -6.88700
125.00000 -18.60600 -19.11400 -19.15500 -21.39300 -16.76400 -19.67400 -29.35800 -16.69300 -13.33600 -16.52000 -9.84700 -11.12900 -8.45300 -11.60700 -8.33100 -6.39900
126.00000 -19.58200 -19.60200 -18.66700 -21.39300 -17.25300 -20.65000 -28.87000 -16.69300 -12.36000 -19.93800 -9.35900 -10.64000 -6.98900 -8.67700 -7.84300 -4.93400
127.00000 -19.09400 -18.62600 -20.62000 -20.90500 -15.78800 -18.69700 -24.96300 -19.13500 -9.91800 -20.42600 -9.35900 -10.64000 -5.03500 -6.23600 -7.35500 -3.46900
128.00000 -18.11700 -16.18400 -24.03800 -21.39300 -14.32300 -15.27900 -21.54500 -22.55200 -7.96500 -16.52000 -11.31200 -12.10500 -3.57100 -4.28300 -7.35500 -2.49200
129.00000 -17.14100 -15.20800 -26.96700 -21.88100 -13.83500 -12.83800 -23.01000 -24.99400 -6.98900 -10.17300 -14.24200 -13.08200 -2.59400 -5.25900 -8.33100 -2.49200
130.00000 -17.14100 -15.20800 -26.96700 -20.90500 -13.83500 -11.86100 -29.84600 -24.01700 -7.47700 -6.75500 -15.70600 -13.57000 -3.08200 -6.72400 -9.30800 -3.46900
131.00000 -17.14100 -16.18400 -23.54900 -18.46300 -14.32300 -12.34900 -37.65900 -19.13500 -7.96500 -7.24300 -14.73000 -11.61700 -4.05900 -8.67700 -9.79600 -4.44500
132.00000 -17.14100 -15.69600 -19.15500 -16.02200 -13.83500 -12.34900 -41.56500 -13.27500 -7.47700 -10.17300 -11.80000 -9.17600 -4.54700 -8.67700 -8.82000 -4.44500
133.00000 -16.16400 -13.25500 -16.22500 -13.58000 -11.39300 -10.39600 -38.14700 -8.88100 -5.03500 -13.10200 -7.89400 -7.22200 -4.05900 -7.21200 -6.86600 -3.46900
134.00000 -14.21100 -10.32500 -15.73700 -12.60400 -8.46400 -7.95500 -28.38100 -7.90400 -3.08200 -12.61400 -5.45200 -5.26900 -2.59400 -5.25900 -3.93700 -1.02700
135.00000 -12.25800 -7.39500 -16.71300 -12.60400 -6.51000 -6.00200 -17.63900 -9.36900 -2.59400 -8.70800 -3.98800 -4.29300 -1.61700 -3.79400 -0.51900 1.90200
136.00000 -11.28100 -7.39500 -16.71300 -12.60400 -6.51000 -6.97800 -11.29200 -10.34500 -4.54700 -3.33700 -3.98800 -4.29300 -0.64100 -3.30600 1.92300 3.85500
137.00000 -12.74600 -9.83700 -15.73700 -13.58000 -8.95200 -9.90800 -10.80300 -10.83400 -7.47700 -1.38300 -3.98800 -3.80500 -0.64100 -3.79400 2.89900 4.83200
138.00000 -15.67600 -12.76700 -15.73700 -15.04500 -11.88200 -13.32600 -15.68600 -10.83400 -10.40600 -3.82500 -3.49900 -4.29300 -2.59400 -5.25900 2.41100 3.85500
139.00000 -20.07000 -16.18400 -18.17800 -17.97500 -14.32300 -15.76700 -22.52200 -11.32200 -11.38300 -9.68400 -3.98800 -5.75800 -4.54700 -6.72400 0.94600 1.41400
140.00000 -23.97700 -18.62600 -23.54900 -21.88100 -15.78800 -16.74400 -27.40500 -14.25200 -10.89500 -16.52000 -5.45200 -8.19900 -6.50000 -8.18900 -1.00700 -1.51600
141.00000 -27.88300 -20.57900 -28.43200 -25.78700 -17.25300 -17.72100 -29.84600 -17.67000 -9.91800 -20.91500 -8.38200 -11.12900 -7.47700 -9.65400 -2.47200 -3.46900
142.00000 -29.83600 -22.53200 -31.36200 -28.22900 -18.71700 -18.69700 -29.84600 -21.57600 -9.43000 -21.89100 -10.33500 -13.08200 -8.45300 -11.11900 -2.96000 -4.44500
143.00000 -31.30100 -23.99700 -31.85000 -29.69400 -20.18200 -19.67400 -28.87000 -24.50600 -9.91800 -18.96200 -10.82400 -13.57000 -7.96500 -12.09500 -2.47200 -3.95700
144.00000 -32.27700 -24.97400 -31.36200 -30.18200 -21.15900 -20.16200 -28.87000 -25.48200 -9.91800 -15.05500 -9.35900 -12.10500 -6.98900 -11.60700 -1.00700 -2.49200
145.00000 -32.76600 -24.97400 -31.36200 -31.15800 -21.15900 -19.18500 -31.79900 -24.50600 -9.43000 -12.12600 -5.94100 -9.66400 -5.03500 -9.65400 0.94600 -1.51600
146.00000 -33.74200 -24.97400 -33.31500 -31.64700 -20.18200 -18.69700 -37.17000 -22.55200 -7.96500 -10.66100 -3.49900 -7.22200 -3.08200 -6.23600 1.92300 -1.02700
147.00000 -34.71900 -25.46200 -34.29200 -32.62300 -19.20600 -18.69700 -42.05300 -18.64600 -6.50000 -11.14900 -1.54600 -5.26900 -1.61700 -3.79400 1.92300 -1.02700
148.00000 -35.69500 -26.43800 -34.78000 -31.64700 -19.20600 -20.16200 -43.03000 -15.22800 -6.01200 -11.14900 -2.03500 -3.80500 -1.12900 -2.33000 0.94600 -2.00400
149.00000 -36.18400 -27.41500 -34.29200 -29.20500 -18.22900 -22.11500 -36.68200 -13.27500 -6.01200 -10.66100 -3.01100 -3.80500 -1.12900 -2.81800 -0.51900 -2.98100
150.00000 -35.20700 -26.92700 -33.31500 -26.27600 -17.25300 -23.58000 -25.45200 -12.78700 -5.52400 -9.19600 -4.47600 -4.29300 -1.61700 -3.79400 -1.49500 -3.95700
151.00000 -32.76600 -25.46200 -32.82700 -23.34600 -15.29900 -23.09200 -15.19800 -14.25200 -5.03500 -7.24300 -5.94100 -5.26900 -1.61700 -4.77100 -2.47200 -3.95700
152.00000 -30.32400 -23.50900 -31.36200 -21.39300 -13.83500 -22.11500 -11.29200 -15.22800 -4.05900 -7.24300 -7.40600 -5.75800 -1.12900 -5.25900 -3.44800 -4.93400
153.00000 -28.85900 -22.04400 -28.92000 -19.92800 -12.85800 -20.65000 -15.68600 -14.74000 -4.54700 -9.19600 -8.38200 -6.73400 -1.61700 -5.25900 -4.42500 -5.42200
154.00000 -28.85900 -22.53200 -26.47900 -18.95100 -13.34600 -20.65000 -25.45200 -12.29900 -6.01200 -13.10200 -9.35900 -7.22200 -2.59400 -6.23600 -5.89000 -6.88700
155.00000 -29.83600 -23.50900 -25.50300 -19.44000 -15.78800 -22.11500 -34.72900 -9.85700 -8.94200 -18.47300 -9.35900 -7.22200 -4.05900 -7.70100 -7.35500 -7.86300
156.00000 -31.30100 -23.99700 -26.47900 -20.41600 -18.71700 -23.58000 -37.17000 -8.88100 -11.38300 -22.86800 -8.87000 -7.22200 -5.03500 -9.65400 -6.86600 -7.37500
157.00000 -31.30100 -23.99700 -29.40900 -22.85800 -21.15900 -25.53300 -32.77600 -9.85700 -12.36000 -25.79800 -7.40600 -6.24600 -5.03500 -11.11900 -4.91300 -5.91000
158.00000 -31.30100 -23.50900 -31.36200 -26.27600 -23.11200 -27.97400 -25.94000 -12.78700 -12.84800 -26.28600 -5.45200 -5.26900 -4.54700 -11.11900 -1.98400 -3.46900
159.00000 -31.30100 -23.99700 -31.85000 -29.20500 -25.55300 -30.41600 -22.52200 -15.22800 -12.84800 -25.30900 -3.49900 -4.29300 -3.08200 -10.63000 0.94600 -1.02700
160.00000 -32.76600 -26.43800 -30.38500 -32.13500 -27.99500 -34.32200 -25.45200 -15.22800 -13.33600 -23.84400 -2.03500 -3.31600 -2.10600 -9.16500 2.41100 -0.05100
161.00000 -35.20700 -29.36800 -29.89700 -33.60000 -30.92400 -37.25200 -32.28800 -14.25200 -13.82400 -22.38000 -2.03500 -2.34000 -2.10600 -7.70100 2.41100 -0.05100
162.00000 -37.64900 -32.29800 -31.36200 -34.57600 -33.36600 -39.69300 -36.68200 -12.29900 -14.31300 -21.40300 -2.03500 -2.34000 -1.61700 -5.74700 1.43400 -0.05100
163.00000 -39.11300 -33.76300 -34.78000 -34.57600 -33.36600 -39.69300 -34.72900 -11.81000 -12.84800 -20.42600 -2.03500 -2.34000 -1.12900 -4.28300 1.43400 0.92600
164.00000 -39.60200 -33.27400 -38.19800 -34.57600 -31.90100 -38.22800 -27.40500 -13.27500 -11.87100 -20.42600 -2.52300 -1.85100 0.33600 -2.81800 1.92300 1.90200
165.00000 -40.09000 -32.78600 -40.63900 -34.08800 -29.94800 -36.27500 -20.56900 -14.74000 -10.40600 -20.91500 -3.01100 -1.85100 1.31200 -2.81800 1.92300 1.90200
166.00000 -41.06600 -33.27400 -40.63900 -33.60000 -28.97100 -35.78700 -20.56900 -15.22800 -10.89500 -22.86800 -4.96400 -2.82800 0.82400 -4.77100 0.94600 -0.53900
167.00000 -43.02000 -35.22700 -40.15100 -33.11200 -29.46000 -36.27500 -29.35800 -15.71700 -12.84800 -24.82100 -7.89400 -3.80500 -2.10600 -8.18900 -1.98400 -4.44500
168.00000 -45.46100 -37.66900 -40.63900 -33.11200 -29.94800 -37.74000 -41.07700 -16.20500 -15.28900 -25.79800 -11.31200 -6.24600 -6.01200 -12.58300 -5.89000 -9.32800
169.00000 -47.41400 -39.13400 -42.59200 -33.60000 -29.94800 -37.25200 -48.88900 -16.69300 -16.75400 -26.77400 -13.75300 -8.68700 -10.40600 -17.46600 -9.30800 -13.72300
170.00000 -47.90200 -39.13400 -43.56900 -34.08800 -29.46000 -36.27500 -48.88900 -18.15800 -17.24200 -26.77400 -15.70600 -10.15200 -13.33600 -21.37200 -11.26100 -16.65200
171.00000 -47.41400 -38.64500 -44.05700 -33.60000 -27.99500 -35.29900 -43.03000 -18.64600 -16.75400 -27.26200 -16.19500 -11.61700 -15.28900 -24.30200 -12.72600 -18.60600
172.00000 -46.43800 -38.15700 -43.08100 -33.11200 -27.50700 -35.78700 -36.68200 -18.15800 -16.75400 -28.72700 -15.70600 -12.10500 -16.75400 -25.76700 -13.21400 -19.58200
173.00000 -46.92600 -38.15700 -41.61600 -33.11200 -27.99500 -37.25200 -35.21700 -17.18100 -16.75400 -29.70400 -16.19500 -13.08200 -16.75400 -25.27900 -14.19100 -19.58200
174.00000 -46.43800 -38.64500 -41.12800 -34.08800 -29.46000 -37.25200 -37.65900 -17.67000 -16.75400 -28.72700 -17.17100 -14.05800 -15.77800 -22.83700 -14.19100 -18.60600
175.00000 -45.94900 -37.18100 -41.12800 -36.04100 -29.46000 -34.81000 -40.10000 -20.11100 -16.26600 -25.79800 -18.14800 -15.03500 -13.82400 -18.93100 -12.72600 -16.16400
176.00000 -44.48400 -34.25100 -41.12800 -37.99400 -28.97100 -29.43900 -39.12400 -23.04100 -14.31300 -21.89100 -18.63600 -14.54700 -10.40600 -14.53700 -10.28400 -11.77000
177.00000 -42.53100 -31.32100 -42.10400 -39.94800 -27.50700 -25.04500 -36.68200 -24.01700 -11.38300 -20.91500 -17.17100 -13.08200 -6.98900 -12.09500 -7.35500 -7.86300
178.00000 -42.04300 -29.36800 -44.05700 -40.92400 -26.53000 -23.58000 -36.68200 -22.06400 -8.94200 -23.35600 -14.24200 -10.15200 -4.54700 -11.60700 -4.42500 -4.93400
179.00000 -43.50800 -29.85600 -46.98700 -41.90100 -27.99500 -26.02100 -40.10000 -17.18100 -7.96500 -28.23900 -10.82400 -6.24600 -2.10600 -12.09500 -2.96000 -3.46900
180.00000 -45.46100 -31.80900 -48.94000 -43.36500 -30.43600 -28.46300 -44.00600 -12.78700 -8.45300 -31.65700 -7.89400 -2.82800 -1.12900 -12.09500 -1.49500 -2.49200
181.00000 -47.90200 -34.73900 -48.45200 -44.83000 -33.85400 -29.92800 -44.00600 -10.83400 -9.43000 -29.21500 -5.94100 -0.38700 -0.15300 -10.63000 -0.51900 -2.00400
182.00000 -49.36700 -36.69200 -45.52200 -46.29500 -35.80700 -28.46300 -37.17000 -10.83400 -10.89500 -22.86800 -4.47600 1.56700 0.33600 -8.18900 0.94600 -0.53900
183.00000 -50.34400 -38.64500 -41.61600 -46.29500 -37.27200 -26.99800 -28.87000 -10.34500 -11.87100 -16.52000 -2.52300 3.52000 0.33600 -7.21200 2.41100 0.92600
184.00000 -50.34400 -40.59900 -39.17400 -44.83000 -37.27200 -28.95100 -23.98700 -7.90400 -12.36000 -15.05500 -0.57000 4.49600 -0.64100 -8.18900 2.41100 -0.05100
185.00000 -50.83200 -42.55200 -39.17400 -42.38900 -37.76000 -33.34600 -24.96300 -4.48600 -12.84800 -18.96200 -0.08100 4.49600 -2.59400 -11.11900 0.45800 -2.00400
186.00000 -51.32000 -43.52800 -40.63900 -39.94800 -37.27200 -38.22800 -29.84600 -2.53300 -13.33600 -25.79800 -1.05800 3.52000 -4.54700 -15.02500 -2.47200 -4.93400
187.00000 -51.32000 -44.01700 -41.12800 -38.48300 -36.78400 -39.20500 -32.28800 -4.48600 -13.82400 -30.68000 -4.96400 0.59000 -6.50000 -16.97800 -6.86600 -7.37500
188.00000 -51.32000 -43.04000 -39.17400 -38.48300 -35.80700 -36.27500 -30.33400 -9.85700 -14.80100 -30.68000 -9.84700 -2.82800 -7.96500 -17.46600 -9.79600 -8.35200
189.00000 -50.34400 -42.06300 -35.75600 -38.48300 -34.34200 -30.90400 -26.42800 -15.71700 -16.75400 -27.75100 -12.28800 -5.75800 -8.45300 -16.49000 -10.77300 -8.35200
190.00000 -48.87900 -40.59900 -33.31500 -37.99400 -32.38900 -26.99800 -25.94000 -18.15800 -17.73100 -24.82100 -11.31200 -5.75800 -9.43000 -16.97800 -9.79600 -6.88700
191.00000 -45.94900 -38.15700 -33.31500 -36.04100 -30.43600 -26.51000 -30.82300 -16.20500 -17.73100 -24.33300 -7.40600 -3.80500 -9.43000 -16.97800 -7.35500 -5.42200
192.00000 -41.55500 -33.76300 -34.29200 -33.60000 -27.50700 -26.51000 -37.65900 -11.81000 -15.77800 -25.79800 -3.49900 -0.87500 -8.45300 -16.49000 -3.93700 -3.95700
193.00000 -36.18400 -28.39200 -33.31500 -31.15800 -23.60000 -24.55600 -41.56500 -8.88100 -12.36000 -25.79800 -1.05800 1.07800 -6.01200 -14.53700 -1.49500 -2.00400
194.00000 -32.27700 -23.50900 -30.87400 -29.69400 -19.69400 -20.16200 -39.61200 -8.88100 -8.45300 -22.86800 -2.03500 1.07800 -3.57100 -10.63000 -0.51900 -1.02700
195.00000 -29.83600 -20.57900 -27.94400 -29.20500 -17.25300 -13.81400 -34.72900 -11.32200 -6.50000 -16.52000 -4.47600 0.10200 -1.61700 -7.70100 -0.51900 -1.51600
196.00000 -29.83600 -20.57900 -26.96700 -29.20500 -16.76400 -9.42000 -30.82300 -13.27500 -6.01200 -10.17300 -5.94100 -1.36300 -1.61700 -6.23600 -0.51900 -2.00400
197.00000 -30.32400 -21.55600 -28.92000 -28.71700 -17.25300 -9.42000 -29.84600 -11.81000 -7.47700 -6.26600 -5.45200 -0.87500 -2.59400 -6.72400 -0.03100 -3.46900
198.00000 -28.85900 -21.06700 -31.36200 -27.25200 -18.22900 -12.34900 -29.35800 -8.39200 -7.96500 -5.77800 -2.03500 1.07800 -3.57100 -8.67700 1.92300 -3.95700
199.00000 -25.93000 -18.62600 -30.38500 -24.81100 -18.22900 -14.79100 -24.96300 -3.99800 -7.47700 -8.70800 1.38300 3.52000 -3.57100 -9.65400 3.87600 -3.46900
200.00000 -22.51200 -15.69600 -24.52600 -21.88100 -17.25300 -14.79100 -17.15100 -2.04500 -6.50000 -10.66100 3.33700 4.98500 -3.08200 -9.65400 5.34100 -2.49200
201.00000 -20.07000 -13.74300 -16.22500 -20.41600 -16.76400 -12.34900 -9.82700 -2.53300 -6.50000 -11.63700 2.36000 4.49600 -3.08200 -8.67700 4.36400 -2.98100
202.00000 -20.55900 -14.72000 -10.85400 -20.41600 -17.74100 -9.90800 -8.85000 -4.48600 -7.96500 -11.63700 -2.03500 1.07800 -4.05900 -8.67700 -0.03100 -5.42200
203.00000 -23.48800 -19.11400 -11.83100 -21.88100 -20.18200 -10.88500 -16.66300 -7.41600 -10.40600 -12.61400 -7.89400 -3.31600 -7.47700 -11.60700 -5.40200 -9.32800
204.00000 -27.39500 -23.99700 -17.20200 -25.78700 -24.08900 -16.25600 -28.38100 -10.34500 -13.33600 -16.03200 -13.75300 -8.19900 -11.87100 -17.46600 -11.74900 -14.21100
205.00000 -29.83600 -28.39200 -24.03800 -29.20500 -28.48300 -24.55600 -38.63500 -14.74000 -15.77800 -21.89100 -19.12400 -13.57000 -15.77800 -22.83700 -17.12000 -18.11700
206.00000 -32.76600 -31.80900 -27.94400 -32.62300 -31.41300 -31.88100 -43.51800 -18.15800 -16.26600 -28.23900 -22.54200 -16.50000 -18.21900 -26.74400 -21.02700 -20.07000
207.00000 -34.71900 -33.76300 -28.92000 -34.57600 -33.36600 -35.29900 -44.98300 -20.11100 -16.75400 -33.61000 -24.00700 -18.45300 -18.70700 -27.72000 -23.46800 -20.55900
208.00000 -37.16000 -35.22700 -28.43200 -35.55300 -33.85400 -34.32200 -44.49500 -19.13500 -16.26600 -35.56300 -24.49500 -18.94100 -18.70700 -26.25500 -23.95600 -20.55900
209.00000 -38.13700 -35.71600 -28.92000 -34.57600 -33.85400 -30.90400 -44.49500 -16.69300 -16.75400 -34.09800 -24.49500 -17.96500 -17.73100 -24.30200 -23.46800 -19.09400
210.00000 -38.13700 -34.73900 -28.92000 -32.62300 -32.38900 -26.99800 -41.56500 -13.76300 -16.75400 -29.21500 -22.54200 -16.98800 -16.75400 -22.34900 -21.51500 -17.14100
211.00000 -35.69500 -32.29800 -27.94400 -30.67000 -30.92400 -25.53300 -35.21700 -13.76300 -16.75400 -23.84400 -19.61300 -15.52300 -15.77800 -21.37200 -18.58500 -14.69900
212.00000 -32.76600 -30.34500 -25.99100 -29.69400 -29.46000 -26.02100 -26.91700 -16.69300 -15.77800 -20.91500 -16.68300 -14.54700 -14.80100 -21.37200 -15.65600 -12.74600
213.00000 -31.78900 -29.85600 -24.03800 -30.18200 -28.48300 -28.95100 -22.52200 -20.11100 -14.80100 -22.38000 -14.73000 -14.54700 -14.80100 -22.34900 -13.70200 -11.28100
214.00000 -34.23100 -32.78600 -24.52600 -32.13500 -29.46000 -32.85700 -25.94000 -22.55200 -14.80100 -28.23900 -14.73000 -15.52300 -15.28900 -23.81400 -13.21400 -12.25800
215.00000 -38.13700 -37.18100 -27.94400 -34.08800 -31.41300 -36.76400 -36.19400 -23.52900 -15.77800 -35.56300 -17.17100 -17.47600 -17.73100 -26.25500 -15.16700 -15.67600
216.00000 -42.04300 -42.06300 -31.85000 -35.06500 -33.85400 -40.18100 -46.93600 -23.52900 -18.21900 -39.95800 -20.10100 -19.43000 -21.14900 -29.18500 -18.09700 -19.58200
217.00000 -43.02000 -44.01700 -33.80300 -34.57600 -34.83100 -41.15800 -51.81900 -23.04100 -20.66000 -39.46900 -23.03100 -20.89400 -24.07800 -32.11500 -21.02700 -23.48800
218.00000 -41.55500 -43.04000 -32.82700 -32.13500 -33.85400 -40.67000 -47.42400 -22.55200 -21.63700 -35.07500 -23.03100 -21.38300 -25.54300 -33.58000 -22.98000 -25.44100
219.00000 -38.13700 -39.62200 -29.40900 -28.22900 -31.90100 -38.22800 -38.63500 -20.59900 -21.63700 -31.65700 -20.58900 -19.43000 -25.05500 -33.58000 -22.49100 -25.44100
220.00000 -34.23100 -35.71600 -26.47900 -24.32300 -29.46000 -35.78700 -31.31100 -16.20500 -20.17200 -31.16900 -15.21800 -15.52300 -23.10200 -31.62600 -21.02700 -24.46500
221.00000 -30.32400 -32.29800 -23.54900 -20.90500 -27.01800 -33.83400 -28.87000 -9.85700 -17.73100 -33.61000 -9.35900 -10.64000 -20.66000 -28.20800 -18.58500 -22.51200
222.00000 -27.39500 -30.34500 -20.62000 -18.46300 -26.53000 -33.34600 -31.79900 -4.48600 -16.26600 -36.54000 -5.45200 -7.22200 -18.70700 -25.27900 -17.60900 -21.53500
223.00000 -24.95300 -29.36800 -18.17800 -16.99800 -26.53000 -33.83400 -33.75200 -2.04500 -16.26600 -36.54000 -4.96400 -6.24600 -17.73100 -23.81400 -18.58500 -21.53500
224.00000 -23.97700 -29.36800 -15.73700 -16.99800 -27.01800 -33.83400 -31.79900 -3.02100 -16.75400 -32.63300 -6.91700 -7.71100 -18.21900 -24.30200 -20.53800 -22.02400
225.00000 -23.00000 -28.88000 -14.27200 -16.99800 -27.01800 -33.34600 -24.96300 -6.43900 -17.73100 -25.79800 -10.33500 -10.15200 -19.19600 -25.76700 -22.49100 -23.00000
226.00000 -23.00000 -27.90300 -13.29500 -17.48700 -26.04200 -31.39200 -17.15100 -8.88100 -19.19600 -19.93800 -12.77700 -12.10500 -20.66000 -27.72000 -22.98000 -23.48800
227.00000 -22.02400 -26.43800 -11.83100 -17.48700 -25.06500 -28.46300 -11.78000 -9.85700 -18.70700 -17.98500 -12.28800 -11.61700 -21.14900 -28.69700 -21.02700 -22.51200
228.00000 -20.07000 -23.99700 -9.38900 -16.99800 -23.60000 -25.53300 -10.31500 -8.39200 -17.73100 -20.42600 -9.35900 -8.68700 -19.68400 -27.72000 -17.12000 -20.07000
229.00000 -17.14100 -21.55600 -5.97100 -16.02200 -21.64700 -23.09200 -13.24500 -7.41600 -14.80100 -23.35600 -5.45200 -5.75800 -17.24200 -24.30200 -12.23800 -16.65200
230.00000 -14.69900 -19.11400 -4.50600 -15.53300 -20.18200 -20.65000 -17.63900 -7.41600 -11.38300 -23.84400 -2.52300 -2.82800 -14.31300 -20.39600 -7.84300 -12.74600
231.00000 -13.23400 -18.13800 -4.99500 -16.02200 -18.71700 -18.20900 -20.08100 -8.39200 -8.94200 -20.91500 -1.54600 -1.36300 -11.38300 -17.46600 -4.91300 -10.30500
232.00000 -13.23400 -18.13800 -7.43600 -17.48700 -17.74100 -16.74400 -20.08100 -9.36900 -7.96500 -16.52000 -2.03500 -0.87500 -9.91800 -16.49000 -2.96000 -8.35200
233.00000 -14.21100 -19.11400 -10.36600 -18.95100 -18.22900 -17.23200 -20.08100 -8.39200 -8.94200 -14.07900 -2.03500 -0.38700 -9.91800 -16.97800 -1.98400 -8.35200
234.00000 -16.16400 -21.06700 -11.34200 -18.95100 -20.18200 -20.16200 -20.08100 -5.95100 -10.89500 -16.03200 -1.05800 0.59000 -11.38300 -18.93100 -1.98400 -8.35200
235.00000 -18.11700 -23.99700 -10.36600 -18.95100 -22.62400 -24.55600 -21.54500 -2.04500 -12.84800 -21.89100 0.40700 2.05500 -12.84800 -20.88400 -2.47200 -9.32800
236.00000 -20.07000 -26.92700 -8.90100 -18.46300 -25.55300 -30.41600 -23.01000 -0.09200 -14.80100 -29.21500 1.38300 2.54300 -13.82400 -21.86100 -3.44800 -9.81600
237.00000 -22.02400 -29.85600 -9.38900 -18.46300 -27.99500 -35.29900 -22.52200 -1.06800 -16.26600 -35.07500 1.38300 2.54300 -14.80100 -21.86100 -3.93700 -10.30500
238.00000 -24.46500 -32.78600 -11.83100 -19.92800 -29.94800 -38.71700 -21.05700 -3.99800 -17.24200 -36.54000 -0.08100 1.07800 -14.80100 -21.37200 -4.42500 -9.81600
239.00000 -26.41800 -34.25100 -15.24900 -22.36900 -31.41300 -40.18100 -19.10400 -7.90400 -18.21900 -34.09800 -2.03500 -0.87500 -14.80100 -21.86100 -3.93700 -8.84000
240.00000 -27.88300 -36.20400 -17.69000 -24.81100 -32.38900 -39.69300 -19.10400 -10.34500 -19.19600 -29.70400 -3.49900 -2.34000 -14.80100 -22.83700 -3.93700 -8.35200
241.00000 -29.83600 -37.66900 -18.17800 -26.27600 -33.85400 -38.22800 -21.05700 -11.32200 -20.17200 -25.79800 -3.98800 -3.80500 -15.28900 -23.81400 -4.91300 -7.86300
242.00000 -31.30100 -39.13400 -17.20200 -27.25200 -34.83100 -36.76400 -23.98700 -12.29900 -20.66000 -24.33300 -5.45200 -5.75800 -15.77800 -24.30200 -6.37800 -7.86300
243.00000 -33.25400 -40.59900 -16.71300 -27.74000 -35.31900 -35.78700 -26.91700 -14.25200 -20.66000 -24.33300 -7.89400 -8.19900 -15.77800 -22.34900 -8.33100 -8.35200
244.00000 -33.25400 -41.08700 -17.69000 -28.22900 -34.34200 -34.81000 -29.35800 -16.69300 -19.19600 -24.82100 -10.33500 -10.64000 -14.31300 -19.41900 -10.28400 -8.84000
245.00000 -32.76600 -39.13400 -21.10800 -27.74000 -31.90100 -34.32200 -32.28800 -18.64600 -17.24200 -24.33300 -12.77700 -12.59400 -12.84800 -16.00100 -11.74900 -8.84000
246.00000 -29.83600 -35.71600 -24.03800 -26.76400 -27.99500 -31.88100 -34.72900 -19.13500 -14.80100 -21.40300 -13.26500 -13.08200 -10.89500 -13.56000 -12.23800 -8.35200
247.00000 -25.93000 -31.80900 -24.03800 -24.32300 -23.60000 -27.97400 -35.21700 -17.18100 -12.84800 -17.49700 -11.80000 -11.61700 -9.91800 -12.58300 -12.23800 -8.35200
248.00000 -21.04700 -26.92700 -19.64300 -20.41600 -18.22900 -22.60300 -32.28800 -13.76300 -10.89500 -14.56700 -8.38200 -9.17600 -8.94200 -11.60700 -12.23800 -7.86300
249.00000 -15.18800 -22.04400 -11.83100 -15.04500 -13.83500 -18.69700 -26.42800 -10.34500 -9.43000 -14.56700 -5.45200 -6.73400 -8.45300 -10.63000 -11.26100 -6.88700
250.00000 -9.32800 -16.67300 -4.50600 -9.67400 -8.95200 -16.74400 -19.10400 -6.92700 -6.50000 -16.52000 -3.01100 -4.78100 -7.47700 -9.16500 -9.79600 -5.91000
251.00000 -4.44500 -12.27800 -0.11200 -4.79100 -6.02200 -17.23200 -14.22100 -3.99800 -4.54700 -18.96200 -1.05800 -2.82800 -6.50000 -8.18900 -7.35500 -4.93400
252.00000 -1.02700 -9.34900 1.84100 -1.86200 -5.04600 -18.20900 -13.24500 -2.04500 -4.05900 -19.45000 -0.08100 -1.36300 -6.98900 -9.65400 -4.91300 -4.44500
253.00000 -0.53900 -9.34900 2.33000 -0.88500 -6.02200 -19.18500 -14.22100 -1.06800 -5.52400 -17.49700 -0.08100 -0.87500 -8.45300 -13.56000 -3.44800 -5.91000
254.00000 -2.49200 -11.79000 2.81800 -2.35000 -9.44000 -19.67400 -16.17400 -2.04500 -9.91800 -15.05500 -1.05800 -1.36300 -11.87100 -19.41900 -3.93700 -8.35200
255.00000 -6.88700 -16.67300 3.79400 -5.76800 -13.83500 -20.65000 -17.63900 -5.95100 -14.31300 -15.54400 -3.49900 -3.80500 -15.77800 -25.27900 -6.37800 -12.25800
256.00000 -11.28100 -22.04400 2.33000 -10.16200 -18.71700 -24.06800 -19.10400 -10.34500 -18.21900 -20.42600 -6.91700 -6.73400 -19.19600 -29.67300 -8.33100 -16.16400
