1.00000 2.20700 2.00400 6.18500 0.60000 0.97700 3.29600 10.46800 2.57400 1.45500 11.21000 7.38500 2.37000 2.83800 5.84900 5.54400 4.86200
2.00000 1.71900 2.00400 5.20800 0.60000 0.48800 4.76100 7.53800 3.06200 1.45500 6.81600 6.89700 2.85800 3.32600 7.80200 5.05600 5.83900
3.00000 3.18400 2.49200 6.67300 1.57700 0.00000 5.73700 7.05000 4.03800 1.45500 5.35100 7.87400 3.34700 3.81500 7.80200 5.54400 6.81600
4.00000 4.16100 3.46900 8.62600 2.55300 -0.48800 6.22600 9.49100 4.03800 1.94300 7.30400 8.85000 4.81200 4.30300 6.82600 7.00900 7.30400
5.00000 4.16100 2.98100 10.09100 3.53000 -0.48800 6.22600 11.44400 4.03800 2.92000 10.23400 9.33800 5.30000 3.81500 4.87300 7.49700 7.30400
6.00000 3.18400 1.51600 9.11500 3.53000 -0.97700 6.22600 11.93200 3.55000 2.92000 11.69800 8.85000 5.30000 2.35000 2.92000 7.49700 5.83900
7.00000 2.20700 0.53900 6.67300 2.55300 -0.97700 6.22600 9.00300 3.06200 1.94300 10.23400 6.89700 3.83500 0.88500 1.45500 6.03200 3.39800
8.00000 1.71900 0.53900 4.23200 2.06500 -0.48800 5.24900 4.60800 3.06200 0.47800 7.30400 4.45600 1.88200 -1.06800 0.47800 3.59100 0.95600
9.00000 2.69600 1.51600 3.25500 2.55300 0.00000 4.27200 1.19000 3.55000 -0.49800 5.35100 2.50200 -0.07100 -2.53300 -0.01000 1.63800 -1.48500
10.00000 4.16100 3.95700 4.23200 3.53000 0.97700 3.29600 1.19000 3.55000 -0.98700 6.32700 1.03800 -1.04800 -2.04500 -0.49800 -0.31500 -1.97300
11.00000 5.13700 4.93400 6.67300 4.50600 1.46500 3.29600 4.12000 2.57400 0.47800 9.25700 1.52600 -1.53600 -1.06800 -0.49800 -1.78000 -1.48500
12.00000 4.64900 4.44500 8.13800 4.50600 1.46500 4.76100 8.51400 1.59700 1.94300 12.18700 2.01400 -1.53600 0.39700 0.47800 -1.29200 -0.50900
13.00000 3.18400 2.98100 8.62600 3.53000 0.97700 6.71400 11.44400 1.10900 2.43100 13.16300 3.47900 -0.55900 1.86200 1.94300 -0.80400 0.95600
14.00000 1.71900 2.00400 8.13800 2.55300 0.48800 7.69000 12.42100 1.59700 2.43100 11.21000 5.43200 0.41700 2.83800 3.89600 1.14900 2.90900
15.00000 1.23100 1.02700 7.65000 2.55300 -0.48800 5.24900 11.44400 3.06200 1.94300 8.76900 7.38500 1.39400 3.81500 6.33700 3.59100 5.35100
16.00000 1.23100 1.02700 8.13800 3.04200 -0.48800 0.85400 10.46800 5.01500 1.94300 6.81600 9.82700 3.34700 5.28000 8.77900 6.52100 8.76900
17.00000 1.71900 1.51600 10.09100 4.01800 -0.97700 -2.07500 10.46800 5.99200 1.45500 7.30400 12.75600 5.30000 6.74400 10.73200 9.45000 12.18700
18.00000 1.71900 1.02700 11.55600 4.50600 -0.97700 -1.58700 11.93200 5.99200 1.94300 9.25700 14.22100 6.76500 8.69800 12.19700 12.86800 15.11600
19.00000 0.74300 0.53900 11.06800 4.50600 -0.97700 2.31900 13.39700 5.01500 1.45500 10.72200 15.19800 7.74100 9.18600 12.19700 15.31000 17.06900
20.00000 -0.72200 -1.41400 8.62600 3.04200 -1.46500 6.22600 13.39700 4.03800 -0.01000 11.21000 14.22100 7.25300 8.69800 11.70900 16.28600 17.06900
21.00000 -2.18700 -2.39100 5.20800 1.57700 -2.44100 6.71400 11.93200 4.03800 -0.98700 10.23400 13.24500 6.76500 7.23300 9.75500 16.77400 16.58100
22.00000 -2.18700 -2.87900 2.76700 0.60000 -3.41800 3.78400 9.49100 4.03800 -1.96300 7.30400 12.75600 6.76500 5.76800 8.29100 16.77400 14.62800
23.00000 -1.21100 -2.87900 3.25500 1.57700 -3.90600 -0.61000 8.02600 5.01500 -2.45200 5.35100 12.75600 7.74100 3.81500 6.82600 16.28600 12.67500
24.00000 0.74300 -1.41400 6.18500 3.04200 -3.90600 -1.58700 8.51400 5.99200 -2.45200 3.88600 13.24500 8.23000 1.86200 4.87300 15.31000 10.23400
25.00000 3.18400 0.53900 10.57900 5.48300 -2.93000 0.85400 10.46800 6.48000 -2.94000 3.88600 13.73300 8.23000 -0.58000 1.94300 12.86800 7.30400
26.00000 4.64900 2.00400 13.50900 6.46000 -1.95300 4.76100 11.93200 6.48000 -4.89300 4.37400 12.75600 7.74100 -3.02100 -1.47500 9.93900 3.39800
27.00000 5.62500 3.95700 13.50900 6.46000 -0.48800 6.71400 13.39700 6.48000 -5.87000 4.86200 11.78000 6.27600 -5.95100 -4.89300 7.00900 -0.02000
28.00000 6.60200 5.42200 12.53300 6.46000 0.97700 6.71400 14.86200 6.48000 -5.38100 5.35100 10.80300 5.30000 -7.41600 -5.87000 3.59100 -2.95000
29.00000 7.57900 6.88700 11.55600 6.46000 1.95300 5.24900 16.81500 5.99200 -4.40500 6.81600 10.31500 4.32300 -7.41600 -4.89300 2.12600 -4.41500
30.00000 9.53200 7.86300 12.53300 6.94800 2.93000 4.76100 19.25700 5.99200 -2.94000 9.25700 11.29200 4.32300 -6.43900 -2.45200 1.14900 -4.41500
31.00000 10.50800 8.84000 15.46200 7.43600 2.93000 6.22600 20.23300 5.99200 -2.94000 11.69800 11.78000 4.32300 -4.97400 -0.49800 0.17300 -4.41500
32.00000 11.48500 9.32800 18.39200 7.92400 1.95300 7.69000 18.28000 5.99200 -3.91600 12.67500 10.80300 3.83500 -4.97400 -0.49800 -0.80400 -4.90300
33.00000 10.99700 8.84000 19.36800 7.92400 1.46500 8.17900 13.88500 5.99200 -4.89300 11.21000 8.85000 1.88200 -4.97400 -2.45200 -2.75700 -5.88000
34.00000 10.02000 8.35200 17.90400 7.43600 1.46500 8.17900 9.97900 5.01500 -4.89300 9.25700 5.92000 -0.07100 -5.95100 -4.40500 -4.71000 -7.34500
35.00000 9.53200 8.84000 14.48600 6.46000 2.44100 9.64400 9.00300 4.03800 -2.94000 7.79200 3.47900 -2.02400 -5.95100 -4.40500 -5.68600 -8.32100
36.00000 10.99700 10.30500 11.06800 5.97100 4.39500 12.08500 10.46800 2.08500 -0.49800 8.28000 2.50200 -3.00100 -4.97400 -2.45200 -6.17500 -8.80900
37.00000 12.95000 12.25800 10.09100 5.97100 5.37100 15.01500 12.90900 1.10900 0.96600 9.74500 2.50200 -3.48900 -3.99800 -0.49800 -5.19800 -7.83300
38.00000 14.41400 13.23400 11.06800 6.46000 5.37100 15.50300 13.39700 0.62100 0.47800 10.72200 2.01400 -3.48900 -3.99800 -0.49800 -4.71000 -6.36800
39.00000 14.41400 13.23400 13.02100 6.94800 3.41800 12.08500 10.46800 2.08500 -0.98700 9.74500 1.03800 -3.97700 -4.48600 -2.94000 -5.19800 -6.85600
40.00000 13.92600 11.77000 14.97400 7.43600 0.97700 5.73700 5.58500 3.55000 -3.42800 6.81600 -1.89200 -5.44200 -6.92700 -7.33400 -7.15100 -8.32100
41.00000 12.95000 9.81600 14.97400 8.41300 -0.48800 0.85400 1.67800 4.52700 -4.40500 3.88600 -5.31000 -7.39500 -8.88100 -11.72900 -10.08100 -11.25100
42.00000 11.97300 8.35200 13.50900 8.41300 -0.97700 -0.12200 1.19000 4.03800 -4.89300 1.44400 -9.21600 -9.83700 -11.32200 -14.65900 -13.49900 -14.66900
43.00000 11.48500 7.86300 12.04400 8.90100 -0.48800 2.31900 4.12000 2.08500 -4.89300 0.46800 -12.14600 -11.79000 -13.27500 -16.12300 -15.45200 -17.11000
44.00000 10.99700 7.37500 11.55600 8.41300 0.00000 4.27200 6.56100 -0.35600 -5.38100 -0.99700 -13.12300 -13.25500 -14.25200 -17.10000 -15.94000 -18.57500
45.00000 10.50800 6.88700 12.04400 7.43600 -0.48800 3.78400 7.53800 -1.82100 -5.87000 -1.97300 -12.63400 -12.76700 -14.74000 -18.07700 -14.96400 -18.57500
46.00000 10.02000 6.39900 12.53300 5.97100 -0.97700 1.34300 5.58500 -2.79700 -6.35800 -2.95000 -11.65800 -11.30200 -14.74000 -19.05300 -13.98700 -17.59800
47.00000 9.04300 6.39900 12.04400 4.50600 -1.46500 -1.58700 2.16700 -2.30900 -6.35800 -3.43800 -9.70500 -8.86000 -13.76300 -19.54100 -12.52200 -15.64500
48.00000 8.55500 5.91000 9.11500 3.04200 -1.46500 -2.07500 -0.76300 -0.84400 -5.87000 -2.46200 -8.24000 -6.41900 -12.29900 -18.56500 -10.56900 -13.69200
49.00000 7.57900 5.42200 5.69700 3.04200 -1.46500 -0.12200 -1.25100 1.10900 -5.38100 -1.48500 -6.28700 -4.46600 -10.34500 -16.61200 -8.61600 -11.73900
50.00000 6.60200 4.93400 3.74300 3.04200 -1.46500 1.34300 0.70200 3.06200 -4.89300 -0.02000 -3.84500 -2.51300 -8.39200 -13.68200 -6.66300 -9.78600
51.00000 5.62500 3.46900 4.72000 3.04200 -2.44100 0.85400 4.12000 4.52700 -4.89300 0.46800 -0.91600 -1.04800 -6.43900 -10.75200 -4.71000 -8.32100
52.00000 5.13700 2.49200 7.16100 4.01800 -3.90600 -2.07500 7.05000 5.01500 -4.89300 -0.02000 2.01400 0.41700 -5.46300 -8.31100 -3.73300 -6.85600
53.00000 4.64900 2.00400 8.13800 4.01800 -4.39500 -5.00500 8.51400 5.01500 -4.89300 -0.50900 3.96700 1.88200 -4.97400 -6.35800 -2.75700 -5.88000
54.00000 4.16100 2.98100 6.67300 3.53000 -3.90600 -6.47000 7.05000 5.01500 -5.38100 -1.48500 4.45600 1.88200 -5.46300 -6.35800 -2.75700 -5.39100
55.00000 4.16100 3.95700 2.76700 3.04200 -2.93000 -5.98100 4.60800 5.50300 -5.87000 -1.48500 4.45600 1.39400 -6.43900 -7.33400 -3.24500 -5.39100
56.00000 4.16100 5.42200 0.32600 3.04200 -2.44100 -4.51700 3.14300 5.50300 -6.84600 -2.46200 3.47900 0.41700 -7.90400 -8.31100 -3.73300 -5.88000
57.00000 4.64900 6.39900 0.32600 3.04200 -1.95300 -3.05200 3.63200 5.01500 -7.82300 -2.95000 3.47900 -0.55900 -8.39200 -8.31100 -4.22200 -5.39100
58.00000 6.11400 7.37500 2.76700 3.53000 -1.46500 -2.56300 6.07300 3.55000 -7.82300 -3.43800 3.47900 -0.55900 -7.41600 -6.84600 -2.75700 -3.92700
59.00000 8.06700 8.35200 5.69700 4.50600 -0.48800 -1.58700 8.51400 2.08500 -5.38100 -2.95000 3.96700 0.41700 -4.48600 -2.94000 -0.80400 -1.48500
60.00000 9.04300 9.81600 7.16100 4.50600 0.48800 -0.12200 9.00300 0.62100 -3.42800 -0.50900 4.45600 1.39400 -1.55600 0.96600 1.14900 1.93300
61.00000 9.53200 9.81600 6.18500 4.01800 0.97700 1.34300 6.56100 -0.35600 -1.96300 3.39800 3.96700 1.88200 0.88500 3.89600 2.61400 4.86200
62.00000 9.04300 9.32800 4.72000 3.53000 0.48800 1.83100 3.63200 0.13200 -1.47500 7.79200 3.47900 1.88200 2.83800 5.84900 3.59100 7.30400
63.00000 8.55500 8.35200 4.72000 3.04200 -0.97700 0.36600 1.67800 0.62100 -2.94000 11.69800 3.47900 1.39400 3.32600 6.33700 4.07900 8.28000
64.00000 8.55500 7.86300 6.67300 4.01800 -1.95300 -0.61000 4.12000 0.62100 -4.40500 12.67500 3.96700 1.88200 3.32600 6.33700 4.07900 9.25700
65.00000 9.53200 8.35200 10.09100 4.50600 -2.44100 0.36600 8.51400 0.62100 -4.40500 11.21000 5.92000 2.85800 4.30300 7.80200 5.54400 10.23400
66.00000 10.99700 9.81600 12.53300 4.99500 -1.95300 3.29600 13.88500 0.62100 -2.45200 8.76900 7.87400 3.83500 5.76800 10.24400 7.00900 11.69800
67.00000 11.48500 10.79300 13.02100 4.50600 -0.48800 7.20200 15.83900 0.13200 -0.49800 7.79200 9.33800 5.30000 6.74400 12.19700 8.47400 12.18700
68.00000 10.99700 10.79300 10.57900 3.04200 -0.48800 9.15500 14.37400 1.10900 0.96600 8.76900 10.80300 6.76500 7.23300 12.68500 9.45000 12.67500
69.00000 8.55500 9.32800 7.16100 0.60000 -1.46500 7.20200 10.46800 2.08500 0.47800 10.23400 10.80300 7.74100 6.25600 10.24400 9.45000 11.69800
70.00000 5.62500 6.39900 3.74300 -1.84100 -3.90600 1.34300 6.56100 2.08500 -0.98700 10.23400 9.82700 7.74100 4.79100 6.33700 8.47400 9.25700
71.00000 3.18400 3.46900 1.30200 -3.30600 -5.85900 -4.02800 4.12000 1.10900 -2.45200 8.28000 7.87400 6.76500 2.83800 2.43100 6.03200 6.32700
72.00000 1.71900 1.51600 -0.16300 -3.79400 -7.32400 -7.44600 3.63200 -0.35600 -2.45200 4.86200 5.43200 4.81200 0.88500 -0.49800 3.10300 2.90900
73.00000 1.23100 0.05100 -0.65100 -3.79400 -7.81200 -6.47000 4.60800 -2.30900 -2.45200 0.46800 2.99100 2.37000 -0.09200 -1.96300 -0.31500 -0.50900
74.00000 1.23100 -0.92600 -0.16300 -3.30600 -7.81200 -3.54000 5.58500 -4.26200 -2.45200 -2.46200 0.54900 0.41700 -1.55600 -2.94000 -3.73300 -3.43800
75.00000 0.74300 -0.92600 1.30200 -3.30600 -7.81200 -1.09900 6.07300 -4.75100 -2.45200 -3.92700 -1.40400 -0.55900 -2.04500 -3.91600 -6.17500 -4.90300
76.00000 0.25400 -0.92600 2.27900 -3.30600 -7.81200 -0.61000 6.07300 -4.75100 -2.94000 -3.92700 -2.86900 -1.53600 -3.02100 -5.38100 -8.12800 -5.88000
77.00000 -0.72200 -0.43700 2.76700 -4.28300 -7.81200 -0.61000 4.60800 -5.23900 -3.42800 -2.95000 -4.33300 -1.53600 -3.02100 -6.35800 -9.10400 -6.36800
78.00000 -0.72200 0.05100 1.79000 -5.25900 -6.34800 0.36600 2.16700 -5.23900 -2.94000 -0.50900 -5.31000 -2.02400 -2.53300 -6.35800 -9.10400 -5.88000
79.00000 -0.72200 1.02700 0.81400 -5.25900 -4.88300 1.34300 -0.76300 -4.75100 -1.96300 2.90900 -5.79800 -2.02400 -2.04500 -5.87000 -9.10400 -5.88000
80.00000 -0.23400 2.00400 -0.16300 -4.77100 -3.90600 2.80800 -1.74000 -3.77400 -1.96300 6.32700 -5.79800 -2.51300 -2.04500 -4.40500 -8.61600 -5.39100
81.00000 0.74300 2.98100 0.32600 -4.28300 -3.41800 2.31900 -1.25100 -3.28600 -1.96300 8.28000 -5.31000 -2.02400 -2.04500 -2.94000 -7.64000 -4.41500
82.00000 1.71900 3.46900 1.79000 -3.30600 -3.90600 0.36600 0.70200 -2.30900 -2.45200 8.28000 -4.33300 -1.53600 -2.53300 -2.45200 -6.66300 -3.43800
83.00000 2.20700 3.95700 4.23200 -2.33000 -4.39500 -1.58700 3.14300 -2.30900 -2.45200 6.81600 -2.86900 -0.55900 -2.04500 -1.96300 -4.71000 -1.97300
84.00000 3.18400 4.44500 6.18500 -0.86500 -4.39500 -2.07500 4.60800 -1.82100 -1.47500 5.35100 -1.89200 0.41700 -1.55600 -1.47500 -3.24500 -0.50900
85.00000 4.16100 5.42200 8.62600 0.11200 -2.93000 0.85400 5.09600 -1.82100 -0.01000 5.35100 -0.91600 1.39400 -0.09200 -0.49800 -1.29200 0.95600
86.00000 4.64900 6.39900 9.60300 0.60000 -1.46500 5.24900 5.09600 -1.33300 0.96600 7.30400 -0.42700 1.88200 1.37300 1.45500 -0.31500 1.93300
87.00000 4.16100 6.39900 9.11500 0.11200 -0.48800 9.15500 6.07300 -0.84400 1.45500 9.74500 0.06100 2.37000 3.32600 3.40800 0.17300 2.42100
88.00000 3.18400 6.39900 6.67300 -1.84100 -0.97700 10.62000 8.51400 -0.35600 0.96600 11.21000 1.03800 3.34700 4.30300 4.38400 0.17300 2.42100
89.00000 2.20700 5.91000 3.74300 -3.79400 -1.95300 8.66700 11.93200 -0.35600 0.47800 11.21000 2.01400 3.34700 4.79100 4.87300 -0.31500 1.44400
90.00000 1.23100 5.42200 2.27900 -5.74700 -3.41800 5.73700 13.88500 -0.35600 -0.01000 9.74500 2.99100 3.83500 3.81500 4.38400 -0.80400 0.95600
91.00000 0.74300 4.93400 2.76700 -5.74700 -4.39500 4.27200 13.39700 -0.35600 -0.01000 7.79200 3.47900 3.34700 3.32600 3.89600 -1.78000 -0.02000
92.00000 1.23100 4.93400 5.20800 -4.77100 -3.90600 4.27200 10.46800 0.62100 0.47800 6.32700 2.99100 2.37000 2.83800 2.92000 -3.73300 -0.99700
93.00000 2.20700 4.93400 7.65000 -3.30600 -2.93000 6.22600 7.05000 1.59700 0.96600 5.83900 2.01400 1.88200 2.35000 1.94300 -5.19800 -1.97300
94.00000 2.69600 4.44500 8.62600 -2.33000 -1.95300 6.71400 5.58500 2.57400 0.47800 6.81600 1.03800 1.39400 1.86200 0.96600 -7.15100 -2.46200
95.00000 1.71900 3.46900 7.16100 -1.84100 -1.95300 5.73700 6.56100 3.06200 -0.49800 8.28000 0.06100 1.39400 1.86200 -0.01000 -8.61600 -3.43800
96.00000 0.25400 2.49200 3.74300 -2.81800 -2.93000 2.80800 7.53800 2.08500 -1.96300 8.76900 -0.42700 1.39400 1.37300 -0.49800 -10.08100 -4.41500
97.00000 -2.18700 0.53900 0.81400 -3.79400 -3.90600 -0.12200 7.53800 1.10900 -2.94000 7.79200 -1.40400 0.90500 0.88500 -1.47500 -11.54600 -5.88000
98.00000 -3.65200 -0.92600 -0.65100 -4.28300 -4.39500 -1.09900 5.09600 0.62100 -3.42800 3.88600 -2.86900 -0.07100 -0.09200 -2.94000 -13.49900 -7.83300
99.00000 -4.62800 -2.39100 -0.16300 -3.79400 -3.90600 -0.61000 1.67800 0.13200 -2.45200 -0.50900 -4.33300 -0.55900 -1.55600 -4.40500 -14.47600 -9.78600
100.00000 -4.62800 -2.39100 1.30200 -3.30600 -2.93000 -0.12200 -0.76300 -0.35600 -0.98700 -3.92700 -5.31000 -1.53600 -2.53300 -6.35800 -14.96400 -11.25100
101.00000 -3.65200 -2.39100 1.30200 -2.81800 -2.44100 -1.58700 -0.76300 -0.84400 -0.49800 -4.41500 -4.82200 -1.04800 -2.53300 -6.84600 -14.47600 -11.73900
102.00000 -3.16400 -1.41400 -0.65100 -2.81800 -2.44100 -4.02800 -0.27500 -1.33300 -0.49800 -2.95000 -4.33300 -1.04800 -2.04500 -6.35800 -12.52200 -10.76300
103.00000 -2.67500 0.05100 -4.06900 -4.28300 -1.95300 -5.49300 -0.27500 -2.30900 -1.47500 0.46800 -3.84500 -1.04800 -1.55600 -4.89300 -11.05800 -9.29800
104.00000 -2.67500 2.00400 -6.99900 -5.25900 -0.97700 -4.02800 -1.25100 -2.79700 -2.45200 1.93300 -4.33300 -1.53600 -1.55600 -2.94000 -10.08100 -8.80900
105.00000 -2.18700 4.44500 -6.99900 -5.74700 0.48800 0.85400 -1.74000 -2.79700 -2.45200 2.42100 -5.31000 -1.53600 -2.04500 -2.94000 -9.59300 -8.80900
106.00000 -1.69900 5.42200 -6.02200 -5.25900 1.95300 6.22600 -0.76300 -2.79700 -1.96300 2.90900 -5.31000 -1.53600 -2.53300 -2.94000 -9.59300 -8.80900
107.00000 -1.21100 5.91000 -3.09200 -4.28300 3.41800 8.66700 1.67800 -1.82100 -1.47500 3.88600 -4.82200 -0.55900 -2.53300 -2.94000 -9.59300 -8.80900
108.00000 -1.21100 5.42200 -1.13900 -2.81800 3.41800 7.20200 3.14300 -1.33300 -0.98700 4.86200 -3.35700 0.41700 -1.55600 -1.96300 -8.61600 -7.34500
109.00000 -0.72200 4.44500 0.32600 -1.84100 2.44100 3.78400 3.14300 0.13200 -0.49800 5.83900 -1.89200 1.39400 -0.58000 -1.47500 -7.64000 -5.88000
110.00000 -0.23400 3.95700 2.27900 -0.86500 1.95300 1.83100 1.19000 0.62100 -0.49800 5.83900 -1.40400 1.39400 -0.09200 -0.98700 -6.66300 -5.39100
111.00000 1.23100 4.93400 3.74300 -0.37600 1.95300 3.29600 0.70200 1.59700 -0.49800 5.35100 -1.40400 0.90500 -0.58000 -1.47500 -6.66300 -5.39100
112.00000 4.16100 7.86300 5.69700 0.60000 3.41800 7.69000 3.14300 1.59700 0.47800 6.32700 -1.40400 -0.07100 -1.06800 -1.47500 -7.15100 -4.90300
113.00000 7.09000 11.28100 6.18500 1.08800 5.37100 12.08500 8.02600 1.59700 0.96600 8.76900 -0.42700 -0.55900 -0.09200 -0.01000 -6.66300 -3.92700
114.00000 9.04300 14.21100 5.20800 1.08800 5.85900 14.03800 12.42100 0.62100 0.96600 12.67500 1.52600 -0.07100 1.37300 3.40800 -5.68600 -1.48500
115.00000 9.53200 14.69900 4.23200 1.08800 5.37100 13.06200 13.39700 0.62100 0.96600 15.60500 2.99100 0.90500 4.30300 7.31400 -3.73300 2.42100
116.00000 8.55500 12.74600 4.23200 0.60000 3.90600 10.62000 9.97900 1.10900 0.96600 16.09300 4.45600 2.37000 6.74400 9.75500 -1.29200 5.83900
117.00000 7.09000 10.30500 5.20800 0.11200 2.44100 9.15500 4.60800 1.59700 1.45500 14.62800 5.43200 3.34700 8.69800 10.24400 1.14900 8.28000
118.00000 6.11400 8.84000 7.16100 0.11200 0.97700 8.66700 2.16700 2.08500 2.43100 12.67500 6.40900 4.81200 10.16200 10.24400 2.61400 9.25700
119.00000 6.60200 8.84000 7.65000 0.60000 0.97700 9.15500 3.14300 2.57400 3.89600 11.21000 6.89700 5.30000 10.65100 10.24400 4.07900 10.23400
120.00000 7.57900 10.30500 6.18500 0.11200 1.46500 9.64400 7.05000 1.59700 4.87300 12.67500 7.87400 5.78800 11.13900 10.73200 6.03200 10.23400
121.00000 8.55500 12.25800 4.23200 -0.37600 1.46500 9.64400 10.46800 0.13200 4.87300 15.11600 8.36200 6.27600 11.62700 11.70900 7.49700 10.72200
122.00000 9.04300 13.72300 2.76700 -0.37600 1.46500 9.64400 9.97900 -1.33300 3.89600 16.09300 6.89700 6.27600 10.16200 11.70900 7.98500 10.72200
123.00000 9.53200 14.69900 2.76700 -0.86500 0.97700 11.10800 6.07300 -1.82100 2.43100 14.62800 4.45600 5.78800 8.20900 9.75500 7.49700 9.25700
124.00000 9.04300 13.72300 3.74300 -0.86500 0.48800 12.08500 1.19000 -1.33300 0.96600 10.72200 1.52600 4.81200 5.76800 5.84900 6.03200 6.81600
125.00000 8.06700 12.74600 3.74300 -1.35300 0.00000 11.59700 -2.71600 -1.33300 -0.49800 6.32700 -1.40400 3.83500 3.81500 1.45500 3.59100 3.88600
126.00000 7.57900 12.25800 2.76700 -1.35300 0.00000 9.64400 -3.69300 -1.33300 -0.98700 4.37400 -2.86900 3.34700 2.35000 -1.47500 1.63800 1.93300
127.00000 7.09000 12.25800 1.30200 -1.84100 0.00000 7.20200 -2.71600 -1.82100 -1.96300 4.37400 -2.38000 2.85800 2.35000 -2.45200 1.14900 0.95600
128.00000 7.09000 12.25800 1.30200 -1.84100 0.00000 5.73700 -0.76300 -2.30900 -2.45200 5.83900 -1.40400 3.34700 2.35000 -2.45200 1.63800 0.95600
129.00000 7.57900 11.77000 1.79000 -1.35300 0.00000 6.22600 -0.76300 -2.79700 -2.94000 6.32700 0.06100 3.83500 2.83800 -0.98700 2.61400 1.93300
130.00000 7.57900 11.28100 2.76700 -1.35300 0.00000 7.69000 -1.74000 -3.28600 -1.96300 5.35100 1.03800 4.81200 3.32600 1.45500 3.10300 2.90900
131.00000 7.57900 10.30500 1.79000 -2.33000 0.48800 10.13200 -3.69300 -3.77400 -0.49800 4.86200 0.54900 4.32300 4.30300 3.89600 2.61400 3.39800
132.00000 6.60200 10.30500 -1.13900 -3.79400 0.48800 11.10800 -5.15700 -3.77400 1.45500 5.83900 -0.42700 3.34700 5.28000 6.33700 2.12600 4.37400
133.00000 6.11400 10.79300 -2.60400 -5.25900 0.48800 12.08500 -5.64600 -4.26200 2.92000 9.74500 -0.91600 2.85800 6.25600 7.80200 2.12600 5.83900
134.00000 6.60200 11.77000 -0.65100 -5.25900 0.97700 12.57300 -3.69300 -4.26200 3.40800 15.60500 0.06100 2.85800 7.23300 8.77900 3.59100 7.79200
135.00000 8.55500 13.72300 5.20800 -3.79400 1.95300 14.03800 0.21400 -4.26200 3.40800 19.99900 2.01400 3.34700 8.69800 9.75500 7.00900 11.21000
136.00000 11.48500 15.18800 11.06800 -1.35300 2.44100 14.52600 6.07300 -4.26200 3.40800 21.46400 4.45600 4.81200 10.16200 11.22000 11.40300 15.11600
137.00000 13.92600 16.16400 15.95100 0.60000 2.44100 14.03800 10.95600 -5.23900 3.89600 19.99900 6.89700 5.30000 12.60400 14.15000 15.79800 19.51100
138.00000 15.39100 16.16400 15.95100 1.08800 2.44100 12.08500 13.39700 -5.72700 4.87300 17.55800 8.36200 5.78800 15.04500 16.59100 18.72800 22.44100
139.00000 14.41400 15.67600 13.50900 0.60000 1.95300 10.13200 11.44400 -5.23900 4.87300 15.60500 8.36200 6.27600 16.02200 18.05600 20.19200 23.90500
140.00000 12.46100 14.21100 10.09100 -0.37600 0.97700 9.15500 7.05000 -3.77400 4.38400 15.11600 7.87400 5.78800 16.02200 17.56800 19.70400 22.92900
141.00000 9.53200 12.74600 7.16100 -1.35300 0.48800 9.15500 3.14300 -2.30900 2.92000 15.60500 6.89700 5.78800 14.55700 16.59100 18.72800 20.97600
142.00000 7.09000 10.79300 5.69700 -1.84100 -0.48800 10.13200 1.67800 -1.33300 1.94300 15.11600 6.40900 6.27600 13.09200 15.12700 16.77400 18.04600
143.00000 5.13700 9.81600 5.20800 -2.33000 -0.48800 10.62000 3.63200 -1.82100 0.96600 14.14000 6.40900 6.27600 12.11500 14.15000 15.31000 15.60500
144.00000 5.13700 8.84000 5.20800 -2.81800 -0.48800 10.62000 6.56100 -2.30900 1.45500 12.67500 6.40900 6.27600 12.11500 13.66200 13.35700 14.62800
145.00000 5.13700 9.32800 5.20800 -3.30600 0.00000 10.62000 7.53800 -2.79700 1.94300 12.18700 5.92000 6.27600 11.13900 12.19700 11.40300 13.16300
146.00000 5.62500 10.30500 5.69700 -2.81800 1.46500 12.08500 5.58500 -2.30900 2.92000 12.67500 5.92000 5.78800 9.18600 9.26700 8.96200 11.69800
147.00000 6.11400 11.28100 5.20800 -2.33000 2.93000 14.03800 1.67800 -0.84400 2.92000 13.65200 4.94400 5.30000 7.23300 6.82600 7.00900 9.25700
148.00000 6.11400 12.74600 4.23200 -1.35300 4.39500 16.47900 -2.22800 -0.35600 2.43100 13.65200 3.96700 4.81200 5.28000 4.87300 4.56700 7.30400
149.00000 6.60200 13.72300 2.27900 -0.37600 5.37100 16.96800 -4.18100 -0.35600 1.45500 13.65200 2.99100 3.34700 4.30300 5.36100 2.12600 5.83900
150.00000 7.57900 14.21100 0.81400 -0.37600 5.37100 14.52600 -3.69300 -1.33300 -0.01000 13.16300 1.03800 1.88200 4.30300 7.31400 0.66100 5.35100
151.00000 8.06700 14.69900 0.81400 -0.37600 4.39500 11.10800 -2.22800 -3.28600 -0.98700 13.16300 -0.42700 0.41700 4.79100 9.26700 -0.80400 5.35100
152.00000 8.55500 14.21100 2.27900 -0.37600 3.90600 8.17900 -0.76300 -3.77400 -0.98700 13.16300 -1.40400 -0.55900 4.30300 9.26700 -1.78000 5.35100
153.00000 8.06700 13.72300 3.74300 -0.86500 3.41800 8.17900 0.70200 -3.77400 -0.98700 11.69800 -1.40400 -0.55900 3.81500 7.31400 -1.78000 4.86200
154.00000 6.11400 12.25800 3.25500 -0.86500 2.93000 10.13200 1.19000 -2.79700 -0.49800 9.74500 -1.40400 -0.55900 3.32600 4.87300 -1.29200 3.88600
155.00000 3.67200 10.30500 -0.65100 -2.33000 1.95300 10.62000 0.21400 -1.82100 -0.49800 6.81600 -1.40400 0.90500 3.81500 3.89600 -0.80400 3.39800
156.00000 1.23100 8.35200 -5.53400 -3.79400 0.48800 9.15500 -1.25100 -1.82100 -0.49800 5.35100 -1.40400 1.88200 5.28000 4.87300 0.66100 4.37400
157.00000 -0.23400 6.88700 -9.92800 -5.25900 -0.97700 5.24900 -3.20400 -1.82100 -1.96300 6.81600 -1.40400 2.85800 7.23300 7.80200 2.61400 5.83900
158.00000 -1.21100 6.88700 -10.41700 -5.74700 -1.46500 2.31900 -4.18100 -1.33300 -2.94000 10.23400 -1.40400 3.83500 8.69800 10.73200 5.54400 7.79200
159.00000 -0.23400 7.86300 -7.97500 -5.25900 -0.48800 3.29600 -3.20400 -1.33300 -3.91600 14.14000 0.06100 4.81200 9.18600 11.70900 7.98500 9.25700
160.00000 1.23100 9.32800 -4.06900 -3.79400 1.46500 7.20200 -0.76300 -1.33300 -3.42800 16.09300 0.54900 5.30000 8.20900 10.73200 9.93900 9.74500
161.00000 2.69600 10.30500 -2.11600 -2.81800 3.41800 10.62000 1.67800 -2.30900 -2.94000 14.14000 1.03800 4.32300 6.74400 8.29100 9.93900 8.76900
162.00000 2.69600 9.81600 -3.09200 -2.33000 3.90600 10.13200 2.16700 -2.79700 -1.47500 9.74500 -0.42700 2.85800 5.76800 4.87300 7.98500 6.81600
163.00000 1.23100 8.35200 -6.02200 -2.81800 2.93000 4.76100 -0.27500 -3.28600 -0.98700 5.35100 -2.38000 1.39400 5.28000 2.43100 5.05600 4.86200
164.00000 -0.72200 6.39900 -8.95200 -3.79400 0.97700 -2.07500 -4.18100 -2.30900 -0.98700 2.90900 -4.82200 -0.07100 5.28000 1.45500 2.12600 3.88600
165.00000 -2.18700 4.44500 -8.95200 -4.77100 -0.97700 -5.49300 -7.11100 -0.84400 -1.96300 2.42100 -5.79800 -0.07100 5.28000 1.94300 0.17300 3.39800
166.00000 -2.18700 4.44500 -7.48700 -4.77100 -1.46500 -3.54000 -7.59900 1.10900 -2.45200 3.39800 -4.82200 0.90500 5.28000 2.92000 -0.31500 3.39800
167.00000 -1.21100 5.42200 -5.53400 -4.28300 -0.97700 2.31900 -4.66900 2.08500 -2.94000 3.88600 -2.38000 2.85800 5.28000 3.40800 0.66100 3.39800
168.00000 -0.72200 5.91000 -4.55700 -3.79400 0.00000 6.71400 -0.27500 2.57400 -3.42800 4.86200 0.54900 3.83500 5.28000 3.89600 1.63800 3.88600
169.00000 -0.72200 5.42200 -4.06900 -3.79400 -0.48800 7.20200 4.12000 1.59700 -3.42800 5.35100 3.47900 4.81200 5.28000 4.38400 3.10300 5.35100
170.00000 -0.72200 4.93400 -3.09200 -3.79400 -1.46500 3.29600 7.53800 0.62100 -3.91600 5.35100 5.43200 5.30000 5.76800 5.84900 6.03200 7.30400
171.00000 -0.23400 4.93400 -1.13900 -3.30600 -2.93000 -0.61000 10.46800 0.13200 -3.91600 5.35100 7.87400 5.78800 6.74400 7.31400 8.96200 10.23400
172.00000 2.20700 6.88700 1.79000 -1.84100 -2.93000 -1.09900 11.44400 0.62100 -3.91600 3.88600 9.33800 6.76500 6.74400 8.77900 11.40300 12.18700
173.00000 6.11400 10.79300 5.20800 0.60000 -0.97700 3.29600 11.44400 2.57400 -2.45200 2.42100 10.31500 6.76500 6.74400 10.24400 12.38000 12.67500
174.00000 10.50800 15.18800 7.16100 3.04200 2.44100 9.64400 10.46800 5.01500 -0.98700 2.42100 10.31500 6.76500 5.76800 9.75500 11.40300 11.69800
175.00000 13.43800 18.60600 8.62600 5.48300 5.37100 14.52600 9.00300 5.99200 -0.49800 5.35100 8.85000 5.30000 3.81500 8.29100 9.45000 9.74500
176.00000 15.39100 20.55900 10.57900 6.94800 7.32400 15.50300 8.51400 6.48000 -0.49800 11.21000 6.89700 3.34700 1.37300 5.84900 7.00900 7.30400
177.00000 15.39100 20.07000 12.53300 6.94800 6.83600 12.57300 9.49100 5.99200 -1.47500 16.58100 4.45600 1.88200 -0.58000 2.43100 4.56700 5.35100
178.00000 14.41400 19.09400 14.48600 5.97100 5.37100 9.15500 10.46800 4.52700 -2.94000 18.04600 2.50200 0.90500 -3.51000 -2.45200 3.59100 2.90900
179.00000 13.43800 17.14100 13.99700 4.50600 3.90600 7.69000 9.97900 3.55000 -3.91600 13.65200 0.06100 -0.07100 -5.46300 -7.33400 2.61400 -0.50900
180.00000 11.97300 15.67600 10.09100 3.53000 2.93000 8.66700 6.56100 3.06200 -3.91600 5.35100 -1.89200 -0.55900 -7.41600 -11.72900 1.14900 -3.43800
181.00000 11.48500 14.69900 5.20800 2.06500 2.44100 10.13200 1.19000 2.57400 -3.42800 -1.97300 -4.82200 -0.55900 -7.90400 -13.68200 -0.31500 -6.85600
182.00000 10.02000 13.23400 0.32600 1.08800 2.44100 10.62000 -3.69300 2.57400 -2.94000 -5.39100 -7.26300 -0.55900 -7.41600 -13.68200 -1.78000 -8.80900
183.00000 9.53200 13.23400 -0.65100 0.60000 2.44100 9.64400 -5.15700 2.57400 -2.45200 -3.43800 -8.72800 -0.07100 -5.46300 -11.72900 -2.75700 -9.29800
184.00000 10.02000 13.72300 2.76700 1.08800 2.44100 9.15500 -2.22800 1.59700 -2.45200 0.95600 -8.72800 0.41700 -3.02100 -8.79900 -3.73300 -8.32100
185.00000 11.97300 16.16400 8.13800 2.06500 3.41800 9.64400 3.14300 1.10900 -1.96300 4.37400 -7.75100 1.39400 -0.09200 -5.38100 -3.73300 -6.85600
186.00000 15.39100 18.60600 13.02100 3.53000 5.37100 12.57300 6.07300 0.62100 -0.98700 5.35100 -7.26300 1.39400 2.35000 -2.94000 -4.22200 -5.88000
187.00000 18.80900 22.02400 13.50900 4.99500 7.32400 14.52600 5.09600 0.62100 -0.01000 3.88600 -7.75100 0.41700 3.32600 -0.98700 -4.71000 -5.39100
188.00000 21.25000 23.97700 10.57900 5.97100 8.78900 14.52600 0.21400 1.10900 0.47800 2.42100 -9.70500 -1.04800 3.32600 -0.01000 -6.66300 -5.39100
189.00000 23.20400 25.93000 6.67300 5.97100 8.30100 11.59700 -5.64600 1.59700 -0.01000 1.93300 -11.65800 -3.00100 2.35000 -0.01000 -8.12800 -5.39100
190.00000 24.66800 26.90600 4.72000 5.97100 6.83600 6.71400 -8.08700 1.59700 -0.98700 1.44400 -13.61100 -4.95400 0.88500 -1.96300 -9.59300 -5.39100
191.00000 25.64500 27.88300 7.16100 5.97100 5.37100 3.78400 -6.13400 1.10900 -2.45200 0.95600 -14.58700 -5.93100 -0.58000 -4.89300 -10.08100 -4.90300
192.00000 27.59800 28.37100 11.55600 5.48300 4.39500 3.29600 -2.22800 0.13200 -2.45200 0.46800 -15.07600 -6.41900 -2.04500 -7.82300 -10.08100 -4.41500
193.00000 29.06300 29.34800 15.95100 5.97100 4.88300 7.20200 0.70200 -0.84400 -2.45200 0.95600 -15.07600 -5.93100 -3.02100 -9.28800 -10.08100 -3.92700
194.00000 31.01600 31.30100 17.41500 6.46000 6.34800 13.06200 0.21400 -1.33300 -1.47500 4.37400 -14.58700 -5.44200 -3.51000 -8.79900 -9.59300 -3.43800
195.00000 32.96900 33.74200 16.92700 6.94800 7.81200 19.40900 -2.71600 -0.35600 -1.47500 9.25700 -14.58700 -5.44200 -4.97400 -7.82300 -9.10400 -3.43800
196.00000 34.92200 36.67200 15.46200 7.92400 8.78900 23.80400 -5.15700 0.62100 -1.96300 13.65200 -14.58700 -5.44200 -6.43900 -7.33400 -8.61600 -4.41500
197.00000 36.87500 39.11300 15.46200 8.41300 9.27700 25.75700 -4.66900 1.59700 -2.45200 14.62800 -13.61100 -5.44200 -8.39200 -8.79900 -7.64000 -5.39100
198.00000 38.34000 39.60200 16.92700 9.38900 9.76600 24.78000 0.21400 2.08500 -2.94000 11.21000 -12.14600 -5.93100 -9.85700 -11.72900 -6.66300 -6.36800
199.00000 39.80500 39.60200 20.34500 9.38900 9.27700 22.33900 6.07300 1.59700 -3.42800 5.35100 -10.19300 -5.93100 -11.32200 -14.65900 -5.68600 -7.83300
200.00000 40.29300 38.62500 22.29800 9.87800 8.30100 19.89700 9.97900 1.10900 -2.94000 0.46800 -8.72800 -5.44200 -11.81000 -16.12300 -5.68600 -9.78600
201.00000 40.29300 37.64900 22.78600 9.87800 7.81200 17.94400 9.00300 2.08500 -2.94000 -0.99700 -7.75100 -5.44200 -11.32200 -15.63500 -6.17500 -11.73900
202.00000 40.29300 38.13700 22.29800 10.36600 7.32400 16.96800 4.60800 3.06200 -2.45200 1.44400 -8.24000 -4.95400 -10.34500 -14.65900 -7.15100 -12.71600
203.00000 41.27000 39.11300 20.83300 10.85400 7.81200 18.43300 0.21400 4.03800 -1.47500 5.35100 -9.21600 -4.46600 -9.36900 -13.19400 -8.61600 -13.69200
204.00000 42.73500 41.06600 20.34500 11.34200 8.78900 21.36200 -1.25100 4.52700 -0.01000 8.76900 -9.70500 -4.46600 -7.90400 -12.21700 -8.61600 -12.71600
205.00000 44.68800 42.53100 21.32200 11.34200 10.74200 24.78000 0.70200 4.03800 1.45500 9.74500 -9.21600 -3.97700 -5.95100 -11.24100 -8.61600 -11.73900
206.00000 46.64100 43.99600 22.78600 11.83100 12.20700 26.73300 4.60800 3.55000 2.43100 8.28000 -7.75100 -3.00100 -5.46300 -10.26400 -8.12800 -10.27400
207.00000 47.61800 44.97300 24.25100 12.31900 13.18400 26.73300 7.53800 2.57400 2.92000 6.32700 -6.28700 -2.51300 -4.97400 -8.79900 -7.64000 -10.27400
208.00000 48.59400 46.43800 25.22800 12.80700 13.67200 24.78000 7.05000 3.06200 1.94300 3.88600 -5.31000 -2.51300 -5.46300 -8.31100 -7.15100 -11.73900
209.00000 49.08200 48.39100 26.20400 13.29500 13.67200 23.80400 5.09600 3.55000 0.47800 1.93300 -4.82200 -2.51300 -6.43900 -8.31100 -7.15100 -13.20400
210.00000 51.03600 50.83200 27.18100 14.27200 14.16000 24.29200 3.14300 3.55000 -0.01000 1.93300 -5.79800 -3.00100 -7.41600 -9.28800 -7.64000 -14.66900
211.00000 54.94200 53.76200 29.13400 14.76000 15.13700 26.73300 3.14300 3.06200 -0.01000 3.88600 -6.77500 -3.48900 -7.90400 -11.72900 -7.64000 -15.15700
212.00000 58.36000 56.69100 30.11100 15.73700 16.11300 29.17500 5.58500 2.08500 -0.01000 7.79200 -7.75100 -3.97700 -7.90400 -13.19400 -6.66300 -14.18100
213.00000 61.77800 59.13300 31.57600 16.71300 17.09000 31.12800 7.05000 1.59700 -0.98700 11.69800 -9.21600 -3.48900 -7.90400 -14.65900 -6.17500 -12.71600
214.00000 63.73100 61.57400 32.06400 18.66700 17.57800 31.61600 6.56100 2.08500 -1.96300 12.67500 -9.21600 -2.51300 -7.90400 -14.65900 -4.22200 -10.76300
215.00000 65.19600 64.50400 33.52900 20.13100 18.06600 32.10400 4.60800 3.55000 -2.94000 9.74500 -9.21600 -1.53600 -8.39200 -13.68200 -3.24500 -9.78600
216.00000 67.14900 67.43400 36.94700 21.59600 19.53100 34.54600 3.14300 5.01500 -2.45200 5.83900 -8.72800 -2.02400 -8.39200 -13.19400 -2.75700 -9.29800
217.00000 70.56700 71.82800 40.36500 23.06100 21.48400 38.94000 3.63200 5.50300 -0.98700 3.39800 -8.24000 -2.51300 -8.39200 -12.70500 -2.75700 -9.78600
218.00000 74.96100 75.73400 42.80600 24.03800 23.92600 44.80000 5.58500 5.01500 1.45500 5.35100 -8.24000 -4.46600 -8.88100 -12.21700 -4.22200 -11.25100
219.00000 78.37900 80.12900 42.80600 24.52600 26.85500 50.17100 7.05000 4.52700 2.92000 11.69800 -9.21600 -6.41900 -9.85700 -12.70500 -6.66300 -13.20400
220.00000 81.30900 83.54700 40.85300 25.01400 28.80900 53.10100 6.07300 4.03800 2.92000 17.06900 -11.16900 -8.37200 -12.29900 -14.65900 -9.59300 -16.13400
221.00000 82.77400 85.98800 38.41100 25.50300 30.27300 53.10100 3.14300 3.55000 1.94300 18.04600 -13.61100 -10.81300 -15.71700 -18.56500 -13.49900 -20.52800
222.00000 85.21500 88.43000 38.41100 26.47900 30.76200 50.17100 -0.76300 3.55000 0.47800 13.65200 -16.05200 -12.76700 -19.13500 -22.95900 -17.40500 -25.89900
223.00000 89.12200 91.35900 41.82900 27.45600 31.73800 46.75300 -2.22800 2.57400 -0.49800 5.83900 -18.00500 -14.72000 -22.06400 -26.86600 -22.28800 -31.27000
224.00000 93.51600 95.26600 47.20100 29.40900 32.71500 45.28800 0.21400 1.10900 -0.49800 -0.50900 -19.47000 -16.67300 -24.01700 -29.79500 -26.68300 -35.17700
225.00000 98.88700 99.17200 52.08300 31.36200 34.66800 47.24100 3.14300 0.62100 -0.01000 -2.95000 -19.95800 -18.13800 -25.48200 -31.26000 -29.61200 -37.61800
226.00000 103.28200 103.07800 55.50100 32.82700 36.62100 51.63600 6.07300 0.62100 0.47800 -1.97300 -19.47000 -19.11400 -25.48200 -31.74800 -31.07700 -38.59500
227.00000 106.70000 106.00800 56.96600 34.29200 38.08600 56.51900 8.02600 1.59700 -0.01000 0.95600 -18.49400 -19.11400 -25.97000 -31.74800 -30.58900 -38.59500
228.00000 109.62900 108.44900 57.94300 35.26800 38.08600 58.96000 8.02600 2.57400 -0.49800 3.39800 -18.49400 -19.60200 -25.97000 -31.74800 -29.61200 -38.10600
229.00000 112.55900 109.91400 58.43100 36.24500 37.59800 58.96000 6.56100 2.08500 -0.98700 5.83900 -19.47000 -20.57900 -26.45900 -31.26000 -29.12400 -37.61800
230.00000 115.48900 110.89100 57.45400 35.75600 37.10900 57.49500 4.12000 0.62100 -0.49800 7.30400 -22.40000 -22.53200 -26.45900 -30.28400 -30.10100 -37.61800
231.00000 116.95400 111.86700 55.99000 35.26800 38.08600 56.03000 0.70200 -1.33300 0.47800 7.30400 -25.81800 -23.99700 -25.97000 -30.77200 -32.54200 -38.59500
232.00000 117.93000 113.33200 53.54800 34.29200 39.06200 56.51900 -3.69300 -2.79700 1.94300 3.88600 -29.23600 -24.97400 -25.97000 -32.23700 -34.49500 -40.05900
233.00000 119.88300 115.77400 52.57200 34.29200 40.52700 57.98300 -7.59900 -2.30900 1.94300 -1.48500 -30.70100 -23.99700 -26.45900 -35.65500 -34.98300 -40.54800
234.00000 124.27800 120.16800 54.03600 35.75600 41.01600 59.93700 -9.06400 -0.84400 -0.49800 -6.85600 -29.72400 -21.55600 -26.45900 -39.07300 -34.00700 -40.54800
235.00000 130.13700 125.05100 58.91900 38.68600 41.50400 61.40100 -7.11100 1.59700 -2.94000 -8.80900 -27.77100 -18.62600 -26.94700 -40.53800 -32.05400 -39.57100
236.00000 136.97300 130.42200 64.77900 41.61600 41.99200 62.37800 -3.20400 3.55000 -3.91600 -6.36800 -24.35300 -16.18400 -26.45900 -38.58400 -30.10100 -38.59500
237.00000 142.34400 134.32800 69.17300 44.54500 43.45700 63.84300 1.19000 4.03800 -3.42800 -0.99700 -22.40000 -15.69600 -25.97000 -34.67800 -29.12400 -37.13000
238.00000 144.78600 136.77000 71.12600 46.01000 45.41000 64.81900 3.14300 4.03800 -1.47500 4.37400 -21.42300 -16.67300 -25.48200 -31.26000 -29.61200 -36.64100
239.00000 146.25000 139.21100 71.61500 47.47500 47.36300 65.79600 2.65500 3.55000 0.47800 5.35100 -22.88800 -19.11400 -25.97000 -29.79500 -32.05400 -38.10600
240.00000 147.71500 141.65200 73.56800 48.45200 49.31600 67.74900 1.19000 3.06200 1.94300 2.42100 -25.33000 -22.04400 -27.43500 -31.26000 -35.47200 -40.54800
241.00000 151.62200 145.07000 76.98600 49.91700 50.78100 69.21400 0.21400 3.06200 1.45500 -1.48500 -28.25900 -24.97400 -29.87700 -34.19000 -39.37800 -43.47700
242.00000 156.99300 148.97700 80.89200 52.35800 51.75800 71.16700 -0.76300 3.55000 0.47800 -3.92700 -30.70100 -26.92700 -32.31800 -37.12000 -42.79600 -45.91900
243.00000 161.87500 152.39500 82.84500 54.31100 52.73400 71.65500 -1.74000 3.55000 -0.49800 -4.41500 -32.65400 -27.41500 -33.29500 -38.58400 -45.23700 -47.38400
244.00000 163.82900 153.37100 80.40400 54.31100 53.22300 71.65500 -3.20400 4.03800 -0.98700 -3.92700 -33.14200 -27.41500 -33.29500 -38.58400 -45.72600 -47.87200
245.00000 162.36400 151.90600 76.00900 52.84600 52.73400 70.19000 -3.69300 3.55000 -0.49800 -3.92700 -33.14200 -25.95000 -32.80600 -39.07300 -45.72600 -47.38400
246.00000 159.92200 150.93000 72.10300 50.89300 51.75800 69.70200 -2.22800 3.55000 -0.49800 -4.90300 -33.14200 -24.97400 -32.80600 -40.04900 -44.74900 -47.38400
247.00000 158.94600 150.93000 72.59100 49.91700 51.27000 70.67900 2.16700 4.03800 -0.49800 -5.88000 -31.67700 -23.99700 -33.29500 -42.00200 -43.77200 -47.38400
248.00000 161.38700 153.85900 77.96200 51.38100 51.75800 73.60800 7.05000 3.55000 -0.98700 -5.39100 -30.21200 -23.50900 -33.78300 -43.95500 -42.79600 -47.87200
249.00000 165.78200 157.76600 84.79800 53.82300 53.71100 76.53800 10.95600 3.55000 -0.49800 -2.46200 -28.25900 -23.50900 -34.76000 -44.93200 -42.30800 -48.84800
250.00000 171.15300 162.16000 89.19300 56.26400 56.15200 78.97900 10.95600 3.55000 -0.49800 0.46800 -26.79400 -23.99700 -35.24800 -45.42000 -42.79600 -50.31300
251.00000 174.08200 164.60200 89.68100 57.72900 58.10500 80.44400 8.51400 3.06200 0.47800 0.95600 -25.33000 -23.99700 -34.76000 -44.93200 -42.79600 -50.80200
252.00000 175.54700 166.06600 87.72800 58.21700 58.59400 80.44400 5.09600 3.06200 1.45500 -1.48500 -24.35300 -23.50900 -33.78300 -43.46700 -43.28400 -50.80200
253.00000 176.52400 167.04300 86.26300 58.21700 58.59400 79.46800 3.63200 3.55000 1.94300 -5.39100 -23.86500 -23.02000 -32.31800 -42.00200 -43.77200 -50.31300
254.00000 177.98900 168.02000 88.70400 59.68200 58.10500 78.49100 5.09600 4.52700 2.43100 -7.83300 -23.37600 -21.55600 -31.34200 -39.56100 -42.79600 -48.84800
255.00000 179.94200 169.97300 93.58700 62.12400 58.10500 77.02600 8.51400 6.48000 2.43100 -7.34500 -22.40000 -20.57900 -30.36500 -37.60800 -41.81900 -46.89500
256.00000 182.87200 171.43800 98.47000 64.07700 57.61700 75.07300 11.44400 7.45600 1.94300 -3.43800 -21.42300 -19.60200 -29.38800 -36.14300 -40.35400 -44.94200
