1.00000 -5.44200 -4.10000 -4.86200 -3.91600 -2.03500 -2.55300 -5.89000 -4.16100 0.38700 -2.63500 -7.27300 -4.01800 -1.00700 -3.53000 -1.05800 -0.45800
2.00000 -5.44200 -4.58800 -3.39800 -3.42800 -3.01100 -3.04200 -3.44800 -2.69600 -0.10200 -0.68200 -2.87900 0.86500 0.94600 1.35300 7.24300 5.40200
3.00000 -4.46600 -3.12300 -0.95600 -2.45200 -3.49900 -2.06500 -1.00700 -0.74300 0.38700 1.76000 1.51600 4.77100 2.89900 6.72400 12.61400 11.26100
4.00000 -2.02400 -1.17000 0.50900 -0.98700 -2.52300 -1.08800 1.43400 0.72200 0.38700 4.69000 4.44500 6.72400 4.36400 11.11900 13.59000 14.67900
5.00000 -0.55900 0.78300 1.97300 -0.49800 -2.52300 -0.11200 3.87600 1.69900 0.87500 7.13100 5.91000 7.70100 4.85200 12.58300 13.10200 15.65600
6.00000 -0.07100 1.27200 1.97300 0.47800 -2.03500 0.37600 4.85200 1.69900 0.87500 7.61900 5.91000 8.18900 4.36400 11.11900 12.61400 14.19100
7.00000 -1.04800 -0.19300 1.48500 0.47800 -2.52300 -0.60000 4.36400 1.69900 -0.59000 6.15400 4.44500 7.21200 2.41100 6.72400 11.63700 11.26100
8.00000 -2.02400 -2.14600 0.99700 0.96600 -3.01100 -2.06500 2.41100 0.72200 -1.56700 2.73600 0.53900 4.28300 -0.03100 1.35300 9.68400 7.35500
9.00000 -1.53600 -3.61100 0.99700 1.94300 -3.49900 -4.01800 -0.03100 0.23400 -3.52000 -1.17000 -4.34400 0.37600 -2.96000 -3.04200 5.29000 3.44800
10.00000 0.41700 -2.63500 2.46200 3.89600 -3.01100 -4.99500 -1.98400 -0.25400 -4.49600 -4.58800 -8.25000 -3.53000 -4.91300 -3.53000 -0.57000 0.03100
11.00000 3.83500 0.29500 4.90300 5.36100 -2.03500 -4.50600 -2.47200 -0.25400 -4.49600 -6.05300 -10.20300 -5.48300 -4.91300 -2.06500 -5.94100 -0.94600
12.00000 6.76500 3.71300 6.85600 6.33700 -0.57000 -2.55300 -1.98400 0.23400 -4.00800 -6.05300 -9.71500 -4.99500 -2.96000 1.35300 -8.38200 -0.94600
13.00000 7.74100 6.64300 7.34500 5.84900 1.38300 -0.60000 -0.51900 1.21100 -2.54300 -4.58800 -5.80900 -2.55300 -0.51900 4.77100 -6.42900 0.51900
14.00000 7.25300 7.61900 6.36800 3.40800 1.38300 0.37600 0.45800 2.18700 -2.05500 -3.12300 -0.92600 1.84100 2.41100 6.72400 -2.52300 2.47200
15.00000 5.30000 6.64300 3.92700 1.45500 0.89500 0.37600 0.45800 3.16400 -1.56700 -2.63500 3.95700 6.23600 4.85200 7.70100 3.82500 4.91300
16.00000 3.34700 4.69000 1.97300 -0.49800 -0.08100 -1.08800 0.94600 3.65200 -2.05500 -2.63500 7.86300 10.14200 6.80500 8.18900 9.19600 7.84300
17.00000 2.37000 2.24800 0.99700 -0.98700 -2.03500 -2.55300 1.43400 4.62800 -3.52000 -4.10000 10.30500 12.58300 8.75900 9.16500 13.10200 10.77300
18.00000 1.39400 -0.19300 1.48500 -0.98700 -4.47600 -4.01800 2.41100 5.60500 -4.00800 -4.58800 10.79300 14.04800 9.73500 9.65400 15.05500 13.70200
19.00000 0.90500 -1.65800 2.46200 -0.49800 -5.94100 -5.48300 3.87600 6.58200 -4.98500 -6.05300 9.81600 14.04800 10.22300 8.67700 15.54400 15.65600
20.00000 -0.07100 -2.14600 2.95000 -0.01000 -7.40600 -7.43600 3.87600 7.07000 -5.47300 -8.00600 8.84000 12.58300 9.24700 7.21200 15.54400 15.65600
21.00000 -1.04800 -2.63500 2.46200 -0.01000 -8.38200 -9.87800 3.38700 6.58200 -5.47300 -9.95900 8.35200 10.63000 7.78200 4.28300 15.54400 14.67900
22.00000 -1.53600 -3.12300 1.48500 0.47800 -8.87000 -11.83100 2.41100 6.09300 -5.47300 -11.91200 8.35200 9.16500 5.34100 1.84100 15.05500 13.21400
23.00000 -1.04800 -3.12300 1.48500 0.96600 -8.38200 -12.31900 2.41100 5.60500 -4.98500 -11.91200 9.81600 8.67700 3.38700 1.84100 15.05500 11.74900
24.00000 0.41700 -2.14600 2.46200 1.94300 -7.40600 -10.36600 3.87600 5.60500 -4.49600 -10.44700 11.28100 7.70100 0.94600 3.30600 14.07900 9.79600
25.00000 1.88200 -0.68200 4.41500 3.89600 -4.96400 -7.92400 6.31700 7.07000 -4.49600 -6.54100 12.74600 7.21200 -0.51900 5.74700 12.61400 8.33100
26.00000 3.83500 0.78300 6.36800 5.84900 -2.52300 -4.50600 8.75900 8.53500 -4.98500 -2.63500 13.72300 7.70100 -1.98400 7.70100 10.66100 6.37800
27.00000 5.30000 2.73600 8.32100 7.80200 0.40700 -2.06500 10.71200 10.00000 -5.47300 0.78300 14.21100 8.67700 -2.96000 9.65400 9.68400 5.89000
28.00000 7.25300 5.66600 9.78600 8.77900 2.84800 0.37600 11.20000 10.97600 -5.96100 3.22500 14.69900 10.63000 -1.00700 13.56000 10.66100 7.35500
29.00000 9.20600 8.59600 10.27400 9.75500 5.29000 2.81800 10.71200 10.48800 -5.47300 6.15400 15.67600 13.07200 3.38700 18.93100 13.59000 12.23800
30.00000 11.64800 11.03700 10.76300 9.75500 8.21900 7.21200 10.71200 10.00000 -3.52000 10.54900 17.62900 15.51300 9.24700 26.25500 17.98500 18.58500
31.00000 12.62400 12.50200 10.27400 9.26700 10.17300 11.11900 10.71200 9.02300 -1.56700 14.94300 19.58200 16.97800 15.59400 33.09100 23.84400 24.44500
32.00000 11.15900 12.50200 9.29800 7.80200 10.17300 14.53700 10.71200 8.04600 0.38700 18.36100 20.07000 17.46600 20.47700 37.97400 28.23900 29.81600
33.00000 7.25300 10.06100 6.85600 5.36100 9.19600 14.53700 9.73500 6.58200 1.36300 19.82600 19.58200 16.97800 22.91900 40.41500 30.68000 31.76900
34.00000 2.37000 5.66600 3.43800 2.43100 6.26600 12.09500 8.27000 4.62800 1.36300 18.85000 17.14100 15.51300 23.89500 40.41500 29.21500 31.76900
35.00000 -2.51300 1.27200 0.99700 -0.49800 3.33700 8.18900 5.82900 2.67500 1.36300 15.92000 14.69900 13.56000 23.40700 39.43900 25.79800 29.32700
36.00000 -4.46600 -1.65800 -0.46800 -1.96300 0.89500 4.77100 4.36400 0.23400 1.85100 12.99000 11.77000 11.60700 22.43000 37.48600 20.42600 25.90900
37.00000 -4.46600 -2.14600 -1.44400 -3.42800 -0.08100 3.79400 2.89900 -1.71900 2.34000 11.03700 9.81600 9.16500 20.47700 35.04400 15.54400 22.00300
38.00000 -2.51300 -1.17000 -1.93300 -4.89300 0.40700 3.79400 2.41100 -3.67200 3.31600 10.54900 7.86300 7.70100 18.52400 31.13800 13.59000 18.58500
39.00000 -3.00100 -1.17000 -3.39800 -6.84600 -0.08100 3.79400 0.94600 -5.13700 3.31600 10.06100 6.88700 7.21200 17.05900 26.74400 14.07900 16.63200
40.00000 -4.46600 -2.14600 -5.35100 -9.77600 -2.03500 2.81800 -0.51900 -6.11400 2.82800 9.57200 6.39900 8.18900 16.57100 22.83700 16.52000 17.60900
41.00000 -7.39500 -4.58800 -6.81600 -11.72900 -4.47600 -0.11200 -1.49500 -6.11400 1.36300 8.59600 5.91000 10.14200 17.05900 20.88400 19.93800 19.56200
42.00000 -9.34900 -6.05300 -6.81600 -11.72900 -5.94100 -2.06500 -1.49500 -4.64900 0.38700 8.10800 6.39900 12.09500 17.54800 20.88400 22.86800 22.98000
43.00000 -8.37200 -5.07600 -3.88600 -9.77600 -5.94100 -1.08800 0.45800 -2.69600 0.38700 9.08400 7.86300 13.56000 18.03600 22.34900 24.82100 24.93300
44.00000 -3.97700 -0.68200 -0.46800 -5.38100 -3.49900 1.84100 3.38700 0.23400 0.87500 11.03700 9.32800 14.04800 17.05900 24.30200 24.82100 24.93300
45.00000 0.41700 4.20100 3.43800 -1.47500 -0.57000 5.25900 6.80500 2.67500 0.87500 12.50200 10.79300 14.04800 15.10600 24.79000 23.84400 23.95600
46.00000 2.85800 6.64300 5.88000 1.45500 0.89500 6.72400 8.27000 5.11700 0.87500 12.01400 11.77000 13.56000 13.15300 23.32600 22.86800 22.00300
47.00000 2.37000 5.66600 5.88000 2.43100 0.40700 5.25900 8.27000 6.09300 -0.10200 9.08400 11.28100 14.04800 11.68800 20.39600 22.38000 20.53800
48.00000 0.41700 2.73600 4.41500 1.94300 -2.03500 0.86500 6.31700 7.07000 -1.07800 4.20100 10.30500 15.02500 10.71200 17.46600 22.86800 20.05000
49.00000 -1.04800 -0.68200 3.43800 1.45500 -3.98800 -2.55300 4.85200 7.55800 -2.05500 0.78300 9.81600 16.49000 10.22300 15.02500 22.86800 20.05000
50.00000 -1.04800 -1.65800 3.43800 1.45500 -5.45200 -4.50600 4.36400 7.55800 -3.03100 -1.65800 9.81600 17.46600 10.71200 14.53700 22.86800 21.02700
51.00000 0.41700 -1.17000 3.92700 1.45500 -4.47600 -4.01800 3.87600 8.04600 -4.00800 -2.63500 10.30500 17.95500 11.20000 15.02500 22.38000 21.02700
52.00000 0.41700 -0.68200 3.92700 0.96600 -3.01100 -3.53000 3.87600 8.04600 -4.49600 -2.14600 10.79300 17.46600 11.20000 16.00100 21.40300 20.53800
53.00000 -2.02400 -1.65800 1.97300 -0.49800 -2.03500 -4.50600 2.41100 7.07000 -4.98500 -2.63500 10.30500 16.49000 10.71200 16.49000 21.40300 19.07300
54.00000 -5.44200 -4.58800 -0.95600 -1.96300 -2.52300 -6.46000 -0.03100 6.09300 -4.98500 -3.61100 9.81600 15.51300 8.75900 15.51300 21.40300 16.63200
55.00000 -8.37200 -8.00600 -3.88600 -2.94000 -3.01100 -8.90100 -1.98400 5.11700 -4.49600 -5.56400 9.32800 14.53700 7.29400 13.07200 21.89100 14.19100
56.00000 -9.83700 -9.47100 -4.86200 -2.94000 -3.49900 -9.87800 -2.96000 4.62800 -3.52000 -6.05300 9.32800 13.56000 5.82900 10.63000 21.40300 12.23800
57.00000 -8.86000 -8.49400 -4.86200 -1.96300 -3.01100 -8.90100 -2.47200 4.62800 -2.05500 -5.07600 9.81600 12.58300 5.34100 10.63000 19.93800 10.77300
58.00000 -6.90700 -5.56400 -3.88600 -1.96300 -2.03500 -5.48300 -0.51900 5.11700 0.38700 -2.14600 11.28100 11.60700 6.31700 12.58300 17.49700 10.28400
59.00000 -5.44200 -3.12300 -3.88600 -2.45200 -1.05800 -2.55300 0.94600 5.11700 1.85100 1.27200 11.77000 10.14200 8.27000 16.49000 15.05500 10.77300
60.00000 -5.44200 -1.65800 -3.88600 -3.91600 -0.08100 -0.11200 1.43400 4.62800 2.82800 4.20100 12.25800 9.16500 9.24700 20.39600 13.59000 11.26100
61.00000 -6.41900 -1.65800 -4.86200 -5.87000 -0.08100 0.86500 0.45800 3.65200 3.80500 5.66600 11.28100 8.67700 10.22300 22.34900 13.59000 11.74900
62.00000 -6.90700 -2.14600 -5.83900 -6.84600 -0.08100 1.84100 -1.00700 2.67500 3.80500 5.66600 9.81600 7.70100 10.22300 21.86100 14.56700 12.72600
63.00000 -6.90700 -2.14600 -6.32700 -7.33400 -0.57000 1.35300 -2.47200 1.21100 3.31600 5.17800 7.86300 7.21200 10.22300 20.88400 16.03200 14.19100
64.00000 -6.90700 -2.14600 -6.81600 -7.33400 -1.05800 1.84100 -4.42500 -0.74300 3.31600 4.69000 6.39900 6.72400 11.20000 20.39600 17.00800 15.65600
65.00000 -6.41900 -1.65800 -7.30400 -7.33400 -0.57000 1.35300 -5.40200 -2.20700 2.82800 4.69000 5.42200 6.23600 13.15300 22.34900 18.47300 17.60900
66.00000 -5.93100 -1.17000 -7.30400 -7.33400 -0.08100 1.84100 -5.89000 -3.67200 2.82800 5.17800 4.44500 5.74700 15.10600 25.27900 19.45000 20.05000
67.00000 -4.46600 -0.19300 -6.32700 -5.87000 0.40700 1.84100 -5.89000 -4.16100 2.82800 5.17800 3.95700 5.74700 16.08300 27.72000 20.42600 21.51500
68.00000 -2.51300 0.78300 -3.39800 -3.91600 1.87200 1.84100 -4.91300 -4.16100 2.34000 5.17800 3.46900 5.74700 15.59400 28.20800 20.42600 22.00300
69.00000 -0.07100 2.24800 0.50900 -1.47500 2.36000 1.84100 -3.44800 -3.67200 0.87500 3.71300 2.98100 5.25900 14.13000 26.25500 19.45000 21.51500
70.00000 1.39400 4.20100 2.95000 -0.01000 2.84800 1.35300 -2.47200 -3.18400 -1.07800 2.73600 2.98100 4.77100 12.17700 23.81400 17.98500 20.05000
71.00000 2.85800 5.17800 4.41500 0.96600 2.84800 1.35300 -1.98400 -2.20700 -2.54300 1.76000 2.98100 4.28300 11.20000 21.86100 16.52000 18.58500
72.00000 2.85800 5.66600 3.92700 0.96600 3.33700 2.33000 -2.47200 -1.71900 -4.00800 1.76000 2.98100 4.28300 10.22300 20.88400 14.56700 16.63200
73.00000 3.34700 5.66600 2.46200 0.96600 3.33700 3.30600 -2.96000 -1.23100 -4.98500 1.27200 2.49200 3.79400 9.24700 19.90800 12.61400 14.67900
74.00000 4.32300 5.66600 1.97300 1.45500 3.82500 4.28300 -3.44800 -0.74300 -6.44900 1.27200 1.02700 2.81800 6.80500 18.44300 9.19600 12.23800
75.00000 5.30000 6.15400 2.46200 2.43100 4.80100 5.25900 -3.44800 0.23400 -7.42600 0.29500 -0.92600 1.84100 4.36400 15.51300 5.29000 8.82000
76.00000 5.78800 7.13100 2.46200 2.92000 4.80100 5.25900 -2.96000 1.21100 -8.89100 -0.68200 -2.39100 0.86500 1.43400 13.07200 3.33700 6.37800
77.00000 5.30000 8.10800 3.43800 1.94300 4.31300 4.77100 -1.49500 1.69900 -9.37900 -1.17000 -1.41400 1.84100 -0.51900 10.63000 4.80100 5.40200
78.00000 3.34700 8.10800 2.95000 0.47800 3.33700 4.28300 0.45800 1.69900 -8.89100 -1.17000 2.00400 3.30600 -1.00700 9.65400 8.70800 6.37800
79.00000 0.90500 7.13100 1.97300 -1.47500 1.87200 3.30600 1.92300 1.21100 -7.91400 -0.68200 5.91000 5.74700 -0.03100 9.65400 13.10200 8.82000
80.00000 -0.55900 4.69000 1.48500 -3.42800 -0.08100 2.81800 3.38700 0.72200 -5.96100 0.78300 8.35200 7.21200 1.92300 10.14200 15.54400 10.77300
81.00000 -2.02400 1.76000 0.50900 -5.38100 -1.54600 1.84100 2.89900 -0.25400 -4.98500 0.78300 8.84000 7.21200 3.87600 11.11900 14.56700 11.74900
82.00000 -3.00100 -0.68200 -1.44400 -6.84600 -3.01100 0.86500 1.43400 -1.71900 -4.49600 0.78300 7.86300 6.23600 6.31700 12.09500 13.10200 11.74900
83.00000 -4.95400 -2.14600 -3.39800 -8.79900 -4.47600 -0.11200 -0.51900 -3.18400 -4.00800 0.29500 5.91000 5.25900 8.27000 12.58300 12.61400 11.74900
84.00000 -6.90700 -2.63500 -6.32700 -10.26400 -4.47600 -0.60000 -3.44800 -4.16100 -4.00800 0.29500 4.44500 5.25900 10.22300 13.56000 15.54400 12.23800
85.00000 -7.88400 -2.14600 -8.76900 -9.77600 -3.49900 0.37600 -4.91300 -4.16100 -4.00800 1.27200 3.95700 5.25900 12.17700 15.51300 18.47300 14.67900
86.00000 -6.90700 -0.68200 -9.25700 -8.31100 -1.05800 2.33000 -5.40200 -4.16100 -3.03100 3.71300 3.95700 5.25900 13.64100 17.95500 19.45000 17.12000
87.00000 -5.44200 1.27200 -7.30400 -6.35800 1.87200 4.28300 -4.42500 -3.18400 -1.56700 6.64300 3.95700 4.77100 15.10600 20.39600 17.98500 18.58500
88.00000 -3.00100 2.73600 -4.86200 -3.91600 3.82500 5.74700 -3.44800 -2.20700 -0.10200 9.08400 3.95700 4.28300 16.08300 22.83700 15.54400 19.07300
89.00000 -2.02400 3.22500 -2.42100 -2.94000 4.80100 6.23600 -1.98400 -1.23100 1.36300 10.06100 3.95700 4.28300 16.57100 23.81400 13.10200 18.58500
90.00000 -2.02400 3.22500 -0.95600 -2.94000 3.82500 5.25900 -1.00700 -1.23100 3.31600 10.06100 4.44500 4.28300 17.05900 23.32600 13.10200 17.12000
91.00000 -3.00100 1.76000 -0.95600 -3.91600 2.36000 3.79400 -1.00700 -1.71900 5.26900 9.08400 4.44500 4.28300 16.57100 21.86100 14.07900 16.14400
92.00000 -3.97700 0.29500 -1.93300 -5.38100 1.38300 2.33000 -1.98400 -2.69600 6.73400 8.59600 3.46900 3.79400 15.59400 20.39600 14.56700 14.67900
93.00000 -4.95400 -1.17000 -2.90900 -6.84600 0.40700 1.84100 -3.44800 -4.16100 7.71100 8.10800 1.51600 1.84100 14.13000 18.44300 12.61400 12.72600
94.00000 -5.44200 -1.65800 -2.90900 -8.31100 -0.08100 1.35300 -4.42500 -6.11400 7.22200 7.61900 -1.41400 -0.11200 12.17700 16.97800 8.70800 10.77300
95.00000 -5.93100 -2.14600 -2.90900 -9.77600 -0.57000 1.84100 -4.91300 -6.60200 6.73400 6.64300 -3.36700 -2.06500 10.22300 15.51300 4.80100 7.84300
96.00000 -6.41900 -2.14600 -2.42100 -10.75200 -1.05800 1.84100 -5.40200 -7.09000 5.75800 5.17800 -4.34400 -2.55300 8.27000 13.56000 2.36000 5.40200
97.00000 -7.39500 -2.14600 -2.42100 -11.72900 -1.05800 0.37600 -5.40200 -7.09000 4.78100 3.22500 -3.36700 -1.57700 7.29400 11.11900 2.84800 4.91300
98.00000 -8.37200 -3.12300 -2.90900 -12.70500 -1.54600 -1.57700 -5.40200 -6.60200 4.78100 1.76000 -1.41400 0.37600 7.29400 9.65400 5.77800 5.89000
99.00000 -8.86000 -4.10000 -3.88600 -12.21700 -2.52300 -4.01800 -5.40200 -6.60200 4.78100 0.29500 1.02700 3.30600 8.27000 9.16500 10.66100 8.33100
100.00000 -9.34900 -5.07600 -4.37400 -11.72900 -3.49900 -5.48300 -5.40200 -6.60200 5.75800 -0.19300 2.49200 5.25900 10.22300 10.63000 15.54400 11.74900
101.00000 -8.86000 -5.56400 -4.86200 -10.75200 -3.98800 -5.97100 -4.91300 -6.11400 5.75800 0.29500 3.46900 6.72400 11.68800 12.58300 18.96200 13.70200
102.00000 -8.37200 -5.07600 -4.86200 -9.77600 -3.98800 -4.99500 -4.42500 -6.11400 5.75800 1.27200 4.44500 7.21200 12.66500 14.04800 19.45000 14.67900
103.00000 -8.37200 -4.10000 -5.35100 -9.77600 -2.52300 -3.04200 -4.42500 -6.11400 6.24600 2.73600 3.95700 6.23600 12.17700 13.56000 17.49700 13.21400
104.00000 -8.37200 -3.12300 -6.32700 -9.77600 -0.57000 -0.11200 -4.91300 -6.11400 7.22200 4.69000 2.98100 5.25900 11.20000 12.58300 14.07900 10.77300
105.00000 -8.86000 -2.14600 -7.79200 -10.75200 1.38300 2.33000 -5.89000 -6.60200 8.19900 6.64300 1.51600 3.79400 10.71200 11.60700 10.66100 7.84300
106.00000 -8.86000 -1.65800 -9.74500 -11.72900 2.84800 3.79400 -7.84300 -7.57900 9.66400 8.59600 -0.92600 1.84100 11.20000 12.58300 8.21900 5.89000
107.00000 -7.88400 -0.19300 -10.72200 -12.21700 3.82500 5.74700 -9.30800 -8.55500 11.12900 10.54900 -2.87900 0.37600 11.68800 15.02500 6.26600 4.91300
108.00000 -6.41900 0.29500 -10.23400 -12.70500 4.31300 7.21200 -9.30800 -9.53200 11.61700 12.50200 -3.36700 -0.60000 12.17700 18.44300 5.29000 5.40200
109.00000 -4.46600 1.76000 -7.79200 -12.21700 3.82500 8.18900 -8.33100 -9.04300 12.59400 14.45500 -2.87900 -1.08800 12.17700 21.37200 5.77800 6.86600
110.00000 -3.97700 1.76000 -4.37400 -12.21700 2.84800 8.67700 -5.40200 -8.06700 12.10500 14.94300 -0.92600 -1.08800 11.68800 23.32600 6.75500 8.33100
111.00000 -4.46600 1.27200 -1.44400 -12.21700 1.38300 7.70100 -3.44800 -7.09000 11.61700 14.94300 0.53900 -1.08800 10.71200 23.32600 8.70800 9.79600
112.00000 -5.44200 -0.19300 0.50900 -12.21700 0.40700 6.72400 -1.49500 -6.11400 10.64000 14.45500 2.00400 -1.57700 9.73500 22.83700 10.66100 11.26100
113.00000 -6.41900 -2.14600 0.99700 -12.21700 -0.08100 5.25900 -0.51900 -6.11400 9.66400 13.47900 2.00400 -3.04200 9.24700 22.83700 11.63700 12.72600
114.00000 -5.93100 -3.12300 0.99700 -11.24100 0.89500 4.77100 -0.51900 -7.09000 9.66400 12.50200 2.00400 -4.50600 8.75900 22.34900 12.12600 14.19100
115.00000 -4.95400 -2.63500 0.50900 -9.77600 2.36000 5.74700 -1.49500 -7.57900 9.66400 12.99000 0.53900 -6.46000 8.27000 22.34900 10.66100 14.67900
116.00000 -4.46600 -1.17000 -0.46800 -8.31100 4.80100 7.21200 -2.47200 -8.06700 10.15200 12.99000 -0.43700 -8.41300 7.29400 21.37200 8.21900 14.19100
117.00000 -5.44200 -0.19300 -1.93300 -7.82300 5.77800 7.21200 -3.93700 -8.55500 9.66400 12.99000 -1.90200 -8.41300 6.31700 19.90800 5.29000 12.72600
118.00000 -8.37200 -1.17000 -4.86200 -8.79900 4.31300 5.74700 -5.89000 -9.04300 8.68700 10.54900 -2.87900 -7.43600 5.34100 17.46600 2.84800 11.74900
119.00000 -12.76700 -4.58800 -8.28000 -10.26400 1.38300 1.84100 -7.35500 -8.55500 6.24600 7.13100 -2.39100 -4.01800 5.34100 15.51300 4.31300 10.77300
120.00000 -16.18400 -8.98200 -11.21000 -12.70500 -2.52300 -3.04200 -7.84300 -8.06700 3.80500 2.73600 0.05100 0.86500 5.82900 13.07200 9.68400 11.74900
121.00000 -18.13800 -13.37700 -12.18700 -14.17000 -6.42900 -7.92400 -6.37800 -6.11400 0.87500 -1.65800 5.42200 6.23600 7.29400 11.60700 17.49700 13.70200
122.00000 -17.16100 -14.84200 -11.21000 -14.17000 -8.38200 -9.87800 -2.96000 -3.67200 -1.07800 -3.12300 10.79300 11.11900 8.27000 10.63000 24.82100 16.63200
123.00000 -14.23100 -12.40000 -6.81600 -12.21700 -8.38200 -8.41300 1.43400 -1.23100 -1.56700 -2.63500 16.16400 14.53700 8.27000 10.63000 28.72700 18.58500
124.00000 -9.83700 -7.02900 -1.93300 -9.28800 -5.45200 -4.01800 6.31700 0.72200 -1.07800 0.78300 19.58200 15.51300 7.78200 12.58300 28.72700 19.56200
125.00000 -4.95400 -1.17000 3.43800 -6.35800 -1.54600 1.84100 9.73500 1.69900 -0.10200 5.17800 21.04700 14.53700 6.80500 14.53700 24.82100 19.07300
126.00000 -2.02400 3.22500 7.34500 -3.91600 1.87200 6.72400 11.68800 1.69900 0.87500 9.08400 19.58200 12.09500 5.82900 16.49000 19.93800 18.09700
127.00000 -0.55900 5.17800 9.29800 -2.94000 4.31300 10.14200 12.66500 1.21100 2.34000 12.01400 17.62900 8.67700 5.34100 17.95500 16.52000 17.60900
128.00000 -1.04800 4.69000 9.78600 -2.45200 5.29000 10.63000 12.17700 0.72200 3.31600 12.99000 14.69900 5.25900 4.85200 18.44300 15.54400 18.09700
129.00000 -1.53600 4.20100 9.78600 -1.96300 5.77800 11.11900 11.68800 0.72200 3.31600 12.99000 12.25800 1.84100 4.85200 17.95500 17.00800 18.58500
130.00000 -1.53600 4.69000 10.27400 -0.98700 6.26600 11.11900 10.71200 0.23400 2.82800 12.01400 10.30500 -1.08800 4.36400 17.95500 17.98500 20.05000
131.00000 -0.55900 6.64300 10.27400 0.47800 7.73100 12.09500 10.22300 0.72200 1.36300 10.54900 8.84000 -3.04200 2.41100 17.95500 18.47300 20.05000
132.00000 0.90500 8.59600 10.76300 1.94300 8.70800 12.58300 9.73500 1.21100 -0.10200 9.57200 7.86300 -3.53000 -0.03100 17.46600 17.49700 18.58500
133.00000 2.37000 9.57200 10.27400 2.92000 8.70800 11.60700 8.75900 1.69900 -2.05500 7.61900 6.88700 -4.01800 -2.47200 15.51300 15.54400 16.14400
134.00000 1.88200 8.59600 8.80900 1.94300 7.73100 9.16500 7.78200 2.18700 -2.54300 5.66600 5.91000 -3.53000 -3.93700 14.04800 14.07900 13.70200
135.00000 -0.07100 5.66600 6.85600 -0.01000 5.29000 5.25900 6.31700 1.69900 -2.54300 3.22500 5.42200 -3.04200 -3.93700 12.58300 12.61400 11.74900
136.00000 -3.00100 2.24800 5.39100 -1.96300 2.36000 0.86500 5.82900 1.69900 -2.05500 1.27200 5.91000 -2.06500 -2.96000 12.09500 12.12600 10.77300
137.00000 -5.44200 -0.68200 4.90300 -3.91600 0.40700 -1.08800 5.82900 1.21100 -1.56700 0.78300 6.88700 -1.08800 -0.51900 13.56000 10.66100 10.77300
138.00000 -5.44200 -2.14600 5.88000 -3.91600 -1.05800 -1.57700 7.78200 0.72200 -0.59000 1.76000 9.32800 1.35300 1.92300 16.00100 9.68400 11.26100
139.00000 -3.97700 -1.17000 8.32100 -2.94000 -1.05800 0.37600 11.20000 2.18700 0.38700 4.20100 13.23400 5.25900 3.87600 18.44300 10.17300 12.23800
140.00000 -0.55900 0.78300 11.73900 -0.98700 -0.57000 2.81800 15.10600 4.14000 1.36300 7.61900 18.60600 9.65400 5.34100 20.39600 13.10200 14.67900
141.00000 1.88200 3.22500 14.66900 0.96600 -0.08100 4.77100 18.52400 6.09300 2.34000 9.57200 23.00000 14.04800 7.29400 21.86100 19.45000 19.07300
142.00000 3.83500 4.69000 16.62200 1.94300 0.40700 6.23600 20.47700 7.55800 2.82800 12.01400 26.90600 17.46600 9.73500 23.32600 26.77400 23.95600
143.00000 3.83500 5.17800 16.62200 0.96600 -0.08100 6.72400 21.45400 7.55800 3.31600 12.99000 27.88300 18.93100 12.66500 24.30200 31.65700 27.37400
144.00000 2.85800 4.20100 15.15700 -0.01000 -1.05800 6.23600 19.98900 5.60500 3.80500 13.47900 26.90600 18.93100 14.13000 26.25500 33.12200 28.35100
145.00000 1.39400 1.76000 13.20400 -1.96300 -2.03500 5.25900 17.54800 3.65200 3.31600 13.47900 24.46500 17.46600 14.61800 26.25500 32.14500 27.86300
146.00000 -0.07100 -0.19300 11.25100 -2.94000 -3.01100 3.79400 14.61800 2.18700 2.82800 11.03700 22.51200 16.49000 12.66500 24.30200 30.19200 26.39800
147.00000 -2.51300 -2.63500 8.80900 -3.91600 -3.98800 1.35300 11.20000 1.21100 2.34000 8.59600 20.55900 15.51300 9.24700 20.88400 29.70400 24.44500
148.00000 -4.95400 -5.07600 7.34500 -4.40500 -4.96400 -1.08800 8.75900 0.72200 1.36300 5.17800 17.62900 13.56000 5.82900 16.97800 29.21500 22.49100
149.00000 -7.88400 -6.54100 5.39100 -4.89300 -4.96400 -2.55300 6.31700 0.23400 0.38700 3.22500 15.18800 10.63000 4.36400 15.02500 26.28600 21.02700
150.00000 -10.32500 -8.00600 3.92700 -6.84600 -4.47600 -2.55300 4.36400 -1.23100 0.38700 2.24800 11.77000 7.21200 3.87600 15.51300 20.42600 18.58500
151.00000 -12.27800 -8.00600 2.46200 -8.79900 -3.98800 -1.57700 2.89900 -3.18400 0.38700 2.73600 7.86300 3.79400 4.85200 17.46600 14.07900 16.63200
152.00000 -12.76700 -7.02900 1.48500 -11.24100 -3.01100 -0.11200 0.94600 -5.13700 0.87500 4.20100 4.93400 1.35300 5.82900 19.90800 10.17300 14.67900
153.00000 -11.30200 -5.07600 0.50900 -12.70500 -2.03500 1.35300 -0.51900 -7.57900 0.87500 5.17800 3.95700 -0.11200 6.31700 21.37200 10.17300 14.19100
154.00000 -8.86000 -2.63500 -0.46800 -12.21700 -1.54600 2.81800 -1.98400 -8.55500 1.36300 5.66600 3.95700 -1.08800 5.82900 20.39600 12.61400 13.70200
155.00000 -5.44200 -0.19300 0.02000 -10.26400 -0.08100 4.28300 -2.47200 -9.04300 1.85100 6.15400 3.95700 -2.06500 4.85200 18.93100 14.56700 12.23800
156.00000 -3.00100 1.76000 0.02000 -6.84600 1.38300 5.74700 -3.44800 -8.06700 2.82800 7.61900 3.95700 -3.04200 4.85200 17.46600 13.59000 10.77300
157.00000 -1.53600 3.22500 0.99700 -2.94000 2.36000 7.21200 -2.47200 -6.60200 4.78100 10.06100 3.46900 -3.04200 4.36400 17.46600 10.17300 8.82000
158.00000 -1.04800 4.20100 1.48500 -0.01000 2.84800 8.18900 -1.49500 -5.13700 5.75800 12.01400 2.98100 -2.06500 5.34100 17.95500 7.24300 8.33100
159.00000 -1.04800 3.71300 0.99700 0.96600 2.84800 8.67700 -0.51900 -3.18400 5.75800 13.47900 3.46900 -0.11200 6.31700 19.41900 7.73100 9.79600
160.00000 -1.53600 2.24800 0.50900 0.96600 2.36000 8.18900 -0.03100 -1.71900 5.75800 12.99000 4.44500 1.84100 7.29400 20.39600 11.63700 12.23800
161.00000 -2.51300 -0.19300 -0.95600 -0.49800 0.89500 6.23600 -0.51900 -0.74300 4.78100 12.01400 5.42200 3.30600 8.27000 19.90800 15.54400 14.19100
162.00000 -3.48900 -2.63500 -1.44400 -2.45200 -1.54600 3.79400 -0.51900 -0.25400 4.29300 10.06100 5.91000 3.30600 8.27000 18.93100 17.49700 15.65600
163.00000 -4.95400 -5.07600 -1.44400 -4.40500 -3.49900 1.35300 -1.00700 -0.74300 3.80500 8.59600 5.91000 2.33000 7.29400 16.00100 15.54400 15.65600
164.00000 -5.93100 -6.05300 -0.95600 -5.38100 -5.94100 -0.11200 -0.03100 -1.23100 2.82800 7.61900 4.93400 0.86500 5.82900 12.09500 11.63700 14.67900
165.00000 -6.90700 -7.02900 0.02000 -5.87000 -7.40600 -1.57700 0.45800 -2.20700 2.34000 5.66600 3.46900 -1.08800 4.36400 7.21200 7.73100 13.21400
166.00000 -7.88400 -8.00600 0.02000 -6.35800 -8.87000 -3.04200 0.94600 -3.18400 0.87500 3.71300 2.00400 -2.06500 2.89900 2.33000 6.26600 10.77300
167.00000 -9.34900 -9.47100 -0.46800 -6.84600 -9.35900 -4.50600 0.45800 -3.67200 -0.10200 1.27200 1.02700 -2.55300 1.43400 -2.55300 6.26600 7.35500
168.00000 -11.79000 -11.42400 -1.93300 -8.31100 -9.35900 -6.46000 -1.00700 -4.16100 -0.59000 -1.65800 -0.43700 -2.55300 -0.51900 -6.46000 5.77800 2.96000
169.00000 -14.72000 -13.37700 -4.37400 -9.77600 -9.35900 -7.92400 -3.44800 -4.64900 -1.07800 -3.61100 -1.90200 -2.06500 -1.98400 -9.38900 3.33700 -1.92300
170.00000 -17.64900 -14.84200 -7.30400 -10.26400 -8.87000 -8.90100 -5.89000 -4.16100 -1.56700 -4.58800 -3.36700 -2.06500 -4.42500 -11.83100 -1.54600 -6.80500
171.00000 -19.11400 -14.35300 -10.23400 -10.75200 -8.38200 -8.41300 -7.84300 -3.67200 -1.56700 -4.10000 -4.34400 -1.57700 -6.37800 -13.29500 -7.40600 -11.20000
172.00000 -19.11400 -12.88900 -12.18700 -11.24100 -7.89400 -7.92400 -10.28400 -3.67200 -1.56700 -4.10000 -4.83200 -0.60000 -7.84300 -13.29500 -10.82400 -13.64100
173.00000 -18.13800 -10.93500 -13.65200 -10.75200 -7.40600 -6.46000 -11.74900 -3.18400 -1.56700 -3.12300 -3.36700 1.35300 -6.86600 -11.34200 -8.87000 -12.66500
174.00000 -16.18400 -8.98200 -13.65200 -10.75200 -7.40600 -5.48300 -12.23800 -3.18400 -1.07800 -1.65800 -0.92600 4.28300 -3.44800 -5.97100 -1.54600 -8.75900
175.00000 -13.74300 -8.49400 -12.18700 -10.26400 -7.40600 -4.99500 -11.74900 -3.18400 0.38700 -0.19300 2.00400 6.72400 2.41100 2.33000 7.73100 -1.92300
176.00000 -11.30200 -8.49400 -10.23400 -9.77600 -7.40600 -4.50600 -10.28400 -3.67200 2.34000 2.73600 3.95700 8.18900 9.24700 12.09500 15.05500 6.86600
177.00000 -8.86000 -8.98200 -6.81600 -8.79900 -6.91700 -4.01800 -7.84300 -4.16100 4.29300 5.17800 2.98100 7.70100 14.61800 20.88400 17.49700 15.16700
178.00000 -7.39500 -8.98200 -3.39800 -7.33400 -6.42900 -2.06500 -5.40200 -4.64900 6.24600 7.61900 0.53900 4.77100 18.03600 26.25500 15.54400 21.02700
179.00000 -6.41900 -8.98200 -0.95600 -6.84600 -6.42900 -0.60000 -2.96000 -5.13700 7.22200 9.08400 -2.87900 0.86500 18.52400 26.25500 11.14900 23.46800
180.00000 -6.90700 -8.98200 0.50900 -6.84600 -5.94100 1.35300 -1.98400 -5.62500 6.73400 8.59600 -7.27300 -4.01800 16.57100 21.37200 6.26600 21.51500
181.00000 -7.88400 -8.00600 0.50900 -6.84600 -4.96400 2.33000 -1.49500 -6.11400 5.75800 7.13100 -11.18000 -8.90100 12.17700 13.07200 0.89500 15.65600
182.00000 -8.86000 -7.02900 -0.46800 -6.84600 -4.47600 2.33000 -1.98400 -6.11400 4.29300 5.66600 -15.08600 -13.78400 6.80500 4.28300 -4.96400 7.84300
183.00000 -8.37200 -5.56400 -0.46800 -6.84600 -3.01100 1.84100 -2.47200 -6.11400 3.31600 4.20100 -17.03900 -16.71300 2.41100 -2.55300 -10.33500 0.03100
184.00000 -7.39500 -4.10000 -0.95600 -6.35800 -2.52300 1.84100 -2.47200 -5.13700 2.82800 3.71300 -16.55100 -16.71300 -0.51900 -5.48300 -13.26500 -4.36400
185.00000 -6.41900 -4.58800 -1.44400 -7.33400 -3.01100 1.35300 -1.98400 -4.16100 3.31600 3.71300 -12.15600 -13.78400 -1.49500 -4.01800 -11.80000 -4.85200
186.00000 -6.90700 -6.05300 -2.42100 -9.28800 -4.47600 0.86500 -1.00700 -3.18400 3.31600 4.20100 -4.34400 -8.41300 -0.03100 0.86500 -5.94100 -1.92300
187.00000 -8.86000 -8.98200 -4.37400 -12.21700 -6.42900 -1.57700 -0.51900 -2.69600 3.31600 4.20100 3.95700 -2.55300 2.41100 7.70100 1.38300 1.98400
188.00000 -12.27800 -11.42400 -6.32700 -15.63500 -8.38200 -4.01800 -0.51900 -2.69600 2.82800 3.71300 10.30500 2.33000 6.31700 15.02500 7.24300 5.40200
189.00000 -14.72000 -12.40000 -7.79200 -17.10000 -9.35900 -5.48300 -1.49500 -3.67200 2.82800 3.22500 12.74600 5.74700 10.22300 20.39600 9.68400 7.35500
190.00000 -16.18400 -12.88900 -8.28000 -17.58800 -9.84700 -6.46000 -3.44800 -4.16100 2.82800 2.24800 12.74600 6.72400 12.66500 21.86100 11.14900 8.82000
191.00000 -16.18400 -12.88900 -7.79200 -16.12300 -9.84700 -6.94800 -4.91300 -4.64900 2.82800 0.78300 10.79300 7.70100 13.64100 18.93100 14.07900 11.26100
192.00000 -16.18400 -13.37700 -7.30400 -14.65900 -9.35900 -7.92400 -6.86600 -4.64900 1.36300 -1.65800 8.35200 8.67700 12.66500 12.58300 17.98500 13.70200
193.00000 -16.67300 -14.84200 -7.30400 -13.68200 -9.84700 -9.38900 -8.33100 -4.64900 -0.10200 -4.58800 5.42200 9.65400 10.22300 4.77100 22.38000 15.16700
194.00000 -17.64900 -15.81800 -8.28000 -12.70500 -10.33500 -11.34200 -10.28400 -4.64900 -2.54300 -8.00600 2.00400 9.16500 7.29400 -3.04200 23.35600 15.16700
195.00000 -18.13800 -14.84200 -8.76900 -11.72900 -9.84700 -12.31900 -11.26100 -4.64900 -4.00800 -9.95900 -2.87900 7.70100 3.87600 -9.87800 19.93800 11.74900
196.00000 -16.18400 -10.93500 -7.30400 -9.77600 -8.87000 -10.85400 -10.77300 -4.64900 -4.00800 -10.44700 -7.76200 4.28300 0.94600 -15.24900 13.10200 7.35500
197.00000 -11.79000 -6.54100 -4.37400 -6.84600 -6.42900 -7.92400 -8.82000 -4.16100 -3.03100 -9.47100 -11.18000 0.86500 -2.96000 -19.64300 5.77800 1.49500
198.00000 -6.41900 -2.14600 -0.95600 -3.91600 -4.47600 -4.01800 -5.40200 -3.18400 -1.56700 -7.02900 -12.15600 -2.55300 -6.37800 -23.54900 0.40700 -2.89900
199.00000 -1.53600 -0.19300 1.97300 -1.47500 -2.52300 -1.08800 -1.00700 -2.20700 -0.59000 -4.58800 -10.69100 -4.99500 -9.79600 -25.99100 -3.98800 -6.31700
200.00000 -0.55900 -0.19300 2.46200 -0.98700 -2.52300 -0.60000 1.43400 -1.71900 -0.10200 -2.63500 -8.73800 -7.43600 -11.26100 -25.01400 -7.40600 -8.75900
201.00000 -2.02400 -2.14600 0.50900 -1.96300 -3.01100 -1.08800 1.92300 -2.20700 0.38700 -1.65800 -7.76200 -9.87800 -11.26100 -19.64300 -10.82400 -9.73500
202.00000 -5.44200 -4.58800 -2.42100 -4.40500 -3.98800 -2.55300 0.45800 -2.69600 0.87500 -0.68200 -7.27300 -11.34200 -9.30800 -10.36600 -13.26500 -10.22300
203.00000 -8.86000 -6.05300 -5.35100 -7.33400 -4.96400 -3.04200 -2.47200 -4.16100 1.85100 -0.19300 -7.76200 -12.31900 -6.37800 -0.11200 -13.75300 -9.24700
204.00000 -11.79000 -7.51700 -6.81600 -9.77600 -5.45200 -3.04200 -4.42500 -5.13700 2.82800 0.78300 -7.27300 -12.31900 -3.44800 7.70100 -11.80000 -7.78200
205.00000 -13.74300 -8.49400 -8.28000 -12.21700 -5.45200 -3.04200 -6.37800 -5.62500 2.82800 0.78300 -6.78500 -11.34200 -1.98400 10.14200 -9.84700 -6.80500
206.00000 -16.18400 -10.44700 -9.25700 -13.68200 -6.42900 -3.53000 -7.35500 -5.13700 2.82800 -0.19300 -6.78500 -10.36600 -1.00700 7.70100 -8.38200 -5.82900
207.00000 -18.13800 -12.88900 -11.21000 -14.65900 -8.38200 -5.48300 -8.82000 -5.13700 1.85100 -2.14600 -8.25000 -10.36600 -0.51900 2.81800 -9.35900 -5.34100
208.00000 -20.57900 -15.81800 -12.67500 -14.65900 -11.31200 -8.41300 -10.28400 -5.13700 0.87500 -4.58800 -11.66800 -10.85400 -0.03100 -1.57700 -11.80000 -5.82900
209.00000 -21.55600 -18.26000 -13.65200 -14.17000 -13.75300 -11.83100 -12.72600 -5.62500 -0.10200 -7.51700 -14.59800 -11.34200 0.45800 -3.53000 -13.75300 -5.82900
210.00000 -21.06700 -19.23600 -13.65200 -12.70500 -15.70600 -13.78400 -13.70200 -5.62500 -1.56700 -9.95900 -16.06200 -10.85400 0.45800 -4.01800 -12.28800 -5.34100
211.00000 -18.62600 -18.74800 -11.69800 -10.26400 -15.70600 -14.76000 -13.70200 -4.64900 -2.05500 -10.44700 -14.10900 -8.90100 -0.03100 -3.04200 -7.89400 -3.87600
212.00000 -16.18400 -17.28300 -8.76900 -7.82300 -14.73000 -13.78400 -11.26100 -2.69600 -2.54300 -9.47100 -8.25000 -4.50600 -1.49500 -2.06500 -2.03500 -2.41100
213.00000 -13.25500 -15.33000 -5.83900 -4.89300 -12.28800 -10.85400 -6.86600 0.72200 -2.05500 -6.54100 0.05100 1.35300 -2.47200 -1.57700 4.31300 0.03100
214.00000 -11.30200 -13.37700 -3.39800 -3.91600 -9.84700 -7.43600 -2.47200 3.16400 -1.07800 -3.61100 8.35200 8.18900 -2.96000 0.37600 9.68400 2.96000
215.00000 -10.32500 -12.40000 -2.42100 -3.42800 -7.89400 -4.99500 1.92300 5.60500 0.38700 -1.17000 15.18800 14.04800 -2.96000 2.33000 14.07900 5.89000
216.00000 -10.32500 -12.40000 -2.42100 -4.40500 -7.40600 -3.53000 4.36400 6.09300 0.38700 0.29500 20.07000 18.44300 -1.98400 4.77100 19.45000 8.33100
217.00000 -11.79000 -13.37700 -3.88600 -6.35800 -7.89400 -4.01800 4.85200 5.60500 0.38700 0.29500 22.51200 20.88400 -1.49500 6.23600 25.30900 10.77300
218.00000 -14.23100 -14.35300 -5.35100 -8.31100 -8.87000 -4.50600 4.85200 5.11700 -0.10200 -0.19300 23.00000 20.88400 -0.03100 6.23600 29.70400 12.72600
219.00000 -15.20800 -13.86500 -6.32700 -9.77600 -9.35900 -4.01800 4.36400 3.65200 -0.10200 0.29500 20.55900 18.44300 0.94600 5.74700 30.68000 13.70200
220.00000 -14.72000 -11.91200 -4.86200 -9.77600 -7.89400 -2.06500 4.36400 2.67500 0.87500 1.76000 15.67600 14.04800 2.41100 4.77100 26.77400 14.19100
221.00000 -12.27800 -8.49400 -1.93300 -8.31100 -4.47600 1.84100 4.36400 1.21100 3.31600 4.20100 9.32800 7.70100 3.38700 4.28300 18.96200 12.72600
222.00000 -8.86000 -4.58800 1.48500 -6.35800 -1.05800 5.74700 4.36400 -0.25400 5.26900 6.64300 2.49200 0.37600 2.89900 1.84100 9.68400 9.79600
223.00000 -6.41900 -1.17000 3.43800 -3.42800 2.36000 8.67700 2.89900 -2.20700 6.24600 8.10800 -4.34400 -6.46000 0.45800 -2.06500 0.40700 5.40200
224.00000 -3.97700 0.29500 3.92700 -1.47500 4.80100 9.16500 -0.03100 -4.64900 6.24600 7.61900 -10.69100 -12.80700 -2.47200 -7.43600 -7.40600 -0.94600
225.00000 -3.48900 0.78300 2.46200 -0.01000 5.77800 9.16500 -3.93700 -6.11400 5.75800 5.66600 -18.01600 -19.15500 -5.89000 -13.29500 -15.21800 -7.29400
226.00000 -2.51300 1.76000 0.50900 0.96600 6.26600 9.16500 -7.84300 -8.06700 5.26900 3.71300 -24.85100 -25.01400 -8.33100 -16.71300 -23.03100 -13.64100
227.00000 -1.04800 3.22500 -0.46800 1.94300 7.24300 9.65400 -10.28400 -9.04300 5.26900 3.22500 -30.71100 -29.40900 -9.30800 -15.73700 -30.35500 -17.54800
228.00000 1.39400 5.17800 0.50900 2.92000 7.73100 10.63000 -10.28400 -8.55500 5.75800 4.20100 -34.12900 -31.36200 -8.33100 -10.36600 -34.74900 -18.03600
229.00000 3.83500 6.64300 2.95000 3.40800 7.73100 11.60700 -8.33100 -7.57900 6.73400 7.13100 -33.15200 -30.38500 -5.40200 -2.55300 -33.28500 -14.13000
230.00000 5.30000 7.13100 5.39100 3.40800 7.24300 11.11900 -4.42500 -5.13700 6.73400 9.57200 -27.29300 -25.50300 -1.49500 6.23600 -26.44900 -7.78200
231.00000 5.30000 6.15400 6.36800 2.43100 5.29000 10.14200 -1.49500 -2.69600 6.73400 11.03700 -18.01600 -19.15500 1.92300 14.04800 -15.21800 0.03100
232.00000 3.34700 4.69000 5.88000 0.96600 3.33700 8.18900 0.94600 -0.25400 6.24600 11.52500 -8.73800 -12.31900 4.85200 18.44300 -4.47600 6.37800
233.00000 0.90500 2.73600 4.41500 -0.49800 2.36000 6.72400 2.41100 1.21100 5.75800 10.54900 -0.92600 -6.94800 4.85200 19.41900 1.87200 9.30800
234.00000 -1.53600 1.27200 3.92700 -1.47500 1.87200 6.23600 3.87600 2.67500 4.78100 9.08400 2.98100 -3.53000 3.87600 16.97800 3.33700 8.82000
235.00000 -3.00100 0.78300 4.90300 -0.98700 2.36000 5.74700 5.82900 3.65200 3.80500 7.61900 4.93400 -0.60000 2.41100 13.56000 2.36000 6.37800
236.00000 -3.97700 -0.19300 6.85600 -0.01000 1.87200 4.28300 8.75900 5.11700 2.34000 6.15400 5.91000 1.84100 1.43400 9.16500 1.38300 4.42500
237.00000 -4.46600 -1.17000 8.32100 0.96600 0.40700 2.33000 11.68800 6.09300 1.36300 4.69000 8.84000 4.77100 1.92300 6.23600 3.33700 5.40200
238.00000 -4.95400 -2.14600 8.80900 0.96600 -1.54600 0.86500 14.13000 6.58200 0.87500 4.69000 13.72300 8.67700 2.89900 5.74700 9.19600 8.82000
239.00000 -4.95400 -2.14600 8.32100 0.47800 -3.49900 -0.11200 15.10600 6.58200 0.87500 4.69000 19.58200 12.09500 3.87600 6.72400 16.52000 12.72600
240.00000 -3.97700 -2.14600 7.83300 0.47800 -4.47600 -0.11200 15.59400 5.60500 0.87500 5.66600 24.46500 14.53700 4.36400 8.18900 23.35600 16.14400
241.00000 -3.48900 -2.14600 7.34500 1.45500 -4.47600 0.37600 15.10600 4.62800 0.87500 6.15400 26.90600 15.51300 2.89900 8.18900 27.75100 16.63200
242.00000 -3.00100 -3.12300 6.85600 1.45500 -3.98800 -0.11200 14.13000 4.14000 0.38700 5.17800 26.90600 15.51300 0.94600 5.74700 28.72700 15.16700
243.00000 -4.46600 -5.07600 5.39100 -0.01000 -4.47600 -1.57700 11.20000 3.16400 -0.10200 3.22500 24.46500 14.04800 -0.03100 2.81800 26.28600 12.23800
244.00000 -6.90700 -8.49400 1.97300 -3.42800 -5.94100 -4.50600 7.78200 2.18700 -1.07800 0.29500 20.07000 11.60700 -1.49500 -0.60000 20.91500 8.33100
245.00000 -9.34900 -10.93500 -2.42100 -6.84600 -7.89400 -6.94800 3.38700 1.21100 -1.56700 -1.65800 15.18800 8.67700 -1.98400 -2.55300 13.59000 4.91300
246.00000 -11.30200 -11.91200 -4.86200 -10.26400 -9.35900 -7.92400 -0.03100 -0.74300 -1.56700 -3.12300 9.81600 4.28300 -2.47200 -3.04200 5.77800 0.51900
247.00000 -11.30200 -10.93500 -5.35100 -10.75200 -8.87000 -6.94800 -2.47200 -2.20700 -1.07800 -2.63500 4.93400 -0.60000 -3.93700 -4.01800 -2.03500 -2.89900
248.00000 -10.32500 -8.98200 -4.37400 -9.28800 -7.40600 -4.99500 -3.44800 -3.18400 -0.59000 -2.14600 0.05100 -4.99500 -5.40200 -5.48300 -7.89400 -5.34100
249.00000 -9.34900 -7.51700 -3.39800 -6.35800 -5.94100 -4.01800 -4.42500 -4.16100 -0.59000 -1.65800 -4.34400 -9.38900 -6.37800 -6.94800 -11.80000 -7.29400
250.00000 -8.86000 -7.02900 -3.39800 -4.40500 -5.45200 -4.01800 -5.40200 -4.64900 -1.07800 -1.65800 -8.73800 -12.80700 -6.86600 -7.92400 -14.24200 -8.27000
251.00000 -9.83700 -8.00600 -5.35100 -3.91600 -5.94100 -4.50600 -7.35500 -6.11400 -1.56700 -2.63500 -12.15600 -15.73700 -6.37800 -6.94800 -15.70600 -8.75900
252.00000 -11.30200 -8.98200 -7.30400 -3.42800 -6.42900 -4.50600 -9.30800 -7.09000 -1.07800 -3.12300 -14.59800 -17.69000 -5.40200 -4.50600 -15.70600 -8.75900
253.00000 -12.27800 -9.95900 -7.79200 -2.45200 -5.94100 -4.01800 -9.79600 -8.06700 -1.07800 -2.63500 -15.57400 -17.69000 -4.91300 -1.57700 -14.24200 -8.75900
254.00000 -12.27800 -9.95900 -6.32700 -1.47500 -4.47600 -2.55300 -8.33100 -8.06700 -0.59000 -1.65800 -14.10900 -15.73700 -4.42500 0.86500 -11.80000 -8.27000
255.00000 -11.79000 -8.98200 -3.88600 -0.01000 -3.01100 -2.06500 -5.40200 -6.11400 -0.10200 -1.17000 -11.18000 -12.80700 -4.42500 1.35300 -8.38200 -6.80500
256.00000 -10.81300 -8.49400 -1.93300 0.47800 -2.03500 -1.57700 -1.49500 -3.67200 -0.59000 -1.17000 -7.76200 -9.38900 -4.91300 1.35300 -4.96400 -5.34100
