1.00000 -1.60700 -2.75700 -3.87600 -1.23100 -2.16700 -2.28900 -6.92700 -0.82400 -0.15300 -2.59400 -2.64500 -1.38300 -0.04100 -1.08800 -1.55600 -1.06800
2.00000 -1.60700 -2.26800 -3.87600 -1.23100 -0.70200 -1.80100 -7.90400 -1.31200 -0.15300 -3.57100 -3.13300 -1.38300 0.44800 -0.60000 -1.55600 -0.58000
3.00000 -1.60700 -1.78000 -3.87600 -1.23100 -0.21400 -2.28900 -5.95100 -1.31200 -0.15300 -4.54700 -2.64500 -0.89500 0.93600 -0.11200 -0.09200 0.88500
4.00000 -2.09600 -2.75700 -3.87600 -1.23100 -1.19000 -3.26500 -4.48600 -0.82400 -0.64100 -5.52400 -1.18000 0.08100 0.93600 -0.11200 1.37300 1.86200
5.00000 -3.07200 -3.73300 -3.87600 -1.23100 -2.16700 -3.75400 -3.02100 -0.33600 -0.64100 -5.52400 -0.20300 0.57000 0.93600 -0.11200 2.35000 2.35000
6.00000 -3.56000 -3.73300 -4.36400 -1.71900 -3.63200 -4.24200 -3.02100 -0.82400 -0.64100 -5.03500 0.28500 0.57000 0.93600 -1.08800 2.35000 1.86200
7.00000 -3.56000 -2.75700 -4.85200 -2.20700 -4.12000 -4.24200 -3.99800 -1.31200 -0.64100 -5.03500 -0.20300 0.08100 0.44800 -1.57700 1.37300 1.37300
8.00000 -2.58400 -1.78000 -4.85200 -2.69600 -3.14300 -4.24200 -5.46300 -2.28900 -0.64100 -5.52400 -1.18000 -0.89500 -0.52900 -1.57700 0.39700 0.39700
9.00000 -1.60700 -1.29200 -4.85200 -3.18400 -1.67800 -4.24200 -6.43900 -2.28900 -1.12900 -6.50000 -2.15700 -1.38300 -1.99400 -2.06500 -0.58000 -0.58000
10.00000 -2.09600 -2.75700 -5.34100 -2.69600 -0.70200 -4.24200 -6.92700 -2.28900 -2.10600 -6.98900 -3.13300 -1.87200 -2.48200 -3.04200 -1.06800 -1.55600
11.00000 -3.07200 -4.71000 -6.80500 -2.69600 -0.70200 -5.21900 -6.92700 -1.80100 -2.59400 -6.50000 -4.11000 -2.36000 -2.48200 -4.01800 -2.04500 -2.04500
12.00000 -5.51400 -6.66300 -8.75900 -2.69600 -1.19000 -6.19500 -7.90400 -2.28900 -2.59400 -6.01200 -5.57500 -2.84800 -2.48200 -4.99500 -2.53300 -2.53300
13.00000 -7.46700 -7.64000 -10.22300 -2.69600 -1.67800 -7.66000 -9.85700 -2.28900 -3.08200 -6.01200 -7.03900 -2.84800 -1.99400 -5.48300 -3.51000 -3.02100
14.00000 -8.44300 -6.66300 -11.20000 -3.18400 -2.16700 -8.14800 -10.83400 -2.77700 -3.08200 -6.98900 -7.52800 -3.33700 -2.48200 -5.97100 -3.99800 -3.02100
15.00000 -7.46700 -5.19800 -11.20000 -3.18400 -3.14300 -8.14800 -9.85700 -2.28900 -3.08200 -8.94200 -7.03900 -2.84800 -2.48200 -5.97100 -3.02100 -2.04500
16.00000 -6.49000 -3.73300 -10.22300 -4.16100 -3.63200 -8.14800 -8.88100 -2.28900 -3.08200 -10.89500 -6.06300 -2.36000 -2.97000 -4.99500 -2.04500 -1.55600
17.00000 -6.49000 -3.73300 -9.24700 -4.16100 -3.63200 -7.17200 -6.92700 -2.28900 -3.08200 -11.38300 -4.59800 -1.87200 -2.48200 -4.50600 -1.06800 -0.58000
18.00000 -7.46700 -3.73300 -9.24700 -4.64900 -2.65500 -7.66000 -6.43900 -2.77700 -2.10600 -10.40600 -3.62100 -1.38300 -1.99400 -4.01800 -0.58000 -0.09200
19.00000 -8.44300 -4.71000 -9.73500 -4.64900 -2.16700 -8.14800 -6.92700 -2.77700 -1.61700 -9.43000 -3.13300 -1.87200 -1.99400 -4.50600 -0.58000 -0.58000
20.00000 -7.95500 -4.22200 -9.24700 -4.16100 -1.19000 -8.63600 -7.41600 -2.77700 -1.12900 -8.45300 -3.13300 -1.87200 -1.99400 -4.99500 -0.58000 -1.06800
21.00000 -6.00200 -3.73300 -7.78200 -3.18400 -1.67800 -8.63600 -6.92700 -2.28900 -1.61700 -8.94200 -2.64500 -1.38300 -2.48200 -5.48300 -1.06800 -1.55600
22.00000 -4.04900 -3.24500 -5.82900 -2.69600 -2.16700 -8.63600 -4.97400 -1.80100 -2.10600 -9.43000 -1.18000 -0.40700 -2.48200 -5.48300 -0.09200 -1.06800
23.00000 -3.07200 -3.73300 -4.85200 -2.20700 -3.14300 -8.63600 -3.02100 -0.82400 -2.10600 -9.43000 0.77300 0.57000 -1.50600 -4.01800 1.86200 0.88500
24.00000 -4.04900 -4.71000 -4.85200 -2.69600 -3.63200 -8.63600 -1.55600 -0.82400 -2.10600 -8.45300 2.72600 1.54600 0.44800 -2.06500 4.30300 3.32600
25.00000 -6.00200 -6.17500 -6.31700 -4.16100 -4.12000 -9.61300 -2.04500 -1.80100 -1.61700 -6.50000 3.70300 2.52300 2.40100 0.86500 6.25600 6.25600
26.00000 -7.95500 -8.61600 -8.27000 -5.13700 -4.60800 -10.10100 -3.02100 -2.28900 -1.12900 -5.03500 4.19100 3.01100 3.86600 3.79400 7.72100 8.69800
27.00000 -8.44300 -10.56900 -8.75900 -6.11400 -4.60800 -11.07800 -3.99800 -2.77700 -0.64100 -4.05900 4.19100 3.49900 4.35400 5.25900 8.20900 10.16200
28.00000 -8.93100 -12.52200 -8.27000 -6.11400 -5.09600 -11.56600 -3.99800 -2.28900 -0.64100 -4.05900 4.19100 3.49900 4.35400 5.25900 9.18600 11.13900
29.00000 -9.42000 -13.98700 -8.27000 -5.13700 -5.58500 -11.07800 -3.99800 -1.31200 -1.12900 -5.03500 4.67900 4.47600 4.35400 5.25900 10.16200 11.62700
30.00000 -9.90800 -13.98700 -8.75900 -4.64900 -6.07300 -11.07800 -3.02100 -0.82400 -1.61700 -6.01200 5.16800 4.96400 4.35400 4.77100 10.65100 11.62700
31.00000 -9.90800 -13.01100 -9.24700 -4.64900 -6.56100 -11.07800 -2.53300 -0.33600 -2.10600 -6.01200 6.14400 5.94100 4.84200 4.77100 11.62700 12.11500
32.00000 -9.42000 -11.54600 -9.73500 -4.64900 -6.56100 -11.07800 -1.55600 -0.33600 -2.59400 -5.52400 6.63200 6.42900 5.33000 4.77100 12.11500 12.11500
33.00000 -8.44300 -10.08100 -9.24700 -4.64900 -6.07300 -11.07800 -1.06800 -0.33600 -2.10600 -4.54700 6.63200 6.42900 5.81900 4.28300 12.11500 12.60400
34.00000 -6.97800 -9.59300 -7.29400 -4.64900 -5.09600 -10.10100 -0.58000 -0.33600 -1.12900 -3.57100 7.12100 5.94100 5.33000 4.28300 11.62700 12.11500
35.00000 -6.97800 -8.61600 -5.34100 -4.16100 -4.12000 -8.63600 -0.09200 -0.33600 -1.12900 -2.59400 6.63200 5.45200 4.84200 4.28300 11.13900 11.62700
36.00000 -6.97800 -7.64000 -4.36400 -4.16100 -3.63200 -7.66000 -0.09200 -0.82400 -1.12900 -3.08200 6.14400 4.96400 4.35400 4.28300 11.13900 11.13900
37.00000 -6.97800 -6.66300 -3.87600 -3.18400 -3.14300 -6.68300 -0.09200 -0.33600 -1.12900 -3.08200 6.14400 4.96400 3.86600 4.28300 11.13900 10.65100
38.00000 -6.49000 -6.17500 -4.36400 -2.69600 -3.14300 -6.68300 0.39700 -0.33600 -1.12900 -3.08200 6.14400 5.45200 3.86600 4.28300 11.13900 10.65100
39.00000 -4.53700 -6.66300 -3.87600 -2.69600 -3.63200 -7.17200 0.88500 -0.33600 -1.12900 -2.59400 6.14400 5.45200 3.86600 4.28300 11.13900 10.65100
40.00000 -3.56000 -7.15100 -3.38700 -2.69600 -4.60800 -7.66000 0.88500 -0.33600 -0.64100 -1.61700 6.14400 5.45200 4.35400 4.28300 10.65100 10.65100
41.00000 -3.56000 -7.64000 -2.41100 -2.69600 -4.60800 -7.66000 0.88500 -0.82400 -0.15300 -1.12900 6.14400 4.96400 4.35400 3.79400 9.67400 10.65100
42.00000 -4.04900 -7.15100 -2.41100 -2.69600 -3.63200 -7.17200 0.39700 -1.31200 -0.15300 -1.12900 5.65600 3.98800 3.86600 2.81800 9.18600 9.67400
43.00000 -4.53700 -6.17500 -2.89900 -2.69600 -2.65500 -5.70700 -0.09200 -1.31200 -0.64100 -1.61700 4.67900 3.01100 2.88900 2.33000 7.72100 8.69800
44.00000 -4.53700 -4.71000 -2.89900 -2.20700 -1.67800 -4.24200 -0.09200 -1.31200 -1.12900 -2.10600 3.70300 2.52300 1.91200 1.35300 6.74400 7.23300
45.00000 -3.56000 -4.22200 -2.89900 -1.71900 -0.70200 -2.77700 0.39700 -0.82400 -1.12900 -1.12900 3.21500 2.03500 0.93600 0.86500 5.28000 5.76800
46.00000 -2.09600 -4.22200 -2.89900 -0.74300 -0.21400 -2.28900 0.39700 -0.82400 -0.64100 0.82400 2.23800 1.54600 0.44800 -0.11200 3.81500 4.30300
47.00000 -1.60700 -3.73300 -3.38700 -0.74300 0.27500 -2.77700 -0.09200 -1.31200 -0.15300 2.28900 1.26100 0.57000 0.44800 -0.60000 2.83800 3.32600
48.00000 -2.58400 -3.73300 -4.36400 -1.23100 0.27500 -2.77700 -2.04500 -1.80100 -0.15300 1.80100 0.28500 0.08100 -0.04100 -2.06500 1.86200 2.35000
49.00000 -4.53700 -2.75700 -4.85200 -2.20700 0.27500 -3.26500 -3.51000 -2.28900 -0.15300 -0.15300 -0.69200 -0.40700 -0.04100 -3.04200 1.37300 1.86200
50.00000 -5.02500 -2.26800 -4.85200 -2.20700 0.76300 -2.77700 -3.99800 -2.28900 -1.12900 -3.08200 -1.18000 -0.40700 -0.52900 -4.01800 1.37300 1.86200
51.00000 -3.56000 -1.78000 -3.38700 -1.71900 1.25100 -2.77700 -3.02100 -2.28900 -1.12900 -4.05900 -1.18000 0.08100 -0.04100 -4.01800 1.37300 1.86200
52.00000 -0.63100 -1.29200 -2.41100 -0.74300 1.25100 -2.28900 -1.06800 -1.80100 -0.64100 -3.08200 -0.20300 0.57000 0.44800 -2.55300 1.86200 2.83800
53.00000 2.29900 -1.29200 -1.43400 -0.25400 1.25100 -1.80100 0.39700 -1.31200 -0.15300 -0.15300 0.77300 1.05800 0.93600 -1.08800 2.35000 3.81500
54.00000 3.76400 -1.78000 -1.92300 -0.25400 1.25100 -0.82400 0.88500 -0.82400 0.33600 2.28900 1.26100 1.54600 1.91200 0.37600 2.83800 4.79100
55.00000 2.78700 -2.26800 -3.38700 -0.74300 1.25100 0.15300 0.39700 -0.82400 0.33600 2.77700 1.26100 1.54600 1.91200 0.86500 3.32600 5.76800
56.00000 0.34600 -1.78000 -3.87600 -1.71900 0.76300 1.12900 -1.06800 -1.31200 0.33600 1.80100 1.26100 1.54600 2.40100 0.37600 3.81500 6.25600
57.00000 -2.09600 -0.80400 -3.87600 -2.20700 0.76300 2.10600 -2.04500 -1.80100 0.33600 1.31200 1.26100 1.54600 2.40100 0.37600 4.30300 6.74400
58.00000 -2.58400 1.14900 -2.41100 -2.20700 1.25100 1.61700 -1.55600 -2.28900 0.33600 2.28900 1.26100 1.05800 2.40100 -0.11200 4.79100 6.74400
59.00000 -2.58400 3.10300 -1.43400 -2.20700 1.74000 1.12900 -0.58000 -2.77700 0.82400 4.24200 2.23800 1.05800 2.40100 0.86500 5.28000 7.72100
60.00000 -2.09600 3.59100 -1.43400 -2.20700 2.22800 0.64100 0.39700 -3.26500 0.82400 5.21900 3.21500 1.54600 2.40100 1.84100 5.76800 8.20900
61.00000 -2.09600 2.61400 -1.92300 -2.20700 2.71600 0.64100 1.37300 -3.26500 1.31200 5.21900 4.19100 2.52300 2.88900 3.30600 6.74400 9.18600
62.00000 -2.58400 1.14900 -2.89900 -2.20700 2.22800 1.12900 1.86200 -2.77700 0.82400 3.26500 5.16800 3.49900 2.88900 3.79400 7.72100 10.16200
63.00000 -2.09600 -1.29200 -2.89900 -2.20700 1.25100 1.61700 1.86200 -1.80100 0.33600 2.28900 6.63200 3.98800 3.86600 4.28300 8.69800 11.13900
64.00000 -1.60700 -2.75700 -2.41100 -1.71900 0.76300 2.10600 2.35000 -1.31200 0.33600 2.77700 7.12100 4.47600 5.33000 5.25900 9.67400 12.11500
65.00000 0.83400 -3.73300 -1.92300 -1.23100 1.25100 2.10600 2.83800 -1.31200 0.82400 5.70700 8.58600 4.96400 6.79500 6.23600 11.13900 13.09200
66.00000 2.78700 -3.73300 -1.43400 -1.23100 1.74000 1.61700 3.32600 -1.31200 2.28900 8.14800 9.07400 5.45200 7.77200 8.18900 12.11500 14.55700
67.00000 2.78700 -3.24500 -1.43400 -1.71900 1.74000 1.12900 3.32600 -1.80100 2.77700 9.12500 9.07400 5.94100 7.77200 9.65400 12.60400 15.53300
68.00000 1.32200 -2.26800 -1.92300 -2.20700 2.22800 0.64100 2.83800 -1.31200 2.28900 8.63600 9.07400 5.94100 7.77200 10.63000 12.60400 15.53300
69.00000 -1.60700 -1.29200 -2.41100 -2.69600 1.74000 0.64100 1.86200 -1.31200 1.80100 6.68300 8.58600 5.94100 7.28400 10.14200 11.62700 15.04500
70.00000 -4.04900 -0.31500 -2.89900 -2.69600 1.25100 1.12900 0.88500 -0.82400 1.31200 5.70700 8.09700 5.45200 6.30700 8.67700 10.65100 13.09200
71.00000 -4.53700 0.17300 -2.89900 -2.69600 0.76300 1.12900 0.39700 -0.82400 1.31200 5.70700 7.60900 5.45200 5.81900 7.21200 9.67400 12.11500
72.00000 -4.04900 -0.31500 -3.38700 -2.20700 0.27500 1.12900 0.88500 -0.82400 1.31200 6.68300 7.60900 5.45200 5.33000 5.74700 9.67400 11.13900
73.00000 -2.58400 -1.29200 -2.89900 -1.23100 0.27500 0.15300 1.86200 -0.82400 0.82400 7.17200 8.09700 5.94100 5.81900 5.25900 10.16200 11.13900
74.00000 -2.09600 -2.75700 -1.92300 -0.74300 -0.21400 -0.82400 3.32600 -0.33600 0.82400 6.68300 8.09700 5.94100 5.81900 4.77100 10.65100 11.62700
75.00000 -2.09600 -3.24500 -0.94600 -0.74300 -0.21400 -1.80100 4.30300 0.15300 0.33600 4.73000 8.09700 6.42900 5.81900 5.25900 10.65100 12.11500
76.00000 -2.58400 -3.24500 0.03100 -1.23100 -0.70200 -1.31200 3.81500 0.15300 0.33600 3.26500 8.09700 6.42900 6.30700 5.74700 10.16200 12.11500
77.00000 -3.07200 -2.75700 0.03100 -2.20700 -0.70200 -0.82400 2.83800 0.15300 0.82400 2.77700 7.12100 5.45200 6.30700 5.74700 8.69800 11.62700
78.00000 -2.58400 -2.26800 -1.43400 -2.69600 -0.21400 0.15300 0.88500 -0.82400 1.31200 3.26500 6.14400 4.47600 5.81900 6.23600 6.74400 10.65100
79.00000 -2.09600 -2.26800 -3.38700 -3.18400 0.27500 -0.33600 -0.58000 -1.80100 1.80100 3.75400 4.19100 3.01100 5.33000 5.25900 5.28000 9.67400
80.00000 -2.09600 -2.26800 -3.87600 -2.20700 1.74000 -0.33600 -1.55600 -2.28900 1.80100 4.24200 2.72600 2.03500 4.35400 4.77100 3.81500 8.69800
81.00000 -2.09600 -2.75700 -3.38700 -0.74300 3.20400 -0.82400 -1.55600 -1.80100 1.80100 3.75400 2.23800 2.03500 3.86600 3.79400 2.83800 8.20900
82.00000 -1.60700 -2.75700 -1.92300 0.72200 4.18100 -1.31200 -0.09200 -1.31200 1.80100 3.26500 2.23800 2.03500 3.37700 3.79400 2.83800 7.72100
83.00000 -0.14200 -2.26800 0.03100 1.21100 4.18100 -0.82400 1.37300 -0.33600 1.80100 3.26500 3.21500 3.01100 4.35400 4.28300 3.32600 8.69800
84.00000 1.81100 -1.29200 1.00700 0.72200 3.20400 0.64100 2.83800 -0.33600 1.80100 3.75400 4.67900 3.98800 5.33000 5.25900 4.30300 10.16200
85.00000 2.29900 0.66100 1.00700 -0.25400 2.71600 2.10600 3.32600 -0.33600 1.80100 4.24200 5.16800 3.98800 5.81900 6.23600 5.28000 10.65100
86.00000 2.29900 2.12600 0.51900 -0.25400 1.74000 3.08200 2.83800 -0.82400 1.80100 4.73000 5.16800 3.49900 5.81900 6.23600 4.79100 10.16200
87.00000 0.83400 2.61400 -0.45800 -0.25400 1.74000 3.08200 1.86200 -0.82400 1.80100 4.24200 4.19100 2.52300 4.35400 4.77100 3.81500 9.18600
88.00000 -0.63100 1.63800 -0.94600 0.23400 2.71600 1.12900 0.39700 -0.82400 1.80100 2.77700 2.72600 1.54600 2.88900 3.30600 2.83800 7.23300
89.00000 -1.60700 -0.31500 -1.92300 0.72200 2.71600 -1.31200 -0.09200 -0.82400 1.31200 1.80100 2.23800 1.05800 1.91200 1.84100 1.86200 6.74400
90.00000 -1.60700 -2.26800 -2.41100 0.72200 1.74000 -3.26500 0.88500 -0.82400 0.82400 1.31200 2.72600 1.54600 2.40100 2.33000 2.35000 7.23300
91.00000 -0.63100 -2.26800 -2.89900 0.23400 0.76300 -3.75400 1.37300 -0.82400 0.33600 1.80100 3.21500 2.03500 2.88900 3.30600 3.32600 8.20900
92.00000 -0.14200 -0.80400 -2.89900 -0.25400 -0.21400 -3.26500 1.86200 -1.31200 -0.15300 2.28900 3.21500 2.03500 3.37700 3.79400 3.81500 8.69800
93.00000 -0.14200 -0.31500 -2.89900 -0.74300 -0.21400 -2.28900 0.39700 -1.31200 -0.15300 2.77700 2.72600 1.54600 3.37700 3.79400 3.81500 8.69800
94.00000 -1.11900 -1.78000 -3.38700 -0.74300 0.76300 -2.28900 -1.55600 -1.80100 -0.15300 2.28900 1.75000 0.57000 2.88900 2.81800 3.32600 7.23300
95.00000 -1.60700 -5.19800 -3.87600 -0.74300 1.25100 -3.26500 -3.02100 -1.80100 0.33600 0.82400 1.75000 0.57000 2.40100 1.35300 3.32600 6.74400
96.00000 -2.09600 -7.64000 -4.85200 -1.23100 0.76300 -4.73000 -3.02100 -1.80100 -0.15300 -0.15300 2.72600 2.03500 2.40100 0.37600 4.79100 6.74400
97.00000 -3.07200 -6.66300 -5.34100 -1.71900 -0.21400 -5.70700 -1.55600 -1.31200 -0.64100 -0.64100 4.67900 3.49900 2.88900 0.37600 6.25600 8.20900
98.00000 -4.04900 -3.24500 -5.82900 -2.20700 -1.19000 -4.73000 0.39700 -0.82400 -0.64100 -0.64100 6.63200 4.47600 3.86600 1.35300 7.72100 9.67400
99.00000 -6.00200 0.17300 -6.31700 -2.20700 -1.67800 -3.75400 1.37300 -0.82400 -0.64100 -0.15300 7.12100 4.96400 4.35400 1.84100 8.20900 10.65100
100.00000 -7.46700 -0.31500 -5.82900 -2.20700 -1.19000 -2.77700 0.88500 -0.82400 0.33600 -0.15300 6.63200 4.47600 3.86600 2.33000 7.72100 10.65100
101.00000 -7.46700 -5.68600 -5.82900 -2.20700 -0.70200 -3.26500 -1.06800 -1.80100 0.82400 0.33600 5.65600 3.49900 4.35400 2.33000 7.23300 10.16200
102.00000 -6.49000 -13.01100 -5.34100 -2.69600 -0.70200 -4.73000 -2.04500 -1.80100 1.31200 0.82400 5.16800 3.98800 4.35400 2.81800 7.72100 10.65100
103.00000 -4.04900 -16.42900 -4.85200 -3.18400 -1.19000 -7.17200 -1.55600 -1.80100 0.82400 1.31200 5.16800 4.47600 4.84200 3.79400 8.20900 11.13900
104.00000 -3.07200 -13.98700 -4.36400 -3.67200 -2.65500 -8.63600 -1.06800 -1.80100 0.33600 1.80100 5.65600 5.45200 5.33000 3.79400 8.69800 11.62700
105.00000 -4.53700 -7.15100 -4.36400 -3.18400 -3.63200 -9.12500 0.39700 -0.33600 -0.15300 -0.15300 6.63200 5.94100 4.35400 3.30600 8.69800 11.13900
106.00000 -7.46700 -1.78000 -5.34100 -2.69600 -4.12000 -8.63600 0.39700 0.15300 -1.12900 -3.08200 6.14400 5.45200 2.88900 1.35300 7.72100 10.16200
107.00000 -10.39600 -2.26800 -6.80500 -1.71900 -3.63200 -8.14800 -1.55600 1.12900 -1.12900 -6.98900 5.16800 5.45200 1.91200 -0.60000 6.74400 8.69800
108.00000 -12.34900 -9.10400 -8.27000 -1.71900 -3.63200 -9.12500 -3.51000 1.12900 -1.61700 -9.43000 4.67900 4.96400 1.91200 -2.55300 6.25600 7.72100
109.00000 -12.34900 -16.91700 -8.27000 -2.20700 -4.12000 -11.56600 -4.48600 1.61700 -2.10600 -9.91800 5.65600 5.94100 2.40100 -2.55300 7.23300 8.20900
110.00000 -10.39600 -21.80000 -7.29400 -3.67200 -6.07300 -14.00800 -3.02100 1.12900 -2.59400 -7.96500 7.12100 6.91700 3.37700 -1.08800 9.67400 10.16200
111.00000 -9.90800 -20.82300 -6.31700 -5.13700 -8.51400 -16.44900 -0.09200 0.64100 -3.08200 -6.01200 9.56200 8.38200 5.33000 1.35300 11.62700 13.09200
112.00000 -10.88500 -15.94000 -6.31700 -6.11400 -9.49100 -16.93700 2.83800 0.15300 -3.08200 -4.05900 12.00400 9.84700 6.79500 3.30600 14.06900 15.04500
113.00000 -13.32600 -11.54600 -8.27000 -7.09000 -9.97900 -16.44900 4.79100 -0.33600 -2.10600 -3.57100 12.98000 10.82400 7.28400 4.28300 15.04500 16.02200
114.00000 -15.76700 -10.08100 -10.71200 -7.57900 -9.00300 -14.00800 4.30300 -0.33600 -1.12900 -4.05900 12.49200 10.82400 6.79500 4.28300 15.04500 16.02200
115.00000 -17.23200 -12.52200 -12.17700 -8.06700 -7.53800 -12.54300 1.86200 -0.33600 -0.64100 -4.54700 11.02700 9.84700 6.79500 4.28300 14.06900 15.04500
116.00000 -16.25600 -16.42900 -12.17700 -8.06700 -6.56100 -12.05400 -1.55600 0.15300 -0.64100 -4.05900 9.07400 8.87000 5.81900 3.79400 12.60400 14.06900
117.00000 -14.30300 -19.35800 -11.20000 -7.57900 -6.56100 -13.03100 -3.51000 0.15300 -1.12900 -4.05900 8.09700 8.87000 5.33000 3.30600 11.62700 13.58000
118.00000 -12.34900 -19.35800 -9.73500 -7.09000 -7.53800 -14.98400 -3.99800 0.64100 -2.10600 -5.03500 8.09700 8.38200 4.84200 3.79400 11.13900 13.58000
119.00000 -11.86100 -17.89300 -9.24700 -6.11400 -8.51400 -16.44900 -3.02100 0.64100 -2.59400 -6.98900 9.07400 8.38200 4.84200 3.79400 11.13900 14.06900
120.00000 -12.34900 -16.91700 -10.22300 -6.11400 -9.00300 -15.96100 -1.06800 0.64100 -2.59400 -8.45300 10.05000 8.87000 5.33000 4.28300 11.62700 14.55700
121.00000 -14.30300 -16.42900 -10.71200 -6.11400 -9.49100 -15.47200 1.37300 0.15300 -1.61700 -8.94200 10.05000 8.87000 6.30700 4.28300 11.62700 15.04500
122.00000 -15.76700 -16.42900 -10.22300 -6.11400 -9.49100 -14.98400 3.81500 0.15300 -1.12900 -7.47700 9.56200 8.87000 6.79500 4.77100 11.13900 15.04500
123.00000 -17.23200 -16.42900 -9.24700 -6.11400 -9.97900 -15.47200 4.79100 0.15300 -1.12900 -5.52400 9.56200 8.38200 6.79500 5.25900 11.13900 15.53300
124.00000 -17.23200 -15.94000 -7.29400 -5.62500 -9.49100 -16.93700 4.30300 0.15300 -1.12900 -3.57100 10.05000 7.89400 6.30700 5.25900 11.13900 15.53300
125.00000 -16.74400 -15.45200 -6.80500 -5.62500 -9.49100 -17.42600 2.83800 0.15300 -2.10600 -3.08200 10.05000 7.89400 6.30700 5.25900 11.62700 15.04500
126.00000 -15.76700 -16.91700 -7.78200 -5.62500 -9.00300 -17.42600 0.88500 -0.33600 -2.10600 -3.08200 9.56200 7.89400 5.81900 4.28300 11.62700 14.06900
127.00000 -15.27900 -19.84700 -9.73500 -6.60200 -8.02600 -16.44900 -0.58000 -0.82400 -1.61700 -4.05900 9.07400 7.40600 5.33000 3.30600 10.65100 12.60400
128.00000 -14.30300 -23.26500 -11.68800 -7.09000 -7.53800 -15.47200 -1.55600 -0.33600 -1.61700 -4.05900 7.60900 6.91700 4.84200 2.33000 9.18600 11.62700
129.00000 -13.32600 -24.24100 -12.17700 -7.09000 -8.02600 -14.98400 -1.06800 -0.33600 -1.12900 -3.57100 7.12100 6.91700 4.35400 2.33000 8.20900 11.13900
130.00000 -12.34900 -21.80000 -10.71200 -7.09000 -8.51400 -14.98400 -0.09200 0.15300 -1.61700 -2.59400 7.12100 6.91700 4.35400 2.81800 7.72100 11.62700
131.00000 -11.86100 -15.94000 -8.75900 -6.11400 -9.00300 -14.98400 0.88500 0.64100 -1.61700 -2.59400 7.60900 7.40600 4.35400 3.30600 7.72100 12.11500
132.00000 -11.86100 -10.08100 -7.29400 -5.62500 -9.00300 -14.00800 1.37300 1.12900 -1.61700 -2.59400 8.09700 7.40600 2.88900 3.30600 8.20900 12.11500
133.00000 -12.83800 -8.12800 -7.29400 -5.62500 -9.00300 -13.51900 1.37300 1.12900 -1.12900 -2.59400 8.58600 7.40600 4.84200 2.81800 7.72100 11.62700
134.00000 -13.81400 -10.56900 -8.75900 -6.11400 -9.00300 -13.03100 2.35000 1.12900 -1.12900 -2.59400 9.07400 7.40600 4.84200 2.33000 7.72100 11.62700
135.00000 -15.27900 -16.42900 -10.22300 -7.09000 -9.49100 -14.00800 2.83800 1.12900 -1.61700 -2.59400 9.07400 7.89400 4.35400 1.84100 7.72100 11.13900
136.00000 -15.76700 -21.31100 -10.71200 -7.09000 -9.49100 -14.98400 3.81500 1.12900 -1.61700 -2.10600 9.56200 7.89400 4.35400 1.35300 7.72100 10.65100
137.00000 -15.27900 -22.77600 -10.22300 -6.60200 -9.00300 -14.98400 4.30300 1.12900 -2.10600 -2.10600 9.07400 7.40600 3.86600 0.86500 7.23300 10.16200
138.00000 -14.30300 -19.35800 -9.24700 -5.62500 -8.02600 -14.49600 3.32600 0.64100 -2.10600 -2.10600 8.09700 6.42900 3.37700 -0.11200 6.25600 9.18600
139.00000 -12.83800 -14.47600 -8.27000 -4.64900 -6.07300 -13.03100 2.35000 0.15300 -1.12900 -2.59400 6.63200 5.45200 2.40100 -1.08800 5.28000 7.72100
140.00000 -10.88500 -11.05800 -8.27000 -3.67200 -5.09600 -12.05400 0.88500 0.64100 -1.12900 -2.59400 5.16800 4.47600 1.91200 -2.06500 3.81500 6.74400
141.00000 -10.39600 -10.08100 -8.75900 -2.69600 -4.60800 -12.05400 0.39700 0.64100 -1.12900 -2.10600 4.19100 3.98800 0.93600 -3.04200 3.32600 6.25600
142.00000 -9.90800 -12.03400 -8.75900 -2.69600 -4.60800 -13.03100 0.39700 0.64100 -2.10600 -1.61700 4.19100 3.98800 0.44800 -3.04200 3.32600 6.25600
143.00000 -9.42000 -13.98700 -8.75900 -2.69600 -5.09600 -14.00800 0.88500 0.15300 -2.10600 -1.61700 4.67900 3.98800 0.44800 -2.55300 4.30300 6.74400
144.00000 -8.44300 -14.47600 -8.75900 -3.18400 -5.09600 -14.49600 1.37300 -0.82400 -1.61700 -1.61700 4.67900 3.98800 1.42400 -1.08800 4.79100 7.72100
145.00000 -7.46700 -13.49900 -8.75900 -4.16100 -4.60800 -13.51900 0.88500 -1.80100 -0.64100 -1.61700 3.70300 3.01100 2.40100 -0.11200 4.30300 8.20900
146.00000 -7.46700 -12.52200 -9.73500 -5.13700 -4.12000 -12.54300 -0.09200 -1.80100 0.33600 -2.10600 2.23800 2.03500 3.37700 0.86500 3.81500 8.69800
147.00000 -8.93100 -12.03400 -10.22300 -5.13700 -4.60800 -11.56600 -1.06800 -1.80100 0.33600 -3.08200 0.77300 1.54600 3.37700 1.35300 3.32600 9.18600
148.00000 -10.39600 -12.03400 -10.22300 -5.13700 -5.58500 -12.05400 -2.04500 -1.80100 -0.15300 -3.57100 0.28500 1.05800 3.86600 1.84100 2.83800 9.67400
149.00000 -11.86100 -12.52200 -9.24700 -5.13700 -6.07300 -12.54300 -3.02100 -1.80100 -0.64100 -3.57100 -0.20300 1.05800 3.86600 2.33000 3.32600 10.16200
150.00000 -12.83800 -12.52200 -9.24700 -5.13700 -7.05000 -13.03100 -3.51000 -2.28900 -0.64100 -3.08200 0.28500 1.54600 4.35400 2.33000 3.81500 10.16200
151.00000 -12.83800 -12.52200 -9.73500 -5.62500 -6.56100 -13.51900 -3.51000 -2.28900 -0.15300 -2.10600 1.26100 2.03500 4.84200 3.30600 4.30300 10.65100
152.00000 -12.34900 -12.52200 -10.22300 -6.60200 -6.07300 -13.51900 -3.02100 -1.80100 0.33600 -1.12900 1.75000 3.01100 5.33000 3.79400 4.79100 11.13900
153.00000 -11.86100 -13.49900 -10.71200 -6.60200 -5.58500 -13.51900 -2.04500 -1.31200 0.82400 -0.64100 2.72600 3.49900 5.33000 4.28300 4.79100 11.13900
154.00000 -11.37300 -13.49900 -10.22300 -6.60200 -5.58500 -13.51900 -1.06800 -0.82400 0.33600 -0.15300 2.72600 3.98800 4.84200 3.79400 4.79100 10.65100
155.00000 -11.37300 -13.49900 -9.24700 -6.11400 -5.58500 -13.51900 -0.09200 -0.33600 -0.15300 -1.12900 2.72600 3.49900 3.86600 2.81800 4.30300 10.16200
156.00000 -11.37300 -12.52200 -8.27000 -5.13700 -6.07300 -13.51900 0.88500 -0.33600 -1.12900 -2.10600 2.72600 3.01100 2.88900 1.35300 3.81500 9.67400
157.00000 -11.37300 -12.03400 -7.78200 -4.64900 -6.56100 -14.00800 1.86200 0.15300 -1.61700 -3.08200 3.21500 3.49900 2.88900 -0.11200 4.79100 9.67400
158.00000 -11.86100 -13.01100 -8.27000 -4.16100 -7.53800 -14.98400 2.83800 0.64100 -2.10600 -5.03500 6.14400 4.96400 2.88900 -0.60000 6.74400 11.62700
159.00000 -11.86100 -16.91700 -9.73500 -4.16100 -8.51400 -17.42600 4.79100 1.61700 -3.08200 -6.98900 10.05000 7.40600 3.37700 0.37600 10.65100 14.06900
160.00000 -11.86100 -21.31100 -10.71200 -4.64900 -9.49100 -19.37900 6.25600 1.61700 -3.57100 -8.45300 14.44500 9.84700 3.86600 1.35300 15.04500 16.99800
161.00000 -10.88500 -24.24100 -10.71200 -6.11400 -10.46800 -21.33200 6.74400 1.61700 -3.57100 -9.43000 17.37500 11.31200 4.84200 2.81800 17.97500 18.95100
162.00000 -9.42000 -22.77600 -9.73500 -6.60200 -10.95600 -21.82000 6.25600 0.64100 -2.59400 -8.94200 17.37500 11.31200 4.84200 3.79400 18.46300 19.44000
163.00000 -8.44300 -17.40500 -7.78200 -6.60200 -9.97900 -19.86700 5.28000 0.15300 -1.61700 -6.98900 15.42200 9.35900 4.35400 3.30600 15.53300 17.48700
164.00000 -7.46700 -9.59300 -5.34100 -5.62500 -8.51400 -15.47200 3.32600 -0.33600 -0.15300 -4.05900 11.02700 6.42900 3.37700 2.33000 10.65100 14.06900
165.00000 -6.49000 -3.24500 -4.36400 -4.16100 -5.58500 -10.10100 1.86200 0.15300 0.33600 -1.12900 6.14400 3.49900 2.40100 1.35300 5.76800 10.65100
166.00000 -6.00200 -0.31500 -4.36400 -2.69600 -2.65500 -5.70700 0.88500 -0.33600 0.82400 0.82400 2.72600 1.54600 2.40100 0.37600 2.83800 8.69800
167.00000 -5.51400 -1.78000 -5.34100 -2.69600 -1.19000 -2.77700 0.39700 -1.31200 1.31200 2.77700 0.77300 1.05800 2.88900 0.37600 1.37300 8.20900
168.00000 -4.53700 -5.19800 -5.82900 -3.18400 -0.21400 -2.28900 0.39700 -1.80100 2.28900 4.24200 0.77300 1.05800 3.86600 1.84100 2.35000 9.67400
169.00000 -4.04900 -8.12800 -5.82900 -4.64900 -1.19000 -3.26500 0.88500 -2.28900 2.77700 5.70700 2.23800 2.52300 5.33000 3.30600 4.30300 11.13900
170.00000 -3.56000 -9.10400 -4.85200 -5.13700 -2.65500 -3.75400 1.86200 -1.31200 2.77700 6.68300 4.19100 3.49900 5.81900 4.28300 5.76800 12.60400
171.00000 -4.04900 -7.64000 -3.87600 -5.13700 -3.63200 -3.75400 3.81500 -0.82400 1.80100 5.70700 5.16800 3.49900 4.84200 3.79400 6.25600 12.60400
172.00000 -4.04900 -4.71000 -3.38700 -5.13700 -4.12000 -3.26500 5.28000 -0.33600 0.33600 3.75400 5.65600 3.01100 2.88900 2.33000 5.28000 11.13900
173.00000 -4.04900 -1.78000 -3.38700 -4.16100 -3.63200 -2.77700 5.76800 -0.33600 -0.64100 1.31200 4.67900 2.03500 1.42400 0.37600 3.81500 9.67400
174.00000 -4.04900 0.17300 -3.87600 -3.18400 -3.14300 -2.77700 4.30300 -0.82400 -0.64100 -0.64100 3.21500 1.54600 0.93600 -0.60000 2.83800 8.69800
175.00000 -5.02500 -0.31500 -5.34100 -3.67200 -2.16700 -3.26500 1.86200 -1.31200 -0.15300 -1.12900 2.23800 1.05800 1.91200 -0.60000 2.83800 8.69800
176.00000 -6.97800 -2.75700 -7.29400 -4.16100 -2.65500 -5.21900 -0.58000 -1.80100 0.33600 -0.64100 1.26100 1.54600 2.88900 0.37600 3.32600 9.18600
177.00000 -8.44300 -7.15100 -9.24700 -5.62500 -3.14300 -6.68300 -2.53300 -1.80100 0.82400 0.82400 0.77300 2.03500 3.37700 1.35300 3.81500 10.16200
178.00000 -9.90800 -10.08100 -11.20000 -6.60200 -3.63200 -7.17200 -3.02100 -1.80100 1.31200 1.31200 1.26100 2.03500 3.37700 1.35300 3.81500 9.67400
179.00000 -9.90800 -11.05800 -11.68800 -7.09000 -4.12000 -6.68300 -2.53300 -1.80100 1.31200 1.31200 1.26100 2.03500 3.37700 0.86500 3.32600 9.18600
180.00000 -8.44300 -9.10400 -11.20000 -6.60200 -3.63200 -5.70700 -1.55600 -2.28900 0.82400 0.33600 1.26100 2.03500 2.88900 0.86500 2.83800 8.69800
181.00000 -6.49000 -6.17500 -9.24700 -6.11400 -3.63200 -4.24200 -0.58000 -2.28900 0.82400 -0.15300 1.26100 2.03500 2.88900 0.86500 2.83800 8.69800
182.00000 -5.51400 -4.22200 -6.80500 -5.13700 -2.65500 -3.75400 -0.09200 -1.80100 0.82400 -0.15300 1.75000 2.03500 2.88900 1.84100 2.83800 9.18600
183.00000 -5.51400 -4.71000 -5.82900 -5.13700 -2.16700 -3.75400 -0.09200 -1.80100 0.82400 0.82400 1.75000 2.03500 3.37700 2.33000 2.83800 9.67400
184.00000 -6.49000 -5.68600 -5.82900 -4.64900 -2.16700 -4.24200 -0.09200 -1.80100 0.82400 2.28900 1.26100 1.54600 2.88900 2.81800 2.83800 10.65100
185.00000 -6.49000 -6.66300 -6.31700 -5.13700 -2.16700 -5.21900 -0.09200 -2.28900 0.82400 2.77700 1.75000 1.54600 3.37700 2.81800 3.32600 11.13900
186.00000 -5.51400 -5.68600 -6.31700 -5.13700 -3.14300 -5.70700 -0.09200 -2.77700 0.82400 3.26500 1.75000 1.54600 3.37700 2.81800 4.30300 11.62700
187.00000 -2.58400 -2.75700 -5.82900 -4.64900 -3.63200 -5.21900 0.39700 -2.28900 0.82400 3.26500 1.75000 2.03500 3.86600 2.81800 4.79100 12.11500
188.00000 0.34600 -0.31500 -4.85200 -4.16100 -4.12000 -4.24200 0.39700 -1.80100 0.33600 2.77700 1.75000 2.03500 3.86600 2.33000 4.79100 11.62700
189.00000 1.81100 0.66100 -3.87600 -3.67200 -3.63200 -4.24200 0.39700 -1.31200 0.33600 2.77700 1.26100 1.54600 3.37700 1.84100 3.81500 10.16200
190.00000 1.32200 -1.29200 -4.36400 -2.69600 -3.14300 -4.73000 0.88500 -0.82400 -0.15300 2.77700 1.26100 1.05800 2.40100 0.86500 2.35000 8.20900
191.00000 -0.63100 -3.73300 -5.34100 -2.69600 -2.65500 -5.70700 0.88500 -1.31200 -0.64100 2.77700 1.26100 1.05800 0.93600 -0.11200 1.37300 7.23300
192.00000 -2.58400 -5.19800 -5.82900 -2.69600 -3.14300 -7.17200 1.37300 -1.80100 -1.12900 0.82400 1.75000 1.54600 0.93600 -1.08800 2.35000 7.72100
193.00000 -4.04900 -5.19800 -6.31700 -2.69600 -3.63200 -8.63600 0.88500 -1.80100 -1.61700 -1.12900 2.72600 2.03500 1.91200 -1.08800 3.81500 9.18600
194.00000 -4.53700 -3.73300 -6.31700 -3.67200 -4.60800 -9.61300 1.37300 -1.80100 -1.61700 -2.59400 3.70300 3.01100 2.40100 -0.60000 5.76800 11.13900
195.00000 -4.53700 -3.24500 -7.29400 -5.13700 -5.09600 -10.10100 -0.09200 -2.28900 -1.12900 -3.08200 4.19100 3.49900 3.37700 0.86500 6.25600 12.60400
196.00000 -4.53700 -4.71000 -8.27000 -6.60200 -5.09600 -10.10100 -0.58000 -2.77700 -0.15300 -2.10600 4.19100 3.01100 4.35400 2.33000 6.25600 13.58000
197.00000 -4.04900 -6.66300 -8.75900 -7.57900 -4.60800 -9.61300 -1.06800 -2.77700 0.82400 -0.64100 3.70300 3.01100 5.33000 3.30600 6.74400 14.06900
198.00000 -3.56000 -8.12800 -8.75900 -7.57900 -4.60800 -8.63600 -1.06800 -3.26500 0.82400 0.82400 4.19100 3.01100 5.81900 3.79400 7.23300 14.55700
199.00000 -3.56000 -8.61600 -7.29400 -7.09000 -5.58500 -8.14800 -1.55600 -2.77700 0.33600 0.82400 4.67900 3.98800 5.81900 3.79400 7.72100 14.55700
200.00000 -3.56000 -8.12800 -5.82900 -6.11400 -7.05000 -7.66000 -1.06800 -2.28900 -0.64100 -0.15300 5.16800 4.96400 4.84200 2.81800 8.20900 14.55700
201.00000 -4.53700 -7.64000 -4.36400 -5.13700 -7.53800 -7.66000 -1.06800 -1.80100 -1.61700 -1.61700 6.14400 4.96400 3.86600 1.84100 8.20900 13.58000
202.00000 -6.49000 -8.12800 -4.85200 -5.13700 -7.05000 -8.63600 -0.09200 -1.31200 -1.12900 -2.59400 6.14400 4.96400 3.37700 0.86500 7.23300 12.60400
203.00000 -7.95500 -9.10400 -6.31700 -5.13700 -6.07300 -10.10100 0.88500 -1.31200 -0.64100 -2.59400 6.63200 4.47600 2.40100 -0.11200 6.74400 11.13900
204.00000 -7.95500 -9.59300 -7.78200 -5.13700 -5.58500 -11.07800 1.37300 -1.31200 -0.64100 -2.59400 6.14400 3.98800 1.91200 -0.60000 6.74400 10.65100
205.00000 -6.00200 -8.12800 -8.75900 -5.13700 -5.58500 -12.05400 0.88500 -1.80100 -1.12900 -2.59400 5.16800 3.98800 1.91200 -1.08800 6.74400 10.65100
206.00000 -4.53700 -7.15100 -8.27000 -5.13700 -7.05000 -12.05400 -0.58000 -1.80100 -2.59400 -3.08200 3.70300 3.49900 1.42400 -1.08800 6.25600 10.65100
207.00000 -4.53700 -7.15100 -8.27000 -5.62500 -8.02600 -10.59000 -2.53300 -1.31200 -3.57100 -2.59400 2.23800 3.01100 1.42400 -0.60000 5.28000 10.65100
208.00000 -6.00200 -10.08100 -8.27000 -6.11400 -8.51400 -10.10100 -3.51000 -1.80100 -3.57100 -2.59400 0.28500 2.03500 1.42400 -1.08800 3.81500 10.65100
209.00000 -8.93100 -14.47600 -8.75900 -7.09000 -8.51400 -10.10100 -3.51000 -2.28900 -3.57100 -3.08200 0.28500 2.03500 1.42400 -1.57700 3.32600 10.16200
210.00000 -11.37300 -17.89300 -9.24700 -7.09000 -7.53800 -12.05400 -3.02100 -2.28900 -3.08200 -5.03500 1.26100 2.03500 0.93600 -3.04200 3.32600 9.67400
211.00000 -11.37300 -18.38200 -8.75900 -6.60200 -7.53800 -14.00800 -1.06800 -1.80100 -3.57100 -7.96500 3.21500 3.01100 0.44800 -4.50600 4.79100 9.18600
212.00000 -10.39600 -14.47600 -7.78200 -6.11400 -8.02600 -15.47200 -0.09200 -1.31200 -4.54700 -10.89500 5.16800 4.47600 -0.04100 -5.48300 6.25600 9.18600
213.00000 -9.42000 -8.61600 -7.78200 -5.62500 -8.51400 -16.44900 -0.09200 -0.82400 -5.03500 -11.87100 6.14400 4.96400 -0.52900 -6.46000 7.23300 9.18600
214.00000 -9.90800 -4.71000 -8.27000 -5.62500 -9.00300 -15.47200 -0.09200 -0.82400 -5.03500 -10.89500 6.14400 4.96400 -0.04100 -6.46000 7.23300 9.18600
215.00000 -11.37300 -5.19800 -10.22300 -6.60200 -8.51400 -14.98400 -1.06800 -1.31200 -4.54700 -9.43000 5.16800 4.96400 0.44800 -5.97100 7.23300 9.67400
216.00000 -13.32600 -9.10400 -11.68800 -6.60200 -8.02600 -14.49600 -2.04500 -1.80100 -4.05900 -7.96500 4.19100 4.47600 0.44800 -5.48300 7.23300 10.16200
217.00000 -13.32600 -14.47600 -12.66500 -6.60200 -7.53800 -15.47200 -2.04500 -2.28900 -4.54700 -8.45300 4.19100 4.47600 0.44800 -4.99500 7.23300 10.65100
218.00000 -13.32600 -18.38200 -11.68800 -6.11400 -7.53800 -17.42600 -2.53300 -1.80100 -5.03500 -10.40600 4.19100 4.47600 -0.04100 -5.48300 7.72100 11.13900
219.00000 -12.34900 -18.87000 -10.22300 -5.62500 -7.53800 -18.40200 -3.02100 -1.31200 -5.52400 -12.84800 4.19100 4.96400 -0.52900 -5.97100 8.20900 11.13900
220.00000 -12.34900 -17.40500 -10.22300 -6.11400 -7.53800 -18.40200 -3.51000 -1.80100 -6.01200 -13.82400 4.19100 4.96400 -0.52900 -6.46000 7.72100 11.13900
221.00000 -12.83800 -15.45200 -11.68800 -7.09000 -7.53800 -18.40200 -3.99800 -1.80100 -5.52400 -12.84800 4.19100 4.96400 -0.04100 -6.94800 7.72100 11.13900
222.00000 -12.83800 -14.47600 -14.13000 -8.06700 -7.53800 -17.91400 -4.97400 -2.77700 -5.03500 -11.38300 4.19100 4.96400 -0.04100 -7.43600 7.23300 10.65100
223.00000 -11.86100 -14.47600 -15.59400 -8.06700 -7.53800 -17.91400 -4.97400 -2.77700 -5.03500 -9.91800 4.19100 4.96400 -0.04100 -7.92400 6.74400 10.16200
224.00000 -9.90800 -14.47600 -15.59400 -7.57900 -8.02600 -18.40200 -4.48600 -2.28900 -5.03500 -9.91800 4.67900 5.45200 -0.52900 -7.43600 6.74400 9.67400
225.00000 -9.42000 -13.49900 -14.13000 -6.11400 -7.53800 -18.40200 -3.51000 -1.80100 -5.03500 -9.91800 4.67900 4.96400 -1.01700 -7.43600 6.74400 10.16200
226.00000 -9.42000 -12.03400 -11.68800 -5.13700 -7.05000 -16.44900 -2.04500 -1.31200 -5.03500 -10.40600 5.16800 5.45200 -0.52900 -6.46000 7.23300 10.65100
227.00000 -10.88500 -10.56900 -9.24700 -5.13700 -6.56100 -14.00800 -0.58000 -1.31200 -4.54700 -10.89500 5.65600 5.45200 -0.04100 -5.48300 7.72100 11.62700
228.00000 -12.34900 -11.05800 -7.78200 -5.13700 -6.56100 -12.54300 0.39700 -1.31200 -4.54700 -10.40600 6.14400 5.45200 0.93600 -4.01800 8.20900 12.11500
229.00000 -12.34900 -12.03400 -7.78200 -4.64900 -7.05000 -13.03100 0.39700 -1.31200 -4.54700 -8.94200 7.12100 5.94100 1.91200 -3.04200 9.18600 13.09200
230.00000 -11.37300 -13.49900 -8.27000 -4.16100 -7.05000 -14.98400 0.39700 -1.31200 -5.03500 -7.47700 7.60900 6.42900 2.88900 -2.06500 10.16200 14.06900
231.00000 -9.90800 -12.52200 -8.27000 -3.67200 -7.05000 -15.96100 0.39700 -0.33600 -4.54700 -5.52400 8.58600 7.40600 3.37700 -0.60000 11.13900 15.53300
232.00000 -7.95500 -9.59300 -7.78200 -3.67200 -6.56100 -15.47200 0.88500 0.15300 -4.05900 -4.05900 8.58600 7.89400 3.86600 0.37600 11.62700 16.51000
233.00000 -6.49000 -6.66300 -7.29400 -4.64900 -6.07300 -13.51900 1.37300 -0.33600 -3.08200 -3.08200 8.58600 7.89400 4.35400 1.84100 12.11500 17.48700
234.00000 -5.51400 -5.68600 -7.29400 -5.62500 -5.58500 -10.59000 2.35000 -0.82400 -2.10600 -2.59400 9.07400 7.89400 4.84200 2.81800 12.11500 17.48700
235.00000 -5.51400 -8.12800 -7.29400 -6.60200 -5.58500 -9.61300 2.35000 -1.80100 -2.10600 -3.08200 9.07400 7.89400 4.35400 2.33000 12.11500 16.99800
236.00000 -6.00200 -13.01100 -7.78200 -6.60200 -5.09600 -10.10100 2.35000 -2.28900 -2.59400 -3.57100 9.56200 7.40600 3.86600 0.86500 12.11500 16.02200
237.00000 -6.97800 -15.94000 -7.78200 -5.62500 -5.09600 -12.05400 2.35000 -2.28900 -3.08200 -3.57100 9.07400 7.40600 2.88900 -0.60000 11.62700 14.55700
238.00000 -7.46700 -16.42900 -6.80500 -4.16100 -5.09600 -13.51900 1.86200 -1.80100 -3.08200 -3.57100 8.09700 6.91700 1.91200 -2.06500 10.65100 13.58000
239.00000 -6.97800 -13.49900 -6.31700 -3.18400 -4.60800 -13.03100 0.88500 -1.31200 -3.08200 -2.59400 7.12100 6.91700 1.42400 -2.55300 9.67400 12.60400
240.00000 -6.49000 -9.59300 -6.31700 -3.67200 -4.12000 -11.07800 0.88500 -1.80100 -2.10600 -2.10600 6.14400 5.94100 1.91200 -2.55300 8.69800 12.60400
241.00000 -5.02500 -5.68600 -6.80500 -4.16100 -3.63200 -9.12500 0.39700 -2.77700 -1.61700 -1.12900 5.65600 5.45200 2.88900 -2.06500 8.20900 12.60400
242.00000 -5.02500 -3.24500 -8.27000 -5.62500 -3.63200 -7.66000 -0.09200 -3.75400 -1.12900 -1.61700 5.16800 4.47600 3.37700 -1.08800 7.72100 13.09200
243.00000 -6.00200 -2.26800 -9.24700 -6.60200 -3.63200 -7.66000 -0.58000 -4.24200 -1.12900 -2.10600 4.67900 3.98800 3.86600 -0.11200 8.20900 13.58000
244.00000 -7.46700 -2.26800 -10.71200 -7.09000 -3.14300 -8.14800 -1.06800 -4.24200 -1.12900 -2.59400 4.19100 3.98800 4.35400 0.37600 8.20900 14.55700
245.00000 -8.93100 -3.73300 -10.71200 -6.60200 -3.14300 -8.14800 -1.55600 -4.24200 -1.61700 -2.10600 3.70300 4.47600 4.84200 1.84100 8.69800 15.53300
246.00000 -9.42000 -6.17500 -10.22300 -6.11400 -3.14300 -8.63600 -2.53300 -3.75400 -1.61700 -1.12900 3.70300 4.96400 5.33000 3.30600 9.18600 16.51000
247.00000 -9.42000 -9.59300 -9.73500 -5.62500 -3.14300 -8.63600 -3.02100 -3.26500 -1.61700 -0.15300 3.70300 4.96400 5.33000 3.79400 9.18600 17.48700
248.00000 -8.93100 -13.49900 -9.24700 -5.13700 -2.65500 -9.61300 -3.02100 -3.26500 -1.61700 -0.15300 3.70300 4.96400 4.84200 3.30600 9.67400 17.48700
249.00000 -8.93100 -15.45200 -9.73500 -4.64900 -2.65500 -10.10100 -3.02100 -3.26500 -2.10600 -1.12900 3.21500 3.98800 3.86600 1.84100 8.69800 16.51000
250.00000 -9.42000 -15.45200 -10.71200 -5.13700 -2.65500 -10.10100 -3.02100 -3.75400 -2.59400 -3.08200 2.72600 3.49900 2.40100 0.37600 7.72100 14.55700
251.00000 -9.90800 -13.49900 -11.68800 -5.13700 -2.16700 -9.61300 -2.53300 -4.24200 -3.08200 -5.03500 2.23800 3.01100 1.42400 -1.57700 6.74400 13.09200
252.00000 -8.93100 -9.59300 -12.17700 -5.62500 -2.16700 -8.14800 -2.53300 -4.24200 -3.08200 -6.01200 2.23800 3.01100 0.93600 -2.55300 5.76800 11.62700
253.00000 -6.49000 -4.22200 -11.20000 -5.62500 -2.16700 -7.17200 -2.04500 -3.75400 -3.08200 -5.03500 2.72600 3.01100 0.44800 -3.53000 6.25600 10.65100
254.00000 -3.56000 0.66100 -9.24700 -5.13700 -1.67800 -6.68300 -2.04500 -3.75400 -3.08200 -4.05900 3.21500 3.49900 0.44800 -4.50600 5.76800 9.67400
255.00000 -1.11900 2.61400 -6.31700 -4.64900 -1.19000 -6.19500 -1.55600 -3.26500 -2.59400 -2.59400 3.21500 3.01100 0.44800 -5.48300 5.76800 9.67400
256.00000 -0.63100 1.14900 -4.85200 -4.16100 -0.70200 -5.70700 -2.04500 -3.26500 -2.10600 -2.10600 2.72600 3.01100 0.44800 -5.48300 5.28000 10.16200
