1.00000 9.68400 10.92500 7.56800 6.68300 7.61900 9.06400 7.38500 4.47600 -1.22100 1.89200 9.58300 0.50900 -7.02900 -5.23900 1.08800 -14.03800
2.00000 9.68400 10.92500 6.10400 6.68300 7.61900 8.08700 6.40900 5.94100 -1.70900 -0.54900 9.58300 0.02000 -8.00600 -7.19200 5.97100 -15.01500
3.00000 9.19600 9.46000 4.15000 6.19500 6.64300 7.11100 5.43200 6.42900 -2.68600 -2.99100 7.62900 -1.44400 -9.47100 -8.65700 4.01800 -13.06200
4.00000 8.70800 8.97200 3.17400 5.70700 6.15400 6.13400 4.94400 6.42900 -2.68600 -3.96700 4.21100 -3.39800 -10.93500 -9.14500 -1.35300 -9.64400
5.00000 9.68400 9.46000 4.63900 6.19500 6.64300 6.13400 4.94400 6.42900 -2.19700 -2.99100 0.79300 -4.37400 -10.93500 -8.65700 -5.74700 -6.22600
6.00000 11.63700 11.41400 7.08000 7.66000 7.61900 7.59900 6.40900 5.94100 -1.22100 -0.54900 -0.18300 -4.86200 -9.95900 -6.70400 -7.21200 -5.24900
7.00000 13.59000 13.85500 10.49800 9.61300 9.57200 9.55200 7.38500 5.94100 0.24400 2.38000 -0.18300 -4.86200 -8.49400 -4.75100 -8.18900 -7.69000
8.00000 15.05500 15.80800 12.45100 11.07800 10.54900 11.99300 7.87400 4.96400 1.70900 4.82200 0.30500 -4.86200 -7.02900 -2.79700 -10.63000 -11.59700
9.00000 15.05500 16.78500 12.45100 11.07800 11.52500 12.97000 7.38500 3.98800 2.68600 6.28700 0.30500 -5.35100 -5.56400 -1.33300 -14.04800 -13.55000
10.00000 14.56700 15.80800 10.49800 10.10100 11.03700 12.48200 5.92000 3.01100 2.68600 5.79800 -0.18300 -5.35100 -3.12300 -0.35600 -14.04800 -11.10800
11.00000 12.12600 13.36700 8.05700 8.63600 9.57200 10.52900 4.45600 3.01100 2.68600 4.33300 -0.18300 -3.88600 -1.17000 0.13200 -6.72400 -4.76100
12.00000 10.66100 10.92500 7.08000 7.66000 7.61900 7.59900 3.96700 3.98800 2.68600 2.86900 0.30500 -1.93300 1.76000 1.59700 4.01800 1.58700
13.00000 10.17300 9.94900 7.56800 7.66000 7.13100 5.64600 4.45600 5.94100 2.68600 2.38000 2.25800 -0.95600 3.71300 3.55000 10.36600 4.51700
14.00000 11.14900 10.43700 9.03300 8.63600 7.61900 6.13400 5.92000 7.40600 3.17400 2.86900 3.72300 -1.44400 4.69000 5.99200 5.97100 2.56300
15.00000 11.63700 11.41400 10.01000 9.12500 8.59600 8.08700 6.89700 7.40600 3.66200 4.33300 3.72300 -2.42100 5.17800 7.94500 -7.21200 -2.31900
16.00000 10.17300 11.90200 9.03300 8.14800 8.59600 9.55200 7.87400 6.42900 4.15000 5.31000 3.23500 -3.39800 5.66600 9.41000 -18.44300 -4.27200
17.00000 6.75500 9.94900 6.59200 5.21900 7.13100 9.06400 7.38500 5.45200 3.66200 4.82200 4.21100 -1.44400 7.61900 9.41000 -18.93100 -2.31900
18.00000 2.36000 6.04200 4.15000 1.80100 4.69000 6.62200 6.40900 4.96400 3.17400 3.84500 6.65300 3.43800 10.06100 9.41000 -7.70100 2.56300
19.00000 -0.57000 2.13600 2.68600 -0.15300 2.24800 4.18100 5.92000 5.94100 2.68600 2.86900 9.58300 7.34500 12.01400 9.89800 7.43600 7.44600
20.00000 -1.05800 0.67100 3.17400 -0.15300 1.27200 3.69300 6.40900 6.91700 3.17400 3.35700 12.51200 11.25100 13.47900 10.87400 16.71300 9.39900
21.00000 0.89500 1.64800 3.66200 1.31200 2.24800 4.66900 7.38500 7.40600 3.66200 5.31000 13.00000 11.25100 12.99000 12.82800 16.22500 8.91100
22.00000 3.33700 4.08900 4.63900 2.28900 3.71300 7.11100 8.36200 7.40600 5.12700 6.77500 12.02400 10.27400 12.50200 13.80400 10.85400 7.93500
23.00000 3.82500 5.55400 4.63900 2.77700 4.69000 8.08700 8.36200 6.42900 5.61500 8.24000 11.53600 9.29800 11.03700 14.78100 7.92400 8.91100
24.00000 3.33700 5.55400 5.12700 2.28900 4.69000 6.62200 7.87400 6.42900 5.12700 7.75100 13.00000 9.29800 9.08400 14.29200 10.36600 10.37600
25.00000 2.36000 4.57800 6.10400 1.80100 3.22500 5.15700 8.36200 6.91700 4.63900 6.77500 16.41800 10.27400 7.61900 13.31600 15.24900 11.84100
26.00000 1.87200 3.11300 7.56800 1.80100 2.24800 3.69300 9.33800 8.87000 3.66200 5.79800 19.83600 11.25100 6.15400 12.82800 16.71300 9.88800
27.00000 2.36000 2.62500 9.03300 2.77700 1.76000 3.69300 10.80300 10.33500 3.66200 6.28700 22.76600 11.25100 4.69000 12.82800 13.29500 5.98100
28.00000 2.84800 2.62500 9.03300 3.26500 2.24800 5.15700 12.26800 11.31200 3.66200 7.26300 24.23100 12.22700 4.69000 12.82800 6.46000 0.12200
29.00000 2.84800 3.11300 8.05700 3.75400 2.24800 6.13400 12.75600 11.31200 4.15000 8.24000 24.23100 12.22700 5.17800 12.82800 -0.37600 -4.76100
30.00000 2.84800 3.60100 7.08000 4.24200 3.22500 7.11100 12.26800 11.31200 4.63900 8.24000 24.23100 12.22700 5.17800 12.33900 -4.77100 -5.73700
31.00000 2.84800 5.06600 6.59200 5.70700 4.69000 8.08700 11.29200 10.33500 4.63900 8.24000 23.25400 11.25100 4.69000 11.36300 -7.21200 -3.29600
32.00000 4.80100 7.01900 8.05700 7.17200 7.13100 10.04000 9.82700 8.87000 5.12700 8.72800 20.81300 8.80900 3.71300 10.87400 -7.70100 2.56300
33.00000 7.24300 9.94900 10.01000 8.63600 9.08400 12.48200 9.33800 6.91700 5.61500 10.19300 17.39500 6.85600 3.71300 11.36300 -4.77100 9.39900
34.00000 8.70800 11.41400 10.49800 8.63600 9.57200 13.94700 8.36200 5.45200 5.61500 11.16900 14.46500 5.88000 5.66600 12.33900 2.06500 14.28200
35.00000 7.73100 10.43700 9.52100 7.17200 8.10800 12.97000 8.36200 5.45200 4.63900 10.68100 14.46500 8.32100 8.59600 13.80400 11.34200 14.77100
36.00000 4.31300 6.04200 7.08000 4.73000 3.71300 8.08700 8.36200 6.91700 3.17400 7.75100 17.88300 13.69200 11.03700 13.31600 19.64300 11.35300
37.00000 0.40700 0.67100 5.61500 2.77700 -0.68200 1.74000 8.36200 9.84700 1.22100 2.86900 22.76600 19.06300 11.03700 8.92100 23.54900 5.98100
38.00000 -2.52300 -3.72300 5.12700 1.80100 -4.58800 -3.14300 8.85000 12.77700 -1.22100 -2.99100 25.20800 22.48100 9.08400 1.59700 24.52600 2.07500
39.00000 -3.01100 -5.18800 5.61500 1.31200 -6.05300 -5.09600 8.85000 13.26500 -2.68600 -5.92000 22.76600 21.99300 6.64300 -5.72700 24.52600 1.09900
40.00000 -1.54600 -3.72300 6.59200 0.33600 -4.10000 -3.14300 7.38500 10.33500 -2.19700 -5.43200 15.93000 18.08700 5.17800 -9.63300 23.54900 4.02800
41.00000 -0.08100 -0.30500 5.12700 -1.12900 -1.17000 0.27500 4.94400 5.94100 -0.73200 -2.01400 7.14100 11.73900 6.64300 -8.65700 19.15500 7.93500
42.00000 0.89500 2.62500 2.19700 -3.57100 0.78300 3.20400 1.52600 1.05800 1.22100 1.89200 -1.16000 5.39100 8.59600 -3.77400 9.38900 10.37600
43.00000 -0.08100 3.60100 -2.19700 -6.01200 1.76000 4.18100 -1.89200 -2.36000 2.68600 3.35700 -6.53100 0.99700 10.06100 1.10900 -3.79400 10.37600
44.00000 -1.54600 3.11300 -5.12700 -6.98900 1.27200 2.71600 -4.82200 -3.33700 2.68600 2.38000 -8.97200 -1.44400 9.57200 3.06200 -12.58300 7.44600
45.00000 -3.01100 1.16000 -6.59200 -6.98900 0.29500 0.76300 -7.26300 -3.33700 1.70900 -1.03800 -8.48400 -0.46800 8.59600 1.10900 -10.14200 5.00500
46.00000 -3.49900 -0.79300 -5.61500 -6.01200 -0.68200 -0.70200 -7.26300 -2.36000 0.73200 -2.99100 -5.55400 1.97300 8.59600 -1.33300 3.04200 5.49300
47.00000 -3.98800 -2.74700 -3.66200 -5.03500 -1.65800 -1.67800 -5.79800 -1.38300 -0.24400 -3.96700 -1.16000 5.39100 10.06100 -0.84400 17.69000 9.39900
48.00000 -3.98800 -4.70000 -1.70900 -5.03500 -3.12300 -2.16700 -2.38000 -0.40700 -0.24400 -2.50200 4.70000 9.29800 14.45500 2.57400 23.06100 16.72400
49.00000 -3.98800 -6.16500 -1.70900 -5.52400 -5.56400 -3.63200 1.52600 1.05800 -0.24400 -0.06100 9.58300 12.22700 18.36100 8.43300 17.20200 22.58300
50.00000 -5.94100 -7.62900 -3.17400 -6.98900 -8.00600 -6.07300 3.96700 2.52300 0.24400 0.91600 11.04700 14.18100 20.80300 12.82800 5.97100 23.07100
51.00000 -7.89400 -9.09400 -4.63900 -7.96500 -9.47100 -9.00300 4.94400 3.98800 -0.24400 0.42700 11.53600 14.66900 19.82600 13.31600 -2.81800 17.21200
52.00000 -9.84700 -9.58300 -6.10400 -7.96500 -9.47100 -10.46800 3.96700 4.47600 -0.24400 -1.52600 10.07100 14.18100 17.38500 10.38600 -1.84100 7.44600
53.00000 -10.82400 -9.09400 -6.10400 -7.47700 -8.00600 -10.46800 2.50200 4.47600 -0.24400 -2.99100 10.07100 15.15700 14.94300 7.45600 5.48300 1.09900
54.00000 -10.33500 -8.60600 -6.10400 -6.50000 -6.05300 -9.49100 2.99100 4.47600 -0.24400 -2.99100 13.97700 17.59800 15.43200 6.96800 15.73700 1.58700
55.00000 -8.87000 -7.14100 -6.10400 -6.98900 -5.07600 -8.02600 4.45600 4.47600 0.73200 -1.03800 20.81300 21.50500 18.36100 10.87400 23.54900 9.88800
56.00000 -7.40600 -6.65300 -7.08000 -8.45300 -4.10000 -6.07300 5.92000 4.96400 3.17400 0.91600 27.16100 25.41100 23.73300 16.24600 25.50300 19.65300
57.00000 -7.40600 -6.16500 -8.54500 -9.91800 -3.12300 -4.12000 5.92000 5.45200 5.12700 3.84500 30.57900 27.36400 27.63900 20.64000 21.59600 25.02400
58.00000 -7.89400 -6.16500 -9.52100 -11.38300 -1.65800 -1.67800 3.47900 5.45200 6.59200 5.79800 30.09000 26.87600 29.10400 22.59300 13.29500 23.07100
59.00000 -8.38200 -5.67600 -10.01000 -11.38300 0.29500 -0.21400 1.52600 5.45200 7.56800 7.75100 27.16100 24.92300 27.63900 22.10500 7.92400 16.72400
60.00000 -8.38200 -5.18800 -9.03300 -10.89500 0.78300 0.27500 0.54900 5.45200 7.08000 8.24000 26.67200 25.41100 26.17400 21.61700 9.38900 13.30600
61.00000 -8.38200 -5.18800 -8.05700 -9.91800 0.29500 -1.19000 1.52600 6.42900 5.61500 8.24000 28.62500 27.85200 26.66200 22.10500 19.64300 17.21200
62.00000 -7.89400 -5.18800 -7.56800 -9.43000 -2.14600 -3.14300 3.96700 6.91700 4.15000 6.77500 32.53200 32.24700 28.12700 23.08100 33.31500 25.51300
63.00000 -7.89400 -5.18800 -8.05700 -9.91800 -3.61100 -5.09600 5.43200 7.40600 2.68600 3.84500 35.46100 35.17700 29.59200 23.08100 42.10400 32.34900
64.00000 -7.89400 -5.67600 -9.52100 -10.40600 -4.10000 -5.09600 4.94400 7.40600 2.19700 0.91600 34.48500 35.17700 29.10400 21.12800 42.10400 32.34900
65.00000 -8.87000 -6.16500 -10.98600 -10.40600 -3.12300 -4.12000 2.99100 6.42900 2.19700 -1.03800 31.06700 32.73500 26.17400 17.71000 33.80300 25.51300
66.00000 -9.84700 -7.14100 -11.96300 -10.40600 -1.65800 -2.65500 1.03800 5.45200 2.68600 -2.01400 27.64900 29.31700 23.24400 15.26900 24.52600 17.21200
67.00000 -10.82400 -8.60600 -12.45100 -10.89500 -1.65800 -1.67800 0.06100 4.47600 2.68600 -1.03800 25.20800 26.87600 21.77900 14.78100 18.66700 12.32900
68.00000 -10.82400 -9.58300 -11.96300 -11.38300 -2.63500 -2.16700 0.06100 3.98800 2.68600 -0.54900 24.71900 26.38800 21.29100 15.75700 16.71300 11.84100
69.00000 -10.82400 -10.07100 -11.47500 -11.38300 -3.61100 -3.14300 0.54900 3.49900 2.19700 -0.06100 24.71900 26.38800 21.29100 17.22200 14.76000 13.79400
70.00000 -10.33500 -10.07100 -10.98600 -11.87100 -5.07600 -4.60800 0.54900 3.01100 1.22100 -0.54900 23.74300 24.92300 20.80300 16.73400 11.34200 14.77100
71.00000 -9.84700 -10.07100 -10.49800 -11.87100 -5.56400 -5.58500 0.54900 3.01100 0.73200 -2.01400 22.27800 23.94600 18.85000 14.78100 8.90100 13.79400
72.00000 -10.82400 -10.55900 -11.47500 -11.87100 -6.05300 -7.53800 0.06100 3.01100 -0.24400 -3.96700 21.30100 22.97000 16.89700 12.33900 10.36600 12.32900
73.00000 -12.77700 -11.53600 -12.93900 -12.84800 -6.54100 -9.97900 -0.91600 2.52300 -1.22100 -5.92000 21.30100 22.48100 15.43200 10.38600 16.71300 12.32900
74.00000 -15.21800 -13.97700 -15.38100 -13.82400 -8.00600 -12.90900 -2.38000 2.52300 -1.70900 -7.38500 21.79000 21.50500 15.43200 9.41000 24.03800 13.79400
75.00000 -17.66000 -15.93000 -17.82200 -15.77800 -9.47100 -14.86200 -3.84500 1.05800 -1.70900 -7.87400 20.81300 20.04000 14.94300 8.92100 26.96700 15.25900
76.00000 -19.12400 -17.39500 -20.26400 -17.73100 -9.47100 -14.86200 -6.28700 0.08100 -1.70900 -8.36200 17.88300 17.11000 14.94300 8.43300 23.54900 15.25900
77.00000 -19.61300 -17.39500 -22.21700 -19.19600 -8.98200 -12.42100 -8.72800 -0.89500 -0.73200 -7.38500 13.97700 14.66900 14.45500 7.45600 16.71300 14.28200
78.00000 -19.12400 -16.41800 -23.68200 -19.19600 -7.02900 -8.51400 -11.65800 -2.36000 0.24400 -5.43200 9.58300 12.22700 14.45500 6.96800 10.36600 13.30600
79.00000 -18.63600 -15.44200 -24.17000 -19.19600 -5.56400 -4.60800 -14.09900 -3.33700 1.70900 -3.47900 5.67600 10.27400 14.45500 7.45600 6.46000 11.84100
80.00000 -19.12400 -14.95400 -25.14600 -19.19600 -4.58800 -2.16700 -16.54100 -4.80100 3.66200 -1.03800 3.72300 8.80900 14.94300 8.43300 4.99500 10.37600
81.00000 -20.10100 -15.44200 -26.61100 -19.68400 -4.58800 -1.67800 -18.49400 -5.77800 4.15000 0.42700 2.25800 6.85600 14.94300 8.92100 3.04200 8.42300
82.00000 -22.05400 -17.39500 -29.05300 -20.17200 -5.56400 -2.65500 -19.95800 -6.75500 4.63900 0.91600 1.77000 5.39100 14.94300 8.92100 1.57700 6.95800
83.00000 -24.49500 -19.34800 -31.00600 -21.14900 -6.54100 -4.60800 -20.44700 -7.73100 4.15000 -0.06100 1.77000 5.39100 14.94300 9.41000 2.06500 7.44600
84.00000 -25.96000 -21.79000 -31.98200 -22.12500 -8.00600 -6.07300 -20.44700 -7.73100 4.15000 -1.03800 2.74700 6.85600 15.92000 9.89800 5.48300 11.35300
85.00000 -26.93700 -23.25400 -31.00600 -22.61400 -9.47100 -6.56100 -19.95800 -6.75500 4.15000 -1.03800 4.21100 9.29800 17.38500 10.87400 10.36600 16.72400
86.00000 -26.44900 -23.25400 -28.56400 -22.61400 -8.98200 -5.58500 -19.47000 -5.77800 5.12700 -0.54900 5.18800 10.27400 18.85000 12.82800 10.85400 20.14200
87.00000 -25.47200 -22.27800 -26.12300 -21.63700 -8.49400 -3.63200 -18.49400 -4.31300 6.10400 0.91600 4.70000 9.29800 18.85000 14.29200 3.04200 18.18800
88.00000 -24.98400 -21.30100 -24.17000 -21.14900 -7.51700 -2.65500 -18.00500 -3.82500 6.59200 1.89200 3.72300 6.85600 16.89700 13.80400 -9.16500 11.84100
89.00000 -24.49500 -20.32500 -24.17000 -21.63700 -6.54100 -2.16700 -17.51700 -4.31300 6.59200 2.38000 3.23500 4.41500 14.45500 11.85100 -18.44300 3.54000
90.00000 -24.49500 -19.83600 -25.63500 -22.12500 -6.54100 -1.67800 -16.54100 -4.80100 6.59200 2.86900 3.23500 4.41500 12.50200 9.89800 -17.95500 -1.83100
91.00000 -24.49500 -20.32500 -26.12300 -23.10200 -6.54100 -1.67800 -15.07600 -5.29000 6.10400 2.86900 4.21100 6.36800 12.50200 8.43300 -7.70100 -2.31900
92.00000 -24.49500 -19.83600 -25.14600 -23.10200 -7.02900 -0.70200 -14.09900 -4.31300 6.59200 2.86900 5.18800 9.29800 14.45500 8.43300 5.48300 0.61000
93.00000 -23.51900 -19.34800 -22.70500 -22.61400 -6.54100 0.27500 -13.12300 -2.84800 7.56800 3.35700 5.67600 10.76300 16.40800 9.41000 12.31900 4.02800
94.00000 -23.03100 -18.37200 -19.77500 -21.63700 -5.56400 1.74000 -12.14600 -1.38300 8.05700 3.84500 5.67600 10.76300 17.38500 10.38600 9.87800 6.47000
95.00000 -22.54200 -17.88300 -17.33400 -21.63700 -5.07600 1.25100 -10.68100 -0.40700 8.05700 3.84500 6.16500 10.27400 17.87300 10.87400 4.01800 6.95800
96.00000 -23.03100 -18.37200 -17.82200 -22.12500 -5.56400 -0.70200 -9.70500 0.08100 7.56800 3.84500 7.62900 10.76300 17.87300 10.87400 2.06500 8.42300
97.00000 -24.49500 -19.83600 -18.31100 -22.61400 -7.51700 -4.12000 -8.24000 0.08100 6.59200 3.84500 10.55900 12.71600 18.36100 10.87400 8.41300 10.37600
98.00000 -25.47200 -21.30100 -19.28700 -23.59000 -8.98200 -6.56100 -6.77500 0.08100 5.61500 3.84500 13.48900 15.15700 18.85000 10.87400 17.20200 12.81700
99.00000 -25.96000 -21.79000 -19.28700 -22.61400 -9.95900 -7.05000 -6.77500 0.57000 5.61500 4.33300 15.44200 16.13400 18.85000 10.38600 21.59600 13.30600
100.00000 -24.49500 -20.81300 -17.82200 -20.66000 -9.47100 -5.58500 -6.28700 1.05800 5.61500 3.84500 15.44200 15.64500 18.36100 9.89800 19.64300 12.32900
101.00000 -22.54200 -18.86000 -16.35700 -18.70700 -8.00600 -3.14300 -5.79800 1.54600 5.12700 3.35700 14.46500 15.15700 17.87300 9.89800 16.22500 11.84100
102.00000 -20.10100 -17.39500 -14.89300 -16.75400 -7.02900 -0.70200 -4.33300 2.52300 4.63900 2.38000 14.95400 16.13400 18.36100 9.89800 20.13100 14.28200
103.00000 -18.63600 -16.90700 -14.40400 -15.77800 -7.02900 -0.21400 -1.89200 3.49900 4.15000 1.40400 16.90700 19.06300 19.33800 10.38600 32.82700 20.63000
104.00000 -18.14800 -16.90700 -13.42800 -15.77800 -7.51700 -0.70200 0.06100 4.96400 4.15000 0.91600 19.34800 21.50500 20.31500 10.87400 44.05700 26.00100
105.00000 -17.17100 -16.41800 -11.47500 -14.80100 -7.51700 -0.70200 2.01400 5.94100 5.12700 1.89200 19.83600 21.01600 19.33800 10.87400 39.17400 24.53600
106.00000 -15.21800 -13.97700 -8.05700 -12.84800 -6.54100 1.25100 2.50200 6.42900 6.10400 4.33300 16.90700 16.13400 16.89700 10.87400 13.78400 14.28200
107.00000 -12.28800 -10.55900 -4.63900 -9.91800 -4.58800 3.69300 3.47900 6.42900 6.59200 6.77500 12.51200 9.29800 12.99000 10.87400 -18.93100 1.58700
108.00000 -9.35900 -7.14100 -2.19700 -7.96500 -3.12300 6.13400 3.96700 6.42900 7.08000 8.72800 10.07100 5.88000 10.54900 10.87400 -36.50900 -6.22600
109.00000 -8.87000 -7.14100 -2.19700 -7.47700 -3.12300 5.64600 4.45600 5.94100 6.10400 8.72800 11.04700 7.83300 11.03700 10.38600 -23.32600 -3.78400
110.00000 -10.82400 -9.58300 -4.15000 -8.45300 -5.07600 2.22800 4.94400 5.94100 4.63900 6.77500 15.93000 13.69200 12.99000 10.87400 11.83100 6.47000
111.00000 -13.26500 -13.00000 -6.10400 -10.40600 -7.02900 -1.67800 4.94400 5.94100 3.17400 3.84500 21.30100 18.57500 14.94300 10.38600 44.54500 16.72400
112.00000 -14.73000 -14.46500 -6.59200 -11.38300 -8.00600 -3.14300 4.94400 5.45200 3.17400 1.89200 22.27800 17.59800 13.96700 9.89800 48.45200 19.16500
113.00000 -14.24200 -13.00000 -5.61500 -10.89500 -6.05300 -0.70200 4.45600 4.96400 3.66200 1.40400 17.88300 12.22700 11.52500 9.89800 21.59600 12.81700
114.00000 -12.28800 -9.58300 -4.63900 -9.91800 -3.61100 3.69300 2.99100 3.49900 4.63900 2.86900 10.55900 4.90300 8.10800 9.89800 -14.04800 4.02800
115.00000 -10.33500 -6.65300 -4.63900 -9.91800 -1.17000 7.11100 2.01400 2.03500 5.61500 4.82200 5.18800 1.48500 7.61900 10.38600 -32.11500 1.58700
116.00000 -10.33500 -6.16500 -6.10400 -10.89500 -1.17000 7.11100 1.03800 0.57000 5.61500 5.31000 4.21100 3.43800 8.59600 10.87400 -20.88400 8.42300
117.00000 -11.80000 -7.62900 -7.08000 -12.36000 -2.63500 4.18100 -0.42700 0.08100 5.12700 4.33300 7.62900 8.32100 10.54900 10.87400 4.99500 17.70000
118.00000 -12.77700 -8.60600 -6.59200 -13.33600 -3.12300 1.74000 -0.91600 0.57000 4.63900 3.84500 11.53600 11.25100 11.03700 9.89800 21.59600 22.58300
119.00000 -12.28800 -8.60600 -4.63900 -12.36000 -2.63500 1.25100 -0.42700 1.54600 4.15000 3.35700 13.48900 10.27400 9.57200 8.43300 16.22500 17.21200
120.00000 -11.31200 -7.14100 -2.19700 -10.89500 -1.17000 3.69300 1.03800 2.03500 4.15000 4.82200 13.00000 6.85600 7.13100 6.96800 -2.81800 6.95800
121.00000 -10.33500 -5.67600 -1.70900 -9.43000 0.29500 5.64600 2.50200 3.01100 4.15000 6.28700 12.02400 4.90300 5.17800 7.45600 -15.51300 -1.34300
122.00000 -10.82400 -6.16500 -2.68600 -8.94200 -0.19300 5.15700 2.99100 3.01100 3.66200 6.77500 12.51200 6.36800 6.15400 8.43300 -9.65400 -1.34300
123.00000 -11.80000 -8.11800 -4.15000 -9.43000 -1.65800 3.20400 2.99100 3.49900 3.17400 6.77500 14.46500 10.27400 8.59600 9.89800 9.87800 5.49300
124.00000 -12.77700 -9.58300 -5.12700 -9.91800 -3.12300 0.76300 2.01400 3.98800 3.17400 5.79800 15.44200 13.69200 11.52500 11.36300 27.45600 13.79400
125.00000 -13.26500 -10.07100 -5.12700 -10.89500 -4.10000 -0.21400 0.54900 3.49900 3.17400 5.79800 14.46500 14.18100 13.96700 11.85100 32.33800 18.18800
126.00000 -13.75300 -10.07100 -5.61500 -11.87100 -4.10000 0.27500 -1.40400 3.01100 3.66200 5.79800 11.04700 12.71600 16.40800 11.85100 26.96700 19.16500
127.00000 -14.73000 -10.55900 -7.56800 -13.33600 -4.58800 1.25100 -3.84500 1.54600 4.15000 5.79800 8.11800 12.22700 18.36100 11.85100 23.54900 19.65300
128.00000 -17.17100 -12.51200 -10.98600 -15.28900 -5.56400 1.25100 -6.77500 0.08100 4.63900 4.82200 6.65300 13.20400 21.29100 11.36300 26.47900 23.56000
129.00000 -20.58900 -15.44200 -14.40400 -17.73100 -7.51700 -0.70200 -10.19300 -1.38300 4.15000 3.35700 6.16500 14.18100 23.24400 10.87400 31.36200 28.93100
130.00000 -23.51900 -18.37200 -16.35700 -18.70700 -8.49400 -2.65500 -13.12300 -2.84800 3.66200 1.89200 5.18800 14.18100 23.24400 10.38600 26.96700 31.37200
131.00000 -24.49500 -19.83600 -16.35700 -18.21900 -8.49400 -3.63200 -15.07600 -3.33700 3.66200 0.42700 3.72300 11.25100 20.80300 8.92100 10.36600 26.97800
132.00000 -24.98400 -20.32500 -16.84600 -18.70700 -8.49400 -4.12000 -17.02900 -4.31300 3.66200 0.42700 1.28200 8.32100 17.38500 7.45600 -7.70100 16.23500
133.00000 -25.47200 -21.30100 -19.28700 -19.68400 -8.49400 -4.60800 -18.00500 -4.80100 3.17400 -0.06100 1.28200 7.83300 14.45500 5.50300 -12.58300 5.49300
134.00000 -27.91300 -23.25400 -23.68200 -22.12500 -9.95900 -6.07300 -19.95800 -5.77800 2.19700 -1.03800 3.72300 10.76300 12.99000 3.06200 -0.37600 0.12200
135.00000 -31.33100 -26.18400 -28.56400 -24.56700 -11.91200 -8.51400 -21.91200 -7.24300 1.70900 -2.99100 6.65300 14.18100 12.50200 1.10900 17.20200 2.56300
136.00000 -33.28500 -28.62500 -31.00600 -26.03100 -12.88900 -10.95600 -23.37600 -8.21900 1.22100 -4.94400 8.11800 15.15700 12.50200 1.10900 21.59600 8.42300
137.00000 -33.28500 -28.62500 -30.02900 -25.54300 -12.88900 -11.44400 -23.37600 -8.21900 1.70900 -5.43200 4.70000 12.22700 12.01400 1.59700 4.99500 11.35300
138.00000 -31.82000 -27.16100 -26.61100 -24.07800 -11.42400 -10.95600 -22.40000 -8.21900 2.19700 -3.96700 -0.18300 6.85600 10.54900 2.57400 -20.88400 8.91100
139.00000 -29.37800 -25.20800 -23.19300 -23.10200 -10.44700 -9.97900 -20.93500 -7.73100 2.68600 -2.01400 -4.08900 3.43800 9.57200 2.57400 -35.04400 3.05200
140.00000 -28.89000 -25.20800 -22.21700 -23.59000 -10.44700 -9.97900 -18.98200 -7.73100 1.70900 -1.03800 -3.11300 4.41500 9.08400 1.59700 -25.76700 -0.85400
141.00000 -29.37800 -25.69600 -23.19300 -24.56700 -11.42400 -10.95600 -18.00500 -6.75500 1.22100 -1.52600 1.77000 8.80900 9.57200 -0.35600 0.11200 -0.36600
142.00000 -29.86700 -26.18400 -24.65800 -25.05500 -11.42400 -11.93200 -16.54100 -6.26600 1.22100 -2.01400 8.60600 12.71600 10.54900 -1.33300 22.08500 3.54000
143.00000 -29.86700 -25.69600 -24.65800 -24.56700 -10.44700 -10.95600 -16.05200 -5.29000 1.70900 -2.01400 11.53600 12.71600 10.54900 -0.35600 23.54900 6.47000
144.00000 -28.40200 -24.23100 -22.70500 -22.61400 -8.49400 -8.51400 -15.07600 -4.31300 3.17400 -0.54900 10.07100 10.27400 9.57200 2.08500 8.90100 7.93500
145.00000 -27.42500 -22.76600 -20.75200 -21.14900 -7.02900 -6.56100 -14.58700 -3.33700 4.15000 1.89200 7.14100 7.34500 9.57200 5.01500 -4.77100 7.93500
146.00000 -26.93700 -22.76600 -19.77500 -20.66000 -7.02900 -5.58500 -14.58700 -1.87200 5.12700 3.35700 5.18800 7.83300 10.54900 6.96800 -2.33000 9.88800
147.00000 -27.42500 -23.74300 -20.26400 -21.14900 -8.49400 -7.05000 -14.09900 -0.89500 4.63900 2.86900 6.65300 10.27400 11.52500 6.96800 13.29500 13.30600
148.00000 -27.42500 -25.20800 -21.72900 -21.14900 -9.95900 -9.49100 -13.12300 -0.40700 4.15000 0.91600 9.58300 12.22700 12.01400 5.99200 24.52600 14.28200
149.00000 -26.44900 -24.71900 -22.21700 -20.66000 -9.95900 -10.95600 -11.16900 0.57000 3.66200 -0.06100 11.04700 10.76300 11.03700 4.52700 18.17800 11.84100
150.00000 -24.49500 -23.74300 -21.72900 -19.68400 -9.47100 -10.95600 -9.21600 1.05800 4.63900 -0.06100 9.09400 6.85600 10.54900 5.01500 -2.81800 5.98100
151.00000 -23.51900 -23.25400 -21.72900 -19.19600 -8.49400 -10.46800 -9.21600 0.57000 5.61500 1.40400 5.67600 3.43800 10.54900 6.48000 -18.93100 2.07500
152.00000 -24.49500 -24.23100 -22.70500 -20.66000 -8.49400 -10.46800 -10.19300 -0.40700 6.10400 2.38000 3.72300 3.92700 12.99000 8.43300 -13.56000 4.51700
153.00000 -26.93700 -26.18400 -25.14600 -22.61400 -9.47100 -11.93200 -12.63400 -0.89500 6.59200 1.89200 4.21100 8.32100 16.89700 9.89800 10.36600 12.81700
154.00000 -28.89000 -28.13700 -26.61100 -24.07800 -9.95900 -13.39700 -14.09900 -1.87200 6.10400 -0.06100 7.14100 13.20400 19.33800 9.89800 35.26800 20.63000
155.00000 -29.37800 -27.64900 -26.61100 -24.07800 -9.95900 -13.39700 -14.58700 -1.38300 5.61500 -1.52600 9.09400 15.15700 19.33800 8.43300 41.12800 22.09500
156.00000 -27.91300 -26.18400 -25.63500 -22.61400 -9.47100 -12.42100 -13.12300 -0.40700 5.12700 -2.50200 8.11800 12.71600 16.89700 5.50300 25.50300 15.25900
157.00000 -26.93700 -24.71900 -24.17000 -21.14900 -8.00600 -10.95600 -12.63400 0.08100 5.12700 -2.01400 4.70000 9.29800 13.47900 2.08500 2.06500 5.49300
158.00000 -27.42500 -24.71900 -24.65800 -21.63700 -8.00600 -10.95600 -13.12300 0.08100 4.63900 -2.50200 1.28200 7.34500 11.03700 -0.84400 -11.11900 -1.34300
159.00000 -28.89000 -27.16100 -25.63500 -23.10200 -9.47100 -13.39700 -14.09900 0.08100 3.66200 -3.96700 0.30500 7.83300 9.57200 -3.28600 -7.70100 -0.85400
160.00000 -30.35500 -29.11400 -26.61100 -24.07800 -10.93500 -16.81500 -15.56400 0.08100 2.19700 -6.89700 2.25800 9.78600 9.57200 -4.75100 3.04200 3.54000
161.00000 -30.35500 -30.09000 -26.61100 -24.07800 -11.91200 -18.76800 -15.07600 1.54600 1.22100 -8.85000 4.21100 11.25100 8.59600 -5.72700 8.90100 6.95800
162.00000 -27.91300 -27.64900 -24.65800 -22.12500 -11.42400 -18.76800 -13.61100 3.98800 -0.24400 -10.80300 4.70000 10.27400 6.15400 -7.19200 3.53000 4.02800
163.00000 -24.49500 -23.74300 -21.72900 -19.68400 -9.95900 -16.32700 -11.16900 5.94100 -0.73200 -10.31500 2.74700 8.32100 2.73600 -9.14500 -9.16500 -3.78400
164.00000 -22.54200 -20.32500 -18.79900 -17.73100 -8.00600 -12.90900 -9.21600 7.40600 -0.73200 -8.85000 0.30500 5.88000 0.29500 -11.09800 -19.90800 -12.08500
165.00000 -21.07700 -17.88300 -16.84600 -16.75400 -6.54100 -10.46800 -8.72800 6.91700 -0.24400 -6.89700 -1.64800 4.90300 -0.68200 -12.56300 -21.86100 -14.52600
166.00000 -20.58900 -17.39500 -15.86900 -16.75400 -5.56400 -9.49100 -8.72800 5.94100 -0.24400 -5.43200 -2.13600 4.41500 -0.19300 -12.56300 -17.95500 -10.62000
167.00000 -19.12400 -16.90700 -14.89300 -15.77800 -4.58800 -9.49100 -8.72800 3.98800 0.73200 -4.45600 -2.13600 4.41500 1.76000 -10.61000 -11.60700 -3.29600
168.00000 -16.68300 -15.93000 -13.91600 -14.31300 -4.10000 -9.00300 -8.72800 3.01100 1.70900 -2.99100 -1.64800 3.92700 2.73600 -8.16900 -6.72400 2.56300
169.00000 -13.75300 -13.48900 -12.93900 -11.87100 -2.14600 -7.05000 -8.72800 3.98800 2.68600 -1.52600 -2.62500 3.43800 3.71300 -6.21500 -4.77100 3.54000
170.00000 -11.31200 -11.53600 -10.98600 -9.91800 -0.68200 -3.63200 -8.24000 4.96400 3.66200 0.42700 -4.08900 2.95000 3.71300 -5.72700 -4.77100 0.12200
171.00000 -9.35900 -9.09400 -10.01000 -8.94200 0.78300 -1.19000 -7.26300 5.94100 4.63900 2.38000 -6.04200 2.95000 3.71300 -5.72700 -5.74700 -4.27200
172.00000 -8.38200 -7.14100 -8.54500 -8.45300 1.27200 0.27500 -6.28700 6.42900 5.61500 3.84500 -7.01900 2.95000 4.69000 -5.72700 -8.67700 -5.24900
173.00000 -7.89400 -6.16500 -8.05700 -8.45300 1.27200 0.76300 -5.31000 6.42900 6.59200 5.31000 -6.04200 4.41500 6.64300 -4.26200 -10.63000 -3.29600
174.00000 -7.89400 -5.18800 -8.05700 -9.43000 0.78300 0.27500 -4.82200 5.94100 6.59200 5.79800 -4.57800 5.88000 9.57200 -1.33300 -9.65400 1.09900
175.00000 -7.89400 -4.70000 -8.54500 -9.91800 0.29500 1.25100 -4.33300 5.94100 7.56800 6.77500 -1.64800 8.32100 12.01400 2.08500 -2.33000 5.98100
176.00000 -7.40600 -4.70000 -8.54500 -9.91800 0.29500 2.22800 -3.35700 6.42900 7.56800 7.26300 1.77000 11.73900 13.47900 5.01500 10.36600 10.37600
177.00000 -6.91700 -4.70000 -9.03300 -9.91800 0.78300 3.69300 -2.38000 6.91700 7.56800 7.26300 5.67600 13.69200 14.45500 6.48000 23.06100 13.79400
178.00000 -6.42900 -5.18800 -8.05700 -9.43000 0.78300 4.66900 -0.42700 7.40600 7.08000 7.75100 9.58300 14.66900 13.96700 7.45600 29.40900 16.72400
179.00000 -5.45200 -5.67600 -7.08000 -9.43000 0.78300 3.69300 1.03800 7.40600 6.59200 7.75100 11.53600 13.69200 12.50200 7.94500 25.99100 18.18800
180.00000 -5.94100 -7.14100 -5.12700 -8.94200 -0.68200 1.74000 1.52600 6.91700 6.59200 8.24000 12.02400 11.73900 12.01400 9.41000 15.73700 18.67700
181.00000 -6.42900 -8.60600 -4.63900 -8.94200 -2.14600 -1.67800 1.03800 5.94100 6.59200 8.72800 10.07100 9.78600 12.01400 11.36300 4.99500 19.16500
182.00000 -8.38200 -10.55900 -5.12700 -8.94200 -4.10000 -4.60800 -0.42700 5.45200 6.10400 8.72800 7.14100 8.32100 12.99000 13.80400 0.60000 20.63000
183.00000 -10.33500 -13.00000 -7.08000 -9.43000 -5.07600 -6.56100 -2.86900 4.47600 6.10400 8.24000 4.70000 7.83300 15.43200 15.75700 4.01800 23.07100
184.00000 -13.26500 -15.93000 -9.52100 -10.89500 -6.05300 -7.53800 -4.82200 3.49900 6.10400 6.77500 3.23500 7.83300 16.89700 15.26900 12.80700 24.53600
185.00000 -15.21800 -17.39500 -11.96300 -13.33600 -6.05300 -7.53800 -6.77500 3.01100 5.61500 4.82200 3.72300 7.83300 16.89700 12.82800 23.06100 23.56000
186.00000 -17.66000 -19.34800 -14.89300 -14.80100 -6.05300 -8.02600 -7.75100 3.01100 5.12700 2.38000 5.18800 8.32100 15.92000 8.92100 30.87400 19.65300
187.00000 -19.61300 -20.32500 -17.33400 -16.26600 -6.05300 -9.00300 -8.72800 3.49900 4.63900 -0.54900 6.65300 8.80900 14.45500 5.01500 35.26800 14.77100
188.00000 -20.10100 -21.30100 -19.28700 -16.26600 -6.05300 -10.46800 -9.21600 3.01100 4.15000 -2.50200 7.62900 9.78600 12.50200 2.08500 33.31500 10.86400
189.00000 -20.10100 -21.30100 -19.28700 -15.28900 -6.05300 -11.44400 -9.70500 2.52300 3.17400 -3.47900 7.62900 10.27400 11.03700 1.10900 24.52600 8.91100
190.00000 -18.63600 -19.83600 -17.82200 -13.33600 -4.58800 -10.95600 -9.21600 2.03500 3.17400 -3.47900 7.14100 9.29800 9.57200 0.62100 7.92400 6.95800
191.00000 -16.19500 -16.90700 -14.40400 -11.87100 -2.14600 -8.51400 -8.72800 2.03500 3.17400 -2.01400 5.67600 6.85600 7.13100 1.10900 -12.09500 3.54000
192.00000 -13.26500 -13.48900 -10.49800 -9.91800 -0.19300 -5.58500 -8.72800 2.03500 3.66200 -0.06100 2.74700 3.92700 4.20100 0.62100 -28.20800 -2.31900
193.00000 -11.31200 -10.07100 -8.05700 -7.96500 1.76000 -2.65500 -8.72800 2.52300 4.15000 0.91600 -1.16000 1.97300 2.24800 0.13200 -34.06800 -6.71400
194.00000 -9.84700 -7.62900 -7.08000 -6.98900 2.24800 -1.67800 -9.21600 2.03500 4.15000 0.91600 -4.57800 0.99700 0.78300 -0.84400 -28.20800 -6.71400
195.00000 -9.84700 -7.14100 -8.05700 -6.98900 1.27200 -2.65500 -10.68100 1.54600 3.66200 -1.03800 -7.50700 0.50900 0.29500 -1.82100 -16.49000 -3.29600
196.00000 -10.33500 -8.11800 -10.01000 -7.47700 -0.19300 -5.09600 -11.65800 0.57000 3.17400 -2.99100 -8.97200 0.02000 0.78300 -3.28600 -7.70100 1.09900
197.00000 -10.82400 -10.07100 -10.98600 -8.45300 -1.65800 -7.05000 -12.14600 -0.40700 2.19700 -3.96700 -10.43700 -1.44400 0.78300 -4.75100 -5.25900 2.07500
198.00000 -10.33500 -11.53600 -10.98600 -9.43000 -2.63500 -8.02600 -12.14600 -0.89500 1.70900 -4.45600 -11.90200 -2.90900 0.29500 -6.21500 -8.18900 0.12200
199.00000 -10.33500 -11.53600 -11.47500 -10.40600 -3.12300 -7.53800 -12.63400 -0.89500 1.22100 -4.45600 -13.36700 -3.39800 -0.68200 -8.16900 -10.14200 -4.27200
200.00000 -9.35900 -10.07100 -11.96300 -10.40600 -3.12300 -6.56100 -12.63400 0.08100 0.73200 -4.94400 -15.32000 -3.39800 -1.17000 -9.63300 -8.67700 -7.20200
201.00000 -8.38200 -8.11800 -13.42800 -9.43000 -2.14600 -5.09600 -13.12300 1.05800 0.73200 -4.94400 -16.29600 -2.42100 -1.65800 -10.61000 -5.25900 -7.20200
202.00000 -7.40600 -5.67600 -13.42800 -8.45300 -1.65800 -3.63200 -13.12300 1.54600 0.73200 -4.94400 -15.80800 -1.93300 -1.65800 -11.58700 -2.81800 -5.24900
203.00000 -5.45200 -4.21100 -11.96300 -6.98900 -0.19300 -2.65500 -12.63400 2.52300 1.22100 -4.45600 -13.85500 -1.44400 -2.14600 -11.58700 -2.81800 -2.80800
204.00000 -4.96400 -3.23500 -9.03300 -6.50000 0.29500 -2.65500 -11.65800 3.49900 1.70900 -3.47900 -10.43700 -0.95600 -2.63500 -11.58700 -1.84100 -0.85400
205.00000 -4.47600 -3.72300 -7.08000 -6.50000 0.78300 -2.65500 -10.19300 4.47600 1.70900 -2.99100 -6.04200 0.99700 -3.12300 -11.09800 4.50600 1.58700
206.00000 -5.45200 -4.70000 -6.10400 -6.98900 -0.19300 -3.63200 -8.72800 5.45200 1.22100 -2.50200 -1.64800 3.92700 -4.10000 -9.14500 14.76000 4.02800
207.00000 -6.42900 -5.67600 -7.08000 -6.98900 -0.68200 -3.63200 -7.26300 5.94100 0.73200 -2.50200 1.28200 6.36800 -4.10000 -6.70400 22.57300 5.49300
208.00000 -6.42900 -5.67600 -8.54500 -7.47700 -1.17000 -3.63200 -6.77500 5.45200 1.70900 -1.52600 1.77000 6.85600 -2.63500 -2.79700 21.59600 4.51700
209.00000 -5.94100 -4.70000 -9.52100 -6.98900 -0.19300 -1.67800 -6.77500 4.47600 3.17400 0.42700 -0.18300 4.90300 -0.19300 1.10900 10.36600 0.61000
210.00000 -4.47600 -3.72300 -9.03300 -5.52400 1.27200 0.76300 -7.75100 3.49900 5.61500 2.86900 -2.62500 2.95000 3.71300 5.01500 -4.77100 -3.78400
211.00000 -3.98800 -3.23500 -8.05700 -4.54700 2.24800 2.22800 -9.70500 3.01100 7.08000 5.31000 -4.08900 1.97300 9.08400 6.96800 -16.49000 -6.22600
212.00000 -4.96400 -3.23500 -7.56800 -5.03500 2.73600 2.71600 -11.65800 3.01100 7.56800 5.79800 -4.08900 2.95000 13.47900 8.43300 -20.39600 -3.29600
213.00000 -6.42900 -4.21100 -8.54500 -6.01200 1.76000 2.22800 -13.61100 3.49900 7.08000 4.82200 -3.60100 4.90300 16.89700 7.94500 -18.93100 2.07500
214.00000 -8.38200 -6.16500 -10.01000 -6.98900 0.29500 0.27500 -14.58700 3.01100 6.59200 2.86900 -3.11300 5.88000 18.36100 7.45600 -16.97800 8.42300
215.00000 -9.35900 -7.14100 -10.98600 -7.96500 -0.68200 -1.19000 -14.58700 2.52300 6.10400 0.91600 -3.11300 5.39100 16.89700 6.48000 -18.93100 11.35300
216.00000 -8.87000 -7.62900 -11.96300 -8.45300 -1.17000 -2.65500 -13.12300 1.54600 6.10400 0.42700 -4.08900 3.92700 13.47900 4.52700 -23.32600 8.42300
217.00000 -7.89400 -6.65300 -11.96300 -7.96500 -0.19300 -3.14300 -11.16900 1.05800 5.61500 0.42700 -4.08900 3.43800 9.08400 1.59700 -25.76700 1.09900
218.00000 -6.91700 -5.67600 -11.96300 -7.47700 0.78300 -3.14300 -9.70500 1.05800 4.63900 0.42700 -2.62500 4.90300 3.71300 -3.77400 -22.83700 -8.17900
219.00000 -7.40600 -5.67600 -11.47500 -6.98900 1.76000 -2.65500 -8.72800 1.05800 3.17400 -0.54900 -0.18300 7.83300 -0.19300 -9.14500 -14.53700 -15.01500
220.00000 -8.38200 -6.65300 -11.96300 -7.47700 2.24800 -2.16700 -9.70500 2.03500 1.70900 -2.99100 1.28200 10.27400 -2.63500 -13.54000 -5.74700 -17.45600
221.00000 -9.84700 -8.11800 -11.47500 -7.47700 1.76000 -1.67800 -10.68100 2.03500 1.70900 -3.96700 0.79300 12.22700 -2.63500 -15.00400 1.08800 -14.52600
222.00000 -10.33500 -9.09400 -10.49800 -7.96500 1.27200 -1.67800 -12.63400 2.03500 2.19700 -3.96700 -1.16000 11.25100 0.29500 -13.05100 3.53000 -8.17900
223.00000 -9.35900 -8.60600 -10.01000 -7.47700 0.78300 -1.19000 -14.09900 1.54600 3.66200 -2.50200 -5.06600 8.32100 3.71300 -8.65700 3.53000 -2.31900
224.00000 -7.89400 -7.14100 -9.52100 -7.47700 1.27200 -0.70200 -15.07600 0.57000 5.12700 -0.06100 -8.97200 5.39100 6.64300 -4.75100 4.01800 1.58700
225.00000 -5.94100 -4.70000 -9.52100 -7.47700 2.24800 0.76300 -16.05200 0.08100 5.61500 1.89200 -11.41400 2.46200 7.61900 -2.30900 5.97100 1.58700
226.00000 -3.49900 -1.77000 -9.03300 -6.98900 3.71300 2.22800 -15.56400 0.08100 5.12700 2.86900 -11.90200 1.48500 7.13100 -1.82100 9.87800 -0.36600
227.00000 -0.57000 1.64800 -8.54500 -6.50000 4.69000 4.66900 -15.07600 0.57000 4.63900 3.35700 -10.92500 1.48500 5.66600 -2.30900 12.31900 -1.83100
228.00000 3.33700 5.55400 -7.08000 -5.52400 5.66600 7.11100 -13.61100 0.57000 4.15000 2.86900 -8.48400 1.97300 4.69000 -2.79700 11.83100 -1.83100
229.00000 7.73100 9.46000 -4.15000 -4.05900 6.64300 9.06400 -11.65800 1.05800 4.15000 1.89200 -6.53100 1.48500 3.22500 -3.77400 7.43600 -0.36600
230.00000 12.61400 13.85500 -0.73200 -2.10600 8.10800 11.01700 -10.68100 1.05800 4.63900 1.89200 -5.06600 -0.46800 0.78300 -5.72700 0.60000 0.61000
231.00000 17.00800 18.25000 2.19700 -0.15300 9.57200 12.48200 -10.19300 1.54600 4.63900 1.40400 -5.55400 -2.90900 -2.63500 -9.14500 -5.74700 0.12200
232.00000 21.40300 22.64400 5.61500 1.80100 11.52500 14.43500 -10.19300 2.03500 4.15000 1.40400 -6.04200 -4.86200 -7.02900 -12.56300 -10.14200 -1.83100
233.00000 25.79800 27.52700 9.03300 3.75400 12.50200 15.90000 -9.70500 3.01100 4.15000 1.89200 -6.04200 -5.83900 -11.42400 -14.51600 -12.58300 -4.27200
234.00000 30.68000 32.41000 12.45100 6.19500 13.96700 18.34100 -8.24000 3.98800 4.15000 2.38000 -5.06600 -4.86200 -14.35300 -14.51600 -14.53700 -5.24900
235.00000 36.05100 36.80400 15.38100 7.66000 14.94300 19.80600 -5.79800 4.96400 4.15000 3.35700 -3.11300 -2.90900 -15.33000 -10.61000 -18.44300 -5.24900
236.00000 39.95800 40.22200 16.84600 8.14800 14.94300 21.75900 -3.84500 4.96400 4.15000 3.84500 -1.64800 -0.95600 -12.88900 -5.72700 -23.81400 -5.73700
237.00000 41.91100 41.68700 16.84600 8.14800 14.94300 22.73600 -3.35700 4.47600 4.63900 4.33300 -2.62500 0.50900 -8.49400 -1.82100 -29.67300 -9.15500
238.00000 42.39900 42.17500 15.38100 6.68300 14.45500 22.24700 -4.82200 3.49900 5.12700 3.35700 -6.04200 0.02000 -4.10000 0.13200 -34.06800 -14.52600
239.00000 41.42300 41.68700 13.42800 5.21900 13.47900 21.27100 -7.75100 2.03500 5.12700 2.38000 -10.92500 -1.93300 -0.68200 -1.33300 -34.55600 -18.92100
240.00000 39.95800 41.19900 11.96300 3.75400 12.50200 19.31800 -10.19300 0.57000 5.12700 0.91600 -15.80800 -3.39800 1.27200 -4.75100 -31.13800 -19.40900
241.00000 39.46900 40.71000 10.98600 2.77700 12.01400 17.36500 -11.16900 -0.40700 4.15000 -0.06100 -18.25000 -4.37400 1.76000 -7.68000 -23.81400 -15.01500
242.00000 38.98100 39.73400 11.47500 2.77700 11.03700 15.90000 -11.16900 -0.89500 3.66200 -1.03800 -18.73800 -4.37400 1.76000 -10.12200 -14.04800 -8.17900
243.00000 38.98100 38.26900 12.93900 3.26500 11.52500 14.92300 -10.68100 -0.40700 3.17400 -1.52600 -16.78500 -2.42100 1.76000 -10.61000 -5.74700 -3.78400
244.00000 38.00500 37.29200 13.42800 3.75400 11.52500 14.92300 -10.68100 0.57000 3.17400 -2.01400 -14.34300 -0.95600 2.24800 -11.09800 -1.35300 -4.76100
245.00000 36.54000 35.33900 12.93900 2.77700 11.52500 14.43500 -10.68100 1.54600 3.17400 -2.50200 -11.90200 0.99700 3.22500 -11.09800 -1.84100 -8.17900
246.00000 34.09800 33.38600 10.98600 1.31200 10.06100 12.97000 -11.16900 2.03500 3.66200 -2.99100 -9.46000 2.46200 4.69000 -11.09800 -3.79400 -10.62000
247.00000 30.68000 30.94500 8.54500 -1.12900 8.59600 11.01700 -10.19300 1.54600 4.15000 -3.96700 -7.01900 4.41500 6.15400 -10.12200 -5.25900 -8.66700
248.00000 27.75100 28.50300 7.08000 -3.08200 7.61900 10.04000 -8.24000 1.05800 4.63900 -3.47900 -4.57800 4.90300 6.15400 -8.16900 -3.30600 -2.80800
249.00000 27.26200 28.50300 7.56800 -3.57100 8.10800 10.52900 -5.31000 1.54600 4.63900 -2.01400 -3.60100 3.43800 4.20100 -5.72700 -0.86500 1.09900
250.00000 29.21500 29.96800 11.47500 -1.12900 10.06100 13.94700 -1.89200 2.52300 4.15000 0.42700 -3.11300 0.02000 -0.19300 -5.23900 0.11200 0.61000
251.00000 33.12200 32.41000 15.86900 3.26500 12.99000 17.85300 1.03800 3.98800 3.66200 2.86900 -3.11300 -4.37400 -6.54100 -6.21500 -2.81800 -4.76100
252.00000 36.05100 34.36300 19.28700 6.68300 14.94300 21.27100 3.47900 5.94100 3.66200 4.33300 -4.08900 -7.79200 -10.93500 -8.16900 -7.70100 -9.64400
253.00000 36.05100 33.38600 18.79900 6.68300 14.45500 20.78200 2.50200 6.42900 2.68600 3.84500 -5.55400 -8.28000 -11.42400 -10.61000 -11.11900 -11.59700
254.00000 31.16900 28.50300 14.40400 3.75400 11.52500 16.38800 -1.40400 5.94100 2.19700 0.91600 -7.99600 -6.81600 -9.95900 -12.56300 -11.11900 -10.62000
255.00000 24.33300 22.15600 8.05700 -0.64100 6.64300 10.04000 -6.77500 3.98800 1.22100 -2.99100 -12.39000 -5.35100 -8.00600 -15.00400 -7.21200 -8.66700
256.00000 18.47300 16.78500 2.68600 -4.54700 2.73600 4.18100 -11.65800 1.54600 -0.24400 -7.38500 -18.25000 -6.32700 -8.00600 -19.39900 -3.30600 -9.15500
