1.00000 1.71900 2.97000 2.04500 3.20400 5.25900 0.21400 4.65900 1.84100 1.20000 -1.94300 -3.66200 -0.98700 -2.12600 -1.71900 -4.69000 -4.80100
2.00000 2.20700 2.97000 2.04500 3.20400 5.25900 0.70200 6.61200 2.33000 1.68900 -1.94300 -1.70900 0.96600 -1.14900 -0.74300 -3.22500 -3.82500
3.00000 1.71900 2.97000 0.09200 3.20400 4.77100 0.70200 6.12400 2.81800 1.20000 -2.92000 -0.24400 1.94300 -1.14900 -1.23100 -2.73600 -4.31300
4.00000 0.74300 1.99400 -3.32600 3.20400 3.79400 -0.76300 3.68200 2.33000 0.22400 -3.89600 0.24400 2.43100 -1.63800 -3.18400 -3.22500 -5.77800
5.00000 0.25400 0.52900 -3.81500 2.71600 2.33000 -3.69300 0.26400 1.35300 -1.24100 -5.36100 -0.73200 1.94300 -2.61400 -6.11400 -4.20100 -7.73100
6.00000 -0.23400 0.04100 -0.88500 1.74000 0.86500 -5.64600 -3.15300 0.37600 -2.70600 -6.82600 -3.17400 1.45500 -3.59100 -7.57900 -5.66600 -9.19600
7.00000 -0.23400 -0.44800 3.02100 1.25100 -0.11200 -6.62200 -5.59500 -1.08800 -3.68200 -8.77900 -5.12700 0.47800 -4.07900 -8.06700 -6.64300 -9.68400
8.00000 0.25400 -0.44800 4.48600 0.27500 -0.60000 -6.62200 -6.57100 -3.04200 -4.65900 -9.75500 -7.08000 -0.98700 -4.56700 -8.06700 -7.13100 -9.68400
9.00000 -0.23400 -0.44800 0.58000 -0.21400 -0.60000 -5.64600 -7.06000 -4.01800 -5.14700 -10.24400 -7.56800 -1.96300 -5.05600 -8.55500 -7.13100 -10.17300
10.00000 -1.21100 -0.44800 -6.25600 -1.67800 -0.60000 -4.66900 -8.03600 -4.99500 -5.14700 -9.75500 -7.56800 -2.45200 -5.05600 -9.04300 -6.64300 -10.17300
11.00000 -2.18700 -0.44800 -11.62700 -2.16700 -0.60000 -3.69300 -8.52500 -4.99500 -5.63600 -8.29100 -7.08000 -1.96300 -4.56700 -9.53200 -5.66600 -9.68400
12.00000 -2.67500 -0.44800 -12.11500 -2.65500 -1.08800 -2.71600 -9.01300 -4.50600 -4.65900 -5.84900 -7.08000 -1.96300 -3.59100 -9.04300 -4.20100 -8.21900
13.00000 -2.67500 -0.44800 -6.74400 -2.16700 -0.60000 -1.74000 -8.03600 -3.53000 -3.68200 -3.40800 -6.59200 -0.98700 -2.12600 -7.09000 -2.73600 -5.29000
14.00000 -2.18700 -0.93600 0.09200 -1.19000 0.37600 -0.76300 -6.08300 -2.55300 -1.72900 -1.45500 -5.61500 -0.49800 -0.66100 -4.16100 -1.27200 -2.84800
15.00000 -2.18700 -1.91200 3.51000 -1.67800 0.86500 -0.27500 -3.64200 -2.06500 0.22400 0.01000 -4.15000 0.47800 0.80400 -1.23100 0.19300 -0.89500
16.00000 -3.16400 -3.86600 0.58000 -2.65500 0.37600 -0.27500 -2.17700 -2.06500 1.68900 0.98700 -2.19700 1.45500 1.78000 1.21100 1.65800 0.08100
17.00000 -4.62800 -5.81900 -5.76800 -4.60800 -0.11200 -1.25100 -2.17700 -1.57700 2.66500 1.96300 -0.24400 2.92000 3.24500 2.67500 2.63500 0.57000
18.00000 -6.58200 -7.28400 -12.11500 -6.07300 -2.06500 -2.71600 -2.66500 -1.08800 3.15300 2.94000 1.22100 4.38400 3.73300 3.65200 3.61100 1.54600
19.00000 -7.55800 -7.77200 -13.58000 -6.56100 -3.04200 -3.20400 -2.17700 -0.11200 2.66500 3.91600 2.19700 5.36100 4.71000 4.62800 4.10000 2.03500
20.00000 -8.04600 -7.28400 -10.16200 -6.07300 -3.04200 -3.20400 -0.22400 0.86500 2.17700 5.38100 2.68600 5.36100 4.71000 5.60500 4.58800 3.01100
21.00000 -7.55800 -5.81900 -4.79100 -5.09600 -2.55300 -1.74000 2.21800 0.86500 2.17700 6.35800 2.68600 4.38400 4.22200 6.09300 4.58800 3.01100
22.00000 -7.07000 -3.86600 -1.37300 -4.12000 -0.60000 0.70200 3.19400 -0.11200 2.66500 7.33400 2.19700 3.40800 3.73300 7.07000 4.10000 3.01100
23.00000 -5.60500 -1.42400 0.09200 -4.60800 1.35300 4.12000 2.70600 -1.57700 3.15300 7.33400 1.70900 2.43100 3.24500 7.55800 3.12300 2.52300
24.00000 -4.14000 0.52900 -0.39700 -5.58500 3.30600 7.53800 0.75300 -3.04200 4.13000 7.82300 1.70900 1.94300 3.24500 9.02300 2.14600 2.52300
25.00000 -2.67500 1.99400 -0.39700 -5.58500 4.28300 9.97900 -1.20000 -4.01800 5.10700 8.31100 1.70900 0.96600 3.73300 10.48800 1.65800 2.52300
26.00000 -1.69900 2.48200 1.06800 -5.58500 3.79400 9.97900 -2.17700 -4.50600 5.10700 8.79900 0.24400 -0.01000 3.24500 10.97600 0.19300 1.54600
27.00000 -2.67500 1.01700 2.53300 -5.09600 2.33000 8.02600 -2.17700 -4.50600 4.61800 8.79900 -1.70900 -0.98700 2.75700 10.48800 -2.24800 -0.89500
28.00000 -4.14000 -0.93600 1.55600 -5.58500 0.37600 5.58500 -3.64200 -4.50600 4.13000 8.31100 -4.15000 -2.94000 1.29200 8.04600 -5.66600 -4.31300
29.00000 -6.58200 -3.37700 -3.81500 -6.56100 -1.08800 3.63200 -5.10700 -4.01800 3.64200 7.33400 -6.10400 -3.91600 0.31500 6.09300 -8.10800 -8.21900
30.00000 -8.04600 -3.86600 -11.13900 -8.02600 -1.57700 3.14300 -6.08300 -4.01800 3.15300 6.35800 -6.10400 -3.42800 0.31500 4.62800 -8.10800 -9.19600
31.00000 -8.04600 -2.88900 -16.51000 -9.00300 -0.60000 4.12000 -4.61800 -3.53000 3.64200 5.87000 -3.66200 -0.98700 0.80400 4.62800 -5.17800 -7.73100
32.00000 -7.07000 -1.91200 -16.99800 -9.00300 -0.11200 4.60800 -1.68900 -2.06500 4.13000 6.35800 0.24400 1.94300 2.26800 5.60500 -0.29500 -3.33700
33.00000 -6.09300 -1.91200 -11.62700 -8.02600 0.37600 4.60800 1.72900 -1.08800 4.13000 6.84600 4.15000 5.84900 4.22200 6.58200 5.07600 2.03500
34.00000 -5.60500 -2.88900 -4.30300 -7.05000 -0.60000 3.63200 3.19400 0.37600 4.13000 7.82300 7.08000 8.29100 6.17500 7.55800 9.95900 6.42900
35.00000 -6.58200 -4.84200 0.58000 -6.56100 -2.55300 1.19000 1.72900 2.33000 2.66500 7.33400 9.03300 10.24400 7.15100 7.07000 13.86500 9.35900
36.00000 -7.55800 -5.81900 0.09200 -6.56100 -3.53000 -0.27500 -1.20000 2.81800 1.20000 5.87000 10.98600 11.70900 7.64000 6.09300 17.77100 10.82400
37.00000 -8.53500 -6.30700 -5.28000 -8.02600 -4.01800 -0.76300 -3.64200 2.33000 0.22400 2.94000 13.91600 13.17300 7.64000 5.11700 21.67800 12.77700
38.00000 -9.02300 -6.79500 -11.13900 -9.49100 -4.50600 -0.76300 -3.15300 0.37600 -0.75300 0.01000 17.33400 14.15000 7.64000 4.62800 26.07200 15.21800
39.00000 -9.02300 -6.79500 -13.58000 -11.44400 -4.01800 -0.27500 -0.22400 -1.57700 -0.26400 -1.45500 18.79900 14.15000 8.12800 4.62800 28.51400 17.66000
40.00000 -9.51100 -6.79500 -11.13900 -12.42100 -4.50600 -0.27500 2.70600 -3.53000 0.22400 -0.96600 17.33400 12.68500 8.12800 4.62800 28.02500 18.63600
41.00000 -10.00000 -7.28400 -6.25600 -12.42100 -4.99500 -0.27500 3.68200 -4.50600 1.68900 0.49800 13.42800 10.24400 8.12800 4.62800 24.11900 17.17100
42.00000 -9.51100 -6.79500 -1.37300 -10.95600 -4.50600 0.21400 2.70600 -3.53000 3.15300 2.94000 8.05700 7.31400 8.12800 4.62800 18.26000 13.75300
43.00000 -8.04600 -5.33000 1.55600 -8.51400 -3.53000 1.67800 1.24100 -1.57700 4.13000 4.89300 4.15000 4.87300 7.64000 4.62800 12.40000 10.33500
44.00000 -5.60500 -2.88900 3.02100 -6.07300 -1.57700 3.14300 1.24100 -0.11200 5.10700 5.87000 3.17400 4.38400 7.64000 5.60500 9.95900 8.38200
45.00000 -3.65200 -1.42400 3.99800 -4.12000 -0.11200 4.12000 3.68200 0.37600 5.59500 5.87000 4.15000 4.38400 7.64000 7.07000 9.47100 8.38200
46.00000 -3.16400 -1.91200 5.46300 -3.63200 0.37600 4.12000 7.58900 -0.11200 5.59500 5.87000 5.12700 3.89600 7.64000 8.04600 9.47100 9.84700
47.00000 -4.62800 -3.86600 5.95100 -4.60800 -0.60000 2.65500 10.03000 -1.08800 4.61800 4.89300 3.66200 2.92000 6.66300 7.55800 7.51700 9.84700
48.00000 -7.07000 -6.30700 2.53300 -5.58500 -1.57700 1.19000 9.05400 -2.06500 3.64200 3.42800 -0.24400 -0.49800 4.22200 4.62800 3.61100 7.40600
49.00000 -9.02300 -7.28400 -3.32600 -6.56100 -2.06500 0.21400 4.17100 -2.55300 2.17700 1.96300 -5.12700 -2.45200 1.29200 0.23400 -1.27200 3.49900
50.00000 -9.51100 -7.28400 -9.18600 -7.53800 -1.08800 0.21400 -2.17700 -4.01800 1.20000 0.01000 -9.52100 -4.40500 -1.63800 -4.16100 -5.17800 -0.89500
51.00000 -8.53500 -5.33000 -10.65100 -6.56100 0.37600 1.19000 -7.54800 -4.99500 1.20000 -1.94300 -10.98600 -5.38100 -2.61400 -7.57900 -6.15400 -2.84800
52.00000 -7.07000 -3.86600 -6.74400 -5.09600 1.84100 2.16700 -8.52500 -5.48300 1.20000 -3.40800 -10.49800 -4.89300 -2.61400 -9.04300 -5.66600 -3.33700
53.00000 -5.11700 -2.88900 1.06800 -3.14300 2.33000 2.16700 -5.59500 -4.99500 0.71200 -5.36100 -8.05700 -3.42800 -2.61400 -9.53200 -3.71300 -1.87200
54.00000 -4.14000 -3.37700 7.41600 -1.19000 2.33000 1.67800 -0.22400 -2.55300 -0.26400 -7.80200 -6.10400 -1.96300 -3.10300 -10.50800 -2.24800 -1.38300
55.00000 -3.65200 -3.86600 8.88100 -0.21400 1.35300 0.21400 3.68200 0.37600 -2.70600 -10.73200 -4.15000 -0.49800 -4.07900 -11.97300 -1.76000 -1.38300
56.00000 -4.14000 -4.84200 4.48600 -0.70200 0.37600 -1.25100 4.65900 2.81800 -5.14700 -11.70900 -2.68600 0.96600 -5.54400 -13.92600 -1.27200 -1.87200
57.00000 -5.11700 -4.84200 -1.37300 -2.16700 -0.11200 -2.22800 2.70600 3.79400 -6.12400 -12.19700 -0.24400 2.43100 -5.05600 -13.92600 0.19300 -1.38300
58.00000 -5.60500 -4.84200 -5.28000 -4.60800 -0.60000 -2.71600 0.26400 3.30600 -6.12400 -10.73200 2.19700 3.89600 -3.10300 -10.99700 3.12300 1.05800
59.00000 -6.58200 -4.84200 -5.28000 -6.07300 -1.57700 -2.22800 -0.22400 1.35300 -4.65900 -8.77900 4.63900 4.87300 0.31500 -6.60200 6.05300 5.45200
60.00000 -7.07000 -5.33000 -1.86200 -6.07300 -1.57700 -1.74000 1.24100 0.37600 -3.19400 -6.33700 5.61500 5.36100 3.73300 -1.71900 8.00600 8.87000
61.00000 -7.07000 -5.33000 1.06800 -5.09600 -1.57700 -0.76300 3.68200 -0.11200 -1.72900 -4.38400 4.15000 4.87300 5.19800 1.69900 8.49400 10.33500
62.00000 -6.58200 -5.33000 2.04500 -3.63200 -1.08800 -0.76300 4.65900 -0.11200 -0.75300 -2.92000 1.70900 3.89600 5.68600 3.65200 8.00600 10.33500
63.00000 -5.60500 -4.35400 1.06800 -2.65500 -0.11200 -0.27500 3.68200 0.37600 -0.26400 -0.96600 0.24400 2.92000 5.68600 4.62800 7.02900 9.35900
64.00000 -4.62800 -3.86600 -0.39700 -3.14300 0.37600 0.70200 0.75300 0.37600 1.20000 0.98700 1.22100 2.43100 6.66300 6.09300 8.00600 9.35900
65.00000 -4.62800 -3.37700 -0.39700 -4.12000 0.37600 1.19000 -0.71200 0.37600 4.13000 3.91600 4.63900 3.40800 8.61600 8.53500 9.95900 11.31200
66.00000 -5.60500 -3.86600 1.06800 -5.09600 -0.60000 2.16700 -0.22400 0.86500 6.57100 6.35800 9.52100 5.36100 11.54600 12.44100 12.88900 14.24200
67.00000 -7.07000 -4.84200 3.02100 -6.07300 -1.57700 1.67800 2.21800 1.35300 9.01300 7.33400 13.42800 7.80200 13.98700 14.88200 15.33000 16.68300
68.00000 -8.53500 -6.30700 3.51000 -7.05000 -3.04200 0.70200 5.63600 2.33000 9.50100 7.33400 15.86900 9.75500 14.47600 15.37100 17.77100 17.66000
69.00000 -10.48800 -7.77200 1.55600 -8.51400 -4.50600 -0.76300 7.58900 2.81800 8.03600 5.38100 17.33400 12.19700 14.47600 14.39400 19.72500 17.66000
70.00000 -12.44100 -9.23700 -2.83800 -10.46800 -5.48300 -1.25100 9.05400 3.79400 6.57100 3.42800 18.31100 13.66200 13.98700 12.44100 21.18900 17.66000
71.00000 -13.90600 -9.23700 -7.23300 -12.42100 -5.97100 -0.76300 9.54200 3.79400 5.59500 2.94000 19.77500 15.61500 13.98700 12.44100 23.14200 18.14800
72.00000 -13.90600 -9.23700 -9.67400 -14.37400 -5.97100 0.21400 11.00700 3.79400 5.10700 4.40500 21.24000 17.56800 13.98700 13.41800 24.60700 19.61300
73.00000 -13.41800 -8.74800 -8.69800 -15.35000 -5.97100 1.67800 12.47200 3.79400 5.10700 5.87000 21.72900 18.05600 14.47600 14.88200 25.58400 20.58900
74.00000 -13.90600 -9.23700 -6.25600 -15.83900 -5.48300 2.16700 12.96000 2.81800 5.59500 5.87000 20.75200 17.56800 13.49900 14.88200 24.60700 20.10100
75.00000 -14.39400 -9.72500 -4.79100 -15.83900 -5.97100 1.19000 11.00700 1.35300 4.61800 3.91600 18.79900 16.10300 12.03400 12.92900 23.14200 18.63600
76.00000 -16.34700 -10.70100 -6.25600 -16.32700 -6.46000 0.21400 7.10000 -0.11200 4.13000 0.98700 15.38100 13.17300 10.08100 10.97600 21.67800 16.68300
77.00000 -18.78900 -12.16600 -10.65100 -16.81500 -6.94800 -0.76300 1.24100 -2.06500 3.15300 -1.45500 13.42800 10.73200 8.61600 8.53500 20.21300 15.21800
78.00000 -20.25300 -13.14300 -15.04500 -16.32700 -7.43600 -0.76300 -2.66500 -3.04200 3.64200 -1.45500 12.45100 8.77900 8.12800 8.53500 18.74800 14.24200
79.00000 -20.25300 -13.14300 -16.02200 -15.35000 -7.43600 -0.76300 -4.13000 -3.04200 4.13000 0.01000 12.45100 8.29100 8.12800 9.51100 17.77100 13.75300
80.00000 -18.78900 -12.16600 -13.09200 -13.39700 -6.94800 -0.76300 -2.17700 -1.57700 4.13000 1.47500 12.93900 8.29100 8.12800 10.97600 17.28300 13.26500
81.00000 -16.34700 -12.16600 -8.20900 -11.93200 -7.43600 -1.74000 0.75300 -0.60000 3.64200 1.47500 13.42800 8.77900 7.64000 11.46400 17.28300 12.77700
82.00000 -14.88200 -11.67800 -3.81500 -10.95600 -7.92400 -2.71600 3.68200 0.86500 2.17700 -0.47800 13.91600 9.26700 7.64000 11.95300 17.28300 12.77700
83.00000 -14.88200 -12.65500 -2.35000 -11.44400 -8.90100 -4.18100 4.65900 2.33000 1.20000 -2.43100 13.91600 10.73200 8.12800 11.95300 17.77100 13.75300
84.00000 -15.85900 -14.60800 -2.35000 -12.42100 -10.36600 -4.66900 3.19400 2.81800 0.22400 -3.89600 14.40400 12.19700 8.12800 12.92900 18.74800 14.73000
85.00000 -17.81200 -16.56100 -1.86200 -13.88500 -11.83100 -5.15700 1.72900 3.79400 -0.75300 -2.92000 16.35700 14.15000 8.12800 14.39400 19.72500 15.70600
86.00000 -19.76500 -17.53700 -0.39700 -14.37400 -12.80700 -5.15700 2.21800 5.25900 -2.21800 -0.96600 18.79900 16.10300 7.15100 14.88200 20.21300 16.19500
87.00000 -20.25300 -18.51400 2.04500 -14.37400 -13.78400 -4.66900 5.14700 6.23600 -3.68200 0.98700 21.24000 18.05600 6.17500 15.37100 21.67800 15.70600
88.00000 -21.23000 -18.02600 2.04500 -13.88500 -13.78400 -4.66900 8.07700 7.21200 -5.14700 1.47500 23.68200 19.52100 6.17500 15.37100 22.65400 15.21800
89.00000 -21.23000 -18.02600 -1.37300 -13.39700 -13.78400 -4.18100 9.54200 7.70100 -5.63600 0.98700 25.63500 20.49800 6.66300 14.88200 24.60700 15.70600
90.00000 -21.23000 -17.53700 -7.72100 -13.39700 -12.80700 -3.69300 7.58900 7.70100 -4.65900 0.98700 27.58800 21.96200 8.12800 14.88200 26.56000 16.68300
91.00000 -20.74200 -17.04900 -13.58000 -13.39700 -12.31900 -3.69300 4.65900 8.18900 -3.68200 0.98700 29.54100 23.42700 9.59300 16.34700 29.00200 18.63600
92.00000 -18.78900 -16.07300 -15.04500 -12.42100 -11.83100 -3.20400 3.68200 8.67700 -1.72900 2.94000 31.00600 24.40400 11.05800 17.32400 31.44300 20.10100
93.00000 -16.34700 -14.60800 -11.13900 -10.46800 -11.34200 -2.22800 6.12400 9.16500 0.22400 5.87000 31.98200 24.89200 12.03400 19.27700 31.93200 21.07700
94.00000 -13.41800 -12.65500 -3.81500 -8.51400 -10.36600 -0.76300 11.00700 9.65400 1.68900 8.79900 31.00600 23.91600 13.01100 20.25300 31.93200 21.07700
95.00000 -11.95300 -10.70100 2.53300 -6.56100 -9.38900 1.19000 14.91300 8.67700 4.13000 12.21700 29.54100 22.45100 14.47600 21.71800 30.46700 20.58900
96.00000 -10.97600 -9.72500 3.99800 -6.07300 -6.94800 4.12000 14.42500 7.70100 6.57100 15.14700 27.10000 20.49800 15.94000 23.18300 28.51400 19.61300
97.00000 -10.97600 -8.26000 1.06800 -6.07300 -4.50600 6.56100 10.51800 7.21200 8.52500 17.58800 25.63500 19.52100 16.91700 24.16000 27.53700 19.12400
98.00000 -10.48800 -7.28400 -2.35000 -6.07300 -2.06500 8.51400 5.63600 7.70100 9.98900 18.07700 24.65800 18.54500 16.42900 25.13600 26.56000 19.61300
99.00000 -8.53500 -5.33000 -2.83800 -5.09600 -0.11200 9.49100 3.68200 8.67700 9.98900 17.58800 25.14600 18.54500 15.94000 24.64800 26.56000 19.61300
100.00000 -4.62800 -1.91200 2.04500 -2.65500 1.84100 9.97900 5.63600 10.63000 9.98900 17.10000 25.14600 18.54500 14.96400 22.69500 26.07200 19.61300
101.00000 0.74300 1.99400 9.36900 0.27500 2.81800 10.46800 10.03000 11.60700 9.01300 15.63500 25.14600 17.56800 13.01100 20.25300 25.09600 18.63600
102.00000 5.62500 5.41200 15.22800 3.20400 3.30600 10.95600 13.44800 12.09500 9.01300 14.65900 24.17000 16.59100 11.54600 17.32400 24.11900 17.17100
103.00000 8.06700 7.36500 16.69300 4.18100 3.30600 10.95600 13.93600 12.09500 8.52500 14.17000 23.68200 16.59100 10.56900 14.39400 23.14200 15.70600
104.00000 8.55500 7.36500 13.76300 4.18100 2.33000 10.46800 11.00700 12.09500 8.03600 13.19400 24.65800 17.08000 9.10400 12.44100 23.14200 14.73000
105.00000 7.09000 5.90000 10.34500 3.20400 0.86500 9.00300 8.07700 12.09500 7.54800 11.72900 26.12300 18.54500 8.61600 10.97600 23.63100 14.73000
106.00000 5.62500 4.43500 8.88100 2.71600 -0.60000 6.56100 8.07700 12.09500 6.57100 9.77600 27.10000 19.03300 7.64000 10.48800 23.63100 14.73000
107.00000 5.13700 3.45900 9.36900 3.20400 -0.60000 4.12000 10.03000 10.63000 6.08300 8.79900 27.10000 18.54500 8.12800 10.48800 23.14200 14.73000
108.00000 5.62500 3.45900 8.39200 3.20400 -0.11200 3.14300 12.47200 8.67700 6.57100 8.31100 25.14600 17.08000 8.12800 10.48800 21.67800 13.75300
109.00000 6.60200 4.43500 5.46300 2.71600 1.35300 3.63200 13.44800 7.21200 7.06000 8.31100 23.19300 15.12700 8.12800 10.48800 20.21300 12.77700
110.00000 7.09000 5.41200 1.06800 1.74000 2.33000 5.58500 11.49500 6.72400 6.57100 7.82300 21.72900 14.15000 7.64000 10.00000 19.23600 11.31200
111.00000 7.57900 5.90000 -0.39700 1.74000 3.30600 7.05000 8.56500 8.67700 5.10700 7.33400 21.24000 14.15000 6.66300 9.02300 18.74800 9.84700
112.00000 8.06700 6.87700 3.02100 3.20400 3.30600 8.02600 8.07700 11.60700 3.64200 6.84600 22.70500 15.12700 6.17500 8.53500 19.23600 10.33500
113.00000 9.53200 7.36500 9.36900 5.15700 3.79400 9.00300 10.03000 15.02500 2.17700 7.33400 24.65800 16.59100 6.17500 9.51100 20.70100 10.82400
114.00000 10.99700 8.34100 15.71700 7.59900 4.77100 9.00300 13.44800 17.46600 2.66500 9.77600 26.61100 18.05600 8.12800 12.44100 23.63100 13.26500
115.00000 12.46100 10.29500 17.67000 9.06400 6.72400 10.46800 16.86600 18.44300 4.13000 13.68200 28.56400 20.00900 10.08100 15.37100 26.07200 15.70600
116.00000 12.95000 12.24800 15.22800 9.06400 9.16500 12.42100 17.35400 19.41900 6.57100 17.58800 30.51800 21.96200 12.03400 18.78900 28.02500 18.14800
117.00000 12.46100 13.22400 10.34500 8.08700 10.63000 14.86200 16.37800 19.90800 8.52500 20.51800 31.98200 23.42700 13.01100 21.23000 28.51400 19.61300
118.00000 10.99700 13.71300 5.95100 6.13400 10.14200 16.32700 14.91300 19.90800 9.50100 21.00600 32.47100 24.40400 13.01100 21.23000 26.56000 19.12400
119.00000 9.53200 12.24800 3.99800 4.18100 8.67700 15.83900 14.42500 19.41900 9.98900 20.51800 31.98200 23.42700 12.52200 20.25300 23.63100 17.17100
120.00000 8.06700 10.78300 4.97400 2.71600 7.21200 15.35000 15.40100 17.46600 9.98900 20.03000 30.02900 22.45100 11.05800 18.30000 20.70100 14.73000
121.00000 7.57900 9.80600 6.92700 1.74000 6.72400 14.86200 16.86600 15.51300 10.96600 20.03000 28.56400 21.47400 11.05800 16.83600 19.23600 12.77700
122.00000 8.06700 9.80600 9.36900 1.74000 7.70100 15.35000 16.86600 14.53700 11.94300 19.54100 27.10000 20.49800 10.56900 15.85900 18.26000 11.80000
123.00000 8.55500 11.27100 10.34500 2.71600 9.16500 15.83900 15.40100 14.53700 12.43100 18.56500 26.12300 19.52100 10.08100 14.88200 17.77100 11.31200
124.00000 9.53200 12.24800 10.83400 4.66900 10.14200 16.32700 12.96000 15.02500 12.43100 16.61200 23.68200 17.08000 8.61600 13.41800 16.30700 9.84700
125.00000 9.53200 12.73600 9.36900 6.13400 10.63000 15.35000 9.54200 14.53700 11.45400 14.65900 19.77500 13.17300 7.15100 11.46400 12.88900 7.89400
126.00000 9.04300 12.73600 7.41600 7.11100 10.63000 14.37400 7.10000 12.58300 10.96600 12.70500 14.40400 8.77900 5.19800 8.04600 8.49400 4.47600
127.00000 9.04300 12.73600 6.43900 7.11100 10.14200 12.90900 5.14700 9.65400 10.47800 12.70500 9.03300 4.87300 3.73300 5.60500 4.58800 2.03500
128.00000 9.04300 12.73600 7.41600 6.62200 9.65400 12.90900 3.68200 7.21200 10.47800 12.70500 6.59200 3.89600 4.22200 4.14000 3.12300 1.54600
129.00000 10.02000 13.22400 9.85700 6.13400 9.65400 12.90900 3.68200 6.23600 10.47800 12.70500 7.08000 4.87300 5.68600 4.62800 4.58800 3.49900
130.00000 10.99700 13.71300 11.32200 6.62200 9.16500 12.42100 3.19400 6.72400 10.47800 11.72900 9.03300 6.82600 7.15100 6.09300 7.51700 6.91700
131.00000 12.46100 14.20100 10.34500 7.11100 8.67700 11.93200 2.21800 8.18900 9.50100 10.75200 11.96300 8.77900 8.61600 8.04600 10.93500 9.84700
132.00000 12.95000 13.71300 5.95100 8.08700 8.18900 10.46800 0.75300 8.67700 9.01300 10.75200 13.42800 10.24400 9.10400 9.02300 13.86500 12.28800
133.00000 12.46100 13.22400 1.55600 7.59900 7.70100 9.49100 -0.22400 9.16500 8.03600 11.24100 14.89300 10.73200 9.10400 9.51100 16.30700 13.26500
134.00000 10.99700 12.73600 0.09200 6.13400 7.21200 9.49100 -0.22400 9.16500 7.54800 11.72900 17.82200 12.68500 9.59300 10.00000 18.74800 15.21800
135.00000 9.53200 12.24800 2.53300 4.18100 6.72400 9.97900 2.21800 9.65400 7.06000 11.72900 22.21700 15.12700 11.05800 10.48800 22.16600 17.66000
136.00000 8.06700 12.24800 7.41600 2.22800 6.72400 11.44400 5.63600 9.65400 7.54800 10.75200 27.58800 17.56800 13.01100 12.44100 26.07200 21.07700
137.00000 8.06700 12.73600 10.34500 1.74000 7.21200 13.39700 9.05400 10.14200 8.03600 10.75200 31.49400 19.52100 14.47600 15.37100 28.51400 24.00700
138.00000 9.04300 14.20100 9.85700 2.22800 7.70100 15.35000 11.00700 10.63000 9.01300 11.72900 33.44700 19.52100 14.96400 17.81200 29.00200 25.47200
139.00000 10.50800 14.68900 6.43900 3.69300 8.67700 16.32700 11.98300 11.11900 9.98900 14.65900 31.98200 18.05600 14.96400 19.27700 27.53700 24.98400
140.00000 11.97300 15.17700 3.51000 5.15700 9.16500 17.30300 12.47200 12.09500 10.47800 18.07700 29.05300 16.59100 13.49900 18.78900 24.11900 22.54200
141.00000 13.43800 15.17700 3.99800 6.13400 9.65400 17.79200 12.96000 13.07200 10.47800 20.51800 26.61100 15.12700 13.01100 18.30000 20.70100 19.61300
142.00000 14.90300 15.66600 7.41600 6.62200 9.65400 18.28000 13.44800 13.56000 10.47800 21.00600 25.14600 14.15000 12.52200 17.81200 17.77100 17.66000
143.00000 15.39100 16.15400 10.83400 7.11100 9.65400 18.76800 13.44800 13.07200 9.98900 20.51800 24.65800 13.17300 12.52200 17.81200 16.79500 16.68300
144.00000 15.87900 17.13100 11.81000 7.59900 10.14200 19.74500 10.51800 12.09500 9.98900 20.03000 23.19300 12.19700 12.03400 18.30000 15.81800 16.19500
145.00000 15.87900 17.61900 11.32200 7.59900 10.14200 20.23300 6.12400 11.11900 9.98900 20.51800 21.72900 10.73200 11.54600 18.78900 14.84200 15.70600
146.00000 15.39100 18.10700 9.85700 7.59900 10.14200 20.72100 2.70600 11.11900 9.98900 21.00600 19.77500 10.24400 10.08100 18.30000 13.86500 14.73000
147.00000 14.41400 17.61900 9.36900 7.11100 9.65400 20.72100 1.72900 11.11900 9.01300 21.98300 18.31100 9.75500 9.10400 16.83600 13.37700 13.75300
148.00000 13.92600 17.13100 11.32200 6.13400 9.16500 20.23300 5.14700 12.09500 8.03600 21.49500 17.82200 10.24400 8.61600 15.37100 12.88900 12.77700
149.00000 13.92600 16.64200 14.25200 5.15700 8.67700 19.74500 10.51800 12.09500 7.06000 20.03000 18.31100 10.24400 8.61600 13.90600 13.37700 12.28800
150.00000 13.92600 16.15400 16.69300 4.66900 8.18900 20.23300 14.42500 11.60700 7.06000 18.56500 18.31100 10.24400 9.10400 13.41800 13.86500 12.28800
151.00000 13.43800 16.15400 17.67000 4.66900 7.70100 20.72100 14.42500 10.14200 7.54800 17.58800 17.82200 8.77900 9.10400 13.90600 13.37700 11.80000
152.00000 13.43800 15.66600 16.20500 4.18100 8.18900 21.21000 11.00700 8.67700 8.03600 17.10000 16.35700 7.80200 8.12800 13.90600 12.40000 10.82400
153.00000 13.43800 15.66600 12.29900 3.69300 8.18900 21.21000 7.58900 7.21200 8.52500 18.07700 15.38100 6.82600 7.15100 13.41800 10.44700 9.84700
154.00000 13.92600 16.64200 7.90400 3.20400 9.16500 20.72100 6.61200 6.72400 8.52500 18.07700 15.86900 6.33700 6.17500 12.44100 9.47100 8.87000
155.00000 14.90300 18.59500 5.46300 3.69300 10.14200 20.72100 8.07700 6.72400 8.52500 17.58800 17.33400 6.82600 5.68600 10.97600 9.95900 8.38200
156.00000 15.39100 20.54900 5.46300 4.18100 11.11900 21.21000 10.51800 6.72400 8.03600 17.10000 18.79900 6.82600 6.17500 10.00000 10.93500 8.87000
157.00000 16.36800 21.52500 8.88100 5.15700 11.60700 22.67500 10.51800 5.74700 8.03600 16.61200 19.28700 6.82600 6.17500 9.51100 11.91200 9.35900
158.00000 15.87900 21.52500 12.29900 4.66900 11.60700 23.16300 7.58900 4.77100 8.03600 16.12300 18.31100 6.33700 6.17500 10.00000 11.91200 10.33500
159.00000 14.90300 20.54900 12.78700 2.71600 10.63000 23.65100 3.19400 3.30600 7.54800 16.61200 16.84600 5.84900 5.68600 10.48800 11.91200 10.82400
160.00000 13.92600 19.08400 9.85700 0.76300 10.14200 23.16300 0.75300 3.30600 7.54800 17.10000 15.86900 5.84900 5.68600 11.46400 11.91200 11.80000
161.00000 13.43800 18.10700 5.46300 -0.70200 9.16500 22.18600 1.24100 4.77100 7.54800 18.07700 16.35700 5.84900 6.17500 12.44100 12.40000 12.77700
162.00000 13.43800 18.10700 2.04500 -0.21400 9.16500 21.69800 5.14700 6.72400 7.54800 19.05300 17.82200 6.82600 6.66300 13.41800 13.37700 13.75300
163.00000 13.92600 19.08400 2.53300 1.25100 9.16500 22.18600 9.05400 8.67700 7.54800 19.54100 19.77500 7.31400 7.15100 14.88200 14.35300 14.24200
164.00000 13.92600 19.57200 5.46300 2.22800 9.16500 22.67500 11.49500 8.67700 7.54800 19.54100 21.24000 6.82600 7.64000 16.34700 13.86500 14.73000
165.00000 13.43800 20.06000 10.34500 2.22800 9.16500 23.65100 11.49500 8.18900 7.54800 19.05300 21.72900 6.33700 7.64000 16.83600 12.88900 14.24200
166.00000 11.97300 19.08400 13.76300 0.76300 8.18900 22.67500 11.00700 6.72400 7.06000 19.05300 21.24000 5.84900 7.64000 17.81200 12.40000 14.24200
167.00000 10.99700 17.61900 15.22800 0.27500 7.21200 20.72100 11.49500 6.72400 7.06000 19.54100 21.24000 5.84900 8.12800 18.78900 11.91200 14.24200
168.00000 9.53200 15.66600 15.71700 -0.21400 5.74700 18.28000 13.93600 7.70100 7.54800 20.03000 22.21700 7.80200 9.10400 19.27700 12.88900 14.73000
169.00000 9.53200 13.71300 16.20500 0.27500 4.28300 16.32700 16.37800 9.16500 8.03600 20.51800 23.68200 9.75500 10.08100 18.78900 14.84200 15.21800
170.00000 9.04300 11.75900 17.18100 0.76300 3.79400 15.83900 18.33100 10.14200 8.52500 20.51800 25.14600 11.70900 9.59300 18.30000 15.81800 14.73000
171.00000 8.06700 10.78300 16.69300 1.25100 3.30600 15.83900 17.84300 10.14200 8.52500 20.03000 25.63500 11.70900 9.10400 16.83600 16.30700 13.75300
172.00000 7.09000 10.29500 14.25200 0.76300 3.30600 16.32700 15.40100 9.16500 8.52500 19.54100 25.14600 11.22000 8.61600 14.88200 15.81800 12.28800
173.00000 5.13700 9.80600 10.34500 -0.21400 3.79400 16.32700 12.47200 7.70100 8.52500 19.54100 23.68200 10.24400 8.12800 13.90600 14.84200 10.82400
174.00000 3.67200 9.31800 4.97400 -1.19000 4.28300 15.35000 9.54200 6.23600 8.52500 19.54100 20.75200 8.77900 8.61600 12.92900 13.37700 10.33500
175.00000 2.69600 8.83000 1.55600 -1.19000 3.79400 13.39700 6.61200 5.74700 8.03600 19.54100 16.84600 7.80200 9.10400 12.44100 11.42400 10.82400
176.00000 2.69600 7.36500 1.06800 -1.19000 3.30600 11.44400 4.17100 5.74700 8.03600 18.07700 13.91600 6.82600 9.10400 11.46400 9.95900 10.33500
177.00000 2.69600 6.38800 2.53300 -0.70200 1.84100 9.49100 2.21800 5.74700 7.06000 15.63500 11.96300 6.33700 8.61600 10.48800 7.51700 9.35900
178.00000 2.69600 5.41200 5.46300 -0.21400 1.35300 8.02600 0.75300 6.23600 6.57100 13.19400 10.98600 6.82600 8.12800 9.51100 6.05300 7.89400
179.00000 2.20700 4.92400 6.43900 -0.21400 -0.11200 7.53800 0.75300 6.23600 6.08300 11.72900 11.47500 6.82600 8.12800 8.53500 5.07600 6.42900
180.00000 1.71900 4.43500 5.95100 -1.67800 -0.60000 7.53800 2.70600 5.74700 6.08300 12.21700 11.96300 7.31400 9.10400 9.02300 5.56400 6.91700
181.00000 0.25400 3.45900 3.51000 -3.63200 -2.06500 7.05000 5.63600 5.25900 6.57100 13.68200 12.45100 7.31400 10.08100 10.00000 6.05300 7.89400
182.00000 -1.21100 2.48200 2.04500 -5.58500 -3.04200 6.56100 8.56500 4.28300 6.08300 14.65900 12.45100 7.80200 11.05800 10.48800 7.02900 9.35900
183.00000 -1.69900 1.50600 2.53300 -5.58500 -4.01800 6.07300 9.05400 4.77100 5.10700 13.19400 12.45100 8.29100 10.56900 10.00000 7.51700 9.35900
184.00000 -1.21100 0.52900 4.48600 -4.60800 -4.01800 4.60800 6.61200 5.74700 3.64200 9.77600 12.45100 8.29100 9.10400 8.04600 6.54100 7.89400
185.00000 -0.23400 1.01700 5.46300 -2.16700 -3.53000 3.63200 2.70600 7.21200 2.17700 6.35800 12.45100 8.29100 7.64000 6.09300 5.56400 6.42900
186.00000 0.74300 1.01700 4.48600 -0.21400 -3.04200 2.65500 -1.20000 7.70100 1.20000 3.91600 11.47500 8.29100 6.66300 4.62800 4.10000 4.96400
187.00000 1.71900 1.99400 1.06800 -0.21400 -2.55300 3.14300 -2.66500 6.72400 0.71200 3.91600 10.49800 7.31400 6.17500 4.14000 3.61100 4.96400
188.00000 1.71900 1.99400 -2.35000 -1.19000 -2.06500 4.12000 -1.68900 5.74700 0.22400 5.38100 9.03300 5.84900 5.19800 4.14000 3.12300 4.96400
189.00000 1.23100 1.99400 -2.35000 -2.65500 -2.55300 5.58500 1.24100 4.77100 -0.26400 6.84600 8.05700 4.87300 4.22200 3.16400 2.14600 3.98800
190.00000 0.74300 1.50600 1.55600 -2.65500 -2.55300 7.05000 4.17100 5.25900 -0.75300 8.31100 7.08000 3.89600 2.26800 1.69900 1.17000 2.03500
191.00000 0.74300 1.99400 7.41600 -1.67800 -2.55300 7.53800 5.63600 6.72400 -0.75300 8.79900 6.10400 2.92000 1.29200 0.72200 -0.29500 -0.40700
192.00000 1.23100 2.97000 10.83400 -0.21400 -1.57700 8.02600 4.65900 7.70100 -0.26400 9.28800 5.61500 2.43100 1.29200 -0.25400 -0.78300 -2.36000
193.00000 1.71900 3.94700 9.36900 0.27500 -0.60000 8.02600 2.70600 7.70100 1.20000 9.77600 5.61500 2.92000 1.78000 0.23400 -0.78300 -2.84800
194.00000 1.71900 3.94700 3.02100 -1.19000 -0.11200 8.02600 0.75300 6.72400 2.66500 10.26400 6.59200 3.89600 2.75700 1.21100 -0.29500 -1.87200
195.00000 0.25400 2.48200 -4.79100 -3.63200 -1.08800 7.53800 0.26400 6.23600 3.15300 10.75200 7.56800 5.36100 2.75700 1.21100 0.19300 -1.87200
196.00000 -1.69900 0.04100 -9.67400 -6.07300 -3.04200 6.07300 1.24100 6.23600 2.66500 10.26400 8.54500 5.84900 2.26800 0.23400 0.19300 -2.84800
197.00000 -3.16400 -2.40100 -7.72100 -6.07300 -4.99500 4.12000 3.19400 6.23600 1.68900 8.79900 9.03300 6.33700 1.29200 -1.71900 -0.29500 -4.31300
198.00000 -3.16400 -3.86600 -1.86200 -4.60800 -6.46000 2.16700 4.17100 6.72400 0.71200 6.84600 9.52100 6.33700 1.29200 -3.18400 -0.78300 -4.80100
199.00000 -2.67500 -3.86600 4.97400 -2.65500 -6.94800 0.70200 3.19400 6.23600 0.71200 5.87000 10.49800 6.33700 2.26800 -3.18400 0.19300 -3.82500
200.00000 -1.69900 -2.88900 7.90400 -1.67800 -6.94800 0.70200 0.75300 5.25900 1.20000 5.87000 11.96300 7.31400 4.22200 -1.23100 2.14600 -0.40700
201.00000 -2.18700 -2.40100 4.97400 -2.65500 -6.46000 1.67800 -2.66500 4.28300 2.17700 6.84600 13.91600 8.29100 6.17500 1.21100 4.58800 2.03500
202.00000 -3.16400 -2.40100 -0.39700 -4.12000 -5.48300 3.14300 -4.61800 3.79400 3.15300 8.79900 15.38100 8.29100 6.66300 4.14000 6.54100 4.47600
203.00000 -4.62800 -2.88900 -3.81500 -5.58500 -4.99500 4.60800 -4.61800 3.30600 4.13000 10.26400 14.89300 7.80200 6.17500 5.11700 7.02900 3.98800
204.00000 -4.14000 -2.88900 -4.79100 -5.09600 -4.01800 6.07300 -3.15300 3.30600 3.64200 10.75200 12.45100 5.84900 4.71000 4.62800 5.56400 2.52300
205.00000 -2.67500 -1.91200 -3.32600 -3.14300 -2.55300 7.05000 -1.68900 2.81800 3.15300 10.26400 10.01000 3.89600 3.24500 3.16400 3.12300 0.57000
206.00000 -1.21100 -0.44800 -2.83800 -1.67800 -1.57700 7.05000 -1.68900 2.81800 2.66500 8.31100 8.54500 3.40800 2.26800 2.18700 2.63500 0.57000
207.00000 0.25400 0.52900 -4.79100 -1.19000 -0.11200 7.53800 -3.15300 3.30600 2.66500 6.84600 9.52100 4.87300 2.75700 2.18700 3.61100 1.54600
208.00000 0.25400 0.52900 -7.23300 -1.67800 -0.11200 7.05000 -4.13000 3.79400 2.17700 5.87000 11.96300 7.31400 4.22200 3.16400 6.05300 3.01100
209.00000 -0.23400 -0.44800 -6.74400 -2.16700 -0.11200 6.07300 -3.15300 5.25900 1.68900 5.38100 15.38100 9.26700 4.71000 4.14000 7.51700 3.98800
210.00000 -0.72200 -1.91200 -2.83800 -2.16700 -1.08800 4.60800 -1.20000 6.23600 0.71200 5.38100 17.33400 10.73200 5.19800 4.14000 8.00600 3.98800
211.00000 -1.69900 -2.40100 3.99800 -1.19000 -2.06500 2.65500 2.21800 6.72400 0.22400 4.89300 17.33400 10.73200 4.71000 3.16400 6.54100 2.03500
212.00000 -2.18700 -3.37700 9.36900 -0.21400 -2.55300 1.19000 4.17100 6.72400 -0.26400 3.91600 15.38100 9.26700 4.22200 1.69900 4.10000 0.08100
213.00000 -3.16400 -4.35400 11.32200 -0.21400 -3.04200 -0.27500 4.17100 6.23600 0.22400 3.42800 12.93900 7.80200 4.71000 0.72200 1.65800 -1.38300
214.00000 -4.14000 -5.33000 8.88100 -1.19000 -3.04200 -1.25100 3.19400 5.74700 1.20000 2.94000 10.98600 6.82600 5.68600 1.21100 0.19300 -1.38300
215.00000 -5.60500 -6.30700 4.48600 -3.14300 -2.55300 -2.22800 1.24100 5.25900 3.15300 3.42800 10.01000 5.84900 7.15100 2.67500 -0.78300 -1.38300
216.00000 -6.09300 -7.77200 0.09200 -5.09600 -2.55300 -2.71600 0.75300 4.28300 5.10700 4.40500 9.03300 5.84900 8.61600 4.14000 -1.76000 -1.38300
217.00000 -7.07000 -8.74800 -3.32600 -6.56100 -3.04200 -2.71600 1.24100 3.79400 7.06000 5.87000 8.05700 6.33700 10.08100 5.60500 -1.76000 -1.87200
218.00000 -7.55800 -9.72500 -4.79100 -8.02600 -3.04200 -3.20400 2.70600 3.30600 8.03600 7.33400 8.05700 7.31400 11.05800 6.58200 -1.76000 -1.87200
219.00000 -8.04600 -10.21300 -5.28000 -8.02600 -3.53000 -2.71600 3.68200 2.81800 9.50100 8.79900 8.54500 7.80200 12.03400 8.04600 -0.78300 -0.89500
220.00000 -7.55800 -9.23700 -3.81500 -7.53800 -3.04200 -1.74000 3.68200 2.81800 9.98900 9.77600 10.01000 8.77900 13.01100 9.02300 1.17000 1.05800
221.00000 -6.58200 -7.28400 -1.37300 -5.58500 -2.06500 0.21400 2.70600 3.79400 10.96600 11.24100 10.98600 9.26700 13.49900 10.48800 3.61100 3.01100
222.00000 -4.14000 -4.84200 1.06800 -3.14300 -0.11200 2.16700 1.72900 4.77100 10.96600 11.72900 11.96300 9.75500 13.98700 10.48800 5.07600 4.47600
223.00000 -1.21100 -1.91200 3.51000 -0.21400 1.35300 4.12000 1.72900 5.25900 10.47800 11.24100 11.47500 9.26700 12.52200 9.02300 5.07600 3.49900
224.00000 0.74300 0.52900 3.99800 1.25100 2.81800 5.09600 2.21800 5.74700 9.50100 9.77600 10.01000 8.29100 10.08100 6.58200 3.12300 1.05800
225.00000 1.71900 1.50600 3.51000 0.76300 3.30600 5.58500 3.68200 4.77100 7.54800 8.31100 8.54500 6.82600 7.15100 3.16400 1.17000 -1.87200
226.00000 1.71900 1.01700 2.53300 -0.70200 2.81800 5.58500 4.65900 2.81800 6.08300 7.33400 8.54500 5.84900 5.19800 1.21100 0.19300 -2.84800
227.00000 1.23100 0.52900 1.55600 -2.65500 2.33000 5.09600 4.17100 0.86500 4.13000 6.35800 9.03300 5.84900 4.22200 0.72200 1.17000 -1.87200
228.00000 1.23100 0.04100 1.55600 -4.12000 1.84100 5.58500 1.72900 -0.11200 3.15300 5.87000 9.03300 5.36100 4.22200 1.69900 2.14600 0.08100
229.00000 1.71900 1.01700 2.53300 -3.63200 1.84100 6.07300 -2.17700 -1.08800 2.66500 5.38100 8.54500 5.36100 4.22200 2.67500 3.12300 1.54600
230.00000 2.69600 2.48200 3.51000 -2.16700 2.33000 7.05000 -6.57100 -0.60000 2.17700 5.38100 7.08000 4.38400 3.24500 2.67500 2.14600 1.54600
231.00000 3.67200 4.43500 3.51000 -0.21400 2.81800 7.53800 -8.52500 -0.60000 1.68900 5.87000 5.12700 3.40800 2.26800 2.18700 1.17000 1.05800
232.00000 3.18400 4.92400 3.02100 0.27500 2.81800 6.56100 -9.01300 -0.60000 0.71200 5.87000 3.66200 2.43100 1.78000 1.69900 0.19300 0.57000
233.00000 1.71900 3.45900 1.55600 -0.70200 1.84100 4.60800 -8.03600 -0.60000 -0.75300 4.89300 3.66200 2.43100 1.29200 0.72200 0.19300 0.57000
234.00000 -0.23400 1.01700 0.58000 -2.65500 0.37600 1.67800 -7.06000 -1.08800 -2.21800 2.45200 4.63900 2.92000 0.80400 0.23400 1.17000 0.57000
235.00000 -1.69900 -1.42400 -0.39700 -4.12000 -1.57700 -0.76300 -7.06000 -0.60000 -3.68200 -0.96600 5.61500 3.89600 0.80400 -0.25400 2.63500 0.57000
236.00000 -1.69900 -2.88900 -0.88500 -5.09600 -2.55300 -2.22800 -7.54800 0.86500 -5.14700 -3.89600 7.08000 4.87300 0.80400 -0.74300 3.12300 1.05800
237.00000 -0.72200 -1.91200 -1.86200 -5.09600 -2.55300 -2.22800 -6.57100 2.81800 -6.12400 -4.87300 9.03300 6.82600 1.29200 0.72200 4.58800 2.52300
238.00000 0.74300 0.52900 -3.32600 -4.60800 -1.57700 -0.76300 -3.15300 4.28300 -5.14700 -2.92000 12.93900 9.75500 3.73300 4.14000 6.54100 5.94100
239.00000 1.71900 2.97000 -6.25600 -4.60800 -1.08800 1.67800 1.24100 4.77100 -3.68200 1.47500 16.84600 11.70900 7.64000 9.02300 9.95900 10.33500
240.00000 1.23100 4.43500 -7.72100 -4.60800 -0.11200 3.14300 4.65900 4.28300 -0.75300 5.87000 20.26400 13.17300 11.05800 14.39400 12.40000 13.75300
241.00000 0.25400 3.94700 -7.72100 -5.09600 -0.60000 4.12000 6.12400 3.79400 1.68900 9.28800 21.24000 13.17300 13.98700 17.81200 13.86500 16.19500
242.00000 -0.72200 1.50600 -5.28000 -5.58500 -1.57700 3.14300 4.65900 3.30600 3.64200 10.75200 20.26400 12.19700 14.96400 19.27700 13.86500 16.19500
243.00000 -1.69900 -0.93600 -0.39700 -6.07300 -2.55300 2.16700 1.72900 3.30600 5.10700 9.77600 18.31100 11.22000 14.96400 18.78900 12.88900 15.70600
244.00000 -2.67500 -2.88900 3.02100 -6.56100 -4.50600 0.21400 -0.22400 3.79400 5.10700 8.31100 16.35700 10.24400 13.98700 17.32400 10.93500 14.24200
245.00000 -3.16400 -4.35400 3.51000 -7.53800 -5.48300 -1.25100 0.26400 3.79400 5.10700 7.33400 15.38100 9.26700 13.01100 15.37100 8.98200 12.77700
246.00000 -5.11700 -5.33000 -0.39700 -9.49100 -6.46000 -3.20400 0.75300 2.81800 4.61800 5.87000 13.42800 7.80200 11.54600 12.92900 6.05300 9.84700
247.00000 -7.55800 -6.79500 -6.74400 -10.95600 -7.43600 -5.15700 -0.22400 0.37600 4.13000 3.91600 10.49800 5.36100 9.59300 9.51100 2.63500 5.94100
248.00000 -10.00000 -8.26000 -13.09200 -12.90900 -7.43600 -6.62200 -4.61800 -2.55300 3.64200 1.96300 5.61500 1.94300 7.64000 5.60500 -0.78300 1.05800
249.00000 -11.95300 -8.74800 -16.51000 -13.88500 -7.43600 -7.59900 -10.47800 -5.48300 3.15300 -0.47800 0.73200 -0.98700 6.17500 1.69900 -3.71300 -2.84800
250.00000 -11.95300 -7.77200 -15.04500 -13.39700 -5.97100 -6.13400 -15.36100 -7.92400 2.17700 -2.92000 -2.68600 -2.94000 4.71000 -0.74300 -5.17800 -3.82500
251.00000 -10.48800 -6.79500 -11.13900 -12.42100 -4.50600 -3.69300 -16.33700 -9.38900 1.20000 -4.87300 -3.66200 -3.42800 3.24500 -2.69600 -5.66600 -3.82500
252.00000 -9.02300 -5.81900 -6.74400 -11.93200 -3.53000 -1.74000 -14.38400 -9.87800 -0.75300 -6.82600 -3.17400 -2.94000 1.78000 -5.13700 -6.15400 -3.82500
253.00000 -8.04600 -6.30700 -4.79100 -11.93200 -3.53000 -1.74000 -11.94300 -9.38900 -2.70600 -8.77900 -2.19700 -2.94000 -0.66100 -8.06700 -6.64300 -5.77800
254.00000 -8.53500 -7.77200 -5.76800 -12.42100 -4.50600 -2.71600 -11.94300 -9.38900 -5.14700 -10.73200 -1.22100 -2.94000 -3.10300 -11.48500 -6.15400 -7.73100
255.00000 -9.51100 -8.74800 -7.72100 -12.42100 -4.99500 -4.66900 -13.89600 -9.87800 -6.61200 -11.22000 0.24400 -1.96300 -5.05600 -13.43800 -4.69000 -8.21900
256.00000 -9.51100 -8.74800 -8.20900 -11.93200 -5.48300 -5.15700 -15.84900 -9.87800 -7.58900 -11.22000 1.70900 -0.98700 -6.03200 -13.92600 -1.27200 -6.75500
