1.00000 -1.44400 0.04100 0.30500 0.96600 -0.71200 0.89500 -2.40100 -1.40400 -0.93600 -2.83800 -3.13300 0.85400 -1.46500 -3.99800 -0.15300 -3.38700
2.00000 0.02000 0.52900 1.28200 0.96600 -0.71200 1.87200 -3.37700 -1.40400 -1.42400 -3.32600 -2.64500 0.36600 -1.95300 -4.97400 0.33600 -3.38700
3.00000 1.97300 0.52900 2.25800 0.96600 -0.22400 2.36000 -2.88900 -0.91600 -1.42400 -2.35000 -2.64500 -0.61000 -1.95300 -5.95100 -0.15300 -3.87600
4.00000 3.43800 1.01700 2.74700 0.47800 1.24100 2.36000 -1.91200 -1.40400 -0.44800 -0.39700 -3.13300 -2.07500 -1.95300 -5.95100 -1.61700 -5.34100
5.00000 4.90300 2.48200 2.74700 -0.01000 1.72900 1.87200 -0.93600 -1.40400 0.52900 0.58000 -4.11000 -3.05200 -1.46500 -4.48600 -3.08200 -6.80500
6.00000 5.39100 3.94700 3.23500 0.96600 2.70600 0.89500 0.04100 -1.89200 1.50600 0.58000 -5.08600 -4.51700 -1.46500 -2.53300 -4.54700 -7.29400
7.00000 5.39100 3.94700 3.72300 1.94300 2.70600 -0.08100 1.01700 -2.38000 1.99400 -0.39700 -5.57500 -5.00500 -0.97700 -0.58000 -5.52400 -6.80500
8.00000 5.39100 3.94700 4.21100 2.92000 2.70600 -0.08100 1.01700 -1.89200 1.50600 -1.86200 -5.57500 -5.00500 -0.48800 0.39700 -5.52400 -5.82900
9.00000 5.39100 3.94700 5.18800 3.89600 2.70600 1.38300 1.01700 -1.40400 1.01700 -1.37300 -5.57500 -5.00500 -0.48800 0.88500 -6.01200 -4.85200
10.00000 4.90300 4.43500 5.18800 3.89600 3.19400 3.82500 0.52900 -0.91600 1.01700 0.58000 -5.57500 -5.00500 0.00000 0.88500 -6.01200 -4.36400
11.00000 2.95000 6.38800 4.70000 3.40800 4.17100 6.75500 0.52900 -0.42700 1.99400 3.51000 -6.06300 -5.00500 0.48800 0.39700 -5.52400 -3.87600
12.00000 1.48500 7.85300 4.21100 2.92000 4.65900 9.19600 0.52900 -0.91600 2.97000 5.95100 -6.55100 -5.49300 0.97700 0.39700 -5.52400 -4.36400
13.00000 0.99700 8.34100 4.70000 2.92000 5.14700 10.17300 1.01700 -0.91600 3.94700 7.41600 -6.06300 -5.49300 0.48800 0.39700 -5.52400 -4.85200
14.00000 2.95000 7.36500 5.67600 3.40800 6.12400 9.19600 0.52900 -0.91600 4.43500 6.92700 -6.06300 -6.47000 0.00000 -0.09200 -6.50000 -6.31700
15.00000 6.85600 5.90000 6.16500 3.89600 6.12400 6.75500 -0.44800 -0.91600 3.94700 4.97400 -6.55100 -7.44600 -1.95300 -1.06800 -7.96500 -8.27000
16.00000 9.78600 4.92400 6.16500 4.87300 6.61200 4.31300 -1.91200 -1.40400 2.97000 2.04500 -8.01600 -8.91100 -3.90600 -3.51000 -9.91800 -10.22300
17.00000 9.78600 4.92400 4.21100 4.87300 6.12400 3.33700 -2.88900 -1.40400 1.99400 0.09200 -9.48100 -9.39900 -5.37100 -4.97400 -11.38300 -11.20000
18.00000 5.88000 5.41200 2.25800 4.38400 5.63600 3.33700 -2.88900 -1.89200 1.50600 0.09200 -10.45700 -9.88800 -6.34800 -5.95100 -10.89500 -10.71200
19.00000 0.50900 5.90000 1.28200 3.40800 5.14700 5.29000 -1.42400 -1.89200 1.01700 1.06800 -9.96900 -9.39900 -6.34800 -5.46300 -9.91800 -9.73500
20.00000 -2.90900 5.41200 1.77000 2.92000 5.63600 8.21900 0.04100 -1.40400 1.50600 3.51000 -8.99300 -8.42300 -6.34800 -3.99800 -7.96500 -8.27000
21.00000 -1.93300 4.43500 4.21100 2.43100 5.63600 9.68400 1.50600 -1.40400 1.50600 5.46300 -7.52800 -7.93500 -6.83600 -2.53300 -6.98900 -8.27000
22.00000 2.46200 3.45900 7.14100 2.43100 6.12400 10.17300 1.01700 -1.40400 1.99400 5.46300 -7.52800 -8.91100 -7.32400 -2.53300 -6.98900 -8.75900
23.00000 6.36800 3.45900 8.60600 3.40800 6.12400 7.73100 -0.44800 -1.89200 1.99400 3.99800 -8.50400 -9.39900 -7.81200 -3.02100 -8.45300 -9.73500
24.00000 7.34500 3.94700 7.14100 3.40800 4.65900 5.29000 -1.91200 -2.38000 1.99400 2.53300 -9.48100 -10.37600 -6.83600 -3.99800 -8.94200 -10.22300
25.00000 5.39100 4.92400 4.70000 2.92000 3.68200 3.82500 -2.88900 -3.35700 1.99400 1.55600 -10.45700 -9.88800 -5.37100 -4.48600 -8.45300 -8.75900
26.00000 1.97300 4.43500 2.25800 1.45500 2.70600 4.31300 -2.88900 -3.84500 1.99400 2.53300 -10.45700 -8.91100 -3.41800 -4.48600 -6.98900 -6.80500
27.00000 0.02000 2.97000 1.28200 0.47800 2.21800 5.77800 -3.37700 -3.84500 2.48200 3.51000 -9.96900 -7.93500 -1.95300 -3.99800 -5.03500 -4.36400
28.00000 0.02000 0.52900 1.77000 -0.01000 2.21800 6.26600 -2.88900 -3.84500 2.48200 3.51000 -9.48100 -6.95800 -0.48800 -3.02100 -3.57100 -2.41100
29.00000 0.99700 -1.91200 3.23500 0.47800 2.21800 4.80100 -3.86600 -4.33300 2.48200 2.53300 -9.48100 -6.95800 0.00000 -2.04500 -3.08200 -0.94600
30.00000 1.48500 -4.35400 3.72300 1.45500 1.24100 2.36000 -4.35400 -4.82200 2.48200 1.06800 -9.48100 -7.44600 0.48800 -2.04500 -3.08200 -0.45800
31.00000 0.50900 -4.35400 3.23500 0.96600 -0.22400 0.40700 -5.33000 -5.31000 1.50600 -0.39700 -9.48100 -7.44600 0.97700 -2.53300 -3.08200 -0.45800
32.00000 -1.44400 -3.37700 1.77000 -0.01000 -1.68900 0.40700 -4.84200 -4.82200 1.01700 -0.39700 -8.50400 -6.95800 1.46500 -3.02100 -3.08200 -0.94600
33.00000 -3.88600 -1.42400 0.79300 -1.96300 -1.20000 2.84800 -3.37700 -4.33300 0.52900 0.58000 -7.03900 -5.49300 1.46500 -2.53300 -2.10600 -1.43400
34.00000 -4.37400 1.01700 1.28200 -3.42800 -0.22400 5.77800 -1.42400 -4.33300 1.01700 2.53300 -5.57500 -4.51700 1.46500 -1.55600 -1.61700 -1.43400
35.00000 -1.93300 2.48200 3.23500 -2.94000 1.72900 7.73100 0.04100 -3.84500 1.50600 4.48600 -4.59800 -3.54000 0.97700 -0.09200 -0.15300 -0.94600
36.00000 1.97300 3.45900 6.16500 -1.47500 3.19400 7.73100 1.99400 -3.35700 2.97000 6.43900 -3.62100 -3.54000 0.97700 0.88500 1.31200 0.03100
37.00000 6.85600 4.43500 7.62900 1.45500 4.65900 8.21900 2.48200 -3.35700 4.43500 7.90400 -3.62100 -4.02800 1.46500 1.86200 2.28900 1.00700
38.00000 9.78600 4.92400 8.60600 3.40800 5.63600 9.68400 2.48200 -2.86900 5.41200 8.39200 -3.13300 -4.02800 0.97700 2.35000 2.77700 1.98400
39.00000 10.76300 5.90000 8.11800 4.38400 6.12400 11.14900 2.48200 -1.89200 4.92400 7.41600 -2.64500 -4.51700 0.48800 2.35000 2.28900 1.49500
40.00000 8.80900 6.38800 7.14100 4.38400 7.10000 11.63700 2.48200 -1.40400 4.43500 5.95100 -2.15700 -4.51700 0.00000 1.37300 2.28900 1.00700
41.00000 4.41500 5.41200 6.16500 4.38400 7.10000 10.66100 2.97000 -0.42700 3.45900 5.46300 -2.15700 -4.02800 -0.48800 0.88500 1.80100 1.00700
42.00000 0.50900 3.94700 6.16500 3.40800 7.10000 8.21900 3.45900 -0.42700 2.97000 5.46300 -2.15700 -3.54000 -0.48800 0.39700 2.28900 1.00700
43.00000 -1.93300 1.50600 5.67600 2.92000 6.61200 5.77800 3.94700 -0.42700 2.97000 6.92700 -2.15700 -3.05200 0.00000 0.39700 2.28900 1.98400
44.00000 -1.93300 -0.44800 5.18800 1.94300 5.63600 5.29000 3.45900 -1.40400 3.45900 7.90400 -2.15700 -3.05200 0.48800 0.88500 2.28900 1.98400
45.00000 0.02000 -1.42400 4.70000 1.45500 5.14700 5.29000 2.48200 -1.40400 2.97000 7.90400 -2.64500 -3.05200 0.48800 0.88500 1.31200 1.98400
46.00000 1.97300 -1.42400 4.70000 0.47800 4.65900 5.77800 1.01700 -1.89200 2.48200 5.46300 -3.13300 -3.05200 0.00000 -0.09200 0.33600 0.51900
47.00000 1.97300 -1.42400 3.72300 -0.01000 4.17100 4.31300 -0.44800 -1.40400 1.50600 2.53300 -3.62100 -3.05200 -0.97700 -2.04500 -0.64100 -1.43400
48.00000 -1.44400 -2.88900 1.77000 -0.49800 2.70600 1.87200 -1.91200 -0.91600 1.01700 -0.39700 -4.11000 -3.05200 -1.95300 -3.99800 -1.12900 -2.89900
49.00000 -6.32700 -6.30700 -0.67100 -0.98700 1.24100 -1.05800 -2.88900 -1.40400 0.52900 -1.86200 -4.11000 -2.56300 -2.44100 -5.95100 -1.12900 -3.87600
50.00000 -10.23400 -10.21300 -3.60100 -1.96300 -0.71200 -3.49900 -3.37700 -1.89200 0.04100 -1.86200 -3.62100 -2.07500 -2.44100 -6.43900 -0.15300 -3.38700
51.00000 -11.69800 -12.65500 -5.55400 -2.94000 -1.68900 -4.96400 -3.37700 -2.38000 0.04100 -2.35000 -3.13300 -1.58700 -1.95300 -5.95100 0.33600 -2.41100
52.00000 -10.72200 -12.65500 -6.04200 -3.91600 -2.17700 -6.42900 -2.40100 -2.86900 -0.44800 -2.83800 -3.13300 -1.58700 -1.46500 -5.46300 0.33600 -1.92300
53.00000 -8.28000 -10.21300 -5.55400 -3.42800 -2.17700 -8.38200 -1.91200 -2.86900 -0.44800 -3.81500 -3.62100 -1.58700 -1.46500 -4.97400 -0.64100 -2.41100
54.00000 -7.79200 -7.28400 -4.57800 -3.42800 -2.17700 -9.84700 -2.40100 -2.38000 -0.93600 -4.79100 -4.11000 -1.58700 -1.95300 -5.46300 -1.61700 -3.38700
55.00000 -9.74500 -6.79500 -5.06600 -3.91600 -2.66500 -10.82400 -3.37700 -1.89200 -1.42400 -5.76800 -4.59800 -1.58700 -2.44100 -6.43900 -2.59400 -4.36400
56.00000 -13.16300 -10.21300 -6.04200 -4.40500 -3.64200 -10.82400 -4.84200 -1.40400 -2.40100 -6.74400 -5.08600 -1.09900 -2.44100 -7.41600 -2.59400 -5.34100
57.00000 -16.09300 -15.09600 -7.99600 -5.87000 -5.10700 -10.33500 -6.30700 -0.91600 -2.88900 -7.23300 -4.59800 -0.61000 -2.93000 -7.90400 -2.59400 -5.82900
58.00000 -17.06900 -19.00200 -9.46000 -6.35800 -5.59500 -10.33500 -6.30700 -0.91600 -3.37700 -7.72100 -4.11000 0.36600 -2.44100 -6.92700 -1.61700 -4.85200
59.00000 -15.60500 -19.49100 -9.46000 -6.35800 -5.59500 -10.82400 -5.33000 -0.91600 -2.88900 -7.72100 -3.13300 1.34300 -2.44100 -5.95100 -0.64100 -3.87600
60.00000 -13.65200 -16.56100 -8.97200 -5.38100 -5.10700 -11.31200 -4.84200 -0.91600 -2.40100 -7.72100 -2.64500 1.83100 -1.95300 -4.97400 0.33600 -2.89900
61.00000 -13.16300 -13.14300 -8.48400 -4.40500 -4.61800 -10.82400 -4.84200 -1.40400 -1.42400 -6.74400 -2.15700 1.83100 -1.46500 -4.48600 0.82400 -2.41100
62.00000 -13.65200 -11.67800 -7.99600 -3.42800 -4.61800 -9.84700 -5.81900 -1.40400 -0.93600 -6.74400 -2.15700 1.34300 -0.97700 -4.48600 0.82400 -2.41100
63.00000 -15.11600 -13.14300 -7.99600 -3.42800 -4.61800 -9.35900 -6.30700 -0.91600 -1.42400 -7.72100 -2.64500 0.85400 -0.97700 -5.95100 0.33600 -2.41100
64.00000 -15.11600 -15.58400 -7.01900 -2.94000 -5.10700 -9.84700 -5.81900 -0.42700 -2.40100 -9.18600 -2.15700 0.36600 -1.46500 -7.41600 -0.15300 -2.89900
65.00000 -14.14000 -17.53700 -5.55400 -2.45200 -5.59500 -11.80000 -3.37700 0.06100 -2.88900 -10.65100 -2.15700 0.85400 -1.95300 -8.39200 0.33600 -3.38700
66.00000 -13.16300 -17.53700 -4.08900 -1.96300 -6.08300 -12.77700 -1.42400 1.03800 -2.88900 -10.65100 -1.18000 2.31900 -1.46500 -8.39200 0.82400 -2.89900
67.00000 -13.16300 -16.07300 -4.57800 -2.94000 -6.08300 -12.28800 0.04100 1.03800 -1.91200 -9.18600 -0.20300 3.29600 -0.48800 -7.90400 1.80100 -2.41100
68.00000 -15.60500 -14.60800 -6.53100 -4.40500 -6.57100 -10.33500 -0.44800 1.03800 -1.42400 -7.72100 0.28500 3.78400 0.48800 -7.41600 2.77700 -0.94600
69.00000 -19.02300 -14.60800 -8.48400 -5.38100 -7.06000 -8.38200 -1.91200 0.54900 -1.91200 -7.23300 0.77300 3.29600 0.97700 -6.92700 3.26500 0.03100
70.00000 -19.99900 -15.58400 -9.46000 -5.38100 -8.52500 -9.35900 -2.88900 0.54900 -2.40100 -8.69800 0.77300 2.80800 0.97700 -6.92700 3.26500 0.51900
71.00000 -18.04600 -16.56100 -8.48400 -4.40500 -9.50100 -12.77700 -2.88900 1.03800 -3.37700 -11.13900 0.77300 2.80800 0.48800 -7.41600 2.77700 1.00700
72.00000 -13.16300 -17.04900 -6.04200 -2.94000 -9.98900 -15.70600 -1.91200 1.52600 -3.86600 -12.60400 0.28500 2.80800 0.00000 -7.90400 2.77700 0.03100
73.00000 -8.76900 -17.04900 -4.08900 -1.47500 -9.50100 -16.68300 -0.44800 2.01400 -3.86600 -12.11500 0.77300 3.29600 0.00000 -7.90400 2.77700 0.03100
74.00000 -7.30400 -16.07300 -3.11300 -1.96300 -8.52500 -13.75300 0.52900 2.50200 -2.88900 -10.65100 0.77300 3.78400 0.48800 -7.41600 3.26500 0.03100
75.00000 -10.23400 -14.60800 -4.08900 -2.45200 -7.54800 -9.35900 0.52900 2.50200 -2.40100 -8.20900 0.77300 4.27200 1.46500 -5.95100 4.24200 0.51900
76.00000 -14.62800 -13.63100 -5.06600 -3.42800 -7.54800 -6.42900 0.04100 2.01400 -2.40100 -7.72100 1.26100 4.27200 1.95300 -4.97400 4.73000 1.98400
77.00000 -18.04600 -13.14300 -5.55400 -3.42800 -8.03600 -6.91700 0.52900 2.01400 -3.37700 -8.20900 1.75000 4.76100 1.95300 -4.48600 5.70700 2.96000
78.00000 -18.04600 -13.14300 -4.57800 -3.42800 -9.50100 -11.31200 1.50600 2.50200 -4.35400 -9.67400 3.21500 5.73700 1.46500 -4.48600 7.17200 3.93700
79.00000 -14.62800 -13.63100 -3.11300 -2.94000 -10.96600 -15.21800 2.48200 2.99100 -5.33000 -10.65100 5.16800 7.20200 1.46500 -5.95100 8.14800 4.91300
80.00000 -11.21000 -14.60800 -1.64800 -2.94000 -11.94300 -16.19500 3.45900 3.47900 -5.33000 -10.65100 6.63200 8.17900 1.46500 -6.43900 9.61300 4.91300
81.00000 -8.28000 -15.09600 -1.16000 -3.42800 -12.43100 -14.73000 3.94700 2.99100 -5.33000 -10.16200 7.12100 8.17900 1.95300 -6.43900 10.10100 5.40200
82.00000 -8.28000 -14.60800 -1.64800 -4.40500 -12.43100 -11.31200 3.94700 2.01400 -4.84200 -9.18600 6.63200 7.69000 2.44100 -5.95100 9.61300 5.89000
83.00000 -8.76900 -13.63100 -1.64800 -4.89300 -11.45400 -9.35900 3.94700 1.03800 -4.35400 -8.69800 6.14400 6.71400 2.93000 -4.97400 9.12500 5.89000
84.00000 -10.23400 -11.67800 -2.13600 -5.38100 -9.98900 -8.38200 3.94700 0.06100 -3.86600 -8.20900 5.16800 6.22600 3.41800 -3.51000 8.63600 5.89000
85.00000 -10.23400 -10.21300 -2.13600 -6.35800 -9.50100 -9.35900 3.94700 -0.42700 -2.88900 -8.20900 4.67900 5.73700 3.90600 -2.04500 8.14800 6.37800
86.00000 -10.72200 -11.19000 -2.62500 -6.84600 -9.50100 -10.82400 2.97000 -0.42700 -2.88900 -7.72100 5.16800 6.22600 4.39500 -1.55600 8.63600 6.86600
87.00000 -11.21000 -13.63100 -3.11300 -6.84600 -10.96600 -12.28800 1.99400 0.06100 -2.88900 -7.72100 5.65600 6.22600 4.39500 -1.06800 8.63600 7.35500
88.00000 -12.18700 -17.04900 -3.11300 -6.35800 -13.40700 -13.26500 1.01700 0.54900 -3.86600 -8.20900 6.14400 6.22600 4.39500 -0.58000 9.12500 7.84300
89.00000 -14.14000 -19.49100 -2.62500 -5.38100 -14.87200 -14.24200 1.01700 1.03800 -4.84200 -8.20900 5.65600 6.71400 4.39500 -1.06800 9.12500 8.33100
90.00000 -16.09300 -20.46700 -2.13600 -5.38100 -15.84900 -15.21800 2.48200 1.03800 -5.81900 -8.20900 5.65600 7.20200 3.90600 -1.06800 8.63600 7.84300
91.00000 -18.53400 -20.46700 -2.13600 -6.84600 -15.84900 -15.70600 3.94700 1.03800 -5.81900 -8.20900 6.14400 8.17900 3.90600 -1.55600 9.12500 7.84300
92.00000 -19.51100 -20.46700 -2.62500 -8.31100 -15.36100 -15.70600 4.92400 1.52600 -5.33000 -8.20900 7.12100 8.66700 3.90600 -2.04500 9.61300 7.84300
93.00000 -19.99900 -21.44400 -3.60100 -10.75200 -15.36100 -15.70600 4.43500 1.03800 -5.33000 -8.69800 8.09700 9.15500 4.39500 -1.55600 10.59000 8.33100
94.00000 -18.53400 -22.90900 -4.57800 -11.72900 -15.84900 -16.19500 2.97000 0.54900 -5.33000 -9.67400 8.58600 9.64400 4.88300 -1.06800 11.07800 9.30800
95.00000 -16.58100 -24.37300 -5.06600 -11.72900 -16.33700 -17.17100 1.99400 0.54900 -5.81900 -11.13900 9.07400 9.15500 5.37100 -1.06800 11.56600 9.79600
96.00000 -15.60500 -24.86200 -4.57800 -10.75200 -16.82500 -19.12400 1.50600 1.03800 -5.81900 -11.62700 9.07400 9.64400 5.37100 -1.06800 11.56600 10.28400
97.00000 -16.09300 -24.37300 -4.08900 -9.77600 -17.31400 -21.07700 1.99400 1.03800 -6.30700 -11.62700 9.07400 9.64400 4.88300 -2.04500 12.05400 10.28400
98.00000 -18.53400 -23.88500 -4.57800 -9.77600 -18.29000 -21.56600 2.48200 1.03800 -6.30700 -11.62700 9.07400 9.64400 4.39500 -3.51000 11.56600 9.30800
99.00000 -21.46400 -23.39700 -5.06600 -9.77600 -19.26700 -21.07700 3.45900 0.54900 -5.81900 -11.13900 8.58600 9.64400 3.90600 -3.99800 11.56600 8.33100
100.00000 -23.41700 -23.88500 -6.53100 -10.26400 -19.26700 -18.63600 2.97000 -0.42700 -5.33000 -10.65100 8.09700 8.66700 3.90600 -3.51000 11.07800 7.84300
101.00000 -23.41700 -24.37300 -7.99600 -11.24100 -19.26700 -16.68300 1.99400 -0.91600 -4.35400 -11.13900 7.12100 8.17900 4.39500 -2.04500 10.59000 6.86600
102.00000 -22.44100 -24.86200 -9.46000 -11.72900 -19.26700 -16.19500 0.04100 -1.40400 -3.86600 -11.13900 6.14400 8.17900 4.88300 -0.09200 9.61300 6.37800
103.00000 -22.44100 -25.35000 -10.92500 -12.21700 -19.26700 -17.66000 -1.91200 -1.40400 -3.86600 -11.62700 5.16800 7.69000 4.88300 1.37300 8.63600 5.89000
104.00000 -23.41700 -25.35000 -11.90200 -12.70500 -19.75500 -20.10100 -3.37700 -1.40400 -4.35400 -11.62700 4.19100 7.20200 4.39500 0.39700 7.66000 5.40200
105.00000 -23.90500 -25.35000 -12.39000 -13.19400 -19.26700 -22.05400 -4.35400 -1.40400 -5.33000 -12.11500 3.21500 5.73700 3.90600 -1.55600 6.19500 4.91300
106.00000 -23.90500 -24.86200 -12.39000 -12.70500 -18.77800 -21.56600 -4.35400 -1.40400 -4.84200 -11.62700 2.72600 4.76100 2.93000 -3.02100 5.21900 3.93700
107.00000 -21.95200 -23.88500 -11.90200 -12.21700 -17.31400 -19.12400 -3.86600 -1.89200 -4.35400 -11.13900 2.72600 4.27200 2.44100 -3.99800 5.21900 3.93700
108.00000 -20.48700 -22.90900 -10.92500 -10.75200 -16.82500 -16.68300 -3.37700 -1.89200 -3.86600 -10.16200 3.21500 4.27200 2.44100 -3.99800 5.21900 3.44800
109.00000 -20.48700 -22.90900 -10.92500 -10.26400 -16.33700 -15.21800 -3.86600 -1.40400 -3.37700 -10.16200 3.70300 5.24900 2.44100 -3.99800 5.70700 3.44800
110.00000 -21.46400 -23.88500 -10.92500 -9.77600 -16.82500 -16.19500 -3.86600 -0.91600 -3.37700 -10.65100 3.70300 5.73700 2.44100 -4.97400 5.70700 2.96000
111.00000 -22.44100 -24.86200 -10.92500 -9.28800 -17.80200 -18.63600 -4.35400 -0.91600 -3.86600 -12.60400 3.21500 5.73700 1.46500 -7.41600 4.73000 1.49500
112.00000 -22.44100 -25.35000 -10.43700 -8.31100 -17.80200 -20.58900 -4.35400 -0.91600 -4.35400 -14.55700 1.75000 4.27200 0.00000 -9.36900 3.26500 -0.45800
113.00000 -20.48700 -24.86200 -9.94900 -7.82300 -17.31400 -21.07700 -4.84200 -1.40400 -5.33000 -16.02200 -0.20300 3.29600 -0.97700 -10.83400 1.31200 -1.92300
114.00000 -18.53400 -23.88500 -8.48400 -6.84600 -15.84900 -20.58900 -4.84200 -1.89200 -5.33000 -15.53300 -1.66800 1.83100 -1.46500 -11.32200 0.33600 -2.89900
115.00000 -18.53400 -22.90900 -7.50700 -6.84600 -15.36100 -20.10100 -4.84200 -2.38000 -5.81900 -14.06900 -2.64500 1.83100 -1.46500 -10.83400 0.33600 -2.89900
116.00000 -19.51100 -22.42000 -7.50700 -7.82300 -14.87200 -19.12400 -3.86600 -2.38000 -5.81900 -12.11500 -2.64500 1.83100 -1.46500 -10.34500 0.82400 -1.92300
117.00000 -20.48700 -21.93200 -7.01900 -8.79900 -14.87200 -18.14800 -2.40100 -1.40400 -5.81900 -10.65100 -2.15700 2.31900 -0.97700 -10.34500 1.80100 -1.43400
118.00000 -20.48700 -20.95500 -6.53100 -8.79900 -14.87200 -16.19500 -0.93600 -0.91600 -5.81900 -10.16200 -0.69200 3.29600 -1.46500 -9.85700 2.28900 -1.43400
119.00000 -18.53400 -19.49100 -5.55400 -7.82300 -14.87200 -14.24200 0.52900 0.06100 -5.81900 -10.65100 0.77300 3.78400 -1.46500 -8.88100 3.26500 -1.92300
120.00000 -16.09300 -17.53700 -5.06600 -6.84600 -14.87200 -12.77700 0.04100 0.54900 -5.33000 -11.62700 1.75000 4.27200 -1.95300 -7.90400 3.26500 -2.41100
121.00000 -16.09300 -17.04900 -5.55400 -6.84600 -14.87200 -12.28800 -0.93600 0.06100 -4.84200 -11.62700 1.75000 4.27200 -1.95300 -7.41600 2.77700 -2.89900
122.00000 -19.02300 -17.53700 -6.53100 -7.33400 -15.36100 -12.77700 -2.40100 -1.40400 -4.84200 -11.13900 0.77300 3.29600 -1.46500 -8.39200 2.28900 -2.89900
123.00000 -22.44100 -19.00200 -7.50700 -8.31100 -15.36100 -13.75300 -2.88900 -2.38000 -4.84200 -10.16200 -0.20300 2.31900 -1.46500 -9.36900 1.80100 -2.41100
124.00000 -24.88200 -20.46700 -7.50700 -9.28800 -15.36100 -14.24200 -2.40100 -2.38000 -4.84200 -9.18600 -0.69200 1.34300 -1.46500 -10.34500 1.80100 -1.92300
125.00000 -23.41700 -20.95500 -7.01900 -8.79900 -15.36100 -14.24200 -0.93600 -1.40400 -5.33000 -9.18600 -0.20300 1.34300 -0.97700 -9.85700 2.28900 -0.94600
126.00000 -19.99900 -20.46700 -5.06600 -6.84600 -15.36100 -14.24200 0.52900 0.06100 -5.81900 -10.16200 1.26100 2.31900 -0.97700 -8.39200 3.26500 -0.45800
127.00000 -15.60500 -20.95500 -3.60100 -5.38100 -15.36100 -13.75300 1.50600 1.52600 -6.30700 -10.65100 2.72600 3.78400 -0.97700 -6.43900 4.24200 0.03100
128.00000 -13.65200 -21.44400 -3.11300 -4.89300 -16.33700 -13.75300 1.01700 2.01400 -6.79500 -10.16200 2.72600 4.27200 -0.97700 -4.97400 4.24200 0.03100
129.00000 -14.14000 -22.90900 -3.11300 -5.87000 -16.82500 -13.75300 0.04100 2.01400 -6.30700 -9.18600 1.75000 3.78400 -0.48800 -4.48600 3.26500 -0.94600
130.00000 -16.58100 -23.88500 -4.57800 -7.82300 -16.33700 -13.26500 -0.44800 1.03800 -5.81900 -7.23300 0.28500 2.31900 -0.97700 -4.97400 1.80100 -1.92300
131.00000 -19.99900 -24.37300 -5.55400 -9.28800 -15.36100 -11.31200 -0.93600 0.06100 -4.35400 -5.76800 -1.66800 0.36600 -1.46500 -5.46300 0.33600 -2.89900
132.00000 -21.95200 -22.90900 -6.53100 -9.77600 -13.89600 -10.33500 -1.42400 -0.91600 -3.86600 -5.28000 -3.13300 -1.09900 -2.44100 -6.43900 -1.12900 -3.38700
133.00000 -22.44100 -20.46700 -6.53100 -8.79900 -12.43100 -9.35900 -1.42400 -0.91600 -3.86600 -6.25600 -4.59800 -1.58700 -3.41800 -7.41600 -1.61700 -4.36400
134.00000 -21.46400 -19.00200 -6.04200 -7.82300 -10.96600 -9.35900 -1.91200 -0.42700 -4.35400 -7.23300 -5.08600 -1.09900 -4.39500 -8.39200 -2.59400 -5.34100
135.00000 -19.99900 -17.53700 -5.06600 -6.84600 -10.47800 -10.33500 -2.88900 0.06100 -5.33000 -8.20900 -6.06300 -0.61000 -4.88300 -8.88100 -3.08200 -5.34100
136.00000 -17.55800 -17.04900 -4.08900 -6.35800 -10.47800 -10.82400 -3.37700 0.54900 -5.33000 -8.20900 -6.55100 -0.61000 -3.90600 -8.39200 -3.08200 -4.36400
137.00000 -15.60500 -17.04900 -4.08900 -7.33400 -10.96600 -10.82400 -3.37700 1.03800 -4.84200 -7.23300 -6.55100 -0.12200 -2.93000 -6.43900 -2.10600 -3.38700
138.00000 -15.11600 -17.53700 -4.08900 -7.82300 -11.45400 -9.84700 -2.88900 0.54900 -3.86600 -5.28000 -6.06300 -0.12200 -1.46500 -3.99800 -0.64100 -1.43400
139.00000 -15.60500 -18.51400 -4.57800 -7.82300 -11.94300 -8.87000 -1.91200 0.54900 -3.37700 -3.81500 -5.57500 -0.12200 -0.48800 -3.02100 0.82400 -0.94600
140.00000 -17.55800 -19.49100 -4.57800 -6.84600 -12.43100 -8.38200 -0.93600 0.54900 -3.86600 -3.81500 -4.59800 -0.12200 -0.97700 -3.51000 1.31200 -0.94600
141.00000 -19.99900 -20.46700 -4.08900 -5.87000 -13.40700 -8.38200 -0.44800 1.03800 -4.84200 -4.30300 -3.62100 0.36600 -1.46500 -4.97400 0.82400 -1.92300
142.00000 -21.46400 -21.44400 -3.11300 -4.89300 -13.89600 -9.84700 -0.93600 1.52600 -5.81900 -5.76800 -3.13300 0.36600 -2.44100 -6.92700 -0.15300 -2.41100
143.00000 -21.95200 -21.44400 -2.62500 -4.89300 -14.38400 -10.82400 -1.42400 1.52600 -6.30700 -6.25600 -3.62100 0.36600 -2.44100 -7.41600 -0.64100 -2.41100
144.00000 -21.46400 -20.95500 -2.13600 -5.38100 -13.89600 -11.31200 -1.91200 1.52600 -5.81900 -6.25600 -4.11000 0.36600 -2.44100 -6.92700 -0.15300 -1.43400
145.00000 -19.99900 -19.49100 -2.62500 -6.35800 -12.91900 -11.31200 -1.91200 1.03800 -5.81900 -5.76800 -4.11000 -0.12200 -2.44100 -5.46300 0.33600 -1.43400
146.00000 -18.53400 -19.49100 -2.62500 -7.33400 -11.45400 -10.82400 -0.44800 0.54900 -5.33000 -5.76800 -3.62100 0.36600 -2.93000 -4.48600 0.82400 -1.43400
147.00000 -17.55800 -20.46700 -2.62500 -7.33400 -11.45400 -10.82400 1.01700 1.03800 -4.84200 -6.25600 -2.64500 0.85400 -2.93000 -4.48600 1.31200 -1.92300
148.00000 -18.53400 -21.93200 -2.62500 -6.84600 -11.45400 -11.31200 1.99400 1.52600 -5.33000 -7.23300 -2.15700 1.34300 -2.44100 -5.46300 1.80100 -1.92300
149.00000 -19.51100 -23.88500 -3.11300 -6.84600 -12.91900 -12.28800 1.50600 1.52600 -5.33000 -7.72100 -2.15700 2.31900 -1.46500 -5.95100 1.80100 -0.94600
150.00000 -19.99900 -24.37300 -3.60100 -6.84600 -13.40700 -13.26500 -0.44800 1.03800 -5.81900 -8.20900 -3.13300 1.83100 -0.97700 -5.95100 1.80100 0.03100
151.00000 -19.51100 -23.88500 -5.06600 -7.33400 -12.91900 -13.75300 -2.88900 0.54900 -5.33000 -9.18600 -5.08600 0.36600 -0.48800 -5.46300 0.82400 0.03100
152.00000 -19.02300 -22.42000 -6.04200 -7.82300 -11.94300 -14.24200 -4.84200 -0.42700 -5.81900 -9.67400 -6.55100 -1.09900 -1.46500 -5.95100 -0.64100 -1.43400
153.00000 -19.51100 -21.93200 -7.50700 -8.31100 -11.45400 -14.24200 -5.33000 -0.91600 -5.81900 -10.16200 -8.01600 -3.05200 -3.41800 -7.41600 -2.10600 -4.36400
154.00000 -20.97600 -21.44400 -8.48400 -8.79900 -10.96600 -13.75300 -5.33000 -1.40400 -6.30700 -9.67400 -8.50400 -3.05200 -4.88300 -9.36900 -3.57100 -6.80500
155.00000 -23.90500 -22.42000 -9.46000 -9.28800 -11.45400 -13.26500 -5.33000 -0.91600 -6.30700 -8.69800 -8.01600 -2.56300 -5.37100 -10.34500 -4.05900 -7.78200
156.00000 -25.37000 -22.42000 -10.43700 -9.77600 -11.45400 -12.77700 -4.84200 -0.42700 -6.30700 -8.20900 -7.03900 -1.09900 -4.88300 -10.34500 -3.08200 -6.80500
157.00000 -24.39400 -21.44400 -10.43700 -9.28800 -11.45400 -13.26500 -4.84200 -0.42700 -5.81900 -7.72100 -6.55100 -0.12200 -3.41800 -8.88100 -2.10600 -5.34100
158.00000 -21.46400 -19.49100 -9.46000 -8.31100 -10.47800 -14.24200 -4.84200 0.06100 -4.84200 -8.69800 -6.55100 0.36600 -2.93000 -7.90400 -2.10600 -3.38700
159.00000 -17.55800 -18.51400 -7.01900 -6.84600 -9.50100 -15.21800 -4.84200 0.06100 -4.35400 -9.18600 -6.55100 -0.61000 -2.44100 -7.90400 -3.08200 -3.38700
160.00000 -14.62800 -18.51400 -6.04200 -6.35800 -9.50100 -15.21800 -4.35400 0.06100 -3.86600 -9.18600 -7.52800 -1.09900 -2.44100 -8.88100 -4.54700 -5.34100
161.00000 -15.60500 -19.49100 -6.53100 -7.82300 -9.50100 -13.26500 -4.84200 0.06100 -3.86600 -8.20900 -8.01600 -2.07500 -2.93000 -9.85700 -6.01200 -7.29400
162.00000 -18.53400 -20.95500 -9.46000 -10.26400 -9.98900 -10.82400 -5.81900 -0.42700 -3.86600 -6.74400 -9.48100 -2.07500 -2.93000 -9.36900 -6.98900 -8.27000
163.00000 -21.46400 -22.42000 -12.39000 -13.19400 -10.47800 -8.38200 -7.77200 -1.40400 -3.37700 -4.79100 -10.94600 -2.56300 -2.44100 -8.39200 -7.47700 -8.27000
164.00000 -23.41700 -22.42000 -14.34300 -14.65900 -9.98900 -7.89400 -9.23700 -2.86900 -2.88900 -3.81500 -12.89900 -3.05200 -1.46500 -7.41600 -6.98900 -6.80500
165.00000 -23.90500 -21.44400 -14.83200 -14.17000 -9.50100 -8.38200 -10.70100 -3.84500 -2.88900 -3.81500 -14.36400 -4.02800 -0.48800 -6.43900 -6.50000 -5.34100
166.00000 -22.92900 -19.49100 -13.85500 -12.21700 -8.52500 -9.35900 -10.70100 -4.33300 -2.88900 -4.30300 -15.34000 -4.51700 0.00000 -5.95100 -6.01200 -3.38700
167.00000 -22.44100 -17.04900 -11.90200 -10.26400 -8.52500 -9.35900 -10.21300 -3.84500 -2.88900 -4.30300 -14.85200 -4.51700 0.00000 -5.95100 -5.52400 -2.89900
168.00000 -21.95200 -16.07300 -10.43700 -9.28800 -8.52500 -8.38200 -9.72500 -2.86900 -3.37700 -4.30300 -13.38700 -4.02800 -0.48800 -5.95100 -4.54700 -3.38700
169.00000 -20.97600 -15.58400 -10.43700 -9.77600 -8.52500 -6.42900 -8.74800 -2.38000 -3.37700 -3.81500 -10.94600 -3.05200 -0.97700 -5.95100 -4.05900 -5.34100
170.00000 -19.51100 -15.58400 -10.92500 -10.26400 -8.03600 -4.47600 -7.77200 -1.89200 -2.88900 -2.83800 -9.48100 -2.56300 -1.46500 -5.95100 -4.05900 -6.80500
171.00000 -17.06900 -15.58400 -10.92500 -10.75200 -7.06000 -3.01100 -6.30700 -1.89200 -2.40100 -1.86200 -8.01600 -2.56300 -1.95300 -6.92700 -4.54700 -7.29400
172.00000 -14.14000 -14.60800 -9.46000 -9.77600 -6.57100 -3.01100 -6.30700 -1.89200 -1.91200 -0.88500 -8.50400 -2.56300 -1.46500 -7.41600 -4.54700 -6.80500
173.00000 -11.69800 -13.14300 -7.50700 -7.33400 -5.59500 -3.01100 -6.79500 -1.89200 -1.91200 0.09200 -8.99300 -3.05200 -0.48800 -6.92700 -4.54700 -4.85200
174.00000 -10.23400 -11.19000 -6.04200 -4.89300 -5.10700 -3.01100 -7.28400 -1.89200 -1.91200 0.58000 -9.96900 -3.54000 0.00000 -4.97400 -4.54700 -2.89900
175.00000 -9.25700 -9.72500 -5.06600 -3.91600 -5.10700 -3.01100 -7.77200 -1.89200 -2.40100 0.58000 -10.94600 -4.02800 0.00000 -3.02100 -5.03500 -1.92300
176.00000 -9.74500 -8.74800 -5.55400 -4.40500 -5.10700 -3.01100 -7.77200 -2.38000 -2.40100 0.58000 -11.43400 -4.51700 -0.48800 -2.04500 -5.03500 -2.41100
177.00000 -11.69800 -8.26000 -6.53100 -6.35800 -5.10700 -3.49900 -7.28400 -2.86900 -1.91200 0.58000 -11.92200 -5.49300 -0.97700 -1.55600 -5.52400 -2.89900
178.00000 -14.14000 -8.74800 -7.01900 -7.82300 -5.59500 -4.47600 -6.30700 -3.35700 -0.93600 1.06800 -12.41000 -5.98100 -0.48800 -2.53300 -5.03500 -2.89900
179.00000 -16.09300 -10.70100 -7.50700 -8.79900 -6.08300 -5.45200 -6.79500 -3.35700 0.04100 1.55600 -12.41000 -5.49300 0.00000 -3.51000 -4.54700 -2.41100
180.00000 -17.06900 -13.63100 -7.50700 -8.79900 -6.57100 -5.94100 -7.77200 -2.86900 0.52900 2.04500 -11.92200 -5.00500 0.97700 -3.51000 -3.08200 -1.43400
181.00000 -15.60500 -15.58400 -7.01900 -7.82300 -7.06000 -5.45200 -8.74800 -2.86900 0.04100 2.04500 -11.43400 -5.00500 1.46500 -3.51000 -2.59400 -0.94600
182.00000 -12.67500 -16.07300 -6.04200 -6.35800 -6.57100 -3.98800 -8.74800 -1.89200 -0.44800 1.06800 -10.94600 -5.00500 0.48800 -3.51000 -3.08200 -1.92300
183.00000 -8.76900 -13.63100 -5.06600 -5.38100 -5.59500 -2.52300 -7.77200 -1.40400 -0.93600 -0.39700 -11.43400 -5.49300 -1.46500 -4.48600 -4.54700 -4.36400
184.00000 -5.83900 -10.70100 -4.08900 -4.40500 -4.61800 -1.54600 -6.79500 -1.40400 -1.42400 -1.86200 -12.41000 -6.47000 -3.90600 -7.41600 -6.98900 -7.29400
185.00000 -5.83900 -8.26000 -2.62500 -3.42800 -4.13000 -3.01100 -5.81900 -1.40400 -1.91200 -2.83800 -13.38700 -7.44600 -5.37100 -10.34500 -9.43000 -9.24700
186.00000 -8.28000 -8.26000 -2.62500 -2.94000 -4.61800 -6.42900 -6.30700 -1.40400 -2.40100 -3.81500 -13.87500 -7.93500 -6.34800 -12.29900 -10.89500 -10.71200
187.00000 -12.18700 -10.70100 -4.08900 -2.45200 -6.08300 -10.33500 -7.28400 -1.40400 -2.88900 -4.79100 -14.36400 -8.42300 -7.32400 -13.27500 -10.89500 -11.20000
188.00000 -15.60500 -14.11900 -6.04200 -2.94000 -7.06000 -12.77700 -7.28400 -1.40400 -3.86600 -5.76800 -12.89900 -8.42300 -7.81200 -13.27500 -10.40600 -11.68800
189.00000 -16.58100 -15.09600 -7.01900 -3.91600 -7.06000 -11.31200 -6.79500 -1.40400 -4.84200 -6.25600 -10.94600 -8.42300 -8.30100 -12.29900 -9.43000 -11.68800
190.00000 -13.65200 -13.14300 -5.55400 -3.91600 -6.08300 -6.42900 -4.84200 -1.40400 -4.84200 -5.76800 -9.48100 -8.42300 -8.30100 -11.81000 -7.96500 -10.71200
191.00000 -7.30400 -8.74800 -3.11300 -3.42800 -4.13000 -0.08100 -2.88900 -1.40400 -4.84200 -3.81500 -8.99300 -8.91100 -7.81200 -10.83400 -6.98900 -9.73500
192.00000 -1.44400 -4.35400 0.30500 -2.45200 -2.66500 4.31300 -2.40100 -1.40400 -4.35400 -1.37300 -9.48100 -9.39900 -7.81200 -10.34500 -6.98900 -8.75900
193.00000 0.99700 -2.88900 1.77000 -1.96300 -2.17700 5.77800 -3.86600 -1.40400 -3.86600 -0.39700 -11.43400 -9.88800 -7.81200 -10.34500 -7.47700 -8.75900
194.00000 -1.44400 -4.35400 0.30500 -1.96300 -3.64200 1.87200 -6.30700 -1.89200 -4.35400 -2.35000 -11.92200 -9.88800 -7.81200 -10.83400 -7.96500 -10.22300
195.00000 -7.79200 -8.26000 -2.62500 -2.94000 -6.08300 -3.98800 -8.74800 -1.89200 -5.33000 -6.25600 -11.92200 -8.91100 -8.30100 -12.78700 -7.96500 -11.68800
196.00000 -14.62800 -12.65500 -6.04200 -4.89300 -9.01300 -9.84700 -9.23700 -1.89200 -5.81900 -10.65100 -9.96900 -6.95800 -8.30100 -14.25200 -6.98900 -11.20000
197.00000 -18.53400 -15.09600 -8.97200 -6.35800 -10.47800 -12.28800 -8.74800 -1.89200 -6.79500 -13.09200 -8.01600 -5.00500 -7.81200 -15.22800 -5.03500 -9.24700
198.00000 -18.53400 -16.56100 -9.46000 -6.84600 -10.47800 -11.80000 -7.77200 -1.89200 -6.79500 -12.11500 -7.03900 -3.54000 -6.34800 -14.25200 -3.08200 -6.31700
199.00000 -15.11600 -16.07300 -9.46000 -6.84600 -9.50100 -9.35900 -7.28400 -1.40400 -5.81900 -9.18600 -7.03900 -3.54000 -4.88300 -12.29900 -2.10600 -3.87600
200.00000 -12.18700 -15.09600 -8.97200 -6.35800 -8.03600 -8.87000 -7.77200 -1.89200 -5.33000 -6.74400 -7.52800 -4.02800 -4.39500 -10.83400 -3.08200 -4.36400
201.00000 -10.72200 -15.09600 -7.99600 -5.87000 -8.03600 -9.84700 -8.74800 -1.89200 -4.35400 -6.25600 -8.50400 -5.00500 -4.39500 -11.32200 -5.03500 -6.80500
202.00000 -11.69800 -14.60800 -7.99600 -5.38100 -8.03600 -12.77700 -9.72500 -2.38000 -4.35400 -7.72100 -8.99300 -5.98100 -5.85900 -14.25200 -7.47700 -10.22300
203.00000 -13.16300 -14.60800 -8.48400 -4.89300 -9.01300 -15.21800 -9.23700 -2.86900 -4.35400 -10.16200 -9.48100 -5.98100 -7.32400 -17.18100 -8.94200 -12.17700
204.00000 -14.14000 -15.09600 -8.48400 -4.89300 -9.50100 -15.21800 -8.26000 -2.86900 -4.84200 -11.13900 -8.99300 -6.47000 -8.30100 -18.64600 -9.91800 -12.66500
205.00000 -13.65200 -16.07300 -7.99600 -5.38100 -9.50100 -12.77700 -7.28400 -2.86900 -4.84200 -10.16200 -8.50400 -6.95800 -7.81200 -17.67000 -8.94200 -10.71200
206.00000 -13.16300 -17.53700 -7.50700 -5.87000 -9.50100 -10.33500 -5.81900 -2.86900 -4.84200 -9.18600 -8.01600 -7.44600 -6.83600 -14.74000 -7.47700 -8.27000
207.00000 -14.14000 -19.00200 -7.50700 -7.33400 -9.98900 -9.35900 -5.33000 -3.35700 -4.35400 -8.69800 -7.03900 -7.44600 -5.85900 -11.81000 -5.03500 -5.82900
208.00000 -17.06900 -19.97900 -7.50700 -8.31100 -9.98900 -10.82400 -4.84200 -3.35700 -4.35400 -9.18600 -5.57500 -7.44600 -5.37100 -9.85700 -3.57100 -4.36400
209.00000 -20.48700 -20.95500 -8.48400 -9.28800 -10.47800 -13.26500 -4.84200 -3.35700 -4.35400 -10.16200 -4.11000 -7.44600 -4.88300 -9.36900 -3.08200 -3.38700
210.00000 -22.44100 -21.44400 -9.46000 -9.28800 -10.96600 -15.70600 -4.84200 -2.86900 -4.35400 -10.65100 -3.13300 -7.44600 -4.88300 -9.36900 -3.08200 -2.89900
211.00000 -22.92900 -21.93200 -10.43700 -8.79900 -10.96600 -16.19500 -5.33000 -2.86900 -3.86600 -11.13900 -3.13300 -7.93500 -4.88300 -9.36900 -5.03500 -3.38700
212.00000 -21.95200 -22.90900 -11.41400 -7.82300 -11.45400 -15.21800 -5.81900 -2.86900 -3.37700 -11.13900 -4.59800 -8.42300 -4.88300 -8.39200 -6.50000 -3.87600
213.00000 -20.48700 -23.39700 -11.90200 -8.31100 -11.45400 -15.21800 -6.79500 -2.86900 -3.37700 -11.13900 -6.55100 -9.39900 -4.39500 -7.41600 -7.96500 -4.85200
214.00000 -20.48700 -23.88500 -12.87800 -9.28800 -12.43100 -17.17100 -7.77200 -3.35700 -3.86600 -12.11500 -8.50400 -9.39900 -4.88300 -8.39200 -8.45300 -6.80500
215.00000 -21.95200 -23.88500 -14.83200 -10.75200 -12.91900 -19.61300 -9.72500 -3.84500 -4.84200 -13.58000 -9.96900 -8.91100 -5.37100 -11.32200 -8.45300 -8.27000
216.00000 -25.37000 -25.35000 -17.76100 -12.21700 -13.40700 -22.54200 -12.65500 -4.82200 -5.81900 -15.53300 -11.43400 -8.91100 -6.83600 -15.22800 -8.94200 -9.24700
217.00000 -28.78800 -28.28000 -21.17900 -13.68200 -14.38400 -23.03100 -16.07300 -5.79800 -6.30700 -16.99800 -12.41000 -8.91100 -7.81200 -18.15800 -9.43000 -10.22300
218.00000 -32.20600 -32.18600 -24.10900 -14.65900 -14.87200 -23.03100 -18.51400 -6.77500 -6.30700 -17.97500 -14.36400 -9.39900 -8.30100 -19.13500 -10.89500 -10.71200
219.00000 -35.13600 -35.60400 -25.57400 -15.14700 -15.84900 -23.03100 -20.95500 -7.26300 -5.81900 -18.46300 -15.82800 -9.39900 -8.30100 -19.13500 -12.36000 -11.68800
220.00000 -37.08900 -36.09200 -26.06200 -16.12300 -16.82500 -24.00700 -21.44400 -7.26300 -6.30700 -18.95100 -17.29300 -9.39900 -7.81200 -18.15800 -13.33600 -12.17700
221.00000 -37.08900 -33.65100 -25.08500 -16.61200 -17.31400 -25.47200 -20.95500 -6.77500 -6.79500 -18.46300 -18.27000 -8.91100 -7.32400 -17.67000 -13.33600 -12.66500
222.00000 -35.62400 -29.25600 -24.10900 -16.61200 -17.31400 -25.47200 -19.97900 -5.79800 -7.28400 -17.97500 -18.27000 -7.93500 -7.32400 -17.67000 -12.84800 -12.66500
223.00000 -32.69400 -26.32600 -23.13200 -15.63500 -16.33700 -24.00700 -18.51400 -5.31000 -7.28400 -16.99800 -18.27000 -7.93500 -6.83600 -18.64600 -12.36000 -12.66500
224.00000 -29.76500 -25.83800 -22.64400 -14.65900 -14.87200 -22.05400 -17.53700 -4.82200 -6.30700 -16.99800 -18.27000 -8.42300 -7.81200 -20.11100 -12.36000 -12.66500
225.00000 -28.30000 -28.28000 -23.13200 -14.65900 -14.38400 -22.05400 -17.53700 -4.82200 -6.30700 -17.48700 -18.75800 -8.91100 -8.30100 -21.08800 -12.84800 -13.15300
226.00000 -28.30000 -32.67400 -24.10900 -14.65900 -14.87200 -24.98400 -18.02600 -4.82200 -6.79500 -19.92800 -19.24600 -9.39900 -8.78900 -22.06400 -13.33600 -13.64100
227.00000 -31.23000 -36.09200 -25.57400 -15.63500 -16.33700 -28.89000 -19.49100 -4.82200 -7.77200 -22.85800 -19.73500 -9.39900 -9.76600 -23.04100 -13.33600 -14.13000
228.00000 -34.15900 -37.55700 -26.55000 -16.12300 -17.80200 -31.33100 -21.44400 -4.82200 -8.74800 -24.81100 -19.73500 -8.91100 -9.76600 -23.52900 -12.36000 -13.64100
229.00000 -36.11200 -36.58000 -27.03900 -16.12300 -18.77800 -30.84300 -22.42000 -5.31000 -9.23700 -25.29900 -19.24600 -8.42300 -9.27700 -23.52900 -10.89500 -12.66500
230.00000 -36.60100 -33.65100 -26.55000 -14.65900 -18.29000 -27.91300 -22.90900 -6.28700 -8.26000 -23.34600 -19.24600 -8.91100 -7.81200 -22.55200 -9.91800 -12.17700
231.00000 -36.11200 -31.20900 -25.08500 -13.68200 -17.31400 -24.98400 -22.42000 -6.77500 -7.77200 -19.44000 -19.73500 -9.39900 -7.32400 -21.08800 -9.91800 -12.17700
232.00000 -34.64800 -29.74400 -23.62100 -13.19400 -16.82500 -23.03100 -21.44400 -7.26300 -6.79500 -16.02200 -20.71100 -9.88800 -6.34800 -19.13500 -10.40600 -12.17700
233.00000 -33.18300 -30.72100 -23.13200 -13.68200 -16.82500 -24.00700 -21.44400 -7.26300 -6.79500 -15.04500 -20.71100 -9.39900 -6.34800 -18.64600 -10.89500 -12.17700
234.00000 -33.18300 -33.16200 -23.62100 -15.14700 -17.31400 -25.96000 -21.44400 -6.77500 -7.28400 -16.02200 -20.22300 -8.42300 -6.34800 -18.64600 -10.89500 -12.17700
235.00000 -34.15900 -35.60400 -26.06200 -17.10000 -18.77800 -28.40200 -21.93200 -5.79800 -7.77200 -18.95100 -18.27000 -5.98100 -6.34800 -19.62300 -9.91800 -11.68800
236.00000 -36.60100 -38.04500 -28.99200 -18.56500 -19.75500 -30.35500 -22.42000 -5.31000 -8.74800 -21.88100 -16.80500 -4.02800 -6.83600 -21.08800 -8.94200 -10.71200
237.00000 -39.53000 -39.02200 -30.94500 -19.54100 -21.22000 -32.30800 -22.42000 -4.82200 -9.23700 -23.83400 -15.82800 -3.54000 -6.83600 -22.06400 -7.96500 -10.71200
238.00000 -41.48400 -39.51000 -31.43300 -19.54100 -22.19600 -33.28500 -21.44400 -4.82200 -9.23700 -24.32300 -15.82800 -4.02800 -6.83600 -22.06400 -8.45300 -11.20000
239.00000 -41.48400 -39.51000 -29.96800 -19.54100 -23.17300 -33.28500 -20.46700 -5.31000 -9.23700 -23.83400 -16.31700 -5.00500 -6.83600 -22.55200 -9.43000 -11.68800
240.00000 -40.01900 -39.51000 -28.01500 -19.54100 -23.17300 -32.79600 -19.97900 -5.79800 -8.74800 -22.85800 -16.31700 -5.00500 -5.85900 -22.55200 -9.91800 -12.66500
241.00000 -38.06600 -39.51000 -26.55000 -19.05300 -22.68500 -31.82000 -19.00200 -5.79800 -7.77200 -21.88100 -14.85200 -4.51700 -4.88300 -22.55200 -9.91800 -12.66500
242.00000 -37.57700 -39.99800 -25.57400 -19.05300 -22.19600 -30.84300 -18.51400 -5.31000 -6.79500 -21.39300 -12.41000 -2.56300 -3.90600 -22.06400 -7.47700 -11.20000
243.00000 -38.06600 -39.51000 -25.57400 -19.05300 -21.70800 -29.86700 -17.04900 -5.31000 -5.81900 -20.90500 -9.48100 -0.12200 -2.44100 -20.59900 -4.54700 -8.75900
244.00000 -40.01900 -39.02200 -25.57400 -19.05300 -22.19600 -29.86700 -15.58400 -4.33300 -5.81900 -21.39300 -7.52800 1.34300 -1.46500 -18.15800 -1.61700 -5.82900
245.00000 -41.48400 -39.51000 -26.06200 -19.54100 -22.68500 -29.86700 -14.11900 -4.33300 -6.30700 -21.88100 -6.55100 1.83100 -0.48800 -15.71700 0.33600 -2.89900
246.00000 -41.97200 -40.97500 -26.06200 -20.03000 -23.66100 -30.35500 -14.11900 -3.84500 -6.79500 -21.88100 -7.03900 1.83100 0.00000 -13.76300 0.33600 -2.41100
247.00000 -41.48400 -41.95100 -26.55000 -20.51800 -24.15000 -30.84300 -14.60800 -3.84500 -7.28400 -21.88100 -8.50400 0.85400 -0.48800 -13.27500 -1.61700 -3.38700
248.00000 -40.01900 -42.44000 -26.55000 -21.00600 -23.17300 -31.33100 -16.07300 -3.84500 -7.28400 -21.39300 -9.48100 -0.61000 -1.46500 -13.76300 -3.57100 -6.31700
249.00000 -38.06600 -39.99800 -27.03900 -21.49500 -22.19600 -30.35500 -17.53700 -4.33300 -6.30700 -20.41600 -10.94600 -2.07500 -2.44100 -14.74000 -5.03500 -8.75900
250.00000 -36.11200 -35.60400 -27.03900 -21.49500 -21.22000 -28.40200 -18.02600 -4.33300 -5.33000 -19.44000 -10.94600 -3.05200 -2.44100 -15.71700 -5.03500 -9.24700
251.00000 -35.13600 -31.69800 -26.06200 -21.00600 -20.73200 -26.44900 -17.04900 -4.33300 -4.84200 -18.46300 -10.45700 -3.54000 -2.44100 -15.22800 -4.54700 -8.27000
252.00000 -34.64800 -29.74400 -25.08500 -19.54100 -20.24300 -25.47200 -15.58400 -4.33300 -4.35400 -17.48700 -9.48100 -3.05200 -1.46500 -14.25200 -3.57100 -6.80500
253.00000 -34.64800 -30.23300 -23.62100 -18.56500 -20.73200 -25.96000 -13.14300 -4.33300 -4.84200 -17.48700 -8.50400 -2.56300 -0.97700 -12.78700 -3.57100 -6.31700
254.00000 -35.13600 -32.67400 -22.64400 -18.07700 -21.70800 -26.93700 -11.67800 -3.84500 -5.33000 -17.97500 -8.01600 -2.56300 -0.97700 -12.78700 -4.05900 -6.80500
255.00000 -35.13600 -34.13900 -22.15600 -18.07700 -21.70800 -27.91300 -10.70100 -3.84500 -5.81900 -18.95100 -8.01600 -2.56300 -1.95300 -13.27500 -5.03500 -8.27000
256.00000 -35.13600 -35.11600 -22.64400 -18.07700 -21.70800 -27.91300 -11.67800 -3.84500 -6.30700 -19.92800 -8.99300 -3.05200 -3.41800 -15.22800 -6.50000 -10.22300
