1.00000 -6.78500 -4.43500 -3.44800 -1.12900 -2.31900 -4.54700 -5.17800 0.69200 -2.14600 -4.69000 -9.10400 -2.27900 -0.14200 0.49800 -6.66300 -1.28200
2.00000 -6.29700 -4.43500 -2.96000 -0.64100 -1.83100 -5.03500 -5.17800 1.66800 -2.14600 -6.15400 -8.61600 -1.30200 -1.11900 -1.45500 -5.68600 -2.25800
3.00000 -4.34400 -4.43500 -1.00700 -0.64100 -1.34300 -5.03500 -3.71300 2.15700 -2.14600 -7.61900 -5.68600 0.65100 -1.60700 -2.92000 -3.73300 -2.74700
4.00000 -2.39100 -3.94700 0.45800 -0.15300 -1.34300 -5.52400 -1.76000 1.66800 -2.14600 -9.08400 -2.75700 2.11600 -2.09600 -4.87300 -1.29200 -3.23500
5.00000 -1.90200 -3.94700 0.94600 -0.15300 -1.34300 -6.50000 -1.27200 1.66800 -2.14600 -11.03700 -1.29200 2.60400 -3.07200 -6.82600 -0.31500 -4.70000
6.00000 -2.87900 -3.45900 -0.51900 -0.64100 -1.83100 -8.45300 -2.24800 0.69200 -2.63500 -12.99000 -1.78000 2.60400 -4.04900 -9.75500 -0.80400 -7.14100
7.00000 -4.83200 -3.45900 -3.93700 -2.10600 -2.31900 -10.40600 -4.20100 -0.28500 -3.12300 -14.45500 -3.24500 1.62800 -6.00200 -12.19700 -2.75700 -10.07100
8.00000 -7.27300 -3.94700 -7.35500 -3.08200 -2.80800 -10.89500 -5.17800 -1.26100 -3.61100 -14.94300 -5.19800 0.16300 -6.97800 -13.66200 -4.71000 -12.51200
9.00000 -9.22600 -4.43500 -9.79600 -4.54700 -2.80800 -9.91800 -5.66600 -1.75000 -4.10000 -13.96700 -5.68600 -1.30200 -7.46700 -14.15000 -6.66300 -13.97700
10.00000 -9.71500 -5.41200 -10.77300 -5.03500 -2.31900 -7.96500 -5.66600 -2.23800 -4.10000 -12.01400 -5.19800 -2.76700 -7.46700 -12.19700 -8.12800 -14.95400
11.00000 -9.22600 -5.90000 -10.77300 -6.01200 -1.83100 -6.50000 -6.15400 -2.72600 -4.10000 -10.06100 -5.68600 -4.23200 -6.97800 -9.75500 -9.10400 -14.46500
12.00000 -8.73800 -6.87700 -10.77300 -6.01200 -1.34300 -6.01200 -8.10800 -3.70300 -2.63500 -8.10800 -7.64000 -5.69700 -6.00200 -7.31400 -10.56900 -14.46500
13.00000 -8.25000 -6.87700 -11.26100 -6.98900 -1.34300 -6.50000 -10.54900 -4.67900 -1.17000 -7.61900 -10.56900 -6.67300 -4.04900 -5.84900 -11.54600 -13.48900
14.00000 -8.73800 -6.87700 -11.74900 -6.98900 -1.34300 -6.50000 -12.01400 -5.65600 0.29500 -7.13100 -12.03400 -7.16100 -2.58400 -3.89600 -12.03400 -12.02400
15.00000 -9.22600 -6.38800 -10.77300 -7.96500 -1.34300 -5.52400 -12.01400 -6.63200 1.27200 -5.66600 -11.54600 -6.67300 -0.14200 -0.96600 -11.05800 -9.09400
16.00000 -9.71500 -5.90000 -9.79600 -7.96500 -0.36600 -3.57100 -10.06100 -7.12100 2.24800 -3.22500 -9.10400 -4.72000 2.78700 2.45200 -7.64000 -4.21100
17.00000 -9.71500 -4.92400 -8.82000 -7.47700 0.61000 -1.61700 -8.10800 -6.63200 3.22500 0.19300 -5.68600 -2.27900 5.71700 6.35800 -3.73300 0.67100
18.00000 -10.69100 -3.94700 -8.33100 -7.47700 2.07500 -0.64100 -7.13100 -5.65600 4.69000 3.12300 -3.24500 -0.32600 8.64700 9.77600 -0.31500 5.06600
19.00000 -12.15600 -3.45900 -8.82000 -7.47700 2.07500 -0.15300 -7.61900 -4.67900 6.15400 4.58800 -2.75700 1.62800 10.11100 11.72900 2.12600 7.99600
20.00000 -13.13300 -2.97000 -9.30800 -7.47700 1.58700 -0.64100 -8.10800 -4.19100 6.64300 4.58800 -3.24500 2.60400 10.11100 11.72900 2.61400 8.97200
21.00000 -12.64400 -2.97000 -8.82000 -7.47700 0.61000 -0.64100 -7.61900 -3.70300 6.15400 3.12300 -2.26800 3.09200 10.11100 10.75200 3.10300 8.97200
22.00000 -10.20300 -2.48200 -6.37800 -6.50000 -0.36600 -0.15300 -5.17800 -2.72600 4.69000 2.14600 -0.31500 4.06900 9.13500 10.26400 4.07900 9.94900
23.00000 -7.76200 -1.99400 -3.44800 -5.52400 -0.85400 -0.15300 -2.24800 -1.75000 2.73600 1.65800 2.61400 6.02200 8.15800 9.28800 5.54400 10.43700
24.00000 -5.80900 -1.99400 -1.49500 -4.05900 -1.34300 -1.12900 0.68200 -0.28500 1.27200 0.19300 4.56700 7.97500 7.18200 8.31100 7.00900 10.92500
25.00000 -5.80900 -2.97000 -0.51900 -2.59400 -2.31900 -3.57100 1.65800 1.66800 -0.19300 -0.78300 5.05600 9.44000 5.71700 6.35800 7.00900 8.48400
26.00000 -7.76200 -4.92400 -1.49500 -2.59400 -3.29600 -6.01200 2.14600 3.13300 -0.68200 -2.73600 4.56700 9.92800 3.27600 2.94000 6.03200 4.08900
27.00000 -9.71500 -5.90000 -2.96000 -2.10600 -4.76100 -7.47700 1.65800 4.11000 -1.65800 -4.69000 4.07900 9.92800 0.83400 -0.47800 4.07900 -0.79300
28.00000 -11.18000 -5.90000 -3.93700 -2.59400 -5.73700 -8.45300 1.65800 4.59800 -2.14600 -7.13100 5.05600 9.44000 -1.60700 -3.40800 2.61400 -4.70000
29.00000 -10.20300 -4.92400 -3.93700 -3.08200 -5.73700 -8.45300 1.17000 3.62100 -2.63500 -8.59600 6.03200 8.95200 -2.09600 -4.87300 2.12600 -6.16500
30.00000 -9.22600 -2.97000 -2.96000 -2.59400 -5.24900 -8.45300 0.68200 3.13300 -2.63500 -9.57200 6.03200 8.46400 -1.60700 -4.87300 2.12600 -5.18800
31.00000 -7.76200 -1.01700 -2.96000 -2.10600 -3.29600 -8.45300 -0.29500 2.15700 -2.14600 -9.08400 4.56700 8.46400 -0.63100 -3.89600 2.12600 -4.21100
32.00000 -6.78500 0.44800 -2.47200 -1.61700 -1.34300 -8.45300 -2.24800 1.66800 -1.17000 -8.59600 1.14900 7.48700 0.34600 -2.92000 1.14900 -3.72300
33.00000 -5.32000 0.93600 -1.98400 -0.64100 0.61000 -7.47700 -4.20100 1.66800 -0.68200 -7.13100 -1.78000 6.51000 1.81100 -1.45500 -0.31500 -3.72300
34.00000 -4.34400 0.93600 -1.98400 -0.15300 1.58700 -5.52400 -4.69000 1.18000 -0.19300 -6.64300 -3.24500 5.04600 3.27600 -0.47800 -1.78000 -3.72300
35.00000 -4.34400 0.44800 -1.00700 0.33600 1.58700 -4.05900 -4.20100 0.69200 -0.19300 -6.15400 -2.26800 4.06900 4.74000 0.98700 -2.26800 -3.72300
36.00000 -4.83200 -0.04100 -1.00700 0.33600 0.61000 -4.05900 -3.22500 0.20300 -0.68200 -6.64300 -1.29200 3.09200 5.71700 1.47500 -3.24500 -2.25800
37.00000 -7.27300 -1.99400 -1.49500 -0.64100 -0.85400 -5.03500 -3.22500 -0.77300 -1.17000 -7.13100 -1.78000 2.11600 6.69400 1.96300 -3.73300 -1.77000
38.00000 -10.20300 -3.94700 -3.44800 -1.61700 -2.80800 -7.96500 -3.71300 -1.26100 -1.17000 -8.10800 -4.22200 1.13900 6.69400 1.47500 -4.71000 -2.25800
39.00000 -13.13300 -5.90000 -5.40200 -3.08200 -3.78400 -9.91800 -5.66600 -2.23800 -1.17000 -9.08400 -7.15100 0.65100 5.71700 0.49800 -5.68600 -3.23500
40.00000 -14.10900 -6.87700 -7.35500 -4.54700 -4.27200 -10.89500 -7.61900 -2.72600 -0.68200 -9.57200 -9.10400 0.16300 5.22900 0.01000 -6.17500 -4.21100
41.00000 -13.13300 -6.38800 -8.82000 -5.03500 -4.27200 -10.40600 -9.08400 -3.70300 -0.68200 -9.57200 -9.10400 -0.32600 3.76400 -0.96600 -6.66300 -4.70000
42.00000 -11.18000 -4.92400 -8.82000 -4.54700 -2.80800 -9.43000 -9.57200 -4.19100 -0.68200 -9.57200 -8.61600 -0.32600 2.78700 -2.43100 -7.15100 -5.67600
43.00000 -10.69100 -3.45900 -8.82000 -3.57100 -1.83100 -8.94200 -10.06100 -3.70300 -1.65800 -10.06100 -8.61600 -0.81400 0.83400 -4.38400 -8.12800 -7.62900
44.00000 -10.20300 -2.97000 -7.84300 -2.59400 -0.85400 -8.94200 -9.57200 -3.21500 -3.12300 -10.54900 -9.59300 -1.79000 -1.60700 -7.31400 -9.59300 -10.07100
45.00000 -10.69100 -3.94700 -6.86600 -1.61700 -0.85400 -8.94200 -9.57200 -2.23800 -4.10000 -11.03700 -10.56900 -1.79000 -3.56000 -9.75500 -10.08100 -11.53600
46.00000 -10.69100 -4.43500 -5.89000 -0.64100 -0.85400 -7.47700 -8.59600 -1.75000 -4.10000 -11.52500 -10.56900 -1.79000 -5.02500 -11.22000 -10.08100 -11.53600
47.00000 -9.71500 -3.94700 -4.42500 -0.15300 -0.85400 -5.52400 -7.13100 -1.26100 -3.12300 -11.03700 -8.61600 -1.30200 -5.02500 -9.75500 -8.12800 -9.58300
48.00000 -7.27300 -1.99400 -2.96000 0.82400 -0.36600 -2.59400 -5.17800 -0.77300 -2.14600 -9.57200 -5.68600 0.16300 -4.04900 -7.80200 -6.17500 -6.16500
49.00000 -5.32000 2.40100 -1.00700 1.80100 1.58700 -0.15300 -2.73600 -1.26100 -1.17000 -7.13100 -2.75700 1.13900 -3.07200 -5.84900 -3.24500 -4.21100
50.00000 -3.36700 6.30700 0.94600 2.77700 3.54000 1.80100 -1.27200 -1.26100 -0.68200 -5.17800 -1.29200 2.11600 -3.07200 -4.87300 -1.29200 -3.23500
51.00000 -2.87900 9.23700 1.92300 2.77700 4.51700 2.28900 -0.29500 -1.75000 -0.68200 -3.22500 -1.29200 2.60400 -3.56000 -4.38400 0.17300 -3.72300
52.00000 -3.85500 9.23700 1.92300 1.80100 4.51700 2.28900 -0.78300 -2.23800 -0.68200 -2.24800 -0.80400 3.09200 -4.04900 -3.89600 1.14900 -4.21100
53.00000 -6.29700 6.30700 -0.03100 0.33600 3.54000 1.31200 -2.24800 -2.23800 -1.17000 -2.24800 0.17300 3.09200 -4.04900 -3.40800 1.63800 -3.72300
54.00000 -9.22600 1.91200 -2.96000 -1.61700 1.58700 -1.12900 -3.22500 -1.75000 -1.17000 -3.22500 1.14900 3.58100 -3.56000 -1.45500 2.61400 -1.77000
55.00000 -12.15600 -1.99400 -5.89000 -3.08200 -0.36600 -3.57100 -4.20100 -1.26100 -1.65800 -4.69000 2.12600 3.58100 -2.09600 0.01000 2.61400 0.67100
56.00000 -14.59800 -5.41200 -8.33100 -4.05900 -1.83100 -6.50000 -4.69000 -0.77300 -2.14600 -6.15400 1.63800 4.55700 -1.11900 0.98700 3.10300 1.64800
57.00000 -15.57400 -6.87700 -9.30800 -4.54700 -2.80800 -8.45300 -4.69000 -0.28500 -2.14600 -7.13100 1.14900 5.53400 -0.63100 0.98700 3.10300 1.64800
58.00000 -16.06200 -6.87700 -9.79600 -4.54700 -3.29600 -8.94200 -5.66600 -0.28500 -2.63500 -7.13100 0.17300 6.51000 -0.14200 0.49800 3.59100 0.67100
59.00000 -15.57400 -5.90000 -9.79600 -4.54700 -3.78400 -7.96500 -6.15400 -0.77300 -2.14600 -7.13100 0.17300 6.51000 0.83400 0.49800 4.07900 0.18300
60.00000 -15.57400 -4.43500 -9.79600 -5.03500 -3.78400 -6.50000 -5.66600 -1.26100 -1.65800 -6.15400 1.14900 6.51000 2.29900 1.96300 5.05600 1.64800
61.00000 -15.57400 -2.97000 -9.79600 -5.03500 -3.78400 -5.03500 -4.20100 -1.75000 -1.17000 -4.20100 2.61400 6.51000 3.76400 3.91600 6.03200 4.08900
62.00000 -16.06200 -1.50600 -9.30800 -4.54700 -2.31900 -3.57100 -2.24800 -1.26100 0.29500 -1.76000 4.56700 7.48700 6.69400 7.82300 8.96200 7.99600
63.00000 -16.06200 -0.04100 -8.33100 -5.03500 -1.34300 -2.59400 -0.29500 -0.77300 1.27200 0.19300 6.03200 9.44000 10.11100 11.24100 11.40300 11.41400
64.00000 -15.57400 -0.52900 -6.86600 -5.03500 -0.36600 -2.59400 0.19300 -0.28500 2.73600 2.63500 7.49700 11.39300 12.06500 13.68200 13.35700 13.36700
65.00000 -16.06200 -1.50600 -5.89000 -6.01200 -0.36600 -2.59400 -1.27200 -0.77300 3.22500 3.61100 8.47400 12.37000 13.04100 14.65900 13.84500 13.85500
66.00000 -16.55100 -3.45900 -6.37800 -6.98900 -1.34300 -3.57100 -2.73600 -0.77300 3.71300 3.61100 8.47400 11.88200 13.04100 14.65900 12.86800 12.87800
67.00000 -16.55100 -4.43500 -6.86600 -6.98900 -2.31900 -4.54700 -3.71300 -1.26100 4.20100 2.14600 7.49700 10.41700 12.06500 14.17000 10.42700 10.92500
68.00000 -16.06200 -4.43500 -6.37800 -6.01200 -2.31900 -4.54700 -3.71300 -1.26100 3.71300 1.17000 5.54400 8.95200 10.60000 13.68200 8.47400 9.94900
69.00000 -14.10900 -2.97000 -5.40200 -4.05900 -1.34300 -4.05900 -2.73600 -1.26100 3.71300 1.17000 4.07900 7.48700 9.13500 12.70500 6.52100 8.97200
70.00000 -12.15600 -1.01700 -2.96000 -2.59400 -0.36600 -2.10600 -2.24800 -0.28500 2.73600 1.65800 3.10300 6.99900 8.15800 12.70500 6.03200 7.99600
71.00000 -11.18000 0.44800 -1.49500 -1.12900 0.61000 -0.15300 -2.24800 0.20300 1.27200 2.63500 4.07900 6.99900 6.20500 11.72900 5.54400 7.01900
72.00000 -11.66800 0.93600 -0.51900 -1.12900 0.12200 0.82400 -2.24800 0.20300 0.29500 3.61100 5.54400 6.51000 4.74000 10.26400 5.05600 5.55400
73.00000 -14.10900 -0.04100 -1.00700 -2.10600 -0.85400 -0.15300 -1.76000 0.20300 -1.17000 3.12300 6.03200 6.02200 3.76400 8.79900 4.07900 4.08900
74.00000 -16.55100 -1.99400 -1.49500 -3.08200 -2.31900 -1.61700 -0.78300 0.20300 -1.17000 2.14600 5.54400 5.53400 3.76400 8.31100 2.61400 3.11300
75.00000 -18.50400 -3.94700 -2.47200 -4.05900 -3.29600 -3.08200 -0.29500 0.20300 -0.68200 1.17000 3.59100 5.04600 4.25200 7.82300 1.63800 3.11300
76.00000 -19.96900 -5.41200 -3.44800 -4.54700 -3.78400 -4.54700 -0.29500 -0.77300 0.29500 -0.78300 1.63800 5.04600 4.74000 7.82300 1.63800 2.62500
77.00000 -19.96900 -6.38800 -4.42500 -5.03500 -3.29600 -5.03500 -1.27200 -1.26100 1.27200 -2.24800 0.17300 5.04600 5.22900 6.84600 1.14900 1.64800
78.00000 -19.96900 -6.87700 -5.89000 -5.52400 -2.80800 -5.52400 -3.22500 -2.23800 1.27200 -3.71300 0.17300 4.55700 4.25200 5.38100 0.17300 -0.30500
79.00000 -19.48000 -7.36500 -7.84300 -6.50000 -2.80800 -6.50000 -5.66600 -3.21500 0.78300 -5.66600 -0.31500 3.58100 3.76400 2.94000 -0.80400 -2.74700
80.00000 -19.96900 -7.85300 -9.79600 -7.47700 -4.27200 -6.98900 -7.61900 -3.70300 0.29500 -6.64300 -1.29200 3.09200 3.27600 0.98700 -2.26800 -4.70000
81.00000 -21.92200 -9.31800 -12.23800 -8.94200 -6.22600 -7.47700 -9.57200 -4.67900 -0.68200 -7.13100 -2.75700 3.09200 3.76400 0.49800 -2.26800 -4.70000
82.00000 -24.36300 -10.78300 -14.67900 -10.40600 -7.69000 -7.96500 -11.03700 -5.16800 -0.68200 -6.15400 -4.22200 4.06900 5.22900 1.47500 -1.29200 -2.74700
83.00000 -26.31600 -12.73600 -16.14400 -12.36000 -8.17900 -7.96500 -12.01400 -5.65600 -0.68200 -4.69000 -4.71000 5.04600 6.69400 3.42800 0.66100 -0.30500
84.00000 -26.80500 -13.22400 -17.12000 -12.84800 -7.69000 -7.96500 -12.50200 -6.14400 -0.19300 -3.71300 -3.24500 5.53400 7.67000 4.89300 2.12600 1.64800
85.00000 -25.82800 -12.24800 -17.12000 -13.33600 -6.22600 -7.47700 -11.52500 -6.14400 0.78300 -3.22500 -1.29200 6.02200 7.67000 4.89300 3.59100 2.13600
86.00000 -23.38700 -10.29500 -16.14400 -12.84800 -5.24900 -7.47700 -9.08400 -5.65600 1.27200 -3.71300 1.14900 6.51000 7.18200 4.89300 4.07900 2.62500
87.00000 -20.94500 -8.34100 -14.67900 -11.87100 -4.27200 -6.98900 -6.15400 -4.67900 1.76000 -4.20100 2.61400 7.48700 7.18200 4.40500 5.05600 3.11300
88.00000 -19.96900 -6.87700 -12.72600 -11.38300 -4.27200 -5.52400 -3.71300 -3.70300 2.24800 -3.71300 3.59100 8.46400 7.18200 5.38100 7.00900 4.08900
89.00000 -19.48000 -5.90000 -10.77300 -10.89500 -4.27200 -4.05900 -2.24800 -2.72600 2.24800 -1.76000 5.05600 10.41700 8.64700 7.33400 8.96200 6.53100
90.00000 -19.48000 -4.43500 -9.30800 -9.91800 -3.29600 -0.64100 -1.27200 -1.75000 3.22500 1.65800 7.49700 11.88200 10.11100 10.26400 10.42700 8.97200
91.00000 -17.52700 -1.99400 -7.35500 -8.45300 -1.83100 2.77700 -1.27200 -0.77300 4.20100 5.56400 9.45000 11.88200 11.08800 13.19400 11.40300 10.43700
92.00000 -15.08600 0.93600 -5.40200 -6.50000 0.61000 5.70700 -0.78300 -0.28500 4.69000 8.98200 9.93900 11.39300 11.08800 14.65900 10.91500 10.92500
93.00000 -13.13300 3.37700 -3.44800 -4.54700 2.07500 8.14800 -0.78300 -0.28500 5.17800 10.44700 9.45000 10.41700 10.60000 14.65900 10.42700 10.43700
94.00000 -11.66800 3.37700 -1.98400 -3.08200 2.56300 8.14800 -0.78300 -0.28500 5.66600 10.44700 7.49700 8.95200 10.11100 14.65900 9.45000 9.46000
95.00000 -12.15600 2.40100 -1.00700 -2.10600 2.07500 7.17200 -0.29500 -0.28500 5.66600 9.47100 6.03200 8.46400 9.62300 14.65900 9.45000 8.97200
96.00000 -12.64400 1.91200 -0.03100 -2.10600 1.58700 5.70700 0.19300 0.20300 6.64300 8.00600 6.52100 8.46400 10.11100 14.65900 9.93900 9.94900
97.00000 -12.64400 2.40100 0.94600 -2.10600 1.58700 5.21900 0.68200 0.69200 7.13100 7.51700 7.98500 8.95200 10.11100 14.65900 10.42700 10.43700
98.00000 -11.66800 4.84200 0.94600 -1.61700 1.58700 5.70700 1.17000 1.66800 7.13100 7.51700 8.96200 9.44000 10.11100 14.65900 9.93900 9.94900
99.00000 -11.18000 6.30700 -0.03100 -1.61700 2.07500 6.19500 1.17000 2.15700 6.15400 7.51700 7.49700 9.44000 9.13500 12.70500 8.47400 8.48400
100.00000 -12.15600 5.33000 -1.98400 -2.10600 1.09900 6.19500 0.19300 1.66800 4.69000 7.02900 5.05600 8.95200 8.15800 10.26400 6.03200 5.06600
101.00000 -14.59800 2.40100 -4.91300 -3.57100 -0.85400 4.73000 -1.27200 0.20300 3.71300 5.07600 2.12600 7.97500 7.67000 7.33400 4.07900 2.13600
102.00000 -18.01600 -1.99400 -6.86600 -5.03500 -2.80800 2.77700 -3.22500 -1.26100 3.22500 3.61100 1.14900 8.46400 7.67000 5.38100 3.59100 0.67100
103.00000 -19.96900 -4.43500 -8.33100 -6.01200 -4.27200 1.80100 -4.20100 -2.23800 3.71300 3.12300 2.12600 8.46400 8.15800 5.38100 4.56700 1.16000
104.00000 -20.94500 -4.92400 -7.84300 -6.50000 -3.78400 1.31200 -4.20100 -1.75000 4.69000 3.61100 5.05600 9.92800 9.13500 6.84600 6.03200 3.11300
105.00000 -20.94500 -4.43500 -5.89000 -6.01200 -2.80800 1.80100 -2.73600 -0.77300 5.17800 4.58800 7.49700 10.90500 9.62300 8.31100 7.98500 5.55400
106.00000 -21.43400 -3.94700 -4.91300 -4.54700 -2.31900 1.80100 -1.76000 -0.28500 5.66600 5.56400 7.98500 11.88200 9.62300 9.77600 8.96200 7.01900
107.00000 -21.43400 -3.94700 -3.93700 -4.05900 -1.83100 1.31200 -1.27200 0.20300 5.17800 6.05300 7.49700 11.39300 9.62300 9.77600 8.96200 7.50700
108.00000 -21.92200 -4.43500 -3.93700 -4.54700 -1.83100 0.33600 -0.78300 -0.77300 4.20100 5.07600 6.52100 10.41700 9.13500 9.28800 8.47400 7.01900
109.00000 -20.45700 -3.45900 -4.42500 -4.54700 -1.83100 -0.15300 -0.29500 -1.26100 3.71300 4.10000 5.54400 9.44000 8.15800 8.31100 7.98500 6.04200
110.00000 -18.01600 -1.01700 -4.42500 -4.54700 -1.34300 0.82400 -0.29500 -1.26100 3.22500 3.12300 5.05600 7.97500 7.18200 6.35800 7.00900 5.55400
111.00000 -16.06200 1.42400 -4.91300 -4.05900 -0.85400 1.80100 -1.27200 -0.77300 3.22500 3.12300 4.07900 6.99900 6.20500 5.38100 6.03200 4.57800
112.00000 -14.59800 2.88900 -5.40200 -2.59400 0.12200 2.28900 -2.24800 -0.28500 2.73600 3.12300 1.63800 5.53400 5.22900 4.89300 4.56700 3.60100
113.00000 -15.57400 2.40100 -5.89000 -2.10600 0.61000 2.77700 -3.71300 -0.28500 2.73600 3.12300 -0.80400 4.55700 4.74000 4.40500 3.59100 3.11300
114.00000 -18.01600 -0.04100 -6.86600 -2.59400 0.12200 2.28900 -4.69000 -1.26100 3.71300 4.10000 -2.26800 3.58100 5.22900 5.38100 2.12600 3.11300
115.00000 -19.96900 -1.99400 -7.35500 -3.57100 -0.36600 2.28900 -4.69000 -2.72600 4.20100 5.07600 -2.75700 2.60400 6.20500 6.35800 0.66100 2.62500
116.00000 -20.94500 -3.45900 -6.86600 -4.54700 -1.34300 2.28900 -4.69000 -3.70300 4.69000 6.05300 -2.75700 2.11600 6.20500 6.84600 -0.31500 2.13600
117.00000 -20.94500 -2.97000 -6.86600 -5.03500 -1.34300 1.80100 -4.69000 -3.70300 4.20100 5.56400 -2.75700 2.11600 5.71700 5.87000 -2.26800 0.67100
118.00000 -20.45700 -2.48200 -7.35500 -5.03500 -1.34300 1.31200 -6.15400 -3.21500 3.22500 4.10000 -3.73300 1.13900 3.76400 3.42800 -3.73300 -1.77000
119.00000 -20.94500 -2.97000 -8.82000 -5.03500 -1.83100 -0.64100 -7.61900 -3.21500 2.73600 1.17000 -6.17500 0.65100 1.81100 0.98700 -5.19800 -3.72300
120.00000 -22.41000 -4.92400 -10.28400 -5.52400 -2.80800 -2.59400 -10.06100 -3.70300 2.24800 -1.76000 -7.64000 -0.32600 -0.14200 -1.45500 -6.17500 -6.16500
121.00000 -23.38700 -5.90000 -11.26100 -5.52400 -3.78400 -3.57100 -11.03700 -4.19100 2.24800 -3.22500 -7.64000 -1.30200 -0.63100 -2.43100 -6.17500 -7.14100
122.00000 -23.38700 -5.90000 -11.74900 -6.01200 -4.27200 -4.05900 -11.03700 -5.16800 2.24800 -3.22500 -7.15100 -2.27900 -1.11900 -2.92000 -6.66300 -7.62900
123.00000 -22.41000 -4.92400 -11.26100 -6.01200 -4.76100 -3.57100 -10.06100 -5.16800 1.76000 -3.22500 -7.15100 -2.76700 -1.60700 -2.92000 -7.64000 -8.11800
124.00000 -21.43400 -3.45900 -11.26100 -5.52400 -4.27200 -4.05900 -9.57200 -4.67900 1.27200 -3.22500 -8.12800 -3.25500 -2.09600 -2.92000 -9.10400 -8.11800
125.00000 -21.43400 -3.45900 -11.74900 -5.03500 -3.78400 -4.54700 -9.57200 -4.19100 0.29500 -4.20100 -10.08100 -4.23200 -3.56000 -4.87300 -10.08100 -9.58300
126.00000 -22.41000 -4.92400 -12.23800 -5.03500 -3.78400 -5.03500 -10.54900 -3.70300 -0.68200 -5.66600 -11.54600 -4.72000 -5.02500 -6.33700 -10.56900 -10.07100
127.00000 -24.85100 -7.85300 -13.21400 -5.52400 -4.76100 -6.01200 -11.03700 -4.19100 -1.17000 -7.13100 -11.54600 -4.23200 -5.02500 -7.80200 -10.08100 -10.07100
128.00000 -26.80500 -10.29500 -13.21400 -6.98900 -6.22600 -6.50000 -11.03700 -4.67900 -1.65800 -7.61900 -10.08100 -3.25500 -4.04900 -8.29100 -8.61600 -9.58300
129.00000 -28.75800 -12.24800 -13.70200 -8.45300 -7.69000 -6.98900 -10.54900 -5.16800 -1.17000 -7.61900 -8.12800 -2.27900 -2.09600 -7.31400 -6.17500 -7.62900
130.00000 -29.73400 -13.22400 -14.67900 -9.91800 -9.15500 -8.45300 -10.06100 -5.65600 -1.17000 -7.13100 -7.15100 -1.30200 -1.11900 -6.82600 -4.71000 -6.16500
131.00000 -30.22300 -13.71300 -15.65600 -10.40600 -9.64400 -9.91800 -9.57200 -5.16800 -1.65800 -7.13100 -7.15100 -0.81400 -1.11900 -5.84900 -3.73300 -4.70000
132.00000 -30.71100 -13.71300 -16.14400 -10.40600 -10.13200 -11.38300 -9.57200 -4.67900 -2.63500 -8.10800 -7.64000 -0.32600 -1.60700 -5.36100 -3.24500 -3.72300
133.00000 -30.71100 -13.71300 -16.14400 -9.91800 -10.13200 -12.84800 -10.06100 -4.19100 -4.10000 -9.08400 -7.64000 0.16300 -2.58400 -5.84900 -2.75700 -3.23500
134.00000 -29.73400 -13.22400 -14.67900 -9.43000 -10.62000 -12.84800 -10.54900 -3.70300 -4.10000 -9.08400 -5.68600 1.13900 -2.58400 -5.36100 -1.78000 -2.74700
135.00000 -28.26900 -12.24800 -13.21400 -8.94200 -10.62000 -12.36000 -10.06100 -3.21500 -4.10000 -8.10800 -3.24500 2.11600 -2.09600 -4.87300 0.17300 -2.25800
136.00000 -27.29300 -12.24800 -12.23800 -8.94200 -10.62000 -11.87100 -9.57200 -3.21500 -3.12300 -6.64300 -1.78000 2.60400 -0.63100 -3.40800 1.63800 -1.77000
137.00000 -27.29300 -13.22400 -12.72600 -8.94200 -11.10800 -11.38300 -8.59600 -3.70300 -2.14600 -4.69000 -1.29200 3.09200 -0.14200 -1.45500 2.61400 -0.79300
138.00000 -28.75800 -14.68900 -14.67900 -9.43000 -11.10800 -10.89500 -8.59600 -3.70300 -2.14600 -3.22500 -1.78000 3.58100 0.34600 -0.47800 3.59100 -0.30500
139.00000 -30.71100 -16.15400 -17.12000 -10.40600 -11.59700 -10.40600 -8.59600 -4.19100 -2.14600 -2.24800 -1.29200 3.58100 0.34600 0.01000 4.07900 0.67100
140.00000 -32.17600 -16.15400 -18.58500 -11.38300 -12.08500 -9.43000 -8.59600 -3.70300 -1.65800 -2.24800 -0.31500 4.06900 0.34600 0.01000 4.56700 1.16000
141.00000 -32.17600 -15.17700 -19.07300 -12.36000 -11.59700 -7.96500 -8.59600 -3.70300 -1.65800 -2.73600 1.14900 4.55700 0.83400 0.49800 5.05600 1.64800
142.00000 -31.68700 -13.71300 -18.09700 -11.87100 -11.59700 -6.98900 -8.10800 -3.21500 -1.17000 -2.24800 2.12600 5.04600 1.32200 0.98700 5.54400 2.13600
143.00000 -30.71100 -12.73600 -16.14400 -11.38300 -10.62000 -6.98900 -6.64300 -3.21500 -1.17000 -2.24800 1.14900 4.55700 1.32200 0.49800 5.05600 2.13600
144.00000 -29.73400 -12.24800 -13.70200 -9.91800 -10.62000 -7.96500 -4.69000 -2.72600 -2.14600 -2.73600 -0.80400 4.06900 0.34600 -0.96600 3.10300 1.16000
145.00000 -29.73400 -12.73600 -12.23800 -8.94200 -11.10800 -9.43000 -3.71300 -2.72600 -4.10000 -4.20100 -3.24500 3.09200 -1.11900 -2.92000 1.14900 -0.79300
146.00000 -30.22300 -12.73600 -11.74900 -8.45300 -11.10800 -9.91800 -3.71300 -2.72600 -5.07600 -6.15400 -3.73300 2.11600 -3.07200 -5.36100 -0.80400 -3.72300
147.00000 -30.22300 -12.24800 -12.23800 -7.96500 -11.59700 -9.91800 -4.69000 -2.23800 -5.07600 -7.61900 -2.75700 1.62800 -3.56000 -6.82600 -1.78000 -5.67600
148.00000 -29.73400 -11.75900 -13.21400 -7.96500 -11.10800 -8.45300 -6.15400 -2.23800 -3.61100 -7.13100 -0.31500 1.62800 -2.58400 -6.33700 -1.29200 -6.16500
149.00000 -29.24600 -11.75900 -15.16700 -8.45300 -10.62000 -7.47700 -7.13100 -2.23800 -2.14600 -6.15400 2.12600 2.60400 -1.11900 -4.87300 1.14900 -4.21100
150.00000 -30.22300 -13.22400 -16.14400 -8.94200 -10.62000 -7.47700 -6.64300 -2.72600 -1.65800 -5.17800 2.61400 3.58100 0.83400 -2.43100 4.07900 -1.28200
151.00000 -31.19900 -15.66600 -16.63200 -9.91800 -11.10800 -8.94200 -6.15400 -3.21500 -1.65800 -5.17800 2.61400 5.04600 2.29900 -0.96600 7.00900 2.13600
152.00000 -33.64100 -17.61900 -17.12000 -10.40600 -12.57300 -10.40600 -5.17800 -3.21500 -1.65800 -6.15400 2.61400 6.02200 3.27600 0.49800 9.93900 5.55400
153.00000 -35.59400 -18.10700 -17.60900 -11.87100 -14.03800 -11.38300 -5.17800 -3.70300 -1.65800 -7.13100 4.07900 6.51000 4.25200 0.49800 11.89200 7.99600
154.00000 -36.57000 -17.13100 -19.07300 -12.36000 -14.03800 -10.89500 -6.64300 -4.19100 -1.17000 -6.64300 5.05600 6.99900 4.25200 0.98700 13.35700 9.94900
155.00000 -36.57000 -15.17700 -20.05000 -12.84800 -13.55000 -9.91800 -8.59600 -5.16800 -1.65800 -5.17800 5.05600 6.02200 4.74000 1.47500 13.35700 10.43700
156.00000 -35.59400 -13.71300 -20.05000 -12.84800 -12.08500 -8.45300 -11.03700 -6.63200 -1.17000 -3.71300 2.61400 4.06900 4.25200 1.96300 11.89200 9.46000
157.00000 -34.61700 -12.24800 -19.56200 -11.87100 -10.13200 -6.98900 -12.01400 -7.60900 -0.68200 -2.24800 -1.78000 1.62800 3.76400 2.45200 8.47400 8.48400
158.00000 -33.15200 -11.27100 -17.60900 -10.40600 -8.17900 -6.01200 -11.52500 -8.58600 0.29500 -0.78300 -5.19800 -0.32600 2.78700 2.94000 4.56700 6.53100
159.00000 -30.71100 -9.80600 -15.16700 -8.94200 -6.71400 -3.57100 -9.57200 -8.09700 1.76000 1.17000 -5.68600 -0.81400 2.78700 3.91600 2.61400 5.55400
160.00000 -28.75800 -7.85300 -12.72600 -7.47700 -5.24900 -1.12900 -7.13100 -6.63200 3.22500 3.61100 -1.78000 0.65100 4.25200 5.38100 3.59100 6.53100
161.00000 -26.80500 -4.92400 -11.26100 -6.50000 -4.76100 1.80100 -3.71300 -4.67900 4.20100 6.54100 4.07900 3.58100 5.71700 7.82300 7.49700 8.97200
162.00000 -26.31600 -2.97000 -9.79600 -5.52400 -3.29600 3.75400 -0.78300 -2.72600 4.69000 8.98200 9.45000 6.51000 7.67000 10.26400 12.38000 12.39000
163.00000 -26.80500 -1.50600 -8.82000 -5.52400 -2.80800 4.73000 0.68200 -1.75000 4.69000 9.47100 11.89200 8.46400 8.15800 11.24100 15.31000 14.83200
164.00000 -27.78100 -1.50600 -7.84300 -5.52400 -2.80800 4.24200 1.65800 -1.26100 4.20100 8.98200 9.93900 8.46400 7.67000 11.24100 15.31000 14.83200
165.00000 -28.75800 -1.99400 -7.84300 -6.01200 -3.29600 3.26500 0.68200 -1.75000 3.71300 8.00600 6.52100 6.99900 6.20500 9.28800 12.38000 12.39000
166.00000 -28.75800 -2.97000 -8.82000 -6.98900 -4.27200 2.28900 -0.78300 -3.21500 2.73600 6.54100 3.10300 4.55700 4.25200 6.84600 7.00900 8.97200
167.00000 -29.24600 -4.43500 -10.77300 -7.47700 -5.73700 1.31200 -3.22500 -4.19100 2.24800 5.56400 1.63800 2.60400 2.78700 4.40500 3.59100 5.06600
168.00000 -29.24600 -6.38800 -12.23800 -7.96500 -6.71400 -0.15300 -5.17800 -5.16800 1.27200 5.56400 1.63800 1.13900 1.81100 2.94000 1.63800 3.11300
169.00000 -30.22300 -7.36500 -13.21400 -8.45300 -7.69000 -1.12900 -5.66600 -5.16800 1.27200 5.07600 1.63800 1.13900 1.81100 2.94000 2.12600 3.11300
170.00000 -30.71100 -8.34100 -12.72600 -7.96500 -8.17900 -1.61700 -5.17800 -4.67900 1.27200 5.07600 1.14900 1.62800 2.29900 3.91600 3.10300 4.57800
171.00000 -31.19900 -8.34100 -11.74900 -7.47700 -8.17900 -1.12900 -4.20100 -3.21500 1.76000 5.56400 0.17300 2.60400 3.76400 5.87000 4.07900 7.01900
172.00000 -30.71100 -6.87700 -11.26100 -7.47700 -8.17900 -0.15300 -3.22500 -2.72600 1.76000 6.05300 -0.31500 2.60400 5.22900 7.33400 4.56700 8.48400
173.00000 -30.71100 -5.90000 -12.23800 -7.47700 -7.69000 1.31200 -3.22500 -2.72600 1.76000 7.02900 0.17300 2.60400 6.20500 7.82300 5.05600 8.97200
174.00000 -31.19900 -4.92400 -13.21400 -7.96500 -7.69000 1.80100 -4.20100 -3.21500 1.76000 7.51700 1.63800 2.60400 7.18200 7.33400 5.54400 8.48400
175.00000 -32.17600 -4.92400 -13.70200 -8.94200 -7.69000 1.31200 -5.17800 -4.19100 2.24800 6.54100 2.61400 3.09200 6.69400 6.84600 6.03200 7.99600
176.00000 -33.15200 -5.41200 -13.70200 -8.94200 -7.69000 -0.15300 -5.66600 -4.67900 2.24800 5.56400 3.10300 3.58100 5.71700 5.87000 7.00900 7.99600
177.00000 -32.66400 -5.41200 -11.74900 -8.94200 -8.17900 -0.64100 -4.69000 -4.19100 2.73600 5.07600 3.59100 4.55700 5.71700 6.35800 7.98500 9.46000
178.00000 -31.19900 -4.92400 -10.28400 -8.94200 -8.17900 -0.64100 -2.73600 -3.70300 3.22500 6.05300 4.07900 5.53400 5.71700 7.33400 8.96200 10.92500
179.00000 -29.24600 -4.43500 -8.82000 -8.45300 -8.17900 0.33600 -0.78300 -2.72600 3.22500 7.02900 5.05600 5.53400 5.71700 8.31100 9.45000 11.41400
180.00000 -27.29300 -4.43500 -8.33100 -7.96500 -8.17900 0.82400 0.68200 -2.72600 3.71300 7.51700 6.03200 5.04600 5.22900 7.33400 8.47400 9.46000
181.00000 -27.29300 -4.92400 -8.82000 -7.47700 -7.20200 0.33600 -0.29500 -3.21500 3.22500 6.54100 5.54400 3.58100 3.27600 4.40500 7.00900 5.06600
182.00000 -28.75800 -6.38800 -9.30800 -6.98900 -6.71400 -0.64100 -1.76000 -4.19100 2.73600 4.10000 3.10300 1.62800 0.34600 0.01000 3.59100 0.18300
183.00000 -31.19900 -7.85300 -10.28400 -6.50000 -6.71400 -2.59400 -3.71300 -4.67900 2.24800 1.65800 -0.80400 -0.81400 -2.09600 -4.38400 0.17300 -3.72300
184.00000 -33.15200 -8.34100 -11.26100 -6.50000 -7.20200 -3.57100 -5.66600 -5.16800 1.27200 0.19300 -4.22200 -2.76700 -4.04900 -6.33700 -2.75700 -5.18800
185.00000 -34.12900 -7.85300 -12.23800 -6.98900 -7.69000 -3.57100 -6.64300 -5.16800 1.27200 0.19300 -6.17500 -4.23200 -5.02500 -5.84900 -4.71000 -4.21100
186.00000 -33.64100 -6.38800 -12.72600 -7.47700 -8.17900 -3.08200 -7.13100 -5.65600 1.27200 1.65800 -6.17500 -4.23200 -4.04900 -3.40800 -4.71000 -2.74700
187.00000 -32.66400 -4.92400 -13.21400 -8.45300 -8.17900 -1.61700 -6.64300 -6.14400 1.27200 3.12300 -5.19800 -4.23200 -2.58400 -1.45500 -4.71000 -1.28200
188.00000 -31.68700 -3.45900 -12.72600 -8.45300 -7.20200 -1.12900 -6.15400 -6.14400 2.24800 4.10000 -5.19800 -3.74300 -0.63100 0.01000 -3.73300 -0.79300
189.00000 -30.71100 -3.45900 -13.21400 -7.96500 -6.71400 -1.12900 -6.64300 -6.14400 2.73600 3.61100 -6.17500 -3.25500 0.34600 0.01000 -4.22200 -1.77000
190.00000 -31.19900 -4.43500 -13.70200 -7.47700 -7.20200 -2.10600 -8.10800 -6.14400 2.24800 2.14600 -7.64000 -3.25500 0.83400 -1.45500 -4.71000 -2.25800
191.00000 -32.17600 -6.87700 -15.16700 -7.47700 -8.17900 -3.08200 -10.06100 -6.14400 1.76000 1.17000 -8.61600 -3.74300 0.83400 -2.92000 -5.68600 -2.74700
192.00000 -34.12900 -9.31800 -17.12000 -7.96500 -10.62000 -4.54700 -11.03700 -6.63200 0.29500 0.19300 -8.61600 -4.72000 0.34600 -3.89600 -6.17500 -2.74700
193.00000 -35.59400 -11.75900 -18.09700 -8.94200 -12.08500 -6.01200 -11.52500 -7.12100 -0.68200 0.19300 -8.61600 -5.69700 -1.11900 -4.38400 -6.17500 -2.25800
194.00000 -36.57000 -12.73600 -18.09700 -8.94200 -12.57300 -6.98900 -11.52500 -7.60900 -1.17000 0.19300 -8.12800 -5.69700 -2.09600 -3.89600 -5.68600 -1.28200
195.00000 -36.08200 -12.24800 -17.60900 -8.94200 -12.08500 -7.47700 -11.52500 -7.12100 -1.17000 0.19300 -8.61600 -5.20800 -2.58400 -4.38400 -5.68600 -1.28200
196.00000 -34.61700 -10.78300 -16.63200 -7.96500 -11.10800 -7.47700 -12.01400 -6.14400 -0.68200 -0.29500 -9.59300 -4.72000 -3.07200 -4.87300 -5.68600 -2.25800
197.00000 -33.15200 -8.83000 -15.65600 -7.47700 -10.13200 -6.98900 -12.01400 -5.65600 -0.19300 -1.27200 -9.59300 -4.23200 -3.07200 -6.33700 -6.17500 -3.72300
198.00000 -32.66400 -7.85300 -16.14400 -7.47700 -10.62000 -6.50000 -11.52500 -5.16800 -0.68200 -2.73600 -8.12800 -3.74300 -3.07200 -7.31400 -5.68600 -4.70000
199.00000 -32.66400 -7.36500 -17.12000 -8.45300 -11.10800 -6.50000 -10.06100 -5.16800 -1.65800 -3.22500 -5.68600 -2.76700 -2.58400 -7.31400 -3.73300 -3.72300
200.00000 -34.12900 -7.85300 -17.60900 -8.94200 -12.08500 -6.50000 -8.10800 -4.67900 -2.63500 -2.24800 -2.75700 -0.32600 -1.60700 -5.84900 -0.31500 -0.79300
201.00000 -35.10500 -8.34100 -17.60900 -8.94200 -12.57300 -6.50000 -6.15400 -4.19100 -2.63500 -1.27200 0.17300 2.11600 -0.14200 -2.92000 4.07900 3.11300
202.00000 -35.10500 -8.34100 -16.63200 -7.96500 -12.08500 -6.50000 -4.69000 -2.72600 -2.14600 0.19300 2.12600 4.55700 1.81100 0.01000 7.00900 6.04200
203.00000 -34.12900 -7.85300 -15.16700 -6.50000 -11.59700 -6.98900 -3.71300 -1.75000 -1.65800 0.68200 3.59100 6.02200 2.78700 0.98700 8.47400 6.53100
204.00000 -33.64100 -7.85300 -13.70200 -5.03500 -11.59700 -7.96500 -2.73600 -1.26100 -1.17000 -0.29500 5.05600 6.02200 2.29900 0.49800 7.49700 5.06600
205.00000 -33.64100 -7.85300 -12.72600 -4.54700 -12.08500 -9.91800 -1.76000 -0.77300 -1.65800 -2.24800 5.54400 4.55700 1.32200 -1.94300 6.03200 2.13600
206.00000 -33.64100 -8.34100 -11.74900 -4.54700 -13.06200 -11.87100 -0.29500 -0.77300 -2.14600 -4.20100 5.54400 4.06900 -0.63100 -3.89600 4.56700 0.18300
207.00000 -33.64100 -8.34100 -11.74900 -5.03500 -13.55000 -12.36000 0.68200 -0.77300 -2.63500 -5.66600 5.05600 3.09200 -1.60700 -4.38400 4.56700 0.18300
208.00000 -32.66400 -6.87700 -11.74900 -5.52400 -12.57300 -11.38300 0.19300 -0.28500 -2.63500 -5.17800 4.07900 3.58100 -1.60700 -3.40800 4.56700 1.64800
209.00000 -31.68700 -4.92400 -12.72600 -6.01200 -12.08500 -9.91800 -1.27200 -0.28500 -2.14600 -4.20100 2.61400 3.58100 -0.63100 -2.43100 4.07900 2.62500
210.00000 -32.17600 -4.43500 -14.67900 -7.47700 -12.08500 -9.91800 -4.20100 -1.75000 -2.14600 -3.22500 1.63800 3.09200 -0.14200 -1.45500 3.10300 2.62500
211.00000 -35.10500 -6.38800 -17.60900 -9.91800 -12.57300 -11.38300 -6.15400 -3.70300 -3.12300 -3.22500 0.17300 1.62800 -0.14200 -2.92000 1.63800 1.64800
212.00000 -39.50000 -10.78300 -20.05000 -12.84800 -14.52600 -14.31300 -7.61900 -6.14400 -3.61100 -4.69000 -1.29200 0.65100 -0.63100 -4.87300 0.17300 -0.30500
213.00000 -43.89400 -15.66600 -21.51500 -14.31300 -15.50300 -16.26600 -8.10800 -7.12100 -4.10000 -6.64300 -2.75700 -0.32600 -1.11900 -5.84900 -0.31500 -1.28200
214.00000 -44.87100 -17.61900 -21.51500 -14.80100 -15.50300 -16.75400 -8.59600 -7.12100 -2.63500 -7.61900 -4.22200 -0.32600 -0.63100 -6.33700 -0.31500 -1.77000
215.00000 -43.40600 -16.64200 -21.02700 -12.84800 -14.03800 -15.77800 -9.57200 -6.14400 -1.17000 -7.13100 -5.19800 -0.32600 0.34600 -4.38400 -0.31500 -1.28200
216.00000 -39.98800 -12.73600 -21.02700 -11.38300 -12.08500 -13.82400 -11.03700 -5.65600 0.29500 -6.15400 -5.19800 -0.32600 1.32200 -1.94300 -1.29200 -0.30500
217.00000 -37.54700 -9.31800 -20.53800 -9.91800 -11.10800 -12.84800 -12.01400 -5.65600 0.78300 -5.17800 -5.19800 -1.30200 2.29900 -0.47800 -2.26800 -0.30500
218.00000 -36.57000 -7.85300 -20.53800 -9.91800 -11.10800 -12.84800 -11.03700 -5.65600 0.29500 -4.69000 -4.71000 -1.79000 1.81100 -0.47800 -2.26800 0.18300
219.00000 -37.54700 -8.83000 -20.05000 -9.91800 -12.57300 -13.82400 -9.08400 -5.65600 -0.68200 -5.17800 -4.22200 -0.81400 1.32200 -0.96600 -1.29200 0.67100
220.00000 -38.52300 -10.78300 -18.09700 -9.91800 -14.03800 -14.31300 -6.64300 -4.19100 -1.65800 -5.17800 -2.75700 1.13900 0.34600 -2.43100 1.14900 1.64800
221.00000 -39.01200 -12.73600 -16.63200 -9.91800 -14.52600 -13.82400 -4.69000 -2.23800 -2.14600 -5.66600 -0.80400 3.09200 0.34600 -2.43100 3.10300 2.62500
222.00000 -39.01200 -13.71300 -15.65600 -9.91800 -14.03800 -13.33600 -4.69000 -1.26100 -1.65800 -5.66600 0.66100 4.06900 0.34600 -1.94300 4.07900 3.11300
223.00000 -39.50000 -13.71300 -16.63200 -9.43000 -13.55000 -13.33600 -6.64300 -1.75000 -1.17000 -5.66600 0.66100 3.09200 -0.14200 -1.45500 3.10300 2.13600
224.00000 -40.47600 -13.71300 -18.58500 -9.43000 -13.06200 -13.33600 -9.57200 -3.70300 -0.19300 -5.17800 -0.80400 1.13900 -1.11900 -2.43100 1.14900 0.18300
225.00000 -40.96500 -13.71300 -20.53800 -9.43000 -13.06200 -13.33600 -11.52500 -5.65600 0.29500 -5.17800 -3.73300 -1.30200 -2.09600 -3.89600 -1.29200 -1.77000
226.00000 -40.96500 -12.73600 -21.51500 -9.43000 -11.59700 -12.84800 -12.99000 -7.12100 1.27200 -5.17800 -7.15100 -2.27900 -2.58400 -5.36100 -2.75700 -3.72300
227.00000 -40.47600 -11.27100 -22.00300 -8.94200 -10.62000 -12.36000 -13.47900 -6.63200 2.24800 -4.69000 -9.10400 -2.76700 -2.09600 -5.84900 -4.22200 -4.21100
228.00000 -39.01200 -9.31800 -21.51500 -8.94200 -9.64400 -11.87100 -13.96700 -5.65600 2.73600 -4.20100 -9.59300 -3.25500 -1.11900 -4.87300 -5.19800 -4.21100
229.00000 -38.03500 -7.85300 -21.02700 -8.94200 -9.15500 -11.38300 -13.47900 -5.16800 3.22500 -2.73600 -8.61600 -3.74300 0.34600 -2.43100 -5.68600 -2.74700
230.00000 -36.57000 -6.87700 -19.07300 -8.94200 -9.15500 -10.40600 -12.99000 -5.16800 3.22500 -1.76000 -7.64000 -4.23200 1.81100 0.01000 -5.68600 -0.79300
231.00000 -35.59400 -6.38800 -16.14400 -8.94200 -8.66700 -8.94200 -11.52500 -5.65600 2.73600 0.19300 -7.15100 -4.23200 3.27600 1.96300 -4.71000 1.64800
232.00000 -34.61700 -5.90000 -13.21400 -8.45300 -7.69000 -6.50000 -9.57200 -5.65600 3.22500 1.65800 -7.15100 -3.74300 3.76400 3.42800 -3.24500 3.60100
233.00000 -33.64100 -5.90000 -10.77300 -6.98900 -6.22600 -5.03500 -7.61900 -5.16800 3.71300 2.14600 -7.64000 -2.27900 4.25200 3.91600 -1.29200 4.57800
234.00000 -34.12900 -6.38800 -9.79600 -5.52400 -5.24900 -4.54700 -6.15400 -3.70300 3.71300 2.14600 -7.15100 -1.79000 3.27600 2.94000 -0.31500 4.57800
235.00000 -35.59400 -7.36500 -10.28400 -5.03500 -5.24900 -6.01200 -4.69000 -2.72600 3.71300 1.17000 -5.68600 -1.30200 2.29900 1.96300 -0.31500 3.60100
236.00000 -37.54700 -8.34100 -11.26100 -5.03500 -6.71400 -8.45300 -3.71300 -2.23800 2.73600 -0.29500 -3.73300 -1.30200 0.83400 1.47500 -0.80400 2.62500
237.00000 -39.01200 -8.34100 -11.74900 -5.52400 -8.66700 -9.91800 -3.22500 -2.23800 2.24800 -1.27200 -1.78000 -0.81400 0.34600 0.98700 -0.31500 1.64800
238.00000 -38.52300 -7.36500 -11.74900 -6.01200 -9.15500 -10.40600 -2.73600 -2.23800 1.76000 -1.76000 0.17300 0.65100 0.34600 1.47500 1.14900 2.62500
239.00000 -38.03500 -5.90000 -11.74900 -6.01200 -9.15500 -9.91800 -2.73600 -1.26100 1.27200 -1.76000 1.14900 2.11600 1.32200 2.45200 2.61400 3.60100
240.00000 -37.54700 -4.92400 -11.74900 -5.52400 -8.66700 -9.91800 -2.73600 -0.28500 1.27200 -1.27200 1.63800 4.06900 2.29900 3.91600 4.56700 5.55400
241.00000 -37.54700 -4.92400 -12.23800 -5.52400 -8.17900 -9.43000 -3.22500 0.69200 0.78300 -1.27200 2.61400 5.53400 3.27600 4.89300 5.54400 7.50700
242.00000 -38.52300 -6.87700 -12.72600 -6.01200 -8.66700 -9.91800 -3.71300 0.69200 0.29500 -0.78300 3.59100 6.51000 4.25200 5.87000 6.52100 8.97200
243.00000 -39.50000 -8.83000 -13.70200 -6.98900 -10.13200 -9.91800 -4.20100 0.20300 -0.19300 -0.29500 4.56700 6.99900 4.25200 6.84600 7.98500 10.43700
244.00000 -40.47600 -10.78300 -13.70200 -8.45300 -11.10800 -9.43000 -4.20100 -0.77300 0.29500 -0.29500 5.54400 7.48700 4.74000 6.84600 9.45000 10.92500
245.00000 -39.98800 -11.27100 -13.70200 -8.94200 -11.59700 -8.45300 -4.20100 -1.75000 0.78300 0.19300 5.05600 7.97500 5.71700 6.84600 11.40300 11.41400
246.00000 -39.50000 -10.29500 -14.19100 -8.45300 -10.62000 -7.96500 -5.17800 -2.23800 2.24800 1.65800 4.07900 7.97500 6.20500 7.33400 12.38000 11.41400
247.00000 -38.52300 -8.34100 -13.70200 -8.45300 -10.13200 -7.47700 -5.66600 -2.72600 3.71300 3.12300 2.12600 6.99900 6.69400 7.82300 11.89200 11.41400
248.00000 -39.01200 -8.34100 -13.70200 -7.96500 -10.13200 -7.96500 -6.64300 -2.72600 4.69000 4.10000 1.14900 6.51000 7.67000 8.31100 10.91500 11.41400
249.00000 -39.98800 -8.83000 -13.70200 -8.45300 -10.62000 -8.94200 -6.64300 -1.75000 5.17800 4.10000 0.17300 6.02200 8.64700 9.28800 9.45000 11.41400
250.00000 -41.94100 -10.29500 -14.19100 -9.43000 -12.08500 -9.91800 -7.13100 -1.75000 5.17800 3.61100 0.17300 5.04600 9.13500 9.28800 7.98500 10.43700
251.00000 -43.89400 -11.75900 -14.67900 -9.91800 -12.57300 -10.89500 -7.61900 -2.23800 5.17800 2.14600 -1.29200 4.06900 8.64700 8.31100 6.03200 8.97200
252.00000 -45.35900 -12.73600 -15.16700 -10.40600 -13.06200 -11.38300 -8.59600 -2.72600 4.69000 0.19300 -3.73300 2.11600 7.18200 6.84600 3.59100 6.53100
253.00000 -44.87100 -12.73600 -15.65600 -9.91800 -12.57300 -11.87100 -10.06100 -3.21500 4.20100 -0.78300 -7.15100 0.16300 5.71700 4.40500 1.14900 4.08900
254.00000 -43.40600 -13.22400 -15.16700 -9.43000 -12.57300 -11.87100 -11.03700 -4.19100 3.22500 -2.24800 -8.61600 -1.30200 4.25200 1.96300 -1.29200 2.62500
255.00000 -41.94100 -13.22400 -14.67900 -8.94200 -12.57300 -11.87100 -10.54900 -4.19100 2.24800 -3.22500 -8.12800 -1.79000 3.27600 0.49800 -1.78000 2.13600
256.00000 -40.47600 -13.71300 -14.67900 -8.94200 -12.57300 -11.87100 -9.08400 -3.70300 1.27200 -4.20100 -5.19800 -0.32600 3.27600 0.01000 -0.31500 3.11300
