1.00000 19.13500 17.62900 25.84800 8.98200 6.36800 14.81100 9.16500 -4.42500 11.59700 13.26500 -0.05100 2.47200 -0.35600 -0.84400 6.34800 -2.03500
2.00000 17.67000 17.14100 23.89500 6.54100 4.90300 12.85800 5.25900 -8.33100 10.62000 7.89400 -10.79300 -0.94600 -3.77400 -6.70400 0.48800 -8.87000
3.00000 9.85700 10.79300 14.61800 0.19300 0.99700 8.46400 -1.57700 -11.26100 10.13200 2.52300 -22.02400 -6.80500 -6.21500 -11.58700 -7.81200 -14.24200
4.00000 -1.37300 1.02700 1.43400 -7.13100 -4.37400 2.11600 -9.87800 -13.21400 8.66700 -0.89500 -32.27700 -12.66500 -6.70400 -12.56300 -16.60200 -15.21800
5.00000 -10.65100 -7.76200 -9.79600 -12.99000 -9.25700 -3.25500 -16.71300 -13.70200 6.22600 -2.36000 -38.13700 -16.57100 -5.23900 -10.61000 -21.97300 -13.75300
6.00000 -12.60400 -10.69100 -14.19100 -13.96700 -10.72200 -5.69700 -19.64300 -12.23800 1.83100 -3.33700 -40.09000 -17.54800 -3.77400 -7.68000 -22.46100 -11.80000
7.00000 -7.72100 -6.29700 -11.74900 -11.03700 -9.25700 -6.18500 -20.13100 -10.28400 -3.05200 -5.29000 -38.13700 -16.57100 -4.26200 -5.72700 -20.02000 -13.26500
8.00000 1.06800 1.51600 -6.86600 -6.64300 -5.83900 -6.18500 -18.17800 -7.84300 -7.44600 -7.73100 -33.74200 -15.10600 -6.70400 -6.21500 -18.55500 -17.66000
9.00000 8.88100 7.37500 -2.96000 -2.24800 -2.90900 -7.65000 -15.24900 -5.40200 -9.88800 -11.14900 -28.37100 -14.13000 -10.12200 -8.16900 -20.02000 -21.07700
10.00000 11.81000 8.35200 -1.00700 1.17000 -1.44400 -9.60300 -10.85400 -2.96000 -9.88800 -13.59000 -20.55900 -14.13000 -12.07500 -9.14500 -22.94900 -19.61300
11.00000 11.81000 5.91000 0.94600 4.10000 -0.95600 -10.09100 -4.99500 -0.03100 -9.88800 -13.59000 -11.77000 -13.15300 -13.05100 -8.16900 -23.92600 -12.28800
12.00000 11.32200 4.44500 6.80500 7.51700 -0.46800 -8.13800 1.84100 2.89900 -9.39900 -11.63700 -2.98100 -11.20000 -12.07500 -5.72700 -19.53100 -1.54600
13.00000 13.27500 5.42200 15.59400 11.91200 0.99700 -4.23200 8.67700 5.34100 -9.39900 -8.21900 2.87900 -8.27000 -11.09800 -1.82100 -12.20700 5.29000
14.00000 16.69300 9.81600 24.87200 16.30700 2.46200 1.13900 13.56000 7.29400 -8.91100 -4.80100 4.83200 -5.34100 -9.14500 1.59700 -4.88300 6.26600
15.00000 19.62300 14.21100 30.73100 18.26000 2.95000 5.53400 16.49000 8.75900 -6.47000 -0.89500 3.85500 -3.38700 -6.70400 4.52700 -0.97700 2.84800
16.00000 20.11100 16.16400 30.73100 18.74800 0.99700 7.97500 16.97800 9.73500 -3.05200 3.49900 2.87900 -2.41100 -2.79700 6.48000 0.00000 -0.08100
17.00000 18.64600 15.18800 27.31300 16.79500 -2.90900 8.95200 16.49000 9.73500 1.83100 7.89400 2.87900 -1.43400 1.59700 7.94500 1.46500 1.87200
18.00000 16.69300 12.25800 22.43000 13.86500 -6.32700 7.97500 14.53700 8.27000 6.71400 13.26500 4.83200 0.03100 5.99200 9.41000 4.88300 8.21900
19.00000 14.74000 10.30500 18.03600 10.44700 -7.79200 6.99900 12.09500 5.82900 10.62000 16.68300 6.29700 2.47200 8.92100 10.87400 10.25400 14.56700
20.00000 14.25200 9.81600 15.59400 7.02900 -6.81600 6.51000 10.14200 1.43400 13.06200 18.63600 6.29700 5.89000 10.38600 11.85100 14.64800 16.03200
21.00000 14.74000 10.30500 13.64100 3.12300 -3.39800 6.99900 8.18900 -1.98400 14.03800 17.66000 4.83200 8.82000 9.41000 10.87400 15.62500 11.63700
22.00000 14.74000 11.28100 11.68800 -0.78300 0.02000 7.48700 7.70100 -3.44800 14.03800 15.21800 3.85500 10.28400 6.96800 7.94500 13.18400 4.31300
23.00000 14.74000 12.25800 9.73500 -4.20100 3.43800 7.97500 6.72400 -1.98400 12.08500 11.80000 3.85500 9.79600 4.03800 3.55000 10.25400 -2.03500
24.00000 13.76300 12.74600 7.29400 -6.15400 5.88000 7.48700 5.74700 0.94600 10.13200 7.89400 5.80900 8.33100 0.62100 -1.33300 8.30100 -4.47600
25.00000 12.78700 13.23400 6.31700 -6.15400 7.34500 6.02200 3.30600 3.38700 7.20200 4.96400 7.27300 6.86600 -1.82100 -5.23900 8.30100 -3.98800
26.00000 12.29900 13.72300 6.80500 -3.71300 8.32100 4.06900 1.35300 4.36400 5.24900 3.01100 7.27300 7.35500 -1.82100 -5.72700 9.76600 -0.57000
27.00000 12.29900 14.21100 8.75900 0.68200 8.80900 4.06900 1.35300 4.36400 3.29600 2.52300 7.27300 11.26100 0.13200 -2.30900 11.23000 4.80100
28.00000 14.25200 15.18800 11.68800 5.56400 7.83300 6.02200 4.28300 4.85200 1.34300 3.49900 8.73800 16.63200 4.03800 3.55000 13.67200 13.10200
29.00000 16.20500 16.65200 16.57100 9.95900 6.36800 10.41700 10.63000 6.80500 -1.09900 5.45200 13.62100 21.51500 7.45600 9.89800 16.60200 22.38000
30.00000 19.13500 19.09400 21.94200 13.86500 3.92700 14.81100 16.97800 10.22300 -3.05200 6.91700 18.50400 22.49100 7.94500 13.80400 18.55500 28.72700
31.00000 20.59900 21.04700 25.84800 16.30700 2.95000 17.25300 20.39600 11.68800 -5.00500 6.42900 19.96900 17.60900 5.01500 13.31600 17.57800 27.26200
32.00000 21.08800 22.02400 26.33700 16.79500 3.43800 15.78800 18.93100 10.22300 -5.98100 4.96400 14.10900 7.84300 0.62100 8.92100 11.23000 17.98500
33.00000 20.59900 21.04700 24.38400 16.30700 6.36800 12.37000 13.07200 5.82900 -5.98100 2.52300 2.39100 -3.87600 -3.77400 3.55000 1.46500 4.31300
34.00000 20.11100 19.09400 20.96600 14.35300 10.76300 8.95200 5.74700 0.45800 -4.02800 0.57000 -10.30500 -13.15300 -4.26200 0.13200 -7.32400 -4.96400
35.00000 22.06400 18.11700 18.52400 13.37700 15.15700 7.48700 0.86500 -3.93700 -0.61000 0.57000 -17.62900 -18.03600 -0.84400 0.13200 -11.23000 -4.96400
36.00000 26.45900 20.07000 19.50100 13.37700 18.08700 9.92800 1.35300 -5.40200 2.80800 3.01100 -16.16400 -18.03600 5.01500 4.03800 -8.30100 2.36000
37.00000 32.80600 25.44100 23.89500 14.84200 19.55200 14.81100 6.23600 -4.91300 6.71400 6.91700 -8.84000 -14.61800 10.38600 8.92100 0.48800 13.10200
38.00000 37.68900 32.27700 29.26600 16.79500 19.06300 20.18200 13.56000 -4.91300 9.64400 11.80000 0.43700 -9.73500 15.26900 13.31600 10.74200 20.91500
39.00000 40.13100 37.16000 33.66100 18.26000 17.59800 23.60000 19.41900 -5.89000 12.08500 16.68300 6.29700 -4.36400 18.19900 17.22200 19.04300 24.33300
40.00000 39.15400 38.62500 35.12600 17.77100 15.15700 25.06500 22.34900 -7.35500 12.57300 20.10100 7.76200 0.51900 20.64000 19.66300 23.92600 26.77400
41.00000 35.24800 36.18400 34.14900 15.81800 12.22700 23.60000 21.86100 -8.33100 12.08500 21.07700 6.78500 4.42500 21.61700 21.12800 25.87900 29.21500
42.00000 30.85300 32.27700 31.70800 12.88900 9.78600 20.67100 20.39600 -7.84300 9.15500 19.61300 6.78500 6.86600 21.12800 20.15200 24.90200 31.65700
43.00000 26.94700 28.85900 29.75500 10.44700 7.83300 16.76400 19.41900 -4.42500 5.73700 16.19500 8.25000 6.86600 17.71000 16.73400 21.97300 29.21500
44.00000 23.52900 25.93000 28.77800 9.47100 6.36800 13.34600 18.93100 -0.03100 1.34300 10.82400 8.73800 4.42500 11.36300 10.38600 17.09000 21.40300
45.00000 20.59900 23.48800 27.31300 8.98200 4.41500 10.41700 17.95500 3.38700 -2.07500 5.45200 7.27300 0.51900 4.52700 3.06200 11.23000 10.17300
46.00000 16.69300 19.09400 24.38400 8.98200 2.95000 6.99900 16.00100 5.34100 -3.05200 1.54600 1.90200 -2.89900 -0.35600 -2.79700 5.37100 -0.08100
47.00000 11.32200 12.25800 19.01200 8.00600 0.50900 3.58100 11.11900 5.82900 -2.07500 -0.89500 -4.93400 -5.34100 -2.30900 -6.21500 0.48800 -4.96400
48.00000 5.95100 3.95700 11.68800 5.07600 -2.90900 0.16300 4.28300 3.87600 -0.61000 -2.84800 -11.77000 -7.29400 -1.33300 -7.19200 -3.90600 -5.45200
49.00000 -0.39700 -2.87900 3.38700 1.17000 -5.83900 -3.25500 -3.04200 0.45800 0.36600 -4.80100 -17.14100 -9.24700 0.13200 -7.68000 -7.81200 -4.96400
50.00000 -4.79100 -6.29700 -3.44800 -3.22500 -6.81600 -5.69700 -9.38900 -4.91300 0.36600 -7.73100 -20.55900 -11.68800 0.62100 -8.65700 -11.71900 -5.45200
51.00000 -6.74400 -5.32000 -7.35500 -5.66600 -5.35100 -6.67300 -13.29500 -11.26100 -0.12200 -10.17300 -23.00000 -14.61800 0.13200 -10.12200 -14.16000 -8.38200
52.00000 -4.79100 -0.43700 -7.84300 -5.17800 0.02000 -5.69700 -15.24900 -16.14400 -1.09900 -11.14900 -24.95300 -16.57100 -1.33300 -11.58700 -14.16000 -11.31200
53.00000 0.58000 6.39900 -4.91300 -1.76000 6.36800 -3.74300 -15.73700 -18.58500 -1.58700 -11.14900 -26.41800 -16.57100 -2.79700 -12.56300 -12.69500 -12.77700
54.00000 7.90400 13.23400 0.94600 3.61100 12.22700 -1.30200 -15.24900 -17.12000 -1.58700 -10.66100 -27.39500 -15.59400 -4.75100 -13.05100 -11.23000 -11.31200
55.00000 15.22800 18.60600 6.80500 8.98200 15.64500 1.62800 -13.78400 -13.70200 -2.07500 -10.66100 -26.41800 -14.13000 -7.19200 -13.05100 -10.25400 -8.87000
56.00000 20.59900 22.51200 12.66500 13.37700 16.13400 4.55700 -10.85400 -9.79600 -2.56300 -10.17300 -24.46500 -14.13000 -8.65700 -12.07500 -10.74200 -5.94100
57.00000 24.50600 24.95300 17.54800 15.81800 15.64500 8.46400 -5.97100 -7.35500 -2.07500 -9.19600 -20.55900 -16.08300 -8.16900 -9.63300 -11.23000 -2.52300
58.00000 27.43500 27.39500 21.45400 17.28300 16.62200 13.34600 -0.11200 -7.35500 -0.12200 -5.77800 -16.16400 -19.01200 -5.72700 -4.75100 -10.74200 0.89500
59.00000 30.36500 29.83600 24.87200 18.74800 18.57500 18.22900 5.74700 -7.84300 2.80800 -0.89500 -12.25800 -21.45400 -1.82100 0.62100 -9.76600 3.82500
60.00000 32.80600 32.27700 27.80200 20.70100 21.50500 20.67100 10.14200 -8.33100 5.73700 3.98800 -10.30500 -21.45400 1.59700 5.01500 -9.76600 4.31300
61.00000 33.78300 33.25400 28.77800 22.16600 22.97000 19.69400 12.09500 -8.33100 7.69000 6.42900 -10.30500 -19.98900 3.55000 5.99200 -10.25400 2.84800
62.00000 33.29500 31.78900 27.80200 21.67800 21.01600 15.29900 11.60700 -7.84300 7.20200 5.45200 -13.23400 -18.03600 3.55000 4.52700 -10.74200 0.89500
63.00000 29.87700 27.88300 23.89500 18.26000 15.64500 9.44000 9.65400 -6.37800 5.24900 2.52300 -16.16400 -16.08300 3.55000 1.10900 -10.25400 0.40700
64.00000 24.50600 22.02400 18.52400 12.88900 9.29800 4.55700 6.23600 -4.91300 2.31900 -0.89500 -18.11700 -15.59400 4.52700 -1.33300 -7.81200 2.36000
65.00000 17.67000 15.18800 12.66500 7.51700 3.43800 1.13900 2.81800 -4.42500 0.36600 -2.84800 -18.11700 -15.10600 6.96800 -1.82100 -4.88300 4.31300
66.00000 11.81000 9.32800 7.78200 4.10000 -0.95600 -1.30200 -0.60000 -3.93700 -1.09900 -3.82500 -16.65200 -14.61800 9.41000 -1.33300 -4.39500 3.82500
67.00000 8.39200 6.39900 5.82900 3.12300 -2.90900 -3.74300 -2.55300 -3.44800 -2.07500 -4.31300 -13.72300 -12.17700 9.89800 -1.33300 -7.32400 -0.57000
68.00000 7.41600 6.39900 8.27000 4.58800 -4.37400 -6.18500 -2.55300 -2.47200 -3.54000 -5.29000 -10.30500 -8.27000 8.92100 -3.28600 -10.25400 -5.94100
69.00000 8.88100 8.84000 14.13000 6.54100 -4.86200 -8.62600 0.86500 -0.51900 -5.49300 -6.75500 -7.37500 -3.87600 5.99200 -5.72700 -11.23000 -8.87000
70.00000 11.32200 10.79300 19.98900 7.02900 -5.35100 -9.11500 4.77100 0.94600 -7.93500 -8.70800 -4.93400 -0.45800 3.06200 -7.68000 -8.78900 -8.38200
71.00000 13.27500 12.25800 22.91900 6.54100 -3.88600 -7.65000 7.21200 1.92300 -9.39900 -9.68400 -3.95700 1.00700 0.62100 -8.16900 -4.39500 -4.96400
72.00000 13.27500 12.25800 20.96600 5.07600 -1.93300 -3.74300 6.72400 1.43400 -9.39900 -8.70800 -4.93400 0.03100 -0.84400 -9.14500 -1.95300 -2.52300
73.00000 12.29900 11.28100 16.08300 4.10000 1.97300 -0.32600 3.79400 0.45800 -7.93500 -7.73100 -7.86300 -2.41100 -1.82100 -9.63300 -2.93000 -3.01100
74.00000 11.32200 11.28100 11.20000 4.10000 5.39100 1.62800 0.37600 -1.98400 -5.00500 -6.26600 -11.28100 -4.85200 -2.79700 -10.61000 -6.83600 -5.94100
75.00000 11.81000 13.23400 9.73500 5.07600 7.34500 3.09200 -0.60000 -3.93700 -1.09900 -4.80100 -13.72300 -6.31700 -2.30900 -11.09800 -10.25400 -8.38200
76.00000 14.25200 15.67600 11.68800 5.56400 9.29800 5.04600 1.35300 -5.40200 3.29600 -2.84800 -13.23400 -5.82900 0.13200 -9.14500 -10.25400 -6.42900
77.00000 16.69300 18.60600 14.13000 7.02900 9.78600 7.97500 4.28300 -5.89000 7.69000 -0.40700 -9.81600 -4.36400 4.03800 -5.23900 -5.85900 -0.08100
78.00000 18.64600 20.07000 15.59400 8.49400 10.76300 11.88200 6.72400 -5.40200 10.62000 3.49900 -5.42200 -1.92300 8.43300 0.13200 0.97700 7.24300
79.00000 19.62300 21.04700 15.59400 11.42400 11.73900 15.29900 7.70100 -4.91300 12.57300 7.40600 -2.00400 -0.45800 11.36300 5.50300 6.83600 12.12600
80.00000 21.08800 23.00000 16.57100 15.81800 13.20400 18.22900 8.18900 -4.42500 12.08500 10.33500 -0.05100 -0.45800 12.82800 8.92100 9.76600 13.10200
81.00000 24.01700 25.93000 19.98900 20.70100 15.15700 19.20600 9.65400 -3.93700 10.13200 11.31200 -0.53900 -1.92300 12.33900 9.89800 9.27700 10.66100
82.00000 27.92400 28.85900 26.82500 24.60700 16.13400 18.71700 12.09500 -3.44800 7.20200 9.84700 -2.98100 -4.85200 10.87400 9.41000 6.83600 7.73100
83.00000 30.36500 29.83600 33.17300 26.56000 14.66900 16.27600 14.53700 -1.98400 4.27200 5.94100 -5.91000 -7.29400 8.43300 7.45600 2.44100 5.77800
84.00000 28.90000 26.41800 36.10200 25.58400 11.25100 11.39300 15.51300 -0.03100 1.34300 1.54600 -8.84000 -8.75900 5.99200 4.03800 -0.97700 5.77800
85.00000 22.55200 18.60600 33.17300 21.67800 5.88000 4.55700 13.56000 2.89900 -0.61000 -4.31300 -10.79300 -8.27000 4.03800 0.62100 -3.41800 5.77800
86.00000 13.27500 9.32800 26.82500 17.28300 -0.46800 -3.25500 10.63000 5.82900 -2.56300 -9.19600 -11.77000 -6.31700 2.08500 -2.79700 -3.41800 4.31300
87.00000 5.95100 2.98100 20.96600 12.40000 -4.86200 -9.11500 8.18900 7.29400 -4.02800 -11.63700 -10.79300 -4.36400 1.10900 -5.23900 -2.93000 1.87200
88.00000 3.51000 2.00400 18.03600 9.47100 -6.32700 -11.06800 6.23600 7.29400 -5.49300 -12.12600 -9.32800 -3.38700 1.10900 -5.72700 -2.44100 0.40700
89.00000 6.92700 6.39900 18.52400 8.49400 -3.88600 -7.16100 5.74700 6.31700 -5.49300 -9.19600 -7.86300 -3.87600 3.06200 -3.28600 -2.93000 2.36000
90.00000 12.78700 14.21100 19.98900 9.47100 0.99700 0.16300 4.77100 4.36400 -4.02800 -4.31300 -6.88700 -4.36400 6.96800 1.10900 -3.90600 7.24300
91.00000 18.15800 21.04700 19.50100 10.44700 5.88000 7.48700 2.81800 2.41100 -1.09900 2.03500 -6.39900 -3.87600 11.85100 6.96800 -4.39500 13.59000
92.00000 20.59900 23.97700 16.57100 10.44700 8.32100 12.37000 -0.60000 1.43400 1.83100 8.38200 -5.42200 -1.92300 16.24600 12.82800 -2.44100 17.49700
93.00000 19.13500 23.00000 11.68800 8.49400 8.80900 13.34600 -4.50600 0.94600 4.76100 13.26500 -3.95700 1.00700 19.66300 16.24600 0.97700 17.00800
94.00000 16.20500 19.58200 7.29400 5.56400 7.83300 11.39300 -7.92400 -0.51900 6.71400 16.19500 -2.00400 2.96000 20.64000 17.71000 3.90600 11.63700
95.00000 13.76300 15.67600 4.85200 3.12300 6.85600 8.95200 -9.87800 -1.98400 7.69000 17.17100 0.43700 3.93700 20.64000 17.22200 5.85900 5.77800
96.00000 13.76300 13.23400 6.80500 2.63500 6.36800 7.97500 -9.87800 -4.42500 8.17900 16.68300 3.36700 4.42500 19.66300 15.26900 6.83600 3.82500
97.00000 15.22800 13.23400 10.71200 4.10000 6.36800 8.46400 -6.46000 -7.35500 9.15500 16.19500 5.80900 4.91300 18.19900 13.31600 8.30100 7.24300
98.00000 17.67000 16.16400 15.10600 6.05300 7.34500 9.92800 -0.60000 -8.82000 9.64400 16.19500 8.73800 6.37800 16.73400 13.31600 11.23000 14.07900
99.00000 19.13500 20.55900 19.01200 8.00600 9.29800 12.37000 6.23600 -9.79600 9.64400 16.19500 10.20300 7.35500 13.80400 13.31600 15.13700 19.93800
100.00000 19.13500 26.41800 20.47700 8.00600 12.22700 14.81100 11.60700 -10.28400 9.15500 16.19500 10.20300 7.35500 9.89800 12.82800 16.60200 20.91500
101.00000 18.15800 30.81300 19.98900 7.02900 16.13400 17.74100 13.07200 -10.77300 7.69000 15.21800 8.73800 4.91300 5.01500 10.87400 15.62500 14.56700
102.00000 17.18100 33.25400 17.54800 5.56400 19.55200 20.18200 11.11900 -11.26100 7.20200 13.26500 4.83200 1.00700 0.13200 6.96800 10.25400 5.29000
103.00000 16.20500 32.27700 15.10600 5.56400 21.50500 20.67100 7.70100 -11.74900 6.71400 10.33500 -0.05100 -3.38700 -2.79700 2.57400 4.39500 -2.03500
104.00000 15.71700 27.88300 14.61800 6.54100 20.52800 18.71700 5.25900 -9.79600 6.71400 7.40600 -3.95700 -6.31700 -3.28600 -1.33300 -0.48800 -3.98800
105.00000 15.71700 22.02400 14.61800 8.98200 16.62200 13.83500 5.25900 -5.40200 6.71400 4.47600 -7.86300 -7.78200 -2.30900 -4.26200 -3.90600 -2.03500
106.00000 14.74000 15.67600 16.08300 10.93500 10.76300 6.51000 6.23600 0.45800 6.22600 0.57000 -10.79300 -9.73500 -1.33300 -6.70400 -8.30100 -0.57000
107.00000 13.27500 9.32800 16.08300 11.91200 4.41500 -1.79000 6.72400 4.85200 4.76100 -4.31300 -14.21100 -12.17700 -1.33300 -9.14500 -13.18400 -3.49900
108.00000 11.81000 4.44500 14.13000 10.93500 -0.95600 -8.13800 3.79400 7.29400 1.83100 -9.19600 -18.60600 -16.08300 -2.30900 -12.07500 -18.55500 -9.84700
109.00000 9.85700 1.02700 11.20000 9.47100 -3.88600 -12.53300 -1.57700 6.31700 -1.58700 -13.59000 -23.48800 -19.50100 -4.26200 -15.00400 -21.48400 -16.19500
110.00000 9.36900 0.05100 8.27000 8.49400 -4.37400 -13.50900 -6.94800 3.38700 -5.00500 -16.03200 -28.37100 -22.43000 -5.72700 -16.46900 -22.94900 -18.63600
111.00000 9.85700 2.98100 6.80500 8.49400 -2.90900 -12.53300 -9.87800 -0.03100 -6.95800 -15.54400 -31.30100 -23.40700 -6.21500 -15.98100 -22.46100 -16.19500
112.00000 11.32200 8.84000 7.78200 8.98200 0.99700 -9.60300 -9.87800 -1.98400 -7.93500 -13.10200 -31.30100 -22.43000 -5.23900 -13.05100 -21.97300 -11.31200
113.00000 12.78700 15.67600 9.24700 9.95900 5.39100 -6.18500 -7.43600 -3.44800 -6.47000 -10.17300 -28.37100 -20.96600 -3.28600 -9.63300 -21.48400 -7.89400
114.00000 13.76300 21.04700 9.24700 9.47100 9.29800 -2.76700 -4.99500 -3.93700 -5.49300 -7.24300 -23.48800 -18.52400 0.13200 -6.21500 -20.02000 -5.45200
115.00000 13.27500 23.00000 7.78200 7.51700 10.76300 -0.32600 -4.50600 -4.91300 -4.51700 -5.77800 -18.11700 -14.61800 3.55000 -3.77400 -15.62500 -3.98800
116.00000 11.81000 21.04700 5.34100 5.07600 9.29800 0.65100 -6.46000 -6.37800 -4.02800 -4.80100 -13.72300 -10.22300 7.45600 -2.30900 -8.78900 -0.57000
117.00000 9.85700 17.14100 2.89900 2.63500 5.88000 0.16300 -8.41300 -8.82000 -4.02800 -4.31300 -10.79300 -5.82900 9.89800 -1.82100 -1.46500 3.33700
118.00000 9.85700 14.21100 2.89900 1.65800 1.97300 -0.81400 -9.38900 -11.26100 -4.02800 -2.84800 -8.84000 -2.89900 11.36300 -0.84400 3.90600 7.24300
119.00000 12.29900 13.23400 5.82900 1.65800 -0.46800 -1.30200 -7.92400 -13.70200 -3.54000 0.57000 -7.37500 -1.43400 11.85100 1.59700 5.85900 9.19600
120.00000 17.18100 15.18800 10.22300 2.63500 -0.46800 0.16300 -4.50600 -16.14400 -1.09900 4.96400 -5.42200 -0.94600 12.82800 5.99200 5.37100 9.68400
121.00000 22.55200 18.11700 14.61800 4.10000 1.48500 4.06900 -0.60000 -17.60900 1.83100 9.84700 -3.95700 0.03100 13.80400 10.38600 4.88300 10.17300
122.00000 25.97000 20.55900 16.57100 5.56400 4.90300 7.97500 1.35300 -18.09700 3.78400 12.77700 -3.46900 1.00700 14.29200 14.29200 5.85900 11.14900
123.00000 26.45900 21.53500 16.08300 6.54100 8.32100 10.90500 -0.11200 -16.63200 4.27200 13.26500 -4.44500 2.47200 13.31600 15.75700 7.81200 12.61400
124.00000 24.99400 22.51200 14.13000 7.51700 11.73900 11.39300 -2.06500 -13.70200 3.29600 11.31200 -6.39900 3.93700 10.38600 13.80400 9.27700 13.10200
125.00000 23.04100 23.97700 12.66500 8.00600 14.18100 10.90500 -4.01800 -9.79600 1.34300 8.87000 -7.86300 3.44800 5.50300 9.41000 9.27700 11.14900
126.00000 23.04100 26.90600 12.66500 8.00600 15.15700 9.92800 -3.53000 -5.40200 0.36600 5.94100 -9.32800 1.49500 -0.35600 4.52700 7.81200 7.24300
127.00000 24.01700 29.34800 13.64100 6.54100 14.66900 8.95200 -1.08800 -1.98400 -0.61000 3.01100 -9.81600 -2.41100 -6.21500 0.62100 3.90600 2.36000
128.00000 23.52900 29.83600 13.64100 4.10000 12.22700 6.02200 1.84100 0.94600 -1.09900 -1.38300 -11.28100 -7.78200 -11.58700 -3.28600 -0.48800 -2.52300
129.00000 20.11100 25.93000 11.68800 0.68200 6.85600 2.11600 3.30600 3.38700 -2.56300 -7.24300 -13.72300 -13.15300 -16.46900 -7.68000 -5.37100 -6.42900
130.00000 13.27500 20.07000 7.29400 -2.73600 1.48500 -2.76700 2.81800 4.85200 -5.00500 -15.05500 -15.67600 -18.03600 -19.88700 -13.05100 -11.71900 -9.84700
131.00000 6.92700 14.21100 2.89900 -5.17800 -2.90900 -7.16100 0.37600 4.36400 -7.44600 -21.40300 -17.62900 -21.94200 -21.84000 -17.44600 -19.04300 -12.77700
132.00000 2.53300 10.30500 -1.00700 -6.64300 -4.86200 -10.09100 -2.06500 1.43400 -7.93500 -25.30900 -19.09400 -23.89500 -20.86400 -20.86400 -24.90200 -16.19500
133.00000 2.04500 8.84000 -2.96000 -6.15400 -4.37400 -10.09100 -6.46000 -3.44800 -7.44600 -24.82100 -21.53500 -24.38400 -17.93400 -21.84000 -28.32000 -18.63600
134.00000 2.53300 7.86300 -4.42500 -5.17800 -3.88600 -11.06800 -11.34200 -8.82000 -5.98100 -23.35600 -25.93000 -23.40700 -13.54000 -19.88700 -27.34400 -19.61300
135.00000 3.02100 5.42200 -4.91300 -3.71300 -3.88600 -13.02100 -16.71300 -13.70200 -5.49300 -21.89100 -29.83600 -21.94200 -9.63300 -17.93400 -22.46100 -19.12400
136.00000 2.04500 2.49200 -5.89000 -2.73600 -5.83900 -16.43900 -21.10800 -16.14400 -5.98100 -21.89100 -32.27700 -19.01200 -7.19200 -15.98100 -15.62500 -17.17100
137.00000 2.53300 1.02700 -5.40200 -1.76000 -6.81600 -17.90400 -22.08500 -16.14400 -7.44600 -22.38000 -30.32400 -15.59400 -5.23900 -14.51600 -9.76600 -14.24200
138.00000 5.46300 3.46900 -2.47200 -1.76000 -5.83900 -15.46200 -19.15500 -15.65600 -7.44600 -20.91500 -25.44100 -11.68800 -3.77400 -13.05100 -7.32400 -10.82400
139.00000 12.29900 10.30500 2.41100 -2.24800 -2.42100 -9.11500 -14.27200 -15.65600 -5.98100 -16.52000 -19.58200 -8.75900 -0.84400 -10.61000 -7.81200 -7.40600
140.00000 19.62300 18.11700 6.80500 -3.22500 1.48500 -1.30200 -10.36600 -16.63200 -3.05200 -10.66100 -15.67600 -7.29400 3.06200 -6.70400 -8.30100 -3.01100
141.00000 24.99400 23.97700 10.22300 -5.17800 3.92700 4.06900 -8.41300 -18.09700 -0.61000 -5.29000 -14.21100 -7.29400 6.48000 -2.30900 -7.32400 1.87200
142.00000 25.48200 25.93000 12.17700 -6.64300 3.92700 6.51000 -7.92400 -18.58500 -0.12200 -1.87200 -13.23400 -8.27000 8.43300 1.10900 -3.41800 6.26600
143.00000 23.04100 24.95300 13.15300 -6.64300 2.95000 6.99900 -6.46000 -17.60900 -2.56300 0.08100 -10.30500 -9.24700 7.94500 3.55000 2.93000 8.70800
144.00000 21.57600 23.48800 15.59400 -3.71300 2.95000 6.99900 -3.04200 -15.16700 -6.47000 2.03500 -5.42200 -9.24700 5.50300 4.52700 7.32400 9.19600
145.00000 22.55200 23.97700 19.01200 1.17000 5.39100 8.95200 1.35300 -11.74900 -10.37600 3.98800 -0.53900 -7.78200 2.08500 5.01500 9.76600 7.73100
146.00000 24.99400 25.44100 21.45400 6.54100 8.80900 11.88200 4.28300 -8.82000 -11.35300 6.42900 2.39100 -5.82900 -0.84400 4.52700 8.78900 6.75500
147.00000 26.45900 25.93000 21.45400 10.44700 12.22700 13.83500 2.33000 -5.89000 -9.88800 7.40600 2.39100 -3.38700 -2.30900 4.52700 7.32400 7.24300
148.00000 24.01700 24.95300 17.05900 10.93500 12.71600 14.32300 -2.55300 -4.42500 -5.49300 6.42900 -0.05100 -2.41100 -2.79700 3.06200 5.85900 8.21900
149.00000 18.15800 22.02400 10.71200 8.49400 11.25100 13.34600 -8.41300 -2.47200 -0.61000 4.47600 -3.46900 -3.38700 -2.79700 2.57400 4.88300 8.70800
150.00000 11.81000 19.09400 4.85200 5.56400 9.29800 11.39300 -10.85400 -0.03100 2.80800 1.54600 -7.37500 -5.82900 -2.79700 1.10900 3.41800 7.73100
151.00000 9.36900 17.62900 2.89900 3.61100 7.34500 8.95200 -8.41300 2.41100 3.78400 -0.40700 -9.81600 -8.27000 -3.28600 -0.35600 0.00000 4.80100
152.00000 10.83400 17.62900 5.82900 4.10000 6.36800 6.51000 -2.06500 4.85200 1.83100 -2.36000 -11.77000 -9.73500 -4.26200 -1.82100 -4.39500 1.38300
153.00000 16.20500 19.09400 10.71200 6.54100 5.88000 4.06900 4.28300 5.82900 -0.61000 -5.29000 -12.25800 -10.22300 -5.23900 -4.26200 -7.81200 -1.54600
154.00000 21.08800 20.07000 15.10600 8.49400 4.41500 1.62800 7.21200 4.85200 -2.56300 -9.68400 -12.74600 -10.22300 -5.72700 -7.68000 -9.76600 -5.45200
155.00000 23.52900 20.07000 17.54800 8.98200 2.95000 0.16300 6.72400 1.43400 -2.56300 -14.07900 -13.23400 -11.20000 -6.70400 -12.07500 -11.23000 -10.82400
156.00000 23.04100 18.60600 17.05900 7.51700 0.99700 -1.30200 3.30600 -2.96000 -2.07500 -17.98500 -15.67600 -15.10600 -7.68000 -16.95800 -14.64800 -16.19500
157.00000 20.59900 16.16400 15.59400 5.56400 -0.46800 -1.79000 0.86500 -6.37800 -3.05200 -20.42600 -18.60600 -19.98900 -9.14500 -19.88700 -20.02000 -20.58900
158.00000 18.64600 13.72300 14.61800 4.10000 -1.44400 -2.27900 -0.60000 -8.82000 -5.49300 -20.91500 -21.53500 -24.38400 -9.63300 -21.35200 -24.41400 -20.58900
159.00000 18.15800 12.74600 15.10600 5.07600 -0.95600 -2.27900 -0.11200 -8.82000 -9.88800 -19.45000 -22.51200 -25.36000 -8.65700 -20.37600 -24.90200 -16.19500
160.00000 20.11100 15.18800 16.57100 7.51700 0.02000 -1.30200 0.37600 -8.82000 -13.79400 -16.52000 -20.07000 -22.91900 -6.70400 -16.95800 -20.02000 -9.35900
161.00000 23.04100 20.07000 17.05900 10.44700 0.99700 0.16300 -0.11200 -8.33100 -15.74700 -12.12600 -16.16400 -18.03600 -4.26200 -12.07500 -12.20700 -3.49900
162.00000 26.94700 25.93000 17.05900 11.91200 2.46200 2.60400 -0.60000 -8.82000 -16.23500 -7.73100 -12.74600 -14.61800 -1.82100 -7.68000 -5.85900 -1.54600
163.00000 30.36500 30.32400 17.05900 11.91200 2.46200 4.06900 -1.08800 -8.33100 -15.74700 -3.82500 -11.77000 -12.66500 -1.33300 -4.26200 -5.37100 -2.03500
164.00000 32.80600 31.78900 17.54800 11.42400 1.97300 3.58100 -1.08800 -6.37800 -15.25900 -0.89500 -12.74600 -11.68800 -1.82100 -2.30900 -8.78900 -3.49900
165.00000 34.27100 30.81300 19.01200 10.93500 0.99700 3.09200 0.86500 -2.47200 -13.79400 1.54600 -13.23400 -9.73500 -3.28600 -0.84400 -11.23000 -2.52300
166.00000 34.27100 29.83600 21.94200 11.42400 0.99700 4.55700 3.30600 2.41100 -10.86400 4.47600 -10.79300 -5.82900 -3.77400 1.59700 -8.30100 0.89500
167.00000 33.78300 30.32400 24.87200 12.40000 2.46200 9.44000 5.74700 6.80500 -5.49300 9.35900 -5.91000 0.03100 -3.28600 5.50300 0.97700 6.75500
168.00000 33.29500 32.27700 27.31300 12.40000 6.85600 17.25300 7.70100 9.24700 2.31900 17.17100 -0.05100 4.42500 -0.84400 11.36300 12.20700 12.12600
169.00000 33.78300 34.23100 27.31300 11.42400 10.76300 25.55300 9.65400 8.27000 10.62000 24.49500 4.83200 5.40200 2.08500 17.22200 19.04300 15.54400
170.00000 33.78300 34.71900 26.33700 9.47100 15.15700 29.94800 10.63000 5.82900 16.47900 29.37800 7.76200 2.96000 5.01500 20.64000 19.04300 17.49700
171.00000 32.80600 32.76600 23.89500 7.51700 17.11000 29.46000 11.11900 3.38700 18.92100 30.35500 9.22600 -0.94600 7.45600 22.10500 14.16000 17.98500
172.00000 31.34200 30.32400 20.47700 6.54100 17.59800 26.53000 10.14200 0.94600 18.92100 27.91300 9.22600 -4.36400 8.92100 20.15200 9.27700 17.98500
173.00000 30.36500 28.85900 16.57100 6.54100 17.11000 23.11200 8.18900 -1.00700 16.47900 23.03100 8.73800 -5.34100 8.92100 16.24600 6.34800 16.52000
174.00000 29.38800 29.34800 13.15300 7.51700 16.62200 21.64700 5.74700 -2.47200 13.55000 17.17100 5.32000 -6.31700 6.96800 10.38600 5.37100 12.12600
175.00000 28.90000 30.81300 10.22300 8.49400 16.13400 21.64700 3.79400 -3.93700 9.64400 11.31200 -1.02700 -7.78200 3.55000 4.52700 2.93000 4.31300
176.00000 28.90000 31.78900 9.24700 9.47100 14.18100 20.18200 3.30600 -5.40200 5.73700 6.91700 -8.84000 -11.20000 -0.35600 -1.82100 -2.93000 -4.47600
177.00000 27.43500 30.32400 9.73500 9.95900 10.27400 15.78800 4.28300 -5.40200 1.34300 2.03500 -15.18800 -15.10600 -4.26200 -7.19200 -10.74200 -11.80000
178.00000 25.48200 26.90600 12.17700 10.44700 5.39100 8.95200 4.77100 -3.93700 -3.54000 -2.36000 -18.11700 -18.52400 -7.19200 -10.61000 -18.55500 -15.70600
179.00000 23.52900 23.48800 15.59400 10.44700 0.02000 2.11600 5.74700 -1.00700 -7.44600 -6.75500 -17.14100 -19.50100 -8.16900 -11.58700 -21.97300 -15.21800
180.00000 23.52900 21.04700 19.98900 10.93500 -2.42100 -2.76700 6.72400 1.43400 -10.37600 -10.17300 -14.69900 -19.01200 -8.65700 -11.09800 -21.97300 -11.31200
181.00000 25.48200 21.04700 24.38400 11.91200 -2.42100 -3.74300 7.70100 3.38700 -12.81700 -12.12600 -14.21100 -18.52400 -8.16900 -9.63300 -19.53100 -7.40600
182.00000 29.38800 23.97700 29.26600 12.88900 0.99700 0.16300 9.65400 3.38700 -14.77100 -11.63700 -15.67600 -19.50100 -7.19200 -7.68000 -17.09000 -5.45200
183.00000 34.27100 28.37100 33.17300 15.81800 6.36800 6.99900 11.60700 2.41100 -14.77100 -8.21900 -17.14100 -21.45400 -5.23900 -4.75100 -15.62500 -4.96400
184.00000 39.15400 34.23100 36.10200 20.21300 12.22700 14.81100 12.09500 0.94600 -13.79400 -3.82500 -18.11700 -22.43000 -1.82100 -1.82100 -14.64800 -4.47600
185.00000 43.06000 39.60200 37.07900 24.60700 17.11000 19.69400 9.65400 -1.49500 -11.84100 1.05800 -17.14100 -22.43000 1.59700 0.62100 -13.67200 -3.98800
186.00000 45.99000 42.04300 36.10200 29.00200 19.55200 20.67100 5.74700 -3.44800 -10.37600 3.98800 -16.65200 -20.47700 4.52700 2.08500 -12.20700 -1.54600
187.00000 45.50200 41.55500 33.17300 29.97800 18.08700 16.76400 0.37600 -4.91300 -9.88800 3.49900 -18.11700 -17.54800 5.99200 1.59700 -9.76600 0.89500
188.00000 42.57200 37.16000 27.80200 27.04900 12.22700 8.95200 -4.99500 -4.91300 -10.86400 0.57000 -22.02400 -14.61800 5.99200 -0.84400 -8.30100 2.84800
189.00000 36.71300 30.32400 20.96600 21.18900 4.90300 1.13900 -8.41300 -4.91300 -11.35300 -3.33700 -26.41800 -12.17700 4.52700 -4.26200 -7.81200 2.84800
190.00000 29.87700 23.97700 14.13000 14.35300 -0.95600 -3.74300 -10.36600 -3.93700 -10.37600 -4.80100 -27.39500 -10.71200 3.06200 -6.21500 -7.32400 1.38300
191.00000 23.52900 20.55900 9.24700 9.47100 -3.39800 -3.25500 -10.85400 -2.47200 -6.47000 -3.33700 -23.48800 -9.73500 1.10900 -6.21500 -5.85900 -1.54600
192.00000 21.08800 20.55900 7.78200 8.00600 -0.46800 2.11600 -10.36600 -1.49500 -0.61000 0.57000 -16.16400 -9.73500 -0.35600 -3.77400 -3.90600 -3.49900
193.00000 22.06400 23.97700 9.73500 8.98200 4.90300 9.44000 -8.41300 -1.00700 4.76100 5.45200 -9.32800 -9.73500 -2.79700 -1.33300 -1.46500 -4.96400
194.00000 25.97000 27.88300 14.13000 11.42400 9.78600 15.29900 -4.99500 -0.51900 8.66700 9.35900 -4.93400 -10.22300 -5.23900 0.62100 0.00000 -4.96400
195.00000 30.85300 31.30100 19.50100 13.37700 11.73900 17.25300 -1.08800 0.45800 9.15500 11.31200 -4.93400 -11.68800 -8.16900 1.59700 -0.97700 -3.49900
196.00000 34.27100 32.76600 24.38400 14.84200 11.25100 16.76400 3.79400 1.92300 8.17900 11.80000 -6.88700 -13.15300 -10.12200 1.59700 -3.41800 -1.54600
197.00000 36.71300 32.76600 27.80200 15.33000 10.27400 15.78800 7.70100 3.87600 6.71400 11.31200 -8.35200 -14.13000 -11.09800 1.10900 -6.83600 -0.57000
198.00000 38.66600 32.76600 29.75500 15.81800 10.27400 15.29900 11.11900 6.31700 5.24900 10.33500 -6.88700 -13.15300 -11.09800 0.13200 -9.27700 -1.05800
199.00000 41.10700 33.74200 30.24300 16.79500 12.71600 16.76400 13.56000 7.29400 4.76100 9.35900 -2.49200 -11.68800 -11.58700 -0.84400 -10.25400 -3.98800
200.00000 44.03700 35.69500 29.75500 17.28300 15.15700 18.71700 16.49000 6.31700 3.29600 8.38200 2.87900 -9.73500 -12.07500 -2.30900 -9.76600 -7.89400
201.00000 45.99000 37.64900 28.77800 17.28300 16.13400 19.20600 18.44300 3.87600 1.34300 7.40600 7.27300 -8.27000 -12.56300 -3.28600 -9.76600 -10.82400
202.00000 45.99000 38.62500 26.82500 16.30700 15.15700 18.22900 17.95500 -0.03100 -2.07500 5.45200 7.76200 -7.78200 -11.09800 -2.79700 -10.74200 -11.31200
203.00000 44.52500 38.13700 25.36000 14.84200 13.20400 15.78800 15.51300 -2.96000 -5.98100 3.49900 4.83200 -6.80500 -7.68000 -1.82100 -11.71900 -8.38200
204.00000 41.59500 36.67200 24.87200 14.35300 11.73900 12.85800 10.63000 -4.91300 -9.88800 1.05800 -0.53900 -4.85200 -2.79700 -0.84400 -10.74200 -3.01100
205.00000 38.66600 35.20700 24.38400 15.33000 12.22700 11.39300 5.74700 -4.91300 -11.84100 -1.87200 -6.39900 -2.41100 2.08500 -1.33300 -7.32400 2.36000
206.00000 37.20100 34.23100 24.87200 16.79500 13.20400 9.44000 0.86500 -3.44800 -12.32900 -4.31300 -11.77000 -1.43400 5.01500 -3.77400 -2.93000 4.80100
207.00000 35.24800 33.25400 24.38400 18.74800 13.69200 7.48700 -3.04200 -2.47200 -11.35300 -7.73100 -17.14100 -2.89900 5.50300 -7.19200 -0.48800 4.31300
208.00000 32.80600 31.78900 21.45400 18.26000 12.22700 5.04600 -7.43600 -1.98400 -9.39900 -9.68400 -23.48800 -8.27000 4.52700 -10.12200 -1.95300 1.38300
209.00000 27.92400 29.34800 16.08300 16.30700 9.29800 2.11600 -12.80700 -2.96000 -6.47000 -10.17300 -30.81300 -15.59400 3.06200 -11.58700 -7.32400 -2.52300
210.00000 23.04100 25.44100 9.24700 11.91200 5.88000 0.16300 -18.17800 -3.93700 -4.02800 -9.68400 -37.64900 -21.94200 1.10900 -11.09800 -13.18400 -5.94100
211.00000 19.62300 22.51200 3.87600 8.00600 3.92700 -0.32600 -21.59600 -3.44800 -1.09900 -7.73100 -40.57800 -24.87200 -0.35600 -9.14500 -16.11300 -7.89400
212.00000 20.11100 21.04700 2.89900 5.56400 4.41500 0.65100 -21.10800 -2.47200 2.31900 -5.29000 -38.62500 -24.38400 -2.79700 -7.19200 -15.13700 -7.89400
213.00000 24.01700 21.53500 5.82900 5.56400 5.88000 3.09200 -15.73700 -1.00700 6.22600 -2.36000 -32.27700 -22.43000 -4.26200 -6.70400 -11.71900 -6.42900
214.00000 29.87700 24.46500 11.68800 7.02900 7.83300 5.53400 -8.41300 -0.51900 10.13200 1.05800 -24.46500 -20.47700 -5.72700 -6.21500 -8.30100 -3.98800
215.00000 35.24800 27.88300 18.52400 8.49400 9.29800 8.95200 -1.57700 -1.49500 13.06200 4.47600 -17.62900 -19.98900 -5.23900 -4.75100 -5.85900 -1.05800
216.00000 39.64200 32.76600 22.43000 9.95900 11.25100 12.37000 1.35300 -3.44800 15.01500 8.87000 -12.74600 -20.96600 -3.28600 -0.84400 -4.88300 0.89500
217.00000 43.06000 38.13700 23.89500 9.95900 13.20400 16.76400 1.35300 -5.89000 15.50300 13.26500 -9.32800 -19.98900 -0.35600 5.01500 -2.93000 1.38300
218.00000 45.50200 43.02000 22.91900 9.95900 16.62200 21.64700 -1.08800 -8.33100 14.52600 17.17100 -5.42200 -18.52400 0.62100 10.38600 -0.48800 0.40700
219.00000 47.45500 47.41400 21.94200 9.95900 20.52800 25.06500 -2.55300 -9.79600 12.57300 20.10100 -2.00400 -17.05900 0.62100 14.29200 0.48800 -0.08100
220.00000 48.43100 48.87900 20.96600 9.95900 22.97000 26.53000 -4.01800 -11.26100 11.10800 21.56600 0.43700 -17.05900 -1.82100 14.29200 -0.48800 -0.57000
221.00000 47.94300 48.87900 20.47700 9.47100 23.94600 26.04200 -4.99500 -13.70200 9.64400 20.58900 -0.05100 -18.52400 -5.23900 11.36300 -3.90600 -0.08100
222.00000 46.96700 47.41400 19.50100 9.47100 22.97000 24.57700 -5.97100 -15.16700 8.66700 18.63600 -2.98100 -20.47700 -7.68000 7.45600 -7.32400 0.40700
223.00000 46.47800 46.92600 18.03600 9.47100 21.99300 22.62400 -6.46000 -14.67900 7.69000 15.21800 -5.91000 -19.98900 -8.65700 4.52700 -7.81200 0.40700
224.00000 45.99000 47.41400 17.54800 10.44700 21.99300 21.64700 -4.50600 -11.26100 5.24900 11.80000 -6.39900 -16.08300 -8.16900 2.08500 -5.85900 -1.05800
225.00000 45.99000 48.39100 19.01200 13.37700 23.45800 22.62400 1.35300 -4.91300 1.34300 8.87000 -3.95700 -8.27000 -6.70400 1.10900 -2.93000 -2.03500
226.00000 45.50200 48.39100 22.43000 16.30700 24.92300 24.57700 10.14200 3.38700 -2.56300 6.91700 -0.05100 0.03100 -4.26200 0.62100 0.00000 -1.05800
227.00000 44.52500 46.43800 26.82500 20.21300 24.43400 26.04200 19.41900 10.71200 -5.49300 5.94100 2.87900 6.37800 -0.35600 1.59700 1.46500 3.82500
228.00000 43.54900 43.50800 31.21900 22.65400 21.99300 26.04200 25.27900 14.13000 -5.98100 6.42900 4.34400 7.84300 5.01500 3.55000 3.41800 11.63700
229.00000 43.54900 41.06600 35.12600 25.09600 19.06300 25.06500 26.74400 14.13000 -3.05200 8.87000 2.87900 5.40200 12.33900 7.45600 6.34800 19.45000
230.00000 45.99000 41.55500 38.05500 27.04900 17.11000 24.57700 24.30200 11.20000 2.31900 13.26500 0.92600 0.03100 19.17500 13.31600 10.25400 24.82100
231.00000 50.38500 45.46100 41.47300 29.00200 18.57500 25.06500 20.88400 6.80500 9.15500 19.12400 -2.00400 -5.82900 24.05800 18.19900 12.20700 25.30900
232.00000 54.29100 50.34400 42.93800 30.46700 21.50500 27.01800 18.44300 3.87600 15.01500 24.49500 -4.93400 -10.71200 24.54600 21.12800 10.74200 20.42600
233.00000 56.73200 53.76200 42.93800 29.97800 23.94600 28.97100 16.97800 2.89900 18.43300 27.91300 -8.35200 -15.59400 19.66300 20.64000 5.37100 11.63700
234.00000 54.29100 52.78500 39.03200 26.07200 23.94600 28.97100 15.51300 2.89900 18.43300 28.89000 -13.72300 -20.96600 11.36300 17.22200 -2.44100 2.36000
235.00000 48.92000 47.41400 32.19600 19.72500 20.04000 26.04200 12.09500 2.41100 16.96800 25.96000 -19.09400 -26.33700 1.59700 12.33900 -9.76600 -4.47600
236.00000 41.10700 39.60200 23.89500 12.88900 15.15700 20.67100 8.67700 0.45800 14.52600 21.56600 -23.97700 -30.73100 -6.70400 7.94500 -14.64800 -8.38200
237.00000 34.76000 32.27700 18.52400 8.00600 11.25100 15.78800 5.74700 -1.98400 12.57300 18.14800 -25.93000 -32.19600 -12.07500 5.99200 -16.11300 -9.35900
238.00000 30.85300 28.85900 17.05900 7.02900 10.76300 13.83500 5.74700 -4.42500 12.08500 16.68300 -23.00000 -29.75500 -14.02800 6.96800 -15.13700 -8.38200
239.00000 30.36500 29.34800 19.98900 9.95900 12.22700 16.27600 9.16500 -4.42500 11.59700 18.14800 -16.16400 -23.89500 -13.05100 9.41000 -13.18400 -4.96400
240.00000 31.83000 32.76600 23.89500 13.86500 14.66900 21.64700 14.04800 -3.44800 11.59700 20.58900 -5.91000 -16.57100 -10.61000 12.33900 -9.76600 -0.57000
241.00000 32.80600 36.67200 27.31300 16.30700 15.64500 26.53000 17.46600 -2.47200 11.59700 22.54200 4.34400 -8.75900 -7.19200 15.26900 -5.37100 4.31300
242.00000 33.29500 39.60200 27.80200 15.81800 16.62200 29.46000 18.44300 -1.98400 10.62000 23.03100 10.69100 -3.38700 -4.26200 16.24600 0.00000 8.70800
243.00000 34.27100 42.04300 26.33700 14.35300 18.08700 30.92400 16.49000 -2.96000 9.64400 22.54200 12.15600 -0.94600 -2.79700 15.75700 4.88300 10.66100
244.00000 37.68900 45.46100 25.84800 14.35300 21.99300 30.92400 13.56000 -3.93700 7.69000 21.07700 8.25000 -1.92300 -3.28600 13.31600 7.32400 9.19600
245.00000 44.03700 51.32000 26.82500 16.79500 27.85200 31.90100 11.11900 -3.93700 5.24900 19.61300 2.39100 -5.34100 -4.75100 9.41000 5.37100 4.80100
246.00000 52.82600 58.15600 30.73100 22.16600 34.20000 33.36600 11.11900 -1.49500 2.80800 18.14800 -2.49200 -9.24700 -6.70400 5.50300 0.97700 -0.08100
247.00000 59.66200 63.52700 35.12600 28.02500 38.10600 33.85400 12.58300 1.92300 1.83100 16.68300 -3.95700 -11.68800 -6.70400 3.06200 -2.93000 -2.52300
248.00000 62.59200 64.50400 38.54400 31.93200 39.08300 32.87800 14.53700 5.82900 2.80800 15.70600 -1.02700 -10.22300 -3.28600 3.06200 -2.44100 -1.05800
249.00000 61.12700 59.62100 40.00900 32.42000 36.15300 30.43600 16.49000 8.75900 6.71400 15.70600 4.34400 -5.82900 3.55000 5.99200 3.90600 4.31300
250.00000 56.73200 52.78500 39.52000 31.44300 31.75900 27.99500 18.93100 9.73500 13.06200 17.66000 9.71500 0.03100 13.31600 10.87400 12.69500 12.12600
251.00000 52.33800 46.43800 38.54400 29.97800 27.85200 27.01800 21.37200 9.73500 19.89700 21.56600 13.13300 5.89000 23.08100 17.22200 19.04300 19.45000
252.00000 49.89600 43.50800 38.05500 29.97800 25.41100 27.99500 23.81400 8.75900 25.26900 25.47200 13.62100 8.33100 29.91700 22.10500 19.04300 23.35600
253.00000 48.43100 43.02000 36.59100 29.97800 23.94600 28.97100 24.79000 7.29400 26.24500 26.44900 10.69100 6.86600 31.38200 24.54600 13.67200 23.35600
254.00000 46.47800 42.53100 34.14900 28.51400 21.99300 27.01800 22.34900 5.82900 22.33900 24.00700 5.32000 2.96000 27.47600 22.59300 5.37100 18.96200
255.00000 42.08400 39.11300 29.75500 24.60700 18.08700 20.67100 16.97800 4.36400 15.50300 16.68300 -1.51600 -2.89900 19.66300 16.73400 -1.95300 12.12600
256.00000 36.22400 32.76600 23.89500 18.26000 13.20400 11.39300 10.14200 2.89900 7.69000 7.89400 -8.35200 -10.22300 10.38600 8.92100 -7.32400 4.31300
