1.00000 0.25400 -0.55900 1.27200 1.48500 -0.70200 -1.12900 10.75200 1.74000 -3.69300 4.23200 4.71000 -0.15300 -3.87600 -5.29000 -2.92000 -6.63200
2.00000 -0.23400 -0.07100 -1.17000 0.50900 0.27500 2.28900 9.28800 0.76300 -4.66900 1.30200 1.78000 -1.61700 -6.31700 -8.21900 -5.36100 -8.58600
3.00000 0.74300 0.90500 -1.65800 0.50900 1.25100 5.21900 6.84600 0.27500 -4.18100 -0.16300 0.80400 -2.59400 -7.29400 -9.68400 -5.36100 -9.56200
4.00000 3.67200 3.34700 -0.68200 1.48500 2.71600 8.14800 4.89300 0.76300 -2.71600 1.79000 1.29200 -2.59400 -7.29400 -8.70800 -4.38400 -9.07400
5.00000 6.60200 6.27600 2.24800 3.43800 4.66900 10.59000 4.40500 1.74000 -0.27500 5.20800 2.75700 -2.59400 -5.82900 -6.26600 -1.94300 -7.12100
6.00000 7.57900 8.71800 5.17800 4.90300 6.62200 13.03100 4.89300 2.22800 3.63200 9.11500 2.75700 -3.57100 -4.85200 -4.80100 -1.94300 -6.14400
7.00000 7.09000 9.20600 7.13100 6.36800 8.08700 15.47200 4.40500 2.22800 6.56100 11.55600 0.80400 -6.01200 -4.85200 -4.31300 -3.89600 -6.14400
8.00000 6.60200 9.20600 8.59600 5.88000 9.06400 18.40200 2.45200 1.74000 9.00300 11.06800 -4.07900 -8.94200 -5.82900 -5.77800 -7.31400 -7.60900
9.00000 6.60200 8.71800 9.57200 5.39100 10.04000 19.86700 0.01000 1.25100 9.97900 9.11500 -8.47400 -10.89500 -7.29400 -7.73100 -10.73200 -9.07400
10.00000 6.60200 7.74100 9.08400 4.90300 10.04000 18.89000 -2.43100 1.74000 9.00300 6.18500 -11.40300 -11.87100 -7.78200 -8.70800 -11.22000 -9.07400
11.00000 5.62500 5.78800 5.66600 3.92700 9.06400 13.03100 -3.40800 1.74000 7.05000 2.27900 -12.38000 -10.40600 -7.29400 -8.21900 -9.75500 -7.12100
12.00000 2.20700 1.88200 -0.19300 2.46200 5.15700 2.28900 -3.40800 2.71600 4.12000 -2.11600 -10.91500 -7.96500 -5.82900 -6.26600 -6.33700 -3.70300
13.00000 -2.67500 -4.46600 -5.07600 0.02000 0.27500 -9.91800 -3.40800 2.71600 0.70200 -6.99900 -7.98500 -5.03500 -4.36400 -5.29000 -2.92000 -0.28500
14.00000 -6.58200 -9.83700 -7.51700 -1.93300 -5.58500 -18.70700 -3.89600 3.69300 -2.71600 -11.39300 -5.05600 -1.61700 -3.87600 -4.31300 -0.47800 1.66800
15.00000 -7.55800 -13.25500 -6.05300 -2.90900 -9.49100 -20.66000 -4.87300 4.18100 -4.66900 -15.78800 -2.61400 1.31200 -3.38700 -4.80100 1.47500 3.13300
16.00000 -6.09300 -12.27800 -2.63500 -2.42100 -10.46800 -15.77800 -5.36100 4.66900 -5.15700 -17.74100 0.31500 3.26500 -2.41100 -4.80100 2.45200 4.11000
17.00000 -3.65200 -8.86000 0.29500 -0.46800 -9.00300 -8.45300 -4.38400 6.13400 -4.18100 -18.22900 2.75700 4.73000 -0.94600 -3.82500 4.40500 5.08600
18.00000 -2.18700 -4.95400 1.27200 1.48500 -6.07300 -3.57100 -2.92000 6.62200 -3.20400 -16.76400 5.68600 5.70700 0.03100 -1.87200 5.38100 5.08600
19.00000 -1.69900 -2.51300 1.27200 1.97300 -4.60800 -4.54700 -0.47800 6.62200 -1.74000 -13.83500 8.12800 6.19500 1.00700 -0.40700 5.87000 4.59800
20.00000 -2.18700 -2.51300 0.78300 0.99700 -5.09600 -9.91800 1.47500 6.13400 -1.25100 -10.41700 10.08100 6.19500 1.49500 0.57000 5.38100 3.62100
21.00000 -1.69900 -3.97700 1.27200 -1.44400 -6.56100 -14.80100 3.91600 5.15700 -0.76300 -6.99900 11.54600 5.70700 1.49500 2.03500 4.40500 3.13300
22.00000 -1.21100 -4.95400 2.24800 -3.88600 -8.51400 -15.77800 5.38100 4.66900 0.21400 -4.06900 12.52200 5.70700 1.98400 3.49900 2.45200 3.13300
23.00000 -0.72200 -4.95400 2.73600 -5.83900 -7.53800 -11.38300 7.33400 3.20400 2.16700 -0.65100 12.52200 4.73000 2.96000 4.96400 0.49800 2.15700
24.00000 -1.21100 -3.48900 1.76000 -6.32700 -5.58500 -2.59400 8.31100 2.22800 4.12000 2.27900 11.05800 3.26500 2.96000 5.45200 -1.94300 0.20300
25.00000 -1.21100 -2.02400 -0.19300 -4.86200 -1.67800 6.19500 7.82300 1.25100 5.09600 4.72000 8.12800 0.82400 1.98400 4.47600 -5.36100 -3.70300
26.00000 -1.21100 -0.07100 -1.65800 -2.90900 1.25100 11.56600 5.87000 0.27500 5.09600 5.69700 3.73300 -2.59400 -0.45800 2.03500 -10.24400 -9.07400
27.00000 -0.23400 0.90500 -3.12300 -1.44400 2.71600 11.07800 2.45200 -1.19000 4.12000 4.23200 -2.12600 -6.98900 -3.87600 -1.87200 -15.12700 -13.95700
28.00000 0.25400 1.39400 -3.12300 -0.46800 1.74000 4.73000 -1.45500 -3.14300 2.16700 1.79000 -7.00900 -10.40600 -6.80500 -5.29000 -19.03300 -16.88600
29.00000 0.74300 0.90500 -2.63500 -0.95600 -0.70200 -4.05900 -4.38400 -4.12000 0.70200 -0.65100 -10.91500 -12.84800 -7.78200 -7.24300 -20.98600 -17.37500
30.00000 0.74300 0.90500 -1.17000 -1.44400 -2.65500 -9.43000 -4.38400 -4.12000 0.21400 -1.13900 -12.38000 -13.82400 -7.29400 -6.26600 -20.98600 -15.91000
31.00000 2.20700 2.85800 1.76000 -0.95600 -2.65500 -7.96500 -1.45500 -3.63200 1.19000 0.81400 -12.86800 -14.31300 -6.31700 -4.80100 -20.49800 -13.46800
32.00000 6.60200 6.27600 6.64300 0.99700 -0.21400 1.31200 1.47500 -2.16700 3.14300 5.20800 -13.84500 -14.80100 -5.82900 -3.82500 -19.52100 -12.49200
33.00000 11.97300 10.67100 11.03700 4.41500 4.18100 14.00800 4.40500 -1.19000 5.58500 9.11500 -15.31000 -15.28900 -5.82900 -3.82500 -20.49800 -12.98000
34.00000 16.85600 15.06600 14.45500 7.83300 8.57500 22.79700 5.38100 0.27500 7.53800 11.06800 -18.23900 -17.24200 -7.78200 -5.77800 -21.96200 -14.93300
35.00000 19.29700 17.01900 15.92000 10.27400 11.50500 23.77300 4.89300 0.76300 8.51400 10.57900 -20.19200 -18.21900 -10.22300 -8.70800 -22.93900 -17.37500
36.00000 18.80900 17.01900 15.43200 10.76300 12.48200 18.40200 3.42800 1.25100 8.51400 8.62600 -21.65700 -18.70700 -12.17700 -11.63700 -22.93900 -18.84000
37.00000 16.85600 15.55400 13.96700 10.27400 11.50500 12.54300 1.96300 1.74000 7.53800 7.16100 -20.68100 -17.24200 -13.15300 -13.10200 -20.98600 -18.84000
38.00000 14.90300 14.08900 12.99000 9.29800 10.04000 10.59000 1.96300 2.22800 6.56100 7.16100 -19.70400 -15.77800 -13.64100 -14.56700 -19.52100 -19.32800
39.00000 12.95000 11.15900 12.01400 8.80900 8.57500 12.05400 1.47500 2.71600 5.09600 7.16100 -19.21600 -14.31300 -13.64100 -16.03200 -19.03300 -20.30400
40.00000 10.50800 8.23000 10.06100 7.83300 6.13400 12.54300 0.49800 2.71600 3.14300 5.69700 -19.70400 -13.33600 -14.61800 -17.49700 -20.98600 -22.25700
41.00000 6.60200 4.32300 6.64300 5.88000 3.20400 8.14800 -1.45500 2.22800 1.19000 1.79000 -21.16900 -13.33600 -15.59400 -20.42600 -23.91600 -24.69900
42.00000 1.71900 -0.07100 0.78300 3.43800 0.27500 -0.64100 -5.36100 1.25100 -0.76300 -4.06900 -20.68100 -13.33600 -17.05900 -22.38000 -25.38000 -26.65200
43.00000 -3.16400 -3.48900 -4.58800 0.50900 -2.16700 -7.47700 -10.24400 0.27500 -1.74000 -9.44000 -18.23900 -12.36000 -17.05900 -23.84400 -25.38000 -26.65200
44.00000 -5.60500 -4.95400 -8.98200 -2.42100 -3.63200 -8.45300 -15.12700 -0.21400 -2.22800 -11.88200 -13.84500 -10.40600 -15.59400 -22.86800 -22.93900 -24.69900
45.00000 -5.60500 -4.95400 -10.44700 -4.37400 -4.12000 -4.05900 -18.05600 -0.21400 -1.74000 -11.88200 -8.47400 -7.47700 -13.15300 -20.42600 -20.00900 -22.25700
46.00000 -3.65200 -3.97700 -9.47100 -4.37400 -4.60800 0.33600 -18.05600 0.27500 -0.76300 -9.44000 -4.56700 -5.52400 -10.71200 -17.00800 -17.08000 -19.32800
47.00000 -2.18700 -3.48900 -7.51700 -4.37400 -4.60800 -0.15300 -15.61500 0.76300 -0.27500 -8.46400 -2.61400 -4.54700 -8.75900 -14.56700 -16.10300 -17.37500
48.00000 -2.18700 -3.48900 -5.56400 -3.39800 -5.09600 -4.05900 -12.68500 0.76300 0.21400 -9.44000 -3.10300 -4.54700 -7.78200 -13.59000 -16.10300 -16.88600
49.00000 -3.16400 -3.97700 -5.07600 -2.90900 -4.60800 -7.96500 -10.73200 0.76300 0.70200 -12.37000 -4.07900 -4.54700 -8.27000 -13.59000 -16.59100 -17.86300
50.00000 -4.14000 -3.97700 -5.07600 -2.42100 -4.12000 -6.98900 -10.24400 0.76300 0.70200 -15.29900 -5.54400 -5.52400 -8.75900 -15.05500 -17.56800 -19.32800
51.00000 -4.14000 -3.00100 -5.56400 -1.93300 -3.14300 -3.08200 -10.73200 0.76300 0.70200 -15.78800 -6.03200 -6.01200 -9.24700 -15.54400 -18.54500 -19.81600
52.00000 -3.65200 -2.02400 -5.56400 -1.44400 -2.16700 -1.12900 -10.24400 0.76300 0.70200 -14.32300 -6.03200 -6.01200 -9.24700 -15.54400 -18.05600 -19.32800
53.00000 -4.14000 -2.51300 -6.05300 -1.93300 -2.65500 -5.03500 -8.77900 0.76300 0.70200 -12.37000 -5.05600 -5.52400 -8.75900 -14.56700 -17.08000 -17.86300
54.00000 -5.11700 -4.95400 -6.54100 -3.88600 -4.60800 -11.87100 -6.82600 0.27500 0.21400 -11.39300 -4.07900 -4.54700 -7.78200 -12.61400 -14.63800 -14.93300
55.00000 -7.07000 -7.88400 -8.49400 -6.32700 -7.53800 -16.26600 -5.36100 -0.70200 -0.27500 -11.88200 -2.61400 -3.57100 -6.31700 -10.66100 -11.70900 -12.49200
56.00000 -9.02300 -10.81300 -9.95900 -8.28000 -9.00300 -13.82400 -4.87300 -1.67800 -0.76300 -11.88200 -1.63800 -3.08200 -5.34100 -9.19600 -9.26700 -10.05000
57.00000 -8.04600 -10.81300 -9.95900 -8.28000 -8.51400 -5.03500 -4.38400 -2.16700 -0.27500 -10.41700 -1.14900 -2.59400 -4.36400 -7.73100 -7.80200 -8.09700
58.00000 -4.14000 -6.41900 -7.02900 -4.86200 -5.09600 3.75400 -3.40800 -1.67800 1.19000 -6.99900 -1.14900 -2.59400 -3.38700 -5.77800 -6.82600 -6.14400
59.00000 1.23100 -0.07100 -1.17000 0.50900 -0.21400 8.63600 -1.45500 -0.70200 3.14300 -2.60400 -1.14900 -3.08200 -1.92300 -3.33700 -5.84900 -3.70300
60.00000 7.09000 6.76500 5.17800 4.90300 5.15700 9.12500 0.98700 0.27500 5.09600 1.79000 -1.14900 -3.57100 -0.45800 -0.40700 -3.40800 -0.28500
61.00000 10.99700 11.64800 10.06100 7.34500 8.08700 9.12500 2.94000 0.27500 7.05000 3.74300 -1.14900 -4.54700 1.00700 2.52300 -0.96600 2.64500
62.00000 12.46100 14.08900 11.52500 6.85600 9.55200 11.56600 3.91600 0.27500 9.00300 5.69700 -1.14900 -4.54700 1.98400 4.96400 1.96300 5.08600
63.00000 11.48500 14.08900 11.52500 4.90300 8.57500 15.47200 4.40500 -0.21400 9.97900 7.16100 -1.63800 -4.54700 2.47200 6.91700 3.91600 6.55100
64.00000 10.99700 13.11200 11.52500 3.43800 6.62200 17.42600 6.35800 0.76300 9.49100 9.11500 -2.61400 -4.05900 1.98400 6.91700 3.91600 7.03900
65.00000 10.99700 12.62400 12.99000 4.41500 5.15700 14.98400 9.28800 2.22800 8.02600 10.57900 -4.56700 -3.57100 1.00700 5.94100 2.94000 6.06300
66.00000 10.99700 11.64800 14.45500 6.36800 3.69300 9.12500 11.24100 4.18100 6.07300 9.60300 -6.52100 -3.08200 -1.92300 3.49900 0.98700 4.11000
67.00000 10.02000 9.69400 13.96700 7.83300 2.71600 3.26500 9.28800 5.15700 4.12000 5.69700 -8.96200 -4.05900 -4.85200 0.08100 -1.45500 0.69200
68.00000 6.60200 5.30000 9.57200 6.36800 0.76300 -1.12900 3.91600 5.15700 2.16700 -0.16300 -10.42700 -5.52400 -7.78200 -3.33700 -4.38400 -3.21500
69.00000 1.71900 -0.55900 1.76000 2.95000 -2.16700 -4.05900 -3.40800 3.69300 1.19000 -5.53400 -11.40300 -6.50000 -9.24700 -6.26600 -7.31400 -7.12100
70.00000 -3.16400 -5.93100 -6.05300 -0.95600 -5.58500 -7.96500 -8.77900 1.74000 0.70200 -7.97500 -10.91500 -6.50000 -9.24700 -7.24300 -9.26700 -9.07400
71.00000 -6.58200 -9.34900 -9.95900 -4.37400 -8.02600 -11.38300 -10.24400 0.76300 1.19000 -7.48700 -8.96200 -5.03500 -7.78200 -6.26600 -9.26700 -9.07400
72.00000 -7.07000 -9.34900 -8.98200 -5.35100 -9.00300 -12.84800 -8.29100 0.76300 1.67800 -5.04600 -5.54400 -2.10600 -4.85200 -3.82500 -7.31400 -7.60900
73.00000 -6.09300 -7.39500 -4.58800 -4.37400 -8.51400 -9.43000 -4.87300 1.74000 2.16700 -4.06900 -1.63800 0.33600 -2.41100 -1.38300 -5.36100 -5.16800
74.00000 -4.62800 -4.46600 -1.17000 -3.39800 -6.56100 -2.59400 -2.43100 2.22800 2.65500 -4.06900 1.78000 2.28900 -0.45800 0.57000 -4.38400 -4.19100
75.00000 -4.62800 -3.00100 -1.65800 -2.90900 -5.09600 3.75400 -2.92000 2.22800 3.63200 -4.06900 3.24500 1.80100 0.51900 1.54600 -4.87300 -4.67900
76.00000 -5.60500 -3.00100 -5.56400 -3.88600 -3.63200 5.21900 -4.38400 1.25100 5.09600 -3.09200 3.24500 0.82400 1.00700 1.54600 -6.33700 -5.65600
77.00000 -6.58200 -3.00100 -8.98200 -5.83900 -3.14300 2.28900 -4.87300 0.27500 6.56100 -0.16300 2.26800 -0.15300 1.98400 2.52300 -7.31400 -5.65600
78.00000 -6.58200 -2.02400 -9.47100 -7.30400 -2.16700 -0.64100 -3.89600 -1.19000 9.00300 3.74300 2.26800 -0.15300 3.44800 3.98800 -6.82600 -4.19100
79.00000 -4.62800 -0.55900 -7.02900 -6.81600 -1.19000 -0.15300 -1.94300 -1.19000 9.97900 6.18500 3.24500 0.82400 4.91300 5.94100 -4.38400 -1.75000
80.00000 -2.67500 0.90500 -4.10000 -5.83900 -0.21400 3.75400 -0.96600 -0.70200 9.97900 5.20800 5.19800 0.82400 4.91300 6.42900 -2.43100 0.20300
81.00000 -1.69900 0.41700 -3.61100 -4.86200 -0.21400 6.19500 -1.94300 -0.70200 7.53800 2.27900 6.17500 0.33600 2.96000 4.96400 -2.43100 -0.77300
82.00000 -3.16400 -2.02400 -6.05300 -4.86200 -2.16700 3.26500 -4.87300 -1.19000 4.60800 -1.62800 5.19800 -1.61700 -0.45800 1.05800 -4.87300 -4.19100
83.00000 -6.09300 -5.44200 -8.98200 -5.35100 -4.60800 -4.05900 -7.80200 -2.65500 1.67800 -4.55700 2.26800 -4.54700 -3.87600 -2.36000 -8.77900 -8.09700
84.00000 -8.04600 -7.39500 -10.44700 -6.32700 -6.07300 -10.40600 -9.75500 -3.63200 0.70200 -5.04600 -1.14900 -6.98900 -6.31700 -4.80100 -11.70900 -11.02700
85.00000 -8.53500 -7.39500 -8.98200 -6.32700 -6.07300 -11.87100 -8.77900 -4.60800 1.19000 -5.04600 -3.59100 -8.45300 -6.80500 -5.29000 -12.19700 -10.53900
86.00000 -5.60500 -5.44200 -5.07600 -5.83900 -4.12000 -6.50000 -6.82600 -5.09600 2.65500 -4.55700 -3.59100 -8.45300 -5.82900 -3.33700 -10.73200 -8.58600
87.00000 -2.18700 -2.02400 -1.65800 -4.37400 -1.19000 0.82400 -3.89600 -4.12000 3.63200 -5.04600 -2.12600 -7.47700 -4.36400 -1.38300 -8.77900 -5.16800
88.00000 0.74300 0.90500 -0.19300 -3.39800 0.27500 5.21900 -0.96600 -3.14300 3.63200 -5.53400 -0.66100 -6.50000 -3.87600 0.57000 -6.82600 -3.70300
89.00000 1.71900 2.37000 0.29500 -2.90900 -0.21400 5.70700 0.49800 -2.16700 2.65500 -5.04600 0.31500 -5.52400 -3.38700 1.54600 -5.84900 -3.21500
90.00000 1.71900 2.37000 0.78300 -2.90900 -1.67800 3.75400 0.98700 -1.19000 1.67800 -3.58100 0.80400 -4.54700 -3.38700 2.52300 -4.38400 -2.23800
91.00000 0.25400 1.39400 1.27200 -2.90900 -3.14300 2.77700 1.47500 -0.21400 1.67800 -1.62800 0.31500 -4.05900 -2.89900 3.98800 -1.94300 -0.28500
92.00000 0.25400 0.90500 2.24800 -0.95600 -2.65500 3.75400 1.47500 0.76300 3.14300 0.81400 -0.17300 -3.57100 -1.92300 5.94100 0.01000 1.66800
93.00000 1.23100 1.39400 3.71300 0.99700 -0.21400 4.73000 1.47500 1.25100 5.58500 3.25500 0.31500 -3.57100 -0.94600 7.89400 0.98700 3.62100
94.00000 3.18400 3.34700 5.17800 2.95000 3.20400 5.21900 1.47500 1.74000 8.51400 5.20800 0.31500 -3.57100 -0.94600 8.87000 0.01000 3.62100
95.00000 4.64900 4.81200 5.17800 4.41500 5.64600 5.21900 1.47500 2.22800 9.97900 6.67300 0.31500 -3.08200 -0.94600 8.87000 -1.45500 2.15700
96.00000 4.16100 5.30000 4.69000 3.92700 5.64600 6.19500 0.98700 2.71600 9.97900 7.65000 0.31500 -2.59400 -0.94600 8.38200 -2.92000 0.69200
97.00000 2.69600 4.32300 3.22500 1.97300 3.69300 6.68300 0.01000 2.22800 9.00300 7.16100 0.31500 -2.10600 -0.94600 7.40600 -3.89600 -0.28500
98.00000 -0.23400 0.41700 1.27200 0.02000 0.76300 6.68300 -1.45500 2.22800 7.05000 5.69700 -0.17300 -2.10600 -1.43400 6.91700 -3.89600 -0.77300
99.00000 -2.18700 -2.51300 -1.17000 -1.44400 -2.16700 4.73000 -3.40800 1.25100 4.60800 3.25500 -1.14900 -2.59400 -1.92300 4.96400 -4.87300 -1.75000
100.00000 -3.16400 -4.46600 -3.61100 -2.42100 -3.63200 1.80100 -5.36100 0.27500 3.14300 0.32600 -2.61400 -3.57100 -2.41100 3.01100 -6.33700 -4.19100
101.00000 -4.62800 -4.95400 -6.05300 -2.90900 -4.12000 -1.61700 -7.31400 -1.19000 1.67800 -2.11600 -4.07900 -5.03500 -3.38700 0.57000 -8.77900 -7.12100
102.00000 -6.58200 -4.95400 -8.49400 -4.37400 -4.60800 -4.05900 -10.24400 -2.16700 0.70200 -4.55700 -5.05600 -6.01200 -4.36400 -1.87200 -11.22000 -9.56200
103.00000 -9.51100 -5.93100 -11.42400 -6.32700 -6.07300 -6.01200 -13.17300 -3.14300 0.21400 -6.51000 -6.03200 -6.50000 -5.34100 -3.82500 -12.19700 -11.02700
104.00000 -11.95300 -7.88400 -12.88900 -8.28000 -7.53800 -8.45300 -14.63800 -3.63200 -0.27500 -8.46400 -6.03200 -6.50000 -5.34100 -5.29000 -12.68500 -11.51500
105.00000 -11.95300 -9.34900 -12.88900 -8.76900 -8.02600 -10.89500 -13.17300 -3.14300 -0.27500 -9.44000 -6.03200 -6.50000 -5.82900 -6.26600 -12.68500 -12.00400
106.00000 -8.53500 -7.88400 -9.47100 -6.32700 -6.56100 -10.40600 -9.26700 -2.16700 0.21400 -8.95200 -5.54400 -5.52400 -5.82900 -6.75500 -12.68500 -12.98000
107.00000 -2.67500 -3.00100 -5.56400 -2.90900 -3.14300 -5.03500 -4.38400 -0.21400 0.70200 -7.48700 -5.05600 -5.52400 -6.31700 -7.24300 -13.66200 -14.44500
108.00000 2.69600 1.88200 -2.14600 0.99700 -0.21400 3.26500 -0.47800 0.76300 1.19000 -5.53400 -5.05600 -5.52400 -6.31700 -7.24300 -14.15000 -15.42200
109.00000 5.13700 4.32300 -1.65800 1.97300 0.76300 9.61300 -0.47800 0.27500 0.70200 -4.55700 -5.54400 -6.98900 -6.80500 -6.75500 -14.63800 -14.93300
110.00000 2.20700 2.85800 -4.10000 0.02000 -0.70200 10.10100 -3.40800 -1.67800 0.21400 -6.02200 -5.54400 -8.45300 -6.80500 -5.77800 -13.66200 -12.98000
111.00000 -2.18700 -1.04800 -7.02900 -3.88600 -3.14300 4.24200 -6.33700 -3.63200 -0.27500 -7.97500 -5.05600 -9.91800 -6.31700 -5.77800 -12.68500 -10.53900
112.00000 -5.60500 -4.46600 -7.02900 -6.81600 -5.58500 -2.10600 -5.84900 -5.09600 -0.27500 -8.95200 -4.56700 -10.40600 -5.82900 -5.29000 -10.73200 -8.09700
113.00000 -5.11700 -3.48900 -3.12300 -6.81600 -4.60800 -4.05900 -1.94300 -4.12000 0.70200 -6.99900 -3.10300 -8.94200 -4.36400 -3.82500 -8.77900 -5.65600
114.00000 -0.23400 1.39400 2.73600 -3.39800 -1.19000 -0.64100 3.91600 -3.14300 2.16700 -2.60400 -1.14900 -7.96500 -3.38700 -1.87200 -6.82600 -3.70300
115.00000 4.64900 7.25300 8.10800 0.50900 3.20400 4.73000 8.79900 -1.19000 4.12000 2.27900 0.80400 -6.98900 -1.92300 1.54600 -4.87300 -1.26100
116.00000 7.09000 10.67100 9.08400 2.95000 5.64600 7.66000 8.79900 -0.21400 5.09600 5.20800 1.78000 -6.98900 -1.92300 3.98800 -3.89600 0.20300
117.00000 5.62500 9.20600 6.64300 2.95000 5.15700 6.19500 6.35800 -0.70200 4.60800 5.20800 1.78000 -7.47700 -2.89900 4.47600 -3.40800 0.20300
118.00000 1.71900 4.81200 2.24800 0.99700 2.71600 3.26500 2.94000 -1.19000 4.12000 3.74300 1.78000 -7.96500 -4.36400 3.98800 -2.92000 -0.28500
119.00000 -1.21100 0.90500 -0.19300 -1.44400 0.27500 3.26500 1.96300 -0.70200 4.12000 3.25500 1.78000 -6.50000 -4.85200 2.52300 -2.43100 -0.77300
120.00000 -1.21100 0.41700 0.78300 -1.93300 -0.21400 7.17200 3.91600 0.27500 4.60800 4.23200 3.24500 -4.05900 -3.87600 3.01100 -0.96600 -0.28500
121.00000 2.69600 3.83500 5.17800 0.02000 1.25100 12.05400 7.33400 2.22800 5.09600 6.67300 5.68600 -0.64100 -2.41100 4.96400 1.47500 1.66800
122.00000 8.06700 8.71800 10.06100 2.46200 3.20400 14.49600 10.26400 4.18100 5.09600 8.62600 8.12800 2.28900 -0.94600 7.40600 4.40500 3.62100
123.00000 10.99700 12.13600 12.01400 4.90300 5.15700 13.03100 10.26400 4.66900 3.63200 8.13800 10.08100 4.24200 -0.94600 7.89400 5.87000 4.11000
124.00000 9.53200 10.67100 10.54900 4.90300 4.18100 10.10100 7.33400 4.18100 1.67800 5.69700 10.08100 4.24200 -1.92300 6.91700 5.38100 2.64500
125.00000 4.64900 5.78800 5.66600 2.46200 1.25100 7.17200 2.45200 2.71600 0.70200 2.76700 8.12800 2.77700 -2.89900 4.47600 3.91600 0.69200
126.00000 -1.69900 -0.07100 0.29500 -0.95600 -2.16700 5.21900 -1.94300 1.25100 0.70200 0.81400 5.68600 1.31200 -3.38700 3.01100 1.47500 -0.28500
127.00000 -6.09300 -4.95400 -2.14600 -3.88600 -4.60800 3.26500 -3.89600 -0.21400 1.67800 0.81400 4.22200 0.82400 -1.92300 3.49900 0.01000 0.20300
128.00000 -7.07000 -5.44200 -2.63500 -4.37400 -5.09600 1.80100 -3.89600 -0.70200 3.14300 2.76700 4.22200 1.31200 0.03100 5.45200 0.01000 1.18000
129.00000 -5.60500 -3.48900 -1.17000 -3.88600 -3.63200 0.82400 -2.43100 -0.21400 4.12000 4.72000 4.22200 2.28900 1.98400 7.40600 0.49800 2.64500
130.00000 -3.65200 -1.53600 -1.65800 -2.90900 -2.16700 2.28900 -0.96600 0.27500 4.60800 5.20800 4.22200 2.28900 2.96000 7.40600 0.49800 2.64500
131.00000 -4.14000 -0.55900 -4.10000 -3.39800 -1.19000 5.70700 -0.47800 -0.70200 4.12000 3.25500 2.26800 0.82400 2.47200 6.42900 0.01000 1.66800
132.00000 -5.11700 -1.53600 -8.00600 -4.37400 -1.19000 7.66000 -2.43100 -2.16700 3.63200 0.32600 -0.66100 -1.61700 1.49500 4.47600 -1.94300 0.20300
133.00000 -6.09300 -2.02400 -10.44700 -5.35100 -1.67800 5.21900 -4.38400 -3.63200 3.14300 -2.11600 -3.10300 -4.54700 1.00700 3.01100 -3.89600 -0.28500
134.00000 -4.14000 -1.04800 -8.49400 -4.37400 -1.19000 0.33600 -4.38400 -4.12000 2.65500 -3.09200 -4.07900 -6.01200 0.51900 3.01100 -5.36100 -0.77300
135.00000 -0.23400 1.88200 -3.61100 -1.44400 0.27500 -4.05900 -2.43100 -3.14300 2.65500 -2.60400 -3.10300 -6.50000 0.51900 3.01100 -6.33700 -0.77300
136.00000 4.64900 4.81200 2.24800 1.97300 2.71600 -4.54700 1.47500 -1.19000 3.14300 -2.60400 -1.63800 -6.50000 0.03100 2.52300 -6.33700 -1.75000
137.00000 6.60200 6.76500 5.17800 3.92700 3.69300 -2.59400 4.40500 0.27500 2.16700 -4.06900 -2.12600 -6.98900 -1.43400 0.57000 -7.80200 -4.19100
138.00000 5.13700 5.30000 3.71300 3.92700 3.69300 -0.64100 3.42800 -1.19000 1.67800 -6.99900 -4.56700 -8.94200 -3.87600 -3.33700 -10.24400 -7.12100
139.00000 2.20700 2.37000 -1.17000 1.48500 2.22800 -1.12900 -0.47800 -3.63200 1.19000 -10.41700 -8.96200 -12.36000 -6.31700 -7.24300 -13.17300 -10.05000
140.00000 -0.72200 0.41700 -5.07600 -0.95600 0.76300 -3.08200 -5.84900 -6.07300 1.19000 -11.88200 -12.38000 -14.31300 -7.78200 -9.19600 -15.61500 -12.00400
141.00000 -0.72200 -0.07100 -7.02900 -1.93300 0.27500 -3.57100 -9.26700 -7.05000 2.16700 -10.90500 -12.86800 -14.31300 -7.78200 -9.19600 -15.61500 -12.49200
142.00000 1.23100 1.88200 -5.07600 0.02000 1.25100 0.82400 -8.77900 -5.09600 3.14300 -7.48700 -9.93900 -11.38300 -6.31700 -6.75500 -12.68500 -10.05000
143.00000 3.67200 3.83500 -1.17000 1.97300 2.71600 7.17200 -4.38400 -2.16700 3.63200 -3.58100 -4.56700 -6.98900 -3.87600 -3.82500 -8.77900 -6.63200
144.00000 4.16100 4.81200 1.27200 3.43800 3.69300 11.56600 0.01000 1.25100 3.63200 -1.13900 0.31500 -2.10600 -2.41100 -1.87200 -3.89600 -3.70300
145.00000 2.69600 3.83500 2.24800 3.43800 3.69300 10.59000 2.94000 2.71600 3.63200 -1.13900 2.75700 0.33600 -2.41100 -1.87200 -1.94300 -2.23800
146.00000 0.74300 3.34700 1.27200 2.46200 3.20400 4.73000 1.96300 2.22800 3.14300 -3.09200 2.75700 0.82400 -3.87600 -3.33700 -1.94300 -3.21500
147.00000 0.74300 3.83500 -0.19300 1.48500 3.20400 -0.64100 -0.96600 0.76300 2.16700 -4.55700 1.78000 -0.15300 -4.85200 -4.80100 -3.40800 -5.65600
148.00000 2.69600 5.78800 -0.19300 1.97300 3.20400 -1.12900 -2.43100 -0.21400 2.16700 -4.06900 1.29200 -1.12900 -5.82900 -4.80100 -4.87300 -7.60900
149.00000 5.13700 7.74100 0.78300 3.43800 4.18100 3.75400 -2.43100 -0.70200 1.67800 -1.62800 1.78000 -1.61700 -6.31700 -3.82500 -4.87300 -7.60900
150.00000 7.09000 9.20600 2.24800 4.90300 4.66900 10.59000 -0.47800 -0.21400 1.67800 1.30200 2.75700 -2.10600 -5.82900 -1.87200 -4.38400 -6.14400
151.00000 6.60200 8.71800 2.73600 4.90300 4.18100 14.49600 0.49800 -0.70200 1.67800 3.25500 2.26800 -2.59400 -4.85200 1.05800 -3.89600 -4.19100
152.00000 4.64900 6.27600 1.27200 2.95000 2.71600 12.54300 -0.96600 -1.67800 2.16700 2.76700 0.80400 -4.54700 -4.36400 2.52300 -3.89600 -3.21500
153.00000 2.69600 3.34700 -2.63500 0.50900 1.25100 5.70700 -4.87300 -3.14300 3.14300 0.81400 -2.12600 -5.52400 -3.38700 3.01100 -4.87300 -2.72600
154.00000 0.74300 0.90500 -7.02900 -1.93300 0.27500 -2.10600 -8.29100 -5.09600 4.12000 -1.13900 -4.56700 -6.98900 -1.43400 3.98800 -5.84900 -2.23800
155.00000 0.25400 -0.55900 -9.47100 -3.39800 0.27500 -6.50000 -9.26700 -5.09600 5.09600 -1.62800 -5.05600 -6.50000 0.51900 5.45200 -5.84900 -1.26100
156.00000 0.25400 -0.55900 -8.49400 -2.90900 0.76300 -6.50000 -6.82600 -4.60800 6.07300 -0.16300 -4.07900 -6.01200 2.96000 7.40600 -4.87300 1.18000
157.00000 0.25400 0.41700 -5.07600 -2.42100 0.27500 -2.59400 -2.92000 -3.63200 6.07300 1.79000 -1.63800 -4.54700 4.42500 8.87000 -2.92000 2.64500
158.00000 -0.23400 1.88200 -1.17000 -1.44400 0.27500 1.80100 1.47500 -2.65500 6.07300 3.74300 0.31500 -4.05900 5.40200 10.33500 -1.45500 4.59800
159.00000 -0.72200 2.85800 0.29500 -1.93300 -0.21400 4.24200 2.45200 -2.65500 5.09600 4.23200 0.31500 -4.05900 5.40200 10.82400 -0.47800 4.59800
160.00000 -1.21100 2.37000 -1.65800 -2.42100 -0.70200 4.73000 0.98700 -3.14300 3.63200 4.72000 -0.66100 -5.03500 4.91300 10.82400 -0.96600 4.11000
161.00000 -0.72200 1.88200 -3.61100 -2.90900 -0.21400 3.75400 -0.96600 -3.63200 2.16700 4.72000 -1.63800 -6.01200 3.93700 9.84700 -1.94300 3.13300
162.00000 1.23100 1.88200 -3.61100 -1.93300 0.76300 4.73000 -1.94300 -4.12000 1.19000 4.72000 -2.61400 -7.47700 1.98400 7.40600 -3.40800 2.15700
163.00000 3.67200 3.83500 0.29500 0.50900 3.20400 8.63600 -0.47800 -4.12000 0.70200 3.74300 -3.10300 -8.45300 -0.45800 4.47600 -4.87300 0.20300
164.00000 5.62500 5.78800 5.17800 2.95000 4.66900 13.03100 1.96300 -4.12000 0.70200 2.76700 -4.56700 -9.91800 -2.89900 0.08100 -6.82600 -3.21500
165.00000 6.60200 7.74100 7.61900 4.41500 5.15700 15.47200 1.96300 -4.12000 1.19000 0.81400 -7.00900 -11.38300 -5.82900 -4.31300 -9.26700 -6.63200
166.00000 5.62500 7.74100 5.17800 3.92700 4.66900 13.51900 -0.47800 -4.12000 1.67800 -1.62800 -9.45000 -12.84800 -7.29400 -7.24300 -11.22000 -10.05000
167.00000 2.69600 5.78800 -0.19300 1.97300 3.20400 8.14800 -4.38400 -4.60800 2.16700 -3.09200 -11.89200 -13.33600 -8.27000 -8.70800 -12.68500 -11.51500
168.00000 0.25400 2.85800 -4.10000 0.02000 2.71600 1.31200 -7.31400 -4.60800 2.65500 -3.58100 -11.40300 -11.87100 -7.78200 -8.70800 -11.70900 -11.02700
169.00000 -1.21100 1.39400 -4.10000 -0.46800 2.71600 -3.08200 -7.31400 -4.12000 3.14300 -3.58100 -9.45000 -9.43000 -6.80500 -7.73100 -9.75500 -9.07400
170.00000 -0.72200 1.39400 -0.68200 0.50900 3.20400 -4.54700 -3.89600 -3.14300 3.14300 -3.09200 -5.54400 -6.01200 -5.82900 -6.75500 -6.33700 -7.12100
171.00000 0.74300 1.88200 3.22500 2.46200 2.71600 -3.57100 1.47500 -1.19000 2.16700 -2.60400 -1.63800 -2.59400 -4.85200 -6.26600 -2.43100 -5.65600
172.00000 2.20700 1.88200 2.73600 2.95000 1.25100 -2.10600 5.38100 0.27500 0.21400 -3.09200 2.75700 0.82400 -3.87600 -5.29000 1.47500 -4.19100
173.00000 1.71900 0.90500 -2.14600 0.99700 -1.19000 -2.10600 6.35800 0.76300 -2.22800 -4.06900 6.66300 3.26500 -3.87600 -4.80100 4.89300 -2.72600
174.00000 -1.21100 -2.02400 -8.00600 -1.93300 -3.63200 -2.59400 4.89300 0.76300 -3.69300 -6.02200 9.59300 5.21900 -3.87600 -3.33700 7.82300 -0.77300
175.00000 -3.65200 -3.48900 -10.93500 -4.37400 -3.63200 -3.57100 2.45200 0.76300 -4.18100 -6.51000 11.54600 6.19500 -2.89900 -1.38300 10.26400 1.18000
176.00000 -4.62800 -3.00100 -8.49400 -3.88600 -1.67800 -3.57100 0.01000 0.76300 -2.71600 -4.55700 13.01100 6.68300 -2.41100 1.54600 11.24100 3.62100
177.00000 -2.18700 0.41700 -3.12300 -0.95600 2.22800 -0.64100 -0.96600 1.25100 -0.27500 -1.13900 13.01100 5.70700 -1.43400 3.98800 11.24100 5.57500
178.00000 2.20700 5.30000 2.73600 3.43800 6.13400 5.21900 -0.96600 1.74000 2.16700 4.23200 12.03400 4.73000 -0.45800 6.91700 9.77600 6.55100
179.00000 6.11400 9.20600 5.66600 5.88000 8.08700 12.54300 0.49800 1.74000 4.12000 8.13800 10.56900 3.75400 1.00700 9.35900 7.82300 7.03900
180.00000 6.60200 9.69400 4.20100 5.39100 8.08700 17.91400 0.98700 0.76300 5.09600 10.09100 8.12800 2.28900 2.47200 11.31200 5.87000 6.55100
181.00000 3.67200 7.74100 1.27200 2.46200 5.15700 18.89000 0.98700 -0.70200 6.07300 9.11500 5.19800 0.82400 3.93700 12.28800 3.42800 5.57500
182.00000 -1.21100 3.83500 -2.14600 -1.93300 2.22800 14.98400 -0.47800 -3.14300 6.56100 6.67300 2.26800 -0.64100 4.91300 11.80000 0.98700 4.59800
183.00000 -4.62800 0.90500 -5.07600 -4.86200 0.76300 8.14800 -2.43100 -5.09600 6.56100 4.72000 -0.66100 -2.10600 5.89000 10.82400 -0.96600 4.11000
184.00000 -5.11700 -0.07100 -6.54100 -4.86200 0.76300 2.28900 -3.40800 -5.58500 6.07300 3.74300 -2.61400 -3.57100 5.40200 9.35900 -2.43100 3.13300
185.00000 -3.16400 0.41700 -7.51700 -3.88600 2.22800 0.82400 -3.40800 -5.58500 5.09600 3.25500 -4.56700 -5.52400 4.91300 7.89400 -4.38400 1.66800
186.00000 -0.72200 1.88200 -6.54100 -1.93300 2.71600 3.75400 -1.45500 -4.60800 3.14300 3.25500 -6.03200 -7.47700 2.96000 5.94100 -6.33700 -0.28500
187.00000 0.25400 2.37000 -5.07600 -0.95600 2.22800 7.17200 0.01000 -4.12000 2.16700 2.27900 -7.49700 -9.43000 1.00700 3.98800 -8.77900 -2.72600
188.00000 -0.23400 2.37000 -2.14600 -0.95600 1.25100 8.63600 0.49800 -4.60800 1.19000 0.81400 -9.45000 -11.87100 -0.45800 2.52300 -10.24400 -4.19100
189.00000 -0.23400 2.85800 0.78300 -0.46800 0.27500 8.14800 0.01000 -4.60800 1.19000 1.30200 -10.91500 -13.82400 -1.43400 2.03500 -11.22000 -5.16800
190.00000 2.69600 4.81200 4.20100 1.97300 1.74000 7.66000 -0.96600 -4.12000 2.16700 3.25500 -11.89200 -14.80100 -1.92300 1.54600 -11.70900 -5.65600
191.00000 8.06700 9.20600 7.13100 6.36800 6.13400 9.12500 0.01000 -3.14300 3.14300 6.67300 -11.40300 -14.31300 -2.89900 1.05800 -11.22000 -6.63200
192.00000 13.92600 14.08900 9.57200 10.76300 11.01700 13.03100 1.96300 -1.19000 3.63200 8.62600 -9.93900 -12.84800 -4.85200 -0.89500 -11.22000 -8.58600
193.00000 16.85600 17.01900 11.52500 13.20400 13.94700 17.42600 4.40500 0.27500 3.63200 8.62600 -8.96200 -10.89500 -6.31700 -3.33700 -10.73200 -11.02700
194.00000 14.90300 16.04200 11.03700 12.22700 13.45800 17.91400 4.40500 0.76300 3.14300 5.20800 -9.45000 -9.43000 -7.78200 -5.77800 -10.73200 -12.00400
195.00000 9.53200 12.13600 8.10800 8.32100 10.04000 14.00800 2.45200 -1.19000 2.16700 0.81400 -10.91500 -8.94200 -7.29400 -7.24300 -9.75500 -11.51500
196.00000 4.64900 6.76500 3.71300 3.43800 5.15700 8.14800 -1.45500 -3.63200 1.19000 -2.11600 -11.89200 -7.96500 -6.31700 -8.21900 -7.80200 -9.07400
197.00000 2.20700 3.83500 -0.19300 -0.46800 2.71600 4.24200 -4.38400 -5.58500 0.70200 -3.09200 -10.91500 -6.01200 -4.36400 -7.73100 -4.87300 -6.14400
198.00000 2.20700 3.83500 -2.63500 -1.44400 2.22800 4.73000 -4.38400 -6.07300 0.21400 -2.60400 -7.49700 -3.57100 -2.89900 -7.24300 -1.94300 -4.67900
199.00000 2.69600 4.81200 -4.10000 -1.44400 3.69300 8.14800 -2.43100 -5.58500 0.70200 -1.62800 -3.10300 -0.64100 -2.41100 -7.24300 0.49800 -4.19100
200.00000 1.23100 5.30000 -4.58800 -0.95600 4.18100 10.10100 -0.96600 -4.60800 0.70200 -2.11600 1.29200 0.82400 -2.89900 -7.24300 2.45200 -4.19100
201.00000 -1.21100 3.34700 -5.07600 -1.93300 3.20400 8.14800 -0.47800 -4.12000 1.19000 -3.58100 3.24500 1.31200 -2.89900 -6.26600 2.94000 -3.21500
202.00000 -4.14000 -0.07100 -6.54100 -3.39800 1.74000 3.75400 -2.92000 -4.60800 1.67800 -3.58100 3.24500 0.33600 -2.89900 -4.80100 2.45200 -1.75000
203.00000 -4.14000 -2.02400 -7.02900 -3.88600 0.76300 0.33600 -5.36100 -5.58500 2.16700 -1.62800 2.75700 -1.12900 -1.92300 -1.87200 1.47500 1.18000
204.00000 -0.72200 -1.53600 -5.56400 -3.39800 1.74000 2.28900 -6.33700 -6.07300 2.65500 1.79000 2.75700 -1.61700 -0.45800 2.03500 1.47500 3.13300
205.00000 3.18400 1.88200 -2.63500 -0.95600 4.66900 8.63600 -3.89600 -5.09600 4.12000 6.18500 4.22200 -0.64100 1.49500 5.94100 1.47500 4.11000
206.00000 6.11400 6.27600 0.78300 2.46200 8.08700 16.44900 0.49800 -3.14300 5.09600 9.60300 7.15100 0.82400 2.96000 9.35900 1.96300 3.62100
207.00000 7.09000 9.69400 3.71300 4.90300 9.06400 20.84400 5.38100 -0.21400 5.58500 11.55600 10.08100 3.26500 4.42500 11.80000 2.94000 3.13300
208.00000 6.11400 10.18300 5.17800 5.88000 8.57500 20.35500 8.79900 2.71600 6.07300 12.04400 12.03400 4.73000 5.40200 14.24200 3.91600 3.62100
209.00000 5.13700 8.71800 5.17800 5.88000 6.13400 16.93700 10.26400 3.69300 6.56100 13.02100 12.03400 5.21900 6.86600 16.19500 3.91600 5.08600
210.00000 4.64900 6.27600 3.71300 4.41500 4.18100 14.00800 10.26400 3.69300 7.05000 14.48600 10.56900 4.24200 7.84300 17.66000 4.40500 6.55100
211.00000 4.64900 5.78800 2.73600 2.95000 4.18100 14.98400 8.79900 2.22800 8.02600 16.92700 7.64000 1.80100 8.33100 18.63600 3.42800 7.52800
212.00000 4.64900 6.27600 0.78300 0.99700 5.15700 18.40200 6.35800 -1.19000 9.00300 18.39200 4.22200 -1.12900 8.33100 18.14800 1.47500 7.03900
213.00000 3.67200 7.74100 -0.19300 0.02000 6.62200 20.84400 3.42800 -4.60800 9.00300 17.90400 0.80400 -5.03500 7.35500 15.70600 -1.45500 4.11000
214.00000 3.18400 8.23000 -1.17000 -0.46800 7.59900 20.35500 -0.47800 -7.05000 8.51400 15.46200 -2.61400 -7.96500 4.91300 12.28800 -4.87300 0.20300
215.00000 2.20700 7.74100 -2.14600 -0.46800 7.59900 14.98400 -3.89600 -8.51400 7.05000 12.04400 -6.03200 -10.89500 2.96000 8.38200 -7.80200 -3.21500
216.00000 1.23100 5.30000 -3.61100 -0.46800 6.13400 8.63600 -6.82600 -9.49100 5.58500 8.13800 -9.93900 -13.33600 0.51900 4.47600 -10.73200 -6.14400
217.00000 0.25400 2.85800 -4.58800 -0.46800 5.15700 4.73000 -8.29100 -9.00300 4.12000 5.69700 -13.84500 -15.28900 -1.92300 1.54600 -12.68500 -7.60900
218.00000 -0.23400 1.88200 -5.56400 -0.95600 4.18100 6.68300 -8.77900 -9.00300 3.63200 4.72000 -17.75100 -16.75400 -3.38700 -0.89500 -14.63800 -9.07400
219.00000 0.74300 2.37000 -6.54100 -1.44400 5.15700 13.51900 -8.29100 -9.00300 3.63200 4.23200 -19.70400 -17.24200 -4.85200 -2.84800 -16.10300 -10.53900
220.00000 3.18400 4.32300 -6.05300 -0.95600 6.62200 20.35500 -7.31400 -9.00300 3.63200 4.23200 -19.21600 -17.24200 -5.34100 -4.31300 -16.59100 -12.49200
221.00000 6.60200 6.76500 -4.10000 0.02000 9.06400 23.28500 -6.33700 -8.02600 4.12000 4.23200 -16.28600 -16.26600 -6.31700 -5.77800 -15.61500 -13.95700
222.00000 9.04300 9.69400 -1.65800 2.95000 10.52900 20.35500 -4.87300 -6.56100 4.12000 3.74300 -13.35700 -13.82400 -6.80500 -6.75500 -14.15000 -14.44500
223.00000 10.50800 10.67100 1.76000 5.39100 10.52900 14.98400 -2.43100 -4.60800 3.63200 2.76700 -10.42700 -11.38300 -7.29400 -7.73100 -11.22000 -13.95700
224.00000 10.50800 10.67100 4.69000 7.83300 8.57500 9.61300 0.98700 -2.16700 3.14300 0.32600 -8.96200 -8.94200 -7.78200 -8.70800 -8.29100 -12.49200
225.00000 9.53200 9.69400 6.15400 8.80900 6.13400 7.66000 4.89300 0.27500 2.16700 -2.11600 -7.00900 -6.01200 -7.29400 -8.70800 -5.36100 -10.05000
226.00000 9.04300 7.74100 7.61900 9.78600 4.18100 7.66000 8.31100 2.22800 0.70200 -5.04600 -3.59100 -2.59400 -6.80500 -9.19600 -1.94300 -7.60900
227.00000 9.53200 5.78800 7.61900 10.76300 3.69300 8.14800 10.26400 5.15700 -0.76300 -7.48700 1.78000 1.80100 -6.80500 -9.68400 1.47500 -6.14400
228.00000 10.50800 5.30000 8.10800 12.22700 4.66900 6.19500 10.75200 7.59900 -1.74000 -8.95200 6.17500 6.19500 -6.31700 -10.17300 4.40500 -4.67900
229.00000 10.02000 5.78800 8.10800 13.20400 5.64600 4.24200 8.79900 9.06400 -1.74000 -9.44000 9.59300 8.14800 -5.82900 -10.17300 5.87000 -3.21500
230.00000 8.55500 5.78800 6.15400 11.73900 6.13400 3.75400 5.38100 8.57500 -0.76300 -8.95200 9.10400 8.14800 -5.34100 -10.17300 5.38100 -2.23800
231.00000 4.16100 4.32300 1.27200 8.32100 4.66900 6.19500 0.98700 5.64600 0.70200 -6.99900 6.66300 6.68300 -3.87600 -8.70800 3.91600 -1.75000
232.00000 -1.21100 -0.07100 -5.56400 1.97300 1.25100 8.63600 -2.43100 1.74000 3.14300 -4.06900 4.22200 4.73000 -0.94600 -5.77800 2.94000 0.20300
233.00000 -6.58200 -4.46600 -11.42400 -4.37400 -2.65500 9.61300 -5.36100 -2.16700 4.60800 -1.13900 2.26800 2.28900 1.98400 -1.38300 2.94000 2.15700
234.00000 -9.02300 -7.88400 -14.84200 -8.28000 -4.60800 8.14800 -6.33700 -5.09600 6.56100 2.27900 2.26800 1.31200 5.40200 3.49900 3.42800 4.11000
235.00000 -9.02300 -7.88400 -14.84200 -9.25700 -4.12000 6.68300 -5.84900 -6.07300 8.02600 5.69700 3.73300 0.82400 7.84300 8.38200 4.40500 6.06300
236.00000 -5.60500 -3.97700 -11.91200 -7.30400 -0.70200 8.14800 -3.40800 -5.58500 9.49100 8.13800 4.71000 -0.15300 8.82000 11.80000 4.40500 7.52800
237.00000 -1.69900 0.90500 -8.00600 -4.37400 2.71600 12.54300 -0.47800 -5.09600 10.46800 10.09100 5.19800 -1.12900 8.33100 14.24200 3.42800 7.52800
238.00000 1.23100 4.32300 -5.07600 -1.93300 5.15700 16.93700 2.45200 -4.12000 9.97900 10.57900 5.19800 -3.57100 6.37800 14.73000 1.96300 6.06300
239.00000 2.20700 5.30000 -3.61100 -0.46800 5.15700 16.93700 4.89300 -4.12000 8.51400 9.60300 5.19800 -5.52400 3.44800 13.26500 -0.47800 3.62100
240.00000 2.69600 3.83500 -1.65800 0.02000 3.20400 11.56600 6.35800 -3.14300 5.58500 7.65000 4.22200 -7.47700 0.51900 9.84700 -2.43100 0.20300
241.00000 2.69600 2.37000 0.29500 0.99700 1.74000 4.24200 7.33400 -2.65500 3.63200 5.20800 3.24500 -8.94200 -2.41100 5.94100 -4.38400 -3.21500
242.00000 3.67200 2.37000 3.22500 2.95000 2.22800 1.31200 7.82300 -1.19000 2.65500 2.76700 1.78000 -10.40600 -5.82900 1.54600 -6.33700 -6.63200
243.00000 6.60200 4.81200 5.66600 5.39100 4.18100 6.19500 8.31100 0.27500 2.65500 0.81400 -0.17300 -11.38300 -8.27000 -2.36000 -7.80200 -9.07400
244.00000 9.04300 8.71800 7.61900 8.32100 7.59900 15.47200 9.28800 1.74000 3.14300 -0.16300 -1.14900 -11.87100 -10.22300 -5.29000 -8.77900 -10.53900
245.00000 11.48500 11.64800 9.57200 10.27400 10.04000 23.28500 9.77600 2.71600 4.12000 -0.16300 -1.14900 -11.38300 -11.20000 -7.24300 -9.26700 -12.00400
246.00000 12.46100 13.11200 11.52500 11.25100 10.52900 25.23800 11.24100 4.18100 5.09600 0.81400 0.31500 -9.43000 -11.20000 -7.73100 -8.77900 -12.49200
247.00000 11.97300 13.11200 12.50200 11.73900 10.04000 21.33200 11.72900 5.64600 6.07300 1.79000 1.78000 -7.47700 -10.22300 -8.70800 -7.31400 -12.49200
248.00000 11.48500 12.13600 12.50200 10.76300 8.57500 15.96100 11.24100 6.13400 6.56100 2.76700 2.75700 -4.54700 -8.75900 -8.21900 -5.36100 -11.51500
249.00000 10.02000 10.67100 10.54900 9.78600 7.59900 12.54300 9.28800 5.15700 6.56100 2.27900 2.26800 -3.08200 -7.29400 -8.21900 -2.92000 -10.05000
250.00000 8.06700 8.71800 7.13100 8.32100 6.13400 11.07800 5.87000 3.20400 6.56100 -0.16300 1.29200 -2.59400 -6.80500 -8.21900 -1.45500 -8.58600
251.00000 6.11400 5.78800 3.22500 6.36800 5.15700 8.14800 2.45200 0.76300 5.09600 -3.58100 -0.17300 -3.08200 -6.80500 -9.19600 -0.96600 -7.60900
252.00000 4.16100 2.85800 0.29500 4.90300 3.20400 3.26500 -0.47800 -1.19000 3.63200 -7.97500 -2.12600 -4.05900 -7.78200 -11.63700 -0.96600 -7.60900
253.00000 2.69600 -0.07100 -1.17000 3.92700 1.25100 -2.10600 -1.94300 -1.67800 1.19000 -11.88200 -4.07900 -5.52400 -9.73500 -14.07900 -2.43100 -8.58600
254.00000 1.71900 -0.55900 -1.17000 3.43800 -0.21400 -3.57100 -2.43100 -1.19000 0.21400 -14.32300 -6.52100 -6.50000 -11.20000 -17.49700 -3.89600 -10.05000
255.00000 1.23100 0.41700 -2.14600 3.43800 0.27500 0.82400 -3.40800 -1.19000 -0.27500 -14.81100 -8.96200 -7.96500 -12.66500 -19.45000 -5.84900 -11.02700
256.00000 0.74300 2.37000 -2.63500 3.43800 1.74000 7.66000 -5.36100 -1.67800 0.70200 -13.83500 -10.91500 -9.43000 -12.66500 -18.47300 -8.29100 -11.51500
