1.00000 3.56000 -5.35100 7.17200 -0.16300 -4.96400 -3.31600 13.49900 0.51900 -4.64900 -5.07600 0.13200 1.59700 -9.54200 -7.40600 -5.64600 -10.82400
2.00000 5.51400 -1.44400 13.03100 2.76700 -3.01100 4.98500 22.77600 3.44800 -4.64900 -7.51700 5.99200 2.08500 -13.44800 -11.80000 -5.15700 -17.17100
3.00000 6.97800 1.97300 15.47200 4.23200 -1.54600 7.91400 23.26500 5.40200 -3.18400 -5.07600 10.38600 2.57400 -13.93600 -13.75300 -2.71600 -17.66000
4.00000 6.00200 3.92700 13.51900 4.72000 0.89500 6.93800 15.94000 6.37800 -0.25400 0.29500 11.85100 2.57400 -11.49500 -11.80000 0.21400 -12.28800
5.00000 3.07200 3.43800 9.61300 4.72000 3.33700 8.40300 7.64000 5.89000 3.16400 5.66600 10.38600 1.10900 -7.58900 -5.45200 2.16700 -4.47600
6.00000 0.14200 3.43800 6.68300 5.69700 6.75500 14.75000 4.22200 5.89000 6.58200 9.08400 7.45600 -0.84400 -4.17100 1.38300 0.70200 0.40700
7.00000 0.63100 6.36800 6.68300 7.65000 10.17300 23.05100 7.64000 5.40200 8.53500 10.06100 4.03800 -3.77400 -3.19400 5.77800 -3.20400 -1.05800
8.00000 4.53700 11.25100 6.68300 8.13800 12.12600 26.95700 11.54600 3.93700 10.00000 11.03700 0.13200 -6.21500 -3.19400 7.24300 -8.08700 -6.42900
9.00000 9.42000 16.13400 6.19500 7.16100 11.14900 23.53900 11.05800 1.98400 9.51100 12.01400 -4.75100 -8.65700 -2.70600 6.75500 -11.50500 -10.33500
10.00000 10.88500 17.11000 3.75400 4.23200 7.24300 13.77400 3.73300 -0.94600 7.55800 12.99000 -10.12200 -9.63300 -1.24100 5.77800 -11.99300 -9.84700
11.00000 8.44300 12.71600 2.28900 0.81400 1.38300 3.03100 -6.03200 -3.38700 4.62800 12.01400 -15.00400 -9.14500 0.22400 4.31300 -11.01700 -6.42900
12.00000 4.04900 6.36800 2.77700 -0.16300 -3.01100 -3.80500 -10.91500 -4.36400 1.21100 9.57200 -16.95800 -8.16900 0.71200 2.84800 -10.04000 -4.47600
13.00000 1.60700 0.50900 5.21900 -0.16300 -4.47600 -6.73400 -8.47400 -4.85200 -1.23100 6.64300 -15.00400 -6.70400 -1.24100 -0.08100 -11.01700 -7.40600
14.00000 3.07200 -1.93300 6.19500 1.30200 -2.52300 -8.19900 -1.14900 -4.36400 -1.71900 7.61900 -11.58700 -5.72700 -3.68200 -3.49900 -13.45800 -14.73000
15.00000 7.46700 -0.95600 4.24200 2.27900 2.36000 -9.17600 4.22200 -3.38700 0.23400 11.52500 -7.19200 -4.75100 -5.63600 -4.96400 -13.45800 -19.61300
16.00000 13.32600 2.95000 -1.12900 3.25500 7.24300 -7.22200 4.22200 -2.41100 3.16400 15.92000 -3.77400 -2.79700 -5.14700 -3.49900 -10.04000 -18.14800
17.00000 17.72100 7.83300 -4.54700 4.72000 11.14900 0.59000 0.31500 0.03100 6.58200 16.89700 -0.84400 0.13200 -2.21800 1.87200 -2.22800 -9.35900
18.00000 21.62700 13.69200 -3.08200 7.65000 13.10200 14.26200 -2.61400 2.47200 9.51100 13.96700 3.06200 4.52700 1.68900 7.24300 6.07300 2.36000
19.00000 23.09200 19.55200 4.24200 11.06800 14.07900 29.39900 0.80400 5.89000 10.97600 9.57200 8.92100 7.94500 4.61800 11.14900 11.93200 10.66100
20.00000 20.65000 23.45800 14.98400 13.02100 13.59000 37.69900 10.08100 7.84300 10.97600 7.61900 15.26900 10.38600 5.10700 12.12600 13.88500 12.61400
21.00000 13.32600 23.94600 23.77300 12.53300 13.10200 35.74600 19.84700 8.33100 10.48800 10.06100 20.15200 10.87400 4.13000 10.17300 13.39700 10.17300
22.00000 3.07200 22.97000 26.21500 9.60300 12.12600 25.98100 24.24100 6.86600 9.51100 14.45500 21.12800 10.38600 3.64200 7.73100 12.42100 7.24300
23.00000 -4.25200 20.52800 23.28500 5.69700 10.17300 14.26200 20.82300 4.42500 8.53500 16.40800 17.22200 8.92100 5.10700 6.75500 11.93200 7.24300
24.00000 -4.74000 18.57500 17.42600 2.27900 8.21900 5.96100 12.03400 1.49500 7.07000 12.99000 11.36300 7.45600 8.03600 7.73100 11.44400 10.17300
25.00000 2.09600 15.15700 11.56600 1.79000 5.77800 3.03100 2.75700 -1.43400 5.11700 4.69000 5.50300 5.99200 11.45400 10.17300 8.51400 12.61400
26.00000 10.39600 9.78600 5.70700 2.76700 3.33700 2.54300 -2.61400 -3.38700 4.14000 -2.63500 2.08500 4.52700 12.43100 11.63700 3.14300 10.66100
27.00000 14.30300 1.48500 -1.12900 4.23200 2.36000 1.07800 -4.56700 -4.85200 3.16400 -3.61100 0.62100 2.57400 10.96600 11.14900 -3.20400 4.80100
28.00000 10.88500 -6.81600 -9.43000 4.23200 2.36000 -1.85100 -4.56700 -5.82900 3.16400 3.22500 0.13200 -0.35600 7.54800 8.70800 -9.55200 -3.49900
29.00000 4.04900 -11.21000 -16.75400 2.27900 2.84800 -2.82800 -6.52100 -6.31700 4.14000 13.47900 -1.33300 -4.26200 3.15300 4.31300 -13.94700 -9.84700
30.00000 -0.34600 -8.76900 -19.68400 -0.65100 3.33700 0.10200 -9.93900 -6.31700 4.62800 21.29100 -4.75100 -8.16900 -1.24100 0.40700 -16.87600 -13.75300
31.00000 -0.34600 -0.95600 -14.80100 -3.09200 2.84800 7.91400 -12.38000 -6.80500 5.11700 22.26800 -8.65700 -12.56300 -4.65900 -2.52300 -19.31800 -15.21800
32.00000 3.07200 7.34500 -4.05900 -3.58100 1.38300 16.21500 -10.42700 -6.31700 4.62800 16.89700 -11.58700 -15.00400 -7.10000 -3.98800 -20.78200 -16.68300
33.00000 6.00200 12.71600 9.12500 -2.11600 0.89500 21.09800 -5.05600 -4.85200 3.65200 10.06100 -11.09800 -15.49300 -8.56500 -4.47600 -21.27100 -18.14800
34.00000 6.00200 13.20400 16.93700 0.81400 1.87200 20.61000 1.78000 -2.41100 3.16400 7.61900 -6.70400 -12.07500 -8.56500 -3.49900 -19.31800 -19.12400
35.00000 3.56000 11.73900 17.42600 3.74300 3.33700 16.21500 6.17500 1.00700 3.16400 9.57200 -0.35600 -6.70400 -6.61200 -1.05800 -14.43500 -17.66000
36.00000 2.09600 11.25100 11.56600 5.69700 5.29000 10.84400 8.61600 3.44800 3.16400 14.45500 5.50300 -0.84400 -3.19400 1.87200 -8.57500 -12.28800
37.00000 3.07200 12.71600 3.75400 6.67300 5.77800 7.91400 9.59300 5.40200 3.16400 17.87300 8.43300 4.03800 -0.26400 3.82500 -3.69300 -6.91700
38.00000 4.53700 14.18100 -0.64100 6.18500 5.29000 6.93800 11.05800 4.91300 2.18700 16.89700 6.48000 5.99200 1.68900 3.33700 -1.74000 -3.49900
39.00000 5.51400 14.18100 0.33600 5.69700 4.80100 7.91400 12.52200 2.47200 1.21100 12.01400 1.59700 4.52700 0.71200 0.40700 -2.22800 -4.47600
40.00000 5.02500 10.76300 4.24200 4.23200 4.80100 9.37900 11.05800 -1.43400 0.23400 6.64300 -4.26200 1.59700 -1.24100 -3.01100 -3.69300 -7.40600
41.00000 4.04900 4.90300 9.12500 1.79000 4.80100 10.35600 4.22200 -4.85200 0.23400 2.73600 -10.12200 -2.79700 -2.70600 -5.45200 -5.64600 -10.33500
42.00000 4.53700 0.02000 11.56600 -0.65100 3.82500 11.33200 -7.00900 -7.78200 -0.25400 1.27200 -14.02800 -6.21500 -3.19400 -5.94100 -7.59900 -12.28800
43.00000 6.97800 -3.88600 10.59000 -3.09200 0.40700 11.82000 -16.77400 -9.24700 -0.25400 1.27200 -16.46900 -9.14500 -3.68200 -5.45200 -10.52900 -12.77700
44.00000 8.44300 -3.88600 6.68300 -3.09200 -3.01100 12.30900 -20.19200 -9.24700 -0.25400 2.24800 -17.44600 -10.61000 -4.17100 -4.47600 -12.97000 -13.26500
45.00000 8.44300 -1.93300 2.28900 -0.65100 -4.96400 13.77400 -14.82100 -7.78200 -0.25400 5.17800 -15.98100 -10.61000 -5.14700 -4.47600 -13.94700 -13.26500
46.00000 7.46700 3.92700 -0.15300 2.76700 -2.52300 16.70300 -2.61400 -4.85200 0.72200 9.57200 -11.09800 -8.65700 -5.63600 -4.47600 -10.52900 -12.28800
47.00000 8.44300 12.71600 -0.15300 6.67300 2.84800 20.12100 11.05800 -1.43400 2.67500 14.94300 -3.28600 -4.26200 -4.65900 -3.49900 -3.20400 -7.40600
48.00000 12.83800 21.50500 3.75400 9.60300 8.70800 22.07400 18.87000 1.49500 5.11700 18.36100 5.01500 -0.35600 -2.70600 -1.05800 5.09600 -1.05800
49.00000 18.69700 27.85200 10.10100 10.57900 12.12600 20.12100 19.84700 2.96000 7.07000 20.31500 11.36300 2.57400 -0.75300 2.84800 11.44400 5.77800
50.00000 22.60300 27.85200 16.93700 10.57900 11.63700 15.23800 15.45200 2.96000 7.55800 20.31500 12.33900 2.08500 -0.26400 4.80100 12.42100 7.73100
51.00000 20.65000 21.50500 22.30800 10.09100 9.19600 10.35600 9.59300 1.49500 6.58200 20.80300 8.43300 -0.84400 -1.72900 4.31300 8.51400 5.29000
52.00000 13.81400 11.25100 23.77300 9.11500 5.77800 9.37900 4.22200 -0.94600 4.62800 21.77900 1.59700 -5.23900 -4.17100 0.89500 1.67800 -1.05800
53.00000 5.02500 1.48500 20.35500 7.65000 3.82500 11.33200 0.31500 -3.87600 2.67500 21.29100 -5.72700 -9.63300 -6.61200 -4.96400 -5.15700 -8.38200
54.00000 -0.83400 -4.37400 12.05400 5.20800 2.36000 13.28500 -2.61400 -6.31700 1.21100 16.89700 -10.12200 -12.07500 -9.05400 -10.82400 -9.06400 -13.26500
55.00000 -2.78700 -5.35100 2.28900 1.79000 1.38300 10.35600 -5.05600 -7.78200 -0.25400 8.10800 -12.07500 -13.05100 -10.03000 -15.21800 -10.52900 -14.73000
56.00000 -2.29900 -4.37400 -5.03500 -1.13900 -1.54600 2.05500 -5.54400 -8.75900 -1.71900 -2.14600 -11.58700 -12.56300 -10.03000 -16.68300 -10.52900 -14.24200
57.00000 -1.81100 -3.88600 -7.96500 -2.60400 -3.98800 -7.22200 -3.10300 -8.75900 -2.20700 -8.00600 -10.12200 -11.09800 -8.56500 -15.70600 -9.55200 -12.28800
58.00000 -1.32200 -2.90900 -5.03500 -3.09200 -5.45200 -10.64000 -0.17300 -7.78200 -1.71900 -6.05300 -8.16900 -7.68000 -5.14700 -11.80000 -6.62200 -9.35900
59.00000 -0.34600 -0.46800 -0.15300 -2.60400 -3.98800 -4.29300 0.80400 -5.82900 0.72200 1.76000 -5.23900 -2.79700 0.22400 -5.94100 -2.22800 -5.45200
60.00000 1.60700 4.90300 3.26500 -2.11600 -0.08100 9.37900 -1.14900 -3.38700 4.14000 10.54900 -0.84400 3.06200 6.08300 0.40700 3.63200 -0.57000
61.00000 3.07200 11.73900 2.77700 -2.60400 3.82500 22.07400 -5.54400 -1.43400 7.07000 15.43200 4.03800 8.43300 10.47800 5.77800 9.00300 4.80100
62.00000 1.11900 15.64500 -0.15300 -3.09200 5.77800 27.44500 -9.93900 0.03100 8.04600 14.45500 7.45600 12.33900 11.94300 8.70800 11.44400 9.19600
63.00000 -3.27600 14.18100 -3.57100 -2.60400 5.29000 24.02800 -10.91500 0.51900 7.07000 10.54900 8.92100 13.31600 11.45400 9.19600 10.95600 10.66100
64.00000 -8.15800 7.83300 -4.54700 -1.13900 2.84800 16.21500 -7.98500 0.51900 4.62800 9.57200 7.45600 12.33900 9.01300 8.21900 8.02600 8.70800
65.00000 -9.13500 0.02000 -3.57100 1.30200 0.40700 10.84400 -2.61400 0.03100 2.67500 12.50200 5.01500 9.89800 6.08300 6.75500 4.60800 4.31300
66.00000 -6.69400 -4.86200 -2.59400 3.25500 -0.57000 8.89100 2.75700 0.03100 1.69900 17.38500 2.08500 7.45600 4.13000 5.29000 1.67800 -1.05800
67.00000 -2.78700 -6.32700 -3.57100 3.25500 -1.05800 9.37900 4.71000 -0.45800 1.69900 19.33800 0.62100 5.01500 2.66500 3.82500 -0.76300 -4.96400
68.00000 -1.32200 -4.86200 -6.98900 1.30200 -1.05800 8.89100 3.73300 -0.94600 2.18700 15.92000 -0.84400 3.06200 1.68900 2.36000 -2.22800 -5.45200
69.00000 -3.27600 -2.90900 -10.89500 -1.62800 -1.54600 5.96100 -0.17300 -2.41100 2.18700 9.57200 -2.79700 2.08500 1.20000 -0.08100 -3.69300 -3.49900
70.00000 -6.20500 -0.95600 -13.82400 -4.06900 -2.03500 3.52000 -3.59100 -3.38700 2.18700 5.66600 -4.26200 0.62100 1.20000 -2.03500 -4.18100 -1.05800
71.00000 -7.67000 1.48500 -14.80100 -5.53400 -1.54600 2.54300 -5.05600 -4.85200 2.18700 7.61900 -6.21500 -0.84400 1.20000 -3.01100 -4.18100 -0.08100
72.00000 -4.74000 4.90300 -14.31300 -5.53400 -0.57000 2.54300 -2.61400 -4.85200 3.65200 15.43200 -7.19200 -2.79700 1.68900 -2.03500 -3.20400 -1.05800
73.00000 0.14200 7.83300 -11.87100 -4.55700 1.38300 2.54300 2.75700 -3.87600 6.09300 24.22100 -8.16900 -4.26200 2.66500 0.89500 -2.22800 -3.01100
74.00000 4.04900 8.80900 -6.98900 -3.58100 2.84800 0.59000 6.66300 -2.41100 7.55800 29.10400 -8.16900 -4.75100 3.15300 4.31300 -1.74000 -4.47600
75.00000 4.04900 5.39100 -1.12900 -3.09200 2.36000 -0.87500 8.12800 -0.94600 7.55800 27.63900 -8.65700 -4.26200 3.15300 6.75500 -2.22800 -3.49900
76.00000 0.14200 -1.44400 5.70700 -3.09200 0.89500 0.10200 5.19800 0.03100 6.09300 20.80300 -8.65700 -3.28600 2.66500 6.75500 -3.69300 -1.05800
77.00000 -6.69400 -8.28000 10.10100 -4.06900 -0.57000 4.00800 0.31500 0.51900 4.14000 13.47900 -7.68000 -1.82100 2.17700 5.77800 -5.15700 1.87200
78.00000 -13.04100 -11.69800 9.61300 -5.04600 -0.57000 7.91400 -3.59100 -0.45800 2.67500 7.61900 -7.19200 -0.35600 1.68900 5.29000 -6.13400 3.33700
79.00000 -16.45900 -10.23400 4.73000 -6.02200 0.40700 8.40300 -5.05600 -1.43400 2.18700 2.73600 -6.70400 0.62100 1.68900 4.80100 -6.62200 1.87200
80.00000 -16.94700 -5.83900 -4.05900 -5.53400 1.38300 4.00800 -5.05600 -2.41100 2.67500 -0.68200 -6.21500 0.13200 1.68900 4.31300 -7.59900 -2.03500
81.00000 -15.48300 -2.42100 -11.87100 -4.55700 1.87200 -1.85100 -5.05600 -2.89900 2.67500 -2.14600 -7.19200 -0.35600 1.20000 2.84800 -8.08700 -6.91700
82.00000 -13.04100 -1.44400 -17.24200 -3.09200 0.89500 -4.78100 -5.54400 -3.87600 2.18700 0.29500 -8.65700 -1.33300 0.22400 -0.08100 -8.57500 -10.82400
83.00000 -11.57600 -1.93300 -18.70700 -2.11600 -1.05800 -3.80500 -7.49700 -4.36400 1.21100 5.66600 -9.63300 -2.79700 0.22400 -3.49900 -9.06400 -11.31200
84.00000 -8.15800 -0.46800 -16.75400 -2.11600 -2.03500 -0.38700 -9.93900 -4.85200 1.21100 12.01400 -10.12200 -4.26200 0.71200 -4.47600 -10.04000 -9.84700
85.00000 -2.78700 4.41500 -11.87100 -4.06900 -3.01100 1.07800 -11.89200 -5.82900 1.69900 14.94300 -11.09800 -6.21500 1.20000 -3.98800 -11.99300 -8.38200
86.00000 2.58400 9.78600 -6.01200 -6.51000 -3.98800 -0.87500 -12.86800 -6.31700 1.69900 12.01400 -12.56300 -9.14500 1.20000 -3.49900 -14.92300 -9.35900
87.00000 4.53700 10.76300 -2.59400 -8.46400 -5.45200 -3.80500 -13.35700 -7.78200 0.72200 5.66600 -15.00400 -12.56300 -0.75300 -4.47600 -18.82900 -14.73000
88.00000 0.14200 3.92700 -3.57100 -9.44000 -6.91700 -4.29300 -13.84500 -10.22300 -1.71900 -0.19300 -18.42200 -15.49300 -4.65900 -7.89400 -21.75900 -21.07700
89.00000 -9.62300 -9.74500 -9.43000 -9.92800 -8.38200 -1.36300 -15.31000 -12.17700 -4.64900 -1.65800 -20.37600 -17.44600 -8.07700 -12.28800 -23.71200 -25.47200
90.00000 -20.36500 -21.95200 -17.73100 -9.44000 -9.35900 1.56700 -17.26300 -13.64100 -5.62500 1.27200 -20.86400 -17.44600 -10.03000 -14.73000 -23.71200 -25.96000
91.00000 -24.76000 -26.83500 -23.10200 -9.44000 -8.38200 1.07800 -19.70400 -14.13000 -3.67200 4.69000 -20.37600 -15.98100 -8.56500 -13.26500 -23.22400 -21.56600
92.00000 -21.83000 -22.44100 -22.12500 -9.44000 -6.91700 -3.31600 -20.68100 -14.13000 -0.25400 6.64300 -17.93400 -13.54000 -5.63600 -7.89400 -21.75900 -15.21800
93.00000 -14.99400 -12.67500 -15.28900 -9.92800 -4.96400 -8.19900 -19.70400 -13.15300 3.16400 7.13100 -15.49300 -11.09800 -2.21800 -2.03500 -19.80600 -11.31200
94.00000 -9.13500 -5.35100 -7.47700 -10.41700 -2.52300 -8.19900 -15.79800 -12.17700 5.60500 7.61900 -13.05100 -9.14500 0.22400 2.36000 -16.38800 -11.31200
95.00000 -8.15800 -3.39800 -3.57100 -11.88200 -1.05800 -1.85100 -10.42700 -11.20000 5.11700 10.54900 -11.09800 -6.70400 0.71200 3.33700 -12.48200 -13.75300
96.00000 -10.60000 -5.35100 -5.52400 -13.83500 0.40700 7.42600 -5.54400 -10.22300 3.65200 14.45500 -9.14500 -5.23900 -0.75300 1.87200 -9.06400 -15.70600
97.00000 -14.01800 -6.81600 -11.38300 -14.81100 0.89500 12.79700 -3.10300 -8.27000 1.69900 15.92000 -7.19200 -3.77400 -2.21800 0.89500 -7.11100 -14.24200
98.00000 -15.48300 -4.86200 -15.28900 -14.81100 0.40700 10.84400 -3.59100 -6.31700 0.23400 13.96700 -4.75100 -2.30900 -2.70600 0.89500 -7.59900 -10.33500
99.00000 -14.01800 -1.93300 -14.80100 -12.37000 -1.05800 4.00800 -4.56700 -4.36400 -0.74300 10.06100 -2.30900 -1.33300 -2.21800 1.87200 -8.08700 -5.45200
100.00000 -10.11100 0.02000 -9.43000 -8.46400 -2.52300 0.10200 -5.05600 -2.89900 -1.23100 6.64300 -0.84400 -0.35600 -0.75300 2.84800 -8.57500 -3.01100
101.00000 -5.71700 -0.95600 -3.08200 -4.55700 -3.98800 2.54300 -5.05600 -3.38700 -0.74300 6.64300 -0.84400 -0.35600 0.22400 2.36000 -7.59900 -3.01100
102.00000 -3.27600 -1.93300 -0.15300 -2.60400 -4.47600 9.37900 -5.05600 -4.36400 -0.25400 9.57200 -3.28600 -0.84400 1.20000 0.40700 -7.11100 -5.45200
103.00000 -4.25200 0.50900 -2.59400 -2.60400 -3.98800 14.26200 -6.03200 -6.31700 -0.25400 12.01400 -6.70400 -1.33300 0.71200 -3.01100 -7.59900 -8.87000
104.00000 -9.13500 5.88000 -8.94200 -3.58100 -2.52300 12.79700 -7.98500 -7.29400 0.72200 12.01400 -10.12200 -2.79700 0.22400 -6.42900 -10.52900 -12.77700
105.00000 -15.48300 10.76300 -14.80100 -4.06900 -0.57000 6.93800 -10.42700 -8.27000 1.69900 9.57200 -11.58700 -3.77400 -0.75300 -8.87000 -15.90000 -16.19500
106.00000 -18.90100 9.78600 -17.73100 -4.55700 2.36000 3.03100 -13.35700 -8.27000 2.67500 6.64300 -11.58700 -4.75100 -1.72900 -9.35900 -20.29400 -18.63600
107.00000 -16.45900 3.92700 -15.77800 -5.04600 5.29000 5.47300 -16.28600 -7.78200 3.16400 4.20100 -11.58700 -5.23900 -1.72900 -8.38200 -22.73600 -19.12400
108.00000 -7.67000 -1.93300 -11.38300 -6.02200 7.73100 11.82000 -19.21600 -8.27000 3.16400 3.71300 -12.56300 -5.72700 -1.24100 -6.91700 -22.24700 -17.66000
109.00000 3.07200 -1.93300 -6.98900 -6.99900 9.19600 16.70300 -21.16900 -8.27000 2.18700 4.69000 -13.54000 -6.21500 -1.24100 -5.45200 -19.80600 -16.19500
110.00000 11.37300 5.88000 -3.08200 -6.99900 9.19600 15.72700 -20.68100 -7.29400 1.69900 6.64300 -14.02800 -5.23900 -0.75300 -4.47600 -16.87600 -15.70600
111.00000 13.32600 15.15700 -0.64100 -4.06900 9.19600 10.84400 -15.79800 -6.31700 1.21100 8.59600 -12.56300 -3.77400 -1.24100 -3.98800 -14.92300 -16.19500
112.00000 7.95500 18.57500 1.80100 -0.65100 9.19600 6.93800 -8.96200 -4.36400 1.21100 11.52500 -9.14500 -1.33300 -0.26400 -3.01100 -13.45800 -16.68300
113.00000 -0.34600 13.69200 3.26500 1.79000 9.19600 6.44900 -2.61400 -3.38700 2.18700 13.47900 -4.75100 0.62100 1.20000 -1.54600 -11.50500 -14.24200
114.00000 -7.18200 4.90300 3.75400 2.27900 9.68400 9.37900 -0.66100 -2.89900 3.16400 13.96700 -1.33300 2.08500 2.66500 -0.08100 -8.57500 -8.87000
115.00000 -9.62300 -0.95600 0.33600 -0.16300 9.19600 10.35600 -2.12600 -3.87600 3.65200 11.52500 0.13200 3.55000 4.61800 1.87200 -4.66900 -2.52300
116.00000 -8.64700 0.02000 -6.50000 -4.06900 6.75500 7.42600 -5.54400 -5.34100 3.65200 7.61900 1.10900 3.55000 5.10700 1.87200 -1.74000 0.89500
117.00000 -6.20500 3.92700 -12.84800 -6.51000 3.33700 3.03100 -7.98500 -6.80500 3.16400 4.20100 1.10900 3.55000 5.10700 1.87200 -1.25100 0.40700
118.00000 -5.22900 3.92700 -16.26600 -7.48700 0.89500 0.59000 -7.00900 -7.29400 3.16400 3.71300 2.08500 3.06200 4.61800 0.89500 -2.71600 -3.49900
119.00000 -6.20500 -0.95600 -14.80100 -6.51000 -0.08100 4.00800 -4.56700 -6.80500 3.16400 6.15400 3.06200 3.06200 3.64200 -0.08100 -4.66900 -8.38200
120.00000 -8.64700 -7.30400 -11.38300 -4.55700 1.38300 10.35600 -2.61400 -5.34100 4.14000 9.08400 2.57400 2.08500 4.13000 -0.57000 -4.66900 -10.82400
121.00000 -9.13500 -9.25700 -8.94200 -4.06900 3.33700 14.26200 -3.10300 -4.36400 5.11700 9.57200 0.62100 2.08500 5.10700 -0.08100 -3.69300 -9.35900
122.00000 -6.69400 -4.37400 -8.94200 -3.58100 5.29000 13.28500 -5.54400 -3.87600 6.09300 7.61900 -2.79700 2.57400 7.06000 0.89500 -1.74000 -5.45200
123.00000 -2.29900 3.43800 -8.94200 -4.06900 5.77800 8.40300 -7.98500 -3.87600 6.09300 3.22500 -6.70400 2.08500 8.03600 2.36000 -1.25100 -1.54600
124.00000 0.14200 7.83300 -5.52400 -4.06900 4.80100 4.49600 -10.91500 -5.34100 5.11700 0.78300 -10.12200 1.59700 8.03600 2.84800 -3.69300 -0.08100
125.00000 -1.81100 6.36800 0.82400 -3.09200 3.82500 4.98500 -14.33300 -6.31700 3.65200 1.27200 -11.58700 0.13200 6.57100 1.87200 -8.08700 -1.54600
126.00000 -7.67000 1.97300 6.68300 -1.62800 3.33700 9.86700 -19.21600 -6.31700 1.69900 2.24800 -12.56300 -0.84400 3.64200 -0.57000 -12.97000 -4.47600
127.00000 -13.52900 0.02000 6.68300 0.32600 3.33700 12.79700 -24.09900 -5.82900 -0.25400 2.73600 -12.07500 -1.82100 1.20000 -3.01100 -14.92300 -6.91700
128.00000 -14.99400 3.43800 0.82400 1.79000 3.33700 9.86700 -26.05200 -4.36400 -1.71900 2.24800 -10.61000 -0.84400 -1.24100 -3.98800 -13.45800 -8.87000
129.00000 -10.60000 8.80900 -5.03500 1.79000 1.87200 1.07800 -22.14600 -2.89900 -2.69600 2.73600 -7.68000 1.10900 -2.70600 -3.98800 -10.04000 -9.84700
130.00000 -3.27600 10.76300 -6.98900 1.30200 -0.08100 -8.19900 -11.89200 -1.92300 -2.69600 4.20100 -3.28600 3.06200 -2.70600 -3.01100 -6.62200 -10.33500
131.00000 4.04900 7.34500 -3.08200 -0.16300 -1.54600 -12.10500 0.80400 -0.94600 -2.20700 6.64300 2.08500 5.01500 -2.21800 -2.52300 -5.15700 -11.31200
132.00000 8.44300 1.48500 0.33600 -0.65100 -2.03500 -8.19900 10.56900 0.03100 -1.23100 7.13100 5.50300 6.48000 -1.72900 -3.01100 -6.13400 -10.82400
133.00000 8.93100 -1.93300 -2.10600 -0.16300 -1.05800 0.59000 13.01100 0.51900 -0.25400 2.73600 6.96800 5.50300 -1.24100 -3.49900 -7.11100 -8.87000
134.00000 7.95500 -0.95600 -10.40600 0.81400 0.40700 7.91400 8.61600 0.03100 0.23400 -4.10000 5.50300 3.06200 -0.75300 -3.98800 -8.08700 -7.40600
135.00000 6.97800 1.48500 -16.26600 0.32600 0.40700 9.37900 0.80400 -2.41100 0.23400 -9.47100 1.59700 -0.35600 -1.72900 -4.47600 -9.06400 -8.38200
136.00000 4.04900 0.99700 -12.36000 -1.62800 -1.54600 4.49600 -7.00900 -6.31700 -0.74300 -8.00600 -3.28600 -5.23900 -4.17100 -6.91700 -10.52900 -12.77700
137.00000 -2.29900 -4.86200 1.31200 -5.53400 -4.47600 -2.34000 -12.38000 -10.22300 -1.71900 0.29500 -7.68000 -8.65700 -7.10000 -11.80000 -13.45800 -19.12400
138.00000 -12.55300 -13.16300 14.00800 -10.41700 -7.40600 -5.75800 -15.31000 -12.66500 -2.69600 10.54900 -11.58700 -10.61000 -9.05400 -15.70600 -16.38800 -23.51900
139.00000 -23.78300 -18.53400 15.96100 -13.83500 -8.87000 -4.78100 -15.79800 -14.13000 -2.20700 15.92000 -13.54000 -10.12200 -8.56500 -17.17100 -16.87600 -23.03100
140.00000 -31.10800 -18.53400 3.75400 -15.29900 -7.40600 -0.38700 -15.31000 -12.66500 -0.74300 14.45500 -14.51600 -7.68000 -5.14700 -13.75300 -14.92300 -16.68300
141.00000 -30.61900 -14.14000 -12.84800 -13.34600 -4.47600 4.49600 -13.35700 -10.71200 1.21100 8.10800 -14.02800 -5.23900 -0.26400 -6.91700 -10.52900 -8.87000
142.00000 -23.29500 -9.74500 -23.59000 -10.90500 -1.05800 6.93800 -11.89200 -8.27000 3.16400 2.73600 -13.05100 -2.79700 3.64200 -0.08100 -6.62200 -3.49900
143.00000 -13.52900 -7.30400 -23.59000 -7.97500 -0.08100 7.42600 -11.40300 -6.80500 3.65200 2.73600 -12.07500 -1.82100 5.10700 2.84800 -5.15700 -3.01100
144.00000 -6.69400 -8.28000 -17.24200 -6.51000 -2.03500 7.42600 -13.35700 -6.31700 2.67500 6.15400 -10.61000 -1.33300 4.13000 1.87200 -5.64600 -6.42900
145.00000 -6.69400 -9.25700 -13.33600 -6.51000 -5.45200 7.42600 -16.28600 -6.80500 1.21100 10.54900 -8.65700 -0.84400 2.66500 -0.08100 -6.13400 -8.38200
146.00000 -12.06500 -9.74500 -15.28900 -7.97500 -7.89400 8.40300 -19.21600 -7.78200 0.23400 12.01400 -5.72700 0.13200 2.17700 -0.08100 -4.66900 -5.94100
147.00000 -17.92400 -8.76900 -18.21900 -9.92800 -8.87000 8.40300 -20.19200 -8.75900 0.72200 10.54900 -2.79700 1.10900 3.64200 2.84800 -2.71600 -0.08100
148.00000 -20.36500 -6.32700 -15.77800 -12.37000 -7.40600 6.93800 -18.72800 -9.24700 1.69900 7.13100 -0.84400 1.59700 5.10700 7.24300 -2.22800 4.80100
149.00000 -17.43600 -3.39800 -6.98900 -13.34600 -5.45200 2.05500 -14.33300 -9.73500 2.67500 2.73600 -1.33300 1.10900 4.61800 8.21900 -4.66900 3.33700
150.00000 -10.60000 -0.46800 1.80100 -12.85800 -3.98800 -3.31600 -10.42700 -9.24700 1.69900 -1.65800 -2.79700 -0.84400 1.20000 3.82500 -9.06400 -3.98800
151.00000 -3.27600 0.02000 3.26500 -10.90500 -3.49900 -7.22200 -8.96200 -8.75900 -0.25400 -4.58800 -6.21500 -2.30900 -4.17100 -3.98800 -13.45800 -15.21800
152.00000 1.60700 -3.88600 -2.59400 -7.97500 -3.49900 -5.75800 -10.42700 -7.78200 -2.20700 -4.10000 -9.14500 -3.28600 -8.07700 -10.82400 -14.92300 -23.51900
153.00000 0.63100 -11.69800 -9.43000 -5.53400 -2.52300 -0.38700 -13.35700 -7.78200 -2.20700 1.27200 -10.61000 -3.28600 -8.07700 -13.26500 -12.97000 -25.47200
154.00000 -5.71700 -18.53400 -9.43000 -5.04600 -1.05800 4.98500 -14.82100 -8.27000 -0.74300 9.57200 -10.61000 -2.30900 -5.14700 -9.84700 -9.55200 -19.61300
155.00000 -13.52900 -19.99900 -1.61700 -6.02200 0.40700 6.44900 -13.35700 -8.75900 1.69900 15.43200 -9.63300 -1.33300 -0.75300 -4.47600 -6.13400 -11.80000
156.00000 -18.90100 -14.14000 7.66000 -8.46400 0.40700 2.05500 -9.45000 -9.73500 3.16400 15.43200 -8.65700 -0.84400 2.66500 -0.57000 -5.64600 -5.45200
157.00000 -18.41200 -3.88600 8.63600 -10.41700 -1.54600 -4.78100 -6.03200 -10.71200 2.67500 9.08400 -8.16900 -0.84400 3.15300 -0.57000 -7.59900 -4.47600
158.00000 -13.04100 3.92700 -2.10600 -11.39300 -4.47600 -8.68700 -5.54400 -10.71200 0.72200 1.76000 -8.16900 -1.33300 1.68900 -3.01100 -10.52900 -6.91700
159.00000 -5.22900 4.41500 -16.75400 -10.41700 -6.42900 -8.19900 -8.96200 -10.71200 -0.74300 -0.68200 -8.16900 -2.30900 -0.26400 -5.45200 -11.99300 -10.33500
160.00000 -0.34600 -0.95600 -25.54300 -9.92800 -7.40600 -3.31600 -13.35700 -10.71200 -0.74300 3.71300 -8.65700 -3.77400 -1.72900 -5.94100 -11.50500 -12.28800
161.00000 -0.34600 -7.79200 -23.10200 -9.92800 -6.42900 2.54300 -15.79800 -10.71200 0.23400 12.50200 -8.65700 -5.23900 -2.70600 -4.96400 -9.55200 -12.28800
162.00000 -5.71700 -10.72200 -12.84800 -10.90500 -4.47600 8.40300 -14.82100 -11.20000 1.21100 18.36100 -9.14500 -6.70400 -3.19400 -3.98800 -7.59900 -11.31200
163.00000 -11.08800 -8.28000 -3.08200 -12.37000 -3.49900 11.33200 -12.38000 -10.71200 0.72200 18.36100 -9.14500 -7.19200 -4.65900 -3.49900 -8.08700 -11.80000
164.00000 -13.04100 -3.88600 -2.10600 -12.85800 -3.01100 14.26200 -10.91500 -9.73500 -0.74300 12.99000 -10.12200 -6.70400 -5.63600 -3.01100 -9.55200 -13.26500
165.00000 -9.62300 0.99700 -7.96500 -12.85800 -3.49900 14.75000 -13.35700 -8.75900 -2.20700 6.64300 -10.12200 -5.72700 -6.61200 -2.03500 -11.99300 -16.19500
166.00000 -3.76400 3.92700 -15.77800 -12.85800 -4.47600 13.28500 -18.72800 -8.27000 -2.69600 3.22500 -10.12200 -5.23900 -6.61200 -1.54600 -14.92300 -19.61300
167.00000 -1.81100 4.90300 -19.19600 -14.32300 -5.94100 8.40300 -24.09900 -9.73500 -2.69600 2.73600 -11.58700 -6.21500 -7.10000 -1.54600 -18.34100 -22.05400
168.00000 -6.69400 3.43800 -18.21900 -18.22900 -7.40600 2.54300 -25.07500 -12.66500 -2.69600 4.20100 -14.02800 -8.65700 -8.07700 -4.47600 -22.24700 -23.51900
169.00000 -18.90100 -0.46800 -16.75400 -22.13500 -7.89400 -1.85100 -21.16900 -16.08300 -3.18400 4.69000 -17.93400 -12.56300 -10.03000 -8.87000 -26.15400 -23.51900
170.00000 -29.64300 -7.30400 -17.73100 -23.60000 -8.38200 -3.31600 -15.31000 -17.54800 -4.16100 5.17800 -20.86400 -14.51600 -11.00700 -12.77700 -28.59500 -23.51900
171.00000 -33.06100 -12.67500 -20.66000 -21.15900 -7.89400 -3.31600 -9.45000 -16.57100 -4.16100 5.66600 -21.35200 -13.54000 -9.54200 -13.26500 -26.64200 -21.56600
172.00000 -25.24800 -13.65200 -20.17200 -15.78800 -7.40600 -4.29300 -7.00900 -13.15300 -2.69600 7.61900 -17.44600 -9.63300 -5.63600 -9.84700 -19.80600 -16.68300
173.00000 -11.08800 -9.25700 -15.28900 -9.92800 -6.42900 -6.24600 -6.52100 -8.75900 -0.25400 11.52500 -11.09800 -3.77400 0.22400 -3.98800 -10.52900 -10.82400
174.00000 -0.34600 -1.93300 -6.98900 -6.99900 -6.42900 -6.24600 -6.52100 -5.82900 1.69900 15.43200 -4.75100 0.13200 4.13000 -0.08100 -2.71600 -3.98800
175.00000 0.14200 0.50900 -0.64100 -8.95200 -6.42900 -3.80500 -6.03200 -5.82900 2.18700 17.38500 -2.30900 1.59700 5.10700 0.89500 0.21400 -0.57000
176.00000 -9.62300 -3.39800 0.33600 -13.34600 -6.91700 1.56700 -7.00900 -7.78200 1.21100 16.40800 -3.77400 -0.35600 3.15300 -2.03500 -1.74000 -1.54600
177.00000 -21.83000 -13.16300 -2.59400 -17.74100 -6.91700 6.93800 -9.93900 -10.22300 -0.74300 13.47900 -7.19200 -3.77400 -1.24100 -6.42900 -6.13400 -5.45200
178.00000 -28.17800 -21.46400 -5.03500 -18.71700 -5.94100 10.84400 -13.84500 -12.17700 -2.20700 9.57200 -9.63300 -5.72700 -4.65900 -8.87000 -8.57500 -10.33500
179.00000 -23.78300 -23.41700 -3.08200 -15.78800 -3.49900 12.79700 -16.28600 -12.17700 -1.23100 8.59600 -8.65700 -5.72700 -5.63600 -7.89400 -7.59900 -13.26500
180.00000 -13.04100 -18.53400 0.82400 -11.88200 -0.57000 14.26200 -13.35700 -10.71200 0.72200 10.54900 -4.75100 -4.26200 -4.65900 -3.98800 -5.64600 -12.77700
181.00000 -3.76400 -9.74500 5.21900 -8.95200 2.36000 17.19200 -7.00900 -8.27000 3.16400 14.94300 -0.35600 -2.30900 -2.21800 0.89500 -3.69300 -9.35900
182.00000 0.14200 -3.88600 6.19500 -7.97500 3.33700 19.14500 -0.66100 -6.80500 5.11700 19.33800 2.08500 -1.33300 0.22400 5.29000 -3.20400 -5.94100
183.00000 -1.81100 -3.39800 6.19500 -8.46400 1.87200 18.65600 1.78000 -5.34100 5.11700 21.29100 2.08500 -0.84400 1.20000 8.70800 -3.69300 -3.98800
184.00000 -3.76400 -6.81600 6.19500 -8.95200 -1.05800 14.75000 -1.63800 -3.87600 4.14000 19.33800 1.10900 -0.35600 1.20000 9.19600 -4.18100 -5.45200
185.00000 -2.78700 -10.23400 7.17200 -7.97500 -3.98800 8.89100 -6.03200 -2.89900 3.16400 15.92000 0.13200 0.13200 0.71200 7.24300 -5.64600 -9.84700
186.00000 -0.34600 -9.74500 5.21900 -6.02200 -6.42900 3.03100 -7.98500 -2.41100 2.18700 12.50200 -0.84400 0.13200 -0.75300 3.33700 -8.57500 -15.70600
187.00000 -0.34600 -4.37400 -2.10600 -5.53400 -6.91700 -0.87500 -6.03200 -2.41100 2.18700 11.03700 -3.28600 -1.82100 -2.21800 -1.05800 -13.94700 -20.10100
188.00000 -5.71700 2.46200 -14.31300 -7.48700 -6.42900 -2.82800 -3.10300 -4.36400 2.18700 12.01400 -7.68000 -5.23900 -3.19400 -4.96400 -19.31800 -22.54200
189.00000 -15.97100 6.85600 -24.56700 -11.39300 -5.94100 -3.31600 -4.07900 -7.29400 2.18700 12.01400 -14.02800 -9.14500 -3.68200 -7.40600 -22.24700 -21.07700
190.00000 -23.78300 5.39100 -26.52000 -14.81100 -3.98800 0.10200 -9.45000 -9.24700 2.18700 10.54900 -18.42200 -11.09800 -3.19400 -7.89400 -21.27100 -18.14800
191.00000 -24.76000 0.02000 -18.21900 -15.29900 -2.03500 6.44900 -16.28600 -10.22300 2.67500 6.64300 -19.39900 -10.12200 -2.21800 -6.91700 -14.92300 -14.73000
192.00000 -18.41200 -5.83900 -6.01200 -13.34600 0.40700 13.77400 -19.70400 -9.24700 3.65200 3.71300 -15.00400 -6.70400 0.71200 -3.98800 -6.13400 -10.82400
193.00000 -9.13500 -7.79200 2.77700 -9.92800 2.36000 17.68000 -16.28600 -7.78200 5.11700 5.66600 -8.65700 -1.33300 4.13000 0.40700 2.16700 -5.94100
194.00000 -4.74000 -5.35100 4.24200 -8.95200 3.33700 16.21500 -9.45000 -6.31700 6.58200 12.01400 -2.79700 2.57400 7.54800 5.29000 7.05000 -1.54600
195.00000 -6.20500 0.02000 0.33600 -9.44000 2.84800 10.84400 -4.07900 -6.31700 8.04600 21.29100 -0.84400 4.03800 9.98900 9.68400 7.05000 1.38300
196.00000 -11.57600 3.43800 -4.05900 -10.90500 2.84800 7.91400 -4.07900 -7.29400 8.04600 27.15000 -3.77400 2.08500 9.98900 12.12600 2.65500 0.89500
197.00000 -14.01800 3.43800 -4.05900 -10.90500 2.84800 9.86700 -9.45000 -8.27000 6.09300 26.17400 -8.65700 -2.30900 7.06000 10.66100 -5.15700 -3.49900
198.00000 -10.60000 0.99700 -3.08200 -8.46400 3.33700 14.75000 -15.31000 -8.75900 3.16400 18.36100 -13.05100 -6.70400 1.20000 5.29000 -13.94700 -9.84700
199.00000 -2.78700 -0.95600 -4.05900 -4.06900 3.33700 16.70300 -17.75100 -7.78200 -0.25400 8.10800 -15.00400 -11.09800 -6.12400 -3.01100 -21.27100 -16.19500
200.00000 5.51400 0.99700 -10.89500 0.32600 2.84800 10.84400 -14.33300 -5.82900 -3.67200 0.29500 -13.54000 -13.05100 -12.47200 -10.82400 -25.66500 -20.58900
201.00000 9.42000 6.85600 -19.68400 2.76700 1.38300 -0.38700 -7.49700 -4.36400 -5.13700 -1.65800 -10.12200 -12.56300 -15.88900 -14.73000 -25.17700 -21.56600
202.00000 10.88500 13.20400 -24.07800 2.76700 -0.08100 -9.17600 -1.14900 -3.38700 -4.64900 1.27200 -6.21500 -10.61000 -15.40100 -14.73000 -21.27100 -20.10100
203.00000 10.88500 16.62200 -18.70700 1.79000 0.40700 -8.19900 1.29200 -2.41100 -2.69600 5.17800 -2.30900 -6.70400 -12.47200 -11.31200 -15.90000 -18.14800
204.00000 11.37300 15.15700 -5.03500 1.30200 1.87200 2.05500 -1.14900 -2.41100 -0.25400 7.61900 0.62100 -3.77400 -9.05400 -7.40600 -10.52900 -16.68300
205.00000 10.88500 10.27400 10.59000 0.81400 2.84800 13.77400 -6.03200 -2.41100 0.72200 8.10800 2.08500 -2.30900 -6.61200 -5.94100 -8.08700 -16.68300
206.00000 7.95500 5.39100 21.82000 0.81400 3.33700 19.63300 -9.93900 -2.41100 0.72200 7.61900 1.10900 -3.28600 -6.61200 -7.89400 -8.57500 -18.14800
207.00000 2.58400 3.43800 23.77300 0.81400 2.84800 17.19200 -10.42700 -2.89900 0.23400 8.59600 -3.28600 -6.21500 -7.58900 -10.82400 -10.52900 -19.61300
208.00000 -2.78700 4.90300 19.37900 0.81400 3.33700 10.84400 -8.47400 -4.36400 -0.74300 9.57200 -9.14500 -10.12200 -8.56500 -13.26500 -12.97000 -19.12400
209.00000 -4.74000 7.34500 12.54300 0.81400 4.80100 6.93800 -4.56700 -5.34100 -0.25400 10.54900 -15.00400 -12.56300 -8.56500 -13.26500 -15.41100 -16.68300
210.00000 -1.81100 10.27400 6.19500 1.30200 6.75500 6.93800 -3.10300 -6.31700 0.72200 9.57200 -18.91100 -13.05100 -7.10000 -11.80000 -17.36500 -13.26500
211.00000 2.58400 11.25100 1.80100 1.79000 7.73100 8.89100 -5.05600 -5.82900 1.21100 7.61900 -18.91100 -10.61000 -5.63600 -9.35900 -19.31800 -10.33500
212.00000 5.51400 9.78600 -1.12900 1.30200 7.24300 8.89100 -9.45000 -4.85200 1.69900 5.17800 -15.98100 -6.70400 -4.65900 -7.40600 -19.80600 -10.33500
213.00000 4.53700 6.85600 -2.59400 -0.16300 5.77800 5.96100 -12.38000 -3.87600 1.69900 5.17800 -11.58700 -2.79700 -4.65900 -6.42900 -17.85300 -13.26500
214.00000 1.11900 2.95000 -1.61700 -2.11600 5.29000 4.49600 -11.40300 -3.87600 1.69900 6.64300 -6.70400 -0.84400 -5.63600 -5.45200 -13.94700 -16.68300
215.00000 -2.78700 -0.46800 0.82400 -3.09200 6.26600 6.93800 -6.03200 -4.36400 2.18700 10.54900 -3.77400 -0.84400 -6.61200 -3.49900 -9.06400 -18.14800
216.00000 -6.69400 -1.44400 3.75400 -2.60400 7.73100 13.77400 0.31500 -5.34100 2.67500 13.96700 -3.77400 -3.28600 -8.07700 -2.52300 -6.13400 -17.17100
217.00000 -9.62300 0.99700 4.24200 -0.16300 8.70800 20.61000 4.71000 -5.34100 2.67500 16.89700 -5.72700 -6.21500 -9.54200 -2.03500 -7.11100 -16.19500
218.00000 -11.08800 5.39100 2.77700 2.76700 7.73100 23.53900 5.19800 -4.36400 1.69900 18.85000 -8.65700 -9.63300 -11.49500 -3.49900 -11.99300 -17.17100
219.00000 -9.13500 9.78600 2.28900 3.74300 5.77800 21.09800 3.24500 -2.41100 1.21100 19.82600 -10.12200 -11.58700 -11.98300 -4.96400 -17.36500 -22.05400
220.00000 -3.27600 11.73900 4.24200 1.79000 4.31300 16.70300 2.26800 -1.43400 1.21100 19.82600 -9.63300 -12.07500 -11.00700 -4.47600 -20.78200 -27.42500
221.00000 5.51400 10.27400 9.12500 -1.13900 3.82500 14.26200 3.24500 -1.43400 3.16400 18.85000 -6.70400 -10.61000 -7.58900 -2.03500 -20.78200 -28.40200
222.00000 12.34900 6.85600 13.51900 -5.04600 3.82500 16.21500 3.73300 -1.92300 4.62800 16.40800 -3.28600 -7.68000 -2.21800 1.87200 -16.38800 -22.05400
223.00000 13.81400 3.92700 13.51900 -6.99900 3.33700 18.65600 0.80400 -2.41100 6.09300 13.47900 0.62100 -3.28600 3.64200 6.26600 -10.52900 -10.33500
224.00000 8.93100 3.92700 8.63600 -8.46400 1.38300 17.68000 -6.03200 -3.38700 5.60500 12.01400 3.55000 1.10900 8.03600 8.70800 -5.64600 0.89500
225.00000 2.58400 7.83300 1.31200 -9.44000 -1.05800 11.82000 -13.35700 -3.87600 4.14000 12.50200 5.99200 4.03800 9.98900 9.68400 -1.74000 6.26600
226.00000 -1.32200 14.66900 -3.57100 -11.39300 -3.01100 3.03100 -15.31000 -4.36400 3.65200 16.40800 8.43300 5.01500 9.50100 9.68400 1.19000 4.80100
227.00000 -0.34600 21.99300 -4.05900 -12.37000 -1.54600 -1.36300 -10.42700 -5.34100 4.14000 22.26800 10.38600 4.52700 8.03600 11.14900 3.14300 -0.57000
228.00000 3.07200 27.36400 -3.57100 -12.37000 3.33700 1.56700 -0.66100 -6.80500 6.09300 26.66200 10.87400 1.59700 5.59500 12.61400 3.14300 -4.47600
229.00000 5.02500 27.85200 -4.54700 -9.92800 9.19600 11.33200 8.12800 -7.78200 8.53500 28.61500 8.92100 -2.30900 3.64200 13.59000 2.16700 -3.01100
230.00000 4.53700 22.48100 -7.96500 -5.04600 14.56700 23.53900 11.05800 -7.29400 10.97600 27.63900 5.99200 -5.72700 1.20000 12.61400 -0.76300 1.38300
231.00000 3.56000 15.15700 -7.96500 0.32600 17.49700 32.32800 9.10400 -5.34100 11.95300 24.70900 3.06200 -8.65700 -1.24100 10.17300 -4.18100 3.33700
232.00000 5.51400 9.29800 0.33600 4.72000 17.00800 35.25800 6.17500 -2.89900 11.46400 20.80300 3.06200 -9.14500 -4.17100 5.77800 -7.11100 -0.57000
233.00000 10.39600 7.83300 16.93700 6.18500 14.56700 33.79300 5.68600 0.03100 10.48800 17.38500 5.50300 -7.68000 -6.12400 1.87200 -8.08700 -10.33500
234.00000 15.27900 9.29800 35.00400 5.69700 10.66100 30.37500 8.12800 1.49500 8.53500 14.94300 8.43300 -5.23900 -7.58900 -0.57000 -8.57500 -20.10100
235.00000 15.27900 10.76300 42.32800 2.76700 5.77800 26.46900 10.08100 1.49500 6.09300 13.96700 9.89800 -1.82100 -7.58900 -1.05800 -8.57500 -24.00700
236.00000 7.95500 8.32100 34.02700 -1.62800 0.89500 20.61000 8.12800 0.51900 3.65200 13.96700 8.43300 2.08500 -5.63600 -1.05800 -9.06400 -20.10100
237.00000 -3.27600 1.97300 14.00800 -6.51000 -3.01100 13.77400 1.29200 -0.94600 1.69900 13.96700 5.50300 5.50300 -2.70600 -0.08100 -8.57500 -10.33500
238.00000 -13.04100 -4.37400 -6.50000 -10.90500 -5.45200 7.91400 -6.52100 -2.41100 0.72200 13.96700 2.08500 8.43300 0.71200 0.89500 -6.13400 -1.05800
239.00000 -15.97100 -5.35100 -17.73100 -13.34600 -4.96400 7.42600 -11.89200 -3.38700 1.21100 13.47900 0.13200 9.89800 3.64200 2.36000 -2.71600 3.82500
240.00000 -12.06500 0.99700 -16.75400 -12.85800 -1.05800 13.28500 -12.38000 -4.36400 2.67500 12.99000 -1.33300 9.89800 5.59500 4.31300 -0.27500 1.87200
241.00000 -5.22900 11.25100 -11.38300 -10.41700 3.82500 20.12100 -9.45000 -5.34100 4.62800 12.99000 -2.79700 7.94500 6.08300 5.29000 0.21400 -3.98800
242.00000 0.14200 19.06300 -8.45300 -7.48700 8.21900 22.56300 -7.00900 -6.31700 6.09300 13.96700 -6.21500 4.52700 5.59500 5.29000 -3.20400 -10.33500
243.00000 2.09600 20.52800 -10.40600 -5.53400 9.68400 17.68000 -7.49700 -7.29400 7.07000 16.40800 -10.61000 0.13200 4.61800 3.82500 -9.06400 -15.21800
244.00000 1.11900 16.13400 -12.84800 -5.04600 9.19600 9.37900 -10.42700 -8.27000 7.07000 19.82600 -15.00400 -5.23900 2.66500 1.87200 -15.41100 -17.17100
245.00000 1.11900 10.27400 -8.94200 -6.02200 7.73100 6.44900 -12.86800 -10.22300 6.58200 23.73300 -18.42200 -10.61000 0.71200 0.89500 -20.78200 -18.63600
246.00000 3.56000 8.80900 1.80100 -5.53400 7.73100 12.30900 -13.35700 -11.20000 7.55800 27.15000 -20.37600 -15.98100 -1.24100 2.84800 -24.20000 -19.12400
247.00000 8.44300 13.20400 14.00800 -3.09200 10.66100 25.49200 -10.42700 -10.71200 9.02300 28.12700 -20.37600 -19.88700 -1.72900 6.26600 -25.17700 -19.61300
248.00000 13.32600 21.01600 20.35500 1.30200 14.56700 37.21100 -6.52100 -9.24700 10.48800 26.17400 -19.39900 -22.32900 -2.21800 9.68400 -24.68900 -19.61300
249.00000 16.74400 27.85200 16.93700 6.67300 17.98500 40.62900 -3.59100 -6.31700 11.46400 22.26800 -17.93400 -22.32900 -2.70600 11.63700 -22.73600 -18.63600
250.00000 19.18500 29.31700 8.14800 11.06800 19.45000 36.23500 -3.59100 -3.38700 10.97600 17.38500 -14.51600 -19.88700 -3.68200 10.66100 -19.80600 -17.66000
251.00000 20.16200 26.38800 0.33600 12.53300 17.98500 29.39900 -4.56700 -1.43400 9.02300 15.43200 -9.14500 -16.46900 -5.14700 8.21900 -17.36500 -16.68300
252.00000 20.65000 21.50500 -0.15300 12.04400 15.54400 26.46900 -3.59100 -0.94600 6.09300 17.38500 -2.79700 -13.05100 -7.10000 5.77800 -14.92300 -15.70600
253.00000 19.18500 19.55200 7.17200 10.57900 13.10200 26.95700 0.31500 -0.94600 3.65200 20.31500 3.55000 -10.12200 -8.07700 4.31300 -12.97000 -15.21800
254.00000 16.25600 21.01600 16.44900 8.62600 11.63700 25.98100 7.15100 -0.94600 2.67500 21.29100 8.92100 -7.19200 -7.58900 4.80100 -11.01700 -13.75300
255.00000 13.32600 25.41100 23.28500 7.65000 10.66100 18.65600 13.49900 0.51900 2.18700 17.87300 12.33900 -3.77400 -4.65900 6.75500 -8.57500 -10.82400
256.00000 12.83800 28.82900 23.77300 6.67300 8.21900 5.96100 15.94000 1.98400 2.18700 12.01400 13.31600 0.13200 -0.26400 8.21900 -3.69300 -6.42900
