1.00000 -20.62000 -17.84300 -8.70800 -6.88700 -7.77200 -16.08300 -7.49700 1.95300 -3.02100 -17.67000 -5.65600 -0.17300 -5.56400 -15.50300 -12.22700 -13.84500
2.00000 -17.20200 -21.26100 -7.24300 -4.93400 -4.84200 -14.13000 -6.52100 3.41800 -3.02100 -16.69300 -3.21500 0.31500 -6.54100 -15.01500 -11.25100 -13.35700
3.00000 -12.80700 -22.23700 -7.24300 -2.98100 -3.37700 -14.13000 -5.54400 3.41800 -3.51000 -16.20500 -1.75000 -0.17300 -8.00600 -15.01500 -10.76300 -13.84500
4.00000 -8.90100 -19.79600 -7.73100 -2.00400 -3.86600 -16.57100 -3.59100 2.93000 -4.48600 -17.67000 -1.75000 -1.14900 -9.47100 -15.01500 -10.76300 -14.33300
5.00000 -7.43600 -17.35400 -7.24300 -1.51600 -5.33000 -20.47700 -1.14900 1.46500 -5.95100 -19.13500 -2.72600 -2.12600 -9.95900 -15.99100 -11.73900 -15.31000
6.00000 -9.38900 -17.84300 -7.24300 -1.02700 -7.28400 -21.94200 0.31500 0.00000 -6.43900 -19.13500 -4.67900 -3.59100 -9.95900 -16.47900 -13.20400 -15.79800
7.00000 -15.24900 -21.74900 -8.70800 -1.51600 -8.26000 -20.47700 -0.66100 -0.97700 -5.95100 -16.69300 -8.09700 -4.56700 -8.98200 -16.47900 -14.66900 -15.79800
8.00000 -22.08500 -26.14300 -12.61400 -2.49200 -7.77200 -16.57100 -3.59100 -1.95300 -4.97400 -14.25200 -10.53900 -5.54400 -8.00600 -16.47900 -15.64500 -15.79800
9.00000 -26.96700 -27.12000 -17.49700 -4.44500 -6.79500 -13.64100 -7.00900 -2.44100 -3.99800 -12.78700 -11.51500 -5.54400 -7.51700 -15.99100 -16.13400 -15.79800
10.00000 -26.47900 -24.67900 -20.42600 -5.42200 -6.30700 -13.15300 -7.00900 -1.95300 -3.02100 -13.27500 -11.51500 -4.56700 -6.54100 -15.01500 -15.64500 -14.82100
11.00000 -22.08500 -19.30700 -19.45000 -5.42200 -6.79500 -15.10600 -3.59100 -0.97700 -2.53300 -14.25200 -9.56200 -2.61400 -5.56400 -13.06200 -13.69200 -13.35700
12.00000 -16.71300 -14.91300 -14.07900 -3.95700 -7.77200 -17.54800 1.29200 0.00000 -1.06800 -13.76300 -6.14400 -0.17300 -3.12300 -10.62000 -10.76300 -10.42700
13.00000 -14.76000 -13.93600 -8.21900 -2.00400 -7.77200 -17.54800 3.24500 0.00000 0.39700 -10.34500 -3.21500 1.29200 -0.68200 -7.69000 -7.83300 -7.49700
14.00000 -17.69000 -16.37800 -4.80100 -1.02700 -7.28400 -15.59400 -1.14900 -1.46500 1.86200 -5.95100 -1.75000 1.29200 0.78300 -4.76100 -5.39100 -5.54400
15.00000 -23.06100 -19.30700 -5.77800 -2.00400 -5.81900 -12.66500 -9.45000 -2.93000 3.81500 -2.53300 -2.23800 -0.17300 1.27200 -3.29600 -5.88000 -5.05600
16.00000 -25.50300 -21.26100 -9.68400 -4.44500 -4.35400 -10.22300 -15.31000 -3.90600 4.30300 -1.55600 -4.67900 -2.12600 0.29500 -3.29600 -7.83300 -7.00900
17.00000 -22.57300 -20.28400 -13.59000 -7.37500 -3.86600 -9.73500 -14.82100 -3.41800 3.81500 -3.51000 -6.63200 -3.10300 -0.68200 -4.76100 -11.25100 -9.45000
18.00000 -14.76000 -17.84300 -13.59000 -9.81600 -5.33000 -11.20000 -7.98500 -0.97700 2.83800 -5.95100 -8.09700 -2.61400 -1.17000 -6.22600 -13.20400 -11.40300
19.00000 -7.92400 -15.88900 -10.17300 -10.79300 -8.26000 -13.15300 0.31500 1.95300 1.86200 -6.92700 -7.60900 -0.66100 -0.68200 -6.22600 -13.20400 -11.40300
20.00000 -7.43600 -17.35400 -6.26600 -10.30500 -11.67800 -16.08300 5.19800 4.39500 0.88500 -6.43900 -6.14400 1.78000 0.29500 -5.73700 -12.22700 -9.93900
21.00000 -12.31900 -20.77200 -4.80100 -9.32800 -14.60800 -18.52400 4.22200 5.85900 -1.06800 -5.46300 -4.19100 4.22200 0.78300 -4.76100 -10.27400 -8.47400
22.00000 -21.10800 -25.65500 -6.26600 -9.32800 -16.56100 -19.50100 0.31500 5.85900 -3.51000 -4.97400 -3.21500 5.19800 -0.19300 -5.24900 -9.78600 -8.96200
23.00000 -26.96700 -29.07300 -9.68400 -9.81600 -17.04900 -19.01200 -3.10300 5.37100 -5.46300 -6.43900 -3.21500 4.71000 -1.65800 -5.73700 -11.25100 -10.91500
24.00000 -27.45600 -30.53800 -12.61400 -10.79300 -16.07300 -18.03600 -3.10300 4.88300 -5.95100 -8.39200 -3.70300 3.73300 -3.12300 -7.20200 -13.69200 -13.35700
25.00000 -24.52600 -29.56100 -13.59000 -11.77000 -15.09600 -17.05900 -2.61400 3.90600 -5.46300 -10.34500 -5.16800 1.78000 -3.12300 -7.69000 -16.13400 -15.79800
26.00000 -21.59600 -28.09700 -12.61400 -12.25800 -14.60800 -17.54800 -4.56700 2.93000 -3.51000 -10.83400 -6.14400 0.31500 -2.63500 -8.17900 -18.08700 -17.26300
27.00000 -22.08500 -28.58500 -11.63700 -12.74600 -14.11900 -19.50100 -7.98500 1.46500 -1.06800 -9.36900 -7.60900 -0.66100 -1.65800 -8.17900 -19.55200 -18.23900
28.00000 -25.01400 -29.56100 -10.66100 -12.74600 -14.60800 -21.94200 -11.40300 0.48800 0.88500 -6.92700 -9.56200 -1.63800 -1.17000 -8.66700 -21.01600 -19.70400
29.00000 -26.96700 -30.53800 -10.17300 -12.74600 -14.60800 -22.43000 -12.38000 -0.48800 1.37300 -4.97400 -12.00400 -2.61400 -2.14600 -9.15500 -23.45800 -21.65700
30.00000 -25.99100 -29.07300 -9.68400 -12.25800 -14.11900 -20.47700 -8.47400 -0.48800 1.37300 -3.51000 -14.44500 -3.59100 -3.12300 -10.13200 -25.41100 -23.12200
31.00000 -22.08500 -25.65500 -8.70800 -11.77000 -13.63100 -16.08300 -4.07900 -0.48800 0.88500 -3.02100 -15.42200 -3.10300 -3.61100 -10.62000 -26.38800 -23.61000
32.00000 -17.20200 -21.26100 -7.73100 -11.77000 -13.14300 -10.71200 -1.14900 -0.97700 0.88500 -2.53300 -13.95700 -2.61400 -3.12300 -9.15500 -25.41100 -23.12200
33.00000 -16.71300 -17.35400 -8.21900 -12.74600 -12.16600 -6.31700 -0.66100 -1.95300 1.37300 -1.55600 -11.02700 -1.14900 -1.65800 -7.69000 -23.45800 -21.65700
34.00000 -20.13100 -15.88900 -10.66100 -14.69900 -11.19000 -4.36400 -2.12600 -2.44100 2.83800 -0.09200 -8.58600 -1.14900 -0.68200 -6.22600 -21.50500 -20.68100
35.00000 -25.50300 -16.37800 -13.10200 -17.14100 -10.21300 -5.34100 -3.10300 -3.90600 4.30300 0.88500 -9.07400 -2.12600 -0.19300 -6.71400 -21.50500 -21.65700
36.00000 -27.45600 -17.84300 -14.56700 -18.11700 -9.23700 -7.78200 -4.07900 -4.88300 5.76800 -0.09200 -12.00400 -5.05600 -1.65800 -8.66700 -23.94600 -23.61000
37.00000 -25.01400 -18.81900 -14.56700 -16.65200 -9.23700 -10.22300 -5.54400 -5.85900 5.76800 -2.53300 -16.39800 -7.98500 -4.10000 -11.59700 -27.85200 -26.54000
38.00000 -19.64300 -20.28400 -13.59000 -12.74600 -8.74800 -11.68800 -9.45000 -5.85900 5.28000 -5.46300 -19.81600 -10.42700 -6.54100 -14.52600 -31.27000 -28.98200
39.00000 -15.24900 -21.26100 -12.12600 -9.32800 -8.26000 -11.20000 -15.31000 -4.39500 4.30300 -7.41600 -20.79300 -10.42700 -8.00600 -16.47900 -32.24700 -30.44600
40.00000 -14.76000 -21.74900 -12.12600 -6.88700 -7.28400 -9.24700 -19.21600 -2.93000 2.83800 -7.90400 -18.84000 -9.45000 -8.00600 -17.45600 -30.78200 -29.95800
41.00000 -16.22500 -20.77200 -12.61400 -6.39900 -6.30700 -7.78200 -18.23900 -0.97700 1.37300 -6.43900 -16.39800 -7.49700 -7.51700 -16.96800 -28.82900 -28.49300
42.00000 -17.69000 -17.35400 -13.10200 -7.86300 -5.33000 -7.78200 -12.86800 0.00000 0.39700 -4.48600 -14.93300 -6.03200 -7.51700 -16.96800 -26.87600 -27.51700
43.00000 -16.71300 -14.42500 -12.12600 -8.84000 -4.84200 -8.27000 -5.54400 0.00000 -0.58000 -3.99800 -15.42200 -6.03200 -8.00600 -16.96800 -26.87600 -27.02800
44.00000 -16.22500 -13.93600 -11.14900 -9.81600 -4.84200 -9.73500 -0.66100 0.00000 -1.55600 -5.46300 -15.91000 -5.54400 -9.47100 -17.94400 -27.85200 -27.51700
45.00000 -17.20200 -16.86600 -10.66100 -10.30500 -4.35400 -9.24700 -1.63800 0.00000 -1.55600 -7.41600 -16.88600 -6.03200 -10.44700 -19.40900 -28.34100 -28.00500
46.00000 -20.62000 -21.74900 -10.17300 -10.30500 -3.37700 -6.80500 -6.52100 0.00000 -0.09200 -8.88100 -16.39800 -5.54400 -10.44700 -19.89700 -28.34100 -28.00500
47.00000 -25.01400 -23.21400 -10.66100 -9.32800 -1.42400 -3.87600 -10.42700 0.48800 2.35000 -9.36900 -15.91000 -4.56700 -8.98200 -19.40900 -26.87600 -26.54000
48.00000 -25.99100 -20.28400 -11.14900 -7.86300 0.52900 -1.43400 -9.93900 1.46500 4.79100 -7.41600 -14.93300 -4.07900 -7.51700 -16.96800 -25.41100 -24.58700
49.00000 -23.06100 -14.42500 -11.63700 -6.88700 1.01700 -1.92300 -5.05600 1.95300 6.74400 -4.97400 -14.93300 -4.07900 -5.07600 -14.03800 -23.94600 -21.65700
50.00000 -18.66700 -11.00700 -13.10200 -6.39900 -0.44800 -5.82900 0.31500 1.95300 7.23300 -3.02100 -14.44500 -3.59100 -2.14600 -10.62000 -22.97000 -19.21600
51.00000 -15.73700 -13.93600 -15.05500 -8.35200 -3.86600 -10.22300 2.26800 1.46500 6.25600 -1.55600 -12.49200 -2.12600 0.78300 -7.69000 -20.52800 -16.28600
52.00000 -16.71300 -21.26100 -17.00800 -12.25800 -8.26000 -14.13000 -0.66100 0.48800 5.76800 -1.55600 -9.07400 0.31500 3.71300 -4.27200 -16.13400 -12.38000
53.00000 -20.13100 -26.63200 -16.03200 -15.67600 -12.16600 -15.10600 -6.03200 0.00000 4.79100 -3.02100 -4.67900 2.75700 6.64300 -2.31900 -10.76300 -7.98500
54.00000 -22.57300 -26.14300 -12.12600 -18.60600 -14.11900 -14.61800 -8.47400 0.00000 3.81500 -3.99800 -0.28500 5.68600 8.10800 -0.85400 -5.39100 -4.07900
55.00000 -23.06100 -19.79600 -7.24300 -19.09400 -14.11900 -14.61800 -7.00900 0.00000 3.81500 -5.46300 2.15700 6.66300 8.59600 -0.85400 -2.46200 -1.63800
56.00000 -21.10800 -13.44800 -3.33700 -18.11700 -14.11900 -16.08300 -2.61400 0.00000 3.32600 -6.92700 2.15700 7.15100 7.13100 -2.31900 -2.46200 -2.12600
57.00000 -19.64300 -13.44800 -3.33700 -15.67600 -14.60800 -18.52400 1.78000 0.48800 3.81500 -7.41600 -0.77300 5.68600 5.66600 -4.27200 -4.90300 -4.07900
58.00000 -20.13100 -19.30700 -6.75500 -13.72300 -16.07300 -19.98900 3.24500 1.46500 4.30300 -6.92700 -4.19100 4.71000 4.69000 -5.24900 -8.32100 -6.52100
59.00000 -22.57300 -26.14300 -10.66100 -12.25800 -17.53700 -18.03600 2.26800 2.44100 4.79100 -4.48600 -7.12100 3.73300 5.17800 -4.76100 -11.25100 -7.98500
60.00000 -25.50300 -28.58500 -12.61400 -11.28100 -17.04900 -13.15300 0.80400 2.44100 5.28000 -1.06800 -8.58600 3.24500 5.66600 -2.80800 -11.73900 -7.49700
61.00000 -27.94400 -25.65500 -12.61400 -10.79300 -16.07300 -9.73500 -0.17300 2.44100 4.79100 1.37300 -8.09700 3.73300 6.64300 -1.34300 -10.76300 -5.54400
62.00000 -28.43200 -21.26100 -11.63700 -10.79300 -15.09600 -11.20000 -0.66100 1.95300 2.35000 0.39700 -6.63200 4.71000 5.66600 -1.34300 -8.80900 -4.56700
63.00000 -27.94400 -20.28400 -11.63700 -11.77000 -16.56100 -18.03600 -3.59100 1.46500 -1.55600 -4.48600 -4.67900 6.17500 4.20100 -3.29600 -7.34500 -4.56700
64.00000 -26.96700 -24.67900 -12.61400 -13.23400 -20.46700 -26.33700 -8.47400 1.95300 -6.92700 -12.29900 -3.21500 7.15100 1.27200 -6.22600 -7.34500 -6.03200
65.00000 -27.45600 -31.02600 -14.07900 -14.21100 -25.35000 -33.66100 -12.86800 2.93000 -11.81000 -20.11100 -3.70300 6.66300 -2.14600 -10.62000 -8.80900 -8.47400
66.00000 -28.92000 -34.93200 -14.56700 -14.21100 -27.79100 -35.61400 -15.79800 3.90600 -15.22800 -24.99400 -6.14400 5.19800 -6.05300 -14.03800 -11.25100 -11.89200
67.00000 -29.89700 -33.95600 -14.56700 -13.23400 -27.79100 -33.17300 -14.82100 4.88300 -16.20500 -25.97000 -9.56200 1.78000 -9.47100 -17.94400 -15.64500 -15.31000
68.00000 -28.43200 -30.53800 -13.59000 -12.25800 -24.37300 -29.26600 -11.40300 4.39500 -14.25200 -24.01700 -13.95700 -1.14900 -11.91200 -20.38600 -19.55200 -18.23900
69.00000 -25.01400 -27.12000 -13.10200 -11.77000 -19.97900 -26.33700 -7.49700 3.41800 -10.83400 -21.57600 -17.86300 -4.07900 -12.40000 -21.85100 -22.48100 -20.68100
70.00000 -21.10800 -24.67900 -13.10200 -11.77000 -17.53700 -25.36000 -6.03200 1.95300 -6.43900 -19.62300 -20.30400 -6.03200 -10.44700 -21.36200 -24.43400 -21.65700
71.00000 -20.62000 -23.70200 -14.07900 -12.25800 -17.53700 -25.36000 -6.52100 0.97700 -2.04500 -18.15800 -21.76900 -6.52100 -7.02900 -19.89700 -24.92300 -21.16900
72.00000 -24.03800 -23.21400 -15.05500 -12.74600 -19.00200 -26.33700 -8.96200 0.00000 0.39700 -17.67000 -21.76900 -6.03200 -3.12300 -17.45600 -24.43400 -19.70400
73.00000 -30.87400 -23.21400 -16.52000 -12.25800 -20.95500 -27.31300 -11.40300 -0.97700 1.37300 -16.69300 -21.28100 -5.54400 -0.68200 -15.99100 -24.43400 -18.72800
74.00000 -37.22100 -25.16700 -17.98500 -12.25800 -21.93200 -29.26600 -12.86800 -1.95300 -0.09200 -16.69300 -20.30400 -5.05600 -1.17000 -15.99100 -24.43400 -19.21600
75.00000 -39.66300 -30.05000 -18.96200 -12.25800 -22.90900 -31.21900 -14.82100 -3.41800 -3.02100 -18.64600 -19.81600 -5.54400 -3.61100 -18.43300 -25.41100 -20.68100
76.00000 -36.73300 -35.42100 -19.93800 -12.25800 -24.37300 -34.14900 -17.75100 -4.39500 -6.92700 -23.04100 -20.79300 -7.00900 -6.54100 -21.85100 -26.87600 -23.12200
77.00000 -30.38500 -39.32700 -19.93800 -12.74600 -25.83800 -35.61400 -21.16900 -4.88300 -9.85700 -28.41200 -21.76900 -8.47400 -8.49400 -24.78000 -28.34100 -25.07500
78.00000 -25.99100 -40.79200 -19.45000 -12.25800 -26.81500 -37.07900 -24.58700 -4.88300 -11.32200 -31.83000 -22.25700 -9.45000 -9.47100 -25.75700 -28.82900 -25.56400
79.00000 -26.47900 -39.32700 -19.45000 -11.28100 -26.81500 -38.05500 -25.56400 -2.93000 -10.83400 -31.83000 -22.25700 -8.47400 -8.49400 -25.26900 -27.85200 -24.58700
80.00000 -31.36200 -37.86200 -20.42600 -10.30500 -24.86200 -39.03200 -23.61000 -0.97700 -9.36900 -30.36500 -20.79300 -6.03200 -8.00600 -23.80400 -26.87600 -23.12200
81.00000 -37.22100 -38.35000 -22.38000 -10.30500 -21.93200 -39.52000 -18.72800 1.46500 -6.43900 -27.43500 -19.32800 -3.10300 -6.54100 -22.33900 -24.92300 -21.16900
82.00000 -39.66300 -39.81500 -24.82100 -11.77000 -19.00200 -38.05500 -12.86800 2.44100 -3.51000 -25.48200 -17.86300 -1.14900 -5.56400 -21.36200 -23.94600 -20.19200
83.00000 -37.71000 -41.28000 -25.79800 -13.72300 -17.04900 -34.14900 -8.96200 0.97700 -1.55600 -24.50600 -17.86300 -1.63800 -5.07600 -20.87400 -23.45800 -19.70400
84.00000 -33.31500 -40.30400 -26.28600 -15.18800 -15.58400 -29.26600 -9.45000 -1.46500 -0.09200 -23.04100 -18.84000 -3.59100 -5.07600 -20.38600 -23.94600 -20.19200
85.00000 -30.87400 -36.88600 -26.28600 -15.67600 -14.60800 -24.87200 -13.35700 -3.90600 -0.09200 -21.08800 -20.30400 -5.54400 -5.56400 -20.38600 -24.92300 -20.68100
86.00000 -33.80300 -32.00300 -27.26200 -14.69900 -13.14300 -22.91900 -19.21600 -5.85900 -1.06800 -19.62300 -21.28100 -6.52100 -6.05300 -20.87400 -25.89900 -21.65700
87.00000 -38.19800 -28.09700 -28.23900 -13.23400 -12.65500 -23.89500 -24.58700 -5.85900 -2.53300 -20.11100 -21.28100 -7.00900 -8.00600 -22.33900 -26.38800 -22.14600
88.00000 -39.66300 -25.65500 -29.21500 -11.77000 -13.14300 -25.84800 -27.02800 -4.39500 -4.48600 -22.06400 -21.28100 -6.03200 -9.47100 -23.80400 -26.38800 -23.12200
89.00000 -35.75600 -24.67900 -27.75100 -11.77000 -14.11900 -26.82500 -26.05200 -2.93000 -5.95100 -24.01700 -20.30400 -5.05600 -10.44700 -24.78000 -26.38800 -23.61000
90.00000 -28.43200 -25.65500 -24.82100 -12.25800 -15.58400 -26.33700 -22.63400 -0.97700 -6.43900 -24.01700 -19.81600 -4.07900 -9.47100 -23.80400 -24.92300 -23.12200
91.00000 -23.54900 -27.12000 -21.40300 -13.23400 -16.07300 -25.36000 -17.75100 0.48800 -4.48600 -21.08800 -17.86300 -2.12600 -7.02900 -20.87400 -22.97000 -20.68100
92.00000 -24.52600 -30.05000 -19.45000 -14.21100 -16.07300 -24.38400 -12.38000 2.44100 -2.53300 -16.20500 -15.42200 -0.17300 -3.12300 -16.47900 -20.04000 -17.75100
93.00000 -31.36200 -33.46800 -19.45000 -15.67600 -16.07300 -22.91900 -7.49700 3.41800 0.39700 -12.29900 -12.49200 1.78000 0.29500 -12.57300 -17.59800 -14.33300
94.00000 -37.22100 -34.44400 -19.45000 -17.14100 -15.58400 -20.96600 -4.56700 3.90600 2.83800 -10.34500 -10.53900 3.24500 3.22500 -9.64400 -16.13400 -12.38000
95.00000 -37.71000 -31.51400 -18.96200 -17.62900 -15.09600 -17.54800 -3.59100 2.93000 4.79100 -10.34500 -10.05000 2.75700 4.20100 -8.66700 -16.13400 -11.89200
96.00000 -32.82700 -24.19000 -16.03200 -16.16400 -14.11900 -14.61800 -4.56700 0.97700 5.76800 -9.85700 -11.02700 1.29200 4.20100 -8.66700 -17.59800 -12.86800
97.00000 -26.47900 -16.37800 -12.12600 -12.74600 -13.14300 -12.66500 -6.03200 -1.46500 6.74400 -8.39200 -12.00400 -0.66100 3.71300 -8.66700 -19.06300 -13.84500
98.00000 -23.54900 -11.49500 -8.70800 -8.84000 -12.16600 -13.64100 -7.00900 -3.90600 6.74400 -6.43900 -13.46800 -2.61400 3.22500 -8.66700 -20.04000 -14.33300
99.00000 -24.03800 -12.47200 -7.24300 -6.39900 -12.16600 -15.59400 -7.49700 -5.37100 5.76800 -4.97400 -13.95700 -3.10300 3.22500 -8.17900 -20.04000 -13.84500
100.00000 -24.52600 -16.86600 -8.21900 -6.39900 -13.14300 -16.57100 -7.98500 -5.37100 4.30300 -5.95100 -13.95700 -3.10300 2.73600 -8.17900 -18.57500 -12.86800
101.00000 -24.03800 -22.23700 -11.14900 -7.86300 -13.14300 -16.08300 -9.45000 -3.90600 2.83800 -7.90400 -12.98000 -2.61400 2.24800 -8.66700 -17.11000 -12.38000
102.00000 -21.10800 -24.67900 -14.07900 -10.79300 -13.14300 -14.13000 -11.40300 -2.44100 1.86200 -9.36900 -12.49200 -2.12600 0.78300 -9.64400 -17.11000 -12.86800
103.00000 -20.13100 -24.67900 -16.52000 -12.25800 -13.14300 -12.17700 -10.91500 -0.48800 1.37300 -9.36900 -11.51500 -1.63800 -0.68200 -11.10800 -17.59800 -14.82100
104.00000 -22.08500 -24.67900 -16.03200 -12.25800 -12.65500 -10.22300 -7.49700 1.46500 1.37300 -6.92700 -11.51500 -1.14900 -2.14600 -12.08500 -19.55200 -16.77400
105.00000 -25.99100 -26.14300 -13.10200 -11.77000 -13.63100 -8.75900 -1.14900 4.39500 0.88500 -3.99800 -10.53900 -0.17300 -3.61100 -12.08500 -20.52800 -17.75100
106.00000 -29.40900 -28.09700 -8.21900 -11.28100 -14.11900 -6.80500 6.17500 6.83600 0.39700 -0.58000 -9.56200 1.78000 -4.10000 -10.62000 -20.52800 -16.77400
107.00000 -27.94400 -27.12000 -3.33700 -11.28100 -14.11900 -3.87600 10.08100 9.27700 0.39700 1.37300 -7.12100 4.71000 -2.63500 -7.69000 -17.59800 -13.84500
108.00000 -23.54900 -22.23700 0.08100 -11.28100 -13.14300 -0.94600 10.56900 10.74200 0.39700 2.83800 -3.21500 8.12800 -0.68200 -4.27200 -13.69200 -9.93900
109.00000 -17.69000 -14.91300 1.54600 -9.81600 -11.67800 0.51900 7.64000 10.74200 1.37300 3.81500 0.69200 10.56900 1.27200 -1.83100 -9.78600 -7.00900
110.00000 -14.27200 -7.58900 1.54600 -6.88700 -9.72500 0.03100 5.19800 9.76600 1.86200 4.30300 3.62100 12.52200 2.73600 -0.36600 -6.85600 -5.54400
111.00000 -13.78400 -4.17100 1.05800 -2.98100 -8.74800 -2.89900 4.22200 7.81200 2.83800 3.32600 5.08600 12.52200 2.73600 -0.36600 -5.39100 -5.54400
112.00000 -15.73700 -5.63600 0.08100 -1.02700 -9.23700 -5.82900 4.22200 5.37100 2.83800 1.37300 4.59800 10.56900 2.24800 -1.34300 -5.88000 -6.52100
113.00000 -18.66700 -10.03000 -2.36000 -2.00400 -10.21300 -6.31700 3.24500 2.93000 2.83800 -1.55600 1.66800 8.12800 1.27200 -2.31900 -7.83300 -7.49700
114.00000 -21.59600 -16.37800 -5.77800 -5.42200 -11.19000 -5.82900 0.31500 1.46500 2.83800 -3.99800 -2.72600 4.71000 1.76000 -3.29600 -10.27400 -8.47400
115.00000 -23.54900 -22.23700 -10.17300 -9.32800 -12.65500 -5.82900 -2.61400 1.46500 2.83800 -4.48600 -6.14400 2.26800 2.73600 -3.78400 -12.22700 -8.96200
116.00000 -25.01400 -26.63200 -11.14900 -12.25800 -14.60800 -7.78200 -2.12600 2.93000 3.32600 -4.48600 -7.60900 2.26800 3.71300 -4.27200 -12.71600 -8.47400
117.00000 -25.99100 -29.07300 -9.68400 -13.23400 -18.02600 -12.17700 2.75700 6.34800 2.83800 -3.99800 -7.12100 4.22200 5.17800 -4.27200 -11.73900 -7.49700
118.00000 -25.50300 -29.56100 -5.77800 -12.74600 -20.95500 -17.05900 9.10400 9.27700 1.86200 -4.48600 -4.19100 7.64000 5.66600 -4.76100 -9.78600 -6.52100
119.00000 -24.03800 -28.09700 -2.84800 -12.74600 -23.39700 -19.98900 11.54600 10.74200 -0.09200 -5.46300 -1.75000 10.08100 5.66600 -4.27200 -7.83300 -5.05600
120.00000 -22.08500 -25.65500 -3.82500 -13.23400 -24.37300 -19.50100 8.61600 10.74200 -1.55600 -6.43900 0.69200 11.54600 4.69000 -3.78400 -5.88000 -4.07900
121.00000 -19.64300 -23.21400 -7.73100 -14.69900 -24.37300 -17.54800 2.26800 9.76600 -3.02100 -6.43900 2.15700 12.03400 4.69000 -3.29600 -4.41500 -2.61400
122.00000 -18.66700 -22.72500 -11.63700 -15.18800 -24.37300 -15.59400 -1.63800 8.78900 -3.51000 -5.95100 2.64500 12.03400 4.69000 -2.80800 -3.43800 -1.14900
123.00000 -18.66700 -24.19000 -12.61400 -14.69900 -24.86200 -14.61800 -0.17300 7.32400 -3.99800 -4.97400 2.64500 11.54600 4.69000 -2.31900 -2.95000 -0.17300
124.00000 -19.15500 -25.16700 -10.66100 -13.72300 -25.35000 -14.61800 4.71000 4.88300 -3.99800 -4.48600 1.18000 10.56900 4.20100 -2.80800 -2.95000 -0.17300
125.00000 -20.62000 -25.16700 -7.24300 -12.25800 -23.88500 -14.13000 6.17500 0.00000 -3.51000 -5.46300 -2.23800 7.15100 1.76000 -4.27200 -5.39100 -2.12600
126.00000 -21.59600 -23.21400 -6.75500 -12.25800 -19.49100 -12.17700 0.31500 -6.34800 -2.53300 -6.43900 -7.12100 1.78000 -1.65800 -7.69000 -9.78600 -6.52100
127.00000 -22.57300 -21.26100 -10.17300 -12.74600 -14.11900 -9.73500 -11.40300 -13.67200 -1.06800 -6.43900 -12.49200 -4.56700 -5.56400 -11.10800 -15.15700 -11.89200
128.00000 -24.52600 -19.79600 -16.03200 -13.72300 -9.72500 -9.24700 -21.65700 -18.06600 0.88500 -5.95100 -15.91000 -8.96200 -7.51700 -13.55000 -19.06300 -15.79800
129.00000 -26.96700 -20.28400 -20.91500 -15.18800 -10.21300 -11.20000 -24.09900 -18.06600 2.35000 -5.46300 -16.39800 -9.93900 -8.00600 -14.52600 -20.04000 -17.26300
130.00000 -30.38500 -22.23700 -23.35600 -16.16400 -14.11900 -14.61800 -18.23900 -12.20700 2.83800 -5.46300 -14.93300 -6.52100 -6.05300 -13.55000 -18.08700 -15.31000
131.00000 -33.80300 -24.67900 -22.38000 -17.14100 -20.95500 -17.54800 -6.52100 -3.41800 1.86200 -6.92700 -11.51500 -1.14900 -3.12300 -12.08500 -14.18100 -11.89200
132.00000 -34.78000 -28.58500 -19.93800 -18.11700 -27.30300 -19.98900 3.73300 4.88300 0.88500 -7.90400 -8.09700 4.71000 -0.19300 -10.13200 -9.78600 -8.47400
133.00000 -33.31500 -32.49100 -17.49700 -19.58200 -29.74400 -21.45400 8.12800 10.25400 0.39700 -8.39200 -5.16800 8.61600 1.76000 -8.17900 -7.83300 -5.05600
134.00000 -29.40900 -36.39700 -15.54400 -20.55900 -29.74400 -21.94200 7.15100 12.20700 -0.09200 -7.90400 -3.70300 9.59300 3.71300 -6.71400 -6.36800 -3.10300
135.00000 -25.50300 -37.86200 -13.59000 -21.04700 -27.79100 -22.43000 3.73300 11.71900 -0.09200 -6.92700 -3.21500 9.59300 4.69000 -5.73700 -5.88000 -2.12600
136.00000 -24.03800 -34.93200 -12.12600 -20.07000 -26.32600 -20.96600 0.31500 9.76600 0.39700 -6.43900 -2.72600 8.61600 5.17800 -6.22600 -5.88000 -2.61400
137.00000 -25.50300 -29.56100 -11.14900 -19.09400 -25.35000 -18.52400 -3.59100 7.32400 0.39700 -7.90400 -3.70300 7.15100 4.69000 -7.69000 -7.83300 -4.07900
138.00000 -29.89700 -25.16700 -12.12600 -18.11700 -24.37300 -16.08300 -7.00900 4.88300 0.88500 -10.34500 -5.65600 5.19800 2.73600 -10.62000 -9.78600 -7.49700
139.00000 -33.80300 -26.14300 -13.59000 -17.14100 -22.90900 -14.61800 -11.40300 1.95300 1.86200 -12.29900 -9.07400 2.26800 0.29500 -13.55000 -12.22700 -10.91500
140.00000 -35.26800 -30.53800 -14.56700 -16.65200 -20.95500 -14.61800 -15.31000 -1.46500 2.35000 -12.29900 -12.00400 -1.14900 -2.14600 -16.47900 -15.15700 -13.84500
141.00000 -33.80300 -34.44400 -15.05500 -16.16400 -19.00200 -15.10600 -16.28600 -3.90600 3.32600 -10.83400 -13.46800 -3.59100 -3.12300 -17.45600 -16.13400 -14.82100
142.00000 -29.89700 -33.46800 -14.56700 -16.65200 -17.04900 -13.64100 -14.33300 -5.37100 3.32600 -8.39200 -13.46800 -4.56700 -4.10000 -17.45600 -16.13400 -13.84500
143.00000 -26.96700 -27.60800 -14.56700 -17.14100 -15.58400 -11.20000 -9.45000 -5.85900 3.32600 -6.43900 -12.98000 -4.56700 -4.10000 -16.96800 -15.15700 -13.35700
144.00000 -27.94400 -21.74900 -16.52000 -18.60600 -16.07300 -9.73500 -4.56700 -5.85900 2.35000 -6.92700 -12.49200 -3.59100 -4.58800 -16.96800 -14.66900 -12.86800
145.00000 -31.85000 -22.72500 -19.45000 -20.55900 -19.00200 -12.66500 -2.12600 -5.85900 0.39700 -9.85700 -12.98000 -2.61400 -5.07600 -18.43300 -15.15700 -13.35700
146.00000 -37.22100 -31.51400 -20.91500 -22.51200 -24.37300 -19.01200 -2.61400 -6.34800 -2.04500 -14.25200 -14.44500 -2.12600 -6.05300 -19.89700 -16.13400 -13.84500
147.00000 -40.63900 -41.76800 -21.40300 -23.48800 -29.74400 -27.31300 -5.05600 -6.34800 -3.99800 -16.69300 -14.93300 -1.14900 -5.56400 -20.87400 -16.13400 -14.33300
148.00000 -40.15100 -47.62800 -18.96200 -23.97700 -33.65100 -31.21900 -7.49700 -5.85900 -5.95100 -17.67000 -13.46800 0.31500 -4.58800 -20.38600 -15.15700 -13.84500
149.00000 -36.24500 -43.72200 -15.54400 -22.51200 -33.65100 -30.24300 -8.47400 -3.90600 -6.92700 -16.69300 -10.05000 2.26800 -3.12300 -18.43300 -13.20400 -11.89200
150.00000 -31.85000 -34.44400 -12.61400 -19.58200 -31.20900 -25.36000 -9.45000 -1.95300 -7.41600 -15.71700 -7.12100 3.73300 -2.14600 -16.47900 -11.25100 -9.93900
151.00000 -29.40900 -26.63200 -11.14900 -16.65200 -27.30300 -20.96600 -9.45000 0.48800 -7.90400 -16.20500 -5.16800 4.22200 -2.63500 -15.99100 -10.76300 -8.96200
152.00000 -29.40900 -25.16700 -11.14900 -13.72300 -24.37300 -20.47700 -9.93900 1.95300 -8.39200 -19.62300 -6.14400 3.24500 -5.07600 -16.96800 -12.22700 -9.93900
153.00000 -30.87400 -29.56100 -11.63700 -12.74600 -23.39700 -22.91900 -8.47400 2.44100 -8.88100 -22.55200 -9.07400 1.29200 -7.51700 -18.92100 -14.66900 -12.38000
154.00000 -32.82700 -35.42100 -12.61400 -13.72300 -23.88500 -24.87200 -5.54400 1.95300 -7.90400 -23.52900 -12.00400 -1.14900 -9.95900 -21.85100 -17.59800 -15.31000
155.00000 -33.80300 -37.37400 -13.59000 -15.18800 -23.39700 -23.89500 -2.12600 0.97700 -5.95100 -21.57600 -13.95700 -3.59100 -10.93500 -22.82700 -20.04000 -17.26300
156.00000 -34.29200 -34.93200 -14.56700 -16.65200 -21.93200 -19.98900 0.80400 0.48800 -2.53300 -16.69300 -13.46800 -4.07900 -9.95900 -21.36200 -20.52800 -17.75100
157.00000 -33.80300 -31.02600 -15.05500 -17.62900 -19.49100 -15.59400 0.80400 0.00000 1.37300 -11.32200 -11.51500 -3.10300 -6.05300 -17.45600 -19.06300 -15.79800
158.00000 -33.31500 -28.09700 -15.05500 -17.62900 -18.02600 -13.64100 -1.14900 -0.48800 4.30300 -6.92700 -9.07400 -1.14900 -1.65800 -13.06200 -16.13400 -12.38000
159.00000 -32.33800 -27.12000 -13.59000 -17.14100 -16.56100 -13.64100 -3.59100 -0.48800 5.76800 -4.97400 -7.60900 1.29200 1.76000 -9.64400 -13.20400 -8.96200
160.00000 -30.87400 -27.12000 -11.63700 -16.65200 -16.56100 -14.13000 -4.07900 -1.46500 6.25600 -4.48600 -7.60900 1.78000 3.71300 -7.69000 -11.25100 -7.00900
161.00000 -28.92000 -26.63200 -9.68400 -16.65200 -16.56100 -13.64100 -2.61400 -1.95300 5.28000 -4.48600 -9.07400 0.80400 3.22500 -7.69000 -10.76300 -7.00900
162.00000 -26.96700 -25.65500 -9.68400 -16.65200 -16.07300 -12.66500 -1.63800 -3.41800 3.32600 -5.46300 -10.05000 -1.14900 0.78300 -8.66700 -12.71600 -8.96200
163.00000 -26.47900 -25.65500 -11.14900 -17.14100 -17.04900 -13.15300 -3.59100 -3.90600 0.88500 -7.90400 -11.51500 -3.10300 -1.65800 -11.10800 -15.64500 -11.89200
164.00000 -29.40900 -28.09700 -15.05500 -17.62900 -18.51400 -15.59400 -7.98500 -4.88300 -2.04500 -10.83400 -12.98000 -4.56700 -4.58800 -13.55000 -18.57500 -15.31000
165.00000 -35.26800 -32.00300 -19.45000 -18.60600 -20.95500 -20.47700 -13.35700 -4.88300 -5.46300 -14.74000 -13.46800 -5.54400 -6.54100 -16.47900 -20.04000 -17.26300
166.00000 -42.10400 -36.39700 -21.89100 -21.04700 -23.39700 -25.36000 -15.79800 -5.37100 -7.90400 -17.67000 -13.95700 -5.54400 -8.98200 -19.89700 -21.01600 -18.23900
167.00000 -46.49900 -38.83900 -22.86800 -22.51200 -24.37300 -27.80200 -14.33300 -5.37100 -9.36900 -19.62300 -13.46800 -4.56700 -11.91200 -22.33900 -20.52800 -19.21600
168.00000 -45.52200 -37.86200 -21.40300 -23.48800 -24.37300 -27.31300 -10.42700 -4.39500 -8.88100 -19.62300 -12.49200 -4.07900 -14.35300 -24.29200 -20.52800 -20.19200
169.00000 -40.63900 -34.44400 -19.93800 -23.00000 -22.90900 -23.89500 -6.03200 -3.41800 -7.90400 -18.64600 -10.05000 -3.10300 -16.30700 -25.26900 -20.52800 -21.16900
170.00000 -35.26800 -30.53800 -17.98500 -21.04700 -20.95500 -19.98900 -3.59100 -1.95300 -5.46300 -16.69300 -8.58600 -2.12600 -15.81800 -24.29200 -21.01600 -21.65700
171.00000 -31.85000 -27.60800 -16.03200 -18.60600 -19.00200 -16.57100 -3.10300 0.48800 -2.04500 -13.76300 -7.12100 -0.66100 -11.91200 -20.87400 -20.52800 -20.19200
172.00000 -31.85000 -26.14300 -14.07900 -16.16400 -17.04900 -14.61800 -1.63800 3.41800 1.86200 -9.36900 -7.12100 0.31500 -6.54100 -16.47900 -19.06300 -17.26300
173.00000 -32.82700 -26.14300 -11.63700 -14.69900 -16.07300 -13.64100 1.29200 5.85900 5.28000 -5.46300 -8.09700 1.29200 -0.68200 -11.59700 -17.59800 -13.84500
174.00000 -33.31500 -26.63200 -9.68400 -14.21100 -16.56100 -13.64100 5.19800 6.34800 6.74400 -2.53300 -9.07400 1.29200 2.24800 -8.66700 -16.13400 -11.89200
175.00000 -32.82700 -27.12000 -9.68400 -14.69900 -18.02600 -14.61800 7.64000 5.85900 5.76800 -3.51000 -11.02700 0.31500 2.24800 -8.66700 -17.11000 -12.86800
176.00000 -32.33800 -29.07300 -11.63700 -16.16400 -20.46700 -16.08300 6.17500 3.90600 2.83800 -7.41600 -13.46800 -2.12600 -0.68200 -11.59700 -19.55200 -16.28600
177.00000 -33.80300 -32.00300 -15.05500 -17.62900 -22.90900 -19.01200 0.31500 1.46500 -1.06800 -12.78700 -16.88600 -5.05600 -4.58800 -15.99100 -23.45800 -20.68100
178.00000 -35.75600 -35.42100 -17.98500 -18.60600 -24.86200 -22.91900 -7.00900 0.48800 -3.51000 -17.18100 -19.81600 -7.00900 -6.54100 -19.89700 -26.87600 -24.09900
179.00000 -35.75600 -37.86200 -18.47300 -17.62900 -26.32600 -26.33700 -12.38000 0.48800 -5.46300 -19.13500 -20.30400 -7.49700 -7.51700 -21.85100 -28.34100 -24.58700
180.00000 -32.82700 -36.88600 -17.00800 -15.18800 -26.81500 -28.29000 -12.86800 1.95300 -4.97400 -17.67000 -18.35100 -5.54400 -7.02900 -21.36200 -26.87600 -23.12200
181.00000 -29.40900 -33.95600 -15.05500 -13.72300 -26.32600 -27.80200 -9.45000 4.39500 -3.99800 -15.71700 -13.46800 -2.61400 -7.02900 -19.89700 -22.97000 -20.68100
182.00000 -27.94400 -30.53800 -14.56700 -13.23400 -25.35000 -24.87200 -4.56700 6.34800 -3.02100 -13.76300 -9.07400 0.31500 -8.00600 -18.43300 -19.06300 -18.72800
183.00000 -29.40900 -29.07300 -15.54400 -14.69900 -22.42000 -20.47700 -1.14900 6.83600 -2.04500 -12.29900 -5.16800 2.26800 -8.00600 -17.45600 -17.11000 -17.26300
184.00000 -32.82700 -28.09700 -16.52000 -17.14100 -19.00200 -15.59400 -1.14900 5.37100 -1.06800 -10.83400 -4.67900 2.26800 -8.00600 -16.96800 -16.62200 -17.26300
185.00000 -34.78000 -27.12000 -17.49700 -18.60600 -16.07300 -10.22300 -2.61400 2.93000 -0.09200 -8.39200 -7.12100 0.31500 -7.02900 -16.47900 -17.59800 -17.75100
186.00000 -32.82700 -24.19000 -17.00800 -17.62900 -13.63100 -7.78200 -3.59100 -0.97700 0.88500 -5.95100 -11.51500 -3.10300 -6.54100 -15.99100 -20.52800 -18.23900
187.00000 -30.38500 -18.81900 -16.03200 -15.18800 -13.14300 -7.78200 -3.59100 -4.39500 0.39700 -4.48600 -16.39800 -7.00900 -7.02900 -15.99100 -23.45800 -19.70400
188.00000 -29.40900 -16.37800 -17.00800 -13.72300 -14.60800 -11.68800 -4.07900 -7.81200 -1.55600 -5.46300 -21.28100 -11.40300 -9.95900 -17.94400 -27.36400 -22.63400
189.00000 -32.33800 -20.28400 -19.45000 -13.72300 -18.02600 -18.03600 -7.49700 -10.74200 -4.48600 -9.85700 -25.18700 -15.31000 -12.88900 -20.87400 -30.78200 -26.54000
190.00000 -37.71000 -31.02600 -23.35600 -16.16400 -21.93200 -24.87200 -14.33300 -12.20700 -7.41600 -15.71700 -27.62900 -17.26300 -15.81800 -24.78000 -33.22300 -29.95800
191.00000 -41.61600 -43.72200 -27.26200 -20.07000 -25.35000 -28.77800 -23.12200 -12.69500 -8.88100 -20.59900 -27.14000 -17.26300 -17.77100 -27.71000 -34.20000 -31.91100
192.00000 -41.61600 -52.51100 -28.72700 -22.51200 -26.81500 -30.24300 -28.98200 -10.74200 -8.88100 -22.06400 -24.21100 -14.33300 -17.77100 -28.19800 -32.24700 -31.42300
193.00000 -38.19800 -52.51100 -27.75100 -22.51200 -26.32600 -28.77800 -27.51700 -6.83600 -7.90400 -20.11100 -19.32800 -8.96200 -16.30700 -26.73300 -28.34100 -28.00500
194.00000 -33.80300 -45.67500 -24.33300 -20.07000 -24.37300 -26.82500 -19.70400 -1.46500 -6.43900 -18.15800 -14.44500 -3.59100 -13.86500 -24.29200 -23.45800 -23.12200
195.00000 -32.33800 -36.88600 -21.40300 -17.14100 -22.90900 -25.36000 -8.47400 2.93000 -4.97400 -16.20500 -11.51500 0.31500 -11.42400 -20.87400 -19.55200 -19.21600
196.00000 -34.78000 -32.00300 -19.45000 -16.16400 -21.93200 -23.89500 -0.17300 4.88300 -3.99800 -15.71700 -11.51500 1.29200 -8.98200 -18.92100 -18.57500 -17.26300
197.00000 -39.17400 -32.49100 -19.93800 -17.62900 -21.93200 -22.91900 1.78000 3.90600 -2.53300 -15.71700 -14.44500 -1.14900 -7.02900 -17.94400 -21.01600 -18.23900
198.00000 -43.56900 -36.39700 -23.35600 -20.07000 -22.42000 -22.43000 -3.10300 -0.48800 -1.06800 -15.71700 -18.84000 -5.54400 -6.05300 -18.92100 -25.41100 -20.68100
199.00000 -46.49900 -40.30400 -26.77400 -22.51200 -22.42000 -22.91900 -11.40300 -4.88300 0.39700 -15.22800 -22.25700 -8.96200 -6.05300 -19.40900 -29.31700 -23.12200
200.00000 -47.96300 -43.23300 -28.72700 -23.48800 -22.42000 -24.87200 -18.23900 -7.81200 0.88500 -14.74000 -23.72200 -11.40300 -5.56400 -19.40900 -30.78200 -23.61000
201.00000 -47.96300 -44.69800 -28.23900 -23.00000 -23.88500 -27.80200 -21.65700 -8.78900 0.88500 -15.22800 -22.74600 -11.40300 -5.56400 -17.94400 -29.31700 -22.14600
202.00000 -46.01000 -43.72200 -26.77400 -22.51200 -25.35000 -29.26600 -21.65700 -8.30100 -0.09200 -15.71700 -19.81600 -9.93900 -4.58800 -15.99100 -26.38800 -19.21600
203.00000 -42.10400 -40.30400 -25.79800 -22.02400 -26.32600 -28.77800 -20.68100 -7.32400 -1.06800 -14.74000 -17.37500 -8.96200 -3.61100 -13.55000 -23.45800 -16.77400
204.00000 -36.73300 -33.95600 -25.30900 -22.02400 -25.83800 -25.36000 -18.72800 -6.83600 -0.58000 -12.78700 -16.39800 -8.47400 -3.12300 -12.08500 -21.99300 -15.31000
205.00000 -31.85000 -27.12000 -26.28600 -21.53500 -22.90900 -20.96600 -16.28600 -6.83600 0.39700 -8.88100 -16.39800 -8.96200 -3.12300 -11.59700 -22.48100 -15.31000
206.00000 -29.40900 -21.26100 -26.28600 -21.04700 -19.00200 -16.08300 -13.84500 -6.83600 1.37300 -4.97400 -17.86300 -9.45000 -4.58800 -11.59700 -22.97000 -16.28600
207.00000 -30.38500 -19.79600 -26.28600 -20.55900 -16.07300 -13.15300 -10.91500 -5.85900 1.86200 -3.02100 -18.35100 -8.96200 -5.56400 -12.08500 -23.45800 -17.26300
208.00000 -34.29200 -21.74900 -25.79800 -20.07000 -15.58400 -11.68800 -9.93900 -5.85900 0.88500 -3.51000 -18.84000 -8.47400 -7.02900 -13.06200 -23.94600 -18.72800
209.00000 -38.19800 -26.14300 -26.77400 -22.02400 -17.04900 -13.15300 -11.40300 -6.34800 -1.06800 -5.95100 -19.81600 -8.47400 -8.49400 -15.01500 -24.92300 -20.19200
210.00000 -41.12800 -30.53800 -29.21500 -25.44100 -19.97900 -15.59400 -14.33300 -8.30100 -3.02100 -9.36900 -21.28100 -9.93900 -9.95900 -18.43300 -26.38800 -22.14600
211.00000 -42.10400 -34.44400 -33.12200 -28.37100 -21.93200 -18.52400 -18.23900 -10.25400 -4.97400 -12.29900 -23.23400 -11.40300 -11.91200 -21.85100 -28.34100 -24.09900
212.00000 -41.61600 -37.37400 -36.05100 -29.83600 -21.93200 -19.98900 -21.65700 -11.71900 -5.95100 -14.74000 -24.21100 -11.89200 -12.88900 -24.78000 -29.80600 -25.07500
213.00000 -39.66300 -37.86200 -36.54000 -28.37100 -20.95500 -20.47700 -24.09900 -11.23000 -5.95100 -16.69300 -23.23400 -11.40300 -13.37700 -25.26900 -29.31700 -25.07500
214.00000 -36.24500 -34.44400 -33.12200 -23.97700 -19.97900 -19.50100 -25.07500 -9.27700 -5.46300 -18.15800 -21.28100 -9.93900 -12.40000 -24.29200 -27.85200 -24.09900
215.00000 -32.82700 -28.09700 -27.26200 -18.60600 -19.97900 -19.50100 -24.09900 -6.34800 -4.48600 -18.15800 -19.81600 -8.47400 -10.44700 -22.33900 -26.38800 -22.63400
216.00000 -29.89700 -20.28400 -20.42600 -13.72300 -21.44400 -21.45400 -21.65700 -3.90600 -3.51000 -17.18100 -19.32800 -7.98500 -8.98200 -20.87400 -26.38800 -22.14600
217.00000 -28.43200 -14.42500 -16.52000 -11.28100 -22.90900 -24.87200 -17.75100 -1.95300 -2.53300 -15.22800 -19.81600 -8.47400 -8.49400 -19.89700 -26.87600 -22.63400
218.00000 -29.40900 -14.91300 -15.05500 -11.28100 -23.88500 -28.77800 -14.33300 -0.97700 -2.04500 -13.27500 -19.81600 -8.96200 -8.49400 -19.89700 -27.85200 -23.12200
219.00000 -29.89700 -21.74900 -16.03200 -13.72300 -24.37300 -31.21900 -11.89200 -0.48800 -1.55600 -12.78700 -18.35100 -8.47400 -9.47100 -19.89700 -26.87600 -22.63400
220.00000 -29.89700 -32.00300 -17.98500 -17.62900 -24.86200 -30.73100 -9.93900 0.48800 -2.04500 -14.25200 -14.93300 -6.03200 -9.47100 -19.40900 -24.43400 -21.65700
221.00000 -29.40900 -39.32700 -18.96200 -20.55900 -25.35000 -28.29000 -7.49700 0.97700 -3.02100 -15.71700 -11.02700 -3.10300 -8.98200 -18.43300 -21.50500 -20.19200
222.00000 -29.40900 -40.30400 -19.45000 -21.53500 -25.83800 -25.36000 -4.07900 0.97700 -4.48600 -16.69300 -9.07400 -1.14900 -8.49400 -18.43300 -19.55200 -20.19200
223.00000 -31.85000 -35.90900 -20.42600 -20.55900 -24.86200 -23.40700 -0.66100 0.00000 -5.46300 -16.20500 -9.07400 -1.63800 -8.98200 -18.92100 -19.55200 -21.16900
224.00000 -34.78000 -29.07300 -21.40300 -18.11700 -23.88500 -22.43000 -0.17300 -1.95300 -5.95100 -14.74000 -10.53900 -3.59100 -9.95900 -19.89700 -20.52800 -21.65700
225.00000 -35.26800 -23.21400 -21.89100 -16.16400 -21.44400 -20.96600 -3.10300 -3.41800 -5.46300 -12.29900 -11.51500 -5.54400 -11.42400 -20.38600 -20.52800 -22.14600
226.00000 -32.33800 -21.26100 -21.40300 -14.69900 -19.49100 -19.01200 -8.47400 -4.39500 -4.97400 -10.83400 -11.02700 -6.52100 -11.91200 -18.92100 -19.06300 -20.19200
227.00000 -26.96700 -21.74900 -18.96200 -14.21100 -18.51400 -16.08300 -12.38000 -4.39500 -4.97400 -10.34500 -9.07400 -6.03200 -11.42400 -16.96800 -17.11000 -17.75100
228.00000 -22.57300 -22.23700 -15.54400 -14.69900 -18.51400 -13.64100 -11.89200 -3.41800 -5.46300 -10.83400 -7.60900 -5.05600 -10.44700 -15.01500 -15.64500 -15.79800
229.00000 -22.08500 -21.74900 -13.10200 -14.69900 -18.02600 -12.17700 -7.98500 -2.44100 -6.43900 -10.83400 -8.58600 -4.07900 -9.95900 -13.55000 -15.15700 -14.82100
230.00000 -25.01400 -20.28400 -12.61400 -14.21100 -17.53700 -12.17700 -4.56700 -1.95300 -6.43900 -8.88100 -10.53900 -4.07900 -9.47100 -13.06200 -15.64500 -14.82100
231.00000 -27.94400 -19.79600 -13.10200 -12.74600 -15.58400 -12.17700 -5.54400 -1.95300 -5.46300 -4.97400 -12.00400 -4.07900 -8.98200 -12.57300 -16.13400 -13.84500
232.00000 -27.45600 -19.79600 -13.59000 -11.77000 -13.14300 -11.20000 -10.42700 -2.93000 -3.99800 -0.09200 -12.00400 -4.07900 -8.00600 -10.13200 -15.15700 -11.89200
233.00000 -22.57300 -19.79600 -13.59000 -11.28100 -12.16600 -8.75900 -16.28600 -3.41800 -2.53300 2.83800 -11.02700 -3.59100 -7.02900 -7.20200 -13.69200 -9.45000
234.00000 -16.71300 -18.81900 -12.61400 -12.74600 -13.63100 -7.29400 -17.75100 -4.88300 -2.04500 2.35000 -10.05000 -4.07900 -6.05300 -5.73700 -13.69200 -8.96200
235.00000 -13.78400 -17.84300 -13.59000 -14.21100 -17.04900 -7.78200 -13.35700 -5.85900 -3.51000 -0.58000 -11.02700 -5.54400 -6.05300 -6.71400 -15.15700 -10.91500
236.00000 -16.71300 -17.35400 -16.03200 -15.67600 -19.97900 -9.73500 -5.54400 -6.83600 -4.48600 -4.97400 -13.46800 -7.98500 -8.00600 -10.62000 -18.57500 -15.31000
237.00000 -23.54900 -19.30700 -18.96200 -16.16400 -21.93200 -12.17700 -0.66100 -6.83600 -4.48600 -7.90400 -15.42200 -9.45000 -9.47100 -14.52600 -21.01600 -19.21600
238.00000 -29.89700 -22.72500 -19.93800 -15.67600 -21.44400 -13.15300 -0.66100 -5.37100 -3.02100 -8.39200 -14.44500 -8.96200 -9.95900 -16.47900 -21.50500 -20.68100
239.00000 -32.33800 -26.63200 -17.98500 -15.67600 -19.97900 -13.15300 -5.05600 -2.44100 -0.09200 -6.92700 -10.05000 -5.54400 -8.49400 -15.01500 -18.57500 -18.72800
240.00000 -30.87400 -29.56100 -14.07900 -17.62900 -19.97900 -13.15300 -8.96200 1.46500 2.35000 -4.48600 -4.67900 -0.17300 -5.07600 -11.59700 -13.69200 -14.33300
241.00000 -28.43200 -30.05000 -10.66100 -20.55900 -21.44400 -15.10600 -8.96200 4.39500 3.32600 -3.02100 -0.28500 5.19800 -1.65800 -8.17900 -9.78600 -10.91500
242.00000 -28.43200 -28.09700 -10.17300 -24.46500 -23.39700 -17.05900 -5.54400 6.34800 3.32600 -2.53300 1.66800 8.61600 0.78300 -6.71400 -7.83300 -8.47400
243.00000 -31.85000 -26.14300 -11.63700 -25.93000 -25.35000 -18.52400 -0.17300 6.34800 1.86200 -2.53300 1.18000 10.08100 1.27200 -6.71400 -8.32100 -8.47400
244.00000 -36.24500 -24.19000 -14.56700 -24.95300 -25.35000 -16.57100 2.75700 5.85900 -0.09200 -3.02100 0.20300 8.61600 0.78300 -8.17900 -9.78600 -9.45000
245.00000 -38.19800 -23.70200 -14.56700 -22.02400 -24.86200 -12.66500 4.22200 3.90600 -2.04500 -4.48600 -0.77300 7.15100 -0.68200 -9.64400 -11.73900 -10.91500
246.00000 -35.75600 -24.19000 -12.12600 -18.11700 -24.86200 -8.75900 5.68600 3.90600 -3.99800 -6.43900 -1.75000 4.22200 -2.14600 -10.13200 -13.20400 -11.89200
247.00000 -29.40900 -25.16700 -7.73100 -15.18800 -25.83800 -7.78200 8.12800 3.90600 -6.43900 -7.90400 -2.72600 2.26800 -3.61100 -10.62000 -13.69200 -11.89200
248.00000 -22.08500 -26.14300 -4.80100 -13.23400 -27.30300 -11.20000 12.03400 4.39500 -7.90400 -8.88100 -2.72600 1.29200 -4.58800 -11.10800 -13.20400 -11.40300
249.00000 -17.69000 -26.63200 -3.82500 -12.25800 -27.79100 -15.59400 13.01100 4.88300 -8.39200 -7.90400 -2.23800 0.80400 -5.07600 -11.59700 -11.73900 -10.42700
250.00000 -16.71300 -26.63200 -4.80100 -11.28100 -25.83800 -18.52400 8.61600 4.39500 -7.41600 -6.43900 -0.77300 1.78000 -5.56400 -11.59700 -9.29800 -9.45000
251.00000 -19.64300 -27.12000 -5.77800 -11.77000 -22.90900 -18.52400 -0.66100 3.41800 -5.95100 -5.46300 1.18000 3.24500 -5.56400 -11.10800 -6.85600 -7.98500
252.00000 -23.54900 -27.60800 -6.75500 -13.23400 -19.97900 -15.59400 -10.42700 1.46500 -4.97400 -5.46300 1.66800 3.73300 -6.05300 -10.62000 -5.39100 -7.98500
253.00000 -26.47900 -28.09700 -7.24300 -16.16400 -18.51400 -12.17700 -14.33300 -0.97700 -4.97400 -7.41600 1.18000 3.24500 -6.05300 -10.62000 -6.36800 -7.98500
254.00000 -27.94400 -26.63200 -8.70800 -19.09400 -19.00200 -9.73500 -11.89200 -2.93000 -5.46300 -8.88100 -1.75000 2.26800 -6.05300 -10.62000 -7.83300 -8.47400
255.00000 -27.94400 -22.23700 -10.66100 -21.53500 -19.97900 -9.73500 -5.05600 -4.88300 -6.92700 -9.36900 -4.67900 0.31500 -6.05300 -11.10800 -9.29800 -8.96200
256.00000 -27.94400 -15.40100 -12.61400 -21.04700 -19.97900 -9.73500 -0.17300 -5.37100 -7.41600 -8.39200 -7.12100 -1.14900 -5.56400 -11.59700 -10.76300 -8.96200
