1.00000 16.23500 10.71200 11.88200 9.13500 5.53400 6.20500 4.35400 2.97000 -5.07600 -0.32600 8.17900 1.87200 -2.05500 0.97700 7.49700 6.26600
2.00000 6.47000 8.75900 10.90500 11.57600 6.02200 5.71700 2.88900 3.94700 -6.05300 -0.81400 7.69000 1.38300 -3.03100 1.95300 7.98500 6.75500
3.00000 0.12200 3.38700 7.48700 10.60000 5.04600 4.25200 1.91200 3.45900 -6.05300 -1.79000 3.29600 -1.05800 -5.47300 0.97700 5.05600 3.82500
4.00000 1.58700 -1.98400 4.06900 7.67000 3.58100 1.32200 1.91200 2.48200 -5.07600 -3.74300 -1.58700 -3.98800 -6.93800 -1.46500 0.66100 -0.57000
5.00000 9.39900 -3.93700 3.09200 3.76400 0.65100 -2.09600 1.42400 1.99400 -3.61100 -5.69700 -5.00500 -5.45200 -7.42600 -4.39500 -3.24500 -3.98800
6.00000 16.23500 -2.96000 5.04600 1.32200 -1.30200 -5.51400 0.44800 1.50600 -2.63500 -7.16100 -5.00500 -4.96400 -6.44900 -5.85900 -3.73300 -5.45200
7.00000 15.74700 -1.98400 6.99900 1.32200 -2.76700 -7.46700 -1.50600 1.01700 -2.14600 -7.65000 -3.54000 -3.98800 -4.49600 -5.37100 -3.24500 -4.96400
8.00000 7.93500 -1.98400 6.02200 2.29900 -2.27900 -6.49000 -4.43500 0.52900 -1.17000 -5.69700 -2.56300 -3.49900 -2.54300 -2.93000 -2.26800 -3.01100
9.00000 0.61000 -1.98400 3.09200 2.29900 -0.32600 -2.58400 -6.38800 -1.42400 0.29500 -1.79000 -3.05200 -3.98800 -0.59000 0.48800 -1.78000 -0.57000
10.00000 0.61000 2.41100 0.65100 2.29900 2.60400 3.76400 -7.36500 -2.40100 1.76000 3.58100 -4.02800 -3.98800 1.36300 3.90600 -0.80400 1.87200
11.00000 8.91100 11.20000 3.09200 4.25200 6.51000 10.60000 -6.87700 -1.91200 3.22500 9.44000 -2.56300 -2.03500 3.31600 7.81200 1.63800 5.77800
12.00000 19.16500 21.45400 9.44000 8.64700 9.44000 15.48300 -2.97000 1.01700 4.20100 12.85800 1.83100 1.38300 5.75800 11.71900 6.52100 10.17300
13.00000 24.04800 25.36000 16.27600 14.01800 11.39300 16.94700 2.88900 4.43500 4.20100 13.83500 7.69000 5.29000 7.71100 14.16000 11.89200 13.59000
14.00000 20.14200 21.45400 19.20600 17.92400 12.37000 16.45900 9.23700 7.36500 3.22500 12.37000 11.10800 6.75500 7.71100 15.13700 14.33300 14.56700
15.00000 11.35300 10.71200 15.78800 17.43600 10.41700 14.01800 12.16600 7.85300 1.27200 9.92800 9.64400 5.29000 5.26900 12.20700 12.38000 11.63700
16.00000 4.02800 0.45800 8.46400 12.55300 6.99900 10.11100 9.72500 6.38800 -0.68200 5.53400 4.27200 1.38300 1.36300 6.83600 7.00900 5.77800
17.00000 1.58700 -4.42500 1.62800 6.20500 2.11600 6.20500 2.88900 2.97000 -2.14600 2.60400 -1.58700 -2.52300 -3.03100 0.48800 0.17300 -1.05800
18.00000 2.56300 -4.91300 -1.79000 0.83400 -2.27900 2.29900 -4.92400 -0.44800 -3.12300 0.16300 -5.49300 -4.96400 -5.96100 -4.39500 -4.22200 -5.45200
19.00000 2.56300 -3.44800 -2.76700 -2.09600 -5.20800 -0.63100 -9.31800 -2.88900 -3.12300 -2.27900 -6.47000 -4.96400 -7.42600 -6.83600 -5.19800 -6.91700
20.00000 -0.36600 -5.89000 -4.23200 -4.04900 -5.69700 -1.60700 -9.80600 -4.35400 -2.63500 -3.74300 -5.98100 -3.98800 -6.93800 -6.34800 -4.71000 -5.94100
21.00000 -4.76100 -10.77300 -7.16100 -6.00200 -3.74300 -2.09600 -8.34100 -5.33000 -2.14600 -4.23200 -5.98100 -3.98800 -5.47300 -4.88300 -3.73300 -3.49900
22.00000 -6.71400 -13.21400 -9.60300 -7.46700 -0.81400 -1.60700 -8.34100 -6.79500 -2.14600 -2.76700 -6.95800 -4.96400 -3.03100 -2.93000 -3.73300 -2.03500
23.00000 -3.29600 -10.28400 -9.11500 -7.95500 1.62800 -0.14200 -10.78300 -7.28400 -2.14600 -0.32600 -7.93500 -5.94100 -0.10200 0.48800 -3.24500 -0.57000
24.00000 3.05200 -0.51900 -3.25500 -3.56000 3.58100 2.29900 -13.71300 -6.30700 -2.14600 3.58100 -5.98100 -5.45200 3.31600 4.39500 -1.29200 2.36000
25.00000 9.88800 11.20000 5.04600 4.25200 4.55700 5.71700 -12.73600 -3.37700 -2.14600 6.99900 -1.09900 -3.49900 6.24600 8.78900 2.12600 5.77800
26.00000 14.28200 19.01200 11.39300 12.55300 5.53400 8.64700 -6.38800 0.52900 -2.14600 7.97500 3.29600 -0.57000 7.71100 11.71900 5.05600 8.21900
27.00000 14.77100 18.52400 12.37000 16.94700 5.04600 9.62300 2.40100 3.94700 -3.61100 5.53400 4.76100 0.40700 6.24600 11.71900 5.54400 7.24300
28.00000 12.32900 10.22300 9.44000 14.99400 4.06900 6.69400 7.77200 5.41200 -5.07600 1.13900 1.83100 -0.57000 2.82800 7.81200 1.63800 2.84800
29.00000 7.44600 -1.00700 3.58100 9.13500 2.11600 0.83400 5.81900 4.43500 -6.54100 -4.23200 -4.02800 -4.47600 -2.54300 0.97700 -5.19800 -3.98800
30.00000 1.09900 -9.79600 -1.30200 3.27600 -0.32600 -6.00200 -1.50600 1.99400 -7.51700 -8.62600 -9.39900 -7.89400 -7.91400 -5.85900 -12.03400 -11.31200
31.00000 -5.73700 -13.21400 -4.23200 0.83400 -2.27900 -9.42000 -9.31800 -0.44800 -7.02900 -11.06800 -10.86400 -10.33500 -11.82000 -10.25400 -15.94000 -16.19500
32.00000 -11.10800 -11.74900 -6.18500 0.83400 -2.27900 -8.93100 -12.73600 -0.93600 -5.07600 -10.09100 -9.39900 -10.82400 -13.28500 -11.23000 -14.96400 -17.17100
33.00000 -11.59700 -9.30800 -7.16100 1.81100 -0.32600 -4.04900 -9.31800 -0.44800 -1.65800 -7.65000 -5.49300 -8.38200 -12.30900 -8.78900 -10.56900 -14.73000
34.00000 -7.20200 -5.89000 -5.20800 1.32200 3.58100 1.81100 -1.99400 1.50600 1.27200 -3.25500 -1.09900 -4.96400 -9.37900 -4.88300 -4.71000 -10.33500
35.00000 0.61000 -1.98400 -0.81400 -0.14200 7.48700 6.69400 4.35400 3.45900 3.71300 1.13900 3.29600 -0.57000 -4.98500 -0.48800 1.14900 -5.45200
36.00000 7.93500 3.38700 5.04600 -0.14200 10.90500 9.62300 6.30700 4.92400 5.66600 4.55700 5.73700 2.84800 -1.56700 2.44100 5.05600 -1.54600
37.00000 11.84100 8.27000 9.44000 2.78700 12.85800 11.08800 3.37700 4.92400 5.17800 6.02200 6.71400 3.82500 -0.10200 3.41800 6.52100 -0.57000
38.00000 10.86400 11.20000 9.44000 7.18200 11.88200 10.60000 -1.50600 3.45900 4.20100 4.55700 5.24900 2.36000 -0.59000 1.46500 5.05600 -1.54600
39.00000 7.44600 9.24700 4.55700 9.13500 7.97500 7.67000 -6.38800 0.52900 1.27200 0.65100 0.36600 -2.03500 -3.03100 -1.95300 1.14900 -4.96400
40.00000 1.58700 1.92300 -3.74300 5.71700 2.11600 1.81100 -8.83000 -2.88900 -1.65800 -4.23200 -5.98100 -7.40600 -5.96100 -5.85900 -3.24500 -8.87000
41.00000 -5.24900 -7.84300 -11.06800 -2.58400 -3.74300 -6.00200 -9.80600 -5.33000 -3.61100 -8.13800 -10.86400 -9.84700 -7.42600 -8.78900 -6.17500 -10.33500
42.00000 -11.10800 -15.65600 -14.97400 -11.37300 -8.13800 -12.34900 -10.29500 -6.30700 -4.58800 -9.60300 -11.84100 -8.87000 -6.93800 -9.76600 -6.17500 -9.84700
43.00000 -15.50300 -19.07300 -14.48600 -15.76700 -9.11500 -15.27900 -10.78300 -5.33000 -4.10000 -9.11500 -8.91100 -4.96400 -5.47300 -8.78900 -2.75700 -6.42900
44.00000 -15.50300 -18.09700 -11.06800 -13.81400 -7.65000 -12.34900 -11.75900 -3.86600 -2.63500 -7.65000 -4.02800 -1.05800 -4.00800 -7.32400 0.66100 -3.49900
45.00000 -10.62000 -15.16700 -5.20800 -7.46700 -3.25500 -6.97800 -10.78300 -2.40100 -2.14600 -6.67300 -1.09900 -0.08100 -3.03100 -6.34800 2.61400 -1.54600
46.00000 -2.80800 -11.74900 -0.32600 -1.11900 0.65100 -1.60700 -7.85300 -2.88900 -1.65800 -5.69700 -1.58700 -1.54600 -2.54300 -5.85900 1.63800 -2.03500
47.00000 3.54000 -9.30800 2.60400 1.32200 2.60400 0.34600 -4.92400 -3.86600 -1.65800 -5.69700 -5.49300 -4.47600 -1.56700 -6.34800 -1.29200 -3.49900
48.00000 4.51700 -7.35500 1.62800 -0.63100 2.60400 -2.09600 -3.45900 -6.30700 -2.14600 -5.69700 -9.39900 -7.89400 -1.07800 -6.83600 -4.22200 -5.45200
49.00000 1.09900 -5.40200 -2.76700 -4.04900 0.65100 -6.49000 -5.90000 -8.26000 -3.61100 -6.67300 -12.32900 -10.33500 -0.59000 -7.32400 -6.17500 -6.42900
50.00000 -5.24900 -3.93700 -8.62600 -6.00200 -1.79000 -10.39600 -12.24800 -10.70100 -5.56400 -8.62600 -13.79400 -12.28800 -1.56700 -7.81200 -8.12800 -7.40600
51.00000 -9.64400 -4.91300 -13.50900 -5.02500 -4.72000 -12.34900 -18.59500 -11.67800 -8.00600 -11.55600 -15.74700 -14.73000 -3.52000 -8.78900 -10.08100 -8.38200
52.00000 -10.62000 -9.30800 -15.95100 -3.56000 -7.16100 -13.32600 -22.50200 -11.67800 -9.47100 -13.99700 -17.70000 -16.19500 -5.96100 -9.76600 -12.03400 -9.84700
53.00000 -9.64400 -16.63200 -15.46200 -3.07200 -8.62600 -13.32600 -21.52500 -9.72500 -8.49400 -14.48600 -18.18800 -15.70600 -6.44900 -9.76600 -12.52200 -10.33500
54.00000 -8.17900 -22.98000 -13.02100 -5.02500 -9.60300 -12.34900 -18.10700 -5.81900 -6.05300 -11.55600 -16.23500 -12.28800 -4.49600 -7.81200 -10.56900 -8.87000
55.00000 -6.22600 -24.44500 -10.57900 -6.97800 -9.11500 -10.39600 -14.20100 -1.42400 -2.14600 -6.67300 -11.35300 -6.91700 -1.56700 -4.88300 -5.68600 -5.45200
56.00000 -3.78400 -19.07300 -7.65000 -6.97800 -6.67300 -6.00200 -11.75900 2.48200 0.78300 -1.79000 -5.49300 -1.54600 -0.10200 -2.93000 -0.80400 -2.52300
57.00000 0.12200 -9.79600 -4.72000 -2.58400 -3.74300 -1.11900 -10.29500 4.92400 1.76000 1.13900 -1.09900 1.87200 -0.59000 -1.95300 3.10300 -1.05800
58.00000 3.05200 -1.00700 -1.79000 2.78700 -0.81400 1.81100 -8.83000 5.90000 0.29500 0.65100 0.36600 2.36000 -3.03100 -2.44100 4.07900 -1.05800
59.00000 3.05200 1.43400 0.16300 6.69400 0.16300 2.29900 -4.43500 6.38800 -3.12300 -1.79000 0.36600 1.87200 -5.47300 -3.90600 3.59100 -1.54600
60.00000 -0.36600 -1.00700 0.65100 6.20500 -0.81400 0.34600 2.40100 6.87700 -6.05300 -4.72000 0.36600 2.36000 -5.96100 -4.88300 3.59100 -1.54600
61.00000 -5.73700 -6.37800 0.16300 2.29900 -2.76700 -2.58400 8.26000 7.36500 -7.02900 -6.18500 1.83100 3.82500 -4.98500 -3.90600 5.05600 -0.57000
62.00000 -8.66700 -9.79600 -0.32600 -2.58400 -5.20800 -5.02500 9.72500 7.85300 -7.02900 -6.67300 3.78400 5.77800 -3.03100 -2.93000 7.00900 1.38300
63.00000 -7.20200 -8.82000 0.16300 -5.02500 -6.67300 -5.51400 5.81900 8.34100 -5.07600 -6.67300 4.76100 6.75500 -2.05500 -2.44100 7.00900 1.87200
64.00000 -3.29600 -5.89000 1.13900 -4.04900 -6.18500 -6.00200 -1.01700 6.87700 -2.63500 -6.67300 2.80800 5.29000 -2.05500 -2.44100 6.03200 1.38300
65.00000 -0.36600 -4.42500 1.62800 -1.11900 -4.72000 -6.97800 -7.36500 5.41200 -0.19300 -6.18500 -0.12200 2.84800 -2.05500 -3.41800 3.59100 -0.57000
66.00000 0.12200 -7.35500 0.16300 0.83400 -2.27900 -7.95500 -9.31800 3.94700 2.24800 -5.20800 -2.56300 0.89500 -0.59000 -3.90600 2.12600 -1.05800
67.00000 -2.31900 -13.21400 -2.27900 -0.14200 -1.30200 -8.93100 -6.87700 2.97000 4.20100 -3.25500 -2.56300 1.38300 1.85100 -2.93000 3.10300 -0.57000
68.00000 -4.27200 -18.09700 -5.20800 -3.07200 -2.27900 -8.44300 -3.45900 3.45900 5.17800 -1.30200 -0.61000 3.33700 4.78100 -0.97700 5.54400 1.87200
69.00000 -4.76100 -19.56200 -7.16100 -6.00200 -5.69700 -7.95500 -1.50600 3.45900 5.17800 -1.30200 1.83100 4.31300 6.24600 0.48800 7.00900 3.82500
70.00000 -3.29600 -16.14400 -7.65000 -7.95500 -9.60300 -7.46700 -3.45900 2.97000 3.71300 -2.76700 1.83100 4.31300 5.75800 0.48800 6.52100 3.82500
71.00000 -2.31900 -11.74900 -7.16100 -8.44300 -12.04400 -7.46700 -6.87700 1.50600 1.76000 -5.20800 -0.12200 2.36000 2.82800 -1.95300 4.07900 1.38300
72.00000 -3.78400 -8.82000 -6.67300 -7.95500 -11.06800 -7.95500 -9.31800 0.04100 -0.19300 -8.13800 -4.02800 -0.57000 -0.10200 -5.85900 0.66100 -2.03500
73.00000 -7.20200 -10.28400 -6.18500 -7.46700 -8.13800 -7.95500 -8.83000 -1.42400 -1.65800 -11.06800 -6.95800 -3.01100 -3.52000 -9.27700 -2.26800 -5.45200
74.00000 -9.64400 -13.70200 -5.69700 -7.46700 -3.74300 -6.97800 -5.41200 -1.91200 -2.14600 -12.53300 -7.93500 -3.98800 -4.98500 -11.23000 -3.73300 -7.89400
75.00000 -10.62000 -16.63200 -6.18500 -6.97800 -1.79000 -6.49000 -3.45900 -1.42400 -2.63500 -13.02100 -7.44600 -3.49900 -5.96100 -11.71900 -3.73300 -8.38200
76.00000 -9.15500 -15.65600 -6.67300 -6.00200 -1.79000 -7.46700 -4.43500 -0.93600 -2.63500 -13.99700 -6.47000 -2.52300 -5.96100 -11.71900 -4.22200 -8.38200
77.00000 -8.17900 -12.72600 -6.67300 -4.04900 -3.25500 -8.44300 -7.36500 0.04100 -1.65800 -13.02100 -5.49300 -2.03500 -5.47300 -10.74200 -4.71000 -8.38200
78.00000 -7.69000 -10.28400 -5.20800 -1.60700 -4.23200 -9.90800 -11.75900 0.52900 -0.68200 -11.55600 -5.49300 -2.03500 -4.98500 -9.76600 -4.22200 -7.89400
79.00000 -7.69000 -11.26100 -3.74300 -0.14200 -3.74300 -9.90800 -14.20100 1.01700 0.78300 -9.11500 -5.98100 -2.03500 -4.49600 -8.78900 -3.73300 -6.91700
80.00000 -6.71400 -14.67900 -2.27900 0.34600 -2.76700 -7.95500 -15.17700 0.52900 1.27200 -6.18500 -7.44600 -3.49900 -4.49600 -7.32400 -3.73300 -5.94100
81.00000 -4.27200 -17.60900 -1.79000 -1.11900 -0.81400 -4.53700 -15.66600 -0.44800 0.78300 -4.23200 -8.91100 -5.94100 -5.47300 -6.83600 -4.22200 -5.45200
82.00000 -1.34300 -16.63200 -3.25500 -3.07200 0.65100 -1.60700 -15.17700 -1.91200 0.29500 -4.23200 -11.35300 -7.89400 -6.44900 -7.32400 -6.17500 -7.40600
83.00000 0.61000 -11.74900 -4.72000 -3.56000 1.13900 0.34600 -14.20100 -2.88900 -0.19300 -4.72000 -13.30600 -10.33500 -8.40300 -9.27700 -9.10400 -9.84700
84.00000 -0.36600 -6.37800 -4.23200 -3.07200 1.62800 0.34600 -12.24800 -2.88900 0.78300 -5.69700 -14.28200 -11.31200 -8.89100 -10.74200 -11.54600 -12.77700
85.00000 -3.29600 -2.96000 -2.27900 -1.60700 2.11600 -0.63100 -10.29500 -2.40100 2.73600 -6.18500 -13.79400 -10.82400 -8.89100 -11.71900 -13.01100 -14.24200
86.00000 -6.22600 -3.93700 0.16300 -0.63100 3.09200 -1.11900 -8.83000 -0.93600 4.69000 -6.18500 -11.84100 -9.35900 -7.42600 -10.74200 -12.03400 -13.75300
87.00000 -7.20200 -7.84300 1.13900 -0.63100 4.06900 -1.60700 -8.34100 0.04100 6.15400 -5.69700 -8.91100 -7.89400 -5.96100 -8.78900 -10.08100 -12.28800
88.00000 -5.24900 -11.74900 1.13900 0.34600 4.55700 -0.63100 -7.36500 1.01700 6.15400 -4.72000 -6.47000 -5.94100 -4.49600 -6.83600 -7.64000 -9.84700
89.00000 -1.83100 -11.74900 0.65100 1.81100 4.55700 0.83400 -4.43500 1.01700 5.66600 -4.23200 -5.00500 -4.96400 -3.03100 -5.85900 -6.17500 -7.89400
90.00000 3.05200 -9.30800 2.60400 5.22900 4.06900 2.78700 0.44800 1.99400 4.20100 -3.74300 -4.51700 -4.47600 -2.54300 -5.85900 -4.71000 -7.40600
91.00000 6.47000 -4.91300 6.02200 8.64700 4.06900 3.76400 5.33000 3.45900 3.22500 -4.23200 -4.51700 -3.49900 -2.05500 -6.83600 -3.73300 -6.91700
92.00000 8.42300 -2.96000 8.46400 10.11100 3.09200 3.27600 6.30700 4.43500 1.76000 -6.18500 -4.51700 -2.52300 -2.54300 -7.81200 -3.73300 -6.42900
93.00000 7.44600 -3.93700 8.46400 8.64700 1.62800 0.34600 2.40100 4.43500 1.27200 -7.65000 -5.00500 -2.03500 -2.54300 -8.78900 -3.73300 -6.42900
94.00000 5.00500 -6.37800 4.06900 4.74000 0.16300 -3.56000 -3.94700 3.94700 0.29500 -9.60300 -6.47000 -2.52300 -2.54300 -8.78900 -4.22200 -5.94100
95.00000 1.58700 -7.84300 -0.81400 1.32200 -0.81400 -6.97800 -10.29500 2.48200 0.29500 -10.09100 -8.42300 -4.47600 -3.03100 -9.76600 -6.17500 -6.42900
96.00000 -0.85400 -7.35500 -3.25500 0.34600 -0.32600 -7.95500 -13.22400 0.52900 0.29500 -9.60300 -10.86400 -5.94100 -3.52000 -10.25400 -7.64000 -7.40600
97.00000 -1.34300 -4.91300 -1.30200 2.29900 1.62800 -6.00200 -12.73600 -0.44800 0.78300 -9.11500 -11.35300 -7.40600 -4.49600 -10.74200 -8.12800 -7.89400
98.00000 0.12200 -2.96000 2.60400 4.74000 4.55700 -2.09600 -10.78300 -0.93600 1.27200 -9.11500 -10.37600 -7.89400 -5.47300 -10.74200 -7.64000 -8.38200
99.00000 1.58700 -2.47200 6.02200 6.69400 6.02200 1.32200 -9.31800 -0.44800 1.27200 -8.62600 -7.93500 -7.40600 -6.44900 -10.25400 -6.17500 -8.38200
100.00000 2.07500 -2.96000 6.02200 6.20500 6.02200 3.27600 -7.85300 0.04100 0.78300 -7.16100 -5.98100 -6.91700 -6.93800 -9.76600 -5.68600 -8.38200
101.00000 0.61000 -3.44800 4.06900 4.74000 5.04600 2.78700 -6.87700 0.52900 0.78300 -5.69700 -5.98100 -6.91700 -6.93800 -8.78900 -5.68600 -8.38200
102.00000 -1.34300 -3.44800 1.62800 3.27600 3.58100 1.32200 -4.92400 0.04100 1.27200 -4.23200 -7.93500 -7.89400 -6.93800 -8.30100 -6.66300 -8.87000
103.00000 -2.31900 -4.42500 0.16300 2.78700 2.60400 -0.63100 -3.94700 -0.44800 1.27200 -3.74300 -10.86400 -9.35900 -7.42600 -8.78900 -7.15100 -9.35900
104.00000 -1.34300 -8.33100 -0.81400 3.76400 1.62800 -3.07200 -4.92400 -1.42400 1.27200 -5.20800 -12.81700 -10.82400 -8.40300 -9.27700 -7.64000 -9.84700
105.00000 0.12200 -14.67900 -2.27900 3.76400 0.16300 -6.00200 -7.85300 -1.91200 0.29500 -7.16100 -13.30600 -11.31200 -10.35600 -10.74200 -8.12800 -10.82400
106.00000 0.61000 -18.58500 -4.23200 3.27600 -1.30200 -8.93100 -10.78300 -1.42400 -0.68200 -9.11500 -12.32900 -10.82400 -11.82000 -11.71900 -8.61600 -11.31200
107.00000 -1.34300 -18.09700 -4.72000 1.81100 -2.27900 -10.39600 -12.24800 -0.44800 -1.17000 -8.62600 -11.35300 -10.33500 -12.79700 -12.69500 -9.59300 -12.28800
108.00000 -4.76100 -12.72600 -3.25500 0.34600 -1.79000 -9.42000 -12.24800 1.01700 -0.68200 -7.65000 -10.86400 -10.33500 -12.79700 -12.69500 -11.05800 -13.26500
109.00000 -7.69000 -7.35500 -0.81400 -0.14200 0.65100 -6.49000 -11.75900 1.99400 0.29500 -6.18500 -11.35300 -10.33500 -11.82000 -12.20700 -11.54600 -14.24200
110.00000 -8.66700 -6.86600 1.13900 1.32200 3.09200 -2.58400 -10.78300 1.99400 1.27200 -6.18500 -12.32900 -10.33500 -10.84400 -12.20700 -11.54600 -14.73000
111.00000 -7.69000 -10.77300 0.16300 3.27600 4.06900 -0.63100 -11.27100 1.99400 1.76000 -8.13800 -13.30600 -9.84700 -10.35600 -12.69500 -12.03400 -16.19500
112.00000 -7.20200 -16.14400 -2.76700 4.74000 3.09200 -1.60700 -11.27100 1.50600 0.78300 -11.55600 -14.28200 -10.82400 -11.33200 -14.64800 -13.49900 -17.66000
113.00000 -7.69000 -17.12000 -5.69700 4.74000 0.65100 -6.00200 -10.78300 1.01700 -0.68200 -14.48600 -15.74700 -11.80000 -13.28500 -18.55500 -16.42900 -20.10100
114.00000 -9.15500 -13.70200 -6.18500 2.78700 -1.79000 -11.37300 -9.31800 1.01700 -2.14600 -16.92700 -17.70000 -12.77700 -14.26200 -21.97300 -18.87000 -22.05400
115.00000 -10.13200 -9.30800 -3.74300 1.32200 -2.76700 -15.76700 -7.85300 0.52900 -3.61100 -18.39200 -19.16500 -13.26500 -15.23800 -24.41400 -20.33500 -23.03100
116.00000 -8.66700 -9.30800 -0.32600 1.81100 -3.25500 -16.25600 -6.38800 1.50600 -4.10000 -18.88000 -19.16500 -12.77700 -15.23800 -24.90200 -19.35800 -22.54200
117.00000 -5.24900 -13.70200 2.11600 4.74000 -3.25500 -14.30300 -5.90000 1.99400 -4.58800 -18.88000 -17.70000 -11.31200 -14.26200 -23.43800 -16.42900 -21.07700
118.00000 -2.31900 -19.56200 1.13900 7.67000 -3.25500 -11.37300 -6.87700 1.99400 -4.10000 -18.39200 -16.23500 -9.84700 -13.28500 -21.48400 -14.47600 -19.61300
119.00000 -1.34300 -20.53800 -2.27900 9.13500 -3.25500 -8.93100 -10.29500 1.50600 -3.61100 -16.43900 -15.74700 -9.84700 -12.30900 -20.02000 -13.49900 -18.14800
120.00000 -4.27200 -16.14400 -6.18500 7.18200 -3.25500 -7.46700 -14.68900 0.04100 -3.12300 -13.99700 -16.23500 -10.33500 -11.33200 -18.55500 -14.47600 -17.17100
121.00000 -9.15500 -9.79600 -9.11500 3.27600 -1.79000 -7.46700 -18.10700 -1.42400 -1.65800 -11.55600 -16.72400 -10.82400 -9.86700 -17.09000 -14.96400 -16.19500
122.00000 -13.06200 -6.86600 -8.62600 -1.11900 -0.32600 -7.46700 -19.08400 -2.40100 -1.17000 -9.60300 -16.72400 -10.33500 -8.89100 -15.62500 -14.96400 -15.21800
123.00000 -15.01500 -9.79600 -5.20800 -2.09600 0.65100 -6.49000 -16.64200 -1.91200 -1.17000 -9.60300 -15.25900 -9.35900 -8.40300 -14.16000 -13.49900 -14.24200
124.00000 -14.52600 -14.19100 -1.79000 -0.14200 0.16300 -6.00200 -12.24800 -0.93600 -1.65800 -11.06800 -13.79400 -8.38200 -8.40300 -13.18400 -12.03400 -14.24200
125.00000 -12.57300 -17.12000 -0.32600 2.78700 -1.79000 -6.49000 -9.31800 -0.44800 -3.12300 -13.99700 -13.30600 -8.87000 -10.35600 -14.64800 -11.54600 -15.70600
126.00000 -11.10800 -17.60900 -2.27900 3.76400 -4.72000 -9.42000 -10.78300 -1.42400 -5.07600 -15.46200 -14.28200 -10.33500 -12.79700 -17.09000 -13.01100 -17.66000
127.00000 -8.66700 -16.63200 -7.65000 1.32200 -6.67300 -12.83800 -14.68900 -3.37700 -6.05300 -16.43900 -16.23500 -12.28800 -14.26200 -19.53100 -13.98700 -19.12400
128.00000 -5.24900 -16.63200 -12.04400 -3.56000 -7.65000 -15.27900 -17.61900 -4.84200 -5.56400 -14.97400 -17.21200 -13.75300 -13.77400 -20.02000 -13.98700 -18.14800
129.00000 -0.85400 -17.12000 -12.04400 -6.49000 -6.18500 -13.32600 -16.15400 -4.84200 -3.61100 -12.53300 -16.72400 -12.77700 -11.82000 -18.55500 -11.54600 -15.21800
130.00000 2.56300 -15.65600 -7.65000 -5.02500 -2.76700 -8.44300 -10.78300 -3.37700 -2.14600 -9.60300 -13.79400 -10.33500 -8.89100 -14.64800 -8.12800 -10.33500
131.00000 1.58700 -10.77300 -1.30200 -0.14200 0.65100 -3.07200 -5.90000 -0.93600 -0.68200 -7.65000 -10.86400 -7.89400 -7.42600 -11.71900 -4.22200 -6.91700
132.00000 -3.78400 -3.93700 2.60400 5.22900 3.09200 -0.63100 -5.41200 0.52900 -0.68200 -8.13800 -8.42300 -6.42900 -7.91400 -11.23000 -3.24500 -6.42900
133.00000 -11.10800 -0.03100 2.11600 8.15800 3.58100 -2.58400 -10.78300 0.52900 -2.14600 -10.57900 -8.91100 -6.91700 -10.35600 -14.16000 -4.71000 -9.35900
134.00000 -16.96800 -3.44800 -2.76700 7.67000 1.62800 -9.42000 -19.57200 -0.93600 -4.58800 -14.48600 -11.35300 -8.87000 -14.26200 -19.53100 -8.61600 -13.75300
135.00000 -17.45600 -12.23800 -8.62600 4.25200 -1.30200 -16.74400 -25.43100 -2.40100 -7.51700 -19.36800 -13.79400 -10.82400 -17.19200 -24.41400 -12.03400 -18.14800
136.00000 -13.55000 -21.02700 -12.04400 1.32200 -3.74300 -21.13900 -24.45500 -2.88900 -8.98200 -23.27500 -15.74700 -11.31200 -18.16800 -26.85500 -13.98700 -19.12400
137.00000 -8.17900 -23.46800 -12.04400 0.34600 -4.23200 -20.65000 -18.59500 -2.88900 -8.49400 -24.25100 -15.74700 -10.82400 -16.70300 -25.87900 -12.52200 -17.66000
138.00000 -3.78400 -19.07300 -9.60300 1.32200 -1.79000 -16.25600 -11.27100 -1.91200 -6.05300 -22.29800 -13.79400 -9.84700 -13.77400 -21.97300 -9.59300 -13.75300
139.00000 -2.31900 -11.74900 -6.67300 3.76400 1.62800 -9.42000 -6.87700 -0.93600 -3.61100 -18.39200 -11.35300 -8.87000 -10.35600 -17.57800 -6.66300 -9.84700
140.00000 -1.34300 -6.86600 -4.23200 5.71700 4.06900 -5.02500 -6.38800 -0.44800 -1.17000 -13.99700 -9.39900 -8.38200 -7.91400 -14.64800 -4.71000 -7.89400
141.00000 -0.36600 -6.37800 -2.27900 5.71700 4.06900 -3.56000 -5.90000 0.52900 -0.68200 -10.57900 -8.42300 -8.38200 -6.44900 -13.18400 -4.71000 -8.38200
142.00000 0.61000 -8.33100 -0.32600 4.25200 3.09200 -5.02500 -3.94700 0.52900 -2.14600 -9.60300 -8.42300 -7.40600 -6.44900 -13.67200 -5.68600 -9.35900
143.00000 1.58700 -7.35500 0.65100 1.32200 1.13900 -6.00200 -1.99400 0.52900 -4.10000 -11.06800 -7.93500 -6.42900 -7.91400 -14.64800 -6.17500 -9.84700
144.00000 0.61000 -1.98400 0.16300 -0.14200 0.65100 -6.49000 -2.97000 -0.44800 -5.56400 -12.53300 -7.44600 -5.45200 -8.89100 -15.13700 -5.68600 -9.84700
145.00000 -0.85400 3.38700 -2.27900 0.83400 1.13900 -5.51400 -8.83000 -1.42400 -5.56400 -13.50900 -6.47000 -4.96400 -9.86700 -15.13700 -4.71000 -9.35900
146.00000 -3.78400 4.36400 -5.69700 2.78700 2.11600 -5.02500 -16.15400 -1.91200 -5.56400 -13.02100 -6.47000 -4.96400 -9.86700 -14.64800 -4.22200 -8.38200
147.00000 -7.20200 -2.96000 -9.60300 5.22900 1.62800 -6.49000 -21.52500 -1.91200 -5.07600 -12.04400 -6.95800 -5.45200 -10.35600 -14.64800 -4.22200 -8.87000
148.00000 -11.10800 -15.16700 -11.55600 5.22900 -0.81400 -9.42000 -20.54900 -0.93600 -4.58800 -11.06800 -8.91100 -6.42900 -10.35600 -15.62500 -6.17500 -10.33500
149.00000 -15.01500 -25.42100 -12.53300 1.81100 -4.23200 -13.32600 -14.68900 -0.44800 -5.07600 -11.06800 -11.35300 -7.40600 -10.84400 -16.60200 -8.12800 -12.28800
150.00000 -17.94400 -27.86300 -13.02100 -3.07200 -7.16100 -15.76700 -9.31800 -0.44800 -5.07600 -12.04400 -13.79400 -8.38200 -10.84400 -17.09000 -10.08100 -13.75300
151.00000 -18.92100 -23.46800 -13.02100 -7.95500 -9.60300 -15.27900 -8.34100 -1.42400 -5.07600 -13.02100 -15.25900 -8.38200 -10.35600 -17.09000 -10.56900 -13.75300
152.00000 -16.47900 -15.16700 -12.53300 -10.39600 -10.09100 -13.32600 -12.24800 -2.40100 -4.58800 -13.99700 -15.74700 -7.89400 -9.37900 -16.11300 -10.08100 -12.77700
153.00000 -11.10800 -8.82000 -11.06800 -8.93100 -9.60300 -11.37300 -15.66600 -2.40100 -4.58800 -14.48600 -15.74700 -7.89400 -9.37900 -15.62500 -9.10400 -11.31200
154.00000 -4.76100 -5.89000 -8.13800 -6.00200 -7.65000 -10.88500 -14.68900 -1.42400 -5.56400 -15.46200 -15.25900 -7.89400 -9.86700 -15.62500 -8.61600 -10.33500
155.00000 -0.36600 -6.86600 -4.23200 -3.56000 -4.72000 -10.39600 -8.34100 -0.44800 -6.05300 -15.95100 -14.77100 -8.87000 -11.33200 -16.60200 -8.61600 -11.31200
156.00000 0.12200 -8.82000 -1.79000 -2.58400 -1.30200 -9.90800 -2.97000 -0.44800 -6.05300 -15.95100 -14.28200 -9.35900 -12.30900 -17.57800 -9.10400 -12.28800
157.00000 -2.31900 -11.26100 -1.30200 -2.58400 1.62800 -8.44300 -2.97000 -1.42400 -5.07600 -14.48600 -13.30600 -9.84700 -12.79700 -17.57800 -10.08100 -12.77700
158.00000 -6.22600 -12.72600 -2.76700 -2.58400 3.09200 -6.49000 -9.31800 -3.37700 -3.12300 -13.02100 -12.81700 -10.33500 -11.82000 -16.60200 -10.08100 -11.31200
159.00000 -9.64400 -13.70200 -5.20800 -1.60700 2.60400 -5.51400 -18.59500 -4.84200 -2.14600 -11.06800 -12.32900 -10.82400 -9.86700 -14.16000 -9.10400 -8.87000
160.00000 -11.59700 -12.23800 -6.18500 -0.14200 1.13900 -6.00200 -22.99000 -5.33000 -2.14600 -9.60300 -12.32900 -10.82400 -8.40300 -11.71900 -8.12800 -6.91700
161.00000 -10.62000 -7.84300 -4.72000 1.32200 -0.81400 -7.46700 -20.54900 -4.84200 -2.63500 -8.13800 -12.32900 -11.80000 -7.91400 -10.25400 -8.12800 -5.94100
162.00000 -7.20200 -1.49500 -0.81400 2.29900 -0.81400 -7.95500 -11.75900 -4.35400 -3.12300 -7.16100 -11.84100 -12.28800 -7.91400 -9.27700 -8.12800 -6.42900
163.00000 -1.34300 4.36400 3.58100 3.27600 0.16300 -6.49000 -3.94700 -3.37700 -3.61100 -5.20800 -11.35300 -12.77700 -7.91400 -8.78900 -7.64000 -6.91700
164.00000 4.51700 7.78200 6.99900 4.74000 1.62800 -2.09600 -0.52900 -2.88900 -2.63500 -3.74300 -10.37600 -12.28800 -7.91400 -8.30100 -7.15100 -6.42900
165.00000 8.42300 7.78200 7.97500 6.20500 3.58100 2.29900 -0.52900 -2.40100 -1.65800 -3.25500 -9.88800 -11.31200 -6.93800 -7.32400 -5.19800 -4.47600
166.00000 9.39900 5.82900 7.48700 6.20500 4.55700 5.22900 -1.01700 -2.40100 -0.68200 -3.25500 -8.91100 -10.33500 -5.96100 -5.85900 -3.24500 -2.52300
167.00000 7.44600 2.41100 6.51000 4.25200 4.55700 5.71700 0.44800 -2.40100 -0.68200 -4.72000 -7.93500 -9.35900 -4.98500 -5.85900 -1.29200 -1.05800
168.00000 3.54000 -1.00700 5.53400 1.32200 4.55700 3.27600 3.37700 -2.40100 -0.68200 -5.69700 -6.95800 -8.38200 -4.00800 -5.85900 0.17300 -0.08100
169.00000 0.12200 -4.91300 5.53400 -1.60700 4.06900 0.34600 3.86600 -2.88900 -0.68200 -5.69700 -5.00500 -7.89400 -3.52000 -6.34800 0.17300 0.40700
170.00000 -1.83100 -7.35500 6.51000 -2.58400 3.09200 -1.11900 1.42400 -2.40100 -1.17000 -4.72000 -4.02800 -6.91700 -3.03100 -6.34800 -0.31500 0.40700
171.00000 -2.31900 -7.84300 7.97500 -0.14200 1.62800 -0.63100 -2.97000 -0.93600 -0.68200 -2.27900 -3.54000 -5.45200 -2.05500 -5.37100 -0.80400 0.40700
172.00000 -2.31900 -5.89000 8.95200 3.27600 0.65100 0.34600 -4.92400 1.01700 -0.68200 -0.81400 -4.51700 -4.47600 -1.07800 -4.39500 -1.29200 1.38300
173.00000 -2.31900 -1.49500 10.41700 7.18200 0.65100 0.83400 -2.97000 3.45900 -0.68200 -0.32600 -5.00500 -2.52300 -0.59000 -3.90600 -1.78000 0.40700
174.00000 -1.83100 2.41100 10.90500 9.13500 1.13900 -0.63100 2.40100 4.43500 -1.17000 -1.30200 -4.51700 -1.54600 -1.07800 -4.88300 -1.78000 -0.57000
175.00000 -0.85400 3.87600 11.39300 8.15800 1.62800 -2.58400 7.28400 4.92400 -1.65800 -2.76700 -3.54000 -0.57000 -3.03100 -6.83600 -1.78000 -2.03500
176.00000 1.09900 0.94600 11.39300 5.71700 1.62800 -3.56000 9.72500 4.92400 -2.14600 -4.72000 -1.58700 -0.08100 -4.49600 -8.30100 -0.80400 -3.01100
177.00000 3.54000 -3.93700 10.90500 3.76400 0.65100 -2.58400 8.74800 3.94700 -2.14600 -5.20800 -0.61000 -0.08100 -4.98500 -8.30100 -0.31500 -2.03500
178.00000 5.49300 -6.86600 11.88200 2.78700 0.65100 0.83400 6.79500 3.45900 -2.14600 -4.23200 0.36600 -0.57000 -4.00800 -5.85900 1.63800 0.40700
179.00000 7.44600 -3.44800 13.83500 4.25200 2.11600 5.71700 6.79500 2.97000 -1.17000 -1.30200 1.34300 -0.57000 -2.05500 -2.44100 3.10300 3.33700
180.00000 9.88800 4.85200 16.27600 6.20500 5.04600 10.11100 8.74800 3.45900 -0.19300 2.60400 2.31900 -0.57000 0.38700 0.97700 4.56700 5.77800
181.00000 12.81700 15.59400 18.71700 7.18200 7.97500 13.04100 9.72500 3.45900 0.29500 5.53400 3.29600 -0.57000 0.87500 2.44100 5.05600 6.26600
182.00000 15.74700 22.43000 20.18200 6.69400 9.92800 14.50600 9.72500 3.45900 0.29500 6.99900 4.27200 -1.54600 -0.10200 1.95300 4.07900 4.80100
183.00000 17.70000 23.40700 20.18200 5.71700 10.41700 14.99400 7.77200 3.45900 0.29500 6.51000 2.31900 -3.01100 -1.56700 -0.48800 1.63800 2.36000
184.00000 17.70000 19.01200 18.71700 5.71700 8.95200 13.52900 5.33000 2.48200 -0.68200 4.06900 -1.09900 -5.94100 -3.52000 -2.93000 -1.29200 -0.08100
185.00000 15.74700 12.66500 15.78800 7.67000 6.99900 11.08800 2.88900 0.52900 -0.68200 0.65100 -5.98100 -8.38200 -4.49600 -4.88300 -4.22200 -2.03500
186.00000 12.81700 8.75900 12.37000 10.60000 6.02200 7.67000 0.44800 -0.93600 -1.17000 -1.79000 -10.37600 -10.33500 -4.98500 -5.85900 -6.17500 -3.49900
187.00000 10.37600 7.78200 10.41700 13.52900 5.53400 4.74000 -2.48200 -2.40100 -1.17000 -2.27900 -11.84100 -10.82400 -4.98500 -6.83600 -6.66300 -3.98800
188.00000 7.93500 7.78200 8.95200 14.01800 6.51000 3.76400 -3.94700 -2.40100 -1.17000 -0.81400 -11.35300 -9.35900 -4.49600 -6.83600 -6.66300 -4.47600
189.00000 5.98100 7.78200 8.46400 11.57600 6.51000 5.22900 -2.97000 -1.91200 -1.17000 1.13900 -8.91100 -7.89400 -4.00800 -6.34800 -5.68600 -3.98800
190.00000 3.54000 7.29400 8.46400 8.15800 6.51000 7.67000 0.44800 0.04100 -0.68200 3.09200 -5.98100 -5.45200 -3.03100 -4.39500 -4.22200 -3.01100
191.00000 2.07500 7.78200 8.46400 4.74000 5.04600 10.11100 4.35400 1.01700 -0.19300 4.06900 -4.02800 -3.98800 -1.07800 -1.95300 -2.26800 -1.54600
192.00000 1.58700 10.22300 8.46400 2.29900 2.60400 10.60000 4.35400 1.50600 0.29500 4.55700 -3.05200 -3.01100 0.38700 0.97700 -0.31500 0.40700
193.00000 4.02800 12.66500 8.95200 1.32200 0.65100 8.64700 1.91200 1.01700 0.29500 4.55700 -1.58700 -2.03500 1.36300 2.93000 1.14900 1.38300
194.00000 9.88800 12.66500 10.41700 1.32200 -0.81400 6.69400 -0.52900 1.01700 -0.19300 5.04600 -0.12200 -1.05800 1.85100 3.90600 2.61400 2.36000
195.00000 16.72400 10.22300 13.83500 2.29900 -0.32600 5.71700 1.42400 2.48200 -0.19300 6.02200 2.80800 -0.08100 1.85100 3.90600 3.10300 2.84800
196.00000 22.58300 6.80500 18.22900 4.25200 2.60400 7.67000 8.26000 4.92400 -0.19300 6.99900 5.24900 1.38300 2.34000 3.41800 4.07900 3.33700
197.00000 24.53600 5.82900 23.11200 7.67000 5.53400 11.57600 17.53700 7.36500 0.29500 7.48700 7.20200 2.36000 3.31600 2.93000 5.05600 4.80100
198.00000 22.09500 9.73500 27.01800 12.06500 8.46400 15.48300 22.90900 8.83000 1.27200 7.97500 7.20200 3.33700 4.29300 2.93000 5.54400 6.26600
199.00000 17.21200 16.08300 27.50700 15.97100 8.95200 17.43600 19.97900 8.34100 1.76000 7.97500 6.22600 2.84800 4.78100 3.41800 5.05600 6.26600
200.00000 11.84100 19.50100 25.06500 16.94700 7.48700 15.97100 11.67800 6.87700 1.76000 7.48700 5.24900 1.87200 5.26900 2.93000 5.05600 5.77800
201.00000 7.93500 16.57100 20.67100 14.01800 5.04600 10.60000 4.35400 4.43500 1.27200 6.51000 4.27200 0.40700 4.78100 2.44100 4.56700 4.80100
202.00000 5.98100 8.27000 16.27600 9.13500 3.58100 4.74000 1.91200 1.50600 0.29500 4.55700 3.29600 -0.57000 3.80500 1.46500 4.56700 3.33700
203.00000 5.49300 -0.03100 13.34600 4.25200 3.09200 -0.63100 5.81900 -0.44800 -0.19300 1.62800 3.29600 -1.54600 3.80500 0.97700 5.54400 3.33700
204.00000 7.44600 -2.96000 13.34600 2.78700 4.06900 -1.60700 10.21300 -1.42400 0.29500 0.16300 3.29600 -2.03500 4.78100 1.46500 7.00900 4.80100
205.00000 10.86400 0.45800 15.78800 4.25200 5.53400 0.83400 11.67800 -1.42400 1.27200 0.65100 4.27200 -1.54600 5.75800 2.93000 8.47400 6.26600
206.00000 15.25900 7.29400 18.22900 8.15800 7.48700 5.71700 8.74800 -0.93600 3.22500 3.58100 4.76100 -0.57000 7.22200 4.88300 8.47400 7.73100
207.00000 19.16500 14.13000 18.71700 11.08800 8.46400 10.11100 3.86600 0.04100 4.69000 6.99900 3.78400 -0.57000 7.22200 5.85900 6.52100 6.26600
208.00000 21.11800 17.05900 16.76400 11.57600 8.95200 12.55300 0.93600 0.52900 4.69000 8.46400 0.36600 -1.54600 6.73400 4.88300 2.12600 3.33700
209.00000 21.11800 17.05900 14.32300 9.13500 7.97500 13.04100 0.93600 0.04100 3.22500 8.46400 -5.49300 -4.47600 4.78100 2.44100 -3.73300 -0.08100
210.00000 19.65300 15.10600 11.88200 5.71700 6.02200 12.06500 1.91200 -1.91200 1.27200 6.99900 -11.84100 -7.89400 2.82800 0.97700 -8.61600 -2.52300
211.00000 17.70000 14.13000 11.88200 2.78700 4.55700 12.06500 0.93600 -3.86600 -0.68200 6.02200 -14.77100 -9.84700 1.85100 0.48800 -10.08100 -3.01100
212.00000 16.23500 14.61800 13.83500 1.81100 3.58100 12.55300 -1.99400 -4.84200 -1.17000 6.99900 -12.81700 -9.35900 1.85100 1.46500 -8.12800 -1.05800
213.00000 16.72400 17.05900 17.25300 3.27600 4.06900 13.04100 -3.45900 -3.86600 -0.68200 9.44000 -6.95800 -5.94100 2.34000 3.90600 -2.75700 1.87200
214.00000 18.18800 19.50100 21.15900 6.20500 5.53400 13.52900 -0.52900 -1.42400 -0.19300 11.88200 1.34300 -1.54600 3.31600 5.85900 3.59100 5.29000
215.00000 19.65300 20.47700 23.60000 9.13500 6.02200 13.52900 6.79500 2.48200 -0.19300 12.85800 7.20200 2.84800 3.80500 6.34800 7.98500 7.24300
216.00000 20.63000 19.01200 23.60000 11.08800 5.53400 12.55300 14.60800 4.43500 -0.68200 12.37000 9.15500 5.29000 3.80500 6.83600 9.93900 7.73100
217.00000 19.65300 14.13000 21.64700 11.08800 4.06900 11.57600 17.53700 5.41200 -1.17000 11.39300 7.20200 4.80100 3.80500 7.32400 8.96200 8.21900
218.00000 18.67700 7.78200 18.71700 9.62300 3.09200 10.60000 13.63100 3.45900 -0.19300 10.90500 3.29600 2.36000 4.29300 7.81200 7.00900 8.21900
219.00000 18.67700 2.89900 16.76400 6.69400 2.60400 10.60000 5.33000 0.52900 1.27200 11.39300 -0.12200 -0.57000 5.26900 8.78900 5.54400 8.70800
220.00000 20.14200 2.41100 17.25300 5.22900 3.58100 10.60000 -0.52900 -1.91200 2.73600 12.37000 -0.61000 -2.52300 6.73400 9.27700 5.54400 9.68400
221.00000 23.07100 7.78200 20.67100 6.20500 5.53400 11.57600 -0.04100 -2.40100 3.22500 12.85800 0.85400 -2.03500 7.22200 8.78900 6.52100 10.66100
222.00000 26.00100 16.57100 26.04200 9.62300 6.99900 13.04100 8.26000 -0.44800 3.22500 11.88200 3.78400 -0.08100 7.71100 9.27700 8.96200 12.61400
223.00000 28.44200 25.84800 31.41300 14.50600 8.95200 15.48300 19.00200 3.94700 1.76000 10.90500 8.17900 3.33700 8.19900 10.74200 11.89200 15.05500
224.00000 30.39600 32.19600 35.31900 17.92400 10.90500 17.43600 26.32600 8.34100 1.27200 11.39300 12.08500 7.24300 9.17600 13.18400 14.82100 17.49700
225.00000 32.34900 34.14900 36.78400 19.38900 13.34600 19.38900 26.81500 11.27100 1.76000 13.34600 15.99100 9.68400 10.15200 17.09000 17.26300 19.93800
226.00000 34.79000 33.17300 36.29600 18.90100 14.81100 20.36500 21.44400 12.24800 2.73600 16.76400 17.94400 10.17300 11.12900 19.04300 17.75100 21.40300
227.00000 35.27800 30.73100 34.34200 19.38900 14.32300 18.90100 15.09600 11.75900 3.71300 18.22900 17.94400 9.19600 10.64000 18.55500 16.77400 19.93800
228.00000 32.34900 27.31300 30.92400 20.36500 10.90500 16.45900 12.16600 10.78300 2.73600 16.76400 15.01500 7.24300 9.17600 15.13700 13.84500 16.52000
229.00000 26.48900 23.89500 27.50700 21.83000 6.51000 12.55300 14.11900 10.78300 0.78300 10.90500 10.62000 5.77800 6.24600 9.27700 10.42700 12.12600
230.00000 19.65300 20.47700 25.06500 22.31900 2.60400 9.13500 18.51400 11.75900 -2.14600 3.58100 6.71400 5.77800 4.29300 4.39500 7.49700 8.21900
231.00000 16.72400 18.03600 25.55300 19.87700 1.13900 6.20500 21.93200 12.24800 -4.58800 -1.79000 5.73700 6.75500 3.80500 1.95300 7.49700 7.73100
232.00000 19.16500 16.08300 27.50700 16.45900 2.11600 5.22900 21.44400 11.75900 -5.56400 -3.74300 7.69000 9.19600 5.26900 2.44100 9.93900 9.19600
233.00000 25.51300 14.61800 29.46000 13.52900 3.58100 5.22900 17.53700 10.78300 -5.07600 -2.27900 11.59700 11.63700 7.22200 4.39500 13.84500 12.12600
234.00000 30.39600 12.66500 29.94800 13.52900 4.55700 5.71700 13.14300 9.31800 -4.10000 0.65100 14.52600 13.10200 8.68700 6.34800 16.77400 14.07900
235.00000 30.88400 9.24700 27.50700 14.99400 4.06900 5.22900 10.70100 7.85300 -3.12300 2.11600 15.50300 13.59000 8.68700 6.83600 17.26300 14.07900
236.00000 26.48900 5.82900 23.11200 16.94700 2.60400 4.25200 10.70100 6.87700 -2.63500 1.62800 14.52600 12.12600 7.71100 5.37100 15.31000 12.61400
237.00000 20.14200 5.34100 20.18200 16.94700 2.60400 3.76400 12.65500 5.90000 -2.14600 0.16300 12.08500 10.66100 7.22200 3.41800 13.35700 11.14900
238.00000 16.72400 10.22300 19.69400 14.50600 4.55700 4.25200 14.60800 5.41200 -1.65800 -1.30200 11.10800 9.19600 7.22200 2.93000 12.86800 11.14900
239.00000 17.70000 19.01200 21.15900 11.57600 6.99900 6.20500 14.60800 4.43500 -0.68200 -0.81400 11.59700 8.21900 8.68700 4.39500 13.84500 13.10200
240.00000 20.14200 27.80200 22.13500 9.13500 7.97500 7.18200 13.63100 4.43500 0.29500 0.65100 13.06200 8.70800 10.64000 6.34800 16.28600 15.05500
241.00000 20.63000 29.26600 19.69400 7.67000 6.51000 6.69400 12.65500 4.43500 1.76000 2.11600 13.55000 9.19600 12.10500 8.30100 17.75100 16.52000
242.00000 15.74700 21.45400 13.83500 7.18200 4.06900 3.76400 11.19000 3.94700 1.76000 2.11600 12.08500 8.70800 12.59400 8.30100 17.26300 15.54400
243.00000 7.44600 6.31700 6.02200 6.69400 1.62800 -0.63100 8.74800 2.48200 1.27200 0.65100 9.15500 7.73100 11.12900 7.32400 14.82100 13.10200
244.00000 0.12200 -7.84300 2.11600 5.71700 0.16300 -3.56000 5.33000 0.52900 0.29500 -2.27900 6.22600 5.77800 9.17600 5.37100 11.40300 9.68400
245.00000 -2.80800 -14.67900 2.60400 4.25200 -0.32600 -4.04900 1.42400 -1.42400 -1.17000 -4.72000 4.76100 3.82500 7.22200 3.90600 8.47400 7.24300
246.00000 -0.85400 -13.70200 5.53400 2.78700 -0.32600 -2.09600 -1.99400 -2.88900 -1.65800 -6.18500 4.76100 3.33700 5.75800 2.93000 7.00900 6.26600
247.00000 1.58700 -9.30800 7.48700 1.32200 -0.81400 0.34600 -3.94700 -1.91200 -2.14600 -6.67300 5.73700 3.33700 4.78100 2.44100 6.52100 5.77800
248.00000 1.58700 -6.86600 6.02200 0.34600 -1.30200 1.32200 -3.94700 -0.93600 -2.14600 -6.67300 5.73700 4.31300 4.78100 2.44100 6.03200 4.80100
249.00000 -1.34300 -7.84300 1.13900 -0.63100 -1.79000 -1.11900 -2.97000 -0.44800 -2.63500 -6.67300 4.27200 4.31300 5.26900 1.46500 5.05600 4.80100
250.00000 -3.78400 -9.79600 -3.25500 -1.11900 -1.79000 -4.53700 -1.50600 -0.93600 -2.63500 -7.16100 1.34300 3.33700 5.26900 0.97700 4.07900 4.80100
251.00000 -1.83100 -7.84300 -4.23200 0.34600 -0.81400 -7.46700 -0.04100 -2.40100 -2.63500 -7.16100 -1.58700 1.38300 5.75800 0.97700 3.10300 5.77800
252.00000 3.54000 -0.03100 -1.30200 2.29900 0.65100 -7.46700 0.44800 -3.86600 -2.63500 -7.65000 -3.05200 -0.57000 5.75800 0.97700 3.10300 6.75500
253.00000 8.91100 9.24700 3.58100 4.25200 1.13900 -5.51400 0.93600 -3.86600 -2.63500 -8.13800 -3.05200 -1.54600 5.26900 0.97700 3.10300 7.73100
254.00000 9.39900 13.64100 7.48700 5.71700 2.11600 -3.07200 0.44800 -2.88900 -3.12300 -8.13800 -2.07500 -1.54600 4.29300 0.48800 3.10300 7.24300
255.00000 5.49300 9.24700 8.95200 5.71700 2.11600 -1.11900 -0.04100 -1.91200 -2.63500 -8.13800 -1.09900 -1.54600 3.31600 -0.97700 2.61400 5.77800
256.00000 0.61000 -0.03100 8.46400 4.25200 1.62800 -1.11900 0.44800 -1.91200 -2.14600 -7.16100 -1.09900 -1.05800 2.82800 -1.46500 2.12600 3.33700
