1.00000 3.61100 7.76200 -0.02000 -0.67100 7.64000 7.94500 -0.44800 -1.70900 6.15400 1.58700 -2.86900 -3.58100 -2.37000 -3.78400 -4.06900 -4.73000
2.00000 6.05300 10.69100 1.44400 2.25800 9.59300 12.33900 -0.93600 -1.22100 5.66600 0.12200 -3.84500 -5.04600 -4.81200 -5.24900 -5.04600 -6.19500
3.00000 6.05300 12.64400 0.95600 5.18800 11.05800 12.82800 -2.88900 -1.22100 3.71300 -1.83100 -4.82200 -6.51000 -7.25300 -7.20200 -6.02200 -8.14800
4.00000 5.56400 12.15600 -0.50900 6.16500 11.05800 9.89800 -5.81900 -1.70900 1.76000 -3.78400 -5.79800 -6.99900 -8.71800 -8.17900 -6.51000 -9.12500
5.00000 5.07600 9.22600 -2.95000 6.16500 9.59300 5.01500 -8.74800 -2.19700 -0.19300 -5.24900 -5.31000 -6.51000 -8.71800 -7.69000 -6.99900 -9.12500
6.00000 6.05300 6.29700 -3.43800 4.21100 7.15100 2.08500 -9.72500 -1.70900 -1.17000 -5.73700 -4.33300 -4.55700 -6.76500 -6.71400 -5.53400 -7.17200
7.00000 8.00600 4.83200 -2.46200 2.25800 6.17500 2.57400 -6.30700 0.73200 -1.17000 -3.78400 -2.86900 -1.13900 -2.85800 -3.29600 -3.09200 -3.75400
8.00000 8.98200 6.78500 0.46800 2.25800 6.17500 5.01500 -0.44800 3.66200 0.29500 -0.36600 -1.40400 0.81400 1.04800 0.61000 -0.16300 -0.33600
9.00000 8.49400 11.18000 4.37400 3.23500 8.12800 7.45600 5.41200 5.61500 2.73600 3.05200 -0.42700 1.79000 3.48900 3.54000 1.30200 2.10600
10.00000 8.00600 17.03900 6.81600 5.18800 10.56900 9.89800 9.31800 6.59200 5.17800 5.49300 0.54900 1.79000 4.46600 5.49300 1.30200 2.59400
11.00000 8.49400 19.96900 7.30400 6.65300 12.03400 10.38600 9.31800 4.63900 7.13100 6.47000 0.06100 0.32600 3.48900 5.00500 -1.13900 1.12900
12.00000 10.93500 18.99200 5.35100 7.14100 11.54600 9.89800 5.41200 1.70900 7.13100 5.49300 -1.40400 -1.62800 1.53600 2.56300 -3.58100 -1.80100
13.00000 13.86500 14.59800 3.39800 6.65300 9.59300 8.43300 1.01700 -0.24400 6.15400 2.56300 -2.86900 -3.09200 -0.41700 -0.36600 -6.02200 -4.24200
14.00000 14.84200 9.22600 2.90900 6.16500 6.66300 6.48000 -2.40100 -0.24400 3.71300 0.12200 -4.82200 -4.06900 -2.37000 -3.29600 -6.99900 -6.68300
15.00000 13.37700 5.32000 3.88600 6.65300 3.24500 3.55000 -3.37700 1.22100 1.76000 -2.31900 -5.79800 -4.55700 -4.32300 -5.24900 -7.48700 -7.66000
16.00000 10.44700 3.36700 4.86200 7.14100 2.26800 0.13200 -2.88900 2.68600 -0.19300 -3.29600 -6.28700 -5.53400 -5.30000 -5.73700 -7.48700 -7.66000
17.00000 8.00600 3.36700 4.86200 7.14100 2.26800 -1.82100 -1.91200 3.66200 -0.68200 -2.80800 -6.28700 -5.04600 -5.78800 -5.73700 -6.99900 -6.68300
18.00000 7.51700 5.80900 3.39800 6.16500 3.73300 -0.84400 -1.91200 3.17400 -0.68200 -1.83100 -6.28700 -4.55700 -4.81200 -5.24900 -6.51000 -5.70700
19.00000 8.00600 8.25000 1.44400 5.18800 5.68600 1.59700 -2.88900 1.70900 0.78300 -0.36600 -6.28700 -3.58100 -3.83500 -4.27200 -5.53400 -4.24200
20.00000 9.95900 12.15600 0.95600 4.70000 7.15100 5.01500 -3.37700 1.22100 1.27200 1.09900 -5.79800 -2.11600 -2.37000 -3.29600 -4.55700 -2.77700
21.00000 11.42400 15.57400 1.93300 5.67600 8.12800 6.96800 -2.88900 1.22100 1.27200 2.07500 -5.31000 -1.13900 -1.39400 -2.80800 -4.06900 -2.77700
22.00000 11.91200 18.01600 3.39800 7.14100 8.12800 6.48000 -1.91200 1.70900 0.78300 1.09900 -5.31000 -0.65100 -2.37000 -3.29600 -4.55700 -3.75400
23.00000 12.40000 17.52700 2.90900 8.60600 7.15100 4.52700 -1.42400 0.73200 -0.68200 -1.83100 -6.28700 -2.60400 -3.83500 -4.76100 -6.99900 -6.19500
24.00000 10.44700 12.64400 -0.02000 8.11800 5.19800 1.10900 -2.88900 -1.22100 -1.65800 -6.22600 -9.21600 -5.53400 -6.76500 -6.71400 -11.39300 -9.61300
25.00000 6.54100 4.83200 -4.41500 5.67600 2.75700 -2.30900 -6.79500 -5.12700 -3.12300 -10.13200 -14.09900 -9.92800 -9.20600 -9.64400 -16.27600 -13.51900
26.00000 0.19300 -2.49200 -8.32100 2.74700 1.29200 -5.72700 -12.16600 -8.54500 -3.12300 -12.57300 -18.00500 -12.85800 -11.15900 -11.59700 -19.69400 -16.44900
27.00000 -6.64300 -5.91000 -10.76300 0.30500 0.80400 -8.65700 -16.07300 -10.98600 -2.63500 -12.57300 -19.95800 -14.32300 -11.64800 -12.08500 -20.67100 -18.40200
28.00000 -10.06100 -4.93400 -11.25100 -1.16000 1.29200 -9.63300 -17.53700 -10.98600 -1.65800 -11.10800 -18.49400 -12.85800 -10.67100 -12.08500 -19.20600 -18.40200
29.00000 -8.10800 -0.05100 -12.22700 -1.64800 2.26800 -9.14500 -16.56100 -9.03300 -1.17000 -9.64400 -15.56400 -9.44000 -8.71800 -10.62000 -16.27600 -16.93700
30.00000 -1.76000 4.83200 -11.73900 -1.64800 3.24500 -6.21500 -15.09600 -6.10400 -0.19300 -9.15500 -12.14600 -5.53400 -5.30000 -8.66700 -13.34600 -14.00800
31.00000 6.05300 8.25000 -9.78600 -1.16000 4.22200 -1.82100 -13.63100 -2.68600 0.78300 -8.17900 -9.70500 -2.11600 -1.39400 -5.73700 -10.90500 -11.07800
32.00000 11.42400 9.71500 -5.88000 0.30500 4.71000 1.59700 -12.16600 0.24400 2.24800 -5.73700 -7.75100 0.81400 3.48900 -1.83100 -8.46400 -7.17200
33.00000 11.42400 9.22600 -1.48500 2.25800 4.71000 3.06200 -10.21300 2.68600 3.71300 -1.83100 -6.28700 2.76700 7.39500 2.07500 -6.51000 -4.24200
34.00000 8.00600 8.73800 1.44400 4.21100 5.19800 2.08500 -7.77200 2.68600 5.17800 2.56300 -5.79800 3.25500 8.86000 5.00500 -5.53400 -3.26500
35.00000 3.12300 6.78500 0.46800 3.72300 5.68600 0.62100 -6.30700 1.22100 6.15400 5.49300 -6.77500 0.81400 8.86000 5.49300 -6.99900 -4.24200
36.00000 -0.78300 4.83200 -4.41500 1.77000 6.17500 0.13200 -7.28400 -1.70900 6.64300 5.00500 -9.70500 -3.09200 6.41900 3.54000 -10.41700 -7.66000
37.00000 -3.22500 2.39100 -10.27400 -2.13600 6.17500 -0.35600 -11.19000 -5.61500 6.64300 1.09900 -14.58700 -8.46400 3.00100 0.12200 -14.81100 -11.07800
38.00000 -4.69000 1.41400 -14.18100 -5.06600 5.19800 -1.82100 -16.56100 -8.05700 6.15400 -3.78400 -19.47000 -12.37000 0.07100 -3.29600 -18.71700 -14.00800
39.00000 -4.20100 3.36700 -14.18100 -6.53100 4.22200 -3.77400 -19.97900 -8.05700 5.66600 -6.71400 -21.42300 -13.83500 -0.90500 -6.22600 -19.69400 -14.98400
40.00000 -2.73600 7.76200 -11.25100 -5.55400 2.75700 -6.21500 -19.97900 -5.61500 4.20100 -7.20200 -20.44700 -12.37000 -1.88200 -8.17900 -18.71700 -14.98400
41.00000 1.17000 13.13300 -6.85600 -2.62500 2.75700 -6.21500 -16.07300 -2.68600 3.71300 -5.73700 -18.49400 -10.41700 -1.88200 -10.13200 -17.25300 -14.49600
42.00000 7.51700 18.01600 -2.95000 0.79300 4.22200 -2.79700 -9.72500 -0.24400 2.73600 -4.27200 -16.54100 -8.95200 -2.85800 -12.57300 -16.76400 -14.49600
43.00000 13.86500 20.45700 0.46800 4.70000 7.15100 2.08500 -4.84200 -0.24400 1.76000 -4.27200 -17.02900 -8.95200 -4.32300 -14.52600 -17.74100 -14.98400
44.00000 18.74800 19.48000 2.42100 7.14100 10.56900 6.48000 -3.86600 -1.70900 0.78300 -5.73700 -18.98200 -10.90500 -6.27600 -16.96800 -19.20600 -16.93700
45.00000 19.23600 15.57400 2.42100 8.11800 13.01100 6.96800 -6.79500 -3.66200 -0.68200 -8.66700 -20.93500 -12.37000 -8.71800 -19.40900 -21.15900 -19.37900
46.00000 15.33000 10.20300 -0.02000 6.65300 12.03400 3.06200 -12.65500 -6.10400 -2.14600 -10.62000 -22.40000 -14.32300 -11.15900 -21.36200 -22.62400 -22.30800
47.00000 9.95900 5.80900 -3.92700 3.72300 9.59300 -2.30900 -17.53700 -7.56800 -2.63500 -11.59700 -22.88800 -15.29900 -13.11200 -22.33900 -23.60000 -24.26100
48.00000 6.54100 4.34400 -7.34500 0.30500 6.17500 -6.21500 -18.51400 -8.05700 -3.12300 -11.59700 -22.88800 -15.78800 -14.08900 -22.33900 -24.08900 -25.23800
49.00000 6.05300 6.29700 -7.34500 -0.67100 3.24500 -6.21500 -14.11900 -7.56800 -2.63500 -10.62000 -21.42300 -15.29900 -13.60100 -20.38600 -23.11200 -23.28500
50.00000 8.00600 11.18000 -4.41500 0.79300 2.26800 -2.79700 -6.79500 -5.12700 -2.14600 -9.15500 -18.98200 -12.37000 -11.15900 -16.96800 -20.67100 -19.37900
51.00000 9.95900 16.55100 1.44400 4.70000 3.24500 1.10900 0.04100 -1.22100 -1.17000 -6.22600 -14.09900 -7.97500 -8.23000 -12.57300 -15.29900 -14.49600
52.00000 10.44700 19.48000 5.83900 9.09400 5.19800 4.03800 3.45900 2.68600 -1.17000 -3.78400 -8.24000 -3.58100 -5.78800 -8.66700 -9.92800 -10.10100
53.00000 9.95900 18.99200 7.30400 11.04700 6.66300 4.52700 2.48200 5.12700 -0.68200 -1.83100 -3.84500 0.32600 -4.32300 -6.71400 -5.04600 -7.17200
54.00000 9.95900 16.55100 5.83900 10.07100 7.64000 3.06200 -0.44800 5.12700 -0.68200 -1.83100 -1.40400 1.79000 -3.83500 -6.22600 -3.09200 -6.68300
55.00000 10.44700 12.64400 2.90900 7.62900 7.64000 1.10900 -3.86600 4.15000 -0.19300 -3.78400 -1.89200 0.32600 -4.81200 -7.69000 -4.06900 -8.14800
56.00000 10.44700 8.25000 0.46800 5.67600 6.17500 -2.30900 -4.35400 2.19700 -0.68200 -7.69000 -4.33300 -1.62800 -6.27600 -10.13200 -6.51000 -9.61300
57.00000 8.49400 3.85500 -1.48500 4.21100 4.22200 -6.70400 -4.35400 0.73200 -1.17000 -10.62000 -7.26300 -4.55700 -7.74100 -12.57300 -9.92800 -12.05400
58.00000 2.63500 -0.53900 -2.95000 3.23500 1.29200 -11.58700 -4.84200 -0.24400 -1.65800 -12.57300 -9.21600 -6.51000 -7.74100 -14.03800 -12.37000 -13.51900
59.00000 -3.71300 -3.95700 -4.90300 2.25800 -1.14900 -15.00400 -6.79500 -0.73200 -1.65800 -12.57300 -10.68100 -6.99900 -7.25300 -14.52600 -14.32300 -14.00800
60.00000 -7.61900 -4.93400 -6.85600 0.30500 -3.10300 -16.46900 -9.23700 -1.22100 -1.17000 -12.57300 -11.16900 -7.48700 -6.27600 -13.06200 -13.83500 -13.51900
61.00000 -7.61900 -3.46900 -8.32100 -2.13600 -4.56700 -15.98100 -10.21300 -1.70900 -0.19300 -12.08500 -11.16900 -6.51000 -4.32300 -11.10800 -12.85800 -11.56600
62.00000 -5.66600 -2.49200 -8.80900 -4.57800 -5.54400 -15.98100 -9.23700 -2.19700 0.29500 -12.08500 -10.19300 -5.04600 -2.85800 -8.66700 -10.90500 -9.12500
63.00000 -5.17800 -3.95700 -8.80900 -5.55400 -6.52100 -16.95800 -6.79500 -1.70900 0.29500 -12.08500 -8.24000 -3.58100 -2.37000 -7.20200 -8.95200 -7.17200
64.00000 -8.59600 -9.32800 -8.80900 -6.53100 -7.98500 -18.42200 -5.33000 -0.73200 -0.19300 -12.08500 -6.28700 -2.60400 -1.88200 -6.22600 -7.48700 -6.68300
65.00000 -13.96700 -15.67600 -8.32100 -6.53100 -8.47400 -18.91100 -5.33000 -0.24400 -0.68200 -11.10800 -4.82200 -2.11600 -2.85800 -6.22600 -7.48700 -6.68300
66.00000 -16.40800 -18.60600 -7.34500 -5.55400 -7.98500 -16.95800 -6.79500 0.24400 -1.17000 -10.62000 -4.82200 -2.60400 -4.32300 -6.71400 -7.97500 -7.66000
67.00000 -13.47900 -15.67600 -3.92700 -4.08900 -6.52100 -13.05100 -7.28400 0.24400 -1.65800 -10.13200 -5.31000 -3.09200 -5.30000 -7.20200 -8.46400 -8.63600
68.00000 -6.15400 -7.86300 -0.02000 -2.62500 -5.05600 -9.63300 -6.30700 0.73200 -1.65800 -10.62000 -5.79800 -3.58100 -6.27600 -7.69000 -8.95200 -9.61300
69.00000 0.68200 -0.53900 2.42100 -1.64800 -4.56700 -9.14500 -4.84200 0.73200 -1.17000 -10.13200 -6.28700 -3.58100 -6.27600 -8.17900 -8.46400 -9.61300
70.00000 2.63500 1.41400 2.90900 -1.16000 -5.54400 -10.61000 -4.35400 0.73200 -1.65800 -9.64400 -5.79800 -3.58100 -5.78800 -7.69000 -8.95200 -9.61300
71.00000 0.19300 -1.51600 0.95600 -2.13600 -7.00900 -13.05100 -4.35400 -0.24400 -2.14600 -9.15500 -6.28700 -3.09200 -4.32300 -6.71400 -8.95200 -9.12500
72.00000 -4.20100 -6.39900 -0.02000 -3.11300 -8.47400 -14.02800 -5.33000 -0.73200 -3.12300 -9.64400 -5.79800 -3.09200 -2.85800 -5.24900 -9.44000 -8.63600
73.00000 -6.15400 -7.86300 0.95600 -3.60100 -9.45000 -13.54000 -3.86600 -0.73200 -4.10000 -11.10800 -5.31000 -3.09200 -2.37000 -4.76100 -8.95200 -8.14800
74.00000 -2.73600 -3.46900 3.88600 -2.13600 -8.96200 -12.07500 -1.42400 0.24400 -5.07600 -12.57300 -4.33300 -2.60400 -2.37000 -3.78400 -7.48700 -7.17200
75.00000 3.61100 3.36700 8.28000 0.79300 -8.47400 -10.12200 1.99400 1.70900 -5.07600 -12.57300 -2.38000 -1.13900 -2.37000 -3.78400 -6.02200 -5.70700
76.00000 9.47100 8.73800 10.72200 4.21100 -6.52100 -9.63300 3.45900 3.66200 -3.12300 -10.13200 -1.40400 -0.65100 -1.88200 -2.80800 -4.55700 -4.24200
77.00000 10.93500 7.27300 10.72200 6.16500 -5.05600 -9.63300 2.97000 4.63900 -0.19300 -7.20200 -2.38000 -0.16300 -0.90500 -2.31900 -5.53400 -3.75400
78.00000 8.00600 0.43700 9.25700 7.14100 -3.59100 -10.12200 2.48200 4.63900 2.73600 -4.27200 -4.82200 -0.65100 -0.41700 -2.31900 -7.48700 -4.73000
79.00000 3.61100 -7.37500 7.79200 6.65300 -3.10300 -11.58700 2.97000 3.66200 4.20100 -4.76100 -7.26300 -2.11600 0.07100 -3.78400 -9.92800 -6.68300
80.00000 0.68200 -9.81600 6.32700 5.67600 -4.56700 -13.05100 4.92400 3.17400 3.71300 -6.71400 -9.21600 -3.09200 -0.41700 -5.24900 -11.88200 -8.63600
81.00000 0.68200 -6.39900 5.35100 3.72300 -6.52100 -14.51600 5.90000 2.19700 2.24800 -9.15500 -9.70500 -3.58100 -0.41700 -7.20200 -11.39300 -9.12500
82.00000 2.63500 0.92600 4.37400 1.77000 -7.98500 -14.51600 3.94700 1.22100 1.27200 -9.64400 -8.72800 -3.09200 0.55900 -7.20200 -9.44000 -8.14800
83.00000 4.58800 6.78500 3.39800 -0.18300 -7.98500 -12.07500 -0.93600 0.24400 0.78300 -7.69000 -6.77500 -2.60400 2.51300 -5.24900 -6.99900 -6.19500
84.00000 5.07600 7.27300 2.42100 -1.64800 -7.00900 -8.65700 -6.79500 -0.24400 1.27200 -4.76100 -5.79800 -2.11600 4.95400 -2.80800 -5.53400 -3.26500
85.00000 4.10000 2.87900 2.90900 -2.13600 -5.54400 -5.23900 -9.72500 -0.24400 1.76000 -3.29600 -4.82200 -1.62800 5.44200 -0.36600 -5.04600 -1.80100
86.00000 2.14600 -3.95700 4.37400 -1.16000 -4.56700 -4.26200 -7.77200 0.24400 1.76000 -2.80800 -4.33300 -1.13900 4.95400 0.61000 -4.55700 -1.80100
87.00000 2.14600 -8.84000 6.32700 2.25800 -4.07900 -5.23900 -1.42400 2.68600 2.24800 -3.29600 -2.86900 -0.65100 3.97700 0.61000 -4.06900 -1.80100
88.00000 5.07600 -10.30500 8.76900 6.16500 -4.07900 -6.70400 5.90000 5.12700 2.73600 -2.31900 -0.91600 0.32600 3.48900 0.61000 -2.60400 -1.31200
89.00000 8.98200 -7.86300 10.72200 9.58300 -2.61400 -5.72700 10.29500 7.56800 4.20100 0.12200 1.03800 1.30200 3.97700 1.09900 -1.13900 -0.33600
90.00000 12.40000 -2.49200 12.18700 11.53600 0.31500 -2.79700 11.27100 8.05700 6.15400 4.51700 1.52600 1.30200 4.46600 2.07500 -0.65100 0.15300
91.00000 13.86500 4.34400 12.67500 11.04700 3.24500 1.59700 8.34100 7.56800 7.61900 7.44600 0.06100 0.81400 4.95400 3.54000 -1.62800 0.15300
92.00000 13.37700 11.66800 12.67500 8.60600 4.22200 5.50300 4.92400 5.61500 7.61900 7.93500 -2.86900 -1.13900 4.46600 3.54000 -4.06900 -1.31200
93.00000 11.91200 17.03900 12.18700 6.16500 3.73300 6.48000 2.97000 3.66200 6.15400 6.47000 -5.31000 -2.11600 3.48900 2.56300 -6.02200 -2.77700
94.00000 10.93500 18.50400 12.67500 6.16500 1.78000 6.48000 3.45900 2.68600 4.69000 4.02800 -6.28700 -2.11600 3.48900 1.58700 -6.51000 -2.77700
95.00000 10.93500 15.57400 13.65200 7.14100 0.31500 5.50300 6.38800 2.68600 3.22500 2.07500 -4.33300 -0.16300 3.48900 0.61000 -5.04600 -1.80100
96.00000 12.40000 11.18000 15.60500 9.09400 0.31500 5.50300 9.80600 4.15000 2.73600 1.58700 -0.91600 2.27900 3.97700 -0.36600 -3.09200 -0.82400
97.00000 13.86500 6.78500 18.04600 10.55900 1.29200 5.50300 13.71300 6.10400 2.73600 2.07500 2.99100 4.72000 4.46600 -1.34300 -0.65100 -0.33600
98.00000 14.35300 3.85500 19.99900 10.55900 1.78000 4.52700 16.64200 8.05700 2.73600 2.56300 5.43200 5.69700 4.46600 -2.80800 0.81400 -0.33600
99.00000 14.84200 1.90200 21.46400 10.07100 0.80400 2.08500 18.10700 9.03300 2.73600 1.58700 5.92000 6.18500 3.97700 -4.27200 1.79000 -0.82400
100.00000 13.86500 1.90200 21.46400 10.07100 -0.66100 -1.82100 17.13100 9.52100 2.24800 0.12200 5.43200 5.20800 3.48900 -5.24900 2.27900 -1.31200
101.00000 13.37700 1.90200 19.99900 11.04700 -1.63800 -3.77400 14.68900 9.52100 2.24800 -1.34300 3.47900 4.23200 2.51300 -5.24900 1.30200 -1.80100
102.00000 11.91200 4.34400 18.04600 11.53600 -0.66100 -1.82100 10.78300 9.52100 2.73600 -0.85400 1.52600 2.76700 1.53600 -4.76100 -0.65100 -3.26500
103.00000 9.95900 8.73800 15.60500 11.04700 2.75700 3.55000 6.87700 8.54500 3.71300 1.09900 -1.40400 0.32600 0.07100 -4.76100 -4.55700 -6.19500
104.00000 8.00600 14.10900 13.16300 8.11800 6.17500 10.38600 3.94700 6.59200 4.69000 3.54000 -4.82200 -1.62800 -1.39400 -5.24900 -8.95200 -9.12500
105.00000 7.51700 18.01600 11.69800 4.70000 8.12800 14.29200 2.97000 4.63900 4.69000 4.02800 -6.28700 -3.58100 -2.85800 -6.71400 -11.88200 -11.56600
106.00000 8.00600 17.03900 11.69800 2.25800 6.17500 13.31600 3.45900 3.17400 3.71300 2.56300 -7.75100 -3.58100 -4.32300 -8.66700 -12.85800 -13.51900
107.00000 10.44700 12.15600 12.67500 2.25800 2.75700 7.94500 4.92400 2.68600 1.76000 -1.34300 -7.26300 -2.60400 -4.81200 -10.13200 -11.88200 -14.00800
108.00000 12.40000 4.34400 13.65200 4.21100 -0.66100 1.10900 5.90000 3.66200 0.78300 -4.76100 -6.77500 -2.11600 -5.30000 -12.08500 -10.90500 -14.98400
109.00000 12.88900 -1.51600 13.65200 6.16500 -2.61400 -2.79700 5.41200 4.63900 -0.19300 -6.22600 -6.77500 -2.11600 -6.27600 -14.03800 -11.39300 -16.44900
110.00000 10.93500 -3.46900 12.67500 6.65300 -2.61400 -2.79700 3.45900 5.12700 -0.19300 -5.73700 -8.72800 -3.58100 -8.23000 -15.50300 -13.34600 -18.89000
111.00000 8.00600 0.43700 10.72200 6.16500 -1.63800 0.13200 2.97000 4.63900 -0.19300 -3.78400 -10.68100 -5.53400 -10.18300 -16.96800 -15.78800 -20.84400
112.00000 6.54100 7.27300 10.72200 5.67600 0.31500 4.52700 4.43500 4.63900 -0.68200 -1.83100 -11.16900 -6.51000 -11.15900 -16.96800 -16.76400 -20.84400
113.00000 7.51700 14.59800 12.67500 7.14100 2.26800 7.45600 7.85300 5.61500 -1.17000 0.12200 -9.70500 -5.53400 -11.15900 -15.01500 -14.81100 -18.40200
114.00000 10.93500 19.48000 16.09300 10.07100 3.73300 8.92100 11.27100 7.08000 -1.65800 2.07500 -5.79800 -2.60400 -9.20600 -11.59700 -10.41700 -14.49600
115.00000 13.86500 20.45700 19.51100 13.48900 5.19800 9.89800 12.24800 8.05700 -1.17000 3.05200 -1.89200 -0.16300 -7.25300 -8.17900 -6.51000 -10.10100
116.00000 14.35300 17.03900 20.97600 15.44200 5.68600 9.41000 8.83000 8.05700 -0.68200 3.54000 0.06100 0.32600 -4.81200 -6.22600 -4.55700 -7.66000
117.00000 12.40000 11.66800 20.48700 13.97700 4.71000 6.96800 4.43500 6.59200 -0.68200 1.09900 -1.40400 -1.13900 -3.83500 -6.71400 -5.53400 -7.66000
118.00000 9.95900 5.80900 18.53400 12.02400 1.78000 2.08500 1.50600 3.66200 -1.65800 -3.78400 -5.31000 -4.06900 -4.81200 -8.66700 -7.97500 -9.12500
119.00000 9.47100 1.90200 16.58100 9.58300 -1.14900 -3.77400 2.48200 1.22100 -3.61100 -10.13200 -9.70500 -6.51000 -6.76500 -12.08500 -11.39300 -12.05400
120.00000 10.44700 1.41400 14.62800 8.60600 -3.59100 -7.68000 5.41200 -0.24400 -5.56400 -14.03800 -12.63400 -7.97500 -8.23000 -14.52600 -13.34600 -14.00800
121.00000 11.42400 4.34400 12.18700 8.11800 -3.10300 -7.19200 6.87700 -0.73200 -5.07600 -13.55000 -13.12300 -7.97500 -8.71800 -15.50300 -14.32300 -14.49600
122.00000 10.93500 7.27300 9.25700 7.14100 -1.14900 -3.28600 4.92400 -0.73200 -2.14600 -9.15500 -13.12300 -7.48700 -7.25300 -13.55000 -14.32300 -14.00800
123.00000 7.51700 8.25000 5.83900 5.18800 0.31500 0.62100 -0.44800 -0.73200 1.76000 -2.80800 -13.12300 -6.99900 -4.81200 -11.10800 -14.32300 -12.54300
124.00000 2.63500 4.34400 3.39800 3.23500 -0.17300 1.10900 -5.33000 -0.73200 4.20100 1.09900 -13.61100 -7.48700 -2.37000 -8.17900 -14.81100 -11.07800
125.00000 -0.78300 -2.49200 2.90900 1.77000 -2.61400 -1.33300 -5.81900 -0.73200 4.20100 1.58700 -14.09900 -7.48700 -0.90500 -6.71400 -14.32300 -9.12500
126.00000 -0.78300 -7.37500 4.37400 2.25800 -5.54400 -5.72700 -2.40100 0.24400 2.24800 -1.83100 -12.63400 -6.02200 -0.90500 -7.20200 -12.37000 -8.14800
127.00000 3.61100 -6.88700 6.32700 3.72300 -6.52100 -8.16900 2.48200 1.70900 -0.19300 -5.73700 -9.70500 -3.58100 -1.88200 -8.17900 -9.44000 -7.17200
128.00000 9.47100 -0.53900 7.79200 4.70000 -5.05600 -7.68000 5.90000 2.68600 -1.65800 -8.17900 -5.79800 -1.13900 -2.85800 -9.15500 -6.51000 -6.19500
129.00000 12.40000 7.76200 7.30400 3.72300 -2.61400 -4.75100 4.92400 3.17400 -1.17000 -8.17900 -2.86900 0.81400 -2.85800 -8.66700 -4.06900 -5.70700
130.00000 10.44700 12.15600 5.35100 1.28200 -0.66100 -1.82100 1.50600 1.70900 0.29500 -7.69000 -2.86900 0.32600 -2.37000 -8.17900 -3.58100 -5.21900
131.00000 5.07600 9.71500 3.88600 -1.64800 -1.14900 -0.84400 -1.42400 -0.73200 1.27200 -6.71400 -4.82200 -2.11600 -1.88200 -7.20200 -5.04600 -5.70700
132.00000 -1.27200 2.39100 3.39800 -3.60100 -2.61400 -2.30900 -2.40100 -3.17400 1.76000 -6.71400 -7.75100 -5.53400 -2.85800 -7.20200 -7.48700 -6.19500
133.00000 -5.17800 -5.42200 3.88600 -3.11300 -3.59100 -4.26200 -1.42400 -4.15000 1.76000 -6.71400 -10.19300 -7.97500 -3.34700 -7.69000 -9.44000 -7.17200
134.00000 -5.17800 -9.32800 4.37400 -2.13600 -3.59100 -5.72700 1.01700 -3.17400 1.27200 -7.20200 -10.19300 -8.46400 -3.83500 -8.66700 -9.92800 -6.68300
135.00000 -2.24800 -7.37500 4.37400 -0.67100 -2.61400 -5.72700 2.48200 -1.70900 1.27200 -6.71400 -7.75100 -7.48700 -2.85800 -8.17900 -7.97500 -5.21900
136.00000 0.68200 -2.49200 3.39800 -0.67100 -1.63800 -5.23900 2.97000 -0.24400 1.76000 -5.24900 -4.33300 -4.06900 -0.90500 -6.22600 -4.06900 -1.80100
137.00000 2.14600 1.90200 2.42100 -1.64800 -2.61400 -4.75100 1.99400 0.24400 1.76000 -3.29600 -1.40400 -1.13900 2.02400 -2.80800 0.32600 2.10600
138.00000 2.14600 3.85500 2.90900 -3.11300 -3.59100 -3.77400 0.52900 -0.24400 2.24800 -1.34300 0.06100 0.81400 4.46600 1.09900 4.23200 6.01200
139.00000 1.65800 3.85500 3.88600 -3.11300 -4.07900 -1.82100 -0.44800 -0.73200 2.73600 0.61000 0.06100 2.27900 6.41900 4.02800 6.18500 8.45300
140.00000 1.17000 2.87900 4.86200 -2.13600 -3.10300 0.62100 0.52900 -0.73200 3.22500 1.58700 0.06100 2.76700 6.90700 5.49300 6.18500 8.45300
141.00000 0.68200 0.92600 5.35100 -0.18300 -1.14900 2.08500 2.48200 0.73200 3.71300 1.58700 0.54900 3.25500 6.90700 5.00500 4.72000 6.98900
142.00000 -0.78300 -1.51600 4.37400 1.28200 -0.66100 1.59700 4.43500 2.68600 3.71300 1.09900 1.03800 3.25500 5.93100 2.07500 2.76700 4.05900
143.00000 -3.22500 -4.44500 2.90900 1.28200 -2.61400 -0.84400 5.90000 4.15000 2.24800 -0.36600 1.52600 3.74300 3.97700 -1.34300 1.30200 1.12900
144.00000 -5.17800 -7.37500 1.44400 0.30500 -5.05600 -3.77400 5.90000 5.12700 0.29500 -2.31900 1.52600 3.74300 2.02400 -4.76100 0.32600 -1.31200
145.00000 -5.17800 -8.35200 1.44400 -1.64800 -7.00900 -6.21500 5.41200 4.63900 -1.17000 -3.78400 0.54900 3.25500 0.55900 -7.20200 -0.65100 -2.77700
146.00000 -4.20100 -6.88700 1.44400 -2.62500 -7.98500 -6.70400 4.43500 3.66200 -1.65800 -4.76100 -1.40400 2.27900 -0.90500 -8.17900 -1.13900 -3.75400
147.00000 -2.24800 -4.93400 1.44400 -3.11300 -7.98500 -7.19200 2.48200 2.19700 -1.65800 -5.73700 -2.86900 1.30200 -0.90500 -8.17900 -2.11600 -4.24200
148.00000 -1.27200 -3.46900 0.46800 -2.62500 -7.98500 -9.14500 -0.44800 0.73200 -1.17000 -6.71400 -4.82200 -0.65100 -0.90500 -8.66700 -4.06900 -5.21900
149.00000 -1.76000 -3.95700 -0.99700 -2.13600 -8.96200 -12.07500 -3.86600 -0.24400 -1.17000 -8.66700 -7.26300 -3.09200 -0.90500 -9.15500 -6.02200 -6.19500
150.00000 -3.71300 -5.91000 -2.46200 -2.62500 -11.40300 -15.00400 -6.79500 -1.22100 -2.14600 -10.62000 -10.19300 -5.53400 -1.39400 -10.62000 -8.46400 -7.66000
151.00000 -5.17800 -5.42200 -3.43800 -3.60100 -12.38000 -15.49300 -7.77200 -2.68600 -2.63500 -12.57300 -12.63400 -6.99900 -2.37000 -11.59700 -10.41700 -8.63600
152.00000 -6.15400 -2.49200 -3.43800 -5.55400 -11.89200 -12.07500 -6.79500 -3.66200 -3.12300 -12.08500 -13.12300 -8.46400 -3.83500 -12.08500 -11.39300 -9.12500
153.00000 -5.17800 1.90200 -2.95000 -7.50700 -9.93900 -7.68000 -4.84200 -4.63900 -3.12300 -10.13200 -12.63400 -8.46400 -4.81200 -12.08500 -10.90500 -8.63600
154.00000 -3.22500 4.34400 -1.48500 -7.99600 -7.00900 -3.77400 -2.88900 -4.63900 -2.63500 -7.69000 -11.16900 -7.97500 -5.78800 -12.08500 -9.92800 -8.63600
155.00000 -0.29500 3.85500 0.95600 -6.53100 -5.05600 -2.79700 -0.44800 -3.17400 -2.63500 -6.71400 -9.70500 -8.46400 -6.76500 -12.08500 -8.95200 -9.12500
156.00000 2.14600 0.92600 3.88600 -3.11300 -4.07900 -4.75100 1.99400 -1.70900 -3.12300 -7.20200 -9.21600 -8.95200 -7.25300 -12.57300 -9.44000 -9.61300
157.00000 4.10000 -2.49200 5.83900 0.30500 -4.56700 -7.19200 4.92400 -0.24400 -4.10000 -8.17900 -9.70500 -9.92800 -7.74100 -13.55000 -9.92800 -10.59000
158.00000 5.07600 -3.46900 7.30400 2.74700 -5.05600 -8.16900 6.38800 0.24400 -4.58800 -8.66700 -11.16900 -10.41700 -8.23000 -13.55000 -11.39300 -11.07800
159.00000 4.58800 -2.00400 7.79200 2.74700 -6.03200 -7.68000 5.90000 -0.73200 -4.58800 -8.66700 -12.63400 -10.90500 -8.23000 -13.06200 -12.37000 -11.56600
160.00000 4.58800 0.43700 6.81600 1.77000 -6.03200 -6.21500 2.48200 -2.19700 -3.61100 -7.69000 -13.12300 -10.90500 -7.74100 -12.57300 -12.85800 -11.07800
161.00000 5.07600 2.39100 5.35100 0.30500 -6.03200 -4.75100 -1.42400 -4.15000 -2.63500 -7.20200 -13.12300 -10.90500 -7.25300 -11.10800 -12.37000 -10.59000
162.00000 6.54100 3.36700 3.88600 -0.18300 -5.54400 -3.28600 -4.35400 -4.15000 -0.68200 -6.71400 -12.63400 -10.41700 -6.27600 -10.13200 -10.90500 -9.12500
163.00000 7.51700 3.36700 3.39800 0.79300 -4.07900 -2.30900 -3.86600 -3.66200 0.78300 -5.24900 -12.14600 -9.92800 -5.30000 -8.66700 -9.92800 -8.14800
164.00000 7.51700 3.85500 3.88600 2.74700 -2.61400 -0.84400 -1.42400 -1.22100 2.24800 -2.80800 -11.16900 -8.95200 -4.32300 -7.20200 -8.95200 -6.68300
165.00000 7.02900 3.36700 5.83900 4.70000 -1.14900 0.13200 1.01700 0.73200 2.73600 0.12200 -10.19300 -7.97500 -3.34700 -5.73700 -7.97500 -5.21900
166.00000 5.56400 1.90200 9.25700 7.14100 -1.14900 -0.35600 1.99400 3.17400 3.71300 2.56300 -9.21600 -6.99900 -2.37000 -4.76100 -7.97500 -4.73000
167.00000 6.54100 0.92600 13.16300 9.09400 -2.12600 -1.82100 2.48200 5.12700 4.20100 2.56300 -8.72800 -6.02200 -1.39400 -4.27200 -7.97500 -4.73000
168.00000 8.98200 2.39100 15.11600 11.04700 -3.10300 -3.28600 3.45900 7.08000 4.69000 1.09900 -7.75100 -5.04600 0.07100 -4.76100 -7.48700 -4.73000
169.00000 10.93500 5.32000 14.14000 11.04700 -3.10300 -4.26200 4.92400 8.54500 5.17800 -0.36600 -7.75100 -4.06900 1.04800 -5.24900 -7.48700 -5.21900
170.00000 9.95900 8.25000 10.72200 9.09400 -3.10300 -4.26200 7.85300 8.54500 5.66600 -0.85400 -7.26300 -2.60400 1.04800 -5.73700 -7.48700 -5.70700
171.00000 4.58800 6.78500 5.83900 4.70000 -4.07900 -4.26200 9.80600 7.56800 5.17800 -0.36600 -6.77500 -1.62800 1.04800 -6.71400 -7.48700 -6.19500
172.00000 -2.24800 -0.53900 1.44400 -0.67100 -7.00900 -6.21500 10.78300 6.59200 3.22500 -0.85400 -6.77500 -1.13900 0.55900 -7.20200 -7.97500 -6.68300
173.00000 -7.13100 -10.30500 -0.02000 -5.06600 -11.40300 -9.63300 9.31800 5.61500 0.78300 -3.29600 -6.28700 -0.65100 0.07100 -7.69000 -8.46400 -7.66000
174.00000 -7.61900 -17.14100 0.95600 -6.04200 -15.79800 -12.56300 6.38800 5.61500 -1.17000 -7.20200 -5.79800 -0.65100 0.07100 -7.69000 -7.97500 -7.17200
175.00000 -5.17800 -16.65200 3.88600 -3.60100 -17.26300 -13.54000 3.45900 6.59200 -2.14600 -10.62000 -4.82200 -0.65100 0.07100 -6.71400 -6.51000 -6.19500
176.00000 -0.29500 -9.81600 7.30400 0.79300 -14.82100 -11.58700 1.99400 7.56800 -2.14600 -11.10800 -3.84500 -0.65100 0.07100 -5.73700 -5.53400 -4.24200
177.00000 2.63500 -1.02700 10.23400 5.67600 -9.93900 -9.14500 1.99400 8.54500 -1.17000 -8.17900 -3.35700 -0.65100 -0.41700 -5.24900 -4.55700 -3.26500
178.00000 4.10000 3.85500 11.69800 8.60600 -5.54400 -9.14500 2.97000 8.05700 -0.19300 -3.78400 -4.82200 -1.62800 -1.39400 -5.73700 -6.02200 -4.24200
179.00000 4.10000 2.87900 11.69800 8.11800 -4.56700 -12.07500 2.97000 6.10400 -0.19300 -2.31900 -7.26300 -4.06900 -3.83500 -7.69000 -8.46400 -6.68300
180.00000 3.61100 -2.49200 10.23400 5.18800 -7.00900 -17.44600 2.48200 3.66200 -1.65800 -4.76100 -10.19300 -6.51000 -5.78800 -9.64400 -12.37000 -10.10100
181.00000 2.63500 -8.35200 6.81600 1.77000 -11.40300 -21.84000 1.01700 1.70900 -3.61100 -10.13200 -12.63400 -8.46400 -7.25300 -12.08500 -14.81100 -12.54300
182.00000 1.65800 -12.25800 2.90900 -1.16000 -14.33300 -21.84000 0.04100 0.73200 -5.07600 -14.52600 -13.12300 -8.46400 -8.71800 -13.06200 -14.81100 -13.03100
183.00000 -0.29500 -12.74600 0.46800 -2.62500 -13.84500 -17.93400 -0.44800 0.24400 -5.56400 -15.99100 -11.65800 -7.97500 -8.71800 -13.06200 -13.34600 -11.56600
184.00000 -1.76000 -10.79300 -0.02000 -2.13600 -10.91500 -13.05100 -0.44800 -0.24400 -5.56400 -13.55000 -10.19300 -6.99900 -9.20600 -12.08500 -11.39300 -10.10100
185.00000 -1.76000 -6.88700 1.93300 -0.67100 -7.98500 -10.61000 0.04100 -0.73200 -5.07600 -10.62000 -9.70500 -6.99900 -9.20600 -12.08500 -10.41700 -9.61300
186.00000 -0.78300 -3.46900 3.88600 0.79300 -7.49700 -11.09800 -0.44800 -1.70900 -4.58800 -8.66700 -10.68100 -8.46400 -9.20600 -13.06200 -10.90500 -10.10100
187.00000 0.19300 -1.02700 4.86200 1.77000 -8.96200 -13.54000 -0.44800 -2.19700 -4.58800 -9.15500 -12.63400 -9.92800 -9.20600 -14.03800 -12.85800 -11.56600
188.00000 0.68200 -0.05100 4.37400 1.77000 -10.91500 -14.51600 -0.44800 -2.19700 -4.58800 -10.13200 -14.09900 -10.41700 -8.71800 -15.01500 -13.83500 -12.05400
189.00000 1.17000 -0.05100 3.88600 0.79300 -10.91500 -12.56300 -1.91200 -1.70900 -4.10000 -10.13200 -14.09900 -10.41700 -8.71800 -15.50300 -13.83500 -12.05400
190.00000 2.63500 -0.53900 3.39800 0.30500 -8.96200 -8.65700 -2.88900 -0.73200 -3.61100 -8.66700 -12.63400 -8.95200 -7.74100 -14.52600 -12.85800 -11.56600
191.00000 4.58800 -0.05100 3.39800 0.30500 -6.03200 -6.21500 -4.84200 -0.24400 -2.63500 -6.71400 -11.65800 -7.97500 -6.76500 -14.03800 -12.37000 -12.05400
192.00000 6.05300 0.92600 3.39800 0.79300 -5.05600 -7.19200 -6.30700 0.24400 -2.14600 -6.71400 -11.65800 -6.99900 -4.81200 -14.03800 -12.85800 -13.03100
193.00000 4.10000 0.92600 1.44400 0.79300 -6.52100 -11.58700 -6.79500 -0.24400 -2.14600 -9.64400 -12.63400 -6.99900 -3.83500 -14.52600 -14.81100 -14.49600
194.00000 -0.29500 -1.51600 -2.46200 -0.67100 -9.93900 -17.44600 -7.28400 -1.22100 -3.12300 -13.55000 -14.58700 -7.48700 -3.83500 -15.50300 -16.27600 -14.49600
195.00000 -6.15400 -7.37500 -6.36800 -2.62500 -12.86800 -22.32900 -7.77200 -3.17400 -5.07600 -17.45600 -16.05200 -8.46400 -4.81200 -15.99100 -17.25300 -14.49600
196.00000 -9.57200 -12.74600 -8.80900 -4.57800 -14.33300 -23.79400 -8.26000 -3.66200 -6.54100 -18.92100 -16.05200 -8.95200 -6.76500 -15.99100 -16.76400 -14.00800
197.00000 -8.59600 -15.67600 -7.34500 -5.06600 -13.35700 -22.81700 -7.77200 -3.66200 -8.00600 -17.45600 -14.09900 -8.46400 -8.71800 -16.47900 -15.29900 -13.51900
198.00000 -3.71300 -14.21100 -3.92700 -3.60100 -11.40300 -19.88700 -5.33000 -2.19700 -8.00600 -15.01500 -11.65800 -6.51000 -9.69400 -16.47900 -12.85800 -13.03100
199.00000 2.14600 -8.35200 -0.02000 -1.16000 -9.45000 -16.46900 -0.93600 0.24400 -6.05300 -12.57300 -8.24000 -3.58100 -9.20600 -15.50300 -10.41700 -11.56600
200.00000 6.05300 -2.00400 3.39800 1.28200 -7.49700 -12.56300 2.97000 2.19700 -3.61100 -10.13200 -5.79800 -1.13900 -7.74100 -14.03800 -6.99900 -9.61300
201.00000 7.51700 1.90200 4.37400 2.25800 -5.54400 -9.63300 5.41200 2.68600 -1.65800 -8.17900 -4.33300 -0.16300 -5.78800 -12.57300 -5.04600 -7.17200
202.00000 7.02900 2.39100 4.37400 3.23500 -4.07900 -8.16900 4.92400 2.68600 -0.19300 -6.71400 -4.33300 -0.16300 -4.81200 -10.62000 -3.58100 -5.70700
203.00000 6.54100 2.39100 4.37400 3.72300 -3.10300 -7.68000 2.48200 2.19700 -0.19300 -6.71400 -4.82200 -1.62800 -4.32300 -9.64400 -4.06900 -4.73000
204.00000 6.54100 3.36700 4.86200 4.21100 -2.61400 -8.16900 0.52900 1.70900 -0.19300 -7.20200 -5.79800 -3.58100 -4.81200 -8.66700 -5.04600 -5.70700
205.00000 6.54100 6.29700 6.32700 5.67600 -2.12600 -8.65700 -0.44800 1.22100 -0.19300 -9.15500 -6.77500 -4.55700 -4.81200 -8.66700 -6.51000 -6.68300
206.00000 5.07600 9.71500 7.30400 5.67600 -1.63800 -8.16900 0.52900 0.73200 -0.19300 -10.62000 -7.75100 -5.53400 -4.81200 -9.15500 -8.46400 -8.14800
207.00000 3.12300 10.69100 7.79200 4.70000 -0.66100 -7.68000 1.50600 -1.22100 0.29500 -10.62000 -8.72800 -6.51000 -5.30000 -9.64400 -10.41700 -9.12500
208.00000 3.12300 8.25000 6.81600 3.23500 0.31500 -6.21500 1.50600 -3.17400 1.27200 -8.66700 -10.19300 -7.48700 -6.27600 -10.62000 -11.88200 -10.59000
209.00000 4.58800 3.85500 5.35100 2.25800 1.29200 -5.23900 0.04100 -4.15000 2.24800 -6.22600 -11.16900 -8.46400 -6.27600 -11.10800 -12.85800 -12.05400
210.00000 8.00600 1.41400 4.37400 3.72300 1.78000 -4.75100 -0.93600 -3.66200 2.24800 -3.78400 -10.68100 -7.97500 -6.27600 -10.62000 -12.85800 -12.54300
211.00000 11.91200 2.87900 5.35100 6.16500 1.29200 -4.26200 -0.44800 -1.22100 3.22500 -1.83100 -10.19300 -6.51000 -4.32300 -9.15500 -11.39300 -11.07800
212.00000 14.35300 7.27300 8.28000 10.07100 1.29200 -3.77400 0.52900 1.22100 3.71300 -1.34300 -8.72800 -4.55700 -1.88200 -6.22600 -8.95200 -8.63600
213.00000 15.33000 11.66800 13.16300 12.02400 1.29200 -2.30900 2.48200 3.17400 4.69000 -0.36600 -6.77500 -3.09200 1.04800 -2.80800 -6.99900 -5.21900
214.00000 14.84200 13.62100 17.06900 12.02400 1.29200 -0.35600 5.41200 4.63900 5.17800 1.09900 -5.31000 -1.62800 3.48900 -0.36600 -5.04600 -2.28900
215.00000 13.86500 12.64400 19.51100 11.04700 1.78000 1.59700 8.34100 5.12700 4.69000 2.07500 -2.86900 -0.16300 3.97700 1.09900 -3.09200 -0.82400
216.00000 13.86500 11.66800 19.99900 10.07100 1.78000 2.57400 11.27100 5.61500 3.71300 2.56300 -1.40400 0.81400 3.00100 0.61000 -2.60400 -0.82400
217.00000 15.33000 11.66800 19.51100 9.58300 0.80400 2.08500 13.22400 6.59200 2.24800 2.56300 0.06100 1.30200 1.53600 -0.36600 -2.11600 -1.31200
218.00000 16.30700 11.66800 18.04600 9.58300 -0.17300 1.59700 13.22400 6.59200 0.78300 2.07500 0.54900 1.30200 -0.41700 -1.83100 -2.11600 -2.28900
219.00000 16.79500 10.20300 15.60500 8.11800 -1.14900 0.62100 11.27100 5.61500 0.29500 2.07500 0.06100 0.81400 -1.88200 -2.80800 -3.09200 -3.26500
220.00000 15.33000 7.27300 12.67500 6.16500 -1.14900 0.62100 8.34100 3.66200 -0.19300 2.07500 -0.91600 -0.16300 -2.85800 -3.78400 -3.58100 -3.75400
221.00000 12.88900 4.83200 11.21000 3.72300 -0.66100 1.59700 7.36500 2.19700 0.29500 3.05200 -0.42700 -0.16300 -3.34700 -3.78400 -2.11600 -2.77700
222.00000 10.44700 4.34400 11.21000 2.25800 -0.66100 2.57400 9.31800 1.70900 1.27200 3.54000 2.01400 0.81400 -1.88200 -2.31900 0.81400 -0.82400
223.00000 10.93500 8.25000 14.62800 3.23500 -0.66100 4.03800 14.20100 2.68600 1.76000 4.02800 5.43200 3.25500 0.55900 0.61000 5.20800 3.57100
224.00000 13.86500 14.59800 19.51100 6.16500 -1.14900 5.01500 17.61900 4.63900 2.24800 4.51700 8.85000 5.20800 3.00100 3.54000 9.11500 7.96500
225.00000 17.28300 18.99200 24.39400 9.58300 -1.63800 5.01500 19.08400 6.10400 2.24800 4.51700 9.33800 6.18500 4.95400 5.98100 10.57900 9.91800
226.00000 19.72500 19.96900 25.85900 12.02400 -1.63800 4.52700 17.61900 7.08000 1.76000 4.51700 7.87400 5.69700 4.95400 5.98100 8.62600 8.45300
227.00000 19.23600 16.55100 23.90500 12.51200 -1.63800 2.57400 15.17700 6.59200 1.27200 3.05200 4.45600 2.76700 2.51300 3.05200 3.74300 4.54700
228.00000 16.79500 11.18000 20.48700 11.53600 -1.63800 0.62100 13.22400 5.61500 0.29500 1.09900 1.03800 -0.16300 0.07100 -0.85400 -0.65100 -0.33600
229.00000 13.86500 7.27300 17.06900 10.55900 -2.61400 -1.82100 11.75900 4.63900 -0.68200 -0.85400 -0.91600 -2.11600 -2.37000 -3.78400 -4.06900 -3.75400
230.00000 11.91200 4.83200 15.11600 9.58300 -4.07900 -3.28600 9.31800 3.17400 -1.65800 -2.80800 -1.89200 -3.58100 -2.85800 -4.76100 -4.55700 -4.73000
231.00000 10.93500 3.85500 15.11600 8.60600 -4.56700 -3.77400 5.41200 1.22100 -2.63500 -2.80800 -2.86900 -4.06900 -2.85800 -4.27200 -3.58100 -3.75400
232.00000 9.95900 2.87900 15.11600 7.14100 -4.56700 -3.77400 2.48200 -0.24400 -2.63500 -2.31900 -3.84500 -4.55700 -1.88200 -2.80800 -2.60400 -2.28900
233.00000 8.98200 2.87900 15.60500 6.16500 -3.59100 -2.79700 2.48200 0.24400 -2.14600 -1.34300 -4.33300 -3.58100 -1.39400 -1.34300 -2.11600 -1.31200
234.00000 8.00600 4.34400 15.60500 6.16500 -2.12600 -1.33300 6.38800 1.70900 -1.65800 -0.36600 -3.84500 -2.60400 -0.90500 -0.85400 -1.62800 -1.31200
235.00000 9.47100 7.76200 16.09300 8.11800 -1.63800 1.10900 11.75900 4.63900 -1.17000 -0.36600 -1.40400 -0.65100 -0.90500 -0.85400 -1.13900 -0.82400
236.00000 12.88900 11.18000 16.58100 10.55900 -1.63800 2.57400 15.66600 7.56800 -0.68200 -1.34300 2.01400 1.79000 -0.90500 -0.85400 0.32600 -0.82400
237.00000 16.30700 12.15600 16.58100 13.00000 -2.12600 3.55000 16.15400 9.03300 -0.68200 -1.83100 3.96700 3.25500 -0.41700 -1.34300 1.30200 -0.33600
238.00000 17.77100 11.66800 16.58100 13.97700 -2.61400 3.06200 14.20100 9.52100 -1.17000 -2.31900 3.96700 3.74300 -0.90500 -1.83100 1.30200 0.15300
239.00000 17.28300 9.71500 16.09300 13.00000 -1.63800 2.08500 11.27100 9.03300 -2.14600 -2.80800 2.01400 3.25500 -1.88200 -2.31900 0.81400 -0.33600
240.00000 14.35300 9.71500 15.60500 12.02400 -0.17300 1.10900 9.80600 9.03300 -2.14600 -2.31900 0.54900 3.25500 -2.85800 -3.29600 0.32600 -0.82400
241.00000 12.40000 11.66800 15.60500 11.04700 0.80400 0.62100 9.31800 8.05700 -2.14600 -2.31900 0.54900 3.25500 -3.34700 -4.76100 0.32600 -0.82400
242.00000 12.40000 15.08600 15.11600 10.55900 1.29200 1.59700 8.83000 7.56800 -2.14600 -2.80800 2.01400 3.74300 -2.85800 -5.24900 1.30200 -0.82400
243.00000 13.86500 17.03900 14.62800 10.55900 0.31500 1.59700 8.34100 6.59200 -1.65800 -3.29600 3.96700 4.23200 -1.88200 -4.76100 2.76700 0.15300
244.00000 14.35300 15.57400 13.65200 10.07100 -1.14900 0.13200 8.34100 5.12700 -2.14600 -3.78400 4.94400 4.23200 -0.41700 -4.27200 3.74300 1.12900
245.00000 12.40000 11.66800 11.69800 7.62900 -2.12600 -2.30900 9.80600 2.68600 -2.14600 -3.78400 4.45600 3.74300 0.55900 -3.78400 4.23200 1.61700
246.00000 8.49400 6.78500 10.23400 4.70000 -2.61400 -5.23900 11.27100 0.73200 -1.65800 -4.27200 2.99100 2.76700 2.02400 -2.80800 3.74300 1.61700
247.00000 4.58800 2.87900 8.76900 1.77000 -3.10300 -7.19200 9.80600 -0.24400 -1.17000 -4.76100 1.52600 2.27900 3.00100 -2.31900 3.25500 1.61700
248.00000 2.63500 -0.05100 7.79200 0.30500 -4.07900 -7.68000 5.41200 -0.73200 -1.17000 -6.71400 1.03800 2.76700 3.00100 -2.31900 3.25500 2.10600
249.00000 2.63500 -1.51600 7.30400 -0.18300 -5.05600 -7.19200 1.01700 -0.24400 -1.17000 -9.15500 1.52600 3.25500 2.51300 -3.29600 3.25500 1.61700
250.00000 4.58800 -2.00400 8.28000 0.30500 -6.52100 -7.68000 0.04100 1.22100 -1.65800 -10.62000 2.50200 3.74300 1.53600 -3.78400 3.25500 1.61700
251.00000 6.54100 -1.02700 10.72200 2.25800 -7.49700 -8.65700 4.43500 2.68600 -2.14600 -10.62000 2.99100 4.23200 0.55900 -4.76100 2.76700 1.12900
252.00000 7.51700 0.92600 14.14000 4.21100 -7.00900 -9.63300 11.27100 4.15000 -2.63500 -9.64400 2.50200 4.23200 -0.90500 -5.73700 1.79000 -0.33600
253.00000 7.02900 2.39100 16.09300 6.16500 -6.52100 -10.61000 15.17700 4.63900 -3.12300 -8.17900 1.52600 3.25500 -1.39400 -6.22600 0.32600 -1.80100
254.00000 5.07600 2.39100 16.09300 7.14100 -7.49700 -10.12200 13.22400 4.15000 -3.61100 -8.17900 0.54900 2.27900 -2.37000 -7.20200 -1.62800 -3.26500
255.00000 3.12300 0.92600 13.16300 5.67600 -8.96200 -10.12200 5.90000 2.19700 -4.58800 -10.13200 -0.42700 0.81400 -3.83500 -8.17900 -3.58100 -5.21900
256.00000 1.65800 -2.00400 9.25700 3.23500 -10.42700 -10.12200 0.52900 0.73200 -5.56400 -13.06200 -1.40400 -0.65100 -5.78800 -9.64400 -5.53400 -6.68300
