1.00000 -4.08900 -3.95700 -6.00200 -1.67800 -4.11000 -5.40200 -3.26500 1.94300 0.46800 1.53600 12.79700 4.74000 1.07800 8.79900 11.66800 10.81300
2.00000 -1.64800 -0.53900 -1.60700 0.27500 -2.15700 -1.98400 3.57100 -3.42800 -0.50900 4.95400 14.75000 5.22900 1.56700 10.26400 13.62100 12.76700
3.00000 1.28200 1.90200 2.78700 2.71600 0.28500 1.43400 6.98900 -1.47500 -0.99700 6.90700 13.28500 4.74000 0.59000 9.28800 12.15600 11.79000
4.00000 3.72300 3.85500 4.74000 4.18100 2.23800 3.38700 6.01200 -0.49800 -2.95000 8.37200 8.89100 2.78700 -0.38700 7.82300 8.25000 9.34900
5.00000 6.16500 5.32000 5.71700 5.64600 3.70300 5.34100 2.59400 -6.84600 -0.50900 8.86000 3.52000 0.83400 -1.85100 5.38100 2.87900 4.95400
6.00000 8.60600 6.29700 5.22900 6.13400 4.19100 5.82900 -0.82400 -5.38100 -1.97300 8.37200 -0.87500 -1.60700 -3.31600 2.94000 -1.51600 1.53600
7.00000 9.58300 6.29700 4.25200 7.11100 4.19100 5.82900 -0.82400 -1.96300 -1.97300 7.39500 -3.80500 -3.56000 -4.29300 -0.47800 -4.44500 -1.39400
8.00000 8.11800 4.83200 2.29900 7.11100 3.70300 3.87600 0.64100 0.47800 -0.99700 3.48900 -5.75800 -5.02500 -5.75800 -4.87300 -5.42200 -3.83500
9.00000 3.72300 1.90200 -0.63100 6.62200 1.75000 1.43400 1.12900 2.43100 1.44400 -2.85800 -7.71100 -5.51400 -6.24600 -9.75500 -5.91000 -5.78800
10.00000 -1.16000 -2.00400 -4.53700 4.66900 -0.20300 -2.47200 -2.28900 2.43100 1.93300 -10.18300 -9.17600 -5.51400 -6.24600 -13.17300 -7.37500 -7.74100
11.00000 -5.55400 -5.91000 -6.97800 2.22800 -2.15700 -5.40200 -7.66000 6.82600 2.90900 -15.55400 -10.15200 -5.02500 -5.75800 -14.63800 -9.32800 -9.20600
12.00000 -7.01900 -8.35200 -7.46700 0.27500 -4.11000 -6.86600 -11.07800 5.36100 2.90900 -16.53000 -9.17600 -3.56000 -3.80500 -13.17300 -8.84000 -8.71800
13.00000 -5.55400 -8.84000 -6.00200 -0.70200 -4.11000 -6.37800 -10.10100 0.96600 2.90900 -13.11200 -5.26900 -1.11900 -0.87500 -8.77900 -6.88700 -5.30000
14.00000 -2.62500 -7.37500 -2.58400 0.27500 -4.11000 -4.42500 -5.21900 0.47800 0.95600 -5.78800 -0.87500 1.81100 2.05500 -3.40800 -2.00400 -0.90500
15.00000 -0.67100 -4.44500 0.34600 2.22800 -2.64500 -1.00700 0.64100 -0.01000 -0.02000 0.55900 2.05500 4.25200 4.98500 0.98700 3.36700 3.48900
16.00000 0.30500 -2.00400 1.81100 3.20400 -2.15700 1.92300 3.08200 -0.01000 -0.99700 4.46600 3.52000 5.71700 6.44900 3.42800 5.80900 5.93100
17.00000 0.30500 -1.02700 1.81100 2.71600 -1.66800 3.38700 2.10600 0.47800 -0.50900 4.46600 3.03100 5.22900 5.47300 3.91600 5.80900 5.93100
18.00000 -0.67100 -1.51600 1.32200 0.76300 -2.15700 3.38700 0.64100 0.96600 -0.50900 2.51300 2.05500 4.25200 4.00800 3.42800 4.34400 4.95400
19.00000 -2.13600 -2.98100 0.83400 -1.19000 -3.13300 1.92300 1.12900 2.43100 0.46800 1.53600 1.56700 2.78700 1.56700 2.45200 1.90200 3.48900
20.00000 -2.13600 -4.93400 0.34600 -2.16700 -3.62100 -0.03100 2.59400 5.36100 0.95600 1.04800 0.59000 1.32200 -0.38700 1.96300 0.92600 2.51300
21.00000 -3.11300 -5.42200 -0.14200 -1.67800 -3.62100 -1.49500 3.08200 -0.49800 5.35100 0.55900 -0.87500 0.34600 -0.87500 0.98700 0.43700 2.02400
22.00000 -4.08900 -5.42200 -1.60700 -0.21400 -3.13300 -2.47200 -0.33600 4.38400 4.37400 -0.90500 -1.85100 -0.14200 -0.38700 0.98700 0.43700 1.04800
23.00000 -4.57800 -3.95700 -2.09600 0.76300 -2.15700 -1.49500 -5.21900 -2.94000 7.79200 -1.88200 -1.85100 -0.14200 1.56700 1.96300 -1.02700 0.55900
24.00000 -4.08900 -2.49200 -1.60700 1.74000 -1.66800 -0.03100 -8.63600 3.89600 10.23400 -1.39400 -0.38700 -0.63100 4.00800 4.40500 -2.49200 0.55900
25.00000 -1.64800 -1.02700 1.32200 3.20400 -0.20300 2.41100 -7.66000 9.26700 7.79200 1.53600 1.56700 -0.14200 6.44900 7.82300 -3.46900 1.53600
26.00000 2.25800 1.41400 5.22900 5.15700 1.26100 4.85200 -2.77700 0.47800 7.79200 5.93100 4.98500 0.83400 8.40300 11.24100 -2.00400 3.97700
27.00000 6.16500 3.85500 8.15800 7.11100 2.72600 7.29400 3.57100 0.96600 5.35100 9.83700 6.93800 1.81100 9.37900 13.68200 0.43700 6.41900
28.00000 8.11800 6.29700 9.62300 8.57500 4.19100 9.24700 8.45300 1.45500 2.90900 11.79000 9.37900 3.27600 9.37900 14.17000 3.85500 8.37200
29.00000 8.60600 8.25000 9.13500 8.57500 6.14400 10.71200 10.40600 -2.94000 1.44400 12.76700 10.84400 4.25200 8.89100 14.17000 5.32000 8.86000
30.00000 7.62900 9.22600 7.67000 8.08700 6.63200 11.68800 11.38300 -6.35800 -1.97300 13.74300 10.84400 4.25200 7.91400 13.68200 5.32000 7.88400
31.00000 7.14100 9.71500 7.18200 7.59900 6.63200 12.17700 12.36000 -5.87000 -3.43800 15.69600 9.86700 3.76400 6.93800 13.19400 3.36700 6.90700
32.00000 7.62900 9.22600 7.18200 6.62200 4.67900 11.68800 12.36000 -6.84600 -1.48500 16.67300 7.42600 2.78700 5.47300 11.24100 1.41400 5.93100
33.00000 7.62900 8.25000 6.69400 4.66900 2.23800 9.73500 10.89500 -5.87000 -2.46200 15.69600 4.00800 0.83400 3.52000 7.82300 -0.53900 3.97700
34.00000 6.65300 6.29700 3.76400 2.71600 -0.20300 5.82900 5.03500 -3.91600 -3.43800 10.32500 -0.87500 -1.60700 0.10200 1.47500 -2.00400 0.55900
35.00000 3.23500 3.85500 -0.14200 0.27500 -2.64500 1.43400 -3.26500 -0.49800 -4.41500 2.51300 -6.24600 -5.02500 -2.82800 -5.36100 -4.44500 -3.83500
36.00000 -0.67100 0.43700 -5.02500 -1.19000 -4.11000 -2.96000 -11.07800 -1.96300 -3.92700 -6.27600 -11.12900 -8.44300 -6.24600 -11.22000 -7.37500 -8.71800
37.00000 -3.60100 -2.49200 -8.93100 -1.67800 -4.59800 -6.86600 -16.93700 6.33700 -3.43800 -13.11200 -15.52300 -11.37300 -8.19900 -14.63800 -11.28100 -12.13600
38.00000 -6.53100 -5.91000 -10.88500 -1.67800 -5.57500 -9.30800 -19.86700 -7.33400 -0.02000 -16.53000 -18.45300 -12.83800 -9.17600 -16.59100 -14.21100 -14.08900
39.00000 -7.50700 -7.86300 -11.86100 -1.67800 -6.55100 -11.26100 -19.37900 3.40800 -4.90300 -17.50700 -19.43000 -12.83800 -9.17600 -18.05600 -15.67600 -15.06600
40.00000 -7.99600 -9.32800 -12.34900 -2.65500 -8.50400 -12.23800 -17.42600 8.77900 -4.41500 -16.04200 -18.45300 -10.88500 -8.68700 -19.03300 -15.18800 -15.06600
41.00000 -8.97200 -9.32800 -11.86100 -4.12000 -9.96900 -11.74900 -14.49600 1.45500 -2.46200 -14.08900 -16.01200 -8.93100 -7.71100 -19.52100 -14.21100 -15.06600
42.00000 -9.46000 -8.84000 -9.90800 -5.09600 -10.45700 -9.79600 -11.07800 -0.01000 -2.46200 -11.64800 -12.59400 -6.97800 -7.22200 -19.03300 -12.25800 -15.06600
43.00000 -9.46000 -7.37500 -6.49000 -5.09600 -9.48100 -7.35500 -8.14800 4.38400 -2.46200 -9.69400 -9.66400 -5.02500 -6.73400 -17.56800 -10.79300 -13.60100
44.00000 -7.99600 -6.39900 -3.07200 -4.12000 -8.01600 -4.42500 -5.21900 3.89600 -3.43800 -8.23000 -7.22200 -3.56000 -6.24600 -14.63800 -8.84000 -11.15900
45.00000 -6.53100 -5.42200 -0.63100 -2.65500 -7.03900 -2.47200 -2.77700 -1.47500 -1.97300 -7.74100 -6.24600 -3.07200 -5.26900 -12.19700 -7.37500 -8.23000
46.00000 -5.06600 -4.93400 -0.63100 -2.16700 -6.55100 -1.98400 -0.82400 -0.01000 -1.48500 -7.25300 -5.75800 -2.58400 -3.80500 -9.26700 -5.42200 -5.30000
47.00000 -4.08900 -4.44500 -2.09600 -1.67800 -6.06300 -2.47200 0.15300 0.96600 1.93300 -7.25300 -6.24600 -2.58400 -2.34000 -7.80200 -4.93400 -3.83500
48.00000 -3.60100 -3.95700 -3.56000 -1.67800 -6.06300 -3.93700 0.64100 1.94300 -2.95000 -7.74100 -6.24600 -3.07200 -1.36300 -6.82600 -4.44500 -3.34700
49.00000 -3.11300 -3.46900 -3.07200 -0.70200 -5.08600 -4.42500 -1.31200 3.89600 -0.02000 -7.74100 -6.24600 -4.04900 -0.87500 -5.84900 -4.93400 -3.83500
50.00000 -2.13600 -2.49200 -0.63100 0.76300 -4.11000 -3.44800 -3.26500 5.36100 -0.99700 -7.25300 -5.75800 -4.53700 -0.87500 -4.38400 -4.93400 -3.83500
51.00000 -0.67100 -1.51600 2.29900 3.20400 -3.13300 -1.98400 -4.24200 4.38400 -1.48500 -4.32300 -4.78100 -4.53700 -0.38700 -1.94300 -4.44500 -2.37000
52.00000 1.28200 0.92600 5.22900 5.15700 -2.64500 0.45800 -3.75400 0.47800 -4.41500 -1.39400 -2.82800 -4.04900 1.07800 0.98700 -2.49200 0.07100
53.00000 4.21100 2.87900 6.69400 6.13400 -2.64500 2.41100 -0.33600 -0.49800 -4.90300 2.51300 -0.38700 -3.07200 2.54300 3.42800 0.43700 3.48900
54.00000 7.14100 5.32000 7.67000 6.13400 -2.64500 3.87600 3.08200 -5.38100 -5.88000 4.46600 2.54300 -0.63100 4.49600 5.38100 4.34400 6.41900
55.00000 8.60600 6.29700 7.67000 5.64600 -3.62100 3.87600 4.54700 -3.42800 -6.85600 4.46600 5.47300 1.32200 5.96100 5.87000 7.27300 8.86000
56.00000 8.60600 5.32000 6.69400 5.15700 -5.08600 1.92300 3.57100 -9.28800 -6.85600 1.53600 6.44900 4.25200 6.44900 5.38100 9.22600 9.34900
57.00000 6.65300 3.36700 3.76400 3.20400 -6.55100 -1.00700 0.64100 -6.84600 -8.32100 -2.85800 6.44900 6.20500 6.44900 3.42800 10.20300 9.34900
58.00000 3.23500 0.43700 -1.11900 0.76300 -8.01600 -4.42500 -2.77700 -5.38100 -8.80900 -7.25300 5.47300 6.69400 5.96100 1.47500 9.71500 8.37200
59.00000 -0.18300 -2.00400 -5.51400 -2.16700 -9.48100 -6.37800 -5.21900 -3.91600 -8.32100 -10.18300 3.52000 6.20500 5.47300 -0.47800 8.73800 7.39500
60.00000 -2.13600 -4.44500 -8.44300 -4.60800 -9.96900 -8.33100 -7.66000 -0.49800 -11.25100 -11.64800 1.56700 5.22900 5.96100 -0.96600 7.27300 6.90700
61.00000 -2.62500 -6.39900 -8.93100 -6.07300 -10.45700 -9.30800 -9.12500 -3.91600 -9.29800 -12.13600 0.10200 3.27600 5.96100 -1.94300 5.80900 5.93100
62.00000 -2.13600 -7.86300 -8.93100 -5.58500 -10.45700 -10.77300 -11.07800 9.26700 -9.29800 -13.11200 -0.87500 1.81100 5.96100 -2.92000 5.32000 5.44200
63.00000 -2.62500 -9.81600 -8.44300 -4.60800 -10.94600 -12.72600 -14.00800 2.92000 -4.41500 -15.55400 -1.36300 0.83400 5.47300 -4.87300 4.34400 3.97700
64.00000 -5.55400 -11.77000 -10.39600 -4.12000 -12.41000 -14.67900 -16.93700 4.38400 -3.92700 -18.97200 -1.85100 0.83400 4.00800 -7.80200 3.85500 2.51300
65.00000 -10.92500 -13.72300 -13.32600 -5.58500 -12.89900 -16.14400 -19.37900 7.31400 -1.97300 -22.87800 -2.34000 0.83400 2.54300 -10.24400 1.90200 0.07100
66.00000 -16.29600 -15.67600 -16.25600 -7.53800 -14.36400 -16.14400 -20.35500 0.96600 0.95600 -24.34300 -2.34000 1.81100 1.56700 -11.22000 0.43700 -1.39400
67.00000 -19.22600 -17.14100 -17.23200 -9.97900 -14.85200 -15.65600 -17.91400 2.92000 1.44400 -22.87800 -1.85100 2.29900 1.56700 -10.73200 -1.02700 -2.37000
68.00000 -19.22600 -18.60600 -16.25600 -10.95600 -15.34000 -14.19100 -13.03100 1.45500 1.93300 -19.46000 -0.38700 3.27600 2.54300 -9.26700 -0.53900 -2.37000
69.00000 -16.29600 -19.09400 -14.30300 -10.46800 -14.36400 -12.72600 -5.21900 6.33700 1.44400 -16.04200 2.05500 4.25200 3.52000 -7.31400 0.92600 -1.39400
70.00000 -13.85500 -18.11700 -12.34900 -8.51400 -12.89900 -11.74900 0.64100 0.47800 2.90900 -14.08900 4.00800 4.74000 4.98500 -5.84900 3.36700 0.07100
71.00000 -11.90200 -16.16400 -10.88500 -7.53800 -10.94600 -10.28400 3.08200 2.92000 3.88600 -14.57700 4.00800 4.25200 5.47300 -4.87300 4.83200 1.53600
72.00000 -11.41400 -13.23400 -9.90800 -6.56100 -8.99300 -8.33100 0.64100 1.94300 3.88600 -15.55400 3.03100 3.27600 5.47300 -3.89600 4.83200 2.02400
73.00000 -11.41400 -11.28100 -8.93100 -6.56100 -8.01600 -6.86600 -3.75400 5.84900 2.42100 -14.57700 1.56700 1.81100 4.49600 -2.43100 3.85500 3.00100
74.00000 -10.92500 -9.32800 -8.44300 -6.07300 -7.03900 -4.42500 -6.19500 -6.84600 3.88600 -10.18300 1.56700 0.83400 4.00800 -0.47800 3.36700 3.97700
75.00000 -9.94900 -9.32800 -6.49000 -5.58500 -6.55100 -2.47200 -5.21900 0.47800 4.37400 -3.83500 3.52000 1.32200 4.49600 1.47500 4.34400 4.95400
76.00000 -7.99600 -8.84000 -4.53700 -3.63200 -5.57500 -0.51900 -1.31200 -7.82300 1.44400 1.53600 5.47300 1.81100 4.98500 3.42800 6.29700 6.90700
77.00000 -6.04200 -7.37500 -2.58400 -2.16700 -4.11000 0.94600 0.64100 -8.31100 -0.99700 3.00100 5.47300 2.29900 5.96100 3.42800 7.27300 7.88400
78.00000 -4.57800 -5.91000 -2.09600 -1.67800 -2.15700 1.92300 -0.82400 -9.77600 -0.02000 1.04800 3.03100 1.32200 5.96100 3.42800 6.78500 6.90700
79.00000 -4.08900 -4.93400 -2.58400 -3.14300 -1.66800 1.43400 -4.73000 -8.31100 0.46800 -2.85800 -0.38700 -0.63100 5.47300 1.96300 4.34400 4.95400
80.00000 -6.04200 -6.88700 -6.00200 -6.07300 -3.13300 -0.51900 -8.63600 -8.31100 0.95600 -6.27600 -3.31600 -2.58400 4.49600 0.49800 2.39100 3.00100
81.00000 -9.46000 -10.30500 -10.39600 -9.97900 -6.06300 -3.44800 -10.10100 -8.31100 -0.50900 -7.25300 -4.29300 -3.56000 3.52000 -0.96600 1.90200 2.02400
82.00000 -13.36700 -14.69900 -14.30300 -12.42100 -8.99300 -5.89000 -9.61300 -8.79900 -4.41500 -6.27600 -3.80500 -3.07200 3.52000 -1.45500 2.87900 2.51300
83.00000 -15.80800 -16.16400 -16.74400 -13.88500 -9.96900 -6.86600 -9.61300 -2.45200 -7.83300 -5.78800 -3.80500 -2.58400 4.00800 -1.45500 4.34400 3.48900
84.00000 -13.85500 -13.23400 -16.25600 -12.90900 -8.50400 -5.40200 -12.54300 -2.45200 -10.27400 -5.78800 -5.26900 -2.09600 4.00800 -1.45500 4.34400 3.97700
85.00000 -8.97200 -7.86300 -14.30300 -10.46800 -6.55100 -2.47200 -17.42600 -1.47500 -12.71600 -6.76500 -7.22200 -2.58400 3.52000 -1.94300 2.39100 3.97700
86.00000 -3.60100 -2.00400 -12.34900 -9.00300 -5.08600 -1.00700 -21.33200 1.45500 -13.69200 -8.23000 -8.68700 -3.07200 2.54300 -3.40800 -0.05100 2.51300
87.00000 -1.64800 -0.53900 -12.34900 -8.51400 -6.55100 -2.47200 -21.33200 3.89600 -15.64500 -10.18300 -8.19900 -3.07200 1.56700 -5.84900 -2.49200 0.55900
88.00000 -4.08900 -3.95700 -13.81400 -9.00300 -10.45700 -7.84300 -18.89000 2.92000 -12.71600 -13.11200 -6.73400 -2.09600 0.10200 -8.77900 -2.98100 -0.90500
89.00000 -8.48400 -10.79300 -15.76700 -10.46800 -14.36400 -14.19100 -14.49600 6.82600 -11.25100 -16.53000 -5.75800 -0.14200 -1.85100 -11.70900 -2.98100 -1.88200
90.00000 -12.39000 -17.14100 -16.25600 -10.95600 -17.78200 -19.56200 -10.10100 7.80200 -5.88000 -20.92500 -5.75800 0.83400 -3.80500 -14.63800 -3.46900 -4.32300
91.00000 -13.36700 -21.04700 -15.27900 -9.97900 -18.75800 -22.00300 -7.66000 0.47800 -2.95000 -24.83100 -7.22200 0.34600 -5.75800 -17.08000 -4.93400 -6.76500
92.00000 -11.90200 -21.04700 -13.81400 -8.51400 -18.27000 -21.51500 -6.68300 3.40800 0.46800 -26.29600 -7.71100 -0.14200 -7.71100 -18.54500 -6.88700 -9.20600
93.00000 -10.43700 -19.09400 -12.34900 -7.53800 -17.29300 -20.05000 -6.19500 2.43100 5.35100 -25.31900 -6.24600 -0.63100 -8.19900 -18.05600 -7.37500 -9.69400
94.00000 -9.94900 -17.14100 -12.34900 -7.05000 -16.31700 -18.09700 -5.70700 2.43100 6.81600 -21.90100 -4.29300 0.34600 -7.71100 -15.61500 -5.91000 -8.71800
95.00000 -11.41400 -16.16400 -11.37300 -7.53800 -15.82800 -16.63200 -4.24200 -0.01000 7.79200 -17.50700 -2.34000 1.32200 -5.75800 -11.70900 -3.95700 -5.78800
96.00000 -12.39000 -14.69900 -9.90800 -8.51400 -13.87500 -14.19100 -2.28900 1.94300 5.35100 -13.60100 -1.36300 2.78700 -2.34000 -7.31400 -2.00400 -2.85800
97.00000 -11.41400 -13.72300 -6.97800 -8.02600 -11.92200 -10.77300 0.64100 3.40800 6.32700 -9.69400 -1.36300 2.29900 0.59000 -2.92000 -0.53900 0.07100
98.00000 -8.97200 -12.25800 -4.04900 -6.56100 -9.48100 -6.37800 3.08200 5.36100 5.35100 -5.30000 -0.87500 0.83400 3.03100 0.01000 -0.05100 2.02400
99.00000 -6.53100 -11.28100 -1.60700 -5.58500 -7.52800 -2.96000 4.05900 3.40800 3.39800 -0.90500 0.59000 -0.14200 4.00800 1.96300 1.41400 3.00100
100.00000 -5.55400 -10.30500 -1.11900 -5.09600 -6.55100 -0.51900 4.05900 0.47800 2.42100 2.51300 2.54300 -0.14200 4.00800 2.94000 2.39100 3.00100
101.00000 -5.55400 -9.32800 -2.09600 -5.09600 -7.03900 -0.03100 3.08200 0.47800 0.46800 4.46600 3.52000 1.32200 4.00800 2.45200 3.36700 2.51300
102.00000 -6.04200 -9.32800 -3.56000 -6.07300 -8.01600 -1.00700 2.59400 -0.98700 -0.50900 4.46600 3.03100 2.29900 3.52000 1.96300 2.87900 2.02400
103.00000 -7.01900 -10.30500 -3.56000 -7.05000 -9.96900 -2.47200 4.05900 -2.45200 -1.97300 2.51300 2.05500 3.27600 3.52000 1.47500 1.41400 1.04800
104.00000 -7.50700 -12.25800 -4.04900 -8.02600 -11.92200 -4.42500 5.03500 -3.91600 -1.97300 0.07100 1.56700 3.27600 3.52000 0.49800 -0.53900 0.55900
105.00000 -8.97200 -14.69900 -5.02500 -9.49100 -14.36400 -6.37800 4.54700 -4.40500 -0.02000 -2.85800 1.07800 2.78700 3.52000 -0.47800 -1.51600 0.55900
106.00000 -11.41400 -17.14100 -7.95500 -11.44400 -16.31700 -8.33100 1.61700 -5.38100 -0.50900 -5.78800 -0.38700 1.81100 3.52000 -1.45500 -2.00400 0.07100
107.00000 -15.32000 -18.60600 -11.37300 -13.88500 -17.29300 -8.82000 -3.75400 -6.35800 -1.48500 -7.25300 -2.82800 0.83400 4.00800 -1.94300 -2.49200 -0.41700
108.00000 -17.27300 -18.60600 -14.79100 -15.35000 -16.80500 -9.30800 -8.14800 -6.84600 -2.95000 -7.74100 -5.75800 -1.11900 3.52000 -2.92000 -3.46900 -1.39400
109.00000 -17.27300 -17.14100 -16.25600 -14.86200 -14.85200 -8.82000 -10.10100 -5.87000 -3.43800 -5.78800 -7.71100 -2.58400 3.03100 -2.92000 -3.95700 -1.88200
110.00000 -15.32000 -15.18800 -15.76700 -13.88500 -12.89900 -8.82000 -10.59000 0.96600 -4.90300 -4.32300 -8.19900 -4.04900 3.03100 -2.92000 -4.44500 -1.88200
111.00000 -12.87800 -14.69900 -15.27900 -12.42100 -11.43400 -9.30800 -10.10100 -13.19400 -4.90300 -3.34700 -7.22200 -4.53700 2.54300 -3.40800 -3.46900 -1.39400
112.00000 -11.41400 -15.18800 -14.79100 -11.93200 -11.92200 -11.26100 -11.07800 -0.01000 -7.83300 -5.78800 -6.73400 -4.04900 2.05500 -4.87300 -2.98100 -0.90500
113.00000 -12.39000 -17.14100 -15.76700 -12.42100 -13.38700 -13.21400 -14.49600 -11.24100 -5.39100 -9.69400 -6.73400 -3.07200 1.07800 -6.82600 -2.00400 -1.39400
114.00000 -14.83200 -20.07000 -17.72100 -13.39700 -15.82800 -16.63200 -18.89000 -5.38100 -6.36800 -14.57700 -7.71100 -3.07200 0.59000 -9.26700 -2.00400 -2.37000
115.00000 -17.27300 -22.02400 -19.67400 -14.37400 -17.78200 -18.58500 -21.82000 -3.42800 -5.88000 -17.01900 -7.71100 -3.07200 0.10200 -10.73200 -1.51600 -3.83500
116.00000 -19.71400 -23.48800 -21.13900 -14.37400 -19.24600 -20.05000 -20.84400 -4.40500 -5.88000 -17.50700 -8.19900 -3.07200 0.59000 -11.70900 -1.51600 -4.81200
117.00000 -20.69100 -23.97700 -21.13900 -14.37400 -20.22300 -20.05000 -15.96100 -2.45200 -4.41500 -16.53000 -9.17600 -3.56000 1.56700 -12.19700 -2.49200 -5.30000
118.00000 -21.66700 -24.46500 -21.13900 -14.86200 -20.71100 -20.05000 -10.10100 -1.47500 -3.43800 -17.01900 -10.64000 -3.56000 1.07800 -12.68500 -4.93400 -5.30000
119.00000 -22.15600 -24.95300 -20.65000 -15.35000 -20.22300 -20.05000 -7.66000 0.96600 -0.99700 -18.97200 -13.08200 -4.53700 -0.38700 -13.66200 -8.84000 -6.27600
120.00000 -22.64400 -25.93000 -20.16200 -15.83900 -19.73500 -20.05000 -8.63600 -5.38100 0.95600 -20.92500 -15.03500 -5.51400 -2.82800 -15.12700 -13.23400 -8.23000
121.00000 -22.15600 -26.90600 -19.67400 -15.35000 -18.75800 -20.05000 -13.51900 -2.94000 2.42100 -21.90100 -15.52300 -6.49000 -5.26900 -16.10300 -15.67600 -10.67100
122.00000 -21.17900 -25.93000 -19.67400 -13.88500 -17.29300 -18.58500 -17.91400 -0.49800 2.42100 -20.43700 -14.54700 -7.95500 -6.24600 -16.59100 -15.67600 -12.62400
123.00000 -20.20300 -23.97700 -18.69700 -11.93200 -14.85200 -16.63200 -18.89000 0.96600 2.42100 -17.01900 -13.57000 -7.95500 -6.73400 -16.10300 -13.72300 -13.60100
124.00000 -18.25000 -21.04700 -17.23200 -9.97900 -13.38700 -13.70200 -14.98400 4.38400 1.44400 -13.60100 -13.08200 -7.95500 -5.75800 -15.12700 -11.77000 -13.60100
125.00000 -16.78500 -19.09400 -14.30300 -8.51400 -11.43400 -11.26100 -8.63600 5.84900 0.46800 -10.18300 -13.08200 -7.46700 -4.29300 -13.17300 -11.28100 -12.13600
126.00000 -14.83200 -17.14100 -11.86100 -7.53800 -10.94600 -9.79600 -4.24200 0.47800 -0.50900 -8.23000 -12.59400 -6.97800 -3.31600 -10.73200 -10.79300 -10.18300
127.00000 -12.39000 -17.14100 -9.42000 -6.07300 -10.45700 -8.82000 -3.75400 -0.49800 -0.99700 -6.76500 -10.64000 -6.00200 -1.85100 -8.29100 -9.81600 -7.74100
128.00000 -11.41400 -16.65200 -7.95500 -5.09600 -9.96900 -8.33100 -5.21900 -1.47500 -0.50900 -5.78800 -7.71100 -4.04900 -0.38700 -6.33700 -8.35200 -5.30000
129.00000 -10.43700 -15.67600 -6.97800 -4.60800 -9.48100 -7.84300 -6.19500 -4.40500 -1.48500 -4.81200 -4.78100 -2.09600 0.59000 -5.84900 -5.42200 -3.83500
130.00000 -10.92500 -14.69900 -6.49000 -4.12000 -9.48100 -6.86600 -3.75400 -0.49800 -1.97300 -3.83500 -3.31600 -0.63100 2.05500 -5.36100 -2.98100 -2.85800
131.00000 -11.41400 -13.23400 -6.49000 -5.09600 -9.48100 -6.37800 -0.82400 -13.19400 -0.02000 -4.32300 -4.29300 -0.14200 3.03100 -4.87300 -2.49200 -2.85800
132.00000 -11.90200 -13.23400 -7.46700 -6.56100 -9.48100 -6.37800 1.12900 -7.82300 -0.99700 -5.30000 -7.71100 -1.11900 3.52000 -4.87300 -4.44500 -3.34700
133.00000 -11.90200 -14.21100 -9.42000 -8.02600 -9.96900 -7.35500 -1.80100 -9.28800 -1.97300 -6.76500 -11.12900 -3.07200 4.00800 -4.38400 -7.86300 -4.32300
134.00000 -11.90200 -15.18800 -11.86100 -9.49100 -10.94600 -9.30800 -8.63600 -8.31100 -1.48500 -10.18300 -13.57000 -5.51400 4.00800 -5.36100 -10.30500 -5.30000
135.00000 -12.87800 -16.16400 -14.30300 -10.46800 -11.92200 -10.77300 -15.96100 -6.84600 -2.46200 -13.60100 -14.54700 -6.49000 4.00800 -6.33700 -11.28100 -6.27600
136.00000 -13.85500 -16.16400 -16.25600 -10.46800 -12.41000 -11.74900 -19.37900 -4.89300 -6.36800 -16.04200 -14.05800 -6.97800 3.52000 -7.31400 -11.28100 -6.76500
137.00000 -14.34300 -16.16400 -17.23200 -10.46800 -12.41000 -11.26100 -16.44900 -2.45200 -6.85600 -16.04200 -14.05800 -6.97800 2.54300 -8.77900 -10.30500 -7.74100
138.00000 -12.87800 -15.18800 -17.72100 -9.49100 -11.43400 -10.28400 -11.07800 -0.98700 -7.34500 -13.11200 -15.52300 -7.95500 1.07800 -9.26700 -10.30500 -9.20600
139.00000 -11.41400 -14.21100 -18.20900 -8.51400 -10.45700 -9.30800 -7.66000 5.36100 -9.29800 -10.18300 -17.47600 -9.42000 -0.87500 -10.24400 -11.28100 -10.18300
140.00000 -9.46000 -13.23400 -18.20900 -7.53800 -9.96900 -9.30800 -9.12500 -2.94000 -7.83300 -8.23000 -18.94100 -10.88500 -1.85100 -11.70900 -12.25800 -11.15900
141.00000 -8.48400 -12.25800 -17.23200 -6.07300 -9.96900 -10.77300 -14.98400 3.89600 -9.29800 -9.69400 -18.45300 -11.37300 -2.82800 -12.68500 -12.74600 -12.13600
142.00000 -8.97200 -12.25800 -15.27900 -5.09600 -10.94600 -12.72600 -19.86700 1.45500 -7.34500 -13.60100 -16.98800 -10.39600 -3.31600 -14.15000 -12.74600 -12.13600
143.00000 -9.94900 -12.74600 -13.32600 -4.12000 -11.92200 -14.19100 -20.84400 2.43100 -6.85600 -17.50700 -15.03500 -8.44300 -4.29300 -15.12700 -12.25800 -12.13600
144.00000 -11.41400 -13.72300 -11.86100 -3.63200 -13.38700 -15.65600 -17.42600 1.94300 -4.90300 -19.46000 -14.05800 -6.49000 -5.26900 -16.59100 -12.25800 -12.13600
145.00000 -12.87800 -16.16400 -12.34900 -3.63200 -13.87500 -16.63200 -13.03100 2.43100 -4.90300 -19.46000 -14.54700 -6.00200 -5.75800 -16.59100 -12.25800 -12.62400
146.00000 -14.34300 -18.60600 -13.32600 -4.60800 -14.85200 -17.12000 -9.12500 -0.98700 -0.50900 -17.99500 -14.54700 -6.00200 -5.75800 -16.10300 -12.25800 -12.62400
147.00000 -15.80800 -19.58200 -13.81400 -6.07300 -15.82800 -17.60900 -7.66000 -0.98700 0.95600 -17.01900 -13.08200 -6.00200 -5.26900 -15.12700 -12.25800 -12.62400
148.00000 -16.29600 -20.07000 -13.81400 -7.05000 -15.82800 -17.60900 -7.17200 -2.45200 -0.02000 -17.01900 -10.64000 -4.53700 -3.80500 -14.15000 -10.30500 -11.15900
149.00000 -16.29600 -19.58200 -13.32600 -7.53800 -15.34000 -17.12000 -6.68300 -2.45200 1.44400 -17.01900 -7.71100 -3.07200 -2.34000 -12.68500 -8.35200 -9.20600
150.00000 -15.32000 -19.09400 -12.34900 -8.51400 -15.34000 -16.14400 -6.68300 -3.91600 0.46800 -16.04200 -5.75800 -1.60700 -1.36300 -11.22000 -5.91000 -8.23000
151.00000 -14.34300 -19.58200 -12.83800 -8.51400 -14.85200 -14.67900 -7.66000 -3.42800 0.95600 -14.08900 -6.24600 -1.11900 -0.87500 -9.75500 -5.42200 -7.74100
152.00000 -14.83200 -20.55900 -14.79100 -9.49100 -14.36400 -13.21400 -9.12500 -2.94000 0.95600 -11.64800 -7.22200 -2.09600 -0.87500 -8.29100 -6.39900 -7.74100
153.00000 -16.29600 -21.53500 -17.23200 -10.95600 -13.38700 -11.74900 -10.59000 -1.96300 0.95600 -8.71800 -8.19900 -3.56000 -0.87500 -7.31400 -7.86300 -7.74100
154.00000 -18.73800 -21.53500 -19.18500 -12.42100 -12.89900 -10.77300 -10.59000 -3.42800 -0.50900 -7.25300 -8.19900 -4.53700 -1.36300 -7.31400 -8.84000 -7.74100
155.00000 -20.69100 -20.55900 -18.69700 -12.90900 -12.89900 -9.30800 -9.61300 -3.42800 -0.99700 -6.27600 -8.19900 -5.51400 -1.85100 -8.29100 -8.84000 -8.23000
156.00000 -20.69100 -19.09400 -17.72100 -12.42100 -12.89900 -8.33100 -8.14800 -5.38100 -3.43800 -6.27600 -8.68700 -5.51400 -2.34000 -9.26700 -8.35200 -8.23000
157.00000 -18.73800 -18.60600 -15.76700 -11.93200 -13.38700 -8.33100 -7.66000 -8.79900 -2.95000 -6.27600 -9.66400 -6.00200 -3.31600 -10.24400 -8.35200 -8.71800
158.00000 -16.78500 -19.09400 -14.79100 -11.44400 -14.36400 -9.79600 -8.14800 -6.84600 -3.43800 -6.76500 -11.61700 -6.49000 -3.31600 -10.24400 -9.81600 -9.20600
159.00000 -15.80800 -21.53500 -15.27900 -12.90900 -16.31700 -12.23800 -10.10100 -2.45200 -3.92700 -7.74100 -12.59400 -7.95500 -3.31600 -10.24400 -11.28100 -9.69400
160.00000 -17.27300 -24.95300 -17.23200 -14.37400 -18.27000 -14.67900 -13.03100 -21.49500 0.46800 -9.20600 -13.08200 -8.44300 -3.31600 -10.24400 -12.74600 -10.18300
161.00000 -20.69100 -27.88300 -20.65000 -16.32700 -19.24600 -16.14400 -16.93700 -11.24100 -2.95000 -10.18300 -13.57000 -8.44300 -2.82800 -11.22000 -12.74600 -10.67100
162.00000 -24.59700 -29.34800 -25.04500 -18.76800 -19.73500 -16.63200 -21.33200 -11.72900 -0.99700 -11.64800 -15.03500 -8.93100 -2.82800 -12.68500 -12.74600 -11.64800
163.00000 -26.55000 -28.85900 -28.95100 -19.25700 -18.27000 -15.65600 -25.72600 -5.87000 -2.46200 -12.62400 -16.01200 -9.42000 -3.31600 -13.17300 -12.74600 -12.62400
164.00000 -26.06200 -26.41800 -30.41600 -18.76800 -16.31700 -13.21400 -28.16800 -4.40500 -3.43800 -13.11200 -16.50000 -9.90800 -3.80500 -12.68500 -12.25800 -12.62400
165.00000 -23.13200 -23.00000 -28.95100 -17.30300 -13.87500 -9.79600 -25.23800 -2.45200 -3.92700 -13.60100 -15.03500 -10.39600 -3.31600 -10.24400 -11.28100 -11.15900
166.00000 -18.25000 -19.09400 -24.06800 -14.86200 -11.92200 -6.37800 -17.91400 0.96600 -4.41500 -12.13600 -12.10500 -9.90800 -1.85100 -7.31400 -8.84000 -8.23000
167.00000 -13.85500 -16.65200 -18.20900 -12.90900 -10.45700 -4.42500 -9.12500 0.96600 -5.39100 -9.20600 -9.17600 -8.93100 -0.38700 -4.87300 -5.42200 -4.32300
168.00000 -11.41400 -15.18800 -14.79100 -11.44400 -10.45700 -3.93700 -3.75400 2.92000 -7.34500 -5.30000 -8.19900 -6.97800 0.59000 -3.40800 -2.98100 -1.39400
169.00000 -11.90200 -15.18800 -13.81400 -10.95600 -11.43400 -4.91300 -4.24200 3.40800 -7.83300 -1.39400 -8.19900 -5.51400 1.07800 -2.92000 -2.00400 0.07100
170.00000 -13.36700 -16.65200 -15.27900 -10.46800 -12.41000 -6.86600 -8.63600 3.89600 -7.83300 0.07100 -8.19900 -4.04900 0.10200 -3.40800 -2.00400 -0.41700
171.00000 -14.83200 -18.11700 -17.23200 -9.97900 -12.89900 -8.82000 -12.54300 3.89600 -7.83300 -1.88200 -7.71100 -2.58400 -0.87500 -4.87300 -3.46900 -1.39400
172.00000 -15.80800 -19.58200 -17.23200 -9.00300 -13.38700 -10.28400 -12.54300 6.82600 -5.39100 -6.76500 -6.73400 -2.09600 -1.85100 -6.33700 -4.44500 -2.85800
173.00000 -16.29600 -22.02400 -16.25600 -8.02600 -14.36400 -12.23800 -9.12500 -8.79900 0.95600 -11.64800 -7.71100 -1.60700 -3.31600 -9.26700 -5.42200 -3.83500
174.00000 -17.27300 -23.97700 -15.27900 -8.02600 -15.82800 -14.67900 -5.70700 -0.49800 -1.48500 -15.06600 -8.68700 -1.11900 -4.29300 -11.22000 -6.39900 -4.81200
175.00000 -19.22600 -26.41800 -15.27900 -9.00300 -18.27000 -18.09700 -5.21900 0.47800 -0.99700 -16.53000 -9.66400 -2.09600 -4.78100 -12.68500 -7.86300 -5.30000
176.00000 -21.17900 -27.88300 -16.25600 -10.95600 -19.73500 -21.51500 -8.14800 0.47800 -1.48500 -16.53000 -9.17600 -2.58400 -4.78100 -13.17300 -7.86300 -6.76500
177.00000 -21.17900 -26.41800 -15.27900 -11.93200 -19.73500 -21.02700 -9.61300 2.43100 -0.50900 -15.06600 -7.22200 -2.58400 -3.80500 -12.68500 -7.37500 -7.25300
178.00000 -18.73800 -23.00000 -12.34900 -11.44400 -18.75800 -17.60900 -8.14800 1.94300 -1.48500 -13.60100 -6.24600 -3.07200 -3.31600 -11.22000 -5.91000 -7.74100
179.00000 -14.34300 -19.09400 -7.95500 -9.97900 -16.31700 -12.72600 -2.28900 -0.98700 -1.48500 -11.64800 -6.24600 -3.56000 -3.31600 -10.73200 -5.91000 -8.23000
180.00000 -11.41400 -17.14100 -5.02500 -8.51400 -14.85200 -9.79600 3.08200 2.43100 -2.46200 -10.18300 -7.71100 -5.02500 -3.80500 -10.73200 -7.86300 -9.20600
181.00000 -10.92500 -17.14100 -5.51400 -8.51400 -14.85200 -9.30800 3.57100 2.43100 -2.46200 -9.20600 -9.66400 -6.00200 -4.29300 -10.73200 -10.79300 -10.67100
182.00000 -13.36700 -19.09400 -8.93100 -9.97900 -15.82800 -11.74900 -0.82400 1.94300 -2.46200 -8.71800 -9.17600 -6.00200 -4.29300 -10.73200 -12.74600 -11.15900
183.00000 -16.29600 -19.58200 -12.34900 -11.44400 -16.31700 -13.21400 -5.70700 1.45500 -3.43800 -8.23000 -6.73400 -5.02500 -4.29300 -9.75500 -11.77000 -10.18300
184.00000 -17.76100 -18.11700 -13.32600 -11.44400 -15.82800 -12.23800 -6.68300 -2.45200 -3.92700 -7.74100 -3.31600 -3.07200 -3.31600 -7.31400 -8.35200 -7.25300
185.00000 -15.80800 -16.16400 -10.88500 -10.46800 -14.36400 -8.82000 -2.28900 -3.91600 -3.43800 -7.25300 -0.38700 -1.11900 -2.34000 -5.84900 -3.95700 -3.83500
186.00000 -12.39000 -15.18800 -8.44300 -9.00300 -12.89900 -5.40200 4.05900 -1.96300 -0.50900 -7.25300 1.07800 0.83400 -1.36300 -5.36100 -2.00400 -2.37000
187.00000 -10.43700 -15.67600 -6.49000 -7.53800 -12.41000 -5.40200 7.47700 -3.42800 -0.02000 -7.25300 0.59000 1.32200 -1.85100 -6.82600 -2.00400 -2.37000
188.00000 -10.43700 -17.14100 -7.46700 -7.53800 -13.38700 -7.84300 5.03500 -0.98700 -0.50900 -7.74100 -0.38700 0.83400 -2.82800 -8.77900 -3.46900 -4.32300
189.00000 -11.41400 -17.14100 -8.93100 -8.02600 -13.38700 -10.77300 0.15300 0.96600 -1.97300 -8.23000 -1.85100 -0.63100 -3.31600 -8.77900 -4.44500 -5.30000
190.00000 -11.41400 -14.69900 -8.93100 -8.51400 -12.89900 -10.77300 -5.21900 3.89600 -2.46200 -7.74100 -2.34000 -2.09600 -3.31600 -6.82600 -3.46900 -4.81200
191.00000 -9.46000 -10.79300 -6.97800 -7.53800 -10.45700 -7.84300 -6.19500 4.38400 -3.43800 -6.76500 -1.85100 -2.58400 -2.82800 -3.40800 -0.53900 -1.88200
192.00000 -5.06600 -6.88700 -3.07200 -5.58500 -7.52800 -3.44800 -3.75400 5.84900 -3.92700 -5.78800 -0.87500 -2.09600 -2.34000 -0.47800 1.90200 0.55900
193.00000 -0.67100 -4.93400 0.83400 -3.14300 -5.08600 -0.03100 0.15300 6.33700 -5.39100 -5.78800 0.10200 -1.60700 -2.34000 0.98700 2.87900 2.02400
194.00000 2.74700 -4.44500 3.27600 -0.70200 -4.11000 0.94600 3.08200 7.31400 -5.39100 -5.30000 1.07800 -1.11900 -2.82800 0.01000 1.90200 2.02400
195.00000 3.72300 -4.44500 3.27600 1.25100 -4.59800 0.45800 3.57100 7.31400 -4.90300 -3.83500 2.05500 -0.63100 -3.80500 -1.45500 1.41400 1.53600
196.00000 3.23500 -3.46900 3.27600 1.74000 -5.57500 0.45800 3.57100 7.31400 -4.41500 -1.39400 2.54300 -0.14200 -4.29300 -1.45500 1.90200 1.04800
197.00000 2.74700 -2.49200 3.27600 2.71600 -6.55100 0.45800 3.57100 6.82600 -4.90300 1.04800 3.03100 0.83400 -3.80500 -1.45500 3.85500 2.02400
198.00000 2.25800 -2.00400 3.76400 2.71600 -8.01600 0.45800 4.54700 6.82600 -5.39100 2.02400 2.54300 0.83400 -3.80500 -1.45500 4.83200 2.51300
199.00000 2.74700 -2.98100 4.74000 3.20400 -8.99300 -0.51900 5.52400 6.33700 -6.85600 -0.41700 1.56700 0.83400 -3.31600 -2.43100 4.34400 2.51300
200.00000 2.74700 -5.42200 5.22900 2.71600 -9.96900 -1.98400 6.01200 2.92000 -5.39100 -4.32300 0.59000 0.34600 -3.31600 -4.87300 2.39100 0.55900
201.00000 1.77000 -7.86300 4.25200 2.22800 -10.94600 -4.42500 6.01200 3.40800 -8.32100 -8.71800 0.59000 0.34600 -3.31600 -7.31400 0.43700 -1.88200
202.00000 -0.67100 -9.32800 2.29900 0.27500 -11.92200 -5.89000 5.03500 0.96600 -6.36800 -10.67100 1.07800 0.83400 -3.31600 -8.77900 -1.02700 -3.83500
203.00000 -3.11300 -10.30500 0.34600 -2.16700 -12.89900 -7.35500 4.05900 2.43100 -4.90300 -11.15900 1.07800 0.83400 -2.82800 -9.26700 -2.00400 -4.81200
204.00000 -4.57800 -10.79300 -1.60700 -3.63200 -13.87500 -7.84300 0.64100 -2.45200 -1.97300 -11.15900 -1.36300 -0.14200 -3.31600 -9.75500 -2.98100 -5.30000
205.00000 -5.06600 -11.28100 -2.58400 -3.63200 -14.36400 -8.82000 -2.77700 -0.49800 -0.99700 -11.64800 -5.26900 -2.09600 -3.80500 -11.70900 -5.42200 -6.27600
206.00000 -5.06600 -11.77000 -3.07200 -2.65500 -14.85200 -9.79600 -6.68300 0.96600 -1.48500 -12.62400 -9.17600 -5.02500 -5.26900 -13.66200 -8.84000 -8.71800
207.00000 -5.06600 -12.25800 -3.07200 -1.67800 -13.87500 -10.28400 -8.63600 3.40800 -0.99700 -13.60100 -11.12900 -6.97800 -6.24600 -15.12700 -10.79300 -11.15900
208.00000 -6.53100 -12.25800 -3.56000 -2.16700 -12.89900 -10.28400 -8.14800 1.94300 -1.97300 -13.11200 -10.64000 -7.95500 -7.22200 -15.12700 -11.28100 -12.13600
209.00000 -8.48400 -12.74600 -4.53700 -3.63200 -11.92200 -9.30800 -5.21900 2.43100 -0.99700 -12.62400 -8.19900 -6.49000 -6.73400 -14.15000 -9.81600 -12.13600
210.00000 -10.43700 -14.21100 -5.02500 -5.58500 -12.41000 -9.30800 -0.82400 3.89600 -1.48500 -12.13600 -5.26900 -4.53700 -5.26900 -12.68500 -7.86300 -9.69400
211.00000 -10.43700 -15.67600 -6.00200 -6.56100 -13.38700 -10.28400 2.59400 7.31400 -0.02000 -12.62400 -3.31600 -2.58400 -3.80500 -11.70900 -5.91000 -7.74100
212.00000 -9.46000 -17.62900 -6.00200 -6.56100 -13.87500 -11.26100 4.05900 8.29100 0.95600 -14.08900 -2.34000 -1.11900 -2.82800 -11.70900 -4.93400 -6.27600
213.00000 -7.50700 -17.62900 -5.51400 -5.58500 -13.87500 -11.26100 2.59400 6.82600 2.90900 -15.06600 -1.36300 -1.11900 -2.34000 -10.73200 -3.95700 -5.78800
214.00000 -5.55400 -15.67600 -4.53700 -3.14300 -12.89900 -9.79600 0.15300 4.87300 1.44400 -14.57700 0.10200 -0.63100 -2.34000 -8.77900 -2.49200 -4.81200
215.00000 -4.57800 -12.25800 -2.58400 -1.19000 -10.45700 -6.37800 -1.31200 3.40800 -0.02000 -12.62400 2.54300 0.83400 -0.87500 -5.36100 -0.53900 -2.85800
216.00000 -3.60100 -8.35200 -0.14200 1.25100 -7.03900 -2.96000 -0.82400 1.45500 -0.50900 -8.23000 4.98500 2.29900 1.07800 -0.96600 1.41400 0.55900
217.00000 -2.62500 -5.42200 1.81100 2.71600 -4.11000 -0.03100 2.10600 0.47800 -1.48500 -3.83500 6.44900 3.76400 3.03100 2.45200 1.90200 3.00100
218.00000 -2.13600 -4.93400 1.81100 3.20400 -2.64500 0.94600 5.03500 -0.49800 -1.48500 0.55900 5.47300 4.25200 4.00800 3.91600 0.92600 3.48900
219.00000 -3.60100 -7.37500 -0.63100 1.25100 -3.13300 -0.51900 5.03500 -0.49800 -1.48500 1.53600 3.03100 2.78700 3.52000 3.42800 -1.02700 2.51300
220.00000 -6.53100 -11.77000 -5.02500 -2.16700 -5.08600 -3.44800 1.12900 -0.01000 -0.99700 -0.90500 -0.38700 0.83400 1.56700 0.98700 -3.46900 0.07100
221.00000 -11.41400 -17.14100 -9.42000 -6.56100 -8.01600 -7.35500 -4.73000 1.94300 -1.97300 -5.78800 -3.31600 -1.60700 -0.38700 -2.43100 -4.44500 -2.85800
222.00000 -14.83200 -20.55900 -11.86100 -9.49100 -10.94600 -9.79600 -8.63600 3.40800 -2.46200 -10.18300 -4.29300 -2.58400 -2.34000 -5.84900 -4.44500 -4.81200
223.00000 -16.29600 -21.53500 -11.37300 -10.46800 -12.41000 -10.77300 -9.12500 3.89600 -3.92700 -11.64800 -3.31600 -2.58400 -2.34000 -7.31400 -3.95700 -5.78800
224.00000 -13.85500 -20.07000 -8.44300 -9.00300 -12.89900 -10.28400 -6.68300 2.43100 -4.41500 -9.69400 -2.34000 -1.60700 -2.34000 -7.80200 -2.49200 -5.30000
225.00000 -10.92500 -16.65200 -5.51400 -6.07300 -11.43400 -7.84300 -3.26500 2.43100 -4.90300 -5.78800 -1.36300 -0.63100 -1.36300 -7.31400 -1.51600 -4.32300
226.00000 -8.48400 -13.23400 -3.56000 -3.63200 -9.96900 -5.40200 -0.82400 1.45500 -6.36800 -3.34700 -1.85100 -0.63100 -0.87500 -6.82600 -1.02700 -3.34700
227.00000 -7.50700 -11.77000 -2.58400 -2.16700 -8.99300 -4.91300 -0.82400 -0.01000 -6.85600 -4.32300 -2.82800 -0.63100 -1.36300 -6.82600 -1.51600 -2.85800
228.00000 -7.50700 -11.77000 -3.07200 -1.19000 -9.48100 -4.91300 -2.28900 -0.01000 -4.41500 -8.23000 -3.31600 -1.11900 -2.34000 -7.80200 -2.00400 -2.85800
229.00000 -8.48400 -13.23400 -3.56000 -1.67800 -10.94600 -6.86600 -3.26500 1.45500 -4.90300 -12.13600 -3.31600 -1.60700 -3.31600 -9.26700 -2.98100 -3.83500
230.00000 -8.97200 -15.67600 -5.02500 -3.14300 -12.89900 -8.82000 -3.75400 -4.89300 -2.95000 -14.08900 -3.31600 -1.60700 -3.31600 -9.75500 -3.46900 -4.81200
231.00000 -9.94900 -18.60600 -7.46700 -5.09600 -14.36400 -11.26100 -6.19500 0.96600 -3.43800 -15.06600 -4.78100 -2.09600 -3.31600 -10.73200 -4.93400 -6.27600
232.00000 -12.39000 -21.04700 -11.86100 -7.53800 -15.82800 -13.21400 -10.10100 3.40800 -1.97300 -16.53000 -8.19900 -3.07200 -3.31600 -12.68500 -6.88700 -7.74100
233.00000 -16.78500 -23.97700 -16.25600 -9.97900 -15.34000 -14.19100 -14.98400 4.87300 -1.97300 -18.48300 -12.10500 -4.53700 -4.78100 -15.12700 -10.30500 -10.67100
234.00000 -20.69100 -25.44100 -19.18500 -10.46800 -14.85200 -15.16700 -17.91400 6.33700 -1.97300 -21.41300 -14.54700 -5.51400 -6.24600 -17.56800 -13.23400 -13.11200
235.00000 -22.64400 -25.44100 -19.18500 -9.00300 -13.38700 -15.16700 -15.96100 6.33700 0.95600 -22.39000 -14.05800 -5.51400 -7.22200 -18.54500 -14.69900 -14.57700
236.00000 -20.20300 -23.00000 -14.30300 -6.07300 -11.92200 -13.21400 -10.10100 6.82600 -0.50900 -20.43700 -10.15200 -4.53700 -7.71100 -17.56800 -13.23400 -14.08900
237.00000 -13.36700 -17.62900 -6.00200 -2.65500 -10.45700 -10.77300 -2.77700 7.31400 -0.02000 -14.57700 -4.78100 -2.09600 -6.73400 -14.15000 -9.81600 -11.64800
238.00000 -4.08900 -11.77000 2.78700 0.76300 -8.99300 -6.37800 2.10600 5.84900 -0.50900 -7.74100 -0.38700 0.34600 -5.26900 -10.24400 -4.93400 -8.23000
239.00000 4.21100 -5.91000 8.64700 3.20400 -7.52800 -2.47200 4.05900 5.84900 -0.02000 -3.34700 3.03100 2.29900 -3.80500 -6.33700 -1.02700 -4.32300
240.00000 8.11800 -2.98100 10.11100 4.18100 -6.55100 0.45800 3.08200 4.38400 0.46800 -2.37000 4.49600 3.76400 -2.34000 -3.40800 0.43700 -1.39400
241.00000 8.11800 -1.51600 7.67000 4.18100 -5.57500 1.92300 2.10600 2.92000 0.46800 -3.83500 5.96100 5.22900 -0.87500 -1.45500 0.92600 0.07100
242.00000 4.70000 -2.00400 4.25200 3.69300 -5.57500 1.92300 2.59400 1.94300 -1.97300 -6.27600 5.96100 5.22900 0.10200 -0.96600 0.43700 1.04800
243.00000 1.77000 -2.49200 2.29900 3.20400 -5.57500 1.43400 3.57100 -0.49800 -0.99700 -6.76500 5.47300 5.22900 1.56700 -0.47800 -0.05100 2.02400
244.00000 -0.67100 -2.98100 1.81100 2.22800 -6.06300 -0.51900 3.08200 -1.47500 -1.97300 -6.27600 4.00800 3.76400 2.05500 -0.47800 -0.05100 2.51300
245.00000 -2.13600 -4.93400 1.32200 1.25100 -7.03900 -1.98400 0.15300 0.47800 -2.95000 -5.78800 2.05500 1.81100 2.54300 0.49800 -0.53900 2.02400
246.00000 -3.11300 -7.37500 0.34600 -0.70200 -8.50400 -3.44800 -3.26500 0.96600 -5.39100 -5.78800 0.59000 -0.14200 2.54300 1.47500 -0.53900 2.02400
247.00000 -4.57800 -10.30500 -1.11900 -2.16700 -9.96900 -3.44800 -5.21900 1.45500 -5.39100 -5.78800 -0.38700 -1.60700 3.03100 1.96300 -2.00400 1.04800
248.00000 -5.06600 -12.25800 -2.09600 -3.63200 -10.45700 -2.47200 -4.24200 -0.01000 -7.34500 -5.30000 -0.38700 -2.09600 3.52000 1.96300 -2.00400 0.07100
249.00000 -4.57800 -11.77000 -2.09600 -3.63200 -10.94600 -0.51900 -1.80100 1.45500 -7.83300 -3.83500 0.10200 -1.60700 3.52000 0.98700 -2.00400 0.07100
250.00000 -3.11300 -8.84000 -0.63100 -3.63200 -10.94600 0.94600 0.64100 0.96600 -7.83300 -2.85800 0.59000 -1.11900 4.00800 0.01000 -1.02700 0.55900
251.00000 -1.64800 -5.42200 1.32200 -2.65500 -9.96900 1.92300 2.10600 3.40800 -6.85600 -2.37000 1.56700 -0.63100 3.03100 -0.96600 -0.05100 0.55900
252.00000 -0.18300 -3.46900 2.78700 -1.67800 -8.99300 1.92300 3.08200 5.36100 -8.80900 -3.34700 2.05500 -0.63100 1.56700 -2.92000 -0.05100 0.07100
253.00000 1.28200 -2.98100 5.22900 -0.70200 -7.52800 1.43400 4.05900 8.29100 -7.34500 -5.30000 2.54300 -0.63100 -0.87500 -4.87300 -1.02700 -1.39400
254.00000 2.74700 -2.98100 7.18200 0.76300 -6.55100 0.94600 6.01200 11.22000 -5.39100 -8.23000 3.03100 -0.14200 -3.31600 -7.31400 -2.00400 -2.85800
255.00000 4.70000 -2.49200 9.13500 2.71600 -5.08600 0.94600 7.47700 13.66200 -2.95000 -10.18300 4.00800 0.83400 -5.75800 -9.26700 -2.00400 -3.83500
256.00000 6.16500 -1.02700 11.57600 4.18100 -3.62100 1.43400 8.94200 13.17300 -2.46200 -11.64800 5.47300 1.81100 -6.73400 -9.75500 -0.05100 -2.85800
