1.00000 -13.47900 -12.72600 -8.29100 -5.25900 -6.32700 -15.56400 -5.46300 -5.19800 0.10200 -8.67700 5.67600 3.94700 -9.52100 -8.32100 -8.92100 -11.82000
2.00000 -11.03700 -9.79600 -5.84900 -4.77100 -2.90900 -9.21600 -2.04500 -4.22200 0.59000 -4.77100 13.00000 9.80600 -7.08000 -2.95000 -3.06200 -3.52000
3.00000 -7.13100 -5.40200 -4.38400 -4.77100 0.99700 -3.35700 -0.58000 -4.71000 0.59000 -1.35300 15.44200 13.22400 -4.15000 2.42100 1.82100 4.78100
4.00000 -3.71300 -1.98400 -4.87300 -5.25900 4.41500 -0.91600 -1.06800 -3.73300 0.59000 0.11200 12.51200 13.22400 -1.70900 4.37400 4.75100 8.19900
5.00000 -2.24800 -1.49500 -6.82600 -6.23600 4.41500 -2.86900 -4.48600 -3.73300 1.07800 -1.84100 6.16500 10.29500 -1.22100 2.42100 3.77400 4.29300
6.00000 -3.71300 -3.93700 -9.75500 -7.70100 2.46200 -7.75100 -8.39200 -4.22200 0.10200 -5.25900 0.79300 5.90000 -2.68600 -1.48500 0.35600 -4.00800
7.00000 -5.66600 -5.89000 -11.22000 -7.70100 0.02000 -12.63400 -10.34500 -2.75700 -2.34000 -7.21200 -2.13600 2.48200 -4.63900 -4.90300 -2.57400 -11.33200
8.00000 -6.64300 -6.37800 -10.73200 -5.74700 -1.44400 -12.63400 -11.32200 -1.29200 -2.82800 -6.23600 -3.11300 1.01700 -5.61500 -4.41500 -4.52700 -13.77400
9.00000 -5.17800 -3.93700 -7.31400 -2.81800 -0.46800 -8.72800 -10.34500 -0.80400 -2.34000 -1.84100 -4.08900 1.01700 -4.63900 -2.95000 -4.52700 -10.35600
10.00000 -2.73600 -1.00700 -3.89600 -0.86500 0.50900 -3.35700 -9.36900 -0.80400 -0.38700 1.08800 -5.55400 1.01700 -2.19700 -1.97300 -3.06200 -4.98500
11.00000 -2.24800 -1.00700 -2.43100 -0.86500 -0.46800 -1.40400 -10.83400 -1.78000 -0.87500 1.08800 -8.97200 -0.44800 -1.22100 -3.43800 -3.55000 -2.54300
12.00000 -5.17800 -5.40200 -3.89600 -3.79400 -5.35100 -3.84500 -12.78700 -1.78000 0.59000 -2.33000 -11.90200 -2.88900 -1.22100 -6.36800 -5.50300 -4.00800
13.00000 -11.03700 -12.72600 -7.80200 -7.21200 -11.21000 -9.70500 -14.25200 -3.73300 0.10200 -6.23600 -13.36700 -4.35400 -2.19700 -7.83300 -9.89800 -8.40300
14.00000 -16.40800 -19.07300 -12.19700 -9.65400 -16.09300 -15.56400 -14.74000 -2.75700 0.59000 -8.18900 -13.36700 -4.35400 -3.17400 -7.34500 -13.80400 -12.30900
15.00000 -19.33800 -21.51500 -14.15000 -10.63000 -18.04600 -18.49400 -13.76300 -3.24500 0.10200 -6.72400 -12.39000 -2.40100 -2.68600 -6.36800 -15.75700 -13.77400
16.00000 -18.36100 -20.05000 -13.66200 -9.65400 -16.09300 -18.49400 -11.81000 -2.75700 -0.38700 -4.28300 -10.43700 0.04100 -1.70900 -5.88000 -15.26900 -13.28500
17.00000 -15.43200 -16.14400 -12.19700 -8.18900 -12.18700 -17.02900 -11.32200 0.17300 -1.36300 -2.33000 -8.97200 1.99400 -0.73200 -6.85600 -14.29200 -13.77400
18.00000 -12.99000 -12.72600 -11.22000 -7.21200 -8.28000 -15.07600 -11.32200 3.10300 1.56700 -2.33000 -8.48400 2.48200 -1.22100 -8.32100 -12.82800 -14.26200
19.00000 -12.50200 -10.77300 -10.73200 -7.21200 -5.83900 -12.14600 -11.81000 4.56700 2.05500 -3.79400 -8.48400 1.99400 -2.68600 -8.80900 -11.85100 -14.26200
20.00000 -12.50200 -9.79600 -11.70900 -6.72400 -3.88600 -8.24000 -11.81000 6.52100 3.52000 -3.79400 -8.48400 1.99400 -3.66200 -7.83300 -10.87400 -11.82000
21.00000 -12.99000 -8.33100 -11.70900 -6.23600 -2.90900 -3.35700 -10.34500 6.52100 2.54300 -2.33000 -6.53100 2.97000 -3.66200 -5.88000 -8.43300 -7.42600
22.00000 -12.01400 -5.89000 -10.24400 -5.25900 -2.42100 1.03800 -8.39200 7.98500 2.05500 1.57700 -1.16000 5.90000 -2.19700 -1.97300 -4.52700 -1.56700
23.00000 -10.06100 -3.44800 -6.33700 -2.81800 -2.42100 3.47900 -4.48600 6.52100 1.56700 5.97100 7.14100 9.31800 0.73200 2.90900 1.33300 2.82800
24.00000 -7.13100 -1.49500 -1.45500 -0.37600 -2.90900 3.96700 0.88500 5.05600 2.05500 10.85400 14.95400 13.22400 4.15000 9.25700 6.21500 4.29300
25.00000 -4.20100 -1.00700 3.91600 2.06500 -2.42100 2.99100 5.76800 2.12600 0.10200 14.76000 19.83600 16.15400 7.08000 15.11600 9.14500 3.80500
26.00000 -2.24800 -1.00700 7.82300 4.01800 -0.95600 2.99100 9.67400 2.61400 0.59000 16.71300 20.81300 17.61900 9.52100 18.53400 10.12200 4.29300
27.00000 -1.27200 -1.49500 8.79900 4.99500 0.99700 3.47900 11.13900 5.05600 0.10200 16.22500 19.34800 18.10700 9.52100 18.53400 9.14500 5.26900
28.00000 -0.78300 -0.51900 7.33400 4.01800 3.92700 6.40900 11.13900 6.03200 0.59000 14.27200 18.37200 17.61900 8.54500 15.60500 8.16900 7.71100
29.00000 0.68200 2.41100 5.87000 3.04200 6.85600 9.82700 10.65100 2.12600 -0.87500 12.80700 18.37200 16.64200 6.59200 11.69800 8.65700 9.17600
30.00000 3.12300 6.31700 5.38100 2.06500 8.32100 12.75600 10.65100 -0.31500 -0.38700 11.34200 18.37200 15.17700 5.12700 8.28000 9.63300 8.68700
31.00000 6.54100 10.71200 7.33400 3.53000 8.80900 14.22100 11.62700 -2.26800 -3.80500 10.85400 16.41800 14.20100 4.15000 5.83900 9.63300 7.22200
32.00000 8.98200 12.66500 10.75200 5.48300 7.34500 13.73300 12.60400 -1.78000 -4.29300 10.36600 13.48900 13.22400 4.15000 4.37400 8.65700 6.24600
33.00000 9.47100 11.68800 13.68200 6.94800 4.41500 10.80300 11.62700 -2.26800 -4.29300 8.90100 8.60600 11.75900 4.63900 1.93300 6.70400 5.75800
34.00000 7.02900 6.80500 12.70500 6.94800 0.02000 5.43200 8.69800 -3.73300 -5.26900 5.97100 3.72300 8.83000 4.15000 -1.48500 2.79700 4.78100
35.00000 2.63500 1.43400 9.28800 4.01800 -3.88600 0.54900 3.81500 -1.29200 -5.26900 2.55300 -2.13600 4.92400 1.22100 -6.36800 -1.59700 0.87500
36.00000 -0.78300 -2.96000 4.89300 0.60000 -6.32700 -2.38000 -0.09200 -0.31500 -4.29300 1.08800 -8.48400 0.52900 -2.19700 -10.76300 -5.99200 -4.98500
37.00000 -2.24800 -4.42500 1.96300 -1.84100 -6.81600 -1.89200 -2.53300 -0.31500 -4.78100 1.57700 -13.36700 -3.86600 -5.12700 -13.69200 -9.89800 -11.82000
38.00000 -1.27200 -2.96000 0.98700 -2.81800 -5.83900 1.03800 -2.53300 0.17300 -2.82800 2.55300 -15.80800 -6.30700 -6.10400 -14.66900 -11.85100 -14.75000
39.00000 0.68200 -0.51900 2.45200 -2.81800 -5.35100 2.99100 -1.55600 0.66100 -4.78100 4.50600 -15.32000 -5.81900 -3.66200 -12.71600 -11.36300 -11.82000
40.00000 1.65800 0.94600 3.91600 -1.84100 -6.32700 2.01400 -0.09200 -1.78000 -6.24600 4.99500 -12.39000 -3.86600 -0.24400 -9.29800 -7.94500 -4.98500
41.00000 1.65800 0.45800 4.89300 -1.35300 -7.30400 -0.91600 1.86200 -1.29200 -5.26900 4.50600 -8.97200 -1.91200 2.19700 -6.36800 -4.03800 1.85100
42.00000 1.17000 -1.00700 4.89300 -0.86500 -7.30400 -3.84500 2.83800 -2.26800 -6.24600 3.04200 -7.50700 -1.42400 2.19700 -5.39100 -0.62100 5.26900
43.00000 1.17000 -1.49500 5.38100 1.08800 -6.32700 -6.77500 3.81500 -1.29200 -7.71100 2.06500 -7.50700 -2.88900 -0.73200 -7.34500 0.84400 4.29300
44.00000 2.14600 -1.49500 6.35800 3.04200 -4.86200 -7.75100 4.30300 -4.22200 -7.71100 0.60000 -7.99600 -4.84200 -5.61500 -10.27400 -0.13200 -0.10200
45.00000 2.63500 -1.00700 7.33400 4.01800 -3.88600 -7.26300 3.81500 -1.78000 -8.19900 -0.86500 -7.01900 -5.81900 -8.54500 -12.71600 -2.08500 -3.52000
46.00000 2.63500 -1.49500 7.33400 2.55300 -4.86200 -8.24000 3.32600 -0.31500 -9.17600 -1.84100 -6.04200 -4.84200 -9.52100 -13.20400 -2.57400 -4.00800
47.00000 0.19300 -2.47200 4.89300 -1.35300 -7.79200 -9.70500 1.86200 4.07900 -8.19900 -2.33000 -5.06600 -2.88900 -8.54500 -12.22700 -1.59700 -2.54300
48.00000 -2.24800 -4.42500 2.45200 -4.77100 -10.72200 -11.65800 1.37300 5.54400 -7.22200 -2.33000 -5.06600 -1.42400 -7.08000 -9.78600 0.84400 -0.10200
49.00000 -3.71300 -5.40200 0.98700 -7.21200 -12.18700 -12.14600 1.37300 8.47400 -7.22200 -2.81800 -5.55400 -0.93600 -6.10400 -8.32100 2.79700 2.34000
50.00000 -2.73600 -4.91300 1.96300 -5.74700 -11.21000 -10.68100 2.35000 7.00900 -9.66400 -2.81800 -5.06600 -0.44800 -5.61500 -7.34500 4.26200 2.82800
51.00000 1.65800 -1.00700 6.35800 -0.86500 -6.81600 -6.77500 5.28000 6.03200 -7.71100 -2.81800 -1.64800 1.99400 -4.63900 -5.39100 5.72700 2.82800
52.00000 8.00600 4.85200 12.70500 5.48300 -1.44400 -2.38000 9.18600 3.59100 -8.19900 -2.33000 4.21100 6.38800 -3.17400 -3.43800 7.68000 2.34000
53.00000 13.37700 10.22300 18.56500 10.85400 2.95000 2.01400 13.09200 1.63800 -6.73400 0.11200 10.07100 11.75900 -0.73200 -0.50900 12.07500 2.82800
54.00000 16.30700 12.66500 22.47100 13.78400 4.90300 3.47900 16.02200 0.66100 -6.24600 2.06500 13.97700 16.64200 2.19700 3.39800 15.49300 4.78100
55.00000 15.81800 11.68800 21.98300 13.29500 3.92700 2.01400 16.02200 0.17300 -4.78100 2.55300 14.95400 18.59500 4.15000 5.83900 17.93400 7.71100
56.00000 11.42400 6.80500 18.56500 9.87800 0.50900 -1.89200 13.09200 -0.31500 -2.34000 2.55300 12.51200 17.13100 6.10400 6.81600 16.95800 11.61700
57.00000 6.54100 0.94600 13.19400 4.01800 -4.37400 -6.28700 8.69800 -0.80400 -2.34000 1.57700 9.58300 13.71300 7.08000 6.32700 14.51600 13.57000
58.00000 2.14600 -3.44800 6.84600 -1.84100 -8.28000 -10.19300 3.81500 -0.31500 -0.38700 0.60000 7.14100 11.27100 8.05700 5.83900 11.09800 13.08200
59.00000 -1.27200 -5.89000 1.96300 -6.72400 -10.72200 -11.65800 0.39700 -0.80400 -0.87500 0.60000 5.18800 10.78300 9.03300 6.32700 8.65700 10.64000
60.00000 -3.22500 -6.37800 -1.45500 -9.65400 -10.72200 -11.16900 -2.04500 1.63800 -0.87500 0.60000 4.21100 11.75900 10.01000 7.79200 8.16900 8.19900
61.00000 -4.69000 -6.37800 -3.89600 -10.14200 -9.74500 -10.68100 -3.51000 1.63800 1.07800 1.08800 3.23500 12.73600 10.98600 9.74500 8.16900 6.73400
62.00000 -6.15400 -6.37800 -5.36100 -9.16500 -8.76900 -10.19300 -4.97400 2.61400 3.52000 0.11200 2.74700 13.22400 11.47500 10.72200 7.68000 6.73400
63.00000 -8.59600 -7.84300 -7.31400 -7.70100 -8.28000 -11.65800 -6.43900 2.61400 1.07800 -1.35300 2.74700 12.24800 11.47500 9.74500 5.72700 5.75800
64.00000 -11.03700 -10.28400 -9.26700 -7.21200 -9.25700 -14.09900 -7.90400 3.59100 0.59000 -3.30600 2.25800 11.27100 10.49800 9.25700 2.30900 3.31600
65.00000 -13.96700 -12.72600 -10.73200 -8.18900 -10.72200 -17.02900 -8.39200 5.05600 -0.87500 -4.28300 1.77000 10.29500 9.52100 9.25700 -1.59700 -0.59000
66.00000 -16.40800 -15.16700 -12.19700 -10.63000 -12.18700 -18.49400 -7.90400 4.56700 1.07800 -3.79400 1.77000 10.29500 9.03300 10.72200 -4.03800 -3.52000
67.00000 -17.87300 -16.63200 -12.19700 -12.58300 -13.65200 -18.49400 -6.43900 2.61400 -0.38700 -2.81800 2.74700 11.75900 9.03300 13.65200 -3.55000 -3.52000
68.00000 -17.87300 -17.12000 -12.19700 -13.56000 -14.14000 -17.51700 -3.99800 5.05600 -1.36300 -1.35300 5.67600 13.22400 9.52100 15.60500 -0.13200 -1.07800
69.00000 -15.92000 -16.14400 -11.22000 -13.07200 -13.16300 -16.54100 -2.53300 3.59100 -0.38700 -1.35300 8.60600 14.68900 10.01000 15.60500 3.77400 3.80500
70.00000 -12.50200 -13.21400 -9.26700 -11.11900 -11.21000 -15.07600 -1.06800 6.52100 3.03100 -2.33000 11.04700 15.66600 10.01000 13.65200 6.21500 6.24600
71.00000 -8.59600 -8.82000 -6.33700 -8.67700 -8.76900 -13.12300 -0.09200 4.56700 0.59000 -3.30600 12.51200 16.15400 9.03300 12.18700 7.19200 6.73400
72.00000 -5.17800 -4.91300 -3.40800 -5.74700 -5.83900 -10.19300 0.39700 8.96200 2.05500 -3.30600 14.46500 16.64200 9.03300 11.69800 7.68000 6.24600
73.00000 -2.73600 -1.00700 -0.47800 -4.28300 -4.37400 -6.77500 1.86200 10.42700 0.10200 -0.86500 17.39500 18.59500 9.03300 13.16300 9.14500 6.24600
74.00000 -0.78300 1.92300 2.45200 -3.30600 -1.44400 -3.35700 4.30300 9.93900 0.59000 3.53000 22.27800 21.03700 10.98600 15.60500 12.56300 7.71100
75.00000 2.14600 4.85200 5.38100 -2.33000 0.02000 0.06100 6.74400 6.52100 0.10200 8.41300 25.69600 23.47800 12.93900 19.02300 17.44600 10.15200
76.00000 5.56400 7.29400 8.79900 0.11200 2.46200 2.99100 9.18600 6.52100 -1.36300 11.83100 27.64900 25.92000 14.89300 20.97600 21.35200 13.08200
77.00000 9.47100 10.71200 12.70500 3.53000 5.88000 6.89700 11.62700 7.00900 -2.82800 13.29500 27.16100 27.38400 16.84600 22.92900 23.79400 14.54700
78.00000 13.37700 13.15300 15.63500 6.94800 7.83300 9.82700 13.58000 6.03200 -1.36300 13.29500 25.69600 27.38400 17.33400 24.39400 23.79400 16.01200
79.00000 14.84200 13.64100 16.61200 8.90100 8.32100 10.80300 14.55700 2.12600 -1.85100 12.80700 23.74300 26.40800 17.33400 24.39400 22.81700 16.50000
80.00000 13.37700 12.17700 15.14700 8.41300 5.88000 7.87400 13.58000 0.66100 -3.31600 11.83100 22.76600 24.94300 17.33400 23.41700 21.84000 17.96500
81.00000 9.95900 8.75900 11.72900 4.99500 1.48500 2.01400 11.13900 -2.75700 -6.24600 10.85400 21.30100 23.47800 16.84600 21.95200 20.86400 18.45300
82.00000 6.05300 5.82900 8.31100 0.60000 -2.90900 -3.84500 8.20900 -6.66300 -4.29300 9.87800 19.34800 22.01300 16.84600 20.48700 19.39900 18.45300
83.00000 2.63500 3.38700 4.89300 -2.33000 -6.32700 -7.26300 5.28000 -6.66300 -5.75800 9.38900 16.41800 21.03700 16.35700 19.51100 17.93400 16.98800
84.00000 0.19300 1.92300 2.94000 -4.77100 -7.30400 -7.26300 2.35000 -5.68600 -6.73400 9.38900 13.00000 19.57200 15.38100 18.04600 16.46900 15.52300
85.00000 -1.27200 -0.03100 0.98700 -6.23600 -7.30400 -4.82200 -0.09200 -6.66300 -6.24600 8.90100 10.07100 17.13100 13.91600 17.06900 15.00400 14.54700
86.00000 -3.71300 -2.47200 -2.43100 -9.16500 -7.79200 -4.82200 -3.02100 -7.64000 -7.22200 6.94800 6.65300 13.71300 11.96300 14.14000 13.05100 14.05800
87.00000 -6.64300 -5.89000 -7.31400 -12.58300 -9.74500 -9.21600 -6.43900 -6.66300 -7.22200 4.01800 2.25800 9.31800 10.01000 10.72200 10.61000 12.59400
88.00000 -9.57200 -9.30800 -12.19700 -15.51300 -12.18700 -15.56400 -10.83400 -7.64000 -6.24600 0.11200 -2.62500 4.92400 6.59200 6.81600 6.21500 8.68700
89.00000 -11.03700 -10.77300 -15.61500 -16.49000 -13.65200 -20.93500 -14.25200 -4.71000 -5.75800 -3.79400 -6.53100 1.99400 3.17400 3.39800 0.84400 2.34000
90.00000 -10.54900 -9.79600 -16.59100 -15.51300 -13.16300 -21.91200 -15.71700 -2.26800 -7.22200 -4.77100 -9.94900 -0.44800 -0.24400 -0.02000 -4.03800 -4.49600
91.00000 -10.06100 -8.82000 -16.10300 -13.07200 -12.18700 -19.47000 -15.71700 -2.26800 -5.75800 -3.79400 -10.92500 -1.91200 -3.66200 -3.43800 -7.45600 -9.86700
92.00000 -9.57200 -7.84300 -15.61500 -11.60700 -10.72200 -15.07600 -14.25200 -2.26800 -5.26900 -1.84100 -9.94900 -2.40100 -5.61500 -4.90300 -8.43300 -11.82000
93.00000 -10.54900 -8.82000 -15.12700 -11.60700 -10.72200 -12.63400 -12.29900 0.17300 -5.75800 0.11200 -6.53100 -1.42400 -5.61500 -5.39100 -5.99200 -10.84400
94.00000 -12.01400 -9.79600 -14.63800 -12.58300 -11.21000 -12.63400 -10.83400 3.59100 -3.80500 1.08800 -2.13600 0.52900 -5.12700 -3.43800 -2.57400 -8.40300
95.00000 -11.52500 -9.79600 -13.17300 -12.09500 -11.69800 -12.63400 -8.88100 6.52100 0.59000 2.06500 2.25800 2.97000 -4.15000 -0.50900 1.33300 -4.49600
96.00000 -9.08400 -7.35500 -10.24400 -9.65400 -11.21000 -11.65800 -5.95100 6.52100 2.05500 2.06500 5.18800 4.92400 -3.17400 1.93300 4.26200 -0.59000
97.00000 -5.17800 -4.42500 -6.33700 -6.72400 -9.74500 -9.70500 -2.04500 11.40300 2.54300 3.53000 6.65300 5.90000 -1.70900 4.37400 5.72700 4.29300
98.00000 -1.76000 -1.49500 -3.89600 -3.79400 -7.30400 -7.75100 1.37300 11.40300 4.00800 5.48300 8.11800 6.38800 0.73200 6.32700 7.19200 10.15200
99.00000 -0.29500 -1.00700 -2.92000 -2.33000 -5.83900 -6.77500 4.30300 9.45000 5.96100 7.43600 11.53600 7.85300 3.66200 9.74500 10.12200 15.52300
100.00000 -1.27200 -1.00700 -2.43100 -2.33000 -4.37400 -6.28700 6.74400 7.98500 4.98500 10.36600 17.88300 11.75900 7.56800 14.14000 15.49300 18.94100
101.00000 -2.73600 -1.00700 -1.94300 -2.81800 -3.39800 -5.31000 9.18600 6.52100 2.54300 14.27200 25.20800 17.61900 11.96300 19.51100 22.32900 20.40600
102.00000 -2.73600 -1.00700 0.98700 -2.33000 -2.42100 -2.38000 12.60400 2.61400 3.03100 18.66700 31.55500 24.45500 16.35700 24.39400 28.18800 20.89400
103.00000 -1.76000 -0.03100 3.42800 -1.35300 -2.42100 1.03800 15.53300 2.12600 0.59000 22.57300 34.48500 29.33800 20.26400 27.81200 32.58300 22.35900
104.00000 -0.78300 -1.00700 4.89300 -1.84100 -2.90900 2.99100 16.99800 1.63800 0.10200 24.03800 34.97300 32.26700 23.19300 30.25300 33.07100 25.77700
105.00000 -1.76000 -2.96000 2.94000 -4.28300 -4.86200 1.52600 15.04500 2.12600 0.59000 22.57300 33.99700 31.77900 24.65800 30.74100 31.60600 28.70700
106.00000 -5.17800 -6.37800 -1.45500 -7.70100 -7.30400 -2.38000 11.13900 3.10300 0.59000 18.66700 32.53200 29.82600 23.68200 28.30000 28.67600 29.19500
107.00000 -9.57200 -9.30800 -6.82600 -12.09500 -9.25700 -6.77500 7.72100 2.12600 -1.85100 14.27200 30.57900 26.89600 20.26400 23.90500 24.77000 24.80100
108.00000 -13.96700 -10.77300 -10.73200 -14.04800 -10.23400 -9.21600 5.76800 -0.31500 -1.36300 11.34200 27.16100 24.45500 15.38100 17.55800 20.37600 17.47600
109.00000 -16.40800 -10.28400 -12.68500 -15.51300 -10.72200 -9.21600 5.76800 -1.78000 -3.80500 9.38900 22.27800 22.01300 10.49800 11.69800 15.00400 10.15200
110.00000 -17.38500 -9.79600 -13.17300 -16.49000 -10.72200 -7.75100 6.25600 -2.26800 -4.29300 8.90100 17.88300 20.06000 7.56800 8.76900 10.12200 5.75800
111.00000 -16.89700 -9.79600 -12.68500 -17.46600 -10.72200 -5.79800 6.25600 -2.26800 -4.29300 9.38900 15.44200 18.10700 6.10400 8.76900 6.70400 4.78100
112.00000 -16.89700 -10.77300 -12.68500 -18.93100 -11.69800 -5.79800 5.28000 -1.78000 -2.34000 10.36600 16.41800 17.13100 6.10400 10.23400 6.21500 5.75800
113.00000 -16.89700 -12.23800 -12.19700 -19.90800 -12.67500 -5.79800 3.81500 -1.29200 -2.34000 10.36600 17.39500 16.64200 5.12700 9.74500 8.16900 5.75800
114.00000 -17.87300 -14.19100 -12.68500 -20.39600 -13.65200 -7.26300 2.35000 -0.80400 -1.85100 9.38900 16.90700 16.15400 3.17400 6.81600 9.63300 3.80500
115.00000 -18.36100 -15.16700 -12.68500 -19.41900 -13.16300 -8.24000 0.88500 0.17300 -2.82800 7.43600 13.97700 14.68900 -0.73200 2.42100 8.16900 -0.10200
116.00000 -17.87300 -14.67900 -12.68500 -18.44300 -12.18700 -8.72800 0.39700 1.14900 -1.85100 5.97100 10.55900 13.22400 -3.17400 -0.50900 5.23900 -3.03100
117.00000 -16.89700 -13.21400 -12.68500 -17.46600 -10.72200 -8.24000 0.88500 1.63800 1.07800 5.48300 9.58300 12.24800 -4.15000 -0.50900 2.30900 -3.52000
118.00000 -15.92000 -10.77300 -12.19700 -16.00100 -8.76900 -6.77500 1.86200 0.17300 1.07800 6.94800 11.04700 11.75900 -2.19700 2.90900 2.30900 -1.07800
119.00000 -13.96700 -8.33100 -11.70900 -14.04800 -7.79200 -5.31000 3.32600 0.66100 2.05500 8.41300 13.00000 12.73600 -0.24400 5.83900 5.23900 2.34000
120.00000 -12.50200 -6.37800 -10.73200 -11.60700 -7.30400 -4.33300 3.81500 1.14900 1.07800 9.38900 13.48900 12.73600 2.19700 6.32700 9.63300 5.75800
121.00000 -11.03700 -6.37800 -9.26700 -8.67700 -7.30400 -4.33300 3.81500 1.63800 0.59000 7.92400 11.04700 12.73600 2.68600 4.37400 11.09800 7.22200
122.00000 -10.54900 -6.86600 -7.31400 -5.74700 -7.30400 -5.31000 2.35000 0.17300 -2.82800 5.97100 6.65300 11.27100 1.22100 1.44400 9.14500 6.73400
123.00000 -10.06100 -8.33100 -5.36100 -3.79400 -6.81600 -5.79800 0.88500 -0.31500 -3.31600 3.53000 3.23500 8.83000 -0.24400 -2.46200 4.26200 3.31600
124.00000 -9.08400 -8.33100 -4.38400 -3.30600 -5.35100 -6.28700 -1.06800 -1.78000 -3.31600 2.06500 1.77000 5.90000 -2.68600 -5.39100 -1.59700 -2.54300
125.00000 -8.10800 -7.35500 -4.38400 -3.30600 -3.88600 -6.28700 -3.02100 -3.73300 -2.34000 1.57700 0.30500 2.97000 -5.12700 -9.29800 -6.96800 -9.37900
126.00000 -7.61900 -5.89000 -4.38400 -3.30600 -2.42100 -6.77500 -4.48600 -4.71000 -1.36300 0.11200 -1.64800 1.01700 -8.05700 -13.69200 -9.89800 -15.23800
127.00000 -7.13100 -4.91300 -6.33700 -3.79400 -1.93300 -7.75100 -5.95100 -3.24500 -0.38700 -1.84100 -5.06600 -0.44800 -11.47500 -18.08700 -11.85100 -19.63300
128.00000 -8.59600 -4.91300 -9.26700 -4.77100 -2.42100 -10.19300 -7.41600 -3.24500 0.10200 -5.25900 -7.50700 -1.42400 -13.91600 -20.52800 -12.82800 -21.58600
129.00000 -11.03700 -6.37800 -12.68500 -6.23600 -3.39800 -12.14600 -9.36900 -3.73300 -1.85100 -8.18900 -7.99600 -0.93600 -15.38100 -21.50500 -12.82800 -21.58600
130.00000 -14.45500 -8.82000 -16.10300 -8.67700 -3.39800 -12.63400 -9.85700 -6.17500 -4.78100 -9.16500 -7.01900 -0.44800 -14.89300 -21.01600 -12.82800 -20.61000
131.00000 -16.89700 -9.79600 -17.56800 -10.63000 -2.42100 -11.16900 -10.34500 -5.68600 -6.24600 -8.18900 -5.55400 0.04100 -13.42800 -19.55200 -11.85100 -19.14500
132.00000 -16.89700 -9.79600 -18.05600 -11.60700 -0.46800 -8.24000 -10.34500 -4.71000 -7.22200 -5.74700 -4.57800 0.52900 -11.47500 -17.59800 -11.85100 -18.16800
133.00000 -15.43200 -8.33100 -16.59100 -11.11900 0.50900 -5.79800 -9.36900 -3.24500 -7.22200 -3.79400 -5.06600 1.01700 -10.01000 -15.64500 -11.85100 -17.19200
134.00000 -12.50200 -6.37800 -14.63800 -10.14200 0.50900 -5.79800 -8.88100 -3.73300 -8.19900 -3.30600 -6.53100 0.52900 -10.01000 -14.66900 -12.82800 -16.70300
135.00000 -8.59600 -3.93700 -11.70900 -8.67700 -0.46800 -6.77500 -8.88100 -0.80400 -4.29300 -3.79400 -8.48400 -0.93600 -11.96300 -15.15700 -14.29200 -17.19200
136.00000 -4.69000 -1.00700 -9.26700 -7.21200 -0.95600 -8.24000 -9.36900 2.61400 -2.34000 -4.28300 -9.94900 -2.40100 -13.42800 -16.13400 -15.75700 -18.16800
137.00000 -1.76000 1.92300 -6.33700 -5.74700 -0.46800 -7.26300 -8.88100 7.00900 1.56700 -3.79400 -9.46000 -2.88900 -14.89300 -16.13400 -16.24600 -19.14500
138.00000 0.68200 4.85200 -4.38400 -3.79400 1.48500 -4.33300 -7.41600 6.03200 2.54300 -1.84100 -6.04200 -1.91200 -13.42800 -13.20400 -14.78100 -18.65600
139.00000 1.65800 6.80500 -2.43100 -1.35300 3.92700 0.06100 -3.51000 5.05600 3.52000 2.55300 -0.67100 0.52900 -9.52100 -6.85600 -10.87400 -16.21500
140.00000 1.65800 7.78200 -0.47800 0.60000 5.88000 3.47900 0.39700 5.54400 1.07800 6.94800 4.21100 3.94700 -4.15000 0.46800 -5.50300 -10.35600
141.00000 2.14600 7.78200 1.96300 2.55300 6.85600 5.92000 4.79100 6.03200 1.07800 11.83100 7.62900 7.85300 1.70900 7.30400 0.84400 -3.03100
142.00000 3.61100 8.75900 4.40500 4.01800 6.85600 6.40900 7.72100 5.54400 -0.87500 15.73700 10.07100 10.29500 5.61500 11.21000 5.72700 3.80500
143.00000 5.56400 9.73500 8.79900 4.99500 6.36800 6.40900 10.16200 4.56700 0.59000 18.17800 11.53600 11.27100 7.08000 11.69800 8.65700 9.17600
144.00000 8.49400 11.20000 12.21700 5.97100 6.85600 6.40900 12.11500 4.07900 1.56700 19.15500 13.00000 11.27100 5.61500 9.74500 10.12200 11.12900
145.00000 10.44700 12.17700 15.14700 6.46000 7.34500 5.92000 13.09200 2.61400 1.56700 17.69000 13.48900 10.78300 3.66200 6.81600 10.12200 11.61700
146.00000 11.91200 13.15300 16.12300 6.94800 8.80900 6.40900 13.09200 1.63800 2.05500 15.24900 12.51200 9.80600 2.19700 4.86200 9.63300 10.15200
147.00000 10.93500 13.15300 15.14700 6.94800 9.78600 6.89700 12.60400 0.66100 0.59000 12.80700 10.55900 8.83000 1.22100 3.88600 9.14500 8.19900
148.00000 8.98200 12.66500 13.68200 6.46000 9.78600 7.38500 11.13900 -3.24500 -0.87500 11.83100 8.11800 7.85300 1.22100 2.90900 8.65700 5.75800
149.00000 7.02900 11.20000 12.21700 5.97100 9.29800 7.87400 9.18600 -5.68600 -0.38700 12.31900 7.14100 6.87700 0.73200 1.44400 8.16900 1.85100
150.00000 4.58800 9.24700 10.75200 4.01800 7.34500 7.38500 6.74400 -8.61600 -0.38700 13.78400 6.16500 4.92400 -1.22100 -2.46200 6.21500 -3.03100
151.00000 2.14600 6.31700 7.82300 2.55300 5.39100 5.92000 3.32600 -10.08100 -2.34000 14.27200 5.18800 2.97000 -4.15000 -6.36800 4.26200 -8.89100
152.00000 -0.78300 2.41100 3.42800 -0.37600 3.43800 3.96700 -0.58000 -11.54600 -4.78100 12.31900 2.25800 0.04100 -6.59200 -9.78600 0.84400 -13.28500
153.00000 -4.20100 -1.00700 -1.45500 -3.30600 1.48500 1.52600 -3.99800 -10.08100 -7.71100 9.38900 -2.13600 -2.40100 -8.54500 -10.76300 -3.06200 -15.23800
154.00000 -7.61900 -3.93700 -5.84900 -7.21200 0.02000 0.06100 -7.41600 -7.15100 -8.68700 6.94800 -7.50700 -4.35400 -9.03300 -11.25100 -7.94500 -15.72700
155.00000 -11.03700 -6.86600 -9.26700 -11.60700 -1.93300 -0.91600 -9.36900 -5.68600 -9.17600 4.99500 -11.41400 -5.81900 -9.03300 -11.25100 -11.85100 -14.26200
156.00000 -13.96700 -8.82000 -11.22000 -14.53700 -3.39800 -1.89200 -9.85700 -4.71000 -8.68700 3.53000 -13.36700 -6.30700 -9.03300 -12.22700 -14.78100 -13.28500
157.00000 -15.43200 -10.28400 -11.70900 -15.51300 -4.86200 -2.86900 -9.85700 -4.71000 -7.22200 3.04200 -12.39000 -7.28400 -10.98600 -13.69200 -14.78100 -12.30900
158.00000 -14.94300 -10.28400 -11.22000 -14.53700 -6.81600 -3.84500 -9.36900 -3.24500 -3.31600 2.06500 -9.46000 -6.79500 -12.45100 -13.69200 -11.36300 -10.84400
159.00000 -12.01400 -8.33100 -9.75500 -12.09500 -7.79200 -3.35700 -7.41600 -2.75700 0.59000 1.57700 -5.06600 -5.81900 -12.93900 -11.25100 -6.48000 -8.89100
160.00000 -8.10800 -4.91300 -7.80200 -9.65400 -7.79200 -1.40400 -4.97400 -0.80400 1.07800 2.55300 -0.67100 -2.88900 -11.96300 -7.34500 -2.08500 -6.44900
161.00000 -4.69000 -1.49500 -6.82600 -7.70100 -5.83900 2.01400 -2.04500 -0.31500 1.56700 4.99500 1.28200 0.52900 -8.54500 -3.92700 0.84400 -4.98500
162.00000 -3.71300 0.94600 -6.33700 -7.70100 -2.42100 6.40900 -1.06800 1.63800 0.10200 9.38900 1.28200 3.94700 -4.63900 -1.97300 1.33300 -4.49600
163.00000 -5.17800 0.94600 -7.31400 -8.18900 0.50900 9.82700 -2.04500 2.61400 0.10200 12.31900 -0.67100 4.92400 -1.70900 -0.99700 0.84400 -4.98500
164.00000 -8.10800 -1.00700 -8.29100 -9.65400 1.48500 10.31500 -4.48600 2.12600 3.03100 13.78400 -1.64800 4.92400 -0.24400 -0.99700 0.84400 -5.47300
165.00000 -10.54900 -2.96000 -8.77900 -10.14200 0.50900 9.33800 -5.46300 -0.31500 3.52000 14.27200 0.30500 5.41200 0.24400 -0.02000 2.30900 -4.98500
166.00000 -11.03700 -4.91300 -7.80200 -10.14200 -0.95600 7.87400 -3.99800 0.17300 2.54300 13.29500 4.21100 6.87700 0.24400 1.93300 5.23900 -2.05500
167.00000 -9.08400 -4.91300 -4.38400 -8.67700 -2.42100 5.92000 0.39700 -1.78000 -0.87500 13.29500 9.09400 9.80600 1.22100 3.88600 8.65700 1.85100
168.00000 -7.61900 -4.91300 -2.43100 -8.18900 -3.39800 4.94400 4.79100 -1.29200 -1.36300 13.29500 11.53600 13.22400 2.68600 5.35100 10.61000 5.75800
169.00000 -6.64300 -4.91300 -2.43100 -7.70100 -3.88600 2.99100 7.72100 -4.22200 -0.38700 13.78400 12.02400 15.17700 4.63900 5.35100 11.58700 8.19900
170.00000 -8.59600 -6.86600 -4.38400 -9.16500 -6.32700 0.06100 7.23300 -5.68600 -1.36300 12.80700 11.04700 14.68900 6.59200 5.35100 12.07500 9.66400
171.00000 -12.99000 -10.77300 -8.29100 -11.11900 -10.23400 -4.82200 4.79100 -7.15100 -4.78100 10.85400 10.07100 12.73600 8.05700 5.35100 12.07500 10.15200
172.00000 -16.89700 -15.16700 -10.73200 -13.07200 -14.62800 -10.68100 1.86200 -7.15100 -5.26900 7.43600 9.58300 10.78300 8.05700 4.86200 12.07500 9.66400
173.00000 -18.85000 -18.09700 -12.19700 -14.04800 -17.55800 -14.58700 -0.09200 -9.59300 -8.68700 4.50600 8.11800 8.83000 7.08000 1.93300 11.09800 7.71100
174.00000 -19.82600 -20.05000 -12.68500 -14.53700 -18.04600 -15.56400 -2.04500 -10.08100 -10.64000 1.57700 4.70000 7.36500 4.15000 -1.97300 7.68000 3.80500
175.00000 -19.82600 -20.05000 -13.66200 -16.00100 -16.58100 -12.63400 -4.97400 -12.52200 -8.19900 0.11200 -1.16000 5.41200 0.73200 -6.36800 3.28600 -1.56700
176.00000 -21.29100 -20.53800 -17.08000 -18.44300 -14.62800 -9.70500 -9.36900 -9.10400 -8.68700 -0.37600 -7.01900 2.97000 -2.68600 -9.78600 -1.59700 -7.42600
177.00000 -24.70900 -22.00300 -21.96200 -22.34900 -14.62800 -8.72800 -13.76300 -8.61600 -9.17600 -0.86500 -10.92500 0.52900 -5.12700 -12.71600 -5.01500 -11.82000
178.00000 -29.59200 -24.44500 -27.82200 -26.25500 -17.06900 -11.65800 -16.69300 -6.66300 -8.68700 -2.33000 -12.87800 -0.93600 -6.59200 -15.15700 -7.45600 -13.28500
179.00000 -33.01000 -26.39800 -30.75200 -29.18500 -19.99900 -16.54100 -18.64600 -6.66300 -7.22200 -3.79400 -12.87800 -0.93600 -8.05700 -17.11000 -8.43300 -13.77400
180.00000 -34.47500 -26.88600 -30.75200 -29.67300 -22.44100 -20.44700 -18.64600 -5.19800 -5.26900 -5.74700 -13.36700 -0.44800 -8.54500 -18.57500 -9.89800 -13.77400
181.00000 -33.01000 -25.42100 -27.82200 -28.20800 -22.44100 -20.44700 -16.69300 -6.17500 -5.26900 -6.72400 -13.85500 -0.93600 -8.54500 -18.08700 -10.38600 -14.26200
182.00000 -30.08000 -24.44500 -22.93900 -25.76700 -20.97600 -17.51700 -14.74000 -5.19800 -6.24600 -6.23600 -13.85500 -1.91200 -7.56800 -15.64500 -9.89800 -15.23800
183.00000 -28.12700 -23.95600 -19.52100 -23.32600 -19.51100 -14.09900 -13.76300 -6.66300 -6.73400 -6.23600 -13.36700 -3.37700 -5.12700 -13.20400 -7.94500 -14.75000
184.00000 -27.15000 -23.95600 -18.54500 -20.88400 -18.53400 -12.63400 -13.27500 -5.19800 -6.73400 -6.72400 -11.90200 -3.37700 -2.68600 -12.71600 -5.50300 -11.82000
185.00000 -27.15000 -24.93300 -20.49800 -19.41900 -18.53400 -14.58700 -15.22800 -5.68600 -9.66400 -8.18900 -12.39000 -3.37700 -2.19700 -14.18100 -4.03800 -9.37900
186.00000 -27.63900 -25.42100 -23.91600 -18.93100 -18.04600 -18.49400 -18.15800 -5.68600 -10.15200 -10.14200 -15.32000 -3.86600 -3.66200 -17.11000 -6.48000 -9.37900
187.00000 -27.15000 -24.93300 -26.35700 -18.93100 -16.09300 -21.42300 -21.57600 -6.17500 -8.68700 -11.11900 -20.20300 -5.81900 -7.08000 -19.55200 -11.85100 -12.30900
188.00000 -27.15000 -23.95600 -27.33400 -19.41900 -14.62800 -23.37600 -23.52900 -9.59300 -5.75800 -11.11900 -24.10900 -7.77200 -10.01000 -20.52800 -17.71000 -17.19200
189.00000 -27.15000 -23.95600 -26.84500 -19.90800 -14.62800 -24.35300 -24.01700 -12.03400 -10.15200 -10.63000 -24.59700 -8.26000 -10.49800 -20.04000 -20.64000 -20.61000
190.00000 -28.12700 -25.42100 -25.38000 -20.88400 -16.58100 -25.33000 -22.55200 -12.03400 -9.17600 -10.14200 -21.17900 -5.81900 -8.54500 -18.57500 -18.68700 -20.61000
191.00000 -29.59200 -27.86300 -24.89200 -22.34900 -20.97600 -27.28300 -21.08800 -13.49900 -11.61700 -11.11900 -16.78500 -0.93600 -5.12700 -17.11000 -13.31600 -17.68000
192.00000 -30.56800 -29.81600 -25.86900 -24.79000 -24.88200 -30.21200 -20.59900 -10.56900 -13.08200 -12.09500 -13.36700 3.45900 -2.68600 -16.13400 -7.45600 -14.26200
193.00000 -31.54500 -31.28100 -28.79800 -28.20800 -27.81200 -32.65400 -21.57600 -9.10400 -16.50000 -14.04800 -13.36700 5.41200 -2.19700 -15.64500 -5.01500 -12.79700
194.00000 -33.49800 -33.23400 -32.70500 -32.11500 -30.25300 -34.60700 -23.52900 -9.59300 -16.01200 -15.51300 -15.32000 4.92400 -2.68600 -16.62200 -5.99200 -13.77400
195.00000 -36.42800 -35.67500 -35.63400 -36.50900 -32.69400 -36.07200 -24.50600 -12.52200 -16.50000 -16.49000 -16.29600 3.45900 -3.17400 -17.11000 -8.92100 -14.75000
196.00000 -39.84600 -38.60500 -37.09900 -38.95100 -35.13600 -38.02500 -24.01700 -14.96400 -13.57000 -17.95500 -13.85500 2.97000 -3.17400 -16.62200 -9.89800 -13.77400
197.00000 -41.79900 -42.02300 -35.14600 -37.48600 -36.60100 -39.97800 -22.06400 -16.91700 -12.59400 -19.90800 -9.46000 5.41200 -1.70900 -15.64500 -7.45600 -10.84400
198.00000 -41.79900 -43.97600 -32.21600 -34.55600 -37.08900 -41.93100 -20.11100 -16.42900 -13.08200 -21.86100 -5.06600 8.34100 -0.24400 -14.66900 -3.55000 -7.91400
199.00000 -41.31100 -44.95200 -30.26300 -32.11500 -36.60100 -43.88400 -19.62300 -12.52200 -16.01200 -24.79000 -3.60100 9.80600 0.24400 -15.15700 -0.62100 -6.93800
200.00000 -41.79900 -44.95200 -32.21600 -31.62600 -35.13600 -46.32600 -22.06400 -11.54600 -18.94100 -27.23200 -7.01900 8.83000 -0.24400 -16.62200 -1.59700 -9.37900
201.00000 -44.24000 -45.92900 -38.56400 -35.53300 -35.62400 -49.74400 -26.94700 -9.10400 -19.43000 -29.67300 -12.39000 4.92400 -1.22100 -19.55200 -5.50300 -13.28500
202.00000 -48.63500 -47.88200 -46.86500 -41.39200 -37.08900 -54.13800 -31.83000 -9.10400 -18.94100 -30.65000 -16.29600 1.01700 -1.70900 -21.99300 -9.89800 -16.21500
203.00000 -53.02900 -49.83500 -53.21200 -46.27500 -39.04200 -57.55600 -34.76000 -5.19800 -15.03500 -31.13800 -16.29600 0.52900 -1.22100 -22.48100 -12.33900 -17.19200
204.00000 -54.49400 -49.83500 -54.67700 -47.74000 -40.50700 -59.02100 -34.76000 -6.17500 -15.52300 -31.13800 -12.87800 2.97000 -2.19700 -23.45800 -11.85100 -16.21500
205.00000 -52.54100 -48.37000 -50.77100 -44.81000 -40.01900 -58.04400 -31.83000 -7.64000 -12.59400 -30.65000 -8.97200 6.38800 -4.15000 -23.45800 -9.41000 -15.72700
206.00000 -47.65800 -45.92900 -43.44700 -40.41500 -39.53000 -54.13800 -27.92400 -9.59300 -13.57000 -29.67300 -7.01900 8.83000 -5.61500 -24.43400 -7.45600 -16.70300
207.00000 -43.26400 -43.97600 -37.58700 -36.02100 -38.06600 -49.74400 -24.01700 -11.05800 -13.57000 -28.20800 -7.99600 9.31800 -6.10400 -23.94600 -7.45600 -17.68000
208.00000 -39.35800 -43.97600 -33.68100 -33.09100 -37.08900 -44.86100 -22.06400 -11.54600 -13.08200 -26.74400 -8.97200 7.85300 -4.63900 -21.99300 -7.94500 -18.16800
209.00000 -38.38100 -44.46400 -33.19300 -32.11500 -36.11200 -41.44300 -22.06400 -11.54600 -11.61700 -26.25500 -9.46000 7.36500 -2.19700 -20.04000 -7.94500 -16.21500
210.00000 -39.84600 -45.44100 -35.63400 -32.11500 -34.64800 -40.46600 -23.04100 -11.05800 -15.03500 -26.74400 -8.97200 6.87700 -0.73200 -19.55200 -6.96800 -14.26200
211.00000 -41.79900 -44.95200 -38.07600 -32.11500 -32.69400 -41.44300 -25.48200 -11.54600 -15.52300 -27.72000 -9.46000 6.38800 -2.19700 -21.01600 -7.45600 -13.28500
212.00000 -42.28700 -43.48800 -40.02900 -31.13800 -30.74100 -43.88400 -28.90000 -12.52200 -12.10500 -28.69700 -13.36700 4.92400 -5.12700 -23.94600 -9.41000 -14.26200
213.00000 -40.82200 -40.55800 -40.51700 -29.67300 -29.27700 -45.83700 -31.83000 -14.47600 -8.68700 -29.67300 -19.71400 0.52900 -8.54500 -25.89900 -12.33900 -16.70300
214.00000 -38.86900 -38.11600 -41.00500 -29.18500 -27.81200 -46.81400 -34.76000 -14.96400 -10.15200 -29.67300 -25.57400 -3.37700 -9.52100 -25.89900 -15.75700 -19.14500
215.00000 -37.40400 -36.65200 -41.49400 -29.67300 -27.81200 -46.81400 -36.22400 -14.96400 -15.03500 -29.67300 -27.52700 -5.81900 -9.03300 -24.92300 -17.22200 -20.61000
216.00000 -38.38100 -37.14000 -43.44700 -31.62600 -27.81200 -46.81400 -36.22400 -13.01100 -16.98800 -29.67300 -25.08500 -5.81900 -7.08000 -23.94600 -16.24600 -21.58600
217.00000 -41.79900 -39.09300 -45.88800 -35.04400 -27.81200 -45.83700 -36.22400 -13.98700 -18.45300 -30.16200 -19.71400 -2.88900 -5.12700 -24.43400 -14.78100 -22.07400
218.00000 -45.21700 -41.53400 -47.35300 -38.46200 -27.32300 -43.39600 -35.24800 -13.49900 -18.45300 -30.16200 -15.80800 -0.44800 -4.15000 -23.94600 -13.80400 -22.07400
219.00000 -48.14700 -43.48800 -47.35300 -41.39200 -27.32300 -40.46600 -34.76000 -12.03400 -18.45300 -30.16200 -13.85500 1.50600 -3.66200 -22.97000 -12.82800 -21.09800
220.00000 -48.63500 -44.95200 -45.40000 -42.85700 -27.81200 -38.02500 -33.78300 -13.98700 -18.94100 -29.67300 -13.36700 2.48200 -3.66200 -21.50500 -12.33900 -18.65600
221.00000 -47.65800 -46.41700 -41.98200 -43.34500 -29.76500 -38.51300 -32.31800 -14.47600 -18.45300 -29.67300 -11.41400 3.45900 -4.15000 -21.50500 -9.89800 -15.72700
222.00000 -46.19300 -48.37000 -39.05200 -42.36900 -33.18300 -41.93100 -30.36500 -13.01100 -16.98800 -30.65000 -8.97200 5.41200 -5.12700 -22.48100 -6.96800 -13.77400
223.00000 -45.70500 -50.32300 -37.58700 -40.90400 -37.57700 -48.27900 -29.38800 -13.98700 -15.03500 -32.11500 -7.50700 7.36500 -6.10400 -23.45800 -5.01500 -13.77400
224.00000 -45.21700 -51.30000 -37.58700 -39.92700 -40.50700 -53.65000 -29.38800 -14.96400 -14.05800 -33.58000 -7.99600 8.34100 -5.61500 -21.99300 -5.50300 -15.23800
225.00000 -43.75200 -50.81200 -37.58700 -37.97400 -41.97200 -56.09100 -29.87700 -15.94000 -14.05800 -33.58000 -9.94900 6.87700 -4.15000 -18.57500 -7.45600 -16.21500
226.00000 -41.79900 -49.34700 -37.58700 -36.50900 -41.48400 -53.65000 -30.85300 -13.98700 -13.57000 -32.60300 -10.92500 5.41200 -1.22100 -15.15700 -8.43300 -15.23800
227.00000 -39.84600 -46.41700 -36.61100 -35.53300 -39.53000 -49.74400 -30.85300 -14.96400 -15.52300 -31.62600 -8.48400 4.92400 0.73200 -13.20400 -6.96800 -12.30900
228.00000 -38.86900 -44.46400 -35.63400 -35.53300 -37.57700 -46.81400 -29.38800 -15.45200 -14.05800 -29.67300 -3.11300 6.87700 2.19700 -13.20400 -3.06200 -9.86700
229.00000 -38.38100 -42.51100 -36.61100 -36.99700 -35.62400 -45.83700 -28.41200 -13.98700 -13.08200 -28.69700 1.28200 9.31800 2.19700 -14.18100 0.35600 -8.89100
230.00000 -39.84600 -40.55800 -38.07600 -37.97400 -33.18300 -45.34900 -27.43500 -13.49900 -12.10500 -28.20800 1.28200 11.27100 1.70900 -15.15700 1.33300 -9.86700
231.00000 -41.31100 -39.09300 -39.54100 -38.46200 -31.23000 -44.37300 -28.41200 -12.03400 -12.59400 -28.20800 -2.62500 9.80600 0.73200 -15.64500 -1.10900 -10.84400
232.00000 -41.31100 -37.62800 -40.51700 -37.97400 -29.27700 -41.44300 -29.87700 -8.12800 -11.61700 -28.69700 -8.97200 6.38800 -0.24400 -16.62200 -5.50300 -11.33200
233.00000 -40.82200 -35.67500 -40.02900 -36.99700 -27.32300 -37.04800 -30.85300 -5.19800 -10.64000 -28.20800 -12.87800 1.99400 -2.19700 -19.06300 -8.92100 -11.82000
234.00000 -38.38100 -34.21000 -39.54100 -35.04400 -25.85900 -33.63000 -30.85300 -5.19800 -10.15200 -27.72000 -13.85500 -0.93600 -4.63900 -21.01600 -9.89800 -12.79700
235.00000 -35.45100 -32.25700 -37.58700 -33.09100 -23.90500 -30.70100 -30.36500 -3.73300 -8.68700 -26.25500 -11.90200 -1.42400 -7.08000 -21.99300 -7.94500 -14.75000
236.00000 -32.52200 -30.79200 -35.63400 -31.13800 -22.44100 -29.23600 -27.92400 -6.17500 -7.22200 -23.81400 -8.48400 0.52900 -7.56800 -21.01600 -5.01500 -16.21500
237.00000 -29.10400 -29.32700 -33.19300 -28.20800 -20.48700 -29.23600 -25.48200 -7.15100 -5.26900 -20.88400 -4.57800 3.45900 -5.61500 -17.59800 -2.08500 -15.23800
238.00000 -26.17400 -27.86300 -30.26300 -25.76700 -19.02300 -29.72400 -22.06400 -5.68600 -4.78100 -18.44300 -1.64800 6.38800 -1.70900 -13.20400 1.33300 -10.84400
239.00000 -24.70900 -27.86300 -28.31000 -23.81400 -19.02300 -30.70100 -19.62300 -6.66300 -3.80500 -17.46600 -0.67100 8.83000 2.19700 -9.78600 3.77400 -4.98500
240.00000 -25.68600 -28.83900 -28.31000 -23.81400 -19.51100 -31.18900 -19.13500 -7.15100 -5.26900 -17.46600 -0.67100 9.80600 5.61500 -7.83300 4.26200 -1.07800
241.00000 -28.12700 -30.30400 -30.75200 -25.76700 -20.48700 -30.70100 -20.59900 -9.10400 -10.15200 -16.97800 -2.13600 10.29500 6.59200 -7.83300 3.28600 -2.05500
242.00000 -31.54500 -30.79200 -34.65800 -28.20800 -20.48700 -27.77100 -23.52900 -10.56900 -10.64000 -16.49000 -3.60100 10.29500 5.61500 -9.29800 -0.13200 -7.42600
243.00000 -34.47500 -30.79200 -37.58700 -29.67300 -19.51100 -23.86500 -25.48200 -10.08100 -11.61700 -15.51300 -4.08900 10.29500 4.15000 -10.76300 -3.55000 -13.77400
244.00000 -35.94000 -30.30400 -39.05200 -30.65000 -19.02300 -20.93500 -26.45900 -11.54600 -10.64000 -16.00100 -3.60100 10.29500 3.17400 -11.73900 -5.50300 -16.70300
245.00000 -35.94000 -30.30400 -39.05200 -30.16200 -19.99900 -21.91200 -25.97000 -10.08100 -8.68700 -17.95500 -3.11300 9.80600 2.19700 -11.25100 -5.50300 -15.23800
246.00000 -35.45100 -31.28100 -38.56400 -29.67300 -22.92900 -26.79400 -25.48200 -9.59300 -8.19900 -20.39600 -4.08900 8.83000 2.19700 -9.78600 -4.52700 -11.33200
247.00000 -35.45100 -33.72200 -37.58700 -30.16200 -27.32300 -33.14200 -25.48200 -6.17500 -5.26900 -22.34900 -5.06600 6.87700 2.19700 -8.80900 -3.06200 -9.37900
248.00000 -35.45100 -34.69800 -36.61100 -31.62600 -30.74100 -37.04800 -24.99400 -4.71000 -6.24600 -22.83700 -5.06600 4.43500 2.19700 -8.80900 -3.06200 -8.40300
249.00000 -34.96300 -34.69800 -35.14600 -32.11500 -32.20600 -33.14200 -24.01700 -3.73300 -6.73400 -21.37200 -4.08900 2.48200 2.68600 -8.80900 -3.55000 -8.89100
250.00000 -32.03300 -32.25700 -32.21600 -30.65000 -31.23000 -30.70100 -21.08800 -3.24500 -8.68700 -18.93100 -2.62500 1.50600 3.66200 -8.32100 -4.03800 -9.37900
251.00000 -27.63900 -29.32700 -27.82200 -27.23200 -28.78800 -24.84100 -17.67000 -2.75700 -8.68700 -16.00100 -2.13600 1.01700 3.66200 -7.83300 -4.52700 -8.89100
252.00000 -23.24400 -25.90900 -23.91600 -23.32600 -26.34700 -22.40000 -14.25200 -2.75700 -8.68700 -13.07200 -3.60100 1.01700 2.68600 -7.83300 -5.01500 -9.37900
253.00000 -20.80300 -24.93300 -21.47400 -20.39600 -25.85900 -24.35300 -13.27500 -4.22200 -8.19900 -11.60700 -5.55400 0.52900 0.73200 -8.80900 -6.48000 -11.82000
254.00000 -21.77900 -25.90900 -21.47400 -19.90800 -26.83500 -29.23600 -13.76300 -4.71000 -7.22200 -11.11900 -5.55400 0.52900 -1.22100 -9.29800 -6.96800 -14.75000
255.00000 -24.22100 -28.35100 -22.93900 -20.88400 -28.78800 -34.11900 -15.71700 -3.73300 -6.24600 -11.60700 -4.08900 0.52900 -2.19700 -8.80900 -6.48000 -15.23800
256.00000 -26.66200 -29.32700 -24.40400 -22.34900 -30.25300 -34.60700 -16.69300 -3.24500 -2.82800 -12.09500 -1.16000 1.50600 -2.19700 -7.83300 -4.03800 -11.82000
