1.00000 2.31900 0.80400 0.58000 1.01700 0.33600 -1.52600 -3.01100 -0.43700 -0.39700 -2.70600 -3.72300 -2.96000 -2.31900 -3.05200 -1.44400 -2.00400
2.00000 4.27200 1.78000 1.55600 1.50600 0.82400 0.42700 -3.01100 -1.41400 -0.39700 -2.70600 -5.18800 -3.93700 -2.80800 -3.54000 -2.90900 -3.46900
3.00000 4.76100 2.26800 2.53300 1.50600 1.31200 0.91600 -2.52300 -1.41400 -0.88500 -2.70600 -5.67600 -4.42500 -2.31900 -4.51700 -4.37400 -4.93400
4.00000 4.27200 1.78000 2.53300 1.50600 0.82400 -0.54900 -2.52300 -0.43700 -1.37300 -3.19400 -4.70000 -4.91300 -2.31900 -5.00500 -5.35100 -6.39900
5.00000 2.80800 1.29200 1.06800 0.52900 0.33600 -2.01400 -2.03500 0.53900 -2.83800 -4.17100 -3.72300 -4.42500 -2.31900 -5.49300 -5.83900 -6.39900
6.00000 2.31900 1.29200 0.09200 0.04100 -0.15300 -2.50200 -2.03500 -0.43700 -3.81500 -4.65900 -2.74700 -4.42500 -3.29600 -5.49300 -5.83900 -6.39900
7.00000 1.83100 1.78000 -0.39700 -0.44800 0.33600 -2.01400 -2.03500 -1.41400 -4.30300 -5.63600 -1.77000 -3.93700 -4.76100 -5.98100 -5.83900 -6.39900
8.00000 2.80800 2.75700 0.09200 0.04100 0.82400 -1.03800 -2.03500 -1.41400 -5.76800 -7.10000 -1.77000 -4.42500 -6.22600 -7.44600 -5.83900 -6.88700
9.00000 3.29600 3.24500 1.06800 0.52900 0.33600 -1.03800 -2.52300 -0.43700 -6.74400 -8.07700 -2.74700 -4.42500 -7.69000 -9.88800 -6.32700 -7.37500
10.00000 3.29600 3.24500 1.55600 1.01700 -0.15300 -2.01400 -2.52300 -0.43700 -6.25600 -9.05400 -4.70000 -4.91300 -8.66700 -12.32900 -7.79200 -8.84000
11.00000 2.80800 3.24500 1.06800 0.52900 -1.12900 -2.99100 -3.01100 -1.90200 -5.28000 -10.03000 -6.16500 -5.40200 -9.64400 -13.79400 -9.25700 -10.79300
12.00000 2.80800 3.73300 0.58000 0.04100 -1.12900 -2.99100 -3.01100 -1.90200 -4.79100 -10.51800 -6.65300 -5.89000 -10.13200 -13.79400 -9.74500 -11.77000
13.00000 3.29600 5.19800 -0.39700 0.04100 0.33600 -1.03800 -3.98800 -0.92600 -4.79100 -10.03000 -6.16500 -5.89000 -9.64400 -12.32900 -9.25700 -11.28100
14.00000 4.76100 7.64000 -0.88500 0.04100 1.80100 1.89200 -3.98800 0.05100 -5.28000 -8.56500 -5.18800 -5.40200 -9.15500 -9.88800 -8.28000 -9.81600
15.00000 6.22600 9.59300 -0.88500 1.01700 3.26500 3.84500 -4.47600 0.05100 -5.76800 -7.10000 -4.70000 -5.40200 -7.69000 -8.42300 -6.81600 -8.84000
16.00000 6.22600 10.56900 -1.37300 1.50600 3.75400 4.33300 -4.47600 -0.43700 -6.25600 -6.12400 -5.18800 -5.40200 -6.71400 -7.93500 -5.83900 -8.35200
17.00000 5.73700 10.08100 -1.37300 1.50600 2.77700 1.89200 -4.96400 -1.41400 -5.76800 -6.61200 -6.65300 -5.40200 -6.71400 -8.42300 -6.32700 -8.84000
18.00000 5.24900 9.10400 -1.37300 1.99400 1.80100 -0.06100 -4.96400 -1.41400 -4.30300 -7.10000 -7.62900 -4.91300 -7.20200 -8.42300 -7.79200 -9.81600
19.00000 4.27200 8.12800 -0.88500 1.50600 1.80100 -1.03800 -4.47600 -1.90200 -4.30300 -7.58900 -7.14100 -4.42500 -7.20200 -7.93500 -8.28000 -9.81600
20.00000 4.27200 7.64000 0.09200 1.50600 2.28900 -0.06100 -4.47600 -1.41400 -4.79100 -6.61200 -6.65300 -4.42500 -6.71400 -6.95800 -7.79200 -9.32800
21.00000 4.76100 7.64000 1.06800 1.99400 3.75400 1.40400 -3.98800 -0.43700 -4.79100 -5.14700 -5.67600 -4.91300 -6.71400 -6.47000 -6.81600 -8.35200
22.00000 5.24900 7.64000 1.55600 1.99400 4.24200 2.38000 -3.98800 0.05100 -5.76800 -4.65900 -5.18800 -4.91300 -6.71400 -6.47000 -5.83900 -8.84000
23.00000 5.24900 7.64000 2.04500 2.48200 3.75400 1.40400 -3.49900 0.53900 -6.25600 -5.14700 -5.18800 -4.91300 -7.69000 -7.93500 -6.32700 -9.81600
24.00000 5.73700 7.15100 2.53300 2.48200 2.77700 -0.54900 -3.49900 0.53900 -6.25600 -7.10000 -5.67600 -4.91300 -8.66700 -10.37600 -7.30400 -11.28100
25.00000 6.71400 7.15100 3.51000 2.97000 1.31200 -2.50200 -3.49900 0.53900 -7.23300 -9.54200 -5.67600 -4.91300 -9.15500 -12.32900 -8.76900 -13.23400
26.00000 7.20200 7.15100 4.48600 3.45900 0.33600 -3.47900 -3.49900 2.98100 -6.74400 -11.49500 -5.67600 -4.42500 -9.15500 -13.79400 -9.25700 -13.72300
27.00000 7.20200 7.15100 5.46300 3.45900 0.33600 -3.47900 -3.49900 3.95700 -7.23300 -12.47200 -5.67600 -3.93700 -9.15500 -14.77100 -9.25700 -13.72300
28.00000 6.71400 6.66300 6.43900 3.94700 0.33600 -2.99100 -2.52300 3.95700 -8.20900 -11.98300 -5.18800 -3.44800 -9.15500 -14.77100 -8.76900 -13.72300
29.00000 6.22600 6.17500 7.41600 4.43500 -0.15300 -2.50200 -1.05800 4.93400 -7.72100 -11.49500 -4.21100 -2.47200 -9.15500 -14.28200 -8.76900 -13.23400
30.00000 6.22600 5.68600 8.39200 4.92400 -1.12900 -2.01400 0.89500 5.91000 -6.25600 -11.49500 -3.72300 -1.00700 -9.64400 -13.79400 -9.74500 -13.23400
31.00000 6.22600 5.19800 9.85700 5.41200 -2.10600 -1.52600 3.33700 5.42200 -6.25600 -11.49500 -2.74700 -0.03100 -9.64400 -11.84100 -9.74500 -11.77000
32.00000 7.20200 5.19800 11.32200 5.90000 -2.10600 -0.54900 4.80100 3.46900 -6.74400 -10.51800 -1.77000 0.94600 -8.66700 -8.91100 -9.25700 -8.84000
33.00000 7.69000 4.71000 11.81000 5.90000 -2.10600 0.42700 5.29000 2.49200 -6.25600 -9.54200 -0.79300 1.92300 -7.20200 -5.98100 -7.30400 -5.91000
34.00000 7.20200 5.19800 11.81000 4.92400 -1.61700 0.91600 4.80100 1.51600 -5.28000 -8.56500 -0.30500 1.92300 -5.73700 -3.54000 -4.86200 -3.46900
35.00000 7.20200 4.71000 10.83400 4.43500 -1.12900 0.42700 3.82500 0.53900 -5.76800 -7.58900 -0.30500 1.43400 -5.24900 -3.05200 -3.88600 -2.98100
36.00000 7.20200 4.71000 10.34500 3.94700 -1.12900 -0.06100 2.84800 1.02700 -6.74400 -7.58900 -0.79300 0.94600 -6.71400 -4.51700 -4.86200 -4.44500
37.00000 6.71400 4.71000 9.36900 3.94700 -1.12900 -0.54900 2.36000 1.02700 -6.74400 -9.05400 -1.77000 -0.03100 -9.15500 -6.95800 -7.30400 -6.39900
38.00000 5.24900 3.73300 7.90400 3.45900 -1.12900 -0.06100 1.38300 0.05100 -6.25600 -10.03000 -2.25800 -1.00700 -11.59700 -8.42300 -9.74500 -7.86300
39.00000 3.29600 2.75700 5.95100 2.97000 -1.61700 0.42700 0.89500 0.53900 -4.79100 -10.51800 -1.77000 -1.00700 -11.59700 -8.42300 -9.74500 -7.86300
40.00000 1.34300 1.29200 4.48600 1.99400 -2.10600 0.91600 0.89500 0.53900 -6.25600 -10.03000 -0.30500 -0.51900 -10.62000 -7.44600 -7.79200 -5.91000
41.00000 0.36600 0.31500 3.51000 0.52900 -2.59400 0.91600 1.38300 1.02700 -7.72100 -9.54200 0.67100 -0.03100 -8.66700 -6.47000 -4.86200 -3.95700
42.00000 0.36600 0.80400 3.51000 0.52900 -3.08200 0.91600 2.36000 2.49200 -7.23300 -8.56500 0.67100 -0.03100 -7.69000 -5.49300 -2.90900 -2.49200
43.00000 2.31900 0.80400 5.46300 1.01700 -3.57100 0.91600 2.84800 1.02700 -8.20900 -8.07700 -1.28200 -1.00700 -8.17900 -6.95800 -2.90900 -2.00400
44.00000 4.76100 2.75700 7.90400 2.97000 -2.59400 0.91600 3.33700 -1.41400 -8.69800 -8.07700 -3.72300 -1.98400 -9.64400 -8.42300 -4.86200 -2.98100
45.00000 7.20200 4.22200 10.83400 4.43500 -2.59400 1.89200 3.33700 -2.39100 -8.20900 -8.56500 -5.67600 -4.42500 -12.08500 -10.86400 -7.79200 -3.95700
46.00000 8.66700 5.68600 12.78700 5.90000 -2.10600 2.38000 2.84800 -3.36700 -7.72100 -8.56500 -6.65300 -5.89000 -13.06200 -11.84100 -9.74500 -4.93400
47.00000 9.15500 7.15100 13.27500 5.41200 -1.12900 3.84500 2.36000 -5.32000 -8.20900 -8.56500 -6.16500 -6.37800 -13.06200 -12.32900 -9.74500 -4.93400
48.00000 8.66700 7.64000 11.81000 4.92400 -0.15300 4.33300 1.87200 -4.34400 -6.74400 -8.07700 -5.18800 -5.89000 -12.57300 -11.84100 -7.79200 -4.44500
49.00000 7.20200 6.66300 8.88100 3.45900 0.82400 5.31000 1.38300 -3.85500 -6.74400 -7.58900 -4.70000 -5.40200 -11.59700 -11.84100 -6.32700 -4.44500
50.00000 4.76100 5.68600 5.95100 2.48200 1.31200 4.82200 -0.08100 -3.85500 -7.23300 -7.58900 -4.70000 -4.91300 -10.62000 -11.84100 -5.35100 -4.44500
51.00000 3.29600 3.73300 3.99800 1.50600 0.82400 4.82200 -0.57000 -2.39100 -6.25600 -7.58900 -4.70000 -5.40200 -9.64400 -11.84100 -5.83900 -4.44500
52.00000 2.31900 2.26800 3.51000 1.50600 -0.15300 2.86900 -0.57000 -0.92600 -4.79100 -8.07700 -4.21100 -5.89000 -9.15500 -11.35300 -5.83900 -4.44500
53.00000 2.31900 1.29200 3.99800 1.50600 -1.12900 1.89200 -0.08100 -0.43700 -5.76800 -8.07700 -4.21100 -6.37800 -7.69000 -9.88800 -5.83900 -3.95700
54.00000 2.80800 1.78000 4.97400 1.99400 -1.61700 0.91600 0.89500 0.05100 -6.74400 -7.58900 -3.72300 -6.37800 -6.71400 -7.93500 -4.86200 -2.98100
55.00000 4.27200 2.75700 5.95100 1.99400 -1.61700 0.91600 1.38300 0.53900 -6.25600 -6.61200 -3.23500 -5.40200 -6.22600 -6.47000 -4.37400 -2.00400
56.00000 4.76100 4.22200 6.43900 1.99400 -1.61700 1.89200 1.38300 -0.43700 -6.25600 -6.61200 -2.74700 -3.93700 -6.22600 -6.47000 -3.39800 -1.51600
57.00000 4.27200 4.71000 5.95100 1.50600 -1.12900 2.86900 0.89500 -3.36700 -5.76800 -6.61200 -1.77000 -2.47200 -6.71400 -6.95800 -2.42100 -1.02700
58.00000 2.80800 3.73300 4.48600 0.04100 -1.61700 2.86900 0.40700 -5.32000 -5.76800 -7.10000 -1.28200 -2.47200 -7.69000 -7.93500 -1.93300 -1.02700
59.00000 1.34300 2.26800 3.02100 -0.93600 -2.10600 2.86900 -0.57000 -5.80900 -5.76800 -7.10000 -1.28200 -2.96000 -8.66700 -7.44600 -2.42100 -1.51600
60.00000 0.85400 1.29200 1.55600 -1.91200 -2.10600 2.86900 -2.03500 -4.34400 -4.79100 -6.61200 -2.25800 -4.42500 -8.66700 -5.98100 -2.42100 -2.00400
61.00000 0.85400 1.29200 0.58000 -2.40100 -1.61700 3.35700 -3.01100 -3.85500 -3.81500 -5.14700 -2.74700 -5.40200 -8.17900 -4.51700 -2.90900 -2.00400
62.00000 1.83100 2.75700 1.06800 -1.91200 -0.64100 4.82200 -3.01100 -3.85500 -4.30300 -3.19400 -2.74700 -4.91300 -6.71400 -2.07500 -2.42100 -2.00400
63.00000 2.80800 4.22200 2.53300 -0.93600 0.33600 6.28700 -2.03500 -2.87900 -3.81500 -1.72900 -1.77000 -3.93700 -5.24900 -0.61000 -1.93300 -1.51600
64.00000 3.29600 5.19800 4.48600 0.04100 0.82400 7.26300 -0.08100 -2.39100 -3.32600 -0.75300 -0.79300 -3.44800 -4.27200 -0.12200 -1.93300 -1.02700
65.00000 2.80800 4.71000 4.97400 0.04100 0.33600 6.28700 1.38300 -2.87900 -2.83800 -1.24100 0.18300 -2.96000 -4.27200 -0.12200 -1.93300 -1.02700
66.00000 0.85400 2.26800 3.51000 -1.42400 -0.64100 4.82200 2.36000 -3.85500 -2.83800 -1.72900 -0.30500 -3.44800 -4.27200 -0.61000 -1.93300 -1.51600
67.00000 -1.58700 -0.66100 1.06800 -3.86600 -1.61700 3.84500 1.87200 -4.83200 -1.86200 -3.19400 -0.79300 -4.42500 -4.27200 -0.61000 -1.93300 -1.51600
68.00000 -4.02800 -2.61400 -1.86200 -5.81900 -2.10600 2.86900 0.40700 -5.32000 -1.86200 -3.19400 -1.28200 -4.91300 -3.78400 0.36600 -1.44400 -1.51600
69.00000 -5.00500 -4.07900 -3.32600 -6.30700 -2.59400 2.38000 -0.57000 -6.29700 -2.35000 -3.68200 -0.79300 -4.91300 -2.80800 2.80800 -0.95600 -1.02700
70.00000 -5.00500 -4.07900 -3.32600 -6.79500 -3.57100 1.40400 -2.03500 -7.76200 -3.32600 -3.19400 -0.79300 -4.42500 -1.34300 4.76100 -0.95600 0.43700
71.00000 -4.51700 -3.59100 -2.83800 -6.79500 -4.54700 -0.54900 -2.52300 -8.73800 -3.32600 -3.68200 -0.79300 -3.93700 -0.36600 5.24900 -0.95600 0.92600
72.00000 -4.51700 -3.59100 -3.32600 -6.79500 -5.52400 -2.99100 -3.49900 -10.20300 -2.83800 -4.17100 -1.77000 -3.93700 0.12200 5.24900 -0.95600 0.92600
73.00000 -5.49300 -4.07900 -4.79100 -7.77200 -6.50000 -4.45600 -4.96400 -12.15600 -2.35000 -5.14700 -2.74700 -4.42500 0.12200 3.29600 -1.93300 -0.05100
74.00000 -6.95800 -4.56700 -6.25600 -9.23700 -6.98900 -3.96700 -5.94100 -12.64400 -2.35000 -5.14700 -3.72300 -4.91300 -0.85400 1.83100 -2.90900 -1.51600
75.00000 -7.44600 -5.05600 -7.23300 -9.72500 -6.98900 -2.50200 -6.91700 -12.15600 -3.81500 -5.14700 -3.23500 -5.40200 -2.31900 0.36600 -3.39800 -2.00400
76.00000 -6.95800 -4.56700 -6.74400 -10.21300 -6.98900 -0.06100 -6.42900 -10.69100 -5.76800 -4.17100 -2.25800 -4.42500 -3.29600 -0.61000 -3.39800 -2.00400
77.00000 -5.98100 -3.59100 -4.79100 -9.72500 -6.50000 1.40400 -5.45200 -7.76200 -7.23300 -3.68200 -1.28200 -3.93700 -4.76100 -2.07500 -2.42100 -2.00400
78.00000 -5.00500 -3.10300 -3.32600 -9.23700 -6.98900 0.91600 -3.98800 -5.80900 -8.20900 -4.17100 -0.79300 -2.96000 -5.73700 -5.00500 -1.44400 -2.00400
79.00000 -4.51700 -2.61400 -2.83800 -8.74800 -6.98900 -1.03800 -2.52300 -5.32000 -10.16200 -6.61200 -1.28200 -1.98400 -7.69000 -8.91100 -1.93300 -3.46900
80.00000 -5.00500 -3.10300 -2.35000 -8.74800 -8.45300 -2.99100 -1.54600 -3.85500 -10.16200 -9.54200 -1.77000 -1.98400 -9.64400 -12.32900 -3.39800 -6.39900
81.00000 -5.49300 -4.07900 -2.35000 -8.26000 -8.94200 -3.96700 -0.57000 -2.39100 -8.69800 -12.47200 -2.74700 -1.98400 -12.08500 -14.77100 -5.83900 -9.32800
82.00000 -5.49300 -4.07900 -2.35000 -8.26000 -9.43000 -3.96700 -0.08100 -1.41400 -8.20900 -13.44800 -3.72300 -2.47200 -14.52600 -15.74700 -7.30400 -10.79300
83.00000 -5.98100 -4.56700 -2.35000 -8.74800 -9.43000 -3.47900 -0.08100 -1.41400 -10.16200 -13.93600 -4.21100 -2.47200 -15.50300 -15.25900 -7.79200 -10.79300
84.00000 -6.47000 -5.05600 -2.83800 -8.74800 -8.94200 -2.99100 -0.08100 -1.41400 -11.62700 -12.96000 -3.23500 -1.98400 -14.52600 -13.30600 -6.32700 -9.32800
85.00000 -7.44600 -5.54400 -3.32600 -9.23700 -9.43000 -3.47900 0.40700 -1.41400 -10.65100 -12.47200 -2.25800 -1.00700 -13.06200 -11.84100 -4.37400 -6.39900
86.00000 -8.91100 -6.03200 -4.79100 -10.21300 -9.91800 -4.94400 -0.08100 -2.39100 -10.16200 -13.44800 -0.30500 0.45800 -11.10800 -10.86400 -1.93300 -3.46900
87.00000 -9.88800 -7.49700 -6.25600 -10.70100 -10.89500 -6.40900 -1.05800 -4.34400 -11.13900 -14.91300 0.18300 1.43400 -9.64400 -11.35300 -0.46800 -2.00400
88.00000 -9.88800 -7.49700 -7.23300 -10.70100 -11.38300 -6.89700 -2.03500 -5.80900 -10.16200 -16.86600 0.67100 1.43400 -9.64400 -11.84100 -0.46800 -2.00400
89.00000 -8.91100 -6.52100 -7.23300 -10.21300 -10.40600 -6.40900 -3.49900 -6.29700 -7.72100 -16.86600 -0.79300 -0.03100 -10.62000 -13.30600 -1.44400 -3.46900
90.00000 -6.47000 -3.59100 -6.25600 -8.74800 -8.45300 -3.47900 -4.96400 -6.78500 -7.23300 -15.88900 -3.72300 -1.98400 -11.59700 -13.79400 -3.39800 -6.39900
91.00000 -4.02800 -0.17300 -5.28000 -7.28400 -5.03500 -0.06100 -5.94100 -6.78500 -7.72100 -13.93600 -6.16500 -4.42500 -12.08500 -13.79400 -6.32700 -8.84000
92.00000 -1.58700 2.75700 -4.30300 -5.81900 -2.10600 2.86900 -6.42900 -7.27300 -8.20900 -11.98300 -8.11800 -5.89000 -12.57300 -13.30600 -9.25700 -10.30500
93.00000 -1.09900 3.24500 -4.30300 -5.33000 -1.12900 3.84500 -6.42900 -6.29700 -6.74400 -11.00700 -9.09400 -6.86600 -12.57300 -12.81700 -11.69800 -10.79300
94.00000 -2.07500 2.26800 -4.79100 -6.30700 -1.61700 2.38000 -6.91700 -5.80900 -5.28000 -11.49500 -9.09400 -6.37800 -12.08500 -12.81700 -13.16300 -11.28100
95.00000 -4.02800 -0.17300 -5.76800 -7.28400 -3.08200 -0.06100 -6.91700 -6.29700 -4.79100 -12.47200 -8.60600 -5.89000 -11.59700 -12.81700 -13.16300 -10.79300
96.00000 -5.49300 -2.12600 -6.74400 -8.26000 -4.05900 -1.03800 -6.91700 -6.78500 -3.81500 -12.47200 -8.11800 -5.40200 -10.13200 -12.32900 -11.69800 -9.81600
97.00000 -5.49300 -2.12600 -6.25600 -7.77200 -3.57100 -1.03800 -6.91700 -6.29700 -4.79100 -11.00700 -7.62900 -5.40200 -8.17900 -9.39900 -9.25700 -7.86300
98.00000 -4.02800 -0.17300 -4.79100 -6.79500 -2.10600 0.91600 -6.42900 -5.32000 -4.79100 -8.07700 -7.14100 -4.91300 -6.22600 -5.49300 -6.32700 -4.44500
99.00000 -1.58700 1.29200 -2.35000 -4.84200 -1.12900 2.86900 -5.45200 -5.80900 -4.79100 -4.65900 -6.16500 -3.93700 -4.27200 -1.58700 -4.37400 -1.02700
100.00000 0.36600 2.26800 -0.39700 -3.86600 -1.12900 4.33300 -4.47600 -6.29700 -3.32600 -2.21800 -5.18800 -3.44800 -2.80800 1.34300 -2.42100 1.41400
101.00000 0.36600 1.29200 0.09200 -3.86600 -1.61700 3.84500 -3.98800 -9.22600 -3.32600 -1.72900 -3.72300 -2.47200 -3.29600 2.31900 -0.95600 2.87900
102.00000 -1.09900 0.31500 -0.88500 -4.84200 -2.10600 3.84500 -3.98800 -10.69100 -3.81500 -1.24100 -2.74700 -1.98400 -4.27200 2.31900 0.50900 2.39100
103.00000 -2.07500 0.31500 -2.35000 -6.79500 -1.61700 3.84500 -4.47600 -8.73800 -2.35000 -0.75300 -2.74700 -2.47200 -6.22600 1.34300 0.99700 1.41400
104.00000 -2.07500 1.78000 -3.32600 -7.28400 -0.15300 5.79800 -5.45200 -7.27300 -2.35000 0.22400 -4.21100 -3.44800 -7.69000 -0.12200 0.02000 0.43700
105.00000 -1.58700 3.24500 -2.83800 -7.28400 1.31200 7.75100 -5.94100 -8.73800 -4.30300 1.68900 -5.67600 -4.42500 -8.66700 -1.58700 -1.93300 -1.02700
106.00000 -1.09900 3.73300 -2.35000 -6.79500 2.28900 8.72800 -6.42900 -6.78500 -3.81500 1.68900 -6.65300 -5.40200 -9.64400 -3.05200 -4.37400 -2.00400
107.00000 -1.09900 3.73300 -1.86200 -6.30700 1.31200 7.75100 -6.42900 -4.34400 -4.30300 1.20000 -6.65300 -5.89000 -10.62000 -4.51700 -5.83900 -3.46900
108.00000 -2.07500 1.29200 -2.35000 -6.30700 -0.15300 5.79800 -5.94100 -2.87900 -6.25600 -0.26400 -6.65300 -5.40200 -11.10800 -5.49300 -6.32700 -4.93400
109.00000 -4.02800 -1.14900 -3.81500 -6.30700 -1.61700 2.86900 -5.94100 -2.39100 -7.23300 -1.72900 -7.14100 -4.42500 -11.59700 -5.98100 -6.81600 -5.91000
110.00000 -5.49300 -2.12600 -5.76800 -6.30700 -3.08200 0.91600 -5.94100 -1.41400 -7.23300 -2.70600 -7.62900 -3.44800 -12.57300 -6.47000 -6.81600 -6.88700
111.00000 -5.98100 -2.61400 -7.23300 -6.79500 -4.05900 -0.06100 -5.94100 -0.43700 -6.74400 -4.17100 -8.11800 -3.44800 -13.55000 -7.93500 -6.81600 -7.37500
112.00000 -6.47000 -2.12600 -7.23300 -6.79500 -4.54700 0.42700 -4.96400 -0.43700 -6.25600 -5.63600 -6.65300 -2.96000 -14.03800 -9.39900 -6.32700 -6.88700
113.00000 -5.98100 -2.12600 -6.74400 -7.28400 -4.54700 1.40400 -3.98800 -1.41400 -6.74400 -7.10000 -4.70000 -2.47200 -14.52600 -10.86400 -4.86200 -6.39900
114.00000 -6.47000 -2.12600 -6.25600 -7.77200 -4.54700 1.40400 -3.49900 -2.39100 -8.20900 -8.07700 -3.23500 -1.49500 -14.52600 -11.84100 -3.88600 -5.91000
115.00000 -6.95800 -2.61400 -6.25600 -7.77200 -4.05900 0.91600 -3.98800 -3.85500 -8.69800 -8.56500 -3.23500 -1.49500 -15.01500 -12.32900 -3.39800 -5.42200
116.00000 -7.44600 -3.10300 -6.74400 -7.77200 -3.57100 -0.06100 -4.96400 -6.29700 -8.20900 -8.56500 -5.18800 -2.47200 -15.50300 -13.30600 -5.35100 -6.88700
117.00000 -6.95800 -3.10300 -6.74400 -7.28400 -3.57100 -0.54900 -5.94100 -7.76200 -8.20900 -8.56500 -7.62900 -4.91300 -16.96800 -15.25900 -9.74500 -9.81600
118.00000 -6.95800 -3.10300 -6.74400 -6.79500 -4.54700 -1.03800 -6.42900 -7.76200 -8.69800 -9.05400 -9.58300 -7.84300 -18.92100 -16.23500 -14.14000 -12.74600
119.00000 -6.95800 -3.59100 -6.74400 -6.30700 -5.52400 -1.52600 -6.91700 -7.27300 -9.18600 -9.05400 -10.55900 -9.79600 -19.89700 -17.21200 -17.06900 -14.69900
120.00000 -7.44600 -4.56700 -6.74400 -6.79500 -6.50000 -1.52600 -6.42900 -6.29700 -9.67400 -9.05400 -10.07100 -9.79600 -19.40900 -16.72400 -17.06900 -15.67600
121.00000 -8.91100 -5.05600 -7.72100 -7.77200 -6.98900 -1.52600 -6.91700 -6.29700 -12.11500 -8.56500 -9.58300 -7.84300 -17.94400 -16.23500 -14.62800 -14.21100
122.00000 -9.39900 -5.54400 -8.69800 -8.26000 -6.98900 -1.52600 -6.91700 -4.83200 -13.58000 -9.05400 -8.60600 -5.89000 -17.45600 -16.23500 -11.21000 -11.77000
123.00000 -8.91100 -5.05600 -7.72100 -7.28400 -6.98900 -2.01400 -6.42900 -3.36700 -13.58000 -9.54200 -7.14100 -4.42500 -16.96800 -17.21200 -8.76900 -10.30500
124.00000 -7.44600 -3.59100 -5.76800 -5.81900 -7.47700 -2.50200 -4.47600 -1.90200 -12.60400 -10.03000 -4.21100 -4.42500 -17.45600 -17.70000 -7.79200 -9.81600
125.00000 -5.98100 -2.61400 -2.35000 -4.35400 -7.96500 -3.47900 -1.54600 -1.41400 -11.62700 -11.00700 -0.79300 -4.42500 -17.94400 -17.21200 -6.32700 -9.32800
126.00000 -4.02800 -1.63800 0.58000 -3.37700 -7.96500 -3.47900 1.38300 -1.41400 -10.16200 -10.03000 3.11300 -3.44800 -16.96800 -14.77100 -4.86200 -7.86300
127.00000 -3.54000 -1.14900 2.53300 -3.37700 -6.98900 -2.50200 4.31300 -1.41400 -9.67400 -7.58900 5.06600 -1.49500 -15.50300 -11.35300 -1.93300 -4.93400
128.00000 -3.54000 -0.66100 3.99800 -3.86600 -5.03500 0.42700 5.77800 -1.90200 -8.69800 -4.17100 6.04200 0.45800 -13.55000 -8.42300 0.99700 -1.51600
129.00000 -3.05200 1.29200 3.51000 -4.35400 -3.08200 4.82200 6.26600 -2.39100 -8.20900 -0.75300 5.55400 0.94600 -12.08500 -6.95800 3.43800 1.41400
130.00000 -2.07500 2.75700 3.02100 -3.86600 -1.12900 8.72800 5.77800 -3.85500 -8.20900 1.20000 4.08900 -0.03100 -12.08500 -7.44600 3.43800 2.87900
131.00000 -1.58700 4.22200 3.02100 -3.37700 0.33600 11.16900 4.80100 -5.32000 -8.20900 1.20000 1.64800 -1.98400 -13.06200 -8.91100 1.97300 2.39100
132.00000 -1.09900 4.22200 3.02100 -2.88900 0.82400 10.68100 3.33700 -4.34400 -8.20900 0.22400 -0.30500 -3.93700 -14.52600 -10.86400 -0.95600 0.43700
133.00000 -1.58700 3.24500 3.02100 -3.37700 0.33600 9.21600 2.36000 -2.87900 -8.69800 -1.72900 -2.25800 -5.40200 -15.99100 -12.81700 -3.88600 -2.49200
134.00000 -2.07500 1.78000 2.53300 -3.86600 -0.64100 6.77500 1.38300 -1.90200 -9.67400 -3.68200 -2.74700 -5.40200 -17.45600 -14.77100 -5.35100 -4.93400
135.00000 -3.05200 0.80400 1.55600 -4.35400 -1.61700 5.79800 0.89500 -1.41400 -11.13900 -5.63600 -2.25800 -4.91300 -18.43300 -16.23500 -5.83900 -6.88700
136.00000 -3.05200 1.29200 0.58000 -4.35400 -2.59400 4.82200 1.38300 0.05100 -12.60400 -7.10000 -1.28200 -3.44800 -19.40900 -17.21200 -5.83900 -7.86300
137.00000 -3.05200 1.78000 0.58000 -3.37700 -4.05900 4.33300 1.87200 1.02700 -14.55700 -8.07700 -0.79300 -2.96000 -19.89700 -17.21200 -5.35100 -8.84000
138.00000 -2.56300 2.26800 1.06800 -1.91200 -5.52400 2.38000 2.84800 2.00400 -16.51000 -9.54200 -0.79300 -2.47200 -19.89700 -16.72400 -5.83900 -8.84000
139.00000 -2.56300 1.78000 2.04500 -1.91200 -6.98900 -0.06100 3.33700 2.00400 -16.02200 -10.51800 -0.30500 -1.49500 -18.92100 -16.72400 -6.32700 -8.84000
140.00000 -3.54000 -0.17300 2.04500 -2.40100 -8.45300 -2.50200 3.82500 0.53900 -12.60400 -11.98300 -0.30500 -1.00700 -17.94400 -15.74700 -6.32700 -8.84000
141.00000 -4.51700 -2.12600 1.06800 -3.86600 -8.94200 -3.47900 3.33700 -1.41400 -9.18600 -12.47200 0.18300 -0.51900 -16.96800 -15.25900 -5.83900 -8.84000
142.00000 -5.98100 -4.07900 0.09200 -5.33000 -8.45300 -2.99100 3.33700 -1.90200 -7.72100 -11.98300 0.18300 -1.00700 -16.47900 -13.79400 -4.86200 -8.84000
143.00000 -6.47000 -4.07900 -1.37300 -6.79500 -7.47700 -1.03800 2.36000 -2.39100 -7.23300 -10.51800 -1.28200 -1.00700 -15.50300 -11.84100 -4.37400 -8.35200
144.00000 -6.95800 -3.59100 -2.83800 -6.79500 -5.52400 0.91600 0.89500 -3.85500 -6.74400 -8.07700 -2.74700 -1.49500 -14.03800 -10.86400 -4.86200 -7.86300
145.00000 -5.98100 -2.12600 -2.83800 -6.79500 -4.05900 2.86900 -0.08100 -5.32000 -5.76800 -6.12400 -3.72300 -1.98400 -13.06200 -10.86400 -5.35100 -7.37500
146.00000 -5.00500 -0.66100 -2.83800 -6.30700 -2.59400 3.84500 -1.54600 -8.25000 -5.28000 -5.14700 -4.21100 -2.96000 -12.57300 -11.35300 -6.32700 -7.37500
147.00000 -3.05200 1.29200 -1.37300 -4.84200 -1.61700 4.33300 -2.52300 -10.69100 -4.79100 -5.14700 -4.70000 -3.93700 -13.06200 -11.84100 -6.81600 -7.86300
148.00000 -1.09900 2.26800 -0.88500 -3.86600 -0.64100 4.82200 -3.01100 -10.20300 -5.76800 -5.14700 -5.18800 -5.40200 -13.55000 -10.86400 -7.30400 -8.84000
149.00000 -0.12200 3.24500 -0.39700 -2.40100 -0.64100 5.31000 -3.01100 -6.29700 -7.72100 -4.17100 -5.18800 -5.89000 -13.06200 -8.42300 -6.32700 -8.35200
150.00000 -0.12200 2.26800 0.09200 -2.40100 -1.12900 5.31000 -2.52300 -3.36700 -8.69800 -3.19400 -4.70000 -5.40200 -11.59700 -6.47000 -4.37400 -6.39900
151.00000 -1.09900 0.31500 0.09200 -3.37700 -3.08200 4.33300 -1.05800 -3.36700 -10.16200 -2.70600 -2.25800 -3.44800 -9.64400 -5.00500 -0.95600 -2.98100
152.00000 -3.05200 -2.12600 0.09200 -4.84200 -5.52400 1.40400 0.40700 -4.34400 -11.13900 -3.68200 2.13600 -0.51900 -7.69000 -5.00500 1.97300 -0.05100
153.00000 -4.02800 -3.10300 0.58000 -5.33000 -7.96500 -1.03800 3.33700 -4.83200 -10.65100 -5.63600 5.06600 2.41100 -7.20200 -5.98100 4.90300 1.41400
154.00000 -3.05200 -2.61400 2.53300 -5.33000 -9.43000 -2.01400 5.77800 -4.83200 -10.65100 -7.10000 7.01900 4.36400 -7.20200 -5.98100 6.36800 3.36700
155.00000 -0.61000 -1.14900 4.97400 -4.35400 -9.43000 -0.54900 7.73100 -2.87900 -12.60400 -7.10000 6.53100 4.36400 -6.71400 -5.00500 6.85600 3.85500
156.00000 1.83100 1.29200 6.92700 -3.37700 -9.43000 1.89200 9.19600 -0.43700 -15.04500 -5.14700 6.04200 3.87600 -6.22600 -3.05200 6.85600 5.32000
157.00000 3.78400 3.24500 8.39200 -2.40100 -8.94200 4.82200 9.19600 -0.92600 -16.51000 -3.19400 5.55400 3.38700 -5.73700 -2.56300 6.36800 5.80900
158.00000 4.76100 4.22200 9.36900 -1.42400 -8.45300 5.79800 9.19600 -1.90200 -16.02200 -2.70600 5.55400 3.38700 -5.73700 -4.02800 6.36800 5.80900
159.00000 4.76100 5.19800 9.36900 -0.44800 -8.45300 4.82200 8.70800 -1.90200 -14.06900 -4.65900 5.06600 2.89900 -7.69000 -7.44600 5.39100 3.85500
160.00000 4.27200 4.71000 7.90400 0.04100 -7.96500 2.38000 7.73100 -1.90200 -12.11500 -7.58900 3.11300 2.41100 -10.62000 -11.35300 3.43800 0.43700
161.00000 2.80800 3.73300 5.95100 0.52900 -7.96500 0.42700 5.77800 -2.39100 -10.16200 -11.00700 0.18300 0.94600 -14.03800 -13.79400 0.50900 -2.98100
162.00000 1.34300 1.78000 3.51000 -0.44800 -7.47700 -1.03800 3.33700 -1.41400 -8.20900 -11.98300 -2.74700 -1.00700 -15.50300 -15.25900 -2.90900 -5.91000
163.00000 -0.12200 -0.17300 2.04500 -1.91200 -6.50000 -0.54900 0.89500 -2.39100 -7.23300 -11.49500 -4.21100 -2.96000 -15.50300 -15.74700 -4.86200 -6.88700
164.00000 -0.12200 0.31500 1.55600 -2.88900 -5.03500 1.40400 -0.57000 -6.78500 -5.76800 -9.54200 -3.72300 -3.93700 -14.52600 -15.25900 -5.83900 -7.37500
165.00000 1.34300 2.26800 2.53300 -2.88900 -2.59400 3.84500 -0.57000 -10.69100 -4.30300 -7.10000 -3.72300 -4.42500 -13.55000 -15.74700 -5.35100 -6.88700
166.00000 3.29600 4.71000 4.48600 -1.91200 -1.12900 6.77500 -0.08100 -11.18000 -2.83800 -5.14700 -4.70000 -4.91300 -14.03800 -16.23500 -5.83900 -7.37500
167.00000 3.78400 5.68600 4.48600 -1.42400 -0.15300 8.24000 -0.57000 -10.20300 -3.32600 -4.17100 -7.14100 -5.40200 -14.52600 -15.74700 -6.81600 -8.84000
168.00000 3.29600 4.22200 3.99800 -1.42400 -0.15300 8.72800 -2.52300 -8.73800 -4.79100 -3.19400 -9.58300 -7.35500 -14.52600 -15.25900 -9.25700 -9.81600
169.00000 0.85400 0.80400 2.04500 -2.88900 -1.12900 7.75100 -3.98800 -7.27300 -6.74400 -2.70600 -10.55900 -8.33100 -14.03800 -14.28200 -11.69800 -10.30500
170.00000 -1.58700 -2.12600 0.58000 -4.35400 -2.59400 5.79800 -4.96400 -5.32000 -7.72100 -3.19400 -10.07100 -8.82000 -13.06200 -14.28200 -13.16300 -10.30500
171.00000 -3.54000 -4.07900 -0.39700 -5.81900 -4.54700 3.35700 -3.98800 -4.34400 -8.20900 -5.14700 -8.11800 -7.84300 -13.06200 -16.23500 -13.16300 -10.79300
172.00000 -4.51700 -5.05600 -0.39700 -6.79500 -6.01200 0.91600 -2.03500 -3.85500 -9.18600 -8.07700 -7.14100 -6.37800 -14.03800 -18.67700 -12.18700 -11.28100
173.00000 -5.00500 -5.54400 0.09200 -6.79500 -7.47700 -1.52600 -0.57000 -3.36700 -10.65100 -11.49500 -7.62900 -4.91300 -15.50300 -20.63000 -11.21000 -11.77000
174.00000 -5.49300 -6.52100 -0.39700 -6.79500 -8.45300 -2.50200 -0.57000 -3.85500 -10.16200 -13.93600 -9.58300 -4.42500 -16.96800 -21.60600 -11.21000 -12.74600
175.00000 -5.49300 -6.52100 -0.88500 -6.79500 -8.45300 -2.50200 -2.03500 -3.85500 -10.16200 -14.91300 -10.55900 -4.42500 -17.94400 -22.09500 -11.69800 -12.74600
176.00000 -5.00500 -5.05600 -1.37300 -6.79500 -7.47700 -0.54900 -3.49900 -4.34400 -12.11500 -14.91300 -11.04700 -5.40200 -18.43300 -22.09500 -12.18700 -12.74600
177.00000 -3.05200 -2.61400 -0.88500 -5.81900 -6.50000 0.91600 -3.49900 -5.80900 -14.06900 -13.93600 -10.55900 -6.37800 -18.43300 -22.58300 -12.67500 -12.74600
178.00000 -0.61000 0.31500 0.58000 -4.84200 -5.52400 1.40400 -2.52300 -6.78500 -15.53300 -14.42500 -10.07100 -7.35500 -19.40900 -23.07100 -12.67500 -12.74600
179.00000 0.85400 1.29200 2.53300 -3.86600 -6.01200 0.42700 -1.05800 -6.78500 -16.51000 -15.40100 -9.58300 -7.84300 -19.40900 -24.04800 -12.67500 -12.74600
180.00000 1.34300 0.31500 3.02100 -3.37700 -7.47700 -1.52600 -1.05800 -6.78500 -17.48700 -17.35400 -9.58300 -8.33100 -18.92100 -25.02400 -12.67500 -12.25800
181.00000 0.36600 -1.14900 3.02100 -3.86600 -8.94200 -3.96700 -2.03500 -7.27300 -17.97500 -19.30700 -10.07100 -8.82000 -18.43300 -25.51300 -13.16300 -12.74600
182.00000 -0.12200 -2.61400 2.04500 -4.84200 -10.40600 -5.43200 -3.01100 -8.73800 -17.48700 -20.28400 -10.07100 -9.30800 -18.43300 -26.00100 -14.14000 -13.23400
183.00000 -0.12200 -2.61400 2.04500 -4.84200 -11.87100 -6.40900 -3.49900 -8.73800 -15.53300 -20.28400 -10.55900 -8.82000 -17.94400 -25.02400 -15.11600 -14.21100
184.00000 0.85400 -1.14900 2.04500 -4.35400 -11.87100 -6.40900 -3.98800 -6.78500 -13.09200 -19.30700 -11.53600 -8.82000 -17.94400 -23.56000 -15.60500 -15.67600
185.00000 1.83100 -0.17300 2.04500 -3.86600 -11.38300 -5.92000 -3.98800 -5.32000 -11.62700 -16.86600 -12.02400 -9.30800 -17.45600 -21.11800 -16.09300 -16.16400
186.00000 1.34300 0.31500 2.53300 -3.86600 -10.89500 -3.96700 -3.49900 -5.80900 -10.16200 -13.44800 -12.02400 -9.30800 -16.47900 -18.18800 -16.09300 -15.18800
187.00000 0.85400 0.80400 3.02100 -4.35400 -9.91800 -1.03800 -3.01100 -6.29700 -7.72100 -9.54200 -11.53600 -9.30800 -14.03800 -15.25900 -15.60500 -12.74600
188.00000 0.85400 1.29200 3.51000 -4.35400 -8.45300 2.86900 -2.52300 -5.80900 -5.76800 -6.12400 -11.53600 -9.30800 -12.57300 -12.81700 -14.62800 -10.79300
189.00000 0.85400 2.26800 3.02100 -4.84200 -6.50000 7.26300 -2.52300 -4.83200 -6.74400 -3.19400 -12.02400 -9.30800 -12.08500 -11.84100 -13.65200 -8.35200
190.00000 2.31900 3.73300 3.02100 -3.86600 -4.05900 9.70500 -2.52300 -4.34400 -8.69800 -1.24100 -13.48900 -9.79600 -12.08500 -11.35300 -12.18700 -7.86300
191.00000 3.78400 5.19800 3.02100 -3.37700 -2.59400 10.68100 -2.52300 -4.34400 -8.20900 -1.24100 -13.97700 -10.28400 -13.06200 -10.86400 -11.69800 -7.86300
192.00000 4.27200 5.19800 3.99800 -2.88900 -2.10600 9.21600 -2.52300 -3.85500 -7.72100 -2.21800 -13.48900 -10.28400 -13.55000 -10.37600 -11.21000 -7.86300
193.00000 3.78400 4.71000 4.97400 -2.40100 -2.10600 7.75100 -2.03500 -3.36700 -8.69800 -2.70600 -11.04700 -9.79600 -13.55000 -9.88800 -10.72200 -6.88700
194.00000 3.29600 4.22200 5.95100 -2.40100 -2.59400 6.77500 -0.57000 -4.34400 -10.16200 -3.19400 -8.11800 -9.30800 -13.55000 -9.39900 -10.72200 -6.39900
195.00000 2.80800 3.73300 6.43900 -2.40100 -3.57100 5.79800 0.89500 -5.32000 -10.65100 -4.17100 -6.16500 -8.33100 -13.55000 -9.39900 -10.23400 -5.91000
196.00000 2.31900 3.73300 5.95100 -2.88900 -3.57100 4.82200 1.38300 -5.80900 -10.16200 -5.63600 -5.67600 -7.84300 -14.52600 -11.35300 -10.72200 -6.39900
197.00000 1.83100 3.24500 4.48600 -3.37700 -4.05900 3.84500 1.38300 -9.22600 -9.18600 -7.58900 -6.65300 -8.82000 -15.99100 -13.30600 -11.69800 -7.86300
198.00000 2.31900 3.73300 4.48600 -2.88900 -3.57100 2.38000 0.40700 -13.13300 -9.18600 -9.54200 -7.62900 -9.79600 -16.47900 -15.74700 -13.16300 -9.81600
199.00000 3.29600 4.22200 4.97400 -2.88900 -4.05900 1.89200 -0.08100 -15.57400 -9.18600 -11.00700 -8.11800 -11.26100 -15.99100 -16.72400 -14.62800 -10.79300
200.00000 4.76100 6.17500 6.92700 -2.40100 -4.05900 2.38000 -0.57000 -15.57400 -7.72100 -10.51800 -9.09400 -12.23800 -15.50300 -17.21200 -15.60500 -11.28100
201.00000 6.71400 8.12800 8.39200 -1.91200 -4.54700 3.84500 -2.03500 -14.59800 -7.23300 -9.05400 -10.55900 -13.70200 -14.52600 -17.21200 -16.58100 -11.28100
202.00000 6.71400 9.10400 7.90400 -2.40100 -5.03500 4.82200 -3.49900 -13.13300 -7.72100 -8.07700 -13.48900 -15.16700 -14.52600 -17.70000 -16.58100 -11.77000
203.00000 5.24900 8.12800 5.95100 -3.37700 -5.52400 4.82200 -5.94100 -12.15600 -8.69800 -7.58900 -15.44200 -15.65600 -15.50300 -18.67700 -17.06900 -11.77000
204.00000 2.80800 5.68600 3.02100 -3.86600 -5.52400 3.84500 -7.40600 -10.20300 -9.18600 -8.07700 -16.41800 -15.65600 -16.96800 -20.14200 -17.55800 -13.23400
205.00000 0.36600 3.73300 1.06800 -4.35400 -5.52400 3.35700 -7.40600 -9.22600 -9.18600 -9.05400 -15.44200 -15.16700 -18.43300 -20.63000 -17.55800 -14.21100
206.00000 -1.09900 2.26800 1.06800 -3.86600 -4.54700 3.84500 -5.45200 -8.25000 -9.67400 -9.54200 -13.48900 -14.19100 -19.40900 -20.14200 -17.06900 -14.21100
207.00000 -0.61000 2.75700 3.02100 -3.37700 -4.05900 5.31000 -2.52300 -7.76200 -11.62700 -9.05400 -12.51200 -13.21400 -19.89700 -19.16500 -15.60500 -13.23400
208.00000 0.85400 4.71000 4.97400 -2.88900 -3.57100 6.77500 -0.57000 -5.80900 -13.58000 -8.56500 -12.51200 -12.72600 -19.89700 -18.67700 -15.11600 -11.28100
209.00000 1.83100 5.68600 5.46300 -2.40100 -3.57100 7.26300 -0.08100 -2.87900 -15.04500 -8.56500 -13.00000 -12.23800 -20.38600 -19.16500 -14.62800 -9.81600
210.00000 1.83100 5.68600 5.46300 -2.40100 -4.54700 6.28700 -1.05800 -0.92600 -16.02200 -10.03000 -13.48900 -12.72600 -20.38600 -20.14200 -15.11600 -9.32800
211.00000 0.36600 4.22200 5.46300 -1.91200 -6.50000 4.33300 -1.05800 -0.43700 -16.99800 -11.49500 -13.00000 -12.23800 -21.36200 -20.63000 -15.60500 -9.32800
212.00000 -0.61000 2.75700 5.95100 -0.93600 -7.96500 1.89200 -0.08100 0.05100 -18.46300 -13.44800 -12.51200 -12.23800 -21.85100 -21.11800 -15.60500 -10.79300
213.00000 -1.09900 1.78000 7.41600 0.04100 -9.43000 0.42700 0.89500 0.53900 -18.46300 -14.91300 -12.02400 -11.26100 -22.33900 -21.11800 -16.09300 -11.77000
214.00000 -1.58700 1.29200 7.41600 0.52900 -10.40600 -1.03800 1.38300 0.05100 -17.97500 -15.88900 -12.51200 -11.26100 -22.82700 -22.09500 -16.58100 -12.74600
215.00000 -2.56300 0.80400 6.43900 -0.44800 -10.89500 -1.52600 0.40700 -1.41400 -17.97500 -16.86600 -13.97700 -10.77300 -22.82700 -22.58300 -16.58100 -13.72300
216.00000 -3.54000 0.31500 3.99800 -1.42400 -10.89500 -2.50200 -1.54600 -4.83200 -17.48700 -18.33100 -14.95400 -11.26100 -23.31500 -23.56000 -17.06900 -14.69900
217.00000 -4.02800 0.31500 2.04500 -1.91200 -11.38300 -2.99100 -3.98800 -6.78500 -16.51000 -19.30700 -14.95400 -11.74900 -23.31500 -24.53600 -17.06900 -16.16400
218.00000 -4.51700 -0.17300 0.09200 -2.88900 -11.38300 -2.99100 -5.45200 -6.29700 -15.53300 -19.30700 -14.46500 -11.74900 -22.33900 -24.04800 -17.06900 -16.65200
219.00000 -4.51700 -0.17300 -1.37300 -3.86600 -11.87100 -2.50200 -5.94100 -5.32000 -14.55700 -18.33100 -13.00000 -11.74900 -20.38600 -22.58300 -16.58100 -16.16400
220.00000 -5.49300 -1.14900 -2.83800 -4.84200 -12.84800 -2.99100 -5.94100 -5.80900 -12.60400 -17.35400 -12.02400 -11.26100 -18.43300 -20.63000 -16.09300 -14.69900
221.00000 -7.93500 -2.61400 -4.30300 -7.28400 -13.33600 -3.96700 -6.91700 -5.80900 -11.13900 -15.40100 -11.53600 -10.77300 -16.47900 -19.16500 -15.60500 -12.74600
222.00000 -10.86400 -5.05600 -6.74400 -9.23700 -13.82400 -4.45600 -7.89400 -4.83200 -11.13900 -14.42500 -12.02400 -10.77300 -15.50300 -18.18800 -15.11600 -11.77000
223.00000 -13.79400 -7.00900 -7.72100 -10.21300 -13.33600 -3.47900 -8.87000 -5.80900 -10.65100 -13.44800 -12.02400 -9.79600 -15.01500 -17.21200 -14.14000 -10.79300
224.00000 -14.28200 -7.00900 -7.72100 -10.70100 -11.38300 -1.52600 -8.87000 -6.78500 -10.16200 -11.98300 -11.53600 -9.30800 -14.52600 -15.74700 -12.67500 -9.81600
225.00000 -13.30600 -6.03200 -6.25600 -9.72500 -8.94200 0.91600 -7.89400 -6.78500 -10.16200 -11.00700 -10.07100 -8.82000 -14.52600 -14.28200 -10.72200 -8.35200
226.00000 -11.35300 -4.07900 -4.30300 -8.74800 -7.47700 2.86900 -6.42900 -6.29700 -9.67400 -10.03000 -8.11800 -8.33100 -14.03800 -12.32900 -8.76900 -5.91000
227.00000 -9.88800 -3.10300 -2.35000 -8.26000 -7.47700 2.86900 -4.47600 -6.29700 -8.20900 -9.54200 -6.16500 -7.84300 -13.06200 -10.37600 -5.83900 -2.98100
228.00000 -8.42300 -2.12600 -0.88500 -7.77200 -7.47700 2.86900 -3.01100 -8.73800 -7.23300 -9.05400 -4.70000 -7.35500 -12.08500 -8.91100 -3.88600 0.43700
229.00000 -7.93500 -1.14900 0.09200 -8.26000 -7.47700 2.38000 -2.03500 -11.66800 -5.76800 -8.56500 -3.72300 -7.84300 -10.13200 -6.95800 -2.42100 2.87900
230.00000 -7.44600 -0.17300 0.58000 -8.26000 -6.98900 3.35700 -1.54600 -13.62100 -4.79100 -8.07700 -3.72300 -7.84300 -8.66700 -5.49300 -2.42100 4.34400
231.00000 -6.95800 0.31500 0.58000 -8.74800 -6.01200 4.82200 -2.03500 -13.62100 -5.76800 -7.10000 -3.72300 -8.33100 -7.20200 -4.51700 -2.90900 5.32000
232.00000 -7.44600 0.31500 -0.88500 -9.23700 -5.52400 5.79800 -3.98800 -13.13300 -6.74400 -6.61200 -4.70000 -8.33100 -5.73700 -4.51700 -2.90900 6.29700
233.00000 -7.93500 -1.14900 -2.83800 -10.21300 -5.52400 5.79800 -5.94100 -13.62100 -7.72100 -6.61200 -4.70000 -7.84300 -3.78400 -4.02800 -1.93300 7.27300
234.00000 -8.91100 -2.12600 -4.30300 -10.70100 -6.50000 4.82200 -7.40600 -14.59800 -7.72100 -7.10000 -4.70000 -6.86600 -2.31900 -4.02800 0.02000 7.76200
235.00000 -7.93500 -2.12600 -3.81500 -9.72500 -6.98900 4.33300 -6.91700 -14.10900 -8.69800 -7.10000 -3.72300 -5.40200 -1.83100 -3.54000 1.48500 7.76200
236.00000 -6.95800 -1.14900 -1.37300 -8.74800 -6.98900 5.31000 -4.96400 -12.64400 -11.62700 -6.61200 -3.23500 -4.91300 -1.83100 -3.54000 1.97300 7.27300
237.00000 -5.00500 -0.17300 0.58000 -7.77200 -6.98900 6.77500 -2.52300 -11.18000 -15.04500 -6.12400 -3.23500 -4.91300 -3.78400 -4.51700 0.50900 6.29700
238.00000 -4.51700 0.80400 1.55600 -7.28400 -8.45300 7.26300 -1.05800 -8.25000 -15.53300 -6.12400 -4.21100 -5.89000 -6.22600 -5.98100 -1.93300 4.34400
239.00000 -5.00500 0.31500 0.58000 -7.28400 -10.40600 4.82200 -1.54600 -5.80900 -15.53300 -7.58900 -5.67600 -7.35500 -8.66700 -7.44600 -4.86200 2.39100
240.00000 -6.95800 -1.63800 -0.88500 -7.77200 -12.84800 0.91600 -2.52300 -5.32000 -15.04500 -10.03000 -5.67600 -7.84300 -10.62000 -9.39900 -6.32700 0.43700
241.00000 -7.93500 -3.59100 -2.35000 -8.26000 -14.31300 -2.01400 -2.52300 -5.80900 -14.06900 -11.98300 -5.67600 -7.84300 -11.10800 -9.88800 -6.81600 -1.51600
242.00000 -8.42300 -4.07900 -2.35000 -7.77200 -14.31300 -2.99100 -3.01100 -5.80900 -12.60400 -12.96000 -5.67600 -7.35500 -12.08500 -10.37600 -6.81600 -2.98100
243.00000 -7.93500 -3.59100 -1.86200 -7.28400 -12.36000 -0.06100 -2.03500 -4.83200 -11.62700 -12.47200 -5.67600 -6.86600 -12.57300 -10.37600 -6.32700 -3.46900
244.00000 -6.95800 -2.61400 -0.39700 -6.79500 -10.89500 3.84500 -3.01100 -4.34400 -11.62700 -11.49500 -6.65300 -7.35500 -12.57300 -11.35300 -5.83900 -3.95700
245.00000 -7.93500 -3.10300 -0.88500 -7.77200 -10.40600 5.79800 -3.49900 -3.85500 -12.60400 -10.03000 -7.62900 -7.35500 -12.57300 -11.84100 -5.35100 -3.46900
246.00000 -9.88800 -5.05600 -1.37300 -8.26000 -11.87100 4.82200 -4.47600 -3.36700 -13.09200 -10.03000 -7.62900 -6.86600 -12.57300 -12.32900 -4.37400 -3.46900
247.00000 -12.81700 -8.47400 -2.83800 -9.72500 -14.31300 1.40400 -3.98800 -3.36700 -13.58000 -11.00700 -7.62900 -6.37800 -12.57300 -12.32900 -4.37400 -3.95700
248.00000 -14.77100 -11.40300 -3.81500 -11.19000 -16.26600 -2.01400 -3.49900 -3.85500 -13.58000 -12.47200 -7.62900 -5.40200 -13.06200 -12.32900 -4.37400 -4.93400
249.00000 -15.74700 -13.35700 -4.79100 -11.67800 -16.75400 -2.99100 -3.01100 -3.85500 -14.06900 -13.44800 -7.14100 -4.91300 -13.55000 -12.81700 -4.86200 -5.42200
250.00000 -15.74700 -12.86800 -5.28000 -11.67800 -16.26600 -2.50200 -3.01100 -5.32000 -15.04500 -14.91300 -8.11800 -5.40200 -14.52600 -13.79400 -5.83900 -6.39900
251.00000 -14.28200 -10.91500 -5.28000 -11.19000 -14.80100 -1.03800 -3.98800 -6.29700 -15.04500 -15.40100 -9.09400 -7.35500 -15.50300 -15.25900 -6.81600 -6.88700
252.00000 -12.81700 -8.47400 -5.28000 -10.21300 -13.33600 -0.06100 -4.96400 -7.76200 -14.55700 -16.37800 -10.55900 -10.28400 -16.47900 -16.72400 -9.25700 -7.86300
253.00000 -9.88800 -5.05600 -3.81500 -9.23700 -11.38300 0.91600 -6.42900 -10.20300 -14.06900 -16.37800 -12.02400 -12.23800 -17.45600 -18.18800 -11.21000 -7.86300
254.00000 -7.44600 -2.61400 -1.86200 -7.28400 -9.91800 1.89200 -6.91700 -13.62100 -13.58000 -16.37800 -13.00000 -13.21400 -18.43300 -19.16500 -13.65200 -8.84000
255.00000 -5.00500 -0.66100 -0.88500 -6.30700 -8.45300 3.35700 -7.40600 -14.59800 -12.60400 -15.88900 -14.95400 -13.70200 -19.40900 -20.14200 -15.11600 -9.81600
256.00000 -4.02800 0.31500 -0.88500 -5.81900 -6.50000 4.33300 -8.38200 -14.59800 -11.62700 -15.40100 -15.93000 -14.19100 -20.87400 -20.63000 -15.60500 -9.81600
