1.00000 5.49300 7.84300 -4.13000 0.16300 3.16400 0.86500 -8.88100 -3.38700 -1.92300 0.13200 -9.84700 -4.21100 -0.94600 -2.31900 -6.75500 -5.28000
2.00000 4.51700 6.86600 -4.61800 -0.81400 1.21100 -0.11200 -8.88100 -2.89900 -2.89900 1.10900 -9.84700 -4.70000 -2.41100 -3.78400 -8.21900 -6.74400
3.00000 2.07500 6.37800 -5.10700 -0.81400 0.23400 -2.06500 -9.85700 -2.89900 -1.92300 -0.35600 -9.84700 -5.18800 -3.38700 -4.27200 -9.68400 -8.20900
4.00000 0.12200 6.37800 -6.57100 -0.32600 -0.25400 -4.01800 -11.32200 -2.89900 -0.94600 -4.75100 -9.84700 -5.67600 -3.87600 -3.78400 -10.17300 -9.18600
5.00000 0.12200 7.35500 -8.52500 -0.32600 0.23400 -4.50600 -11.81000 -2.89900 -0.94600 -8.16900 -9.84700 -6.16500 -3.87600 -3.29600 -11.14900 -9.67400
6.00000 3.54000 8.33100 -8.52500 -0.32600 1.21100 -2.55300 -10.83400 -2.89900 -3.38700 -9.14500 -9.84700 -7.14100 -3.87600 -4.27200 -11.14900 -10.16200
7.00000 7.44600 9.79600 -7.06000 0.16300 2.67500 0.37600 -8.88100 -2.89900 -5.82900 -7.68000 -10.33500 -7.62900 -5.34100 -6.71400 -11.63700 -11.13900
8.00000 11.35300 11.74900 -3.15300 1.62800 4.14000 2.81800 -6.92700 -2.41100 -6.80500 -5.23900 -10.33500 -8.11800 -6.80500 -8.66700 -12.61400 -12.11500
9.00000 13.30600 13.70200 1.24100 4.55700 6.09300 3.30600 -4.97400 -1.92300 -4.85200 -4.26200 -9.84700 -8.11800 -8.75900 -8.66700 -12.61400 -12.60400
10.00000 13.30600 15.65600 4.17100 8.46400 8.53500 3.79400 -3.99800 -1.92300 -1.92300 -3.77400 -8.87000 -7.62900 -8.75900 -7.69000 -12.61400 -12.60400
11.00000 12.32900 17.12000 4.65900 10.90500 10.00000 4.28300 -2.04500 -1.92300 0.03100 -2.30900 -8.87000 -7.14100 -7.29400 -6.22600 -12.12600 -11.62700
12.00000 11.84100 18.09700 4.65900 11.88200 10.97600 6.72400 -1.06800 -2.41100 0.51900 1.10900 -8.87000 -6.65300 -6.31700 -5.73700 -11.63700 -11.13900
13.00000 12.32900 17.60900 4.17100 10.90500 10.48800 10.14200 -0.09200 -2.41100 0.03100 5.50300 -7.89400 -5.67600 -5.82900 -6.71400 -11.14900 -11.13900
14.00000 13.30600 17.60900 5.14700 8.95200 10.00000 13.07200 -0.09200 -1.43400 0.51900 8.43300 -5.45200 -4.21100 -5.82900 -7.20200 -10.17300 -11.13900
15.00000 15.25900 17.12000 6.61200 6.99900 9.02300 14.04800 0.39700 0.03100 1.49500 8.92100 -2.03500 -1.77000 -6.31700 -5.73700 -7.73100 -10.65100
16.00000 16.23500 17.12000 8.56500 6.51000 9.02300 14.53700 2.35000 1.49500 3.44800 8.92100 2.36000 1.64800 -4.36400 -2.80800 -4.31300 -8.20900
17.00000 17.21200 16.63200 9.54200 6.51000 8.53500 14.53700 4.79100 2.47200 4.91300 9.89800 6.26600 4.57800 -0.45800 2.07500 0.08100 -3.81500
18.00000 17.21200 15.65600 10.03000 6.99900 8.04600 15.51300 6.25600 3.44800 6.37800 12.33900 8.70800 7.01900 4.42500 6.95800 4.47600 2.04500
19.00000 16.23500 14.67900 10.03000 6.51000 7.55800 16.97800 7.23300 3.93700 8.33100 14.78100 9.19600 7.50700 9.30800 10.37600 7.40600 6.43900
20.00000 15.25900 14.19100 11.49500 5.53400 6.58200 17.95500 6.25600 3.44800 10.28400 16.24600 9.19600 7.50700 11.74900 12.32900 8.87000 9.85700
21.00000 13.79400 14.19100 12.47200 5.04600 7.07000 17.95500 5.28000 3.93700 11.74900 17.71000 9.19600 6.53100 13.70200 14.28200 10.33500 11.81000
22.00000 12.32900 15.16700 12.47200 4.55700 8.04600 18.44300 5.28000 3.44800 12.23800 20.64000 9.19600 6.53100 15.16700 16.23500 10.82400 13.27500
23.00000 11.84100 16.14400 11.49500 4.55700 10.00000 19.90800 6.25600 3.44800 10.77300 25.52300 9.68400 6.53100 16.14400 18.18800 11.31200 14.74000
24.00000 12.32900 16.63200 9.54200 5.04600 10.48800 21.86100 7.23300 2.96000 9.30800 30.40600 9.19600 7.01900 17.60900 18.67700 11.31200 15.22800
25.00000 13.30600 16.14400 7.58900 4.55700 10.00000 22.34900 7.72100 1.98400 7.84300 30.89400 8.21900 7.01900 17.60900 17.70000 9.84700 14.25200
26.00000 14.28200 15.65600 8.07700 4.55700 8.53500 20.39600 6.74400 1.98400 7.35500 25.03500 7.24300 6.53100 16.63200 16.23500 7.40600 11.81000
27.00000 15.74700 16.14400 9.54200 5.04600 7.55800 16.97800 5.76800 2.47200 6.86600 14.78100 6.26600 5.55400 14.19100 13.79400 3.98800 8.39200
28.00000 16.23500 16.63200 10.51800 5.53400 7.55800 13.56000 5.28000 2.47200 5.40200 6.48000 4.80100 4.57800 10.77300 11.35300 0.57000 3.99800
29.00000 15.74700 17.60900 9.05400 6.51000 8.04600 12.09500 5.28000 1.49500 3.44800 3.55000 2.36000 2.62500 7.35500 7.93500 -2.84800 -0.39700
30.00000 13.30600 18.09700 5.63600 6.51000 8.53500 12.09500 3.81500 0.03100 1.49500 5.99200 -2.03500 0.67100 4.42500 3.54000 -7.24300 -4.79100
31.00000 11.35300 16.63200 1.72900 5.53400 8.04600 11.60700 0.39700 -2.41100 0.51900 9.89800 -5.94100 -2.25800 1.00700 -0.36600 -10.66100 -8.69800
32.00000 9.39900 14.19100 -1.20000 3.58100 7.07000 8.67700 -3.51000 -4.36400 0.51900 9.89800 -8.38200 -4.70000 -1.43400 -2.80800 -13.59000 -11.62700
33.00000 8.91100 12.23800 -2.17700 2.60400 6.09300 5.25900 -6.43900 -4.36400 1.98400 5.99200 -9.35900 -6.16500 -2.41100 -2.80800 -14.56700 -12.60400
34.00000 8.42300 10.77300 -1.20000 1.62800 6.09300 2.33000 -6.92700 -3.87600 2.47200 0.13200 -7.89400 -6.65300 -2.41100 -0.85400 -13.59000 -12.11500
35.00000 8.42300 10.77300 -0.22400 1.62800 6.09300 2.81800 -4.97400 -3.38700 2.96000 -1.82100 -7.89400 -6.16500 -0.45800 1.09900 -12.12600 -10.16200
36.00000 8.42300 11.74900 0.75300 2.60400 6.09300 4.77100 -2.04500 -2.89900 2.96000 1.59700 -7.40600 -6.16500 1.49500 2.56300 -10.17300 -8.20900
37.00000 7.93500 11.74900 1.24100 2.60400 5.60500 7.70100 -0.58000 -2.41100 3.44800 7.94500 -7.40600 -5.67600 2.47200 3.05200 -9.19600 -6.25600
38.00000 8.42300 12.23800 2.21800 3.58100 5.60500 9.16500 -1.06800 -1.43400 3.93700 13.31600 -6.42900 -5.67600 2.96000 3.05200 -7.73100 -5.28000
39.00000 10.37600 13.21400 3.68200 4.55700 6.09300 9.65400 -1.55600 -0.45800 3.93700 14.78100 -4.47600 -5.18800 2.96000 4.02800 -6.26600 -3.32600
40.00000 12.32900 14.67900 5.63600 6.02200 7.55800 11.11900 -1.55600 0.51900 3.93700 12.33900 -1.54600 -3.23500 3.93700 5.49300 -3.33700 -1.37300
41.00000 13.30600 16.63200 6.61200 6.51000 9.51100 14.04800 -0.09200 0.03100 3.93700 10.87400 0.40700 -0.79300 5.40200 6.95800 0.08100 1.55600
42.00000 12.81700 17.60900 5.63600 6.51000 10.48800 16.97800 0.88500 -0.94600 3.93700 11.36300 1.87200 1.16000 6.86600 8.42300 3.49900 4.48600
43.00000 11.84100 17.12000 4.17100 5.53400 10.48800 18.44300 0.88500 -1.43400 3.93700 14.29200 2.36000 2.62500 8.82000 9.88800 5.45200 7.41600
44.00000 10.86400 15.65600 3.19400 4.55700 10.00000 16.97800 0.39700 -0.45800 3.44800 17.71000 3.33700 3.11300 9.79600 10.86400 7.40600 8.88100
45.00000 11.35300 14.67900 4.17100 5.04600 9.02300 14.53700 0.39700 1.00700 2.47200 18.19900 4.80100 3.11300 10.28400 11.84100 8.38200 10.34500
46.00000 12.32900 14.19100 7.10000 6.51000 9.02300 13.56000 2.35000 1.98400 1.98400 16.73400 7.24300 4.08900 10.77300 12.32900 9.84700 12.29900
47.00000 14.28200 15.16700 11.49500 7.97500 9.51100 16.00100 5.76800 1.98400 1.98400 15.26900 9.19600 5.55400 11.74900 13.30600 12.28800 14.25200
48.00000 15.25900 16.14400 15.40100 8.95200 10.48800 19.90800 8.69800 1.49500 2.47200 15.26900 10.17300 7.50700 12.72600 13.79400 14.24200 15.71700
49.00000 14.77100 16.63200 16.37800 9.44000 10.48800 21.86100 9.18600 1.00700 2.96000 15.75700 10.66100 8.97200 13.70200 14.28200 14.73000 15.71700
50.00000 13.30600 17.12000 15.40100 9.92800 10.00000 20.88400 7.72100 1.49500 2.96000 14.78100 10.17300 9.46000 13.70200 14.77100 13.75300 14.74000
51.00000 12.32900 16.14400 13.44800 10.41700 9.51100 16.97800 5.28000 1.49500 1.98400 9.89800 8.70800 8.97200 13.21400 13.30600 11.80000 12.78700
52.00000 11.35300 14.67900 11.49500 10.90500 8.53500 11.60700 3.81500 1.98400 0.51900 3.06200 7.24300 7.50700 10.77300 9.88800 8.87000 9.85700
53.00000 11.35300 13.21400 10.03000 10.90500 8.04600 8.18900 3.81500 1.98400 -1.92300 -2.30900 5.29000 6.04200 6.86600 5.00500 5.94100 5.46300
54.00000 10.37600 10.77300 9.54200 9.92800 6.58200 6.72400 4.79100 1.49500 -3.87600 -3.77400 3.82500 4.57800 1.98400 0.12200 3.01100 1.55600
55.00000 9.39900 8.82000 9.54200 7.97500 4.62800 5.74700 4.79100 1.49500 -4.85200 -1.33300 2.84800 3.11300 -1.92300 -3.29600 0.08100 -2.35000
56.00000 8.42300 6.86600 9.05400 6.02200 2.67500 4.77100 3.32600 1.49500 -4.85200 2.08500 2.36000 2.62500 -3.87600 -4.27200 -1.87200 -4.79100
57.00000 6.95800 4.42500 8.56500 4.55700 2.18700 2.81800 1.37300 1.49500 -2.89900 3.06200 2.36000 2.13600 -2.89900 -2.31900 -2.84800 -5.76800
58.00000 6.47000 3.44800 6.61200 3.58100 2.67500 -0.11200 -0.09200 1.00700 0.03100 1.10900 2.36000 2.13600 -0.45800 1.09900 -3.33700 -5.28000
59.00000 4.51700 1.98400 4.17100 3.09200 3.65200 -2.06500 -0.58000 0.03100 2.96000 -2.30900 1.87200 2.62500 3.44800 4.02800 -3.33700 -3.81500
60.00000 1.58700 -0.45800 1.72900 1.62800 3.16400 -4.01800 -0.58000 -0.45800 4.91300 -4.26200 1.87200 2.62500 6.37800 6.47000 -2.84800 -1.86200
61.00000 -2.31900 -3.38700 -1.20000 -0.81400 1.21100 -4.50600 -0.58000 -1.43400 5.40200 -2.79700 1.87200 3.11300 8.82000 8.91100 -1.87200 0.09200
62.00000 -7.20200 -6.31700 -3.64200 -2.76700 -1.23100 -4.50600 -0.58000 -1.92300 5.89000 2.08500 2.84800 3.60100 10.28400 10.86400 -0.40700 1.55600
63.00000 -9.64400 -7.78200 -4.61800 -4.23200 -2.69600 -4.01800 -1.06800 -1.92300 6.37800 6.96800 3.82500 4.08900 11.74900 12.32900 0.57000 3.02100
64.00000 -9.15500 -6.31700 -3.64200 -4.23200 -2.69600 -2.06500 -1.06800 -0.94600 6.37800 10.38600 4.31300 4.57800 12.72600 13.30600 1.54600 4.48600
65.00000 -4.76100 -2.41100 -1.68900 -1.79000 0.23400 0.86500 -0.58000 -0.45800 6.37800 12.33900 4.80100 5.55400 14.19100 14.77100 2.03500 4.97400
66.00000 0.12200 1.98400 0.75300 0.65100 3.16400 3.30600 -0.09200 -0.45800 5.40200 13.31600 5.29000 6.53100 14.67900 14.77100 2.52300 5.46300
67.00000 4.02800 4.91300 1.72900 1.62800 5.11700 5.74700 0.88500 0.03100 4.91300 14.29200 5.77800 7.50700 15.16700 15.25900 3.49900 6.43900
68.00000 5.49300 6.37800 2.70600 2.60400 5.11700 7.70100 2.35000 0.51900 4.91300 15.26900 6.75500 7.50700 14.67900 15.25900 4.96400 7.41600
69.00000 5.98100 7.35500 3.68200 2.60400 4.62800 10.14200 3.81500 1.98400 4.91300 15.26900 8.21900 8.97200 14.67900 15.74700 6.91700 8.39200
70.00000 6.47000 8.33100 5.14700 3.09200 4.14000 12.58300 6.25600 3.44800 3.93700 15.75700 10.17300 9.94900 15.16700 16.23500 9.35900 10.34500
71.00000 8.91100 11.26100 7.58900 5.53400 5.11700 15.02500 7.72100 4.91300 2.96000 15.75700 11.63700 11.41400 15.16700 16.72400 11.31200 11.81000
72.00000 11.84100 14.19100 11.00700 9.44000 6.58200 16.97800 9.67400 5.89000 0.03100 15.75700 12.12600 12.39000 15.65600 16.23500 12.28800 12.78700
73.00000 14.28200 16.63200 14.42500 12.37000 7.55800 17.46600 10.65100 6.37800 -2.89900 16.73400 12.12600 12.39000 14.19100 14.77100 11.80000 12.78700
74.00000 15.25900 17.12000 17.35400 14.32300 8.04600 16.97800 11.62700 6.37800 -5.34100 17.71000 11.63700 11.90200 12.72600 12.81700 11.80000 11.81000
75.00000 15.25900 16.14400 17.84300 14.81100 7.07000 16.49000 12.60400 6.37800 -6.31700 18.68700 11.14900 10.92500 10.28400 10.86400 11.31200 11.32200
76.00000 15.74700 15.16700 18.33100 14.81100 7.07000 16.49000 12.60400 5.89000 -5.34100 18.68700 10.17300 9.46000 8.33100 8.42300 10.82400 10.34500
77.00000 17.21200 15.16700 17.84300 15.29900 8.04600 16.49000 12.11500 4.91300 -2.41100 15.75700 8.21900 7.50700 6.37800 6.47000 9.35900 8.88100
78.00000 18.67700 15.65600 17.35400 15.78800 10.48800 16.97800 9.67400 2.96000 0.03100 10.38600 4.80100 5.06600 4.42500 4.02800 5.94100 5.95100
79.00000 17.21200 15.65600 15.88900 16.27600 11.95300 16.00100 6.74400 1.49500 0.03100 3.55000 0.40700 1.16000 1.98400 1.58700 1.54600 1.55600
80.00000 12.81700 13.70200 12.96000 15.29900 11.95300 13.56000 3.32600 0.03100 -0.94600 -1.82100 -3.98800 -2.25800 -0.94600 -1.34300 -2.84800 -2.83800
81.00000 7.44600 10.28400 10.03000 13.34600 10.00000 9.16500 1.37300 0.51900 -1.92300 -4.26200 -5.94100 -4.21100 -3.38700 -3.78400 -5.77800 -6.25600
82.00000 4.51700 6.86600 8.07700 11.39300 6.58200 4.77100 1.37300 1.00700 -1.43400 -3.28600 -5.94100 -4.21100 -4.36400 -4.76100 -6.75500 -7.72100
83.00000 4.51700 5.40200 8.07700 10.41700 4.62800 1.84100 2.35000 1.00700 1.00700 -0.84400 -4.96400 -3.23500 -3.38700 -2.80800 -5.77800 -6.74400
84.00000 7.93500 6.86600 10.03000 10.90500 5.60500 3.30600 3.32600 0.03100 3.93700 1.59700 -3.49900 -2.25800 -0.45800 0.61000 -3.82500 -4.79100
85.00000 10.86400 9.79600 11.98300 11.88200 8.53500 8.18900 2.83800 -1.43400 6.86600 2.57400 -3.01100 -1.77000 2.96000 4.02800 -2.36000 -1.37300
86.00000 12.32900 13.21400 12.47200 12.37000 12.92900 14.53700 1.86200 -2.89900 8.33100 4.03800 -3.01100 -1.77000 5.40200 6.47000 -1.38300 1.06800
87.00000 11.35300 15.16700 11.98300 10.90500 15.85900 19.41900 1.86200 -2.89900 9.30800 5.99200 -2.52300 -2.74700 6.86600 7.44600 -0.40700 3.02100
88.00000 9.88800 15.16700 9.54200 8.95200 17.32400 20.39600 2.83800 -2.41100 8.82000 9.89800 -1.54600 -2.74700 7.35500 7.93500 0.57000 3.99800
89.00000 9.39900 14.19100 8.07700 7.48700 16.83600 17.95500 4.79100 -0.45800 8.33100 13.31600 -0.57000 -1.77000 7.35500 7.93500 1.05800 3.99800
90.00000 9.39900 13.70200 8.07700 7.97500 15.85900 14.04800 6.25600 1.49500 7.84300 14.78100 0.40700 -0.30500 6.86600 6.95800 1.54600 3.51000
91.00000 9.88800 14.19100 9.05400 10.90500 15.37100 12.09500 6.74400 2.47200 6.37800 13.31600 0.89500 1.16000 6.37800 6.95800 1.54600 2.04500
92.00000 9.39900 15.16700 10.03000 13.83500 15.37100 13.07200 6.74400 2.96000 4.91300 10.87400 1.87200 2.62500 6.37800 6.95800 1.05800 1.06800
93.00000 9.88800 15.65600 10.51800 15.78800 14.88200 16.00100 6.74400 3.93700 2.47200 9.89800 3.82500 3.60100 6.86600 7.93500 1.54600 1.55600
94.00000 11.35300 16.14400 10.51800 16.27600 14.39400 17.95500 7.72100 4.91300 0.51900 10.38600 6.26600 5.55400 8.82000 9.88800 3.98800 3.99800
95.00000 13.30600 16.63200 11.49500 14.81100 12.92900 17.95500 8.69800 6.37800 -1.92300 12.82800 8.70800 7.50700 10.77300 12.81700 6.91700 7.41600
96.00000 15.74700 16.14400 11.98300 13.34600 12.44100 16.49000 9.18600 7.35500 -1.92300 14.78100 9.68400 9.46000 13.21400 14.77100 9.35900 9.85700
97.00000 16.23500 15.65600 11.98300 11.88200 11.95300 16.00100 8.69800 6.86600 -0.94600 16.24600 9.19600 9.94900 14.19100 14.77100 9.84700 11.32200
98.00000 13.79400 15.16700 11.49500 11.39300 11.95300 15.51300 7.23300 6.37800 1.98400 16.73400 7.73100 9.94900 13.70200 13.30600 8.87000 10.34500
99.00000 11.35300 14.19100 10.03000 11.88200 12.44100 16.49000 7.23300 5.40200 3.93700 17.71000 6.75500 8.48400 12.72600 12.32900 6.91700 7.90400
100.00000 9.88800 13.70200 9.54200 11.88200 11.46400 16.49000 8.20900 4.91300 4.42500 18.68700 6.75500 7.01900 11.74900 12.32900 5.94100 6.43900
101.00000 11.35300 13.21400 10.03000 11.39300 10.48800 14.53700 10.16200 4.91300 3.44800 17.71000 7.24300 6.04200 11.26100 12.32900 5.45200 6.43900
102.00000 12.81700 12.72600 11.49500 10.90500 9.51100 11.11900 10.65100 4.42500 2.47200 14.29200 6.75500 5.55400 10.28400 10.86400 5.94100 6.43900
103.00000 13.30600 11.74900 11.98300 10.90500 9.02300 7.70100 9.67400 3.44800 1.98400 8.43300 3.82500 4.08900 8.82000 7.93500 4.96400 4.97400
104.00000 12.32900 10.77300 11.49500 11.39300 9.02300 6.72400 6.25600 2.47200 1.98400 3.06200 -0.57000 1.64800 4.91300 3.54000 1.05800 1.55600
105.00000 9.88800 9.79600 10.03000 12.37000 9.51100 7.21200 2.83800 1.49500 1.98400 0.13200 -4.96400 -1.28200 0.51900 -0.85400 -3.82500 -3.32600
106.00000 8.42300 9.30800 9.05400 12.37000 10.00000 7.21200 1.37300 1.49500 1.00700 1.10900 -7.40600 -4.21100 -3.38700 -3.78400 -8.21900 -8.20900
107.00000 8.91100 9.79600 9.54200 12.37000 10.00000 6.23600 2.35000 2.47200 -0.45800 2.57400 -7.89400 -6.16500 -5.82900 -5.24900 -11.14900 -10.65100
108.00000 10.86400 10.28400 11.98300 12.37000 9.02300 3.79400 4.30300 3.44800 -1.92300 2.08500 -7.40600 -6.65300 -7.29400 -6.71400 -11.63700 -12.11500
109.00000 12.81700 11.74900 13.93600 12.37000 8.53500 1.84100 6.25600 3.93700 -2.41100 -0.35600 -6.91700 -6.65300 -8.27000 -8.17900 -12.12600 -12.60400
110.00000 13.79400 13.21400 15.40100 13.83500 9.02300 1.84100 7.23300 3.44800 -2.41100 -3.28600 -7.89400 -7.62900 -9.24700 -10.13200 -13.59000 -14.06900
111.00000 15.25900 14.67900 15.88900 15.78800 10.97600 4.28300 6.74400 3.44800 -2.89900 -3.28600 -9.35900 -9.09400 -11.20000 -12.08500 -16.03200 -16.99800
112.00000 16.23500 16.63200 16.86600 17.74100 12.92900 7.70100 6.74400 2.96000 -3.87600 0.13200 -10.82400 -11.53600 -13.15300 -13.06200 -18.47300 -19.92800
113.00000 18.18800 18.09700 17.84300 18.22900 14.39400 10.14200 7.23300 2.47200 -4.36400 4.52700 -11.31200 -13.48900 -14.13000 -13.06200 -19.93800 -21.39300
114.00000 19.16500 18.58500 19.30700 18.22900 14.88200 11.60700 9.18600 2.47200 -3.38700 6.48000 -11.80000 -14.46500 -13.15300 -12.08500 -19.45000 -20.41600
115.00000 18.67700 18.09700 19.79600 17.74100 14.39400 12.09500 10.65100 2.96000 -1.92300 5.50300 -10.82400 -14.46500 -11.68800 -10.13200 -18.47300 -18.46300
116.00000 17.70000 17.60900 18.81900 17.25300 14.39400 13.56000 11.62700 3.44800 -0.45800 4.03800 -9.84700 -13.48900 -9.24700 -7.69000 -17.00800 -16.02200
117.00000 17.70000 18.58500 17.35400 17.25300 13.90600 16.49000 12.11500 4.42500 0.03100 6.48000 -8.38200 -12.51200 -6.31700 -5.24900 -15.54400 -14.06900
118.00000 19.16500 20.53800 17.35400 18.22900 14.88200 19.41900 12.11500 5.40200 0.51900 12.33900 -6.42900 -10.55900 -3.38700 -1.83100 -13.59000 -12.60400
119.00000 21.11800 22.98000 18.81900 19.20600 15.37100 21.37200 12.60400 6.37800 0.51900 19.66300 -3.98800 -8.11800 -0.94600 0.61000 -11.63700 -10.65100
120.00000 22.58300 24.44500 21.26100 19.69400 15.85900 21.37200 13.58000 6.37800 0.51900 22.59300 -2.03500 -5.67600 0.51900 2.07500 -9.19600 -8.69800
121.00000 21.60600 24.44500 22.23700 18.71700 14.88200 18.93100 14.06900 6.37800 0.51900 19.17500 -0.57000 -3.72300 1.98400 1.58700 -6.75500 -7.23300
122.00000 19.16500 22.00300 20.28400 16.76400 12.92900 15.02500 13.09200 5.89000 -0.45800 11.85100 -0.57000 -2.74700 1.00700 0.12200 -6.26600 -6.74400
123.00000 17.21200 19.07300 16.37800 14.81100 10.97600 10.63000 11.13900 4.91300 -1.92300 5.99200 -2.03500 -3.72300 -0.45800 -1.34300 -7.73100 -8.20900
124.00000 16.23500 15.16700 11.49500 12.37000 8.53500 7.70100 8.20900 3.93700 -2.41100 5.01500 -4.47600 -5.67600 -1.92300 -1.83100 -10.17300 -10.16200
125.00000 15.74700 13.21400 9.05400 11.39300 7.07000 5.74700 6.25600 3.44800 -2.41100 8.43300 -6.42900 -7.62900 -2.89900 -1.83100 -12.12600 -12.60400
126.00000 14.77100 12.23800 10.03000 10.90500 6.09300 5.74700 5.28000 3.44800 -1.92300 10.87400 -7.40600 -8.11800 -2.89900 -1.83100 -13.59000 -13.58000
127.00000 13.30600 12.23800 12.96000 11.39300 5.60500 5.74700 7.23300 4.42500 -1.43400 9.89800 -6.91700 -7.62900 -2.41100 -2.31900 -13.59000 -14.06900
128.00000 11.84100 12.23800 15.88900 12.37000 5.11700 4.77100 10.16200 5.40200 -1.43400 5.01500 -4.47600 -5.18800 -2.41100 -3.29600 -12.12600 -14.06900
129.00000 10.86400 11.26100 16.37800 11.88200 3.16400 1.84100 13.09200 6.37800 -2.41100 0.13200 -0.57000 -2.74700 -2.89900 -3.78400 -9.68400 -13.09200
130.00000 9.39900 8.82000 14.42500 11.88200 0.72200 -1.57700 14.55700 7.35500 -3.38700 -2.30900 2.84800 0.18300 -3.38700 -3.29600 -6.75500 -11.13900
131.00000 7.44600 4.91300 11.49500 10.90500 -1.71900 -4.50600 14.06900 7.35500 -3.38700 -1.82100 5.29000 1.64800 -2.89900 -2.31900 -2.84800 -8.20900
132.00000 4.51700 1.49500 9.05400 9.92800 -3.67200 -5.97100 13.09200 6.86600 -3.38700 -0.35600 6.75500 2.13600 -1.92300 -1.34300 1.05800 -4.79100
133.00000 2.07500 -0.94600 8.07700 8.95200 -4.16100 -5.97100 12.11500 6.86600 -2.41100 -0.84400 6.26600 2.62500 -0.45800 -0.36600 4.47600 -0.88500
134.00000 1.58700 -0.45800 9.05400 7.97500 -3.67200 -4.50600 11.62700 6.37800 -1.43400 -1.82100 5.77800 2.13600 1.00700 0.61000 6.42900 2.53300
135.00000 4.02800 1.00700 10.51800 6.99900 -1.71900 -2.06500 11.62700 5.89000 0.51900 0.13200 4.80100 2.13600 2.47200 2.56300 6.91700 4.48600
136.00000 8.42300 4.91300 12.47200 6.99900 0.72200 0.37600 11.62700 5.40200 2.96000 5.50300 3.82500 1.64800 3.93700 5.49300 5.45200 4.97400
137.00000 12.32900 8.82000 13.93600 7.97500 3.16400 4.28300 11.13900 3.93700 6.37800 13.31600 1.87200 0.67100 6.37800 7.93500 3.49900 3.99800
138.00000 14.77100 12.72600 14.91300 9.92800 5.60500 8.67700 10.16200 2.47200 8.82000 19.17500 -0.08100 -0.79300 7.84300 9.39900 0.08100 2.04500
139.00000 16.72400 16.14400 15.88900 11.88200 7.55800 13.07200 9.67400 1.98400 9.79600 21.61700 -2.03500 -2.25800 8.33100 9.39900 -2.84800 0.09200
140.00000 19.16500 19.07300 16.37800 12.85800 9.02300 16.97800 10.65100 1.98400 10.77300 20.64000 -3.01100 -3.72300 8.33100 7.93500 -5.29000 -1.86200
141.00000 22.09500 22.00300 17.35400 12.85800 10.97600 18.93100 12.60400 2.47200 11.26100 19.66300 -1.54600 -3.72300 7.35500 6.95800 -5.77800 -3.32600
142.00000 25.51300 24.44500 18.81900 13.34600 13.41800 19.41900 15.53300 3.44800 12.23800 21.12800 0.89500 -2.74700 6.37800 7.93500 -4.31300 -2.83800
143.00000 27.95400 26.88600 20.28400 13.83500 15.85900 20.39600 17.48700 3.93700 12.72600 25.03500 4.31300 -1.28200 7.35500 9.88800 -1.38300 -0.88500
144.00000 27.95400 28.35100 21.74900 15.78800 18.30000 21.86100 17.97500 4.42500 12.23800 29.42900 6.26600 0.18300 8.82000 11.35300 1.54600 1.55600
145.00000 27.46600 30.30400 22.23700 18.22900 19.76500 24.30200 16.51000 4.91300 10.77300 30.89400 5.29000 0.67100 9.79600 11.35300 2.52300 2.53300
146.00000 26.48900 31.28100 21.26100 19.69400 20.25300 25.27900 13.09200 5.40200 8.82000 27.96400 2.84800 0.18300 9.30800 8.91100 0.57000 1.55600
147.00000 26.00100 31.28100 18.33100 19.20600 19.27700 23.81400 9.67400 5.40200 7.35500 21.61700 -0.57000 -1.28200 6.86600 6.47000 -2.84800 -0.39700
148.00000 26.00100 29.32700 14.42500 16.76400 16.83600 19.90800 6.74400 3.93700 6.37800 13.80400 -3.01100 -3.72300 3.93700 4.02800 -5.77800 -3.81500
149.00000 26.00100 26.88600 11.49500 13.83500 14.39400 15.51300 4.79100 2.47200 5.40200 7.45600 -4.96400 -5.18800 1.49500 3.05200 -8.21900 -5.76800
150.00000 25.02400 24.44500 10.03000 11.39300 12.44100 12.58300 3.81500 1.49500 4.42500 5.01500 -5.45200 -6.16500 1.49500 3.54000 -8.70800 -6.74400
151.00000 23.56000 22.49100 10.03000 9.44000 10.97600 12.09500 4.30300 1.00700 3.93700 6.48000 -4.47600 -5.67600 3.44800 5.00500 -7.24300 -5.28000
152.00000 22.58300 22.00300 10.51800 9.44000 10.97600 12.58300 5.28000 1.49500 3.44800 10.87400 -3.01100 -4.21100 5.89000 7.44600 -5.29000 -3.32600
153.00000 21.11800 21.51500 11.49500 9.92800 10.97600 12.58300 6.25600 1.98400 4.42500 15.75700 -1.05800 -2.74700 8.33100 8.91100 -3.82500 -0.88500
154.00000 20.14200 22.00300 12.47200 10.41700 11.46400 11.60700 7.23300 2.47200 4.91300 17.22200 0.40700 -1.28200 9.30800 9.39900 -2.36000 0.58000
155.00000 20.14200 22.00300 13.93600 11.39300 11.95300 10.14200 8.20900 2.47200 4.42500 13.80400 0.40700 -1.28200 8.82000 8.91100 -1.87200 0.58000
156.00000 20.63000 22.49100 15.88900 12.37000 11.46400 9.65400 8.69800 2.47200 2.96000 8.43300 -0.08100 -1.28200 7.35500 7.44600 -2.36000 -0.39700
157.00000 22.09500 23.46800 16.37800 12.85800 10.97600 10.63000 9.67400 3.44800 1.49500 4.52700 -0.08100 -1.77000 6.37800 5.98100 -2.84800 -1.37300
158.00000 23.56000 24.44500 16.37800 13.83500 11.46400 12.58300 11.13900 4.42500 1.00700 4.52700 -0.08100 -2.25800 4.42500 4.02800 -4.31300 -3.32600
159.00000 25.02400 25.42100 15.88900 14.81100 11.95300 15.02500 12.60400 5.40200 1.49500 6.96800 0.40700 -2.74700 2.47200 2.07500 -4.80100 -4.30300
160.00000 26.97800 26.39800 16.86600 15.78800 12.92900 16.00100 13.09200 4.91300 1.49500 8.92100 0.40700 -3.23500 0.03100 0.12200 -5.77800 -6.25600
161.00000 28.44200 26.88600 18.81900 16.76400 13.90600 16.49000 13.09200 4.42500 1.49500 8.43300 -0.08100 -4.21100 -1.92300 -1.83100 -6.26600 -7.23300
162.00000 29.41900 27.86300 21.74900 18.22900 15.37100 16.97800 13.58000 4.42500 1.49500 5.99200 -1.05800 -5.67600 -3.38700 -2.80800 -7.24300 -8.20900
163.00000 29.90700 28.35100 24.19000 19.69400 16.34700 18.93100 14.55700 3.93700 2.47200 5.99200 -1.05800 -7.62900 -3.38700 -2.31900 -7.24300 -8.20900
164.00000 29.41900 28.83900 24.19000 20.67100 16.34700 20.88400 16.51000 4.42500 3.44800 9.89800 -1.05800 -9.09400 -2.89900 -0.85400 -7.73100 -8.20900
165.00000 28.93100 29.32700 24.19000 21.15900 16.83600 21.86100 18.46300 4.91300 3.93700 17.22200 -0.08100 -10.07100 -1.43400 0.61000 -7.24300 -7.72100
166.00000 29.41900 29.81600 23.70200 20.67100 17.32400 22.34900 18.95100 4.42500 3.93700 23.57000 -0.08100 -10.55900 -0.94600 1.09900 -7.24300 -7.23300
167.00000 30.88400 30.79200 24.67900 20.18200 18.30000 22.34900 18.46300 3.93700 3.93700 25.03500 -0.57000 -11.04700 -0.94600 0.12200 -7.24300 -7.23300
168.00000 33.32500 32.25700 26.14300 19.20600 19.27700 22.83700 16.51000 3.44800 4.42500 21.61700 -1.54600 -11.53600 -1.92300 -0.85400 -7.24300 -7.72100
169.00000 34.30200 32.74500 27.60800 19.20600 20.25300 23.81400 15.04500 3.44800 4.91300 17.71000 -1.54600 -11.53600 -2.41100 -0.85400 -6.75500 -7.72100
170.00000 33.32500 32.25700 27.60800 19.69400 20.74200 24.79000 15.04500 3.93700 5.40200 15.75700 -0.57000 -10.55900 -1.92300 -0.36600 -5.77800 -7.23300
171.00000 30.39600 30.30400 26.14300 19.20600 20.25300 24.30200 15.04500 3.93700 4.91300 17.71000 -0.57000 -9.09400 -1.43400 0.12200 -4.80100 -6.74400
172.00000 26.97800 27.37400 23.70200 18.22900 18.78900 22.34900 14.55700 3.44800 3.93700 20.15200 -1.54600 -7.62900 -0.94600 0.12200 -4.80100 -6.25600
173.00000 24.53600 24.44500 21.26100 16.27600 16.83600 19.41900 13.09200 2.47200 3.44800 19.17500 -3.49900 -7.14100 -1.43400 -1.34300 -5.29000 -6.74400
174.00000 23.07100 22.49100 19.30700 14.32300 15.37100 16.97800 10.65100 1.49500 2.96000 14.78100 -5.45200 -7.14100 -2.41100 -2.80800 -6.75500 -8.20900
175.00000 23.07100 22.00300 18.81900 12.85800 14.88200 15.51300 8.69800 1.00700 2.96000 9.41000 -6.91700 -8.11800 -3.87600 -3.78400 -8.21900 -10.16200
176.00000 23.07100 21.51500 17.84300 12.37000 14.88200 15.02500 7.72100 1.00700 2.96000 6.96800 -7.40600 -9.09400 -4.85200 -4.27200 -9.68400 -11.13900
177.00000 22.58300 22.00300 18.33100 12.85800 15.37100 14.53700 7.72100 1.00700 2.96000 7.45600 -7.40600 -9.09400 -5.82900 -4.76100 -9.68400 -11.13900
178.00000 22.09500 22.49100 18.33100 13.83500 15.37100 14.04800 8.20900 1.98400 3.44800 8.43300 -8.38200 -9.09400 -5.82900 -5.24900 -9.68400 -11.13900
179.00000 21.60600 22.98000 18.81900 15.29900 15.37100 13.07200 8.69800 2.47200 4.42500 8.92100 -9.35900 -9.09400 -6.31700 -6.22600 -9.68400 -11.62700
180.00000 23.56000 23.95600 19.79600 16.27600 15.37100 12.09500 9.67400 3.44800 4.91300 6.48000 -9.35900 -10.07100 -6.80500 -6.71400 -10.66100 -12.11500
181.00000 26.00100 26.39800 20.77200 18.22900 16.83600 12.58300 10.65100 4.42500 4.91300 3.06200 -8.38200 -11.04700 -6.80500 -6.71400 -10.66100 -12.11500
182.00000 29.90700 30.30400 22.23700 20.67100 19.27700 14.53700 12.11500 4.91300 4.91300 1.59700 -6.91700 -11.53600 -6.80500 -6.22600 -11.14900 -12.11500
183.00000 34.30200 34.21000 23.21400 23.11200 22.20700 16.97800 13.58000 4.42500 5.89000 3.55000 -5.94100 -11.04700 -6.31700 -5.24900 -10.66100 -11.62700
184.00000 37.23100 37.14000 25.16700 24.57700 24.64800 19.90800 14.06900 4.42500 7.35500 7.94500 -5.94100 -10.55900 -5.34100 -4.27200 -9.68400 -10.65100
185.00000 39.18500 39.09300 26.63200 24.57700 26.11300 22.83700 14.06900 4.91300 9.79600 11.85100 -5.94100 -9.58300 -3.87600 -2.80800 -8.21900 -9.18600
186.00000 40.16100 40.55800 27.60800 23.60000 26.60100 26.25500 13.58000 4.91300 11.26100 14.78100 -5.45200 -9.09400 -2.41100 -0.85400 -7.24300 -8.20900
187.00000 40.16100 41.53400 28.09700 23.11200 27.08900 28.69700 13.09200 4.91300 11.74900 16.24600 -4.47600 -9.09400 -0.45800 0.61000 -6.75500 -6.74400
188.00000 40.16100 43.48800 27.60800 23.11200 28.06600 32.11500 13.58000 4.42500 12.72600 18.68700 -3.98800 -9.58300 1.00700 2.56300 -6.26600 -5.76800
189.00000 41.13800 45.92900 29.07300 24.08900 30.01900 35.53300 14.55700 3.93700 13.21400 22.10500 -4.47600 -10.07100 2.47200 4.02800 -5.77800 -5.28000
190.00000 43.09100 48.37000 30.53800 25.06500 31.48400 37.97400 15.04500 3.44800 14.67900 25.52300 -5.94100 -10.55900 3.44800 4.51700 -6.26600 -5.28000
191.00000 45.53200 50.81200 32.49100 26.04200 32.46100 40.90400 15.53300 3.44800 15.65600 27.96400 -7.40600 -11.04700 3.93700 5.00500 -6.75500 -5.28000
192.00000 48.46200 53.25300 32.97900 26.53000 32.94900 41.88000 14.55700 3.44800 16.14400 26.98800 -7.89400 -10.55900 4.42500 5.49300 -7.24300 -6.25600
193.00000 50.90300 55.69500 32.49100 26.04200 32.94900 42.36900 12.60400 2.96000 15.16700 24.54600 -8.38200 -10.07100 3.93700 5.00500 -7.73100 -6.74400
194.00000 52.85600 58.62400 30.53800 25.55300 32.94900 42.85700 10.65100 2.47200 14.19100 21.12800 -8.38200 -10.07100 3.93700 4.51700 -7.73100 -7.23300
195.00000 54.32100 61.55400 29.07300 25.06500 32.94900 44.32200 9.67400 2.96000 12.72600 19.66300 -7.40600 -10.07100 3.93700 4.02800 -7.73100 -7.23300
196.00000 55.78600 64.48400 29.56100 24.57700 33.43700 46.27500 10.16200 3.93700 11.26100 20.64000 -6.42900 -10.07100 3.44800 4.02800 -7.24300 -7.23300
197.00000 58.22800 66.43700 31.51400 24.57700 33.43700 47.74000 11.62700 5.40200 9.79600 23.08100 -5.45200 -10.07100 3.44800 4.51700 -7.24300 -6.74400
198.00000 61.15700 68.39000 34.44400 24.57700 33.43700 47.74000 12.60400 5.40200 8.33100 25.03500 -4.47600 -9.58300 3.44800 4.51700 -6.75500 -5.76800
199.00000 63.59900 69.36600 35.42100 25.06500 32.94900 45.29800 12.60400 4.91300 7.35500 25.52300 -4.47600 -9.09400 3.44800 4.51700 -6.75500 -4.79100
200.00000 64.08700 69.36600 34.93200 24.57700 31.97200 41.88000 12.11500 2.47200 6.86600 23.08100 -5.45200 -9.58300 3.44800 4.02800 -7.24300 -4.79100
201.00000 63.11000 68.87800 33.46800 23.60000 30.99600 38.46200 10.65100 1.98400 6.37800 17.22200 -6.91700 -10.55900 2.47200 2.56300 -8.70800 -5.28000
202.00000 60.66900 67.41300 32.00300 22.62400 29.04300 36.50900 10.65100 1.49500 5.40200 10.38600 -8.87000 -12.02400 1.00700 0.61000 -10.66100 -7.23300
203.00000 59.20400 66.43700 32.49100 22.13500 27.08900 36.50900 11.13900 2.47200 2.47200 4.52700 -9.84700 -12.51200 -1.92300 -1.83100 -12.61400 -10.16200
204.00000 59.69200 65.94800 32.97900 23.11200 25.62500 36.50900 12.11500 3.44800 -0.45800 1.10900 -10.33500 -13.00000 -4.85200 -5.73700 -14.56700 -13.09200
205.00000 61.15700 66.43700 33.95600 24.57700 25.13600 36.02100 11.62700 3.44800 -2.89900 0.62100 -11.31200 -13.00000 -7.78200 -8.66700 -16.52000 -16.02200
206.00000 63.11000 66.92500 32.97900 26.04200 24.64800 34.06800 10.16200 2.96000 -2.89900 1.59700 -12.77700 -12.51200 -9.73500 -11.10800 -18.47300 -18.46300
207.00000 64.08700 66.92500 31.02600 25.55300 24.64800 31.13800 7.72100 2.47200 -0.94600 2.57400 -14.73000 -13.00000 -11.68800 -12.08500 -20.42600 -20.90500
208.00000 64.08700 66.43700 29.56100 24.08900 24.16000 28.69700 4.79100 1.98400 1.00700 1.59700 -16.19500 -13.97700 -12.17700 -12.08500 -21.89100 -22.36900
209.00000 63.11000 64.48400 28.58500 22.13500 24.16000 27.72000 2.83800 1.49500 1.98400 -0.35600 -16.68300 -13.97700 -12.17700 -12.08500 -22.38000 -22.85800
210.00000 61.15700 62.53100 29.07300 21.15900 23.67100 27.72000 2.35000 1.49500 1.49500 -0.84400 -15.70600 -13.97700 -11.68800 -11.59700 -21.89100 -21.88100
211.00000 58.71600 61.55400 29.07300 22.13500 23.67100 28.69700 2.35000 1.49500 0.51900 0.62100 -13.75300 -13.00000 -10.71200 -10.13200 -19.93800 -19.92800
212.00000 57.25100 62.04200 28.58500 24.08900 24.64800 31.13800 2.35000 1.98400 0.51900 5.01500 -12.28800 -12.02400 -9.24700 -8.66700 -17.49700 -17.97500
213.00000 57.25100 63.50700 28.09700 26.53000 27.08900 33.58000 2.83800 2.47200 2.47200 9.89800 -10.82400 -11.53600 -7.29400 -6.71400 -15.05500 -15.53300
214.00000 58.71600 65.94800 27.12000 28.48300 30.01900 36.50900 4.30300 2.96000 4.42500 13.31600 -10.82400 -11.53600 -5.34100 -3.78400 -13.59000 -14.06900
215.00000 61.15700 66.92500 27.12000 28.48300 32.46100 38.46200 5.76800 2.47200 5.89000 15.26900 -10.82400 -12.02400 -3.38700 -1.83100 -12.61400 -12.11500
216.00000 62.62200 66.92500 27.60800 27.99500 33.43700 38.95100 6.74400 1.49500 4.91300 15.75700 -10.82400 -12.51200 -2.41100 -1.83100 -12.12600 -10.65100
217.00000 61.64600 65.46000 28.58500 26.53000 32.94900 37.97400 5.76800 0.51900 3.44800 16.24600 -11.31200 -13.00000 -1.92300 -2.31900 -12.12600 -10.16200
218.00000 59.20400 63.01900 29.56100 25.55300 31.97200 36.50900 3.81500 0.03100 1.98400 18.19900 -11.31200 -13.97700 -3.38700 -3.29600 -12.61400 -10.16200
219.00000 55.29800 60.57700 29.56100 24.57700 30.50700 35.53300 2.35000 0.03100 1.49500 19.66300 -11.80000 -14.95400 -4.85200 -4.27200 -13.59000 -11.62700
220.00000 52.36800 58.62400 28.09700 23.60000 29.53100 35.04400 2.83800 0.51900 2.47200 18.68700 -12.28800 -15.93000 -5.82900 -5.24900 -15.05500 -13.09200
221.00000 50.90300 57.64800 26.14300 23.60000 28.55400 34.06800 5.76800 0.51900 2.47200 14.78100 -12.28800 -15.93000 -7.29400 -6.22600 -16.52000 -15.04500
222.00000 50.90300 56.18300 24.19000 24.08900 27.08900 32.60300 9.18600 1.49500 1.00700 10.38600 -12.28800 -14.95400 -8.27000 -7.69000 -17.98500 -16.51000
223.00000 50.90300 55.69500 24.67900 24.57700 26.11300 31.13800 11.13900 2.47200 -0.94600 8.43300 -11.31200 -13.00000 -9.24700 -9.15500 -17.98500 -17.48700
224.00000 50.41500 55.20600 27.12000 25.06500 25.62500 29.67300 11.13900 3.93700 -2.89900 7.94500 -9.35900 -11.04700 -10.22300 -9.64400 -17.49700 -17.48700
225.00000 49.43800 54.71800 30.53800 25.06500 24.64800 29.18500 9.67400 4.91300 -3.38700 8.43300 -7.89400 -8.60600 -10.22300 -9.64400 -16.03200 -16.51000
226.00000 47.97400 52.76500 32.49100 23.11200 23.18300 29.67300 8.20900 4.42500 -2.89900 7.45600 -7.40600 -7.14100 -9.73500 -8.66700 -14.56700 -15.53300
227.00000 46.50900 49.83500 30.53800 20.67100 21.71800 29.18500 7.23300 3.44800 -2.89900 4.03800 -7.89400 -6.65300 -8.75900 -7.20200 -14.07900 -14.55700
228.00000 44.55600 45.92900 26.14300 17.74100 19.27700 27.23200 6.74400 2.47200 -2.89900 1.10900 -8.87000 -7.62900 -6.80500 -5.73700 -13.59000 -13.58000
229.00000 43.09100 41.53400 21.26100 15.78800 16.83600 22.83700 6.25600 1.49500 -2.41100 0.13200 -10.33500 -8.60600 -5.34100 -4.76100 -14.56700 -13.09200
230.00000 41.62600 39.09300 18.33100 15.78800 15.37100 18.93100 4.79100 1.49500 -0.94600 3.06200 -10.82400 -9.58300 -3.87600 -3.78400 -15.05500 -13.58000
231.00000 39.67300 37.62800 17.84300 16.27600 14.39400 16.00100 2.83800 0.51900 0.03100 6.96800 -11.31200 -9.58300 -3.87600 -3.78400 -15.54400 -14.06900
232.00000 37.23100 36.65200 19.30700 16.76400 13.41800 14.04800 0.88500 -0.45800 0.51900 7.94500 -11.80000 -9.09400 -4.85200 -4.76100 -16.03200 -15.04500
233.00000 33.81300 35.18700 19.30700 16.76400 11.95300 12.58300 -0.09200 -1.43400 -0.94600 4.03800 -12.77700 -8.11800 -5.82900 -6.71400 -16.03200 -15.53300
234.00000 29.90700 32.25700 16.86600 15.29900 10.00000 10.14200 -0.58000 -1.43400 -2.41100 -2.30900 -13.75300 -7.14100 -7.29400 -8.17900 -16.52000 -16.99800
235.00000 26.97800 29.32700 13.44800 13.34600 8.04600 7.21200 -0.58000 -1.43400 -3.87600 -6.21500 -14.73000 -7.14100 -8.27000 -8.66700 -16.52000 -17.48700
236.00000 26.00100 27.86300 11.00700 12.37000 7.55800 5.74700 -0.58000 -1.43400 -4.85200 -6.21500 -15.21800 -7.62900 -8.75900 -9.15500 -17.49700 -17.97500
237.00000 27.95400 28.83900 11.49500 12.37000 9.51100 7.21200 -0.58000 -1.43400 -4.85200 -2.79700 -14.73000 -8.60600 -9.24700 -9.15500 -17.98500 -17.97500
238.00000 32.83700 32.74500 14.91300 13.83500 12.92900 11.60700 -0.09200 -0.94600 -3.87600 0.13200 -13.75300 -9.58300 -9.24700 -9.64400 -17.98500 -18.46300
239.00000 37.72000 37.14000 19.30700 15.78800 16.83600 16.49000 1.86200 -0.94600 -2.89900 1.10900 -13.26500 -10.07100 -10.22300 -10.62000 -17.98500 -18.46300
240.00000 41.13800 40.55800 22.72500 16.76400 19.76500 19.90800 2.83800 -0.94600 -2.41100 0.62100 -12.77700 -10.55900 -11.68800 -12.08500 -18.47300 -18.95100
241.00000 41.62600 41.53400 23.21400 17.25300 21.71800 21.37200 3.81500 -0.94600 -1.92300 2.08500 -13.75300 -11.53600 -12.66500 -12.57300 -18.96200 -19.92800
242.00000 39.67300 40.55800 22.23700 17.74100 22.20700 21.37200 4.30300 -0.94600 -0.94600 5.99200 -14.24200 -13.00000 -12.66500 -11.59700 -19.93800 -19.92800
243.00000 37.23100 39.58100 20.77200 18.22900 22.20700 21.37200 4.30300 -0.94600 -0.94600 10.38600 -15.21800 -14.46500 -11.20000 -10.13200 -20.42600 -18.95100
244.00000 35.76700 38.11600 20.28400 19.20600 21.71800 22.83700 3.81500 -0.94600 0.03100 12.82800 -15.70600 -14.95400 -9.24700 -8.17900 -19.45000 -17.97500
245.00000 35.76700 37.62800 20.28400 20.67100 21.23000 23.81400 3.32600 -0.94600 0.03100 10.87400 -15.21800 -14.95400 -7.78200 -7.20200 -18.96200 -16.99800
246.00000 36.74300 36.65200 21.26100 21.15900 20.25300 23.81400 3.32600 -0.94600 0.03100 6.96800 -15.21800 -14.46500 -7.29400 -7.20200 -18.47300 -16.51000
247.00000 37.72000 36.65200 21.26100 20.67100 19.27700 22.83700 3.81500 -0.45800 -0.45800 4.52700 -15.70600 -13.48900 -8.27000 -8.66700 -18.47300 -17.48700
248.00000 37.23100 36.65200 20.77200 19.69400 18.30000 21.37200 4.79100 0.51900 -1.92300 5.99200 -15.70600 -12.51200 -9.73500 -10.13200 -18.47300 -17.97500
249.00000 36.25500 37.14000 20.77200 19.20600 18.30000 20.39600 5.28000 2.47200 -3.38700 10.38600 -14.24200 -12.02400 -11.68800 -11.10800 -18.47300 -18.46300
250.00000 34.30200 37.14000 21.74900 19.20600 18.78900 19.90800 6.25600 3.93700 -3.87600 13.31600 -11.31200 -10.55900 -12.17700 -11.59700 -17.49700 -17.97500
251.00000 33.32500 36.16300 22.72500 19.20600 18.78900 19.90800 7.23300 5.40200 -3.38700 14.29200 -8.38200 -8.60600 -12.17700 -10.62000 -15.54400 -16.51000
252.00000 33.32500 34.69800 23.70200 18.22900 17.32400 19.41900 8.69800 5.40200 -2.41100 12.33900 -5.45200 -5.67600 -9.73500 -8.66700 -12.61400 -14.55700
253.00000 32.83700 32.25700 23.21400 16.76400 13.90600 17.46600 9.18600 4.42500 -1.92300 10.38600 -3.98800 -3.23500 -7.29400 -5.73700 -10.66100 -11.62700
254.00000 31.86000 28.83900 21.74900 13.83500 10.48800 15.51300 9.18600 3.44800 -2.41100 8.92100 -3.01100 -0.79300 -3.87600 -2.80800 -8.21900 -8.20900
255.00000 30.88400 26.39800 19.79600 11.39300 6.58200 12.58300 7.72100 1.98400 -2.89900 8.92100 -2.52300 0.67100 -0.94600 -0.36600 -6.75500 -5.76800
256.00000 29.41900 24.93300 18.33100 10.41700 4.62800 11.11900 6.74400 1.00700 -3.87600 6.96800 -3.49900 0.18300 0.03100 0.12200 -6.75500 -4.79100
