1.00000 -3.86600 -4.26200 -8.57500 -2.48200 -7.88400 -14.82100 -13.50900 -3.37700 -7.08000 -13.59000 -5.68600 -3.31600 -7.74100 -13.38700 -5.74700 -8.37200
2.00000 -0.44800 -0.84400 -5.15700 -0.52900 -6.90700 -10.42700 -9.11500 -1.91200 -5.61500 -8.70800 -2.26800 -1.36300 -5.30000 -9.48100 -2.33000 -4.46600
3.00000 3.45900 2.57400 -1.74000 0.44800 -5.44200 -4.07900 -5.20800 -0.44800 -3.66200 -3.33700 1.14900 0.59000 -2.37000 -3.62100 1.57700 0.41700
4.00000 6.38800 5.01500 0.21400 0.44800 -3.97700 2.26800 -1.79000 0.52900 -2.19700 0.08100 4.07900 2.54300 0.07100 1.26100 4.50600 3.83500
5.00000 6.87700 4.52700 0.21400 -1.01700 -3.48900 4.71000 0.16300 1.01700 -3.17400 -0.89500 5.54400 3.03100 0.07100 2.23800 4.50600 3.83500
6.00000 4.92400 2.08500 -1.25100 -2.97000 -3.97700 2.75700 1.13900 1.01700 -5.12700 -4.80100 6.03200 2.05500 -2.37000 -1.66800 1.08800 1.39400
7.00000 1.01700 -2.30900 -4.18100 -4.43500 -4.95400 -3.10300 0.65100 0.04100 -8.54500 -9.68400 4.07900 0.59000 -6.27600 -7.52800 -3.30600 -2.51300
8.00000 -2.40100 -5.23900 -7.11100 -4.43500 -6.41900 -9.45000 -0.81400 -1.42400 -10.01000 -13.10200 1.63800 -0.87500 -9.20600 -10.94600 -6.23600 -5.44200
9.00000 -3.37700 -5.72700 -8.08700 -2.97000 -6.41900 -12.86800 -2.76700 -3.37700 -9.52100 -11.63700 -0.80400 -1.85100 -8.71800 -9.48100 -5.25900 -4.46600
10.00000 -2.88900 -3.77400 -6.62200 -1.01700 -5.93100 -12.38000 -4.23200 -4.35400 -6.10400 -6.75500 -1.78000 -1.85100 -6.27600 -3.62100 -0.86500 -1.04800
11.00000 -0.44800 -0.84400 -3.20400 0.93600 -4.46600 -8.47400 -4.23200 -4.35400 -2.19700 -0.89500 -0.31500 -0.87500 -2.37000 3.70300 4.99500 3.83500
12.00000 2.48200 2.08500 0.70200 1.91200 -3.00100 -4.07900 -1.30200 -3.37700 0.24400 3.98800 2.61400 0.59000 1.53600 10.05000 10.36600 7.25300
13.00000 5.41200 3.55000 5.09600 1.91200 -2.02400 -0.66100 2.11600 -1.42400 1.70900 5.94100 5.54400 2.05500 3.48900 13.46800 11.83100 8.71800
14.00000 7.85300 3.55000 9.00300 1.91200 -1.04800 0.80400 5.04600 -0.44800 1.70900 4.96400 7.00900 2.54300 3.00100 12.49200 9.38900 8.23000
15.00000 9.31800 2.08500 11.44400 1.42400 -0.55900 0.31500 6.02200 0.52900 1.22100 1.54600 6.03200 2.05500 1.53600 8.58600 4.50600 4.81200
16.00000 8.34100 -0.35600 10.95600 0.44800 -1.04800 -3.10300 4.55700 0.52900 0.73200 -2.84800 2.61400 -0.38700 -0.90500 3.21500 -1.35300 0.41700
17.00000 3.94700 -3.77400 7.05000 -0.04100 -2.51300 -7.49700 0.16300 -0.44800 -0.24400 -6.75500 -2.26800 -3.31600 -3.34700 -2.15700 -6.72400 -4.46600
18.00000 -1.91200 -7.19200 0.70200 -0.52900 -4.95400 -11.89200 -5.20800 -2.40100 -1.22100 -10.17300 -7.64000 -7.22200 -5.30000 -6.55100 -10.14200 -8.86000
19.00000 -7.28400 -10.12200 -6.13400 -0.52900 -6.41900 -14.82100 -10.09100 -4.84200 -2.68600 -11.63700 -12.03400 -10.15200 -6.76500 -8.01600 -13.56000 -12.27800
20.00000 -9.72500 -10.12200 -11.01700 -0.52900 -7.39500 -15.31000 -13.99700 -7.28400 -3.66200 -11.63700 -13.98700 -12.10500 -7.25300 -8.01600 -15.51300 -13.74300
21.00000 -8.74800 -8.65700 -11.50500 0.44800 -6.41900 -13.35700 -15.46200 -8.74800 -3.66200 -10.17300 -13.98700 -13.08200 -6.76500 -6.55100 -16.00100 -12.76700
22.00000 -6.30700 -7.19200 -9.06400 0.44800 -4.95400 -11.89200 -15.46200 -8.74800 -3.66200 -10.17300 -13.01100 -12.10500 -6.27600 -6.06300 -15.02500 -11.30200
23.00000 -4.84200 -7.19200 -5.15700 0.44800 -4.46600 -11.40300 -13.99700 -8.26000 -3.17400 -10.66100 -12.03400 -10.64000 -5.78800 -7.03900 -12.09500 -9.34900
24.00000 -5.81900 -9.14500 -1.74000 -0.52900 -4.95400 -11.89200 -11.06800 -5.81900 -3.66200 -11.63700 -9.59300 -8.19900 -5.78800 -8.01600 -8.18900 -8.37200
25.00000 -6.79500 -10.61000 0.21400 -0.52900 -5.93100 -12.38000 -7.65000 -3.86600 -3.66200 -12.12600 -6.17500 -5.75800 -6.27600 -8.99300 -4.28300 -7.88400
26.00000 -6.30700 -9.63300 1.19000 0.93600 -6.41900 -11.40300 -4.72000 -1.91200 -4.15000 -10.66100 -1.78000 -3.80500 -6.27600 -8.01600 -1.84100 -6.90700
27.00000 -3.37700 -6.70400 1.19000 2.88900 -5.93100 -9.45000 -2.27900 -1.91200 -4.15000 -8.21900 2.12600 -2.34000 -6.76500 -6.06300 -1.35300 -5.44200
28.00000 0.04100 -2.79700 0.21400 4.84200 -4.95400 -7.98500 -1.79000 -2.88900 -4.15000 -6.26600 3.10300 -2.82800 -6.76500 -4.11000 -2.81800 -4.95400
29.00000 1.01700 -1.33300 -1.74000 5.81900 -3.48900 -7.49700 -3.25500 -5.81900 -4.15000 -6.26600 0.17300 -5.26900 -7.25300 -3.13300 -4.28300 -4.95400
30.00000 -0.44800 -1.82100 -2.71600 4.84200 -2.51300 -7.98500 -5.69700 -9.23700 -4.15000 -6.75500 -4.71000 -8.19900 -8.23000 -4.11000 -5.74700 -6.41900
31.00000 -1.42400 -1.82100 -2.22800 3.86600 -0.55900 -7.98500 -6.67300 -10.70100 -4.15000 -7.24300 -9.59300 -10.15200 -9.20600 -6.55100 -7.21200 -8.86000
32.00000 0.52900 0.13200 1.67800 3.86600 2.37000 -6.03200 -4.23200 -9.72500 -4.15000 -6.26600 -10.08100 -10.64000 -10.18300 -8.01600 -8.67700 -10.81300
33.00000 5.90000 5.01500 8.51400 4.84200 5.78800 -3.10300 1.62800 -6.30700 -4.15000 -3.82500 -6.17500 -8.19900 -11.15900 -8.50400 -9.65400 -11.79000
34.00000 12.24800 10.38600 14.37400 7.28400 9.20600 0.80400 7.97500 -1.91200 -5.12700 -1.38300 0.66100 -5.26900 -11.15900 -8.50400 -9.65400 -11.79000
35.00000 16.15400 13.80400 18.28000 9.23700 10.67100 3.73300 12.37000 1.99400 -7.08000 -1.87200 5.54400 -2.34000 -11.15900 -8.01600 -8.18900 -11.30200
36.00000 15.17700 14.29200 17.79200 10.21300 9.69400 6.17500 12.85800 3.45900 -9.03300 -4.80100 6.03200 -1.36300 -12.13600 -9.48100 -6.23600 -11.30200
37.00000 11.27100 11.85100 14.37400 10.21300 7.74100 7.64000 9.92800 1.99400 -10.98600 -8.70800 2.12600 -3.31600 -13.60100 -12.41000 -5.74700 -13.25500
38.00000 6.87700 8.43300 9.97900 8.26000 6.27600 6.66300 4.55700 -0.93600 -11.47500 -11.63700 -3.73300 -7.22200 -16.04200 -17.29300 -8.18900 -17.16100
39.00000 3.45900 4.52700 5.58500 6.30700 4.32300 2.75700 0.65100 -3.37700 -10.98600 -13.10200 -10.08100 -11.12900 -19.94800 -22.17600 -13.56000 -22.53200
40.00000 1.50600 0.62100 2.65500 3.37700 2.85800 -5.05600 -2.76700 -5.81900 -10.49800 -14.07900 -13.49900 -15.03500 -22.87800 -26.08200 -20.39600 -27.90300
41.00000 -0.44800 -3.77400 0.21400 0.44800 0.41700 -13.84500 -4.72000 -6.79500 -10.98600 -16.03200 -15.45200 -16.98800 -25.31900 -29.01200 -25.76700 -31.80900
42.00000 -3.37700 -7.68000 -1.25100 -2.48200 -3.00100 -19.70400 -6.67300 -7.28400 -11.96300 -18.47300 -16.42900 -18.45300 -26.78400 -30.96500 -27.72000 -33.27400
43.00000 -7.28400 -10.61000 -3.20400 -5.41200 -5.44200 -20.68100 -8.13800 -8.26000 -12.93900 -19.93800 -17.89300 -19.43000 -26.29600 -30.96500 -26.25500 -33.27400
44.00000 -10.70100 -11.58700 -4.66900 -7.85300 -6.90700 -16.77400 -10.09100 -9.23700 -11.96300 -19.45000 -20.33500 -20.40600 -24.83100 -29.50000 -23.81400 -31.80900
45.00000 -12.65500 -11.58700 -7.11100 -9.31800 -6.41900 -11.40300 -11.55600 -10.21300 -10.01000 -17.00800 -22.28800 -21.38300 -22.87800 -27.05900 -23.32600 -31.32100
46.00000 -13.14300 -11.09800 -9.06400 -9.80600 -5.93100 -7.98500 -12.53300 -10.70100 -8.05700 -14.07900 -23.75300 -21.87100 -20.92500 -23.15300 -25.27900 -30.83300
47.00000 -13.14300 -12.07500 -11.01700 -9.31800 -5.93100 -8.96200 -13.99700 -10.21300 -7.56800 -13.10200 -24.24100 -22.35900 -19.46000 -20.22300 -28.69700 -30.83300
48.00000 -13.63100 -13.54000 -11.99300 -8.34100 -7.88400 -14.33300 -14.97400 -9.72500 -9.03300 -15.54400 -24.24100 -21.87100 -18.97200 -18.75800 -30.65000 -30.34500
49.00000 -14.11900 -16.46900 -11.99300 -7.85300 -10.32500 -21.16900 -16.43900 -9.23700 -11.47500 -20.42600 -23.26500 -21.87100 -19.46000 -19.73500 -32.11500 -29.85600
50.00000 -14.60800 -18.91100 -11.50500 -8.83000 -12.76700 -26.54000 -17.41500 -9.72500 -13.91600 -25.30900 -22.28800 -21.87100 -20.92500 -21.68800 -31.62600 -28.88000
51.00000 -16.07300 -21.35200 -11.99300 -10.78300 -13.25500 -29.47000 -18.39200 -11.19000 -15.38100 -27.75100 -21.80000 -22.35900 -22.39000 -24.61800 -30.16200 -28.88000
52.00000 -17.53700 -22.32900 -13.94700 -14.20100 -11.79000 -28.98200 -18.88000 -13.63100 -15.38100 -28.23900 -21.31100 -22.84700 -22.87800 -27.05900 -28.69700 -28.39200
53.00000 -19.97900 -22.81700 -17.36500 -17.61900 -9.83700 -25.56400 -19.85700 -15.58400 -13.91600 -25.79800 -21.31100 -22.84700 -22.39000 -26.57100 -27.23200 -26.92700
54.00000 -21.44400 -21.35200 -20.29400 -19.08400 -6.90700 -21.65700 -20.34500 -16.56100 -11.47500 -22.38000 -20.82300 -21.87100 -19.94800 -24.12900 -24.79000 -24.48500
55.00000 -21.93200 -19.39900 -21.27100 -19.08400 -5.44200 -16.77400 -20.34500 -16.56100 -9.03300 -18.96200 -19.35800 -19.43000 -16.53000 -19.73500 -19.90800 -20.57900
56.00000 -20.95500 -16.46900 -20.78200 -16.64200 -5.44200 -13.84500 -18.88000 -15.58400 -5.61500 -15.05500 -16.42900 -16.01200 -12.62400 -13.87500 -14.53700 -16.18400
57.00000 -19.00200 -15.00400 -18.34100 -13.71300 -6.41900 -12.38000 -16.92700 -14.11900 -3.66200 -11.14900 -12.03400 -12.59400 -9.20600 -8.50400 -9.16500 -12.27800
58.00000 -17.04900 -15.00400 -15.90000 -11.27100 -8.37200 -12.86800 -14.48600 -13.14300 -2.68600 -7.73100 -7.64000 -10.15200 -6.76500 -4.11000 -4.77100 -8.86000
59.00000 -16.07300 -15.98100 -13.45800 -10.29500 -10.32500 -14.33300 -12.53300 -12.16600 -3.17400 -6.26600 -5.19800 -8.68700 -5.30000 -2.15700 -2.33000 -5.93100
60.00000 -15.09600 -16.46900 -12.48200 -10.29500 -11.79000 -16.28600 -11.06800 -12.16600 -5.12700 -6.26600 -4.22200 -8.19900 -5.30000 -1.66800 -1.84100 -3.97700
61.00000 -14.60800 -15.98100 -11.99300 -11.75900 -11.79000 -16.77400 -11.55600 -11.67800 -7.08000 -7.73100 -5.19800 -8.68700 -6.27600 -2.64500 -2.81800 -4.46600
62.00000 -13.63100 -14.02800 -13.45800 -13.22400 -10.81300 -16.28600 -12.53300 -11.67800 -8.54500 -9.19600 -6.66300 -9.17600 -8.23000 -4.11000 -4.77100 -6.41900
63.00000 -14.11900 -12.07500 -15.90000 -15.17700 -8.86000 -15.79800 -13.99700 -11.67800 -9.03300 -9.68400 -7.64000 -9.66400 -10.18300 -6.55100 -6.72400 -9.34900
64.00000 -14.60800 -11.09800 -18.34100 -16.15400 -6.90700 -13.84500 -15.95100 -12.16600 -9.03300 -10.17300 -8.12800 -9.17600 -11.15900 -8.99300 -8.67700 -11.79000
65.00000 -16.56100 -11.58700 -20.29400 -17.13100 -5.93100 -12.86800 -17.41500 -12.65500 -9.52100 -10.66100 -8.61600 -8.68700 -11.15900 -10.94600 -9.16500 -13.25500
66.00000 -19.00200 -13.54000 -21.75900 -16.64200 -5.93100 -13.35700 -18.88000 -13.14300 -10.01000 -12.61400 -9.59300 -8.68700 -10.67100 -12.41000 -9.65400 -13.74300
67.00000 -21.44400 -16.95800 -21.75900 -16.15400 -7.39500 -16.77400 -20.34500 -13.14300 -11.47500 -16.52000 -12.52200 -9.66400 -10.67100 -14.36400 -10.63000 -15.20800
68.00000 -23.39700 -20.37600 -22.73600 -15.66600 -10.32500 -21.65700 -21.81000 -12.65500 -12.45100 -21.40300 -16.42900 -12.10500 -12.13600 -17.29300 -14.53700 -17.64900
69.00000 -24.37300 -21.84000 -23.22400 -16.15400 -13.74300 -26.54000 -23.27500 -12.65500 -13.42800 -25.79800 -21.31100 -15.52300 -15.06600 -21.68800 -21.37200 -21.55600
70.00000 -24.86200 -22.32900 -24.20000 -17.61900 -16.18400 -28.98200 -25.22800 -13.14300 -13.91600 -27.75100 -25.70600 -18.45300 -17.50700 -25.10600 -28.69700 -25.95000
71.00000 -25.35000 -21.84000 -24.68900 -20.06000 -17.64900 -27.51700 -27.18100 -13.63100 -12.93900 -27.26200 -28.14700 -20.89400 -18.48300 -26.57100 -34.55600 -28.88000
72.00000 -26.32600 -21.35200 -26.15400 -22.99000 -17.16100 -24.58700 -29.62200 -14.60800 -10.98600 -25.30900 -29.12400 -21.87100 -18.48300 -26.57100 -36.50900 -30.83300
73.00000 -27.30300 -21.84000 -28.10700 -24.94300 -15.69600 -22.63400 -31.57600 -15.09600 -9.52100 -23.84400 -29.61200 -21.87100 -17.50700 -25.59400 -36.02100 -32.78600
74.00000 -28.76800 -24.28200 -31.03600 -25.92000 -14.72000 -24.09900 -33.04000 -15.09600 -9.52100 -24.33300 -29.61200 -21.38300 -17.50700 -25.59400 -34.55600 -35.71600
75.00000 -30.72100 -27.70000 -33.47800 -25.92000 -15.20800 -29.47000 -34.01700 -15.09600 -10.01000 -26.28600 -29.61200 -20.89400 -17.99500 -27.54700 -34.06800 -38.64500
76.00000 -32.18600 -30.62900 -34.45400 -24.94300 -16.67300 -35.32900 -33.52900 -14.11900 -10.98600 -29.70400 -29.12400 -20.40600 -19.46000 -29.98900 -34.55600 -40.11000
77.00000 -31.69800 -31.60600 -32.99000 -23.47800 -18.13800 -39.23500 -31.08700 -13.14300 -11.96300 -32.14500 -27.17100 -19.43000 -19.94800 -31.94200 -33.09100 -38.64500
78.00000 -30.23300 -31.11800 -28.59500 -22.01300 -20.09100 -39.23500 -28.15800 -12.16600 -11.96300 -33.12200 -22.77600 -16.50000 -18.48300 -30.96500 -29.67300 -33.27400
79.00000 -26.81500 -29.65300 -24.20000 -20.54900 -21.55600 -36.30600 -24.74000 -11.19000 -11.47500 -32.14500 -17.89300 -13.08200 -16.04200 -27.54700 -23.32600 -26.43800
80.00000 -24.86200 -28.67600 -21.27100 -20.06000 -22.53200 -33.37600 -21.32200 -10.21300 -10.98600 -30.19200 -13.01100 -10.15200 -12.62400 -22.66400 -16.49000 -20.57900
81.00000 -24.86200 -29.65300 -20.29400 -21.03700 -23.50900 -32.39900 -18.39200 -9.23700 -10.49800 -27.75100 -9.10400 -7.71100 -10.18300 -18.27000 -11.60700 -17.16100
82.00000 -27.30300 -31.60600 -20.78200 -22.01300 -24.48500 -32.88800 -16.43900 -8.74800 -10.98600 -26.77400 -7.15100 -6.24600 -8.23000 -15.82800 -8.67700 -16.18400
83.00000 -30.23300 -33.55900 -22.24700 -22.99000 -24.97400 -34.84100 -14.97400 -8.74800 -11.47500 -27.26200 -6.17500 -5.75800 -7.74100 -15.82800 -6.72400 -15.20800
84.00000 -32.67400 -34.04700 -23.22400 -23.47800 -23.50900 -35.81700 -14.48600 -8.26000 -11.96300 -28.23900 -5.19800 -4.29300 -7.25300 -17.29300 -4.28300 -12.76700
85.00000 -32.18600 -33.07100 -23.22400 -22.50200 -21.06700 -35.32900 -14.97400 -7.77200 -11.47500 -28.72700 -4.22200 -3.80500 -7.25300 -17.78200 -2.33000 -9.83700
86.00000 -30.72100 -30.62900 -22.73600 -21.03700 -18.62600 -32.88800 -14.97400 -7.77200 -10.49800 -27.75100 -4.71000 -4.29300 -7.25300 -17.29300 -2.33000 -8.37200
87.00000 -27.79100 -28.18800 -21.27100 -19.57200 -17.64900 -28.49300 -15.95100 -8.74800 -9.52100 -24.33300 -6.66300 -5.75800 -7.25300 -15.82800 -7.21200 -9.83700
88.00000 -25.83800 -26.23500 -19.31800 -18.59500 -17.64900 -24.58700 -16.43900 -10.70100 -8.54500 -20.42600 -10.56900 -8.68700 -7.25300 -13.38700 -14.53700 -13.74300
89.00000 -24.37300 -24.77000 -16.87600 -18.59500 -19.11400 -21.65700 -17.41500 -12.16600 -8.05700 -16.52000 -14.96400 -12.10500 -7.25300 -11.43400 -21.37200 -16.67300
90.00000 -24.37300 -23.79400 -15.41100 -18.59500 -20.09100 -19.70400 -17.41500 -13.14300 -8.54500 -14.07900 -17.40500 -13.57000 -7.25300 -10.94600 -22.34900 -17.16100
91.00000 -24.37300 -23.30500 -14.43500 -19.57200 -20.09100 -19.21600 -16.92700 -12.65500 -9.52100 -13.59000 -16.42900 -12.10500 -6.76500 -11.43400 -17.95500 -13.74300
92.00000 -24.86200 -23.30500 -14.92300 -20.06000 -20.09100 -19.21600 -14.97400 -11.67800 -10.49800 -14.56700 -13.01100 -9.66400 -6.27600 -12.41000 -10.14200 -9.34900
93.00000 -25.83800 -24.28200 -16.38800 -21.52500 -20.57900 -20.19200 -13.02100 -10.70100 -11.47500 -16.03200 -9.59300 -7.71100 -6.27600 -12.89900 -5.74700 -7.39500
94.00000 -26.81500 -25.25800 -18.34100 -23.47800 -21.55600 -22.14600 -12.53300 -11.19000 -12.45100 -18.47300 -9.10400 -7.22200 -7.25300 -13.38700 -7.70100 -9.83700
95.00000 -28.28000 -26.23500 -20.29400 -24.94300 -22.04400 -24.58700 -13.50900 -11.67800 -12.93900 -19.45000 -11.54600 -9.17600 -8.23000 -13.38700 -14.53700 -15.20800
96.00000 -29.25600 -26.72300 -22.24700 -25.43100 -22.04400 -27.51700 -15.95100 -12.16600 -13.91600 -21.40300 -15.45200 -11.61700 -9.69400 -14.36400 -21.37200 -20.57900
97.00000 -30.23300 -27.70000 -23.71200 -24.94300 -21.55600 -29.95800 -18.88000 -11.67800 -14.40400 -22.38000 -17.89300 -13.08200 -10.67100 -16.31700 -24.30200 -22.53200
98.00000 -31.20900 -28.67600 -24.20000 -23.47800 -20.57900 -30.93500 -20.34500 -10.70100 -15.38100 -24.33300 -17.89300 -12.59400 -11.15900 -18.75800 -22.34900 -22.04400
99.00000 -31.69800 -29.65300 -24.20000 -21.52500 -20.09100 -29.95800 -20.34500 -9.72500 -15.86900 -26.77400 -15.94000 -11.12900 -11.15900 -21.20000 -18.93100 -20.57900
100.00000 -32.18600 -30.14100 -22.73600 -20.54900 -21.06700 -27.51700 -18.88000 -8.74800 -16.35700 -28.23900 -13.49900 -10.15200 -11.64800 -22.66400 -16.97800 -20.09100
101.00000 -31.69800 -29.65300 -21.27100 -20.54900 -22.53200 -26.05200 -17.41500 -9.23700 -15.86900 -28.23900 -12.03400 -10.15200 -12.13600 -23.15300 -16.97800 -19.60200
102.00000 -30.72100 -28.67600 -19.80600 -22.01300 -24.48500 -25.56400 -16.43900 -9.72500 -15.86900 -27.26200 -11.05800 -10.64000 -13.11200 -22.17600 -18.93100 -20.57900
103.00000 -29.25600 -27.21200 -19.31800 -23.47800 -25.95000 -27.51700 -16.43900 -10.70100 -16.84600 -26.77400 -11.05800 -11.12900 -14.08900 -21.68800 -19.90800 -20.57900
104.00000 -27.30300 -26.72300 -19.80600 -24.45500 -26.43800 -29.95800 -17.41500 -10.70100 -18.31100 -27.26200 -11.54600 -11.61700 -14.57700 -21.68800 -20.39600 -20.57900
105.00000 -26.81500 -27.21200 -21.75900 -24.94300 -26.43800 -33.37600 -18.39200 -10.70100 -19.28700 -28.72700 -12.52200 -12.10500 -14.57700 -22.17600 -20.39600 -21.55600
106.00000 -26.81500 -27.70000 -23.71200 -23.96600 -25.95000 -35.32900 -19.85700 -11.19000 -20.26400 -31.16900 -14.47600 -12.59400 -15.06600 -23.15300 -21.86100 -23.02000
107.00000 -27.79100 -28.67600 -24.68900 -22.50200 -24.97400 -35.81700 -21.32200 -11.67800 -20.26400 -32.63300 -17.40500 -14.05800 -15.55400 -24.12900 -23.32600 -23.99700
108.00000 -28.28000 -29.16500 -25.17700 -21.03700 -23.50900 -35.81700 -22.29800 -13.14300 -18.79900 -32.63300 -20.33500 -16.01200 -15.55400 -24.12900 -24.30200 -23.99700
109.00000 -29.25600 -29.65300 -24.68900 -21.03700 -22.04400 -34.84100 -23.27500 -13.63100 -16.84600 -31.65700 -22.28800 -16.98800 -15.55400 -24.61800 -23.32600 -23.50900
110.00000 -30.72100 -30.62900 -24.20000 -22.50200 -21.55600 -33.86400 -23.76300 -14.11900 -15.38100 -30.19200 -21.80000 -16.50000 -16.04200 -24.61800 -21.37200 -22.53200
111.00000 -32.18600 -31.60600 -24.20000 -24.45500 -21.55600 -32.88800 -23.27500 -13.63100 -14.89300 -29.70400 -19.35800 -14.54700 -15.55400 -24.12900 -20.39600 -23.50900
112.00000 -33.16200 -32.09400 -24.68900 -25.92000 -23.02000 -32.39900 -22.78600 -12.65500 -14.89300 -29.21500 -17.40500 -12.10500 -15.06600 -23.64100 -20.88400 -24.48500
113.00000 -33.16200 -32.09400 -25.66500 -26.40800 -24.97400 -32.39900 -22.29800 -12.16600 -14.89300 -29.21500 -15.94000 -11.61700 -14.08900 -22.17600 -21.37200 -25.46200
114.00000 -31.69800 -31.60600 -25.66500 -25.92000 -26.43800 -33.37600 -21.81000 -12.16600 -14.40400 -27.75100 -15.94000 -12.10500 -13.11200 -20.71100 -21.37200 -23.99700
115.00000 -29.74400 -30.62900 -25.17700 -24.45500 -26.92700 -34.35300 -21.81000 -13.14300 -13.91600 -26.77400 -16.91700 -13.57000 -11.15900 -18.75800 -19.90800 -21.06700
116.00000 -27.79100 -30.14100 -24.20000 -23.47800 -25.95000 -35.81700 -22.78600 -14.60800 -13.91600 -25.79800 -18.38200 -15.03500 -10.67100 -18.27000 -17.95500 -18.13800
117.00000 -28.28000 -31.11800 -24.68900 -23.96600 -24.97400 -37.28200 -24.25100 -15.58400 -14.89300 -26.77400 -19.84700 -16.01200 -11.15900 -17.78200 -17.46600 -16.67300
118.00000 -29.74400 -32.58300 -25.17700 -24.45500 -23.99700 -36.30600 -26.20400 -16.56100 -15.38100 -28.23900 -21.80000 -16.98800 -12.13600 -18.75800 -19.90800 -18.62600
119.00000 -32.18600 -34.04700 -26.64200 -25.92000 -23.99700 -33.37600 -27.66900 -17.04900 -15.86900 -29.21500 -22.77600 -17.96500 -13.60100 -19.73500 -23.32600 -22.04400
120.00000 -33.16200 -34.04700 -27.61800 -26.89600 -24.48500 -28.98200 -28.15800 -17.04900 -15.38100 -29.21500 -23.75300 -18.94100 -14.08900 -21.20000 -26.25500 -23.99700
121.00000 -32.67400 -32.58300 -27.13000 -27.38400 -24.97400 -25.07500 -27.18100 -16.56100 -14.40400 -27.75100 -23.26500 -18.45300 -13.60100 -21.68800 -25.76700 -24.48500
122.00000 -30.72100 -29.65300 -25.66500 -26.89600 -24.48500 -23.12200 -24.74000 -15.58400 -13.42800 -26.28600 -22.28800 -17.47600 -12.62400 -22.17600 -22.34900 -23.50900
123.00000 -27.79100 -26.23500 -23.71200 -25.92000 -23.02000 -24.09900 -22.78600 -15.09600 -12.93900 -25.30900 -20.33500 -16.01200 -12.13600 -23.15300 -19.41900 -23.02000
124.00000 -25.83800 -24.28200 -22.73600 -24.94300 -21.55600 -27.02800 -21.32200 -14.60800 -13.42800 -26.28600 -19.35800 -15.03500 -13.11200 -23.64100 -18.44300 -23.99700
125.00000 -25.35000 -24.28200 -23.22400 -23.47800 -20.57900 -29.47000 -22.29800 -15.58400 -14.89300 -28.23900 -20.82300 -16.50000 -15.06600 -25.10600 -21.37200 -25.95000
126.00000 -25.83800 -25.74700 -24.68900 -22.01300 -21.06700 -29.95800 -25.22800 -17.04900 -17.33400 -30.68000 -24.24100 -19.43000 -18.48300 -26.57100 -26.74400 -27.90300
127.00000 -26.32600 -26.72300 -25.66500 -21.03700 -22.04400 -29.47000 -28.64600 -18.51400 -19.28700 -32.14500 -27.17100 -22.84700 -20.92500 -28.03500 -31.62600 -28.88000
128.00000 -25.83800 -27.21200 -25.66500 -20.54900 -23.50900 -28.98200 -30.11100 -18.51400 -20.26400 -33.12200 -28.63600 -23.82400 -21.41300 -28.03500 -33.58000 -28.39200
129.00000 -24.37300 -25.74700 -23.71200 -20.06000 -24.48500 -29.95800 -28.15800 -17.53700 -20.26400 -32.63300 -27.17100 -23.33600 -20.43700 -27.05900 -33.09100 -27.41500
130.00000 -22.90900 -23.79400 -20.29400 -19.57200 -23.50900 -31.42300 -24.25100 -16.07300 -18.79900 -31.65700 -24.24100 -20.89400 -17.99500 -25.59400 -30.16200 -26.92700
131.00000 -21.93200 -22.81700 -18.34100 -19.57200 -22.53200 -31.91100 -21.32200 -15.09600 -17.82200 -31.16900 -21.31100 -19.43000 -16.04200 -23.64100 -26.74400 -26.43800
132.00000 -22.42000 -22.81700 -19.31800 -20.54900 -22.04400 -31.91100 -20.83300 -15.09600 -16.84600 -30.68000 -21.31100 -18.94100 -15.55400 -23.64100 -24.79000 -26.43800
133.00000 -24.37300 -25.74700 -22.73600 -22.01300 -22.04400 -30.93500 -24.25100 -17.04900 -16.84600 -31.16900 -23.75300 -20.40600 -17.01900 -25.10600 -24.30200 -25.95000
134.00000 -27.79100 -28.67600 -27.61800 -24.45500 -23.02000 -31.91100 -29.62200 -19.00200 -17.82200 -33.12200 -26.68300 -21.87100 -18.97200 -28.03500 -25.27900 -26.43800
135.00000 -30.72100 -31.60600 -32.01300 -26.89600 -24.97400 -33.86400 -33.52900 -20.46700 -19.28700 -35.07500 -29.61200 -23.33600 -21.41300 -31.45300 -27.23200 -28.39200
136.00000 -32.18600 -32.58300 -33.47800 -27.87300 -25.95000 -36.30600 -34.01700 -20.46700 -19.77500 -36.54000 -29.61200 -23.33600 -22.39000 -32.91800 -28.69700 -30.34500
137.00000 -31.69800 -31.11800 -32.01300 -26.89600 -24.97400 -37.28200 -32.06400 -19.49100 -19.77500 -36.05100 -27.17100 -22.35900 -21.90100 -31.45300 -29.18500 -31.80900
138.00000 -29.74400 -28.18800 -29.08300 -24.45500 -23.02000 -35.32900 -29.13400 -18.51400 -18.31100 -33.12200 -25.21800 -21.87100 -19.94800 -28.03500 -28.20800 -30.34500
139.00000 -27.30300 -24.77000 -26.15400 -22.01300 -20.57900 -32.39900 -26.69300 -17.53700 -15.86900 -28.72700 -23.26500 -21.38300 -17.01900 -23.64100 -26.25500 -27.41500
140.00000 -24.86200 -22.32900 -23.71200 -20.54900 -18.13800 -29.47000 -25.22800 -17.53700 -14.40400 -25.30900 -22.77600 -21.38300 -15.06600 -20.71100 -24.30200 -23.99700
141.00000 -23.88500 -22.32900 -23.22400 -20.54900 -18.13800 -28.98200 -24.25100 -16.56100 -13.91600 -23.35600 -21.80000 -20.89400 -14.57700 -20.22300 -23.32600 -22.04400
142.00000 -23.88500 -23.79400 -23.22400 -21.52500 -19.60200 -30.44600 -23.27500 -15.09600 -14.89300 -23.35600 -20.82300 -20.40600 -15.55400 -21.68800 -24.30200 -23.02000
143.00000 -25.35000 -26.72300 -24.20000 -23.96600 -22.53200 -33.37600 -22.78600 -14.60800 -16.84600 -25.30900 -20.82300 -20.40600 -17.50700 -24.61800 -25.76700 -25.95000
144.00000 -27.79100 -29.65300 -25.66500 -25.43100 -25.95000 -35.32900 -23.27500 -15.09600 -18.79900 -27.75100 -20.82300 -20.40600 -19.46000 -27.54700 -27.72000 -29.36800
145.00000 -30.72100 -32.58300 -27.61800 -26.40800 -27.41500 -36.30600 -24.74000 -16.56100 -19.77500 -30.68000 -22.77600 -22.35900 -20.92500 -29.98900 -29.18500 -31.32100
146.00000 -32.67400 -34.04700 -29.08300 -25.92000 -26.92700 -35.32900 -26.69300 -18.51400 -19.28700 -32.14500 -25.21800 -23.82400 -21.90100 -31.45300 -30.16200 -31.32100
147.00000 -32.67400 -33.07100 -29.08300 -23.96600 -24.97400 -33.86400 -28.15800 -19.49100 -18.79900 -32.63300 -27.65900 -25.28900 -21.90100 -32.43000 -30.65000 -31.32100
148.00000 -31.20900 -30.14100 -27.61800 -21.03700 -22.04400 -31.42300 -28.15800 -19.49100 -17.82200 -31.65700 -27.65900 -25.28900 -21.41300 -32.43000 -30.16200 -31.32100
149.00000 -28.76800 -26.72300 -25.66500 -18.59500 -20.09100 -28.98200 -26.69300 -18.51400 -16.84600 -30.68000 -25.70600 -23.82400 -20.43700 -31.94200 -29.18500 -31.32100
150.00000 -27.30300 -24.77000 -24.68900 -17.13100 -19.11400 -27.51700 -26.69300 -17.53700 -16.84600 -29.70400 -23.26500 -22.84700 -19.46000 -30.47700 -28.20800 -30.34500
151.00000 -27.30300 -25.25800 -25.17700 -18.10700 -20.57900 -28.00500 -27.18100 -17.53700 -16.84600 -30.19200 -21.80000 -22.35900 -18.97200 -29.98900 -28.20800 -29.36800
152.00000 -28.76800 -27.70000 -27.61800 -20.54900 -22.53200 -31.91100 -29.62200 -19.00200 -18.31100 -32.14500 -23.26500 -23.82400 -19.46000 -30.47700 -30.16200 -28.88000
153.00000 -30.72100 -32.09400 -30.06000 -22.99000 -24.48500 -37.28200 -32.06400 -20.46700 -19.28700 -34.58700 -27.17100 -26.75400 -21.41300 -32.43000 -33.58000 -29.85600
154.00000 -32.18600 -35.02400 -32.01300 -24.45500 -25.46200 -41.67700 -33.04000 -21.93200 -19.77500 -36.05100 -31.56500 -30.17200 -22.87800 -34.38300 -36.99700 -32.29800
155.00000 -32.67400 -35.51200 -32.99000 -24.94300 -25.46200 -42.16500 -33.52900 -22.90900 -18.79900 -36.05100 -34.98300 -32.61300 -23.85500 -35.36000 -38.95100 -35.22700
156.00000 -32.18600 -35.02400 -32.99000 -24.45500 -24.48500 -39.23500 -33.04000 -23.39700 -17.33400 -34.58700 -35.96000 -33.10100 -22.87800 -33.89500 -38.95100 -37.18100
157.00000 -32.67400 -33.55900 -33.47800 -24.45500 -23.50900 -34.84100 -33.04000 -22.90900 -16.84600 -32.63300 -35.96000 -32.12500 -21.90100 -31.45300 -37.97400 -37.18100
158.00000 -33.65100 -32.58300 -33.96600 -24.94300 -23.02000 -31.42300 -33.52900 -22.42000 -16.84600 -31.65700 -34.49500 -30.66000 -20.92500 -29.50000 -36.99700 -35.71600
159.00000 -34.13900 -32.58300 -33.47800 -24.94300 -22.53200 -30.44600 -34.01700 -21.44400 -17.82200 -30.68000 -32.54200 -29.19500 -20.43700 -28.52400 -36.50900 -33.76300
160.00000 -34.13900 -32.09400 -32.01300 -23.96600 -21.55600 -31.42300 -33.52900 -20.95500 -18.31100 -29.70400 -31.56500 -28.21900 -20.43700 -28.52400 -36.50900 -32.29800
161.00000 -31.69800 -30.14100 -29.57200 -22.50200 -20.09100 -30.93500 -32.06400 -20.46700 -17.82200 -27.75100 -31.07700 -28.70700 -20.92500 -28.52400 -36.50900 -31.32100
162.00000 -28.28000 -27.70000 -27.13000 -21.03700 -18.62600 -28.49300 -30.11100 -21.44400 -16.84600 -25.30900 -30.10100 -29.68300 -20.92500 -27.54700 -35.53300 -30.83300
163.00000 -24.37300 -24.77000 -25.17700 -20.54900 -17.64900 -24.09900 -28.64600 -22.42000 -14.89300 -22.38000 -30.58900 -30.66000 -19.94800 -25.10600 -34.06800 -29.36800
164.00000 -22.42000 -21.84000 -24.68900 -21.03700 -16.67300 -20.68100 -29.13400 -24.37300 -14.40400 -20.91500 -31.07700 -31.63700 -18.48300 -22.17600 -33.58000 -28.39200
165.00000 -22.42000 -21.84000 -26.15400 -22.99000 -16.67300 -20.68100 -30.59900 -25.83800 -14.40400 -21.40300 -31.56500 -32.12500 -17.50700 -19.24600 -33.58000 -26.92700
166.00000 -25.35000 -23.30500 -28.59500 -24.94300 -17.64900 -23.61000 -32.55200 -26.32600 -15.86900 -22.86800 -31.56500 -31.14800 -17.01900 -18.27000 -33.58000 -26.43800
167.00000 -28.76800 -25.74700 -31.03600 -25.92000 -18.62600 -26.54000 -33.04000 -25.83800 -17.82200 -24.82100 -30.58900 -29.68300 -17.50700 -19.73500 -33.58000 -26.43800
168.00000 -30.72100 -26.72300 -31.03600 -25.43100 -19.11400 -28.00500 -31.08700 -23.39700 -19.77500 -26.77400 -28.14700 -26.75400 -18.48300 -22.66400 -32.11500 -26.92700
169.00000 -29.25600 -25.25800 -28.59500 -22.99000 -18.13800 -26.54000 -28.15800 -20.46700 -20.75200 -27.75100 -24.72900 -24.80100 -21.41300 -28.03500 -31.13800 -28.88000
170.00000 -24.37300 -21.84000 -24.68900 -19.57200 -17.16100 -23.61000 -24.25100 -18.02600 -21.72900 -27.75100 -21.31100 -23.33600 -23.85500 -32.43000 -30.16200 -31.32100
171.00000 -19.49100 -17.93400 -20.78200 -17.13100 -16.67300 -22.63400 -21.32200 -17.53700 -21.24000 -26.77400 -18.87000 -22.35900 -25.31900 -34.87100 -31.13800 -33.76300
172.00000 -16.07300 -16.46900 -18.82900 -16.64200 -17.16100 -23.61000 -20.83300 -18.02600 -20.75200 -25.79800 -18.87000 -22.84700 -24.83100 -33.89500 -31.62600 -33.27400
173.00000 -15.58400 -17.44600 -18.82900 -18.10700 -19.11400 -24.58700 -20.83300 -19.49100 -18.79900 -23.84400 -19.35800 -22.84700 -21.90100 -29.01200 -30.16200 -29.85600
174.00000 -17.04900 -18.91100 -19.80600 -20.54900 -20.57900 -24.09900 -21.32200 -19.97900 -17.33400 -21.89100 -19.35800 -22.35900 -18.48300 -22.66400 -26.25500 -23.02000
175.00000 -18.02600 -19.39900 -19.31800 -21.52500 -21.55600 -21.16900 -20.83300 -19.00200 -16.35700 -19.93800 -17.89300 -20.40600 -15.06600 -17.78200 -20.39600 -17.16100
176.00000 -17.53700 -18.42200 -16.87600 -20.54900 -21.06700 -18.23900 -17.90400 -17.04900 -16.84600 -19.45000 -15.45200 -18.94100 -14.08900 -15.34000 -16.97800 -14.72000
177.00000 -15.09600 -16.95800 -13.45800 -17.61900 -20.09100 -17.75100 -14.48600 -14.11900 -18.31100 -19.93800 -13.49900 -17.96500 -14.57700 -16.31700 -17.46600 -15.69600
178.00000 -12.65500 -15.49300 -10.04000 -14.68900 -19.11400 -19.70400 -12.04400 -13.14300 -19.28700 -20.91500 -13.98700 -18.94100 -16.04200 -18.27000 -20.88400 -19.11400
179.00000 -11.67800 -14.51600 -9.06400 -12.24800 -19.11400 -22.63400 -12.04400 -13.63100 -19.28700 -20.91500 -15.45200 -20.89400 -17.01900 -19.73500 -23.81400 -21.06700
180.00000 -11.19000 -14.02800 -9.55200 -11.27100 -18.62600 -23.61000 -13.50900 -15.58400 -18.79900 -20.42600 -17.89300 -22.84700 -17.01900 -19.73500 -23.81400 -20.57900
181.00000 -9.72500 -12.56300 -11.01700 -11.75900 -17.64900 -21.16900 -15.46200 -17.53700 -17.33400 -18.96200 -18.38200 -23.82400 -17.01900 -18.75800 -21.86100 -18.13800
182.00000 -8.26000 -10.61000 -11.50500 -12.24800 -16.18400 -16.28600 -15.95100 -18.02600 -16.35700 -17.49700 -17.40500 -23.33600 -17.01900 -18.75800 -18.93100 -17.16100
183.00000 -6.30700 -8.16900 -11.50500 -12.73600 -15.20800 -12.86800 -15.46200 -17.53700 -16.35700 -17.49700 -16.42900 -21.87100 -17.50700 -19.24600 -18.93100 -18.13800
184.00000 -6.30700 -8.65700 -11.50500 -13.22400 -15.69600 -12.38000 -14.97400 -17.04900 -16.84600 -18.47300 -15.45200 -20.89400 -18.48300 -20.22300 -21.86100 -21.55600
185.00000 -9.23700 -12.07500 -11.99300 -14.20100 -18.13800 -15.79800 -15.46200 -16.07300 -17.82200 -20.42600 -16.91700 -20.89400 -18.97200 -20.71100 -25.76700 -24.48500
186.00000 -14.11900 -16.95800 -13.94700 -15.17700 -22.04400 -20.68100 -17.41500 -16.07300 -18.79900 -22.38000 -18.87000 -20.89400 -18.97200 -21.20000 -27.72000 -24.97400
187.00000 -18.02600 -20.86400 -16.38800 -16.64200 -24.48500 -25.07500 -18.88000 -16.56100 -19.77500 -24.82100 -19.35800 -21.38300 -19.46000 -22.66400 -26.25500 -24.48500
188.00000 -19.49100 -22.32900 -17.85300 -17.13100 -24.48500 -27.02800 -20.34500 -17.53700 -19.77500 -26.77400 -18.87000 -21.87100 -20.43700 -25.10600 -23.32600 -23.50900
189.00000 -18.02600 -20.86400 -18.34100 -16.64200 -22.53200 -26.54000 -20.34500 -18.02600 -18.79900 -28.23900 -17.40500 -21.87100 -21.41300 -28.03500 -22.34900 -23.99700
190.00000 -15.09600 -17.93400 -17.36500 -15.17700 -19.60200 -26.05200 -18.88000 -18.02600 -17.82200 -28.23900 -16.42900 -21.87100 -21.41300 -29.50000 -23.81400 -24.97400
191.00000 -12.65500 -16.46900 -16.38800 -14.68900 -18.62600 -26.05200 -18.39200 -17.53700 -16.84600 -27.26200 -16.42900 -21.87100 -20.43700 -29.98900 -27.23200 -26.43800
192.00000 -13.63100 -17.44600 -16.38800 -15.66600 -20.57900 -27.51700 -19.36800 -17.04900 -16.84600 -26.77400 -18.38200 -21.87100 -18.97200 -28.52400 -29.67300 -26.92700
193.00000 -17.04900 -20.37600 -18.82900 -18.59500 -24.97400 -29.47000 -21.81000 -17.04900 -18.79900 -27.26200 -21.80000 -22.35900 -18.97200 -27.54700 -30.65000 -26.43800
194.00000 -21.44400 -24.77000 -21.75900 -21.52500 -29.85600 -30.44600 -25.71600 -18.02600 -21.72900 -28.72700 -24.72900 -23.82400 -19.94800 -27.05900 -29.67300 -25.95000
195.00000 -24.37300 -27.70000 -23.22400 -22.99000 -32.29800 -29.47000 -28.15800 -19.49100 -24.17000 -29.21500 -27.65900 -25.28900 -21.41300 -27.54700 -29.18500 -25.95000
196.00000 -24.37300 -27.70000 -23.22400 -22.99000 -32.29800 -27.02800 -29.13400 -20.95500 -23.68200 -28.23900 -28.63600 -26.75400 -21.90100 -27.54700 -29.67300 -26.43800
197.00000 -21.44400 -25.74700 -20.29400 -19.57200 -30.34500 -24.09900 -27.66900 -20.95500 -21.24000 -26.28600 -28.14700 -27.24200 -20.43700 -26.08200 -30.16200 -26.43800
198.00000 -17.04900 -22.32900 -16.87600 -15.66600 -27.41500 -22.63400 -25.22800 -19.49100 -18.79900 -23.35600 -26.19400 -25.77700 -17.99500 -23.64100 -29.67300 -25.46200
199.00000 -13.63100 -19.39900 -13.94700 -12.24800 -25.46200 -23.61000 -22.78600 -17.53700 -16.84600 -21.89100 -23.26500 -23.82400 -16.04200 -21.20000 -27.72000 -23.99700
200.00000 -12.16600 -18.91100 -13.45800 -11.27100 -24.97400 -25.56400 -22.29800 -16.07300 -16.84600 -22.38000 -22.28800 -22.84700 -16.04200 -20.22300 -26.25500 -23.02000
201.00000 -13.14300 -20.37600 -14.92300 -12.24800 -25.95000 -28.00500 -23.27500 -16.07300 -17.82200 -24.33300 -22.77600 -23.33600 -17.01900 -21.20000 -26.25500 -23.02000
202.00000 -15.58400 -23.30500 -16.87600 -14.68900 -27.90300 -29.47000 -24.74000 -17.53700 -19.28700 -26.77400 -26.19400 -25.77700 -18.48300 -23.15300 -29.67300 -24.97400
203.00000 -18.51400 -26.72300 -18.34100 -17.13100 -29.36800 -30.93500 -26.20400 -19.00200 -20.26400 -28.72700 -29.61200 -28.70700 -19.94800 -25.10600 -34.06800 -27.90300
204.00000 -20.46700 -29.65300 -18.82900 -19.08400 -30.83300 -31.91100 -26.20400 -20.46700 -20.75200 -29.70400 -31.56500 -30.17200 -20.43700 -26.08200 -37.48600 -30.34500
205.00000 -21.93200 -30.14100 -18.82900 -19.57200 -30.83300 -32.88800 -25.22800 -19.97900 -20.75200 -29.21500 -30.58900 -29.68300 -20.43700 -26.57100 -37.48600 -31.32100
206.00000 -21.93200 -28.18800 -19.31800 -19.57200 -29.85600 -32.88800 -24.25100 -19.49100 -20.26400 -29.21500 -27.65900 -27.24200 -19.46000 -25.59400 -34.06800 -28.88000
207.00000 -20.95500 -25.74700 -20.29400 -19.08400 -27.90300 -32.39900 -23.27500 -18.02600 -20.26400 -28.72700 -24.72900 -23.82400 -18.48300 -24.12900 -28.69700 -25.46200
208.00000 -20.46700 -23.30500 -21.75900 -18.10700 -25.46200 -30.93500 -23.27500 -17.53700 -19.28700 -29.21500 -22.28800 -22.35900 -17.50700 -24.12900 -24.79000 -22.53200
209.00000 -19.97900 -22.32900 -22.73600 -17.61900 -23.50900 -29.95800 -23.76300 -18.02600 -18.79900 -30.19200 -22.77600 -21.87100 -17.99500 -25.10600 -23.81400 -21.55600
210.00000 -20.46700 -23.79400 -23.71200 -17.61900 -23.02000 -30.93500 -24.74000 -19.00200 -18.79900 -31.16900 -23.75300 -23.33600 -18.97200 -28.03500 -25.27900 -23.02000
211.00000 -21.44400 -25.74700 -24.20000 -18.59500 -23.99700 -32.88800 -26.20400 -20.46700 -19.77500 -32.63300 -25.21800 -24.80100 -19.94800 -30.96500 -27.23200 -25.46200
212.00000 -22.90900 -28.18800 -24.20000 -20.06000 -26.92700 -35.32900 -27.66900 -22.42000 -20.75200 -34.09800 -25.70600 -26.26500 -21.41300 -32.91800 -28.69700 -26.43800
213.00000 -23.88500 -29.65300 -24.68900 -22.01300 -29.85600 -36.79400 -29.62200 -24.37300 -22.21700 -35.07500 -25.70600 -27.24200 -22.39000 -32.91800 -29.67300 -27.41500
214.00000 -24.86200 -30.14100 -25.66500 -23.47800 -32.78600 -37.28200 -31.08700 -25.83800 -22.70500 -36.05100 -26.19400 -28.21900 -22.39000 -32.91800 -31.13800 -28.88000
215.00000 -24.37300 -30.14100 -26.15400 -23.96600 -33.76300 -35.32900 -32.06400 -26.81500 -23.19300 -37.02800 -28.63600 -29.68300 -22.87800 -33.89500 -35.04400 -31.80900
216.00000 -23.88500 -28.18800 -26.15400 -23.47800 -33.27400 -32.88800 -32.55200 -26.81500 -22.70500 -37.51600 -31.07700 -32.12500 -23.85500 -35.36000 -39.92700 -36.20400
217.00000 -21.93200 -25.74700 -25.17700 -22.50200 -30.34500 -29.95800 -32.55200 -25.83800 -21.72900 -36.54000 -33.03000 -33.59000 -24.83100 -36.33600 -43.83300 -39.13400
218.00000 -19.49100 -22.32900 -23.22400 -20.54900 -26.43800 -27.51700 -32.06400 -24.86200 -20.75200 -35.07500 -33.03000 -34.07800 -24.83100 -35.36000 -43.83300 -38.15700
219.00000 -16.56100 -19.39900 -21.75900 -19.08400 -23.02000 -25.07500 -31.57600 -24.37300 -19.28700 -32.63300 -31.07700 -33.10100 -23.85500 -31.94200 -40.41500 -33.76300
220.00000 -13.63100 -15.98100 -20.78200 -18.59500 -21.06700 -23.61000 -31.57600 -24.37300 -18.79900 -30.68000 -30.10100 -31.63700 -21.90100 -28.52400 -36.02100 -28.39200
221.00000 -10.70100 -13.54000 -20.78200 -19.08400 -20.57900 -22.63400 -32.55200 -25.35000 -18.79900 -30.19200 -31.07700 -31.63700 -21.41300 -27.54700 -34.06800 -26.92700
222.00000 -8.74800 -11.58700 -22.24700 -19.57200 -21.55600 -22.14600 -35.48200 -27.30300 -19.77500 -32.14500 -34.00700 -33.10100 -23.36600 -29.98900 -36.02100 -30.34500
223.00000 -6.30700 -8.16900 -23.71200 -20.54900 -22.04400 -21.65700 -38.41100 -28.76800 -21.72900 -34.58700 -38.40100 -35.54300 -26.78400 -35.84800 -40.41500 -36.69200
224.00000 -1.42400 -2.79700 -24.20000 -21.03700 -21.06700 -19.21600 -40.85300 -29.74400 -22.21700 -36.54000 -41.81900 -38.47200 -29.71400 -41.21900 -44.32200 -42.55200
225.00000 6.38800 5.99200 -22.73600 -20.54900 -18.13800 -13.84500 -41.82900 -30.23300 -21.24000 -36.05100 -42.30800 -39.44900 -31.17900 -43.66000 -45.78700 -44.99300
226.00000 16.64200 17.22200 -18.82900 -19.08400 -13.74300 -7.49700 -40.36500 -29.74400 -19.28700 -34.58700 -40.35400 -38.47200 -30.20200 -42.19600 -45.29800 -43.52800
227.00000 27.38400 27.96400 -13.94700 -16.64200 -7.88400 -0.66100 -38.41100 -29.25600 -17.33400 -32.14500 -38.89000 -38.47200 -28.73700 -39.75400 -45.29800 -41.08700
228.00000 37.15000 37.73000 -9.06400 -13.71300 -3.48900 3.24500 -36.45800 -29.74400 -16.84600 -30.19200 -39.86600 -39.44900 -27.76100 -38.28900 -47.25100 -41.08700
229.00000 46.42700 45.05400 -4.18100 -10.78300 -1.04800 4.71000 -35.48200 -31.20900 -17.82200 -30.68000 -43.77200 -42.86700 -29.71400 -40.73100 -52.13400 -44.99300
230.00000 55.70500 51.89000 0.21400 -7.85300 0.41700 5.19800 -35.48200 -32.18600 -20.26400 -32.14500 -48.65500 -47.26200 -33.62000 -45.12500 -58.48200 -50.85200
231.00000 65.95900 60.19100 5.09600 -4.43500 0.90500 7.15100 -35.48200 -32.67400 -22.21700 -33.61000 -51.58500 -50.68000 -37.03800 -48.54300 -62.38800 -55.73500
232.00000 77.67700 70.44500 10.46800 -1.01700 1.88200 11.54600 -34.01700 -31.20900 -23.19300 -34.09800 -50.60800 -50.68000 -38.50300 -50.49600 -62.38800 -56.71200
233.00000 87.93100 80.69900 15.35000 2.40100 4.32300 17.40500 -31.57600 -28.28000 -22.70500 -33.61000 -46.21400 -47.75000 -38.01500 -48.54300 -58.97000 -54.27000
234.00000 95.74400 89.97600 17.79200 4.84200 8.71800 23.75300 -29.62200 -25.83800 -21.24000 -31.65700 -41.33100 -44.33200 -36.06200 -45.61400 -54.08700 -49.38800
235.00000 100.62700 97.30000 17.79200 6.30700 13.60100 28.14700 -29.13400 -24.37300 -19.77500 -30.19200 -38.89000 -42.37900 -34.59700 -43.66000 -50.66900 -46.94600
236.00000 103.55600 103.16000 16.32700 5.81900 17.99500 31.07700 -30.11100 -24.86200 -18.79900 -28.72700 -39.86600 -42.86700 -34.59700 -42.68400 -50.18100 -46.45800
237.00000 106.48600 107.55400 15.35000 4.84200 21.41300 33.03000 -32.06400 -26.32600 -18.79900 -28.23900 -43.28400 -44.82000 -35.08500 -43.17200 -51.64600 -47.92300
238.00000 109.90400 110.97200 15.83900 3.86600 21.90100 33.03000 -34.50500 -28.28000 -19.28700 -29.70400 -46.70200 -46.77300 -36.06200 -44.63700 -55.06400 -50.36400
239.00000 112.83400 111.46000 16.32700 3.86600 20.43700 31.07700 -36.45800 -29.25600 -21.24000 -32.14500 -49.14300 -48.72600 -37.52600 -47.56700 -58.48200 -53.29400
240.00000 113.81000 109.99600 16.81500 3.37700 17.01900 27.17100 -37.92300 -28.76800 -23.19300 -37.02800 -50.60800 -49.70300 -39.96800 -52.45000 -61.90000 -55.73500
241.00000 112.34500 106.57800 16.32700 3.37700 13.60100 21.80000 -39.38800 -28.28000 -26.12300 -42.39900 -52.07300 -51.65600 -42.89800 -58.30900 -65.80600 -59.15300
242.00000 111.36900 105.11300 15.35000 3.86600 12.13600 19.35800 -40.36500 -28.28000 -27.58800 -45.81700 -53.53800 -53.60900 -45.82700 -63.19200 -68.73600 -62.57100
243.00000 111.85700 107.06600 14.86200 4.35400 12.62400 20.33500 -40.85300 -28.28000 -27.58800 -46.79400 -55.97900 -54.58600 -47.29200 -65.14500 -70.20100 -64.52400
244.00000 115.76300 111.94900 14.86200 4.35400 14.57700 25.21800 -40.85300 -29.25600 -26.12300 -44.84000 -56.46800 -54.09700 -46.80400 -63.19200 -69.22400 -64.52400
245.00000 120.64600 117.80800 15.83900 4.35400 17.50700 30.58900 -40.36500 -29.74400 -23.68200 -41.42300 -55.97900 -52.14400 -44.85100 -58.79700 -67.27100 -63.54800
246.00000 124.55200 121.22600 15.83900 3.86600 19.46000 33.51800 -40.36500 -30.72100 -22.70500 -38.98100 -55.49100 -50.68000 -42.89800 -55.37900 -66.29400 -63.05900
247.00000 125.04100 120.24900 14.86200 2.88900 19.94800 33.03000 -41.34100 -31.69800 -22.21700 -38.49300 -55.49100 -50.68000 -42.89800 -54.89100 -68.24700 -64.52400
248.00000 122.59900 116.34300 12.90900 1.42400 18.48300 30.10100 -43.29400 -32.67400 -22.70500 -39.95800 -56.95600 -52.63300 -44.36200 -57.33200 -72.15400 -67.45400
249.00000 118.69300 111.94900 10.46800 -0.04100 16.53000 26.68300 -45.73600 -33.16200 -23.19300 -40.93400 -58.90900 -54.09700 -46.31600 -59.77400 -75.57200 -69.89500
250.00000 115.76300 108.53100 8.51400 -0.52900 14.08900 24.24100 -46.71200 -33.16200 -22.70500 -41.91100 -59.39700 -55.07400 -45.82700 -59.77400 -76.06000 -69.89500
251.00000 113.81000 107.06600 8.02600 -0.52900 12.13600 22.77600 -46.71200 -31.69800 -22.21700 -41.91100 -58.90900 -53.60900 -43.87400 -57.33200 -73.61900 -66.96600
252.00000 113.32200 107.06600 7.53800 0.44800 11.15900 21.31100 -46.22400 -30.72100 -21.72900 -41.42300 -57.93300 -51.65600 -40.45600 -53.91400 -69.71200 -62.08300
253.00000 114.29900 108.04200 7.53800 1.91200 11.15900 19.84700 -46.22400 -30.23300 -22.70500 -40.93400 -57.44400 -50.68000 -38.50300 -52.45000 -67.27100 -58.66500
254.00000 116.25200 109.50700 9.00300 3.86600 12.13600 20.33500 -46.71200 -29.74400 -23.68200 -40.93400 -57.93300 -50.19100 -38.01500 -52.93800 -66.29400 -57.20000
255.00000 118.20500 110.97200 10.95600 5.81900 14.08900 22.77600 -45.73600 -29.25600 -24.17000 -40.44600 -57.44400 -50.19100 -38.01500 -54.40300 -66.29400 -58.66500
256.00000 119.18100 112.92500 13.39700 6.79500 16.04200 26.68300 -43.29400 -27.79100 -23.68200 -38.49300 -55.00300 -49.21500 -38.50300 -55.37900 -65.31800 -60.13000
