1.00000 -10.37600 -11.62700 -6.26600 -7.49700 -11.12900 -12.49200 -4.58800 -1.31200 -5.12700 -13.97700 -12.77700 -4.40500 -7.54800 -11.46400 -16.87600 -13.47900
2.00000 -11.84100 -13.09200 -7.24300 -7.98500 -13.08200 -12.49200 -4.58800 -0.33600 -6.10400 -11.53600 -6.91700 -1.47500 -4.61800 -9.02300 -12.97000 -10.06100
3.00000 -13.30600 -13.58000 -8.21900 -8.47400 -14.05800 -11.51500 -4.58800 1.12900 -7.56800 -9.58300 -0.08100 1.45500 -1.68900 -7.55800 -7.11100 -6.15400
4.00000 -13.79400 -13.58000 -9.19600 -8.96200 -14.05800 -10.05000 -4.58800 2.10600 -7.08000 -7.62900 2.84800 3.89600 0.26400 -6.58200 -1.74000 -2.73600
5.00000 -13.79400 -13.09200 -8.70800 -8.96200 -13.08200 -8.58600 -5.07600 2.59400 -6.10400 -5.18800 1.38300 4.38400 0.75300 -5.60500 1.19000 -0.78300
6.00000 -12.81700 -11.13900 -7.73100 -8.96200 -11.12900 -6.63200 -5.56400 2.10600 -5.12700 -2.74700 -1.05800 4.38400 0.26400 -5.11700 2.16700 0.68200
7.00000 -11.35300 -8.69800 -7.24300 -9.93900 -9.17600 -5.65600 -6.05300 1.61700 -3.66200 -0.79300 -0.08100 4.87300 -0.22400 -3.65200 2.65500 2.14600
8.00000 -9.88800 -6.25600 -7.73100 -10.42700 -7.71100 -4.67900 -5.56400 0.64100 -3.17400 -0.79300 4.31300 6.82600 0.75300 -2.18700 4.12000 4.10000
9.00000 -8.91100 -5.28000 -8.70800 -10.91500 -7.22200 -4.67900 -4.58800 -0.33600 -3.66200 -3.23500 10.17300 8.77900 1.72900 -0.23400 6.07300 5.07600
10.00000 -9.39900 -5.28000 -8.21900 -11.40300 -8.19900 -5.16800 -4.10000 -1.31200 -4.15000 -7.62900 11.63700 9.26700 2.70600 0.74300 7.53800 5.56400
11.00000 -10.86400 -7.23300 -6.26600 -10.42700 -8.68700 -5.65600 -4.10000 -1.80100 -4.15000 -11.04700 7.24300 7.80200 2.21800 0.25400 8.02600 5.07600
12.00000 -12.32900 -9.18600 -3.82500 -9.45000 -8.68700 -5.16800 -5.56400 -1.31200 -3.66200 -11.04700 -0.57000 5.84900 0.75300 -1.21100 6.56100 4.10000
13.00000 -12.81700 -10.16200 -1.87200 -8.47400 -7.71100 -4.19100 -7.02900 -1.31200 -2.68600 -7.14100 -6.42900 4.38400 -0.22400 -2.67500 6.07300 4.10000
14.00000 -12.32900 -9.67400 -4.31300 -9.45000 -6.24600 -2.23800 -8.00600 -1.31200 -1.70900 -1.28200 -7.40600 4.38400 -0.22400 -2.67500 6.07300 4.58800
15.00000 -10.86400 -8.69800 -9.19600 -9.93900 -4.78100 -0.28500 -7.51700 -1.80100 -0.73200 3.11300 -3.49900 5.36100 0.75300 -0.72200 6.07300 5.07600
16.00000 -8.91100 -6.74400 -14.56700 -11.40300 -4.29300 0.69200 -6.54100 -2.77700 -0.24400 3.11300 1.38300 5.84900 1.72900 2.20700 5.09600 4.58800
17.00000 -7.44600 -4.79100 -16.03200 -11.89200 -4.29300 0.69200 -6.05300 -3.75400 -0.24400 -1.28200 2.36000 4.87300 0.75300 4.16100 2.65500 2.14600
18.00000 -6.47000 -3.81500 -12.61400 -11.40300 -5.26900 0.69200 -6.05300 -4.24200 -0.24400 -6.16500 0.40700 2.92000 -1.68900 4.64900 -0.76300 -1.27200
19.00000 -5.98100 -2.83800 -6.75500 -9.93900 -5.26900 0.20300 -6.05300 -4.24200 -1.22100 -7.62900 -4.47600 0.47800 -5.59500 -2.18700 -4.66900 -5.66600
20.00000 -5.98100 -2.83800 -2.84800 -8.47400 -4.29300 1.18000 -6.05300 -3.75400 -2.68600 -3.72300 -8.87000 -1.96300 -9.01300 -9.02300 -7.11100 -9.08400
21.00000 -5.98100 -3.32600 -3.33700 -7.98500 -2.82800 3.13300 -6.05300 -2.77700 -3.66200 4.08900 -11.31200 -3.42800 -11.94300 -15.85900 -8.08700 -11.52500
22.00000 -6.47000 -4.30300 -7.24300 -8.47400 -1.85100 3.62100 -7.51700 -3.75400 -4.15000 9.46000 -11.80000 -5.38100 -12.91900 -19.27700 -10.04000 -13.96700
23.00000 -8.42300 -5.28000 -11.63700 -9.45000 -1.85100 2.64500 -10.44700 -4.73000 -3.66200 7.99600 -11.80000 -6.84600 -12.91900 -18.78900 -12.48200 -15.92000
24.00000 -9.88800 -6.74400 -12.12600 -9.45000 -2.34000 0.20300 -13.86500 -6.19500 -2.19700 0.18300 -12.28800 -8.31100 -11.94300 -14.39400 -16.38800 -17.38500
25.00000 -10.37600 -7.23300 -8.70800 -8.47400 -3.31600 -2.23800 -16.30700 -6.19500 -0.73200 -9.09400 -13.26500 -8.79900 -10.47800 -9.02300 -19.31800 -18.36100
26.00000 -8.42300 -6.74400 -2.84800 -5.54400 -2.82800 -2.72600 -14.35300 -4.24200 0.73200 -13.97700 -12.28800 -6.84600 -8.52500 -4.14000 -19.80600 -17.87300
27.00000 -5.00500 -4.79100 2.03500 -3.10300 -1.85100 -0.77300 -9.47100 -1.80100 0.24400 -11.04700 -9.84700 -4.40500 -6.57100 -1.69900 -18.34100 -16.40800
28.00000 -2.07500 -3.32600 3.01100 -1.14900 -0.87500 1.66800 -3.61100 1.12900 -0.73200 -3.23500 -6.42900 -0.98700 -5.10700 -1.69900 -15.90000 -14.45500
29.00000 -2.07500 -3.32600 0.08100 -1.14900 -1.36300 2.64500 -0.19300 2.10600 -2.19700 4.08900 -3.98800 0.96600 -4.13000 -2.67500 -13.94700 -12.99000
30.00000 -4.51700 -4.79100 -5.29000 -3.59100 -3.31600 2.15700 -1.65800 1.61700 -3.66200 5.55400 -3.49900 1.45500 -3.15300 -4.14000 -12.97000 -12.01400
31.00000 -7.93500 -6.74400 -8.70800 -6.52100 -4.78100 0.20300 -5.56400 0.15300 -2.68600 0.67100 -4.96400 1.94300 -2.66500 -4.62800 -11.01700 -11.52500
32.00000 -10.37600 -8.20900 -10.17300 -8.47400 -5.75800 -2.72600 -10.44700 -1.31200 -1.22100 -5.67600 -5.45200 2.92000 -2.17700 -4.62800 -8.57500 -11.03700
33.00000 -11.35300 -9.67400 -9.68400 -8.96200 -5.26900 -4.67900 -12.88900 -1.31200 0.73200 -9.58300 -4.96400 4.38400 -2.17700 -4.62800 -6.13400 -10.54900
34.00000 -11.84100 -11.13900 -7.73100 -8.96200 -5.26900 -5.65600 -12.88900 -0.82400 0.73200 -9.58300 -3.49900 5.36100 -2.17700 -5.60500 -4.66900 -10.54900
35.00000 -12.81700 -13.09200 -7.24300 -8.96200 -5.75800 -7.12100 -11.91200 -0.33600 -0.24400 -6.65300 -3.49900 5.84900 -3.15300 -6.09300 -6.62200 -11.52500
36.00000 -14.28200 -14.55700 -7.24300 -8.96200 -8.19900 -8.58600 -11.42400 -0.82400 -3.17400 -4.21100 -5.94100 4.38400 -4.13000 -7.55800 -10.04000 -12.99000
37.00000 -15.74700 -15.04500 -7.73100 -9.93900 -10.64000 -11.02700 -11.42400 -2.28900 -5.61500 -3.23500 -9.84700 2.92000 -5.59500 -8.53500 -12.48200 -13.47900
38.00000 -14.77100 -14.06900 -7.24300 -9.93900 -12.59400 -12.49200 -11.42400 -2.77700 -7.56800 -4.21100 -12.77700 1.94300 -7.06000 -10.48800 -11.99300 -13.47900
39.00000 -12.32900 -12.11500 -6.26600 -8.96200 -13.08200 -12.49200 -9.95900 -2.77700 -8.05700 -5.18800 -11.80000 2.43100 -8.03600 -12.92900 -8.08700 -12.01400
40.00000 -9.88800 -10.16200 -5.29000 -7.98500 -12.10500 -11.51500 -8.98200 -1.80100 -8.05700 -6.16500 -8.38200 3.89600 -8.52500 -14.88200 -3.69300 -10.54900
41.00000 -7.93500 -9.67400 -3.82500 -7.49700 -11.61700 -10.53900 -8.00600 -0.82400 -7.56800 -7.14100 -3.98800 4.87300 -8.03600 -15.85900 -1.25100 -9.57200
42.00000 -8.91100 -10.65100 -4.31300 -8.47400 -11.61700 -11.02700 -8.00600 -0.33600 -7.08000 -10.55900 -2.03500 4.87300 -8.03600 -16.34700 -1.74000 -9.08400
43.00000 -10.86400 -12.60400 -4.80100 -9.45000 -12.10500 -11.51500 -8.49400 -1.31200 -7.08000 -15.44200 -2.52300 3.89600 -8.03600 -14.88200 -3.69300 -9.57200
44.00000 -12.81700 -13.58000 -5.77800 -10.42700 -12.59400 -12.49200 -8.98200 -2.28900 -7.08000 -20.81300 -5.45200 1.94300 -9.01300 -15.85900 -6.13400 -11.03700
45.00000 -13.30600 -14.06900 -6.26600 -9.93900 -12.10500 -12.98000 -8.00600 -2.77700 -6.10400 -22.76600 -8.38200 -0.01000 -10.96600 -18.30000 -9.55200 -13.47900
46.00000 -12.81700 -13.09200 -6.75500 -8.96200 -10.64000 -12.49200 -6.54100 -2.28900 -5.12700 -19.83600 -10.82400 -1.96300 -12.91900 -21.71800 -12.97000 -17.38500
47.00000 -12.81700 -12.60400 -7.73100 -7.98500 -8.68700 -11.51500 -6.54100 -1.31200 -5.12700 -13.00000 -11.80000 -3.42800 -15.36100 -24.64800 -17.36500 -20.80300
48.00000 -13.79400 -13.58000 -9.19600 -7.49700 -7.71100 -11.51500 -8.49400 -0.33600 -5.61500 -4.70000 -12.28800 -3.42800 -15.84900 -25.13600 -18.82900 -21.77900
49.00000 -15.74700 -15.53300 -12.12600 -8.47400 -8.19900 -12.00400 -11.91200 0.64100 -6.10400 0.67100 -11.80000 -2.45200 -15.36100 -23.18300 -15.90000 -18.36100
50.00000 -18.18800 -16.99800 -15.05500 -9.93900 -9.66400 -12.49200 -14.35300 0.64100 -6.59200 0.18300 -11.31200 -0.01000 -12.91900 -19.27700 -10.52900 -12.99000
51.00000 -19.16500 -17.48700 -17.00800 -10.91500 -10.64000 -12.98000 -14.84200 0.15300 -6.59200 -4.21100 -9.84700 2.92000 -10.47800 -15.37100 -4.18100 -7.13100
52.00000 -19.16500 -16.99800 -17.98500 -12.38000 -11.61700 -13.46800 -12.88900 -1.31200 -5.12700 -10.07100 -8.87000 3.89600 -7.54800 -12.44100 -0.76300 -4.20100
53.00000 -18.18800 -16.02200 -17.98500 -13.84500 -11.12900 -12.98000 -10.93500 -2.77700 -3.17400 -13.97700 -7.40600 3.40800 -5.10700 -10.48800 -1.74000 -5.17800
54.00000 -16.72400 -15.53300 -17.49700 -14.82100 -11.12900 -12.98000 -10.44700 -4.24200 -2.19700 -13.48900 -7.40600 2.43100 -4.13000 -10.48800 -5.15700 -7.61900
55.00000 -15.74700 -15.53300 -16.03200 -15.31000 -11.12900 -13.46800 -11.42400 -5.21900 -2.19700 -10.07100 -7.89400 0.96600 -4.13000 -11.46400 -8.08700 -9.57200
56.00000 -15.25900 -15.53300 -13.59000 -14.33300 -12.10500 -13.95700 -11.91200 -4.24200 -3.66200 -7.14100 -9.35900 0.47800 -4.61800 -13.41800 -8.57500 -9.57200
57.00000 -14.77100 -15.53300 -11.63700 -12.38000 -13.08200 -14.44500 -10.44700 -2.28900 -5.12700 -6.65300 -10.33500 1.45500 -4.61800 -14.88200 -7.59900 -8.10800
58.00000 -14.28200 -14.55700 -10.66100 -10.42700 -13.57000 -14.44500 -8.00600 -0.82400 -5.61500 -10.55900 -10.33500 2.43100 -4.13000 -15.85900 -7.11100 -7.61900
59.00000 -14.28200 -14.06900 -11.63700 -9.45000 -13.08200 -13.95700 -5.56400 -0.33600 -5.12700 -15.44200 -8.87000 2.92000 -3.15300 -15.37100 -7.11100 -8.10800
60.00000 -14.28200 -13.58000 -14.56700 -10.42700 -12.59400 -13.46800 -6.54100 -0.82400 -4.63900 -17.39500 -7.40600 2.92000 -2.17700 -13.41800 -7.59900 -9.08400
61.00000 -13.79400 -13.09200 -17.00800 -11.89200 -12.10500 -13.46800 -11.42400 -2.77700 -4.63900 -14.95400 -6.91700 2.43100 -1.20000 -11.46400 -7.59900 -9.08400
62.00000 -12.81700 -12.11500 -16.52000 -12.86800 -12.10500 -12.98000 -16.79500 -4.24200 -5.61500 -7.62900 -8.38200 1.45500 -0.22400 -9.51100 -5.64600 -7.13100
63.00000 -11.84100 -10.65100 -14.56700 -12.86800 -11.61700 -11.51500 -20.21300 -4.73000 -6.59200 -1.28200 -11.31200 0.47800 0.75300 -9.02300 -4.66900 -4.69000
64.00000 -10.37600 -9.18600 -10.66100 -11.40300 -10.64000 -10.05000 -19.23600 -4.24200 -6.59200 1.16000 -13.75300 -0.01000 1.72900 -9.02300 -5.15700 -3.71300
65.00000 -9.39900 -9.18600 -7.73100 -9.45000 -9.66400 -8.58600 -15.33000 -2.28900 -5.61500 -2.25800 -13.75300 0.47800 1.24100 -9.51100 -7.59900 -4.69000
66.00000 -8.91100 -10.65100 -6.26600 -7.49700 -9.17600 -8.58600 -10.44700 -0.33600 -4.15000 -8.11800 -10.82400 1.45500 0.75300 -9.51100 -9.55200 -6.64300
67.00000 -10.37600 -13.09200 -6.26600 -7.00900 -9.17600 -10.05000 -8.00600 1.61700 -3.17400 -13.97700 -7.40600 2.92000 0.26400 -9.51100 -8.57500 -8.10800
68.00000 -13.30600 -15.53300 -8.70800 -7.49700 -9.66400 -11.02700 -9.47100 1.61700 -3.17400 -15.44200 -4.47600 4.87300 0.26400 -9.02300 -5.15700 -8.10800
69.00000 -15.74700 -16.51000 -12.12600 -8.96200 -10.15200 -11.02700 -11.42400 0.64100 -3.17400 -13.00000 -2.52300 6.33700 0.75300 -8.53500 -1.25100 -5.66600
70.00000 -16.72400 -16.02200 -14.56700 -10.42700 -9.17600 -8.58600 -12.88900 -0.82400 -2.68600 -8.60600 -1.05800 6.82600 2.21800 -7.55800 0.21400 -4.69000
71.00000 -16.23500 -14.06900 -14.07900 -11.40300 -7.22200 -4.67900 -10.44700 -2.28900 -0.73200 -4.21100 0.40700 6.82600 3.19400 -6.09300 -2.22800 -4.69000
72.00000 -14.28200 -12.11500 -10.66100 -10.91500 -5.26900 -1.26100 -6.05300 -2.28900 1.22100 -2.25800 1.38300 6.82600 2.21800 -4.62800 -6.13400 -7.13100
73.00000 -11.84100 -10.16200 -5.29000 -9.45000 -4.29300 0.69200 -1.65800 -0.82400 1.70900 -1.28200 1.38300 6.82600 0.26400 -5.11700 -8.57500 -9.57200
74.00000 -10.86400 -9.67400 -0.89500 -7.98500 -4.29300 0.69200 -0.19300 2.10600 0.24400 -1.28200 -0.08100 7.80200 -2.17700 -9.02300 -8.08700 -10.54900
75.00000 -12.32900 -9.67400 -1.38300 -7.49700 -5.75800 -0.77300 -1.17000 4.54700 -3.17400 -3.72300 -3.01100 8.77900 -5.10700 -14.39400 -5.15700 -11.52500
76.00000 -14.77100 -10.65100 -5.29000 -7.49700 -7.22200 -2.72600 -3.61100 5.52400 -5.61500 -7.14100 -5.45200 9.26700 -6.08300 -19.27700 -3.20400 -11.52500
77.00000 -16.72400 -11.62700 -9.19600 -7.98500 -7.71100 -4.67900 -4.10000 6.01200 -6.59200 -12.02400 -6.42900 9.75500 -6.57100 -20.74200 -3.69300 -12.50200
78.00000 -17.21200 -13.58000 -9.68400 -7.98500 -8.19900 -7.12100 -1.65800 5.03500 -6.10400 -15.93000 -4.96400 9.26700 -5.59500 -18.78900 -6.62200 -14.45500
79.00000 -16.72400 -15.53300 -6.26600 -8.47400 -9.17600 -10.05000 1.76000 3.57100 -5.12700 -15.44200 -2.52300 9.26700 -5.10700 -15.37100 -9.06400 -15.92000
80.00000 -16.72400 -17.97500 -1.38300 -9.45000 -11.61700 -12.98000 3.71300 2.10600 -5.12700 -11.04700 -0.57000 9.26700 -5.10700 -14.39400 -9.55200 -15.92000
81.00000 -18.18800 -20.41600 0.08100 -11.40300 -14.54700 -14.93300 1.76000 2.10600 -5.61500 -5.18800 -0.08100 10.24400 -5.10700 -15.37100 -7.59900 -13.47900
82.00000 -20.63000 -21.39300 -4.80100 -13.84500 -16.98800 -15.91000 -3.61100 2.10600 -6.59200 -1.28200 -0.08100 10.73200 -5.59500 -17.81200 -5.64600 -11.52500
83.00000 -22.58300 -22.36900 -13.10200 -15.79800 -18.45300 -15.42200 -8.49400 1.61700 -6.59200 -2.74700 -1.05800 10.24400 -5.10700 -18.30000 -5.64600 -10.54900
84.00000 -23.56000 -21.88100 -18.47300 -16.77400 -18.94100 -14.93300 -9.95900 1.61700 -5.61500 -9.09400 -2.03500 8.77900 -3.64200 -16.34700 -7.11100 -11.03700
85.00000 -23.07100 -21.88100 -18.96200 -16.77400 -18.94100 -15.42200 -7.51700 0.64100 -4.15000 -16.90700 -2.03500 7.31400 -1.20000 -11.95300 -8.57500 -11.52500
86.00000 -21.60600 -21.88100 -14.07900 -15.79800 -19.43000 -15.91000 -3.61100 -0.33600 -3.66200 -22.27800 -1.54600 6.33700 1.24100 -8.04600 -8.08700 -10.06100
87.00000 -20.63000 -21.88100 -9.19600 -15.31000 -20.40600 -16.39800 -1.65800 -0.82400 -3.66200 -22.76600 -1.54600 6.33700 3.19400 -6.09300 -4.66900 -7.61900
88.00000 -18.67700 -20.90500 -7.73100 -14.82100 -20.89400 -16.39800 -2.14600 -1.31200 -5.12700 -17.88300 -2.52300 6.33700 3.68200 -6.09300 -1.25100 -4.20100
89.00000 -16.23500 -17.48700 -10.17300 -13.84500 -19.91800 -15.42200 -2.14600 -1.31200 -7.08000 -10.07100 -4.47600 6.82600 2.70600 -7.55800 1.19000 -2.24800
90.00000 -12.32900 -12.60400 -11.14900 -11.89200 -18.45300 -14.44500 0.29500 -0.33600 -9.03300 -2.74700 -5.94100 6.33700 0.26400 -10.00000 0.70200 -2.24800
91.00000 -7.93500 -7.72100 -8.21900 -8.96200 -16.50000 -13.95700 5.17800 0.64100 -10.98600 0.67100 -6.42900 5.84900 -2.17700 -12.44100 -0.76300 -3.71300
92.00000 -5.49300 -5.76800 -2.36000 -7.00900 -15.03500 -14.44500 9.57200 1.61700 -11.96300 -0.30500 -5.94100 5.36100 -3.64200 -13.90600 -3.20400 -5.66600
93.00000 -6.47000 -7.23300 1.54600 -6.52100 -15.03500 -15.91000 9.08400 2.10600 -10.98600 -6.16500 -4.96400 4.87300 -3.15300 -13.90600 -5.15700 -7.13100
94.00000 -9.39900 -11.62700 -0.40700 -8.47400 -15.03500 -17.37500 3.22500 1.12900 -8.05700 -13.00000 -4.47600 3.89600 -0.71200 -11.46400 -6.62200 -7.13100
95.00000 -14.28200 -16.51000 -8.70800 -12.38000 -16.01200 -18.35100 -5.07600 -1.31200 -4.63900 -18.37200 -5.45200 2.43100 2.21800 -6.58200 -7.11100 -6.15400
96.00000 -16.72400 -19.44000 -17.49700 -15.79800 -16.01200 -18.35100 -10.93500 -3.75400 -1.22100 -18.86000 -5.94100 1.45500 3.68200 -3.16400 -7.11100 -4.69000
97.00000 -16.72400 -18.46300 -19.93800 -16.77400 -16.01200 -16.39800 -10.93500 -5.21900 -0.24400 -15.44200 -4.47600 1.94300 3.19400 -3.16400 -5.15700 -3.71300
98.00000 -13.79400 -15.53300 -15.54400 -15.31000 -14.54700 -12.98000 -7.02900 -5.21900 -2.19700 -9.09400 -0.57000 3.89600 0.75300 -7.55800 -2.22800 -2.73600
99.00000 -9.88800 -11.13900 -6.26600 -12.86800 -13.57000 -9.56200 -2.14600 -2.28900 -4.15000 -3.23500 4.31300 6.33700 -1.20000 -12.92900 0.21400 -3.22500
100.00000 -6.95800 -8.20900 -0.40700 -9.45000 -12.10500 -7.60900 0.29500 0.15300 -6.59200 -0.30500 6.26600 7.80200 -3.15300 -15.85900 1.19000 -4.69000
101.00000 -5.98100 -6.74400 -1.38300 -8.47400 -11.12900 -7.12100 0.78300 2.10600 -7.08000 -1.77000 4.31300 8.29100 -2.66500 -14.88200 -0.27500 -6.64300
102.00000 -6.95800 -7.23300 -6.75500 -7.98500 -10.64000 -8.58600 1.27200 1.12900 -6.59200 -6.16500 -0.08100 7.31400 -1.68900 -10.48800 -1.74000 -7.13100
103.00000 -8.42300 -8.20900 -11.63700 -8.47400 -10.64000 -9.07400 3.71300 0.64100 -5.61500 -10.55900 -4.96400 6.33700 -0.71200 -5.60500 -3.20400 -6.64300
104.00000 -9.39900 -8.69800 -10.17300 -7.98500 -10.64000 -7.60900 6.64300 -0.33600 -4.15000 -12.02400 -6.42900 5.84900 -0.22400 -3.16400 -3.20400 -5.17800
105.00000 -8.91100 -9.18600 -4.80100 -6.03200 -10.15200 -5.16800 8.10800 0.15300 -3.66200 -10.07100 -4.96400 5.84900 -0.71200 -4.62800 -3.20400 -3.71300
106.00000 -6.95800 -8.69800 1.05800 -3.59100 -9.66400 -3.21500 7.13100 1.61700 -3.66200 -4.21100 -2.03500 6.82600 -2.17700 -8.04600 -2.22800 -3.22500
107.00000 -5.00500 -7.72100 1.54600 -2.12600 -9.66400 -3.70300 4.69000 3.57100 -3.66200 2.62500 0.40700 7.80200 -3.64200 -10.00000 -1.74000 -3.22500
108.00000 -3.54000 -6.74400 -2.36000 -2.61400 -9.66400 -5.16800 2.73600 4.05900 -4.63900 6.04200 1.87200 8.29100 -5.10700 -9.02300 -1.25100 -3.71300
109.00000 -3.54000 -6.25600 -6.75500 -4.07900 -10.15200 -7.12100 4.69000 3.57100 -4.15000 5.55400 2.36000 7.80200 -5.10700 -5.60500 -1.25100 -3.71300
110.00000 -4.02800 -5.76800 -6.26600 -5.05600 -10.15200 -6.63200 8.59600 2.59400 -3.66200 0.18300 2.84800 6.82600 -4.13000 -2.67500 -2.22800 -3.22500
111.00000 -4.51700 -5.28000 0.57000 -3.59100 -9.17600 -3.70300 12.50200 3.08200 -2.19700 -5.18800 3.33700 5.36100 -2.17700 -1.69900 -3.69300 -3.22500
112.00000 -4.02800 -4.79100 10.33500 -1.14900 -8.19900 0.69200 13.47900 4.54700 -0.73200 -8.60600 3.82500 5.36100 -1.20000 -4.62800 -4.66900 -3.71300
113.00000 -3.05200 -3.81500 16.68300 1.29200 -7.71100 3.62100 12.50200 6.98900 -1.22100 -7.14100 3.33700 5.84900 -1.68900 -10.00000 -3.69300 -4.69000
114.00000 -1.09900 -1.86200 17.17100 3.24500 -8.19900 4.59800 11.52500 8.94200 -3.66200 -3.23500 2.36000 6.82600 -3.64200 -14.88200 -0.27500 -4.20100
115.00000 0.36600 -0.39700 11.80000 2.75700 -9.17600 3.13300 12.01400 8.94200 -7.08000 -0.30500 1.38300 7.31400 -5.59500 -16.83600 3.14300 -2.73600
116.00000 1.83100 1.06800 4.96400 1.29200 -9.17600 2.15700 13.47900 5.52400 -8.54500 0.67100 0.89500 6.82600 -7.06000 -14.88200 4.12000 -1.76000
117.00000 2.80800 2.04500 -0.40700 -1.14900 -7.22200 1.66800 14.94300 1.61700 -7.08000 -0.79300 0.40700 4.38400 -7.06000 -11.46400 1.19000 -2.24800
118.00000 1.83100 1.06800 -1.38300 -3.10300 -5.26900 1.18000 14.45500 -1.31200 -4.15000 -2.74700 -1.05800 0.96600 -7.06000 -9.02300 -3.20400 -4.20100
119.00000 0.85400 0.09200 1.05800 -3.59100 -3.31600 1.18000 12.50200 -2.28900 -1.22100 -2.25800 -3.98800 -0.49800 -7.06000 -9.02300 -7.59900 -7.13100
120.00000 -0.61000 -0.88500 4.96400 -3.10300 -3.31600 1.18000 9.57200 -0.33600 -0.73200 -0.30500 -6.91700 -0.49800 -7.06000 -10.97600 -8.08700 -9.57200
121.00000 -1.58700 -1.37300 8.38200 -2.61400 -3.80500 1.66800 7.13100 2.10600 -1.22100 0.67100 -6.91700 1.45500 -7.54800 -13.41800 -6.13400 -9.08400
122.00000 -2.56300 -1.86200 9.35900 -2.61400 -4.29300 3.62100 6.64300 3.57100 -2.19700 0.18300 -3.98800 3.40800 -7.06000 -13.41800 -3.20400 -6.64300
123.00000 -3.54000 -1.86200 8.38200 -4.07900 -3.31600 5.57500 7.61900 3.08200 -1.70900 -2.25800 0.89500 4.87300 -6.08300 -11.95300 -1.25100 -4.20100
124.00000 -4.51700 -2.83800 5.45200 -6.03200 -1.85100 7.03900 10.06100 1.61700 0.24400 -2.74700 4.80100 4.87300 -5.10700 -8.04600 -1.74000 -3.22500
125.00000 -5.49300 -3.81500 2.03500 -7.00900 -0.87500 6.55100 12.50200 0.64100 2.19700 0.18300 4.80100 4.38400 -3.64200 -4.62800 -2.71600 -2.73600
126.00000 -6.47000 -5.28000 0.08100 -7.98500 -1.85100 5.08600 12.01400 0.64100 2.68600 6.04200 0.40700 3.89600 -2.17700 -2.18700 -2.71600 -2.73600
127.00000 -6.95800 -6.74400 -0.40700 -7.49700 -3.80500 3.62100 9.08400 1.61700 1.70900 10.43700 -4.96400 3.40800 -0.71200 -1.69900 -1.74000 -2.24800
128.00000 -7.93500 -7.72100 -0.40700 -7.98500 -6.24600 3.62100 4.69000 1.61700 0.24400 8.97200 -8.87000 2.43100 0.26400 -3.16400 -0.76300 -0.78300
129.00000 -8.42300 -7.23300 -0.89500 -8.96200 -7.71100 5.57500 1.27200 0.64100 -0.24400 2.62500 -8.38200 1.45500 0.26400 -6.09300 -0.76300 0.19300
130.00000 -8.42300 -5.76800 -2.36000 -9.93900 -7.22200 7.52800 2.24800 -1.31200 0.24400 -4.70000 -3.98800 1.45500 -0.71200 -9.02300 -2.22800 0.19300
131.00000 -6.95800 -3.81500 -4.31300 -9.93900 -5.75800 7.03900 8.10800 -2.28900 0.73200 -8.60600 0.40700 1.45500 -1.68900 -9.51100 -3.20400 -0.29500
132.00000 -5.00500 -1.86200 -4.80100 -7.98500 -5.26900 4.11000 15.92000 -0.82400 -0.24400 -6.65300 3.33700 2.43100 -3.15300 -7.55800 -2.71600 -1.27200
133.00000 -2.07500 -0.39700 -2.84800 -4.07900 -5.75800 0.20300 21.29100 2.10600 -2.19700 -1.28200 2.84800 2.92000 -4.13000 -3.65200 -1.74000 -2.24800
134.00000 0.85400 0.58000 2.03500 -0.17300 -6.73400 -2.23800 22.26800 5.03500 -5.12700 3.11300 0.40700 2.92000 -4.61800 -0.72200 -1.25100 -2.73600
135.00000 2.80800 1.06800 7.89400 3.24500 -7.22200 -0.77300 17.87300 6.50000 -6.59200 4.57800 -2.03500 1.94300 -5.59500 -1.21100 -2.22800 -3.22500
136.00000 3.78400 1.06800 12.77700 4.71000 -5.75800 3.62100 12.01400 5.03500 -6.10400 3.60100 -4.47600 -0.49800 -6.57100 -5.11700 -6.13400 -5.17800
137.00000 2.80800 2.04500 13.75300 3.73300 -2.82800 8.01600 7.13100 1.61700 -4.15000 3.11300 -6.91700 -2.94000 -7.54800 -11.46400 -10.52900 -8.10800
138.00000 1.34300 1.55600 11.31200 2.26800 0.10200 10.45700 4.20100 -1.80100 -2.68600 4.08900 -11.31200 -5.87000 -9.50100 -18.30000 -14.43500 -11.03700
139.00000 -0.12200 0.58000 5.94100 0.80400 1.56700 8.99300 2.24800 -4.24200 -1.70900 5.55400 -17.17100 -8.31100 -11.45400 -21.71800 -16.38800 -14.45500
140.00000 -1.58700 -0.88500 0.57000 -0.66100 0.59000 5.57500 -0.19300 -5.21900 -2.19700 4.08900 -22.05400 -9.28800 -13.40700 -22.20700 -18.34100 -17.38500
141.00000 -2.07500 -2.83800 -2.84800 -1.14900 -1.36300 3.13300 -2.63500 -4.73000 -3.17400 -1.28200 -24.00700 -9.28800 -15.36100 -19.76500 -20.29400 -20.31500
142.00000 -3.05200 -4.30300 -3.82500 -2.12600 -2.34000 3.62100 -4.10000 -3.26500 -3.17400 -8.60600 -21.56600 -9.28800 -15.36100 -17.81200 -21.27100 -21.29100
143.00000 -3.54000 -3.81500 -2.84800 -2.61400 -2.34000 7.03900 -3.61100 -3.26500 -2.68600 -14.46500 -16.68300 -8.79900 -14.38400 -18.30000 -21.75900 -20.31500
144.00000 -3.54000 -2.83800 -2.36000 -3.10300 -0.87500 9.48100 -0.68200 -3.75400 -1.70900 -16.41800 -12.28800 -8.31100 -12.91900 -20.74200 -19.80600 -18.36100
145.00000 -4.02800 -1.37300 -3.33700 -3.10300 0.10200 8.01600 1.76000 -3.75400 -1.22100 -13.00000 -10.82400 -7.82300 -12.43100 -24.64800 -16.87600 -16.40800
146.00000 -4.02800 -1.86200 -4.80100 -2.12600 0.10200 1.66800 3.22500 -2.77700 -2.19700 -8.60600 -13.26500 -7.33400 -12.91900 -26.60100 -14.43500 -15.92000
147.00000 -5.00500 -3.81500 -5.29000 -1.14900 -1.85100 -6.14400 2.73600 0.15300 -3.17400 -4.21100 -18.14800 -6.35800 -13.89600 -26.11300 -13.45800 -16.40800
148.00000 -5.98100 -7.23300 -3.33700 -0.17300 -4.29300 -11.02700 0.29500 3.08200 -4.63900 -4.70000 -22.05400 -5.38100 -13.89600 -21.71800 -14.92300 -17.38500
149.00000 -6.47000 -8.20900 0.57000 0.31500 -6.24600 -9.56200 -1.17000 5.52400 -4.63900 -8.11800 -23.51900 -4.89300 -12.43100 -15.85900 -17.85300 -17.38500
150.00000 -5.49300 -6.74400 3.98800 0.80400 -6.24600 -2.72600 -1.17000 5.52400 -4.15000 -11.53600 -21.56600 -4.89300 -9.98900 -11.95300 -18.82900 -15.43200
151.00000 -3.54000 -3.32600 4.96400 0.31500 -5.26900 6.06300 0.78300 3.57100 -3.66200 -11.53600 -18.14800 -5.38100 -8.03600 -11.46400 -17.85300 -13.47900
152.00000 -1.09900 1.06800 3.49900 0.31500 -3.80500 11.43400 3.22500 1.61700 -4.15000 -6.16500 -14.73000 -5.38100 -8.03600 -14.88200 -15.41100 -12.01400
153.00000 0.36600 3.02100 1.54600 0.31500 -3.31600 10.94600 4.69000 0.64100 -5.12700 0.67100 -12.28800 -4.89300 -10.47800 -19.76500 -13.45800 -12.50200
154.00000 0.85400 2.53300 2.03500 0.80400 -4.29300 7.03900 6.15400 1.61700 -7.08000 4.57800 -11.31200 -3.91600 -12.43100 -23.18300 -12.48200 -13.47900
155.00000 0.85400 0.58000 6.42900 1.78000 -5.75800 1.66800 8.59600 3.57100 -8.54500 2.13600 -9.84700 -1.47500 -12.91900 -23.18300 -12.48200 -14.45500
156.00000 1.34300 -0.88500 12.28800 2.75700 -7.71100 -1.26100 12.01400 4.54700 -10.49800 -4.21100 -7.89400 0.96600 -11.94300 -20.25300 -11.50500 -13.96700
157.00000 1.83100 -1.86200 16.19500 3.73300 -9.66400 -1.26100 16.40800 5.03500 -11.96300 -9.58300 -4.47600 3.40800 -9.98900 -16.34700 -9.06400 -11.52500
158.00000 1.34300 -2.83800 14.24200 3.73300 -11.12900 -1.26100 18.36100 4.54700 -12.93900 -10.07100 -1.54600 4.38400 -9.50100 -14.39400 -6.62200 -9.57200
159.00000 -1.09900 -3.81500 7.89400 2.26800 -11.61700 -2.23800 16.40800 3.08200 -12.93900 -7.14100 -0.57000 3.89600 -10.96600 -15.37100 -5.15700 -9.08400
160.00000 -4.51700 -6.25600 0.57000 -0.17300 -12.10500 -4.19100 11.52500 2.10600 -10.98600 -6.16500 -3.49900 1.45500 -13.40700 -19.76500 -7.59900 -11.52500
161.00000 -7.93500 -8.20900 -3.82500 -2.61400 -12.10500 -5.16800 5.66600 1.61700 -8.05700 -11.04700 -9.35900 -1.96300 -15.36100 -26.11300 -11.99300 -15.43200
162.00000 -8.91100 -9.67400 -2.84800 -3.10300 -11.12900 -4.19100 2.24800 2.10600 -4.15000 -19.34800 -16.19500 -4.40500 -16.33700 -30.99600 -16.87600 -18.36100
163.00000 -7.93500 -10.16200 0.57000 -2.61400 -9.66400 -1.75000 2.73600 2.10600 -2.19700 -24.23100 -22.05400 -5.87000 -15.84900 -32.46100 -19.31800 -18.85000
164.00000 -6.47000 -9.67400 3.98800 -0.66100 -8.68700 -0.77300 5.17800 3.08200 -1.70900 -19.83600 -24.00700 -5.38100 -14.38400 -29.04300 -18.34100 -17.38500
165.00000 -5.98100 -9.67400 4.47600 0.31500 -8.68700 -2.23800 5.66600 3.57100 -2.68600 -8.60600 -22.05400 -3.91600 -12.91900 -22.69500 -15.90000 -15.43200
166.00000 -6.95800 -10.65100 2.52300 -0.17300 -9.66400 -5.65600 2.73600 4.05900 -3.66200 1.16000 -17.66000 -3.42800 -11.94300 -15.37100 -12.97000 -13.47900
167.00000 -8.42300 -11.62700 1.05800 -2.12600 -10.64000 -8.58600 0.29500 3.08200 -3.17400 2.62500 -12.77700 -2.94000 -10.47800 -10.97600 -11.01700 -12.50200
168.00000 -9.88800 -11.13900 0.57000 -3.59100 -10.15200 -7.12100 0.78300 1.12900 -2.19700 -3.23500 -8.87000 -3.42800 -9.98900 -10.48800 -10.04000 -12.01400
169.00000 -8.91100 -9.67400 1.54600 -4.56700 -8.19900 -1.75000 7.13100 -1.31200 -1.70900 -7.14100 -5.94100 -3.42800 -9.98900 -14.39400 -8.57500 -10.54900
170.00000 -6.95800 -6.74400 3.01100 -3.59100 -5.75800 5.08600 16.40800 -2.28900 -3.17400 -3.72300 -4.47600 -2.45200 -11.45400 -18.78900 -7.11100 -9.57200
171.00000 -4.51700 -3.32600 4.96400 -1.14900 -3.80500 8.50400 23.24400 -1.31200 -5.61500 5.55400 -3.01100 -0.98700 -12.43100 -21.71800 -5.64600 -8.59600
172.00000 -2.07500 -1.37300 6.91700 1.78000 -3.31600 6.55100 22.75600 1.61700 -8.05700 9.94900 -1.54600 0.47800 -13.40700 -21.71800 -5.64600 -9.08400
173.00000 -1.09900 -0.88500 9.35900 3.73300 -4.29300 2.15700 15.92000 5.03500 -8.54500 2.13600 -1.54600 1.94300 -12.43100 -20.25300 -6.13400 -9.57200
174.00000 0.36600 -0.88500 10.33500 4.71000 -5.26900 -0.77300 8.59600 6.50000 -7.08000 -15.44200 -2.03500 1.94300 -10.47800 -18.30000 -6.13400 -9.08400
175.00000 1.34300 -0.39700 9.35900 3.24500 -5.75800 1.18000 6.15400 5.03500 -5.12700 -29.11400 -3.98800 1.45500 -8.03600 -17.32400 -4.66900 -7.61900
176.00000 2.31900 0.09200 6.42900 1.29200 -5.75800 6.55100 9.57200 2.10600 -4.15000 -28.62500 -5.45200 1.94300 -7.54800 -16.34700 -1.74000 -5.17800
177.00000 2.80800 0.09200 3.98800 -0.66100 -4.78100 10.94600 16.40800 0.15300 -4.15000 -13.48900 -4.96400 3.40800 -7.06000 -14.39400 0.70200 -3.71300
178.00000 1.83100 -0.88500 3.49900 -1.14900 -5.26900 11.43400 20.31500 1.12900 -5.61500 4.57800 -1.54600 4.87300 -7.06000 -12.44100 0.21400 -3.71300
179.00000 -0.12200 -2.35000 4.96400 -0.17300 -7.22200 7.52800 19.33800 4.05900 -7.08000 11.41400 1.87200 5.36100 -7.06000 -9.51100 -2.71600 -5.17800
180.00000 -2.07500 -4.30300 6.91700 0.80400 -10.64000 1.66800 15.92000 7.96500 -8.54500 2.62500 4.80100 6.82600 -6.08300 -7.55800 -5.64600 -7.13100
181.00000 -3.54000 -5.76800 7.40600 1.29200 -14.05800 -2.23800 14.94300 9.43000 -8.54500 -11.53600 4.31300 5.84900 -5.59500 -8.53500 -6.62200 -7.61900
182.00000 -4.02800 -5.76800 6.91700 1.29200 -15.52300 -2.72600 17.87300 9.91800 -7.56800 -17.39500 1.38300 5.36100 -6.08300 -12.44100 -5.64600 -7.13100
183.00000 -4.02800 -5.76800 6.91700 1.29200 -15.03500 -0.77300 22.26800 9.43000 -5.61500 -10.07100 -1.54600 5.36100 -8.03600 -18.30000 -3.69300 -6.15400
184.00000 -4.02800 -5.28000 7.40600 1.29200 -12.59400 1.18000 23.24400 8.45300 -3.66200 3.60100 -3.01100 4.87300 -10.47800 -24.16000 -2.71600 -6.15400
185.00000 -4.02800 -5.28000 8.38200 1.78000 -9.17600 1.66800 18.36100 7.47700 -1.22100 8.48400 -3.49900 3.89600 -11.45400 -26.60100 -4.66900 -8.10800
186.00000 -4.02800 -4.79100 7.40600 1.29200 -6.73400 0.69200 10.54900 5.52400 1.70900 -0.30500 -3.49900 1.94300 -10.47800 -24.64800 -7.11100 -10.06100
187.00000 -3.05200 -3.32600 3.98800 0.31500 -5.26900 0.69200 5.17800 1.61700 3.66200 -15.44200 -4.96400 -0.49800 -8.03600 -18.30000 -9.55200 -11.52500
188.00000 -0.61000 -0.39700 1.05800 -0.17300 -3.80500 2.64500 5.66600 -2.28900 3.66200 -22.27800 -6.91700 -2.45200 -6.08300 -11.46400 -10.04000 -11.52500
189.00000 3.29600 3.99800 3.01100 0.31500 -1.85100 6.06300 10.54900 -5.21900 1.70900 -13.48900 -8.87000 -2.94000 -5.59500 -7.07000 -9.55200 -10.54900
190.00000 8.17900 8.88100 10.33500 3.24500 0.59000 10.94600 14.94300 -4.73000 -1.22100 4.57800 -9.84700 -2.94000 -7.06000 -7.55800 -9.06400 -10.06100
191.00000 12.57300 12.29900 21.07700 7.15100 4.00800 15.34000 15.43200 -2.28900 -3.66200 16.78500 -10.33500 -1.96300 -9.50100 -11.46400 -10.04000 -10.54900
192.00000 15.50300 14.74000 27.91300 10.56900 5.96100 16.31700 12.50200 1.61700 -4.63900 10.92500 -10.82400 -1.96300 -10.47800 -16.83600 -11.50500 -11.52500
193.00000 17.45600 16.20500 26.93700 12.03400 6.44900 14.85200 11.03700 4.54700 -4.15000 -9.58300 -11.31200 -2.45200 -10.47800 -20.74200 -11.50500 -11.52500
194.00000 19.40900 18.15800 20.10100 12.03400 4.98500 11.43400 13.96700 5.03500 -4.15000 -28.13700 -10.33500 -2.94000 -9.98900 -22.20700 -10.04000 -10.54900
195.00000 22.33900 21.57600 12.28800 11.54600 3.52000 9.96900 20.80300 5.03500 -5.12700 -31.55500 -8.38200 -1.96300 -9.50100 -22.69500 -8.08700 -9.57200
196.00000 25.75700 25.48200 10.82400 12.52200 2.05500 12.41000 26.66200 4.54700 -7.08000 -18.86000 -4.47600 -0.98700 -10.47800 -22.69500 -7.11100 -8.59600
197.00000 29.17500 29.87700 16.68300 13.49900 2.05500 18.27000 27.63900 5.52400 -8.05700 -4.21100 -1.05800 0.47800 -11.45400 -21.71800 -8.08700 -9.08400
198.00000 31.61600 33.78300 25.47200 14.47600 2.54300 23.64100 22.75600 6.98900 -7.56800 0.18300 -1.05800 0.47800 -11.45400 -20.74200 -10.52900 -11.52500
199.00000 33.56900 36.22400 30.35500 14.96400 3.03100 24.12900 16.40800 7.47700 -5.12700 -8.60600 -3.98800 -0.01000 -10.47800 -19.76500 -11.50500 -12.50200
200.00000 36.01100 39.15400 29.37800 14.96400 2.54300 19.24600 13.96700 7.96500 -3.17400 -18.86000 -8.38200 -0.98700 -9.98900 -18.78900 -10.52900 -12.01400
201.00000 39.91700 43.06000 25.47200 14.96400 1.07800 12.89900 17.38500 7.96500 -4.15000 -17.88300 -9.84700 -0.01000 -9.50100 -18.30000 -7.59900 -10.54900
202.00000 45.28800 48.92000 23.51900 15.94000 0.10200 8.99300 23.73300 9.43000 -8.05700 -3.72300 -6.42900 1.94300 -9.98900 -18.78900 -4.18100 -7.61900
203.00000 51.14700 55.26700 25.96000 17.89300 -0.38700 12.41000 28.12700 10.89500 -11.96300 11.90200 -0.08100 4.38400 -10.47800 -18.78900 -1.74000 -6.15400
204.00000 56.03000 61.61500 30.84300 19.84700 0.10200 20.71100 27.63900 11.87100 -13.42800 13.85500 4.31300 5.84900 -10.96600 -19.27700 -2.71600 -7.13100
205.00000 60.42500 67.96300 34.26100 21.31100 2.05500 29.01200 23.24400 11.38300 -10.98600 -2.25800 3.82500 4.87300 -10.96600 -21.23000 -5.15700 -10.06100
206.00000 64.81900 74.79900 33.77300 21.31100 5.47300 32.91800 17.87300 9.91800 -5.61500 -24.71900 -2.52300 2.43100 -11.45400 -25.13600 -9.06400 -14.94300
207.00000 71.16700 83.09900 30.35500 20.82300 9.37900 33.40700 14.45500 6.98900 -1.22100 -36.92600 -10.82400 -0.98700 -12.91900 -29.53100 -13.45800 -18.85000
208.00000 79.95600 93.84200 28.89000 21.80000 14.26200 33.89500 13.47900 4.05900 0.73200 -32.04300 -16.68300 -4.40500 -14.87200 -32.46100 -17.85300 -21.77900
209.00000 89.72200 105.56000 31.33100 22.77600 19.14500 38.77800 14.45500 2.10600 0.24400 -14.95400 -18.14800 -6.84600 -16.33700 -31.97200 -22.24700 -23.73300
210.00000 98.99900 116.79100 36.70200 24.72900 24.51600 49.03200 14.94300 0.15300 -0.24400 -0.79300 -17.17100 -8.31100 -17.31400 -28.55400 -25.17700 -25.19700
211.00000 106.32300 125.09200 41.09700 26.19400 28.42200 61.23900 14.94300 0.15300 -0.24400 1.64800 -17.17100 -8.79900 -17.31400 -25.62500 -27.13000 -26.17400
212.00000 111.69400 131.43900 43.05000 28.14700 30.86300 69.05100 14.94300 1.61700 -0.24400 -4.70000 -20.10100 -8.31100 -18.29000 -25.62500 -26.64200 -27.15000
213.00000 116.08900 135.83400 43.05000 30.10100 31.84000 70.51600 14.45500 4.54700 -1.70900 -10.55900 -23.51900 -6.84600 -20.73200 -29.04300 -25.66500 -27.15000
214.00000 119.50700 139.74000 43.53800 32.54200 30.86300 66.12100 13.96700 7.47700 -5.12700 -9.58300 -24.98400 -5.38100 -23.17300 -34.41400 -24.68900 -27.63900
215.00000 122.43700 142.67000 44.51500 33.51800 29.39900 57.82100 12.50200 9.91800 -8.05700 -3.72300 -23.03100 -4.40500 -23.66100 -36.85500 -25.66500 -27.15000
216.00000 123.41300 144.13500 44.02700 32.05400 27.44500 50.49600 10.54900 8.94200 -8.05700 -0.79300 -19.12400 -5.38100 -21.22000 -33.43700 -27.13000 -27.15000
217.00000 121.94800 144.13500 42.07400 29.12400 25.98100 46.10200 10.06100 6.01200 -4.15000 -4.70000 -16.19500 -7.33400 -16.82500 -26.60100 -28.10700 -27.15000
218.00000 119.50700 142.18100 39.14400 26.19400 25.00400 46.59000 12.01400 3.08200 1.70900 -13.48900 -17.17100 -9.28800 -12.91900 -20.25300 -28.10700 -27.15000
219.00000 118.04200 140.22800 38.65600 26.19400 26.46900 51.47300 15.43200 2.10600 5.61500 -19.83600 -20.10100 -10.75200 -12.43100 -20.25300 -27.13000 -27.63900
220.00000 119.01900 139.25200 41.58500 29.61200 28.91000 58.79700 18.36100 3.57100 5.61500 -20.32500 -23.03100 -10.75200 -15.84900 -27.08900 -27.61800 -29.10400
221.00000 121.46000 139.74000 46.46800 34.00700 30.86300 65.14500 18.85000 7.47700 1.70900 -16.41800 -23.51900 -10.26400 -20.24300 -36.36700 -28.59500 -30.56800
222.00000 123.41300 140.22800 48.91000 36.44800 32.32800 68.07500 16.89700 10.89500 -1.70900 -10.07100 -22.05400 -8.79900 -22.19600 -40.76100 -29.57200 -30.08000
223.00000 123.41300 139.25200 47.44500 35.47200 31.35200 68.07500 13.47900 11.87100 -3.66200 -5.18800 -19.61300 -7.33400 -19.75500 -36.85500 -27.61800 -27.63900
224.00000 119.50700 136.32200 42.07400 32.05400 28.42200 65.63300 13.47900 10.40600 -3.17400 -0.30500 -17.66000 -5.38100 -14.87200 -27.08900 -23.71200 -22.75600
225.00000 114.13600 131.43900 37.67900 28.63600 24.02800 62.70300 17.38500 8.94200 -3.17400 5.06600 -16.19500 -3.91600 -11.45400 -19.76500 -18.34100 -18.85000
226.00000 108.27600 126.06800 36.70200 27.17100 21.58600 59.77400 22.26800 8.45300 -5.12700 7.50700 -14.73000 -1.96300 -11.45400 -19.76500 -14.43500 -16.89700
227.00000 103.39400 121.67400 38.65600 27.17100 19.63300 55.86800 25.68600 9.43000 -8.05700 4.57800 -12.77700 -1.47500 -13.40700 -25.62500 -14.43500 -17.87300
228.00000 98.99900 116.79100 40.12000 26.68300 19.14500 50.00800 22.75600 9.91800 -9.03300 -6.65300 -12.28800 -1.47500 -15.36100 -30.50700 -17.85300 -20.31500
229.00000 94.60400 110.93100 38.16700 24.24100 19.14500 41.70700 14.94300 8.45300 -6.10400 -20.81300 -13.26500 -3.42800 -14.38400 -29.04300 -21.75900 -21.77900
230.00000 89.23300 104.09500 32.30800 20.82300 18.65600 35.36000 7.13100 4.54700 0.24400 -31.55500 -15.21800 -4.89300 -9.98900 -21.23000 -22.73600 -20.31500
231.00000 84.35100 97.74800 26.93700 17.40500 18.16800 33.40700 4.69000 1.12900 5.12700 -31.06700 -15.70600 -5.87000 -6.57100 -13.41800 -19.80600 -16.89700
232.00000 82.39700 94.33000 25.47200 17.89300 18.16800 36.33600 9.08400 0.15300 6.10400 -17.88300 -13.26500 -4.40500 -5.59500 -13.41800 -14.43500 -12.99000
233.00000 81.90900 94.33000 29.86700 21.80000 19.14500 42.19600 18.36100 2.59400 2.19700 2.62500 -8.87000 -2.45200 -9.50100 -21.71800 -10.04000 -11.52500
234.00000 83.37400 95.79500 36.21400 26.68300 21.58600 47.07800 25.68600 6.50000 -2.68600 20.69100 -4.47600 -0.49800 -13.40700 -31.48400 -9.55200 -12.01400
235.00000 83.37400 95.79500 39.14400 28.63600 24.02800 48.54300 26.66200 8.94200 -4.15000 28.01500 -3.98800 -0.98700 -14.87200 -33.92500 -11.50500 -14.45500
236.00000 80.44400 92.37700 36.21400 25.21800 25.00400 46.10200 21.29100 6.50000 -1.22100 20.69100 -6.91700 -2.94000 -12.91900 -26.60100 -14.92300 -16.40800
237.00000 73.60800 86.02900 28.89000 18.87000 24.51600 42.19600 14.45500 1.61700 4.63900 4.57800 -11.31200 -5.38100 -9.50100 -14.39400 -15.90000 -15.92000
238.00000 66.28400 78.21700 21.07700 13.01100 21.09800 38.77800 10.06100 -2.28900 7.08000 -12.51200 -12.77700 -5.87000 -7.06000 -7.07000 -14.43500 -14.45500
239.00000 60.42500 72.35700 18.14800 11.05800 17.19200 37.31300 11.03700 -2.28900 4.63900 -20.32500 -10.82400 -3.91600 -7.54800 -9.02300 -11.01700 -12.99000
240.00000 57.49500 69.42700 19.61300 13.01100 13.77400 36.82500 15.43200 1.61700 -0.73200 -18.37200 -6.42900 -1.47500 -10.47800 -17.32400 -9.06400 -12.50200
241.00000 56.51900 67.47400 23.03100 15.94000 12.79700 35.84800 19.33800 6.50000 -4.63900 -11.04700 -3.49900 -0.01000 -11.94300 -24.16000 -10.04000 -13.96700
242.00000 56.51900 66.01000 25.96000 18.38200 13.28500 32.91800 22.26800 9.43000 -3.66200 -7.62900 -3.49900 -0.01000 -11.45400 -24.16000 -12.97000 -15.92000
243.00000 56.51900 63.56800 26.93700 18.87000 14.75000 27.05900 24.22100 9.43000 0.73200 -14.95400 -4.47600 -1.47500 -9.98900 -19.27700 -15.90000 -16.89700
244.00000 57.49500 61.61500 27.91300 18.87000 14.26200 19.24600 26.17400 8.45300 4.15000 -29.60200 -3.49900 -1.47500 -9.50100 -16.34700 -15.41100 -16.40800
245.00000 58.96000 61.12700 29.86700 20.82300 12.30900 12.41000 29.59200 9.91800 2.19700 -41.80900 0.89500 0.96600 -10.96600 -19.76500 -12.48200 -14.45500
246.00000 60.91300 61.61500 33.28500 24.72900 8.89100 9.96900 32.03300 13.33600 -4.63900 -40.34400 7.24300 4.38400 -13.40700 -26.60100 -7.59900 -12.50200
247.00000 61.89000 62.59200 36.70200 28.63600 6.44900 13.87500 32.52200 17.73100 -12.45100 -21.30100 10.66100 6.82600 -14.87200 -30.50700 -3.69300 -10.06100
248.00000 60.91300 62.59200 36.70200 30.58900 7.42600 22.66400 30.56800 19.19600 -15.86900 7.01900 8.21900 6.82600 -13.40700 -27.57800 -2.22800 -8.59600
249.00000 57.49500 60.15000 33.77300 29.12400 10.35600 31.45300 27.63900 17.24200 -13.42800 29.96800 0.40700 4.38400 -10.96600 -18.30000 -2.71600 -7.13100
250.00000 52.61200 55.75600 29.37800 25.70600 12.79700 35.36000 24.70900 12.84800 -8.05700 35.33900 -6.91700 1.45500 -9.01300 -10.48800 -3.69300 -5.66600
251.00000 48.70600 51.36100 25.47200 21.31100 12.79700 31.45300 23.24400 7.96500 -4.63900 22.64400 -9.35900 -0.01000 -9.50100 -10.00000 -3.69300 -4.20100
252.00000 46.26500 47.94300 23.51900 18.38200 8.89100 22.66400 22.26800 5.52400 -5.61500 2.13600 -5.94100 0.96600 -11.45400 -16.83600 -2.22800 -3.71300
253.00000 45.28800 45.01300 23.51900 16.91700 3.52000 12.41000 20.80300 5.52400 -10.49800 -13.48900 -0.08100 1.94300 -13.89600 -26.11300 -1.74000 -5.17800
254.00000 43.33500 42.57200 22.54200 16.42900 -1.36300 6.06300 18.36100 6.50000 -14.89300 -17.88300 2.36000 2.43100 -14.87200 -31.97200 -3.20400 -8.10800
255.00000 39.91700 39.15400 19.12400 15.45200 -3.31600 4.59800 14.94300 6.50000 -14.40400 -16.41800 -1.54600 -0.49800 -13.89600 -31.48400 -7.11100 -12.01400
256.00000 35.03400 35.73600 13.75300 13.01100 -1.36300 6.06300 12.50200 4.54700 -9.52100 -17.39500 -8.38200 -3.91600 -12.43100 -27.08900 -12.48200 -15.43200
