1.00000 -2.47200 -4.99500 0.53900 -0.06100 -4.11000 -4.56700 2.20700 -0.31500 -3.44800 -3.39800 6.68300 4.98500 2.16700 0.48800 7.41600 5.10700
2.00000 -2.47200 -5.48300 0.53900 -0.54900 -4.11000 -5.05600 3.18400 -0.31500 -2.96000 -2.42100 8.14800 5.47300 3.63200 1.46500 8.88100 7.54800
3.00000 -2.96000 -4.99500 -0.92600 -2.01400 -4.11000 -6.03200 3.18400 -0.80400 -2.47200 -1.44400 8.63600 5.96100 5.09600 1.95300 9.36900 8.52500
4.00000 -3.93700 -4.50600 -1.90200 -3.47900 -5.08600 -5.54400 2.20700 -1.29200 -1.49500 -0.46800 8.14800 5.47300 5.58500 2.44100 9.36900 9.01300
5.00000 -4.91300 -4.01800 -2.87900 -4.94400 -6.06300 -5.54400 0.74300 -1.78000 -1.00700 0.02000 6.68300 4.98500 5.58500 2.93000 8.88100 9.01300
6.00000 -5.40200 -3.53000 -3.36700 -5.43200 -7.03900 -5.54400 -0.23400 -2.26800 -1.00700 -0.46800 5.21900 4.00800 5.09600 2.44100 7.41600 8.52500
7.00000 -5.40200 -3.53000 -3.85500 -5.43200 -7.03900 -6.52100 -0.72200 -2.75700 -1.00700 -0.46800 3.26500 2.54300 4.60800 1.95300 5.95100 7.06000
8.00000 -4.42500 -2.55300 -3.85500 -4.94400 -6.55100 -6.52100 -1.21100 -3.24500 -1.00700 -0.95600 2.28900 1.07800 3.63200 0.97700 4.48600 5.59500
9.00000 -2.96000 -1.08800 -4.34400 -3.96700 -5.08600 -5.05600 -2.67500 -3.73300 -1.00700 -0.95600 1.80100 0.10200 3.14300 0.00000 3.51000 4.13000
10.00000 -1.98400 0.37600 -4.34400 -2.99100 -2.64500 -2.61400 -3.65200 -4.22200 -1.00700 -0.46800 0.33600 -0.87500 2.16700 -0.48800 2.53300 2.66500
11.00000 -1.49500 1.35300 -4.34400 -2.50200 -0.69200 -0.17300 -4.14000 -4.22200 -1.49500 -0.95600 -0.15300 -1.36300 1.19000 -1.46500 2.04500 1.20000
12.00000 -1.98400 0.86500 -3.85500 -2.01400 -0.20300 0.31500 -4.14000 -4.22200 -1.98400 -1.44400 -1.12900 -0.87500 0.70200 -1.95300 2.53300 0.22400
13.00000 -2.96000 -1.08800 -3.85500 -2.50200 -0.20300 -0.66100 -4.14000 -4.22200 -1.98400 -1.93300 -1.61700 -0.38700 0.70200 -2.93000 3.02100 -0.26400
14.00000 -3.93700 -2.55300 -4.83200 -3.47900 -0.69200 -1.63800 -4.14000 -4.22200 -1.98400 -1.93300 -1.61700 0.10200 0.70200 -2.93000 3.99800 0.22400
15.00000 -3.93700 -3.04200 -6.29700 -3.96700 -1.66800 -2.61400 -4.14000 -4.71000 -2.47200 -1.44400 -0.64100 0.59000 1.67800 -2.93000 4.97400 0.71200
16.00000 -3.44800 -3.04200 -8.25000 -4.45600 -2.64500 -3.59100 -4.14000 -4.71000 -2.47200 -1.44400 0.82400 1.07800 2.65500 -2.44100 5.95100 2.17700
17.00000 -2.96000 -2.55300 -8.73800 -4.45600 -3.62100 -5.05600 -3.65200 -4.22200 -2.96000 -2.42100 2.77700 2.54300 3.14300 -1.95300 7.41600 2.66500
18.00000 -1.98400 -1.57700 -7.76200 -4.45600 -5.08600 -6.52100 -2.18700 -3.73300 -2.96000 -3.39800 4.73000 3.52000 3.14300 -1.46500 8.39200 3.15300
19.00000 -1.49500 -0.60000 -6.29700 -3.47900 -4.59800 -7.00900 -1.21100 -3.24500 -2.96000 -4.37400 5.21900 4.00800 3.63200 -1.46500 8.39200 3.15300
20.00000 -1.49500 -0.11200 -5.32000 -2.99100 -3.62100 -6.52100 -1.21100 -3.24500 -1.49500 -3.39800 4.24200 4.00800 4.12000 -0.97700 7.41600 3.15300
21.00000 -1.98400 -0.11200 -5.32000 -2.50200 -1.66800 -4.07900 -2.67500 -3.73300 -0.03100 -0.95600 2.77700 3.03100 5.09600 -0.48800 5.95100 3.15300
22.00000 -2.47200 -0.60000 -6.29700 -2.50200 0.28500 -1.63800 -4.62800 -4.22200 1.43400 1.97300 1.31200 2.54300 6.07300 0.48800 4.48600 3.15300
23.00000 -2.96000 -1.57700 -7.27300 -2.50200 0.77300 -0.66100 -5.60500 -3.73300 1.92300 3.92700 0.82400 2.05500 6.07300 1.46500 3.51000 3.64200
24.00000 -3.44800 -2.55300 -7.27300 -2.50200 0.28500 -1.14900 -5.11700 -3.24500 1.43400 3.92700 0.82400 2.05500 6.07300 1.46500 3.02100 3.15300
25.00000 -3.44800 -3.04200 -6.29700 -1.52600 -0.20300 -2.12600 -3.65200 -1.78000 0.45800 2.46200 0.82400 2.05500 4.60800 0.48800 3.02100 1.68900
26.00000 -2.96000 -2.55300 -4.34400 -0.54900 -0.20300 -2.12600 -2.18700 -0.80400 -0.51900 0.50900 0.33600 2.05500 3.14300 -0.97700 2.53300 0.22400
27.00000 -1.49500 -1.57700 -2.39100 0.42700 0.28500 -1.14900 -0.72200 -0.31500 -1.00700 -0.46800 -0.64100 1.56700 2.16700 -1.95300 2.04500 -0.75300
28.00000 -0.03100 -0.11200 -0.92600 1.89200 0.77300 0.31500 -0.23400 0.17300 -0.51900 -0.95600 -1.12900 1.56700 2.65500 -0.97700 2.04500 0.22400
29.00000 0.94600 0.86500 0.05100 2.38000 1.26100 0.80400 0.25400 0.66100 -0.03100 0.02000 -0.64100 2.05500 4.12000 0.97700 3.02100 2.66500
30.00000 1.92300 1.84100 1.02700 2.38000 1.75000 0.80400 0.74300 1.14900 0.94600 1.48500 0.33600 3.03100 6.07300 3.41800 4.48600 4.61800
31.00000 1.92300 1.84100 1.02700 2.38000 0.77300 0.31500 0.74300 1.63800 1.92300 2.46200 1.31200 4.00800 7.05000 4.39500 4.97400 5.10700
32.00000 0.94600 1.35300 -0.43700 1.89200 0.77300 0.80400 0.25400 2.12600 1.92300 1.97300 1.31200 4.00800 7.05000 3.90600 4.48600 3.64200
33.00000 -0.51900 -0.11200 -2.39100 0.91600 0.77300 0.80400 -1.21100 1.63800 1.43400 0.50900 -0.15300 3.52000 6.07300 1.46500 2.04500 0.22400
34.00000 -2.47200 -1.57700 -4.34400 -0.06100 0.77300 0.31500 -2.67500 1.14900 0.94600 -1.93300 -2.59400 2.54300 3.63200 -2.44100 -1.37300 -4.17100
35.00000 -3.93700 -3.04200 -4.83200 -0.06100 1.26100 -2.12600 -4.14000 0.17300 -0.51900 -4.86200 -4.54700 1.07800 2.16700 -5.37100 -4.79100 -8.07700
36.00000 -3.93700 -3.53000 -4.34400 0.42700 1.26100 -4.56700 -4.14000 0.17300 -1.98400 -6.32700 -5.03500 0.10200 0.70200 -7.32400 -7.72100 -11.00700
37.00000 -2.96000 -3.04200 -2.87900 1.40400 1.26100 -6.03200 -3.65200 0.66100 -2.47200 -6.32700 -5.52400 -0.38700 -0.27500 -8.30100 -9.67400 -12.96000
38.00000 -1.49500 -1.57700 -1.90200 1.89200 0.77300 -6.52100 -3.65200 1.14900 -2.47200 -5.35100 -5.52400 -0.87500 -0.76300 -8.30100 -10.65100 -13.93600
39.00000 -0.51900 0.37600 -2.87900 1.89200 0.77300 -5.05600 -3.65200 0.66100 -1.98400 -4.37400 -6.50000 -1.85100 -1.25100 -8.30100 -12.11500 -14.91300
40.00000 0.45800 1.35300 -3.85500 1.40400 1.75000 -3.10300 -4.14000 0.17300 -1.00700 -3.88600 -8.45300 -2.82800 -1.74000 -8.30100 -13.58000 -15.88900
41.00000 0.94600 1.84100 -3.85500 1.40400 3.21500 -1.63800 -4.62800 -0.31500 -0.03100 -3.39800 -9.91800 -3.80500 -2.71600 -8.78900 -15.53300 -15.88900
42.00000 1.92300 2.33000 -2.87900 1.89200 4.67900 -0.66100 -4.62800 -0.80400 0.45800 -3.39800 -10.89500 -4.78100 -3.20400 -8.78900 -16.51000 -16.37800
43.00000 2.89900 2.81800 -0.92600 3.35700 5.65600 -0.66100 -3.65200 -0.31500 0.94600 -2.42100 -10.40600 -5.26900 -3.20400 -8.78900 -16.51000 -16.37800
44.00000 4.36400 3.79400 0.53900 4.33300 5.65600 -0.17300 -2.67500 -0.31500 0.45800 -1.44400 -8.94200 -4.29300 -3.69300 -8.78900 -15.53300 -16.37800
45.00000 4.85200 4.77100 0.53900 4.82200 5.65600 -0.17300 -1.69900 -0.31500 -0.03100 -0.95600 -6.98900 -3.80500 -3.69300 -9.27700 -14.06900 -15.88900
46.00000 5.34100 5.74700 0.05100 4.82200 5.65600 0.80400 -1.69900 -0.31500 -1.00700 -1.44400 -6.01200 -2.82800 -3.20400 -9.76600 -12.11500 -15.88900
47.00000 5.34100 7.21200 -0.92600 3.84500 6.14400 1.29200 -2.18700 -0.31500 -1.00700 -2.42100 -5.52400 -1.85100 -3.69300 -10.25400 -10.65100 -15.40100
48.00000 5.34100 8.67700 -0.43700 3.84500 7.12100 1.78000 -2.18700 0.17300 -1.00700 -2.42100 -5.52400 -1.36300 -3.20400 -10.74200 -9.67400 -14.42500
49.00000 6.80500 10.14200 1.02700 4.82200 8.09700 2.26800 -1.69900 1.14900 -0.51900 -2.42100 -5.03500 -0.87500 -3.20400 -10.25400 -8.69800 -12.96000
50.00000 7.78200 11.11900 3.46900 6.28700 8.58600 2.26800 -0.72200 1.63800 -0.51900 -1.93300 -4.05900 -0.38700 -2.71600 -9.76600 -7.23300 -11.49500
51.00000 9.24700 10.63000 4.93400 7.75100 8.58600 1.78000 0.25400 2.12600 -0.51900 -0.95600 -3.08200 0.10200 -2.22800 -8.30100 -5.28000 -10.03000
52.00000 9.24700 9.65400 4.93400 8.72800 7.60900 1.29200 1.23100 2.12600 -0.51900 -0.95600 -2.59400 0.10200 -1.74000 -7.32400 -4.30300 -9.05400
53.00000 8.75900 8.18900 3.95700 9.70500 7.12100 0.80400 1.71900 1.63800 -1.00700 -1.44400 -2.59400 0.10200 -1.25100 -6.83600 -4.30300 -8.07700
54.00000 7.78200 7.21200 3.95700 9.21600 6.63200 -0.17300 1.23100 1.63800 -1.00700 -1.44400 -3.08200 0.10200 -1.25100 -6.34800 -4.79100 -7.58900
55.00000 6.80500 6.23600 3.95700 8.72800 6.63200 -0.17300 0.74300 2.12600 -1.00700 -1.44400 -3.57100 0.10200 -1.25100 -6.34800 -5.28000 -7.58900
56.00000 5.82900 6.23600 4.44500 7.75100 6.63200 0.80400 -0.23400 2.12600 -0.51900 -0.95600 -3.57100 0.59000 -0.76300 -5.85900 -4.79100 -6.61200
57.00000 5.82900 6.72400 4.44500 6.77500 7.12100 1.78000 -0.72200 1.63800 0.45800 0.02000 -2.59400 1.56700 0.21400 -4.88300 -3.32600 -5.14700
58.00000 5.82900 6.72400 2.98100 5.79800 8.09700 3.24500 -1.21100 0.66100 0.94600 1.48500 -1.61700 2.54300 1.67800 -2.93000 -1.37300 -3.19400
59.00000 6.31700 7.70100 1.51600 5.79800 8.58600 4.22200 -0.72200 -0.31500 1.92300 2.95000 -0.15300 3.03100 3.14300 -0.48800 0.58000 -0.75300
60.00000 6.80500 8.18900 1.02700 5.79800 8.58600 4.71000 -0.23400 -1.29200 2.89900 4.90300 0.33600 3.03100 4.60800 2.44100 2.04500 0.71200
61.00000 7.29400 8.67700 1.51600 5.79800 8.09700 5.19800 0.25400 -1.29200 2.89900 6.36800 0.33600 2.54300 5.58500 4.39500 2.53300 1.68900
62.00000 6.80500 8.18900 2.00400 5.79800 7.12100 5.68600 0.74300 -0.80400 3.38700 6.85600 0.33600 2.05500 6.07300 4.39500 2.04500 1.20000
63.00000 5.82900 6.72400 2.00400 5.31000 6.14400 6.66300 0.25400 -0.31500 3.87600 5.88000 0.33600 2.05500 5.58500 2.93000 1.06800 -0.26400
64.00000 3.38700 4.77100 1.02700 4.33300 6.14400 7.15100 -0.72200 -0.31500 3.87600 4.90300 -0.15300 2.05500 5.09600 0.97700 0.09200 -1.72900
65.00000 1.43400 3.79400 -0.92600 2.86900 5.65600 6.17500 -1.21100 -0.80400 4.36400 3.43800 -0.64100 2.05500 4.60800 0.00000 -0.39700 -2.70600
66.00000 -0.03100 3.30600 -2.87900 1.89200 6.14400 5.19800 -1.69900 -1.29200 4.85200 3.43800 -1.12900 2.05500 5.09600 0.48800 -0.39700 -2.70600
67.00000 -1.00700 3.79400 -3.85500 0.91600 6.14400 4.22200 -1.69900 -1.29200 5.34100 4.41500 -1.61700 2.05500 5.58500 1.95300 -0.39700 -2.70600
68.00000 -1.49500 3.30600 -4.34400 -0.06100 5.65600 3.73300 -1.69900 -1.29200 5.34100 4.90300 -2.10600 2.05500 6.07300 2.93000 -0.39700 -3.19400
69.00000 -1.98400 2.33000 -4.34400 -0.54900 4.67900 3.24500 -2.18700 -0.80400 4.85200 5.39100 -2.59400 2.54300 5.58500 2.93000 -0.88500 -4.17100
70.00000 -2.47200 0.37600 -4.34400 -1.03800 4.19100 3.24500 -2.18700 -0.31500 4.36400 3.92700 -3.08200 2.54300 5.09600 1.46500 -2.35000 -5.14700
71.00000 -2.96000 -1.08800 -3.85500 -0.54900 3.21500 2.75700 -3.16400 -0.31500 3.87600 2.46200 -3.57100 2.54300 4.60800 -0.48800 -3.32600 -6.12400
72.00000 -2.47200 -1.57700 -2.87900 0.42700 3.21500 1.78000 -3.16400 -0.31500 2.89900 1.48500 -4.05900 2.05500 4.12000 -1.46500 -3.81500 -6.61200
73.00000 -1.49500 -0.11200 -1.41400 1.40400 3.21500 1.29200 -3.16400 -0.31500 2.41100 1.97300 -4.05900 1.56700 4.12000 -1.46500 -4.30300 -6.12400
74.00000 -0.03100 1.35300 -0.43700 1.40400 2.72600 1.78000 -2.67500 -0.31500 2.41100 3.43800 -3.57100 2.05500 5.09600 -0.48800 -3.81500 -4.65900
75.00000 0.45800 2.81800 -0.92600 0.42700 2.23800 2.75700 -1.69900 -0.31500 2.89900 4.41500 -2.59400 2.54300 5.58500 0.97700 -2.83800 -3.68200
76.00000 -0.03100 2.81800 -1.90200 -1.03800 1.75000 3.73300 -0.72200 -0.31500 2.89900 4.90300 -1.12900 3.03100 6.07300 1.46500 -2.35000 -3.19400
77.00000 -1.49500 1.84100 -2.87900 -2.99100 0.77300 3.73300 0.25400 -0.31500 2.89900 4.41500 -0.15300 4.00800 6.56100 1.46500 -1.37300 -2.70600
78.00000 -2.47200 1.35300 -2.87900 -3.47900 0.28500 2.75700 0.74300 -0.31500 2.89900 4.41500 0.33600 4.00800 6.07300 0.97700 -0.39700 -2.21800
79.00000 -1.98400 0.86500 -1.41400 -2.50200 0.28500 2.26800 0.74300 -0.80400 2.89900 4.41500 0.33600 3.52000 5.58500 0.97700 -0.39700 -1.72900
80.00000 -1.00700 0.86500 -0.92600 -1.03800 1.26100 2.26800 0.25400 -1.29200 3.38700 4.41500 -0.15300 2.54300 4.60800 0.97700 -0.88500 -2.21800
81.00000 0.45800 0.37600 -0.92600 -0.06100 2.23800 2.75700 -0.72200 -1.29200 2.89900 4.41500 -1.12900 1.56700 4.12000 0.97700 -1.86200 -3.68200
82.00000 0.94600 0.37600 -1.90200 0.42700 2.72600 3.73300 -1.21100 -1.78000 2.89900 3.92700 -2.10600 0.59000 3.63200 0.00000 -3.32600 -5.14700
83.00000 1.43400 0.86500 -2.39100 0.42700 2.72600 3.24500 -1.21100 -1.78000 1.92300 2.46200 -2.59400 0.10200 3.14300 -0.97700 -3.81500 -7.10000
84.00000 1.92300 1.35300 -2.39100 0.42700 2.23800 2.26800 -1.21100 -1.78000 1.43400 1.48500 -3.08200 0.59000 3.14300 -1.95300 -4.79100 -8.07700
85.00000 1.92300 2.81800 -0.92600 0.91600 2.23800 1.78000 -0.23400 -1.29200 0.94600 0.99700 -3.08200 1.07800 3.14300 -2.44100 -4.30300 -8.07700
86.00000 2.41100 3.30600 -0.43700 1.40400 2.23800 0.80400 0.25400 -0.80400 0.45800 1.48500 -3.08200 1.07800 2.65500 -2.44100 -4.79100 -8.07700
87.00000 2.89900 3.30600 0.05100 1.89200 2.23800 1.29200 0.25400 -0.31500 0.45800 1.97300 -3.08200 1.56700 1.67800 -2.93000 -4.79100 -8.07700
88.00000 2.41100 3.30600 0.05100 1.89200 2.23800 1.78000 0.25400 0.17300 0.45800 2.46200 -3.08200 1.07800 0.70200 -3.41800 -5.76800 -8.56500
89.00000 1.92300 3.30600 0.05100 2.38000 3.21500 3.24500 0.25400 0.17300 0.94600 2.46200 -3.57100 0.59000 -0.27500 -3.90600 -6.74400 -9.05400
90.00000 2.89900 4.77100 1.51600 3.84500 4.19100 4.71000 0.25400 1.14900 0.94600 2.46200 -3.57100 0.59000 -0.27500 -4.39500 -7.23300 -9.54200
91.00000 5.34100 7.21200 3.95700 5.79800 5.65600 6.66300 0.25400 1.14900 1.43400 2.46200 -3.57100 0.10200 -0.27500 -3.90600 -7.23300 -9.05400
92.00000 7.78200 9.16500 5.42200 7.75100 7.60900 8.12800 0.74300 1.14900 1.43400 2.46200 -3.57100 0.10200 -0.27500 -3.41800 -7.23300 -8.56500
93.00000 9.24700 9.65400 4.93400 8.24000 8.58600 7.64000 0.25400 0.66100 0.94600 1.97300 -4.05900 -0.38700 -0.27500 -2.93000 -7.72100 -9.05400
94.00000 9.24700 8.67700 2.98100 8.24000 8.58600 5.68600 -0.23400 0.17300 -0.03100 0.50900 -4.54700 -0.87500 -1.25100 -2.93000 -9.18600 -9.54200
95.00000 7.78200 6.72400 1.51600 6.77500 7.60900 3.24500 -1.21100 0.17300 -1.00700 -0.46800 -5.52400 -1.36300 -2.22800 -3.90600 -10.65100 -10.51800
96.00000 6.31700 6.23600 0.05100 5.79800 7.12100 2.26800 -2.18700 -0.31500 -1.49500 -1.44400 -6.01200 -1.85100 -3.20400 -5.37100 -11.62700 -11.49500
97.00000 5.34100 6.23600 0.05100 5.31000 6.63200 2.75700 -2.67500 -0.31500 -0.51900 -0.95600 -6.50000 -1.85100 -3.20400 -5.85900 -11.62700 -11.98300
98.00000 4.85200 6.23600 -0.43700 5.31000 6.63200 3.24500 -3.16400 -0.31500 0.45800 0.50900 -6.01200 -1.85100 -2.71600 -5.37100 -10.65100 -10.51800
99.00000 4.85200 5.25900 -1.41400 5.31000 6.14400 3.73300 -4.14000 -0.31500 0.94600 1.97300 -5.52400 -1.36300 -1.25100 -4.39500 -9.67400 -9.05400
100.00000 4.85200 4.28300 -3.36700 5.31000 5.16800 2.26800 -5.11700 -0.80400 0.94600 1.97300 -5.52400 -1.36300 -0.76300 -3.90600 -8.69800 -8.56500
101.00000 3.87600 2.81800 -5.32000 5.31000 4.19100 0.31500 -5.11700 -0.80400 -0.03100 0.50900 -6.01200 -0.87500 -0.76300 -4.39500 -8.69800 -8.56500
102.00000 3.38700 2.33000 -5.80900 4.82200 3.70300 -1.14900 -5.11700 -0.80400 -1.49500 -1.93300 -6.50000 -1.36300 -1.74000 -5.85900 -9.67400 -10.03000
103.00000 2.89900 3.30600 -4.83200 4.82200 4.19100 -0.17300 -4.62800 -0.80400 -1.98400 -3.88600 -6.98900 -1.85100 -3.20400 -6.83600 -11.13900 -11.00700
104.00000 3.38700 4.28300 -2.39100 5.31000 5.65600 2.26800 -3.65200 -0.31500 -1.98400 -4.86200 -7.47700 -2.82800 -3.69300 -7.81200 -12.11500 -12.47200
105.00000 3.38700 5.25900 -0.92600 5.31000 7.12100 4.71000 -2.67500 0.17300 -1.00700 -3.39800 -7.96500 -3.31600 -4.18100 -7.81200 -12.60400 -12.96000
106.00000 3.38700 4.77100 0.05100 5.31000 8.09700 5.68600 -2.67500 0.17300 -0.03100 -1.44400 -7.96500 -3.31600 -3.69300 -7.81200 -13.09200 -13.44800
107.00000 2.89900 3.30600 0.53900 4.82200 7.60900 4.71000 -2.18700 0.17300 0.94600 -0.46800 -7.47700 -2.82800 -3.20400 -7.81200 -13.09200 -13.93600
108.00000 2.41100 2.33000 0.53900 4.33300 7.12100 3.73300 -2.18700 -0.31500 1.43400 0.50900 -7.47700 -2.34000 -2.71600 -7.81200 -13.09200 -14.42500
109.00000 2.41100 1.35300 1.02700 3.35700 6.14400 2.75700 -2.18700 -0.80400 1.92300 0.99700 -6.98900 -1.85100 -1.74000 -6.83600 -12.60400 -14.42500
110.00000 2.41100 1.84100 0.53900 3.35700 5.16800 3.73300 -2.18700 -1.29200 2.89900 1.97300 -6.50000 -1.36300 -1.74000 -5.37100 -12.60400 -14.42500
111.00000 2.41100 2.33000 -0.43700 2.86900 4.67900 5.19800 -2.67500 -2.26800 3.38700 3.43800 -6.01200 -1.85100 -0.76300 -3.90600 -12.11500 -13.44800
112.00000 2.41100 3.79400 -1.90200 2.38000 4.19100 7.15100 -2.67500 -2.26800 3.87600 5.39100 -5.52400 -2.34000 -0.27500 -2.93000 -12.11500 -12.96000
113.00000 2.89900 4.77100 -2.39100 1.89200 4.19100 8.61600 -2.67500 -2.26800 3.87600 6.36800 -5.52400 -2.34000 0.21400 -2.93000 -11.62700 -12.96000
114.00000 3.38700 5.74700 -1.90200 1.89200 4.19100 9.59300 -1.21100 -1.29200 3.38700 6.36800 -5.03500 -2.34000 -0.27500 -3.90600 -12.11500 -13.44800
115.00000 4.85200 6.23600 -0.43700 1.89200 5.16800 10.08100 0.25400 -0.80400 3.38700 5.88000 -4.05900 -2.34000 -0.27500 -4.39500 -12.60400 -13.44800
116.00000 5.34100 6.72400 0.53900 1.40400 6.63200 10.56900 1.23100 -0.31500 3.87600 5.88000 -3.08200 -1.85100 0.21400 -3.90600 -12.60400 -12.47200
117.00000 4.85200 6.72400 0.53900 1.40400 7.60900 10.56900 1.23100 -0.80400 4.85200 6.85600 -2.59400 -1.85100 1.19000 -2.44100 -12.11500 -11.49500
118.00000 3.38700 6.23600 -0.43700 0.91600 7.60900 10.56900 0.25400 -1.29200 5.82900 7.83300 -3.57100 -2.34000 1.67800 -0.97700 -12.11500 -10.03000
119.00000 1.92300 4.77100 -1.41400 0.42700 6.63200 10.08100 -1.69900 -2.75700 5.82900 8.32100 -5.03500 -3.31600 2.16700 0.00000 -12.60400 -10.03000
120.00000 1.43400 3.79400 -1.41400 0.91600 5.16800 8.61600 -2.67500 -3.24500 5.34100 7.83300 -6.98900 -4.29300 1.67800 -0.97700 -13.09200 -11.00700
121.00000 1.43400 2.81800 -0.43700 1.89200 4.19100 6.17500 -3.65200 -3.24500 4.85200 6.36800 -8.45300 -4.78100 0.70200 -2.44100 -13.58000 -11.98300
122.00000 1.92300 1.84100 0.53900 2.86900 3.70300 3.24500 -3.16400 -3.24500 3.38700 4.41500 -8.45300 -4.78100 -0.27500 -3.90600 -14.06900 -12.47200
123.00000 1.92300 0.37600 1.02700 3.35700 2.23800 0.31500 -3.16400 -2.75700 2.41100 2.46200 -7.96500 -4.29300 -0.76300 -4.88300 -13.09200 -11.98300
124.00000 0.94600 -1.08800 0.05100 2.38000 1.75000 -1.14900 -3.65200 -3.24500 0.94600 0.99700 -6.98900 -3.80500 -1.25100 -5.37100 -12.11500 -11.00700
125.00000 -0.51900 -2.06500 -1.41400 0.42700 0.77300 -2.12600 -4.62800 -3.73300 -0.03100 -0.46800 -7.47700 -3.31600 -1.74000 -5.85900 -11.62700 -10.51800
126.00000 -0.51900 -1.57700 -2.87900 -1.03800 0.28500 -1.63800 -6.09300 -4.22200 -0.51900 -1.44400 -7.96500 -3.31600 -1.74000 -7.32400 -11.62700 -11.00700
127.00000 0.45800 -1.08800 -3.36700 -1.03800 0.28500 -1.14900 -6.58200 -4.71000 -1.49500 -1.93300 -8.45300 -3.31600 -1.74000 -8.30100 -12.11500 -11.98300
128.00000 2.41100 0.37600 -2.87900 -0.06100 1.26100 -0.66100 -6.58200 -4.71000 -1.49500 -2.42100 -8.45300 -3.31600 -1.74000 -9.27700 -11.62700 -12.47200
129.00000 3.38700 1.35300 -2.39100 1.40400 2.23800 -1.14900 -6.58200 -4.22200 -1.98400 -2.90900 -6.98900 -2.82800 -1.74000 -9.76600 -11.13900 -11.98300
130.00000 3.87600 0.86500 -1.41400 3.35700 2.72600 -2.12600 -5.60500 -3.24500 -1.98400 -4.37400 -5.52400 -1.36300 -1.25100 -9.76600 -9.18600 -11.00700
131.00000 2.41100 -0.60000 -0.92600 4.33300 2.72600 -3.59100 -5.11700 -2.75700 -2.47200 -5.35100 -4.05900 -0.38700 -0.76300 -9.27700 -7.23300 -9.54200
132.00000 0.45800 -1.57700 -0.92600 3.84500 2.72600 -4.56700 -5.11700 -2.75700 -1.98400 -6.32700 -3.57100 0.59000 0.21400 -7.81200 -5.76800 -7.58900
133.00000 -1.49500 -3.04200 -1.41400 2.86900 2.72600 -4.07900 -5.60500 -2.75700 -1.00700 -5.83900 -3.57100 0.59000 2.16700 -6.34800 -4.79100 -5.63600
134.00000 -2.96000 -2.55300 -2.87900 1.89200 3.21500 -3.10300 -6.58200 -3.24500 0.45800 -3.88600 -4.54700 0.10200 3.63200 -4.88300 -5.28000 -4.17100
135.00000 -3.44800 -2.06500 -4.83200 0.91600 4.19100 -0.66100 -7.55800 -3.73300 1.92300 -1.93300 -5.52400 -0.87500 5.09600 -3.41800 -6.25600 -2.70600
136.00000 -3.44800 -1.08800 -5.32000 -0.54900 4.67900 1.29200 -8.53500 -4.71000 2.89900 -0.46800 -6.01200 -1.85100 5.58500 -2.93000 -6.74400 -2.70600
137.00000 -2.96000 0.37600 -5.32000 -0.54900 5.16800 3.73300 -8.53500 -5.19800 2.41100 0.50900 -6.50000 -2.82800 4.60800 -2.93000 -7.72100 -3.68200
138.00000 -0.51900 1.84100 -3.36700 -0.06100 5.65600 5.68600 -7.07000 -4.71000 2.41100 0.50900 -6.01200 -3.31600 3.63200 -2.93000 -7.72100 -4.65900
139.00000 1.43400 3.30600 -0.92600 0.42700 6.63200 6.66300 -5.11700 -4.22200 1.92300 0.99700 -5.52400 -2.82800 3.14300 -2.93000 -7.23300 -4.65900
140.00000 2.41100 4.77100 0.05100 1.40400 7.12100 7.64000 -4.14000 -3.24500 2.41100 2.46200 -5.03500 -2.34000 3.63200 -2.93000 -6.25600 -3.68200
141.00000 2.41100 4.28300 0.53900 1.89200 7.12100 6.66300 -4.62800 -2.75700 2.89900 3.43800 -4.54700 -1.85100 5.09600 -1.95300 -4.79100 -2.21800
142.00000 0.94600 2.33000 -0.92600 1.40400 6.63200 4.71000 -6.09300 -2.75700 3.38700 3.92700 -4.54700 -1.36300 6.07300 -1.95300 -3.81500 -1.24100
143.00000 -0.51900 -0.11200 -2.39100 1.40400 5.16800 2.75700 -8.04600 -3.24500 3.38700 2.46200 -5.03500 -1.36300 6.56100 -1.95300 -3.32600 -1.72900
144.00000 -1.49500 -1.57700 -3.36700 1.40400 4.67900 1.29200 -9.02300 -3.24500 2.89900 0.99700 -5.03500 -1.36300 6.07300 -2.44100 -2.83800 -2.21800
145.00000 -1.98400 -2.06500 -3.36700 1.89200 4.19100 1.29200 -8.53500 -3.24500 2.41100 0.02000 -4.05900 -0.87500 5.58500 -1.95300 -1.86200 -2.70600
146.00000 -1.98400 -1.57700 -3.36700 1.40400 4.19100 2.26800 -7.55800 -2.75700 1.92300 0.02000 -2.59400 0.59000 5.58500 -1.46500 -0.88500 -2.21800
147.00000 -2.47200 -0.60000 -3.85500 -0.06100 4.19100 3.73300 -6.58200 -2.26800 1.92300 0.99700 -0.15300 2.54300 6.56100 -0.48800 1.06800 -0.26400
148.00000 -3.44800 -0.11200 -5.32000 -2.50200 3.21500 4.22200 -6.58200 -1.78000 2.41100 1.97300 1.31200 4.00800 7.53800 0.00000 2.53300 1.20000
149.00000 -4.91300 -1.57700 -7.27300 -4.45600 2.23800 3.24500 -7.07000 -1.78000 2.89900 1.97300 2.28900 4.98500 8.51400 0.48800 3.02100 2.17700
150.00000 -4.91300 -2.55300 -7.76200 -5.92000 1.75000 1.78000 -7.55800 -1.78000 2.89900 1.48500 2.28900 5.47300 9.00300 0.00000 2.53300 1.68900
151.00000 -4.91300 -3.04200 -7.27300 -5.92000 0.77300 -0.66100 -7.55800 -0.80400 2.89900 0.02000 1.31200 5.47300 9.49100 -0.97700 2.04500 1.20000
152.00000 -3.44800 -2.55300 -5.80900 -4.45600 0.77300 -1.63800 -6.09300 0.17300 2.41100 -0.95600 0.33600 5.47300 9.49100 -1.46500 1.55600 0.71200
153.00000 -2.47200 -1.57700 -3.85500 -2.50200 0.77300 -2.61400 -5.11700 1.14900 1.92300 -1.44400 -0.64100 5.47300 9.97900 -1.46500 1.06800 0.22400
154.00000 -1.00700 -1.08800 -1.41400 -0.54900 0.77300 -3.10300 -3.65200 2.12600 1.43400 -1.93300 -1.12900 5.47300 9.49100 -1.95300 1.06800 -0.26400
155.00000 -0.51900 -1.57700 0.53900 0.42700 0.28500 -3.10300 -2.67500 2.61400 1.43400 -2.42100 -1.12900 4.49600 8.51400 -3.41800 0.58000 -1.24100
156.00000 -0.51900 -2.55300 1.51600 1.40400 0.28500 -3.59100 -2.67500 2.61400 0.94600 -3.39800 -1.12900 4.00800 7.05000 -4.39500 0.09200 -2.70600
157.00000 -0.51900 -2.55300 1.02700 0.91600 0.28500 -3.59100 -2.67500 2.61400 0.45800 -4.37400 -1.12900 3.52000 5.58500 -5.37100 -0.39700 -3.19400
158.00000 -1.00700 -2.06500 -0.92600 0.42700 0.77300 -3.10300 -3.16400 2.61400 -0.03100 -5.83900 -1.12900 4.00800 5.58500 -5.37100 -0.39700 -2.70600
159.00000 -1.98400 -1.57700 -3.36700 -1.03800 1.26100 -2.61400 -4.14000 2.61400 -0.51900 -6.32700 -1.12900 4.49600 5.58500 -4.88300 -0.88500 -1.72900
160.00000 -2.96000 -1.08800 -6.29700 -2.50200 1.26100 -1.63800 -5.11700 2.61400 -1.00700 -6.32700 -1.12900 4.98500 6.07300 -3.90600 -1.37300 -1.24100
161.00000 -3.93700 -2.55300 -7.27300 -2.99100 0.28500 -2.12600 -5.60500 2.12600 -1.98400 -6.81600 -1.61700 4.49600 5.58500 -3.90600 -2.83800 -1.72900
162.00000 -5.40200 -4.99500 -7.76200 -3.47900 -1.66800 -4.07900 -6.09300 1.63800 -2.96000 -6.81600 -2.10600 3.52000 4.12000 -4.88300 -3.81500 -3.19400
163.00000 -5.89000 -6.94800 -6.29700 -2.99100 -3.62100 -6.03200 -7.07000 1.63800 -3.93700 -6.81600 -2.59400 3.03100 2.16700 -6.34800 -4.79100 -5.14700
164.00000 -5.89000 -8.41300 -5.32000 -2.50200 -4.11000 -7.98500 -7.07000 1.63800 -5.40200 -7.30400 -2.59400 2.54300 0.70200 -7.81200 -4.30300 -6.12400
165.00000 -5.89000 -7.92400 -5.32000 -2.01400 -4.11000 -7.98500 -7.55800 1.14900 -5.89000 -7.79200 -2.59400 2.05500 0.70200 -8.30100 -3.32600 -6.12400
166.00000 -5.89000 -6.94800 -6.29700 -2.50200 -3.62100 -7.98500 -8.53500 0.17300 -4.91300 -8.28000 -3.57100 2.05500 1.67800 -7.81200 -1.86200 -5.14700
167.00000 -6.37800 -6.46000 -8.25000 -2.99100 -3.13300 -7.98500 -9.51100 -0.80400 -3.93700 -8.28000 -4.05900 1.56700 2.65500 -6.83600 -1.86200 -4.17100
168.00000 -7.84300 -6.94800 -10.20300 -3.96700 -3.62100 -8.96200 -10.48800 -1.78000 -2.47200 -7.79200 -5.03500 0.59000 4.60800 -5.85900 -1.86200 -2.70600
169.00000 -8.82000 -7.92400 -11.66800 -4.45600 -4.11000 -9.93900 -11.95300 -2.26800 -1.98400 -7.30400 -5.52400 0.10200 5.09600 -4.88300 -2.35000 -2.21800
170.00000 -9.30800 -7.92400 -12.15600 -4.45600 -4.11000 -9.93900 -12.92900 -2.26800 -1.98400 -6.81600 -6.01200 -0.38700 5.09600 -4.88300 -2.83800 -0.75300
171.00000 -8.33100 -6.94800 -11.18000 -3.47900 -3.13300 -8.96200 -12.92900 -1.78000 -1.98400 -5.83900 -5.52400 -0.38700 5.09600 -4.88300 -2.83800 -0.75300
172.00000 -6.86600 -5.48300 -9.71500 -2.01400 -2.15700 -6.52100 -12.44100 -1.78000 -1.98400 -5.83900 -5.52400 0.10200 5.09600 -4.88300 -2.35000 -0.26400
173.00000 -5.89000 -4.99500 -8.25000 -1.52600 -1.66800 -5.54400 -11.95300 -1.78000 -1.49500 -5.35100 -5.03500 0.10200 5.09600 -3.90600 -2.83800 -0.75300
174.00000 -6.37800 -5.48300 -8.25000 -2.50200 -1.66800 -6.52100 -11.95300 -2.75700 -0.03100 -3.88600 -5.52400 -0.38700 6.56100 -2.93000 -2.83800 -0.75300
175.00000 -7.84300 -6.94800 -9.22600 -4.45600 -2.64500 -7.49700 -12.44100 -4.22200 1.43400 -1.93300 -6.01200 -0.87500 7.53800 -0.48800 -2.83800 -0.26400
176.00000 -9.79600 -8.90100 -10.20300 -6.40900 -3.62100 -7.49700 -12.92900 -4.71000 2.41100 0.02000 -5.52400 -1.36300 8.51400 1.46500 -2.83800 0.71200
177.00000 -10.77300 -8.41300 -11.66800 -7.87400 -3.62100 -5.05600 -12.44100 -4.71000 2.89900 1.48500 -4.54700 -0.38700 9.49100 3.41800 -1.86200 1.68900
178.00000 -10.77300 -6.94800 -12.15600 -7.87400 -3.13300 -0.66100 -11.95300 -4.22200 2.89900 1.97300 -3.57100 0.10200 9.49100 4.39500 -1.37300 2.17700
179.00000 -10.28400 -5.48300 -11.66800 -7.38500 -2.15700 1.78000 -10.97600 -3.24500 2.41100 1.48500 -2.59400 0.59000 9.00300 3.90600 -0.88500 2.17700
180.00000 -9.79600 -5.48300 -10.20300 -5.92000 -2.15700 1.29200 -10.00000 -2.75700 1.43400 0.50900 -2.10600 0.10200 8.02600 2.44100 -0.39700 0.71200
181.00000 -8.82000 -6.46000 -8.73800 -4.94400 -2.15700 -2.12600 -9.51100 -2.75700 0.45800 -1.44400 -3.57100 -0.87500 6.56100 0.48800 -0.88500 -0.75300
182.00000 -8.33100 -8.41300 -7.76200 -3.96700 -2.64500 -6.52100 -10.00000 -2.75700 -0.03100 -2.90900 -5.03500 -1.85100 5.58500 -1.46500 -1.86200 -2.21800
183.00000 -8.33100 -9.38900 -7.27300 -3.47900 -3.13300 -8.96200 -10.48800 -3.24500 -1.00700 -4.86200 -6.01200 -2.82800 4.12000 -3.41800 -3.32600 -3.19400
184.00000 -8.33100 -9.87800 -7.76200 -2.99100 -2.64500 -9.45000 -10.48800 -3.24500 -1.49500 -6.32700 -6.01200 -2.34000 3.14300 -4.39500 -4.30300 -3.68200
185.00000 -9.30800 -9.38900 -8.25000 -2.99100 -2.64500 -8.96200 -10.48800 -2.75700 -2.47200 -7.79200 -5.03500 -1.36300 2.16700 -5.37100 -4.30300 -4.17100
186.00000 -10.77300 -9.87800 -9.71500 -3.47900 -3.13300 -8.96200 -10.48800 -2.75700 -2.96000 -8.76900 -4.05900 -0.87500 1.67800 -6.83600 -3.81500 -5.14700
187.00000 -12.72600 -10.85400 -10.69100 -4.45600 -3.62100 -9.93900 -10.97600 -2.75700 -2.96000 -8.76900 -3.57100 -0.38700 1.19000 -7.81200 -3.32600 -5.14700
188.00000 -14.67900 -12.31900 -11.66800 -6.40900 -4.11000 -10.91500 -12.44100 -3.24500 -2.96000 -7.79200 -4.05900 -0.38700 1.19000 -7.81200 -2.35000 -4.65900
189.00000 -16.14400 -14.27200 -12.64400 -7.38500 -4.11000 -10.42700 -13.41800 -4.22200 -2.47200 -7.30400 -4.05900 -0.38700 1.67800 -7.32400 -1.37300 -3.68200
190.00000 -17.60900 -15.73700 -13.13300 -8.36200 -3.62100 -8.96200 -14.39400 -4.71000 -1.98400 -6.81600 -4.05900 -0.38700 2.65500 -6.34800 -0.88500 -2.70600
191.00000 -18.09700 -15.73700 -14.10900 -8.36200 -2.64500 -7.49700 -14.88200 -4.71000 -1.49500 -7.30400 -3.57100 0.10200 3.14300 -4.39500 0.09200 -2.70600
192.00000 -18.09700 -15.73700 -15.08600 -8.36200 -2.64500 -7.00900 -13.90600 -4.71000 -1.49500 -7.79200 -2.59400 0.59000 3.63200 -3.90600 0.09200 -2.70600
193.00000 -18.09700 -15.73700 -15.08600 -7.87400 -3.62100 -7.49700 -13.41800 -4.71000 -1.98400 -8.76900 -2.59400 0.10200 3.63200 -3.90600 -0.88500 -3.68200
194.00000 -18.58500 -16.22500 -14.59800 -7.87400 -5.08600 -8.96200 -13.41800 -5.19800 -2.47200 -9.25700 -4.05900 -0.87500 3.14300 -5.85900 -2.35000 -5.14700
195.00000 -19.07300 -16.71300 -14.10900 -7.38500 -6.06300 -9.93900 -14.39400 -6.17500 -2.47200 -9.74500 -6.01200 -1.85100 3.14300 -7.81200 -4.30300 -6.12400
196.00000 -19.07300 -17.20200 -14.59800 -7.87400 -5.57500 -9.45000 -15.37100 -6.66300 -2.47200 -9.25700 -7.47700 -3.31600 3.63200 -8.78900 -6.25600 -6.61200
197.00000 -18.09700 -16.71300 -15.08600 -7.38500 -4.11000 -7.98500 -15.85900 -7.15100 -1.98400 -8.76900 -8.94200 -3.80500 4.12000 -8.78900 -6.74400 -6.12400
198.00000 -16.63200 -14.27200 -15.08600 -6.89700 -1.66800 -5.05600 -16.34700 -7.15100 -1.00700 -7.30400 -8.45300 -3.80500 5.09600 -7.32400 -6.74400 -5.14700
199.00000 -14.19100 -10.36600 -13.62100 -5.43200 0.28500 -2.12600 -16.34700 -6.66300 -0.03100 -5.35100 -7.96500 -3.31600 5.09600 -5.37100 -5.76800 -4.17100
200.00000 -11.74900 -6.46000 -10.69100 -4.45600 2.23800 0.31500 -15.37100 -5.68600 0.45800 -2.42100 -6.98900 -3.31600 5.09600 -4.39500 -5.28000 -3.19400
201.00000 -9.79600 -4.01800 -7.76200 -3.47900 2.23800 1.29200 -13.90600 -5.19800 0.45800 -0.95600 -6.01200 -3.31600 4.12000 -4.39500 -6.25600 -3.68200
202.00000 -8.82000 -3.53000 -5.80900 -2.99100 1.26100 0.80400 -12.44100 -4.22200 -0.03100 -0.46800 -5.52400 -3.31600 3.14300 -4.88300 -7.72100 -5.14700
203.00000 -9.30800 -4.99500 -5.80900 -2.50200 -0.20300 -1.14900 -10.97600 -3.73300 -0.51900 -1.44400 -5.03500 -3.31600 2.65500 -5.37100 -9.67400 -6.61200
204.00000 -10.28400 -7.43600 -6.78500 -3.47900 -1.66800 -2.12600 -10.00000 -3.24500 -0.51900 -2.90900 -4.54700 -2.82800 2.16700 -5.37100 -11.62700 -7.58900
205.00000 -11.26100 -8.90100 -8.25000 -3.96700 -2.15700 -2.61400 -9.02300 -2.75700 -0.51900 -2.90900 -4.54700 -1.85100 2.65500 -3.90600 -12.11500 -8.07700
206.00000 -11.26100 -8.90100 -9.22600 -4.94400 -1.66800 -1.14900 -8.53500 -2.75700 -0.51900 -1.93300 -4.54700 -1.36300 3.14300 -2.93000 -11.62700 -7.10000
207.00000 -11.26100 -7.92400 -9.22600 -5.92000 -0.69200 0.80400 -8.53500 -2.75700 0.45800 -0.46800 -4.54700 -0.87500 4.60800 -1.46500 -10.16200 -6.61200
208.00000 -10.77300 -6.94800 -9.22600 -6.40900 0.77300 2.26800 -8.53500 -3.24500 1.43400 0.99700 -4.54700 -0.87500 5.58500 -0.97700 -8.69800 -6.12400
209.00000 -10.28400 -5.97100 -9.22600 -6.89700 1.26100 3.24500 -8.53500 -3.24500 1.92300 1.48500 -4.54700 -0.38700 6.07300 -1.95300 -7.72100 -7.10000
210.00000 -9.30800 -5.48300 -8.73800 -5.92000 1.26100 2.26800 -8.53500 -3.24500 1.92300 0.99700 -4.54700 0.10200 6.56100 -3.41800 -6.74400 -8.56500
211.00000 -7.84300 -4.50600 -7.76200 -5.43200 1.26100 0.80400 -9.02300 -3.24500 1.92300 -0.46800 -4.54700 0.59000 6.56100 -5.37100 -6.25600 -10.03000
212.00000 -6.86600 -4.01800 -6.78500 -4.94400 0.28500 -0.17300 -9.02300 -3.24500 1.92300 -0.95600 -4.54700 1.07800 6.56100 -5.85900 -5.76800 -10.03000
213.00000 -6.37800 -4.50600 -6.29700 -4.94400 -0.20300 -0.66100 -9.51100 -3.73300 1.92300 -1.44400 -4.54700 2.05500 7.05000 -4.88300 -4.79100 -8.56500
214.00000 -7.84300 -6.46000 -7.76200 -6.40900 -0.69200 -1.14900 -10.00000 -3.73300 1.92300 -0.95600 -3.57100 2.54300 8.02600 -2.93000 -2.83800 -5.63600
215.00000 -9.79600 -8.41300 -9.71500 -8.36200 -1.18000 -1.14900 -10.48800 -4.22200 2.41100 -0.46800 -2.59400 3.03100 9.49100 -0.48800 -0.88500 -1.72900
216.00000 -11.74900 -9.87800 -10.69100 -9.82700 -1.66800 -0.66100 -9.51100 -4.22200 2.41100 0.02000 -0.64100 4.00800 10.95600 1.46500 1.55600 2.17700
217.00000 -12.23800 -8.90100 -9.71500 -9.82700 -1.66800 0.31500 -8.04600 -3.24500 1.92300 0.50900 1.31200 4.49600 11.44400 2.44100 3.51000 4.61800
218.00000 -9.79600 -6.94800 -7.27300 -8.85000 -0.69200 1.78000 -5.60500 -2.75700 1.92300 0.50900 3.26500 4.98500 10.95600 2.44100 3.99800 5.59500
219.00000 -7.35500 -4.99500 -4.34400 -6.40900 -0.20300 2.26800 -3.16400 -1.78000 1.43400 0.99700 4.24200 4.49600 9.49100 0.97700 3.02100 4.61800
220.00000 -5.89000 -4.01800 -3.36700 -5.43200 0.28500 1.29200 -2.18700 -1.29200 0.94600 0.99700 4.24200 4.00800 8.02600 -0.48800 1.06800 2.66500
221.00000 -6.86600 -5.48300 -4.34400 -4.45600 0.28500 -0.17300 -2.67500 -0.80400 0.94600 0.99700 2.77700 3.03100 7.05000 -1.46500 -1.37300 0.71200
222.00000 -9.79600 -7.92400 -6.78500 -5.43200 -1.18000 -1.14900 -3.65200 -0.80400 0.94600 1.97300 0.82400 2.05500 6.56100 -1.46500 -4.79100 -1.72900
223.00000 -12.72600 -9.87800 -9.22600 -6.40900 -2.15700 -1.63800 -5.11700 -0.80400 1.43400 2.46200 -1.61700 1.07800 6.07300 -1.46500 -8.20900 -3.68200
224.00000 -14.19100 -10.85400 -10.20300 -7.38500 -2.64500 -1.14900 -6.58200 -0.80400 1.43400 2.95000 -3.57100 0.59000 4.60800 -1.46500 -11.13900 -6.12400
225.00000 -14.19100 -10.85400 -10.20300 -6.89700 -2.64500 -0.66100 -7.07000 -0.80400 1.43400 1.97300 -5.52400 -0.38700 3.14300 -2.44100 -13.58000 -8.56500
226.00000 -13.21400 -10.36600 -10.69100 -6.40900 -1.66800 -0.17300 -8.53500 -1.29200 1.43400 0.50900 -6.50000 -1.85100 2.16700 -3.41800 -15.53300 -10.51800
227.00000 -12.23800 -10.36600 -11.18000 -5.92000 -0.69200 -0.17300 -10.00000 -1.78000 1.92300 -0.95600 -7.96500 -2.34000 1.67800 -4.39500 -15.53300 -12.47200
228.00000 -12.23800 -11.34200 -11.66800 -6.40900 -0.20300 -1.14900 -10.97600 -2.26800 1.43400 -1.44400 -9.43000 -2.82800 1.67800 -5.37100 -15.53300 -13.44800
229.00000 -13.21400 -11.83100 -11.18000 -5.92000 -0.20300 -3.10300 -11.46400 -1.78000 1.43400 -1.93300 -10.40600 -3.31600 2.16700 -6.34800 -15.04500 -14.42500
230.00000 -14.19100 -12.31900 -9.71500 -5.43200 -0.69200 -4.56700 -11.46400 -1.78000 0.94600 -1.93300 -11.38300 -3.80500 1.67800 -7.32400 -15.53300 -15.40100
231.00000 -14.67900 -12.80700 -8.25000 -3.96700 -1.18000 -6.03200 -10.97600 -1.78000 -0.03100 -3.39800 -11.87100 -3.80500 1.19000 -8.78900 -15.53300 -15.88900
232.00000 -14.19100 -12.31900 -7.76200 -2.50200 -1.66800 -7.00900 -10.48800 -1.78000 -1.00700 -5.35100 -11.38300 -4.29300 0.21400 -9.76600 -14.55700 -15.40100
233.00000 -13.21400 -11.83100 -8.25000 -2.01400 -2.15700 -6.03200 -10.00000 -1.78000 -1.98400 -6.32700 -9.43000 -3.80500 0.21400 -9.76600 -12.60400 -13.44800
234.00000 -12.72600 -11.34200 -10.20300 -3.47900 -2.64500 -4.56700 -9.51100 -1.78000 -1.98400 -6.32700 -6.98900 -2.82800 1.19000 -8.30100 -9.18600 -10.51800
235.00000 -13.21400 -11.83100 -12.64400 -5.43200 -2.64500 -3.59100 -9.02300 -1.78000 -1.49500 -5.83900 -4.05900 -1.36300 3.14300 -6.34800 -5.28000 -7.58900
236.00000 -14.19100 -12.80700 -14.59800 -7.87400 -3.62100 -4.56700 -9.51100 -1.78000 -1.49500 -4.86200 -2.59400 0.10200 3.63200 -5.37100 -2.35000 -5.14700
237.00000 -15.65600 -13.78400 -15.57400 -9.33800 -4.59800 -7.49700 -10.48800 -2.26800 -1.98400 -5.83900 -2.59400 0.59000 3.63200 -6.34800 -1.37300 -5.14700
238.00000 -17.12000 -15.24900 -15.57400 -9.33800 -5.57500 -10.91500 -10.97600 -2.75700 -2.96000 -7.79200 -3.08200 0.10200 2.16700 -8.78900 -2.35000 -6.61200
239.00000 -16.63200 -16.22500 -14.10900 -8.36200 -7.03900 -13.84500 -11.46400 -2.75700 -4.42500 -10.72200 -4.54700 -0.87500 -0.27500 -12.69500 -4.30300 -9.05400
240.00000 -15.16700 -16.22500 -11.66800 -6.40900 -7.52800 -14.33300 -11.46400 -2.26800 -5.89000 -13.65200 -5.52400 -2.34000 -2.71600 -16.11300 -6.74400 -12.47200
241.00000 -13.21400 -15.73700 -9.22600 -3.96700 -7.03900 -12.86800 -10.97600 -1.78000 -6.37800 -14.62800 -6.98900 -3.80500 -4.66900 -18.06600 -8.69800 -15.88900
242.00000 -11.74900 -13.78400 -8.73800 -2.50200 -5.08600 -10.91500 -11.46400 -1.78000 -6.37800 -14.14000 -8.94200 -5.75800 -6.62200 -19.53100 -11.62700 -19.30700
243.00000 -10.77300 -12.31900 -9.71500 -1.03800 -2.64500 -8.47400 -12.92900 -2.75700 -5.40200 -12.67500 -11.87100 -8.19900 -8.08700 -20.02000 -14.55700 -21.74900
244.00000 -10.28400 -10.36600 -11.66800 -1.03800 -0.20300 -6.52100 -14.88200 -4.22200 -4.42500 -11.69800 -15.28900 -11.12900 -10.04000 -20.50800 -18.46300 -24.19000
245.00000 -9.79600 -7.43600 -13.13300 -0.54900 1.75000 -5.05600 -16.34700 -5.19800 -3.93700 -10.23400 -17.73100 -13.57000 -11.50500 -20.50800 -22.36900 -25.16700
246.00000 -8.33100 -4.99500 -13.13300 -0.06100 3.21500 -3.10300 -17.32400 -5.19800 -3.44800 -9.74500 -19.68400 -15.52300 -12.48200 -20.50800 -25.29900 -25.65500
247.00000 -5.89000 -3.04200 -11.66800 0.91600 4.67900 -1.63800 -16.83600 -5.68600 -3.93700 -9.25700 -20.66000 -16.98800 -12.97000 -20.50800 -28.22900 -26.14300
248.00000 -4.42500 -2.55300 -10.69100 1.89200 5.16800 -1.14900 -16.34700 -5.19800 -4.42500 -9.74500 -21.14900 -16.98800 -13.94700 -20.99600 -29.69400 -26.14300
249.00000 -3.93700 -3.53000 -10.20300 2.38000 5.16800 -2.12600 -15.85900 -4.71000 -4.91300 -10.23400 -21.14900 -17.47600 -14.43500 -21.48400 -31.15800 -26.63200
250.00000 -5.40200 -5.48300 -10.69100 1.89200 4.67900 -4.07900 -15.85900 -4.71000 -5.40200 -10.23400 -21.63700 -16.98800 -15.41100 -21.97300 -31.64700 -26.63200
251.00000 -6.86600 -7.92400 -10.69100 1.89200 3.21500 -6.03200 -15.37100 -4.22200 -5.40200 -9.74500 -21.63700 -16.50000 -14.43500 -21.48400 -31.64700 -26.63200
252.00000 -7.35500 -8.90100 -9.22600 1.89200 2.23800 -6.03200 -13.90600 -3.24500 -4.42500 -8.76900 -20.17200 -15.52300 -12.97000 -20.02000 -29.69400 -25.65500
253.00000 -6.37800 -8.41300 -6.78500 2.38000 1.75000 -4.07900 -11.46400 -2.26800 -3.93700 -7.30400 -17.73100 -13.57000 -10.52900 -18.06600 -26.76400 -23.21400
254.00000 -4.42500 -5.97100 -4.34400 3.35700 1.75000 -1.14900 -9.02300 -1.29200 -3.44800 -6.32700 -14.31300 -11.61700 -8.57500 -15.62500 -21.88100 -20.77200
255.00000 -2.96000 -4.01800 -2.39100 3.84500 2.23800 1.29200 -7.07000 -0.31500 -3.44800 -5.83900 -10.89500 -9.17600 -6.62200 -14.16000 -16.99800 -17.84300
256.00000 -2.96000 -2.55300 -1.41400 3.35700 2.72600 2.26800 -6.09300 -0.80400 -4.42500 -6.32700 -8.45300 -7.22200 -6.13400 -13.18400 -13.09200 -15.88900
