1.00000 5.42200 -0.08100 4.02800 7.22200 0.28500 -3.29600 1.16000 0.10200 -3.14300 7.48700 1.77000 -3.06200 -0.03100 1.13900 -1.44400 -1.70900
2.00000 3.95700 -1.54600 2.56300 5.26900 0.28500 -4.27200 0.67100 -0.87500 -1.67800 2.11600 -0.67100 -4.03800 0.94600 1.62800 -0.95600 -1.22100
3.00000 2.98100 -2.03500 1.58700 3.80500 0.77300 -3.78400 1.16000 -0.87500 -0.21400 -2.76700 -0.18300 -3.06200 2.89900 3.09200 0.99700 0.24400
4.00000 2.00400 -1.05800 1.58700 3.31600 1.26100 -0.85400 1.64800 0.59000 -0.21400 -2.76700 2.74700 -0.62100 3.87600 4.55700 3.92700 2.19700
5.00000 2.49200 -0.08100 2.56300 3.80500 1.75000 2.07500 3.11300 1.56700 -1.19000 1.62800 6.16500 1.33300 4.36400 5.53400 5.88000 4.15000
6.00000 2.98100 0.89500 3.54000 4.78100 2.23800 4.02800 4.57800 2.54300 -1.67800 7.48700 8.11800 1.33300 3.87600 5.53400 5.88000 5.12700
7.00000 3.46900 1.87200 5.49300 5.75800 2.72600 5.00500 6.53100 3.03100 -1.19000 9.92800 6.65300 -0.13200 2.41100 3.58100 3.92700 4.63900
8.00000 4.93400 2.36000 5.98100 7.22200 4.19100 5.00500 8.97200 2.05500 -0.21400 7.97500 2.74700 -3.55000 -0.03100 0.16300 0.50900 2.68600
9.00000 5.91000 2.84800 6.47000 8.68700 6.14400 4.51700 10.43700 1.07800 1.25100 3.09200 -2.13600 -7.45600 -2.47200 -3.25500 -3.39800 -0.73200
10.00000 6.39900 3.33700 5.49300 9.17600 7.12100 5.00500 9.94900 -0.38700 1.74000 -0.81400 -5.06600 -9.41000 -3.93700 -5.69700 -6.32700 -3.17400
11.00000 5.91000 2.84800 4.51700 8.68700 8.09700 5.00500 7.50700 -1.85100 1.25100 -1.79000 -5.55400 -9.89800 -4.91300 -7.65000 -7.30400 -5.12700
12.00000 2.98100 0.89500 2.07500 6.24600 6.63200 5.00500 3.60100 -3.31600 0.27500 -1.30200 -3.11300 -7.94500 -5.40200 -8.62600 -5.83900 -6.10400
13.00000 0.05100 -1.05800 0.12200 3.31600 3.70300 3.05200 -0.30500 -3.80500 -0.70200 -2.27900 -0.67100 -5.50300 -4.91300 -8.62600 -4.37400 -6.59200
14.00000 -2.87900 -3.98800 -0.85400 0.87500 0.28500 0.61000 -1.77000 -3.80500 -1.19000 -5.20800 0.30500 -3.55000 -3.93700 -8.13800 -2.90900 -6.59200
15.00000 -3.85500 -5.45200 -1.34300 -1.07800 -2.15700 -1.34300 -0.79300 -3.31600 -1.19000 -8.62600 -0.18300 -2.57400 -2.96000 -6.18500 -2.42100 -7.08000
16.00000 -3.85500 -5.45200 -1.83100 -0.59000 -3.13300 -2.80800 0.67100 -3.31600 -2.16700 -8.62600 -1.64800 -2.57400 -1.98400 -4.23200 -2.42100 -7.08000
17.00000 -2.39100 -4.47600 -1.83100 0.38700 -3.62100 -3.29600 2.13600 -3.31600 -3.14300 -4.23200 -2.13600 -3.06200 -1.00700 -2.76700 -1.93300 -5.61500
18.00000 -1.41400 -3.01100 -1.83100 1.85100 -3.13300 -2.80800 1.64800 -3.31600 -4.12000 3.58100 -0.67100 -2.57400 -1.49500 -1.79000 0.02000 -3.17400
19.00000 -0.92600 -2.52300 -1.83100 3.31600 -2.64500 -2.80800 -0.79300 -3.31600 -4.60800 8.95200 2.25800 -2.08500 -1.49500 -1.30200 2.46200 -0.24400
20.00000 -0.92600 -2.52300 -1.34300 4.29300 -1.66800 -2.80800 -2.74700 -1.85100 -3.63200 8.95200 4.70000 -0.62100 -1.00700 -0.81400 5.88000 2.19700
21.00000 -0.92600 -2.52300 -0.85400 4.78100 -0.69200 -1.83100 -3.23500 -0.38700 -2.16700 4.55700 6.16500 0.35600 0.94600 0.16300 8.32100 5.61500
22.00000 -0.43700 -2.03500 0.12200 4.29300 0.28500 -0.85400 -1.77000 -0.38700 -1.19000 -1.30200 7.14100 0.35600 3.87600 2.11600 10.27400 7.56800
23.00000 -0.43700 -2.03500 1.09900 2.82800 0.28500 0.61000 1.16000 -2.34000 0.27500 -4.23200 7.14100 0.35600 7.29400 4.06900 11.73900 9.52100
24.00000 -1.90200 -3.01100 1.09900 0.38700 -0.20300 0.12200 5.06600 -5.26900 1.74000 -2.76700 7.14100 0.84400 9.73500 6.02200 12.71600 10.49800
25.00000 -4.34400 -5.94100 -0.36600 -3.03100 -2.64500 -2.31900 7.50700 -7.22200 3.20400 1.13900 7.14100 1.82100 11.68800 6.51000 13.69200 10.49800
26.00000 -8.25000 -10.82400 -2.80800 -5.47300 -5.57500 -5.73700 7.99600 -7.71100 3.69300 3.09200 7.14100 2.79700 11.68800 5.53400 13.69200 8.54500
27.00000 -12.15600 -15.21800 -5.73700 -7.42600 -8.50400 -10.13200 7.01900 -5.75800 3.69300 -0.32600 7.14100 4.26200 10.22300 3.09200 11.73900 5.12700
28.00000 -14.59800 -18.63600 -8.17900 -6.93800 -10.45700 -14.52600 4.57800 -2.82800 2.22800 -6.18500 7.62900 5.72700 7.78200 -0.81400 9.29800 0.73200
29.00000 -15.08600 -20.10100 -9.15500 -5.47300 -11.43400 -16.96800 2.13600 -0.38700 0.27500 -12.04400 9.58300 6.70400 4.85200 -4.23200 7.34500 -3.17400
30.00000 -14.10900 -19.61300 -8.66700 -4.00800 -10.94600 -18.43300 1.64800 0.10200 -1.19000 -13.99700 11.53600 7.68000 3.38700 -6.18500 7.34500 -4.15000
31.00000 -12.64400 -18.14800 -7.20200 -2.05500 -10.45700 -17.94400 3.60100 0.10200 -2.16700 -12.04400 13.48900 8.65700 3.38700 -5.20800 8.80900 -2.19700
32.00000 -11.18000 -17.17100 -4.76100 -1.07800 -9.96900 -15.99100 6.04200 0.10200 -3.14300 -8.13800 14.95400 9.63300 4.85200 -1.79000 11.25100 1.70900
33.00000 -9.71500 -16.19500 -2.31900 -0.10200 -9.48100 -13.06200 7.99600 1.07800 -4.60800 -4.23200 14.95400 10.12200 6.31700 3.09200 13.20400 5.12700
34.00000 -8.73800 -15.70600 -0.85400 0.87500 -9.96900 -10.13200 7.50700 2.05500 -6.07300 -1.30200 12.51200 8.65700 6.31700 6.02200 12.22700 6.59200
35.00000 -8.25000 -14.73000 -0.36600 1.36300 -8.99300 -7.69000 4.57800 3.03100 -7.53800 0.16300 9.09400 5.72700 4.36400 6.02200 8.32100 5.12700
36.00000 -7.76200 -13.75300 -0.36600 1.85100 -8.01600 -6.71400 0.67100 2.05500 -7.53800 1.13900 4.21100 1.82100 0.94600 3.09200 3.92700 2.19700
37.00000 -6.29700 -11.80000 -0.85400 2.34000 -6.55100 -6.22600 -1.77000 -0.38700 -5.58500 1.13900 -0.18300 -2.08500 -2.96000 -1.79000 -0.46800 -1.70900
38.00000 -5.80900 -9.84700 -1.34300 2.34000 -4.59800 -5.24900 -2.74700 -2.82800 -3.14300 0.16300 -2.62500 -5.50300 -6.37800 -6.18500 -4.37400 -5.12700
39.00000 -4.34400 -7.40600 -2.31900 1.85100 -2.15700 -3.78400 -2.25800 -4.29300 -0.70200 -2.76700 -3.60100 -7.45600 -8.33100 -10.09100 -6.81600 -8.05700
40.00000 -2.39100 -4.96400 -3.29600 1.85100 0.77300 -0.36600 -0.79300 -4.29300 0.27500 -6.18500 -3.60100 -8.92100 -10.28400 -12.04400 -9.25700 -10.98600
41.00000 -0.92600 -2.03500 -3.29600 2.34000 3.70300 2.56300 -0.30500 -3.31600 0.27500 -8.13800 -4.57800 -9.89800 -11.74900 -13.50900 -11.69800 -13.42800
42.00000 0.53900 -0.57000 -2.31900 3.31600 6.14400 4.51700 0.18300 -2.34000 0.27500 -7.65000 -6.53100 -10.38600 -13.21400 -14.97400 -14.14000 -15.38100
43.00000 1.51600 0.40700 0.12200 3.80500 7.12100 5.49300 1.16000 -0.87500 0.76300 -4.23200 -8.97200 -10.38600 -13.70200 -15.46200 -15.60500 -15.86900
44.00000 2.00400 0.89500 2.56300 4.78100 6.63200 4.51700 2.13600 -0.87500 0.76300 0.65100 -10.43700 -9.89800 -13.70200 -15.95100 -15.60500 -16.35700
45.00000 1.51600 -0.08100 3.54000 4.78100 4.67900 3.54000 2.13600 -0.38700 0.27500 5.53400 -10.43700 -9.41000 -13.21400 -16.43900 -15.60500 -15.86900
46.00000 0.05100 -1.54600 1.58700 3.31600 2.23800 2.56300 1.16000 -1.36300 -0.70200 7.97500 -9.94900 -8.92100 -12.23800 -15.46200 -14.62800 -14.89300
47.00000 -2.39100 -3.49900 -1.83100 1.36300 0.28500 2.56300 -1.77000 -2.82800 -1.67800 7.48700 -9.46000 -8.43300 -10.28400 -13.99700 -13.65200 -13.42800
48.00000 -4.34400 -4.96400 -6.22600 -1.56700 -0.20300 2.56300 -5.18800 -4.29300 -1.67800 5.04600 -9.46000 -8.43300 -7.84300 -11.55600 -12.18700 -11.47500
49.00000 -5.32000 -5.94100 -9.15500 -3.52000 -0.20300 1.58700 -8.11800 -6.24600 -0.70200 0.16300 -10.92500 -8.92100 -4.91300 -8.13800 -10.72200 -9.03300
50.00000 -5.32000 -6.42900 -9.15500 -4.98500 0.28500 0.61000 -9.09400 -8.19900 1.25100 -3.25500 -12.39000 -8.92100 -2.96000 -5.20800 -9.74500 -7.56800
51.00000 -4.83200 -6.42900 -7.69000 -4.98500 -0.20300 -1.34300 -9.09400 -9.17600 2.22800 -5.20800 -12.87800 -9.41000 -2.96000 -3.74300 -8.76900 -6.59200
52.00000 -4.83200 -6.42900 -5.73700 -4.00800 -1.18000 -3.29600 -7.14100 -8.68700 1.74000 -4.23200 -12.39000 -9.89800 -3.93700 -4.23200 -8.28000 -7.08000
53.00000 -5.32000 -6.91700 -4.27200 -2.54300 -2.15700 -3.78400 -5.18800 -6.73400 -0.21400 -1.30200 -10.43700 -8.92100 -5.40200 -5.69700 -7.30400 -6.59200
54.00000 -6.29700 -7.89400 -3.29600 -1.07800 -2.64500 -4.27200 -2.74700 -4.29300 -2.16700 0.65100 -7.01900 -6.96800 -5.89000 -5.69700 -4.86200 -5.61500
55.00000 -7.76200 -9.35900 -3.78400 -0.10200 -2.64500 -3.78400 -0.79300 -2.34000 -3.14300 0.65100 -3.11300 -4.03800 -3.93700 -4.23200 -1.44400 -3.17400
56.00000 -8.25000 -10.33500 -3.78400 -0.10200 -2.15700 -3.78400 0.67100 -2.34000 -2.16700 -2.27900 -0.18300 -1.10900 -1.00700 -1.30200 1.48500 -0.24400
57.00000 -8.25000 -10.82400 -5.24900 -1.56700 -2.64500 -4.76100 0.18300 -3.80500 -1.19000 -6.18500 1.77000 0.84400 1.43400 1.13900 3.92700 2.19700
58.00000 -8.73800 -11.80000 -7.20200 -3.52000 -4.11000 -6.71400 -2.25800 -6.24600 -0.21400 -9.60300 1.28200 0.84400 1.92300 2.11600 3.92700 2.19700
59.00000 -9.71500 -13.75300 -11.10800 -5.47300 -6.55100 -10.13200 -6.65300 -8.19900 -0.70200 -12.04400 -0.18300 -0.62100 0.45800 0.16300 1.48500 0.24400
60.00000 -11.66800 -16.68300 -15.50300 -6.93800 -9.48100 -13.55000 -12.02400 -8.68700 -2.65500 -13.50900 -3.60100 -3.55000 -1.98400 -3.25500 -1.93300 -3.17400
61.00000 -14.10900 -20.10100 -18.43300 -6.93800 -10.94600 -16.96800 -15.93000 -8.19900 -4.12000 -14.97400 -6.53100 -5.99200 -3.44800 -5.69700 -5.83900 -6.10400
62.00000 -15.08600 -21.07700 -18.92100 -5.96100 -11.43400 -19.40900 -16.41800 -7.22200 -5.58500 -16.43900 -9.94900 -7.45600 -4.42500 -6.18500 -8.28000 -7.08000
63.00000 -14.10900 -20.10100 -15.99100 -3.03100 -9.96900 -18.43300 -13.48900 -6.24600 -6.56100 -16.43900 -11.41400 -8.43300 -3.93700 -4.72000 -8.28000 -6.59200
64.00000 -11.18000 -16.68300 -11.10800 -0.10200 -8.50400 -15.99100 -9.58300 -5.75800 -7.53800 -15.46200 -11.90200 -8.43300 -3.93700 -2.76700 -7.79200 -5.61500
65.00000 -8.25000 -13.75300 -5.73700 2.34000 -7.03900 -13.06200 -6.65300 -6.24600 -7.53800 -13.99700 -10.92500 -7.94500 -3.44800 -1.79000 -6.81600 -4.63900
66.00000 -6.78500 -12.77700 -3.78400 2.82800 -6.06300 -10.62000 -7.14100 -6.73400 -7.05000 -13.99700 -10.43700 -8.43300 -2.96000 -1.30200 -7.30400 -5.12700
67.00000 -7.27300 -13.26500 -4.76100 1.85100 -6.06300 -10.13200 -10.07100 -7.71100 -5.09600 -14.97400 -10.43700 -9.41000 -2.47200 -1.79000 -9.25700 -5.61500
68.00000 -10.20300 -15.21800 -7.69000 -1.07800 -7.03900 -11.10800 -12.51200 -9.17600 -2.16700 -14.97400 -11.41400 -10.38600 -1.49500 -1.79000 -10.23400 -6.10400
69.00000 -12.64400 -17.17100 -11.10800 -4.49600 -7.03900 -12.57300 -14.46500 -10.64000 -0.70200 -12.04400 -13.36700 -10.38600 -1.49500 -1.79000 -10.23400 -6.10400
70.00000 -14.59800 -18.63600 -13.06200 -6.44900 -7.52800 -13.06200 -15.44200 -11.61700 -1.19000 -5.20800 -14.83200 -10.87400 -2.47200 -1.30200 -9.74500 -5.61500
71.00000 -15.08600 -19.12400 -13.55000 -6.93800 -8.01600 -13.55000 -15.44200 -12.59400 -3.63200 1.13900 -15.80800 -10.87400 -4.42500 -1.79000 -8.28000 -5.12700
72.00000 -14.59800 -19.12400 -13.06200 -5.96100 -8.01600 -13.55000 -15.44200 -12.59400 -6.07300 2.60400 -15.80800 -11.36300 -6.37800 -3.25500 -7.79200 -5.61500
73.00000 -14.10900 -19.12400 -13.06200 -4.00800 -8.01600 -13.55000 -16.41800 -12.59400 -7.53800 -1.79000 -15.80800 -12.82800 -7.84300 -5.69700 -9.25700 -7.56800
74.00000 -14.10900 -19.12400 -13.55000 -3.52000 -8.01600 -14.03800 -17.88300 -13.57000 -7.53800 -10.09100 -15.80800 -14.29200 -7.84300 -8.13800 -11.69800 -10.49800
75.00000 -15.08600 -18.63600 -15.50300 -4.00800 -7.03900 -14.03800 -19.83600 -14.05800 -6.56100 -16.43900 -16.29600 -14.29200 -7.84300 -9.60300 -13.65200 -12.45100
76.00000 -15.57400 -18.63600 -16.96800 -5.96100 -6.55100 -14.52600 -21.30100 -14.54700 -6.56100 -17.90400 -16.78500 -13.80400 -7.84300 -10.57900 -14.14000 -14.40400
77.00000 -16.55100 -17.66000 -17.94400 -6.93800 -7.03900 -15.50300 -23.25400 -14.05800 -7.05000 -15.46200 -17.76100 -12.33900 -7.84300 -10.57900 -12.67500 -13.91600
78.00000 -16.55100 -17.66000 -17.45600 -7.91400 -8.99300 -15.99100 -22.76600 -12.59400 -8.02600 -11.06800 -18.25000 -10.38600 -6.86600 -9.60300 -10.72200 -11.96300
79.00000 -16.55100 -18.14800 -15.99100 -7.91400 -11.43400 -16.96800 -20.32500 -11.61700 -9.00300 -8.62600 -17.27300 -9.41000 -4.91300 -8.13800 -7.79200 -9.52100
80.00000 -16.55100 -18.63600 -14.52600 -7.91400 -13.38700 -16.96800 -15.44200 -10.64000 -9.00300 -7.65000 -15.32000 -8.43300 -2.47200 -5.69700 -5.83900 -7.56800
81.00000 -16.55100 -18.63600 -14.52600 -8.89100 -13.87500 -15.99100 -11.04700 -10.64000 -8.02600 -7.16100 -12.39000 -6.48000 -0.51900 -2.76700 -3.88600 -5.61500
82.00000 -16.55100 -18.14800 -15.01500 -9.37900 -12.89900 -13.55000 -8.60600 -10.15200 -7.05000 -6.18500 -8.97200 -4.03800 0.45800 -0.32600 -2.90900 -4.15000
83.00000 -15.57400 -17.17100 -15.50300 -9.37900 -10.45700 -11.10800 -9.58300 -8.68700 -6.07300 -5.20800 -6.53100 -2.57400 -0.03100 1.62800 -3.39800 -4.63900
84.00000 -14.10900 -15.70600 -15.01500 -7.42600 -8.50400 -9.64400 -12.02400 -7.22200 -5.58500 -6.67300 -6.04200 -3.06200 -1.98400 0.65100 -5.83900 -5.61500
85.00000 -12.15600 -14.24200 -12.57300 -4.49600 -7.52800 -10.13200 -13.97700 -5.26900 -5.09600 -11.06800 -7.50700 -5.01500 -4.91300 -1.30200 -8.76900 -7.56800
86.00000 -9.71500 -13.26500 -10.13200 -0.59000 -7.52800 -12.57300 -14.46500 -3.80500 -7.05000 -16.92700 -9.94900 -7.45600 -7.84300 -5.20800 -11.69800 -10.49800
87.00000 -8.25000 -13.75300 -8.66700 2.34000 -8.01600 -15.99100 -13.97700 -2.82800 -9.00300 -20.34500 -10.92500 -9.41000 -10.77300 -9.11500 -13.65200 -13.42800
88.00000 -8.25000 -14.73000 -7.69000 3.80500 -8.01600 -17.94400 -13.00000 -2.34000 -9.97900 -18.88000 -9.94900 -9.41000 -12.72600 -12.04400 -13.65200 -15.38100
89.00000 -8.25000 -15.70600 -7.69000 3.80500 -7.03900 -17.94400 -12.02400 -1.85100 -9.97900 -13.99700 -7.99600 -7.94500 -14.19100 -13.02100 -12.67500 -15.86900
90.00000 -8.25000 -14.73000 -7.69000 3.31600 -5.57500 -15.99100 -10.07100 -2.82800 -9.00300 -8.13800 -7.01900 -6.48000 -13.21400 -11.55600 -11.21000 -15.38100
91.00000 -6.29700 -12.28800 -6.71400 3.31600 -4.11000 -13.55000 -7.62900 -4.29300 -7.05000 -5.20800 -7.01900 -6.48000 -11.26100 -9.60300 -10.23400 -13.91600
92.00000 -4.34400 -8.87000 -5.73700 3.31600 -3.13300 -11.10800 -5.18800 -5.75800 -5.09600 -6.18500 -8.48400 -7.45600 -9.30800 -7.16100 -9.25700 -11.96300
93.00000 -1.90200 -5.94100 -5.73700 3.31600 -2.15700 -9.15500 -4.21100 -6.73400 -3.63200 -9.11500 -9.94900 -7.94500 -7.35500 -5.69700 -8.76900 -10.49800
94.00000 -0.43700 -3.98800 -7.20200 2.82800 -0.69200 -8.17900 -6.16500 -7.22200 -2.16700 -10.57900 -9.46000 -7.94500 -5.89000 -5.20800 -8.28000 -10.01000
95.00000 0.05100 -3.01100 -8.66700 1.85100 1.26100 -6.71400 -9.58300 -7.22200 -0.70200 -9.11500 -7.99600 -7.45600 -4.91300 -4.72000 -7.79200 -10.01000
96.00000 0.53900 -2.52300 -9.15500 1.36300 3.21500 -4.76100 -11.53600 -7.71100 1.25100 -4.23200 -7.01900 -6.96800 -3.93700 -3.74300 -8.28000 -10.01000
97.00000 0.53900 -2.03500 -8.17900 1.85100 3.70300 -1.83100 -11.04700 -7.71100 2.22800 0.65100 -7.01900 -6.96800 -2.96000 -1.79000 -8.28000 -9.52100
98.00000 1.02700 -2.03500 -7.20200 2.34000 3.21500 -0.36600 -8.60600 -8.68700 2.22800 2.60400 -7.99600 -7.45600 -1.98400 0.16300 -8.28000 -8.05700
99.00000 0.05100 -2.03500 -7.69000 3.31600 1.75000 0.12200 -6.65300 -7.71100 0.76300 2.11600 -8.97200 -8.43300 -1.98400 0.65100 -8.28000 -7.08000
100.00000 -1.41400 -3.01100 -10.13200 2.82800 -0.20300 -1.34300 -7.14100 -5.75800 -0.70200 0.16300 -9.46000 -7.94500 -1.98400 -0.32600 -8.76900 -6.59200
101.00000 -3.36700 -4.47600 -13.06200 1.85100 -1.18000 -3.29600 -11.53600 -3.31600 -1.19000 -1.79000 -9.46000 -7.94500 -1.98400 -2.27900 -10.23400 -8.54500
102.00000 -5.32000 -5.45200 -14.52600 0.87500 -0.69200 -4.76100 -14.95400 -2.34000 -0.21400 -2.27900 -9.94900 -7.94500 -1.49500 -3.25500 -12.67500 -9.03300
103.00000 -5.80900 -5.94100 -13.06200 0.38700 0.28500 -4.76100 -15.44200 -2.34000 1.74000 -1.79000 -10.92500 -8.43300 -0.03100 -3.25500 -14.14000 -9.52100
104.00000 -3.85500 -4.96400 -9.64400 0.87500 1.26100 -3.78400 -12.02400 -3.80500 3.69300 0.16300 -11.90200 -7.94500 1.43400 -1.79000 -14.14000 -9.52100
105.00000 -2.39100 -3.98800 -6.71400 1.36300 1.75000 -2.31900 -6.16500 -4.78100 3.69300 2.11600 -10.92500 -6.48000 1.92300 -0.32600 -12.67500 -8.54500
106.00000 -0.92600 -3.01100 -5.24900 1.36300 1.75000 -1.34300 -0.79300 -4.78100 3.20400 2.60400 -7.50700 -3.55000 1.43400 -0.32600 -9.74500 -8.54500
107.00000 0.05100 -3.01100 -5.73700 1.36300 1.26100 -1.83100 1.64800 -3.80500 2.22800 2.11600 -3.11300 -0.62100 -0.03100 -1.79000 -7.79200 -9.52100
108.00000 0.05100 -2.52300 -6.71400 0.38700 0.77300 -1.83100 1.16000 -2.34000 2.22800 0.65100 -0.18300 1.33300 -1.00700 -3.74300 -6.81600 -10.49800
109.00000 0.53900 -1.54600 -6.71400 -0.59000 -0.20300 -1.83100 -2.25800 -1.85100 2.22800 -0.32600 0.79300 1.82100 -0.51900 -3.74300 -6.81600 -10.98600
110.00000 1.51600 -0.08100 -5.73700 -0.10200 -0.20300 -0.36600 -5.18800 -1.85100 2.22800 0.65100 -0.67100 0.35600 0.45800 -2.27900 -7.30400 -9.52100
111.00000 2.98100 1.87200 -3.78400 0.38700 0.28500 2.07500 -6.65300 -2.82800 2.22800 3.09200 -2.62500 -1.10900 1.43400 1.62800 -5.83900 -6.59200
112.00000 4.44500 3.82500 -2.31900 2.34000 1.26100 4.51700 -7.62900 -3.80500 1.25100 4.55700 -3.60100 -2.57400 0.94600 4.55700 -4.86200 -3.66200
113.00000 5.42200 5.29000 -1.83100 4.78100 3.21500 5.98100 -8.11800 -3.80500 0.76300 3.58100 -4.08900 -3.55000 -0.03100 6.02200 -4.37400 -1.70900
114.00000 5.91000 5.29000 -0.85400 6.73400 5.16800 5.98100 -8.60600 -3.31600 0.27500 -0.32600 -4.57800 -5.01500 -1.98400 4.06900 -5.35100 -2.19700
115.00000 5.42200 4.31300 -0.36600 8.19900 5.65600 5.00500 -9.09400 -2.82800 -0.21400 -5.20800 -6.04200 -6.48000 -3.44800 1.13900 -6.81600 -3.66200
116.00000 4.44500 2.36000 0.12200 7.71100 5.16800 3.54000 -7.62900 -3.80500 -1.19000 -7.16100 -8.48400 -7.45600 -4.42500 -1.30200 -7.79200 -5.12700
117.00000 3.46900 0.89500 0.61000 6.24600 3.70300 3.54000 -5.67600 -5.26900 -1.67800 -3.25500 -9.94900 -7.94500 -4.91300 -2.27900 -6.81600 -5.61500
118.00000 2.98100 -0.08100 0.12200 4.29300 3.21500 4.51700 -2.74700 -7.71100 -2.16700 4.55700 -9.94900 -7.45600 -5.40200 -2.27900 -5.35100 -5.12700
119.00000 2.00400 -0.08100 -1.34300 2.34000 2.72600 6.47000 -1.28200 -9.66400 -2.65500 11.39300 -7.99600 -5.99200 -5.40200 -1.30200 -3.88600 -4.63900
120.00000 2.00400 0.40700 -2.31900 1.36300 3.21500 6.95800 -0.79300 -10.64000 -1.67800 12.85800 -5.55400 -4.52700 -4.42500 0.16300 -3.88600 -4.63900
121.00000 1.02700 0.40700 -2.80800 0.38700 2.23800 6.47000 -1.77000 -8.68700 0.27500 8.95200 -4.08900 -3.06200 -2.96000 0.65100 -4.37400 -5.12700
122.00000 0.05100 -0.08100 -3.29600 0.38700 0.77300 5.00500 -2.25800 -5.75800 2.71600 3.09200 -3.60100 -2.57400 -1.00700 1.62800 -5.83900 -5.12700
123.00000 -1.90200 -1.54600 -3.78400 -0.59000 -2.15700 3.05200 -2.25800 -3.80500 4.66900 0.65100 -5.06600 -2.57400 0.94600 2.60400 -6.81600 -5.61500
124.00000 -3.85500 -3.01100 -5.24900 -2.05500 -4.59800 1.09900 -2.74700 -2.34000 5.64600 2.11600 -6.04200 -3.55000 1.43400 3.09200 -7.79200 -5.61500
125.00000 -6.29700 -4.96400 -7.69000 -4.49600 -6.55100 -0.36600 -4.21100 -2.34000 5.64600 6.51000 -7.01900 -4.52700 -0.03100 2.11600 -9.25700 -6.59200
126.00000 -8.25000 -6.91700 -11.10800 -6.93800 -7.52800 -2.31900 -6.65300 -2.82800 4.18100 7.48700 -7.50700 -5.50300 -1.98400 -0.81400 -11.21000 -9.03300
127.00000 -10.20300 -8.87000 -14.03800 -9.37900 -7.52800 -4.27200 -8.60600 -2.82800 3.20400 5.04600 -7.99600 -6.96800 -4.91300 -4.23200 -14.14000 -11.47500
128.00000 -11.18000 -9.84700 -14.52600 -10.35600 -7.03900 -4.76100 -9.58300 -2.34000 2.71600 0.65100 -9.46000 -7.45600 -6.86600 -6.67300 -16.09300 -13.42800
129.00000 -11.18000 -10.82400 -14.03800 -10.35600 -7.03900 -3.29600 -8.11800 -2.34000 2.22800 -2.27900 -10.92500 -7.94500 -6.86600 -7.16100 -16.58100 -13.42800
130.00000 -10.69100 -9.84700 -11.59700 -10.35600 -7.03900 0.12200 -5.18800 -2.82800 2.71600 -0.81400 -11.41400 -7.45600 -4.91300 -4.72000 -14.62800 -11.47500
131.00000 -10.20300 -8.87000 -10.13200 -9.86700 -7.03900 3.05200 -2.74700 -3.31600 3.69300 2.60400 -10.92500 -6.48000 -2.47200 -1.30200 -11.21000 -7.56800
132.00000 -9.71500 -8.38200 -9.15500 -8.89100 -6.55100 4.51700 -1.77000 -3.80500 5.15700 5.53400 -7.99600 -5.01500 0.45800 2.11600 -6.81600 -4.15000
133.00000 -9.71500 -7.89400 -9.15500 -8.40300 -6.06300 2.56300 -1.28200 -2.34000 6.13400 6.02200 -5.55400 -3.55000 1.43400 3.58100 -3.39800 -0.73200
134.00000 -10.20300 -8.38200 -9.15500 -8.40300 -6.06300 -0.36600 -0.79300 -0.87500 6.13400 5.53400 -4.08900 -2.57400 1.43400 4.06900 -1.44400 1.22100
135.00000 -9.71500 -7.89400 -8.66700 -7.91400 -5.57500 -1.83100 0.18300 0.10200 5.15700 6.99900 -3.11300 -2.08500 0.45800 3.09200 -0.46800 1.70900
136.00000 -8.73800 -5.94100 -7.20200 -7.91400 -5.57500 -1.34300 1.64800 -0.38700 3.20400 10.90500 -3.11300 -2.08500 -0.03100 3.09200 -0.95600 2.19700
137.00000 -7.76200 -3.98800 -6.71400 -7.91400 -5.57500 0.61000 1.64800 -1.36300 0.76300 13.83500 -2.62500 -2.08500 0.45800 4.06900 -1.44400 2.19700
138.00000 -6.78500 -3.01100 -7.69000 -7.42600 -6.06300 1.58700 -0.30500 -1.36300 -0.21400 12.85800 -2.13600 -1.10900 1.43400 4.55700 -1.93300 1.22100
139.00000 -6.78500 -2.52300 -9.64400 -6.93800 -7.03900 0.61000 -3.23500 0.59000 -1.19000 6.51000 -1.64800 0.35600 2.41100 4.06900 -1.93300 -0.24400
140.00000 -7.27300 -3.49900 -11.59700 -5.96100 -7.52800 -2.31900 -6.16500 3.03100 -0.70200 -1.30200 -1.64800 1.82100 1.43400 2.60400 -1.93300 -1.70900
141.00000 -6.78500 -4.47600 -12.57300 -5.96100 -7.03900 -4.27200 -6.65300 4.49600 -0.21400 -6.18500 -3.11300 1.82100 -0.51900 0.16300 -2.42100 -3.66200
142.00000 -5.80900 -3.49900 -10.62000 -4.98500 -5.08600 -4.27200 -5.67600 3.03100 -0.21400 -5.20800 -4.08900 0.35600 -2.47200 -1.79000 -3.88600 -4.63900
143.00000 -2.87900 -0.57000 -8.17900 -3.52000 -1.66800 -1.34300 -3.23500 -0.87500 -0.70200 -1.30200 -5.55400 -2.57400 -4.42500 -3.25500 -5.83900 -6.59200
144.00000 1.02700 3.33700 -5.73700 -1.07800 2.72600 2.07500 -2.74700 -4.78100 -0.70200 2.11600 -7.01900 -5.99200 -6.37800 -4.23200 -8.76900 -8.05700
145.00000 3.46900 6.26600 -4.27200 1.85100 6.14400 4.51700 -4.70000 -6.73400 -0.21400 2.11600 -8.97200 -9.89800 -7.84300 -5.69700 -11.69800 -10.01000
146.00000 5.42200 8.21900 -3.78400 4.78100 7.60900 4.51700 -7.62900 -6.73400 -0.21400 -1.30200 -10.92500 -12.33900 -8.82000 -6.18500 -13.65200 -11.47500
147.00000 5.91000 8.70800 -3.78400 6.24600 8.09700 3.54000 -9.58300 -5.26900 0.27500 -4.72000 -13.36700 -13.31600 -8.82000 -5.69700 -14.14000 -10.98600
148.00000 5.91000 7.73100 -3.29600 6.73400 6.63200 1.58700 -8.60600 -3.80500 0.76300 -5.69700 -13.36700 -12.33900 -6.37800 -3.25500 -12.67500 -8.54500
149.00000 4.93400 6.26600 -2.31900 5.26900 5.16800 1.58700 -5.18800 -3.80500 0.76300 -3.25500 -11.41400 -10.38600 -2.96000 0.65100 -9.74500 -4.63900
150.00000 2.98100 4.31300 -2.31900 3.31600 3.21500 1.58700 -2.25800 -4.29300 1.74000 0.16300 -7.01900 -6.96800 1.43400 4.55700 -6.81600 -0.73200
151.00000 0.53900 1.87200 -3.29600 1.36300 1.75000 2.07500 -1.77000 -3.80500 2.22800 3.58100 -4.08900 -5.01500 3.38700 6.51000 -4.86200 1.70900
152.00000 -1.90200 -0.57000 -5.24900 -0.59000 0.77300 2.07500 -3.72300 -3.31600 1.74000 6.99900 -3.11300 -4.52700 2.89900 6.02200 -3.88600 2.19700
153.00000 -4.34400 -2.03500 -8.17900 -2.54300 -0.20300 1.58700 -7.14100 -2.34000 0.76300 8.95200 -5.55400 -5.50300 -0.03100 4.06900 -4.86200 1.22100
154.00000 -5.32000 -2.03500 -9.64400 -4.49600 -0.20300 1.09900 -9.58300 -2.82800 0.27500 9.44000 -9.46000 -6.96800 -3.44800 1.62800 -5.83900 -0.73200
155.00000 -4.83200 -1.05800 -9.64400 -5.96100 0.28500 1.58700 -9.09400 -5.26900 -0.21400 7.97500 -11.41400 -8.43300 -4.91300 0.65100 -6.81600 -2.19700
156.00000 -2.87900 1.38300 -8.66700 -6.44900 2.23800 2.56300 -6.65300 -7.71100 0.27500 6.02200 -11.90200 -9.41000 -4.91300 1.13900 -7.79200 -4.15000
157.00000 -0.43700 3.82500 -7.20200 -5.47300 3.70300 3.54000 -4.21100 -9.17600 0.27500 3.58100 -10.43700 -9.89800 -5.40200 0.65100 -9.25700 -6.59200
158.00000 2.00400 5.29000 -6.22600 -3.52000 5.16800 3.54000 -3.72300 -9.17600 -0.21400 1.13900 -9.94900 -10.87400 -7.35500 -1.79000 -12.18700 -10.01000
159.00000 3.46900 4.80100 -6.22600 -1.07800 5.16800 2.56300 -5.67600 -7.71100 -2.16700 -0.32600 -11.90200 -12.82800 -9.79600 -6.18500 -15.60500 -14.40400
160.00000 2.49200 3.33700 -6.71400 0.87500 4.19100 0.12200 -8.60600 -6.24600 -4.12000 -1.79000 -15.32000 -13.80400 -11.26100 -9.60300 -17.55800 -17.33400
161.00000 0.53900 0.89500 -7.20200 0.38700 1.75000 -1.83100 -10.55900 -5.75800 -5.09600 -3.25500 -17.27300 -13.31600 -10.28400 -11.06800 -17.55800 -17.33400
162.00000 -1.90200 -1.05800 -7.20200 -1.07800 -1.18000 -2.31900 -11.04700 -5.26900 -4.60800 -4.23200 -15.80800 -9.89800 -6.37800 -8.13800 -14.62800 -14.40400
163.00000 -3.36700 -2.52300 -6.71400 -2.54300 -3.62100 -1.34300 -11.04700 -4.78100 -2.65500 -4.72000 -11.41400 -6.48000 -1.98400 -3.25500 -10.23400 -9.52100
164.00000 -3.36700 -2.03500 -5.24900 -2.54300 -4.59800 0.61000 -10.55900 -3.80500 -1.19000 -4.72000 -7.01900 -4.03800 0.45800 1.13900 -6.81600 -5.61500
165.00000 -2.39100 -1.54600 -3.29600 -1.56700 -4.59800 1.09900 -10.07100 -2.34000 0.27500 -3.74300 -5.06600 -4.03800 -0.03100 2.60400 -6.32700 -4.15000
166.00000 -1.41400 -0.08100 -2.31900 -0.59000 -3.62100 0.61000 -9.09400 -1.36300 0.76300 -2.76700 -6.53100 -6.48000 -3.44800 0.16300 -7.79200 -5.12700
167.00000 -0.43700 0.40700 -1.83100 -0.10200 -1.66800 0.12200 -6.16500 -1.85100 0.76300 0.16300 -9.46000 -8.92100 -6.86600 -3.74300 -10.23400 -7.08000
168.00000 0.53900 0.89500 -2.80800 -0.59000 -0.20300 0.61000 -2.25800 -3.31600 0.76300 4.55700 -11.90200 -10.38600 -9.30800 -6.67300 -11.21000 -8.54500
169.00000 0.53900 0.89500 -4.27200 -1.56700 1.26100 2.56300 1.64800 -5.26900 0.27500 10.41700 -11.90200 -10.38600 -9.79600 -7.16100 -11.21000 -9.03300
170.00000 0.05100 0.89500 -6.22600 -2.05500 2.23800 4.51700 2.62500 -6.24600 -0.21400 13.83500 -10.43700 -9.41000 -8.33100 -5.69700 -10.72200 -9.52100
171.00000 -0.92600 -0.08100 -8.17900 -2.54300 1.75000 5.00500 -0.30500 -5.75800 -0.21400 12.85800 -8.97200 -8.92100 -6.86600 -3.25500 -10.72200 -10.01000
172.00000 -2.87900 -2.03500 -9.15500 -3.03100 0.77300 3.05200 -4.70000 -3.80500 -0.21400 7.97500 -7.99600 -7.94500 -3.93700 -1.79000 -11.69800 -10.49800
173.00000 -5.80900 -3.98800 -9.15500 -4.00800 -1.18000 -0.36600 -7.62900 -1.85100 0.27500 2.11600 -7.99600 -6.48000 -1.98400 -1.30200 -12.67500 -10.49800
174.00000 -7.76200 -6.42900 -9.64400 -5.47300 -4.11000 -2.31900 -8.11800 -0.87500 0.27500 1.13900 -8.48400 -5.50300 -0.03100 -0.81400 -12.67500 -10.01000
175.00000 -9.71500 -7.40600 -10.13200 -6.44900 -6.55100 -1.34300 -6.65300 -0.87500 0.76300 4.55700 -8.48400 -4.52700 1.43400 0.16300 -11.69800 -8.05700
176.00000 -10.20300 -8.38200 -10.62000 -6.93800 -8.50400 0.61000 -4.70000 -0.87500 0.27500 9.92800 -8.97200 -4.52700 1.43400 1.13900 -11.69800 -6.59200
177.00000 -9.71500 -8.38200 -11.10800 -6.44900 -8.99300 2.07500 -4.70000 -0.87500 1.25100 12.37000 -9.94900 -6.48000 -0.03100 1.62800 -12.67500 -7.08000
178.00000 -9.22600 -8.38200 -10.62000 -4.98500 -8.01600 0.12200 -5.67600 -0.38700 2.71600 9.44000 -10.92500 -7.94500 -1.98400 0.16300 -14.14000 -8.54500
179.00000 -8.25000 -8.38200 -8.66700 -3.52000 -6.55100 -2.80800 -6.16500 0.59000 3.69300 2.60400 -11.41400 -8.43300 -3.44800 -2.27900 -14.62800 -10.01000
180.00000 -6.78500 -7.40600 -7.20200 -3.03100 -5.08600 -4.76100 -4.21100 0.59000 3.20400 -2.76700 -10.43700 -6.96800 -3.93700 -3.74300 -12.67500 -9.52100
181.00000 -6.29700 -6.42900 -7.20200 -3.52000 -4.11000 -4.76100 -0.79300 -0.87500 1.74000 -4.72000 -8.97200 -5.01500 -3.93700 -3.74300 -9.74500 -7.56800
182.00000 -6.78500 -5.45200 -9.64400 -6.44900 -4.11000 -2.31900 1.64800 -2.82800 -0.21400 -2.76700 -7.50700 -3.55000 -3.44800 -3.25500 -6.81600 -5.61500
183.00000 -9.22600 -5.94100 -14.52600 -10.35600 -5.57500 -0.85400 0.67100 -5.26900 -2.16700 0.65100 -7.50700 -3.55000 -3.93700 -3.25500 -6.81600 -5.61500
184.00000 -12.64400 -8.87000 -18.92100 -13.28500 -8.01600 -2.80800 -3.72300 -6.24600 -3.14300 3.09200 -8.48400 -4.03800 -6.37800 -5.20800 -8.76900 -8.54500
185.00000 -16.55100 -12.77700 -21.85100 -14.75000 -10.94600 -7.69000 -9.58300 -5.75800 -4.12000 2.60400 -9.94900 -5.01500 -9.79600 -8.62600 -10.72200 -12.45100
186.00000 -18.99200 -16.68300 -21.36200 -13.77400 -12.89900 -12.57300 -13.48900 -3.31600 -5.58500 0.65100 -10.92500 -5.50300 -12.23800 -12.53300 -12.18700 -16.35700
187.00000 -18.01600 -17.66000 -18.92100 -9.86700 -12.89900 -14.03800 -13.97700 -0.87500 -6.07300 -1.79000 -11.41400 -6.48000 -14.19100 -13.99700 -13.65200 -17.82200
188.00000 -15.08600 -15.70600 -15.01500 -5.96100 -10.45700 -11.10800 -11.53600 1.07800 -5.58500 -4.72000 -13.36700 -9.41000 -13.70200 -13.02100 -16.58100 -18.31100
189.00000 -10.20300 -11.31200 -11.59700 -2.05500 -6.06300 -5.24900 -9.09400 1.07800 -3.63200 -6.67300 -16.78500 -13.31600 -12.72600 -10.57900 -19.99900 -18.31100
190.00000 -4.83200 -5.45200 -8.66700 0.38700 -1.66800 0.12200 -7.62900 0.59000 -1.19000 -6.18500 -20.20300 -17.22200 -12.23800 -8.62600 -24.88200 -19.77500
191.00000 -0.92600 -0.08100 -5.73700 1.85100 1.75000 3.05200 -7.62900 -0.38700 1.74000 -2.76700 -21.66700 -19.17500 -12.23800 -8.62600 -28.78800 -21.72900
192.00000 2.00400 3.82500 -3.29600 2.82800 4.67900 5.00500 -7.62900 -0.38700 2.71600 2.11600 -20.69100 -19.17500 -12.72600 -10.57900 -29.27700 -22.21700
193.00000 3.95700 5.77800 -1.83100 3.31600 5.65600 6.47000 -5.18800 0.10200 2.71600 6.02200 -17.27300 -16.73400 -12.72600 -12.53300 -26.83500 -21.24000
194.00000 3.95700 6.75500 -0.85400 2.34000 6.14400 7.44600 -0.30500 0.59000 2.22800 5.53400 -12.87800 -13.31600 -13.21400 -13.99700 -22.44100 -18.79900
195.00000 2.00400 5.29000 -2.31900 0.87500 5.65600 8.42300 5.06600 0.10200 0.76300 1.62800 -9.46000 -10.38600 -13.70200 -14.97400 -18.04600 -15.86900
196.00000 -0.92600 3.33700 -4.76100 -2.05500 4.19100 7.44600 7.50700 -1.36300 -1.19000 -3.74300 -7.99600 -8.43300 -14.19100 -15.46200 -14.62800 -14.40400
197.00000 -3.85500 0.40700 -6.71400 -4.00800 2.72600 5.49300 6.53100 -2.34000 -3.14300 -8.13800 -7.50700 -6.96800 -14.67900 -15.46200 -11.69800 -13.42800
198.00000 -6.29700 -2.52300 -8.17900 -5.47300 0.28500 2.56300 2.62500 -2.34000 -4.60800 -9.60300 -6.53100 -5.01500 -13.70200 -14.97400 -8.76900 -12.93900
199.00000 -6.78500 -4.47600 -8.17900 -4.49600 -1.66800 0.12200 -1.77000 -0.38700 -5.58500 -8.13800 -5.55400 -2.57400 -11.74900 -13.02100 -6.32700 -11.96300
200.00000 -5.32000 -4.47600 -7.20200 -2.05500 -3.13300 -0.85400 -3.23500 1.07800 -4.60800 -5.20800 -3.11300 -0.62100 -8.33100 -9.11500 -4.86200 -10.01000
201.00000 -2.87900 -3.01100 -5.73700 -0.59000 -2.64500 -0.85400 -2.25800 2.05500 -2.65500 -1.30200 -1.64800 0.84400 -5.89000 -4.72000 -4.86200 -8.54500
202.00000 0.05100 -0.08100 -3.29600 0.87500 -1.66800 0.61000 -0.30500 1.56700 -0.70200 3.58100 -1.16000 0.84400 -4.42500 -1.79000 -5.83900 -8.05700
203.00000 2.00400 2.36000 -1.83100 0.38700 -0.20300 1.58700 0.18300 0.10200 0.76300 8.46400 -3.11300 -0.62100 -4.91300 -0.32600 -8.28000 -8.54500
204.00000 2.98100 4.31300 -0.85400 -0.10200 1.26100 3.05200 -0.79300 -1.85100 1.74000 10.90500 -6.04200 -2.57400 -6.37800 -0.81400 -10.23400 -10.01000
205.00000 3.46900 5.77800 -1.83100 -1.07800 2.23800 3.54000 -3.23500 -2.82800 1.74000 8.46400 -9.94900 -5.01500 -6.37800 -2.27900 -11.69800 -11.47500
206.00000 3.95700 6.26600 -3.78400 -1.07800 2.72600 4.51700 -5.18800 -3.31600 1.74000 2.11600 -12.87800 -7.94500 -6.37800 -3.74300 -12.67500 -11.47500
207.00000 3.95700 7.24300 -5.24900 -0.59000 4.19100 5.00500 -5.67600 -4.29300 2.22800 -4.23200 -14.83200 -9.89800 -6.37800 -4.72000 -13.65200 -10.98600
208.00000 4.44500 7.24300 -6.22600 -0.59000 4.67900 5.00500 -5.67600 -5.26900 2.22800 -8.13800 -15.32000 -11.36300 -7.35500 -6.67300 -14.62800 -10.98600
209.00000 3.46900 6.26600 -7.20200 -1.56700 4.67900 4.02800 -5.67600 -6.73400 1.74000 -8.13800 -15.80800 -12.33900 -9.79600 -9.60300 -16.09300 -11.96300
210.00000 0.53900 3.33700 -8.66700 -3.52000 2.72600 1.09900 -6.65300 -9.17600 -0.70200 -5.69700 -16.78500 -13.31600 -11.74900 -13.02100 -17.55800 -13.42800
211.00000 -2.87900 -1.05800 -11.59700 -6.44900 -0.69200 -3.29600 -8.60600 -11.12900 -2.65500 -5.20800 -19.22600 -14.78100 -12.23800 -15.46200 -19.02300 -14.89300
212.00000 -6.78500 -5.45200 -14.03800 -8.89100 -4.11000 -7.20200 -11.04700 -12.59400 -4.12000 -7.16100 -22.15600 -15.75700 -11.26100 -16.92700 -20.97600 -15.86900
213.00000 -8.73800 -7.89400 -16.47900 -10.35600 -6.55100 -9.64400 -13.00000 -13.08200 -5.09600 -10.57900 -23.13200 -16.24600 -8.82000 -16.43900 -22.92900 -16.84600
214.00000 -8.73800 -8.38200 -16.47900 -10.35600 -7.52800 -10.62000 -14.46500 -12.10500 -4.60800 -13.02100 -22.15600 -16.24600 -8.33100 -14.97400 -24.88200 -17.82200
215.00000 -7.76200 -6.91700 -15.99100 -10.35600 -7.52800 -9.64400 -15.93000 -10.15200 -4.12000 -13.02100 -19.22600 -14.78100 -8.82000 -13.50900 -25.37000 -17.82200
216.00000 -6.29700 -4.47600 -15.01500 -9.86700 -7.52800 -8.17900 -15.93000 -7.71100 -3.63200 -12.04400 -15.80800 -11.85100 -9.30800 -11.55600 -23.41700 -17.33400
217.00000 -4.83200 -3.01100 -13.55000 -8.89100 -7.03900 -6.71400 -13.97700 -5.75800 -2.65500 -11.55600 -13.36700 -8.92100 -9.30800 -9.11500 -19.99900 -15.38100
218.00000 -3.85500 -1.54600 -12.08500 -7.91400 -6.55100 -4.76100 -8.60600 -4.78100 -1.19000 -11.55600 -12.87800 -6.96800 -7.35500 -6.18500 -16.09300 -11.96300
219.00000 -2.87900 -0.57000 -9.64400 -5.96100 -4.59800 -2.31900 -2.74700 -3.80500 0.76300 -10.09100 -13.85500 -5.99200 -5.40200 -4.23200 -13.16300 -9.03300
220.00000 -1.90200 0.40700 -8.17900 -4.49600 -2.15700 -0.36600 1.16000 -3.31600 2.71600 -5.20800 -13.85500 -5.99200 -4.42500 -3.74300 -11.69800 -8.05700
221.00000 -1.41400 0.89500 -6.71400 -4.00800 0.77300 0.61000 3.11300 -3.31600 3.69300 1.62800 -11.90200 -5.01500 -5.40200 -4.23200 -10.23400 -7.56800
222.00000 -1.41400 0.40700 -6.71400 -4.49600 1.26100 -0.36600 1.16000 -3.31600 3.20400 7.48700 -7.50700 -3.55000 -4.91300 -4.72000 -7.30400 -6.59200
223.00000 -2.39100 -1.05800 -7.69000 -6.93800 -0.69200 -3.29600 -2.25800 -3.80500 1.74000 8.95200 -2.62500 -0.62100 -2.96000 -4.23200 -2.42100 -3.66200
224.00000 -3.85500 -3.49900 -9.15500 -9.37900 -4.59800 -6.71400 -4.21100 -4.78100 0.27500 4.06900 1.28200 2.30900 1.43400 -1.30200 3.43800 0.24400
225.00000 -5.80900 -5.45200 -9.64400 -11.82000 -8.99300 -9.15500 -3.72300 -5.75800 -1.19000 -2.76700 2.25800 3.77400 5.82900 2.11600 6.85600 4.15000
226.00000 -6.29700 -5.94100 -8.66700 -12.30900 -11.43400 -9.64400 -0.30500 -6.24600 -1.19000 -6.18500 2.25800 3.28600 6.80500 5.04600 5.88000 5.12700
227.00000 -5.80900 -5.45200 -7.20200 -11.33200 -11.43400 -8.66700 4.08900 -5.75800 -1.19000 -4.23200 1.77000 2.30900 5.34100 5.53400 1.97300 2.19700
228.00000 -4.34400 -3.98800 -4.76100 -8.89100 -8.99300 -6.22600 7.01900 -4.29300 -1.19000 1.13900 1.77000 1.33300 1.43400 4.06900 -2.90900 -2.68600
229.00000 -2.87900 -2.03500 -3.29600 -6.44900 -6.55100 -4.76100 8.48400 -1.36300 -0.70200 5.04600 3.72300 1.33300 -2.96000 1.62800 -6.32700 -7.56800
230.00000 -1.41400 -1.05800 -1.34300 -4.98500 -4.59800 -4.27200 8.48400 1.07800 -1.67800 4.06900 5.67600 1.82100 -5.40200 -1.30200 -7.79200 -10.49800
231.00000 -0.43700 -0.08100 0.12200 -4.00800 -3.62100 -5.24900 8.97200 2.54300 -2.65500 -1.30200 6.65300 2.30900 -6.86600 -3.74300 -7.30400 -11.47500
232.00000 -0.43700 -0.08100 2.07500 -4.49600 -3.62100 -6.71400 10.92500 2.05500 -4.12000 -7.65000 6.16500 2.30900 -7.84300 -7.16100 -5.35100 -10.49800
233.00000 -1.90200 -1.54600 1.09900 -6.44900 -4.11000 -9.15500 11.90200 0.59000 -6.07300 -11.55600 3.72300 0.84400 -8.82000 -10.09100 -1.93300 -8.05700
234.00000 -4.83200 -3.98800 -1.83100 -8.89100 -4.59800 -11.10800 10.92500 -0.87500 -6.56100 -12.53300 1.28200 -0.13200 -7.84300 -11.06800 1.48500 -3.17400
235.00000 -8.73800 -6.91700 -8.17900 -12.30900 -5.08600 -12.08500 6.04200 -2.82800 -5.09600 -12.04400 -2.62500 -1.59700 -4.91300 -8.62600 3.92700 2.19700
236.00000 -11.66800 -7.89400 -15.01500 -14.26200 -5.08600 -11.10800 -2.74700 -4.78100 -2.16700 -11.06800 -7.50700 -2.57400 -1.00700 -2.76700 2.95000 7.08000
237.00000 -12.15600 -6.91700 -19.89700 -14.75000 -3.62100 -7.69000 -11.04700 -5.75800 1.25100 -9.11500 -13.36700 -4.03800 2.41100 3.09200 -1.93300 7.08000
238.00000 -9.71500 -3.49900 -20.38600 -13.77400 -2.15700 -2.31900 -16.90700 -6.73400 3.69300 -4.23200 -19.22600 -6.48000 1.92300 5.53400 -10.23400 2.19700
239.00000 -5.80900 0.89500 -17.45600 -11.33200 0.28500 3.05200 -17.39500 -7.22200 3.69300 4.06900 -22.64400 -8.92100 -1.49500 3.09200 -18.04600 -6.59200
240.00000 -2.39100 3.82500 -13.06200 -8.89100 1.75000 6.95800 -14.46500 -7.71100 1.25100 12.85800 -22.64400 -10.87400 -6.86600 -3.25500 -23.90500 -15.86900
241.00000 -1.41400 4.31300 -9.64400 -7.42600 1.75000 8.42300 -9.58300 -6.73400 -1.67800 17.25300 -20.20300 -11.85100 -10.28400 -9.60300 -24.88200 -21.24000
242.00000 -2.39100 2.36000 -9.64400 -6.93800 0.77300 6.47000 -6.16500 -5.75800 -3.14300 13.83500 -16.78500 -11.85100 -10.28400 -12.04400 -22.92900 -21.72900
243.00000 -3.85500 -0.08100 -11.10800 -7.42600 -0.20300 3.54000 -4.21100 -5.26900 -2.16700 4.55700 -13.85500 -10.87400 -7.35500 -9.60300 -19.02300 -18.31100
244.00000 -4.83200 -0.57000 -12.57300 -8.40300 -0.20300 1.58700 -3.23500 -6.24600 1.25100 -3.25500 -11.90200 -8.92100 -2.96000 -3.74300 -15.11600 -13.91600
245.00000 -3.85500 -0.08100 -12.08500 -8.89100 0.28500 2.07500 -2.74700 -7.71100 4.66900 -4.72000 -9.46000 -6.48000 0.94600 1.62800 -10.72200 -9.52100
246.00000 -2.39100 1.38300 -11.10800 -9.37900 1.26100 4.02800 -2.25800 -8.68700 6.62200 0.65100 -6.53100 -4.03800 2.89900 4.55700 -7.30400 -6.10400
247.00000 -1.41400 2.84800 -10.13200 -9.37900 1.75000 5.49300 -2.74700 -8.19900 6.62200 7.97500 -4.08900 -1.59700 4.36400 6.02200 -3.39800 -4.15000
248.00000 -0.92600 3.33700 -10.13200 -8.89100 1.26100 5.49300 -3.72300 -6.73400 5.64600 12.37000 -2.13600 -0.62100 5.34100 6.51000 -0.46800 -1.70900
249.00000 -0.92600 3.33700 -10.62000 -7.91400 0.28500 4.51700 -4.70000 -5.26900 5.15700 10.41700 -2.62500 -0.62100 6.31700 6.99900 0.50900 0.73200
250.00000 -0.43700 3.82500 -10.62000 -6.44900 0.77300 3.54000 -5.18800 -4.78100 4.66900 5.04600 -4.57800 -1.59700 6.31700 7.97500 0.02000 2.19700
251.00000 1.02700 4.80100 -9.15500 -5.47300 2.23800 3.54000 -4.70000 -5.75800 4.18100 0.65100 -6.04200 -2.57400 4.85200 7.48700 -0.95600 2.19700
252.00000 2.00400 6.26600 -6.71400 -4.49600 3.21500 3.54000 -4.21100 -6.73400 2.71600 -0.32600 -5.55400 -2.57400 2.41100 5.53400 -1.93300 1.22100
253.00000 2.00400 6.75500 -4.76100 -4.49600 2.72600 3.54000 -3.72300 -7.71100 0.76300 1.62800 -4.08900 -2.08500 -1.49500 1.62800 -2.42100 0.24400
254.00000 2.00400 5.77800 -2.80800 -4.00800 1.26100 3.05200 -3.23500 -6.73400 -1.19000 2.60400 -2.62500 -1.59700 -4.91300 -2.27900 -2.42100 0.24400
255.00000 2.98100 5.29000 -1.83100 -2.54300 -0.69200 2.56300 -0.79300 -5.26900 -2.65500 0.16300 -2.62500 -1.59700 -7.84300 -4.72000 -2.42100 0.24400
256.00000 4.44500 5.29000 0.12200 -0.59000 -1.66800 3.05200 3.11300 -3.31600 -2.65500 -2.76700 -4.08900 -2.08500 -9.79600 -5.69700 -2.90900 -0.24400
