1.00000 -11.98300 -12.66500 -8.96200 -5.99200 -4.78100 -7.22200 -5.04600 -1.21100 -1.78000 -2.39100 2.84800 7.15100 6.01200 4.49600 6.79500 8.99300
2.00000 -13.44800 -13.15300 -10.91500 -7.94500 -6.24600 -8.19900 -7.48700 -1.69900 -1.29200 -2.39100 3.33700 8.61600 8.94200 6.93800 5.33000 7.03900
3.00000 -14.91300 -13.15300 -12.86800 -9.41000 -7.71100 -8.19900 -8.46400 -1.69900 -1.29200 -1.41400 4.80100 9.10400 10.40600 7.91400 4.84200 6.06300
4.00000 -15.88900 -14.13000 -13.84500 -10.38600 -9.17600 -9.66400 -7.97500 -2.18700 -0.80400 -0.43700 6.26600 9.59300 11.87100 10.35600 7.28400 8.50400
5.00000 -16.86600 -15.59400 -14.33300 -10.87400 -10.15200 -11.12900 -7.97500 -2.18700 0.66100 1.51600 6.75500 9.10400 13.82400 13.77400 12.65500 14.36400
6.00000 -16.37800 -16.08300 -14.82100 -10.38600 -10.64000 -12.59400 -7.48700 -1.69900 2.12600 2.98100 6.75500 8.61600 15.28900 17.19200 18.51400 21.68800
7.00000 -14.91300 -14.61800 -13.84500 -9.89800 -9.66400 -12.10500 -7.48700 -1.21100 3.59100 3.46900 6.26600 8.12800 15.77800 18.65600 21.44400 24.12900
8.00000 -12.96000 -12.66500 -12.38000 -8.92100 -8.68700 -9.66400 -7.97500 -1.21100 3.59100 2.98100 5.29000 7.15100 13.82400 17.19200 19.49100 20.71100
9.00000 -11.98300 -10.71200 -11.40300 -8.92100 -6.73400 -6.73400 -6.99900 -1.21100 2.61400 2.49200 5.29000 6.17500 11.38300 13.77400 14.11900 13.87500
10.00000 -12.96000 -10.22300 -11.40300 -9.41000 -5.75800 -4.29300 -6.02200 -1.69900 1.63800 2.00400 5.29000 5.19800 8.45300 10.84400 7.77200 8.01600
11.00000 -14.42500 -11.68800 -12.86800 -9.89800 -4.29300 -2.82800 -5.04600 -2.18700 1.63800 2.49200 4.80100 4.22200 6.50000 10.35600 4.84200 6.06300
12.00000 -15.40100 -12.66500 -13.84500 -10.38600 -3.31600 -1.85100 -4.55700 -2.67500 2.12600 3.95700 4.31300 3.24500 6.01200 11.82000 5.81900 8.01600
13.00000 -13.93600 -11.20000 -13.84500 -9.89800 -1.36300 0.59000 -4.55700 -3.16400 3.59100 5.42200 3.82500 2.26800 5.52400 12.79700 9.23700 10.45700
14.00000 -11.00700 -7.29400 -11.40300 -8.43300 0.59000 3.52000 -4.06900 -2.67500 4.56700 6.88700 4.31300 2.26800 4.54700 11.82000 11.19000 10.94600
15.00000 -7.10000 -2.41100 -7.00900 -5.99200 2.54300 5.96100 -3.09200 -1.69900 5.05600 8.35200 5.77800 2.26800 3.08200 9.37900 10.21300 9.48100
16.00000 -4.17100 0.03100 -3.59100 -4.03800 3.03100 6.44900 -0.65100 -1.21100 5.05600 10.30500 6.75500 1.78000 2.10600 8.40300 6.79500 8.50400
17.00000 -3.19400 0.51900 -2.12600 -2.57400 2.05500 5.47300 1.79000 -0.72200 4.56700 11.77000 6.75500 0.80400 2.10600 8.89100 2.88900 8.50400
18.00000 -4.17100 -0.94600 -2.61400 -2.57400 1.07800 4.00800 2.76700 -1.21100 4.07900 12.74600 5.29000 -0.17300 3.08200 11.33200 1.42400 9.96900
19.00000 -5.14700 -2.41100 -4.56700 -3.06200 0.10200 3.52000 2.76700 -1.69900 3.59100 12.74600 3.33700 -1.63800 3.57100 12.79700 1.91200 10.94600
20.00000 -6.12400 -3.87600 -5.54400 -3.55000 0.10200 3.03100 1.79000 -1.69900 3.10300 11.28100 1.87200 -2.61400 3.08200 11.82000 3.37700 9.96900
21.00000 -6.61200 -4.85200 -5.05600 -3.55000 0.10200 2.54300 0.32600 -1.69900 2.12600 8.35200 2.36000 -2.61400 1.61700 7.91400 4.35400 7.03900
22.00000 -7.10000 -5.82900 -4.56700 -4.03800 0.10200 1.56700 -0.65100 -1.69900 1.14900 4.44500 3.33700 -1.63800 0.15300 3.03100 3.86600 3.13300
23.00000 -9.05400 -8.27000 -5.05600 -4.52700 -0.38700 0.10200 -1.13900 -1.21100 0.66100 2.00400 4.80100 0.31500 -0.82400 0.59000 2.88900 0.69200
24.00000 -11.98300 -10.71200 -7.49700 -5.99200 -0.87500 0.10200 -0.65100 -1.21100 0.17300 1.02700 5.77800 1.78000 -0.33600 0.59000 1.91200 -0.28500
25.00000 -15.40100 -12.66500 -11.40300 -7.94500 -1.36300 0.10200 -1.13900 -1.69900 0.17300 1.02700 5.77800 3.73300 1.61700 2.54300 2.40100 0.69200
26.00000 -17.84300 -13.15300 -13.84500 -9.89800 -2.34000 -0.38700 -2.11600 -1.69900 -0.31500 1.51600 5.77800 5.19800 3.08200 4.00800 4.35400 3.13300
27.00000 -18.33100 -13.15300 -13.84500 -9.89800 -3.80500 -2.34000 -2.60400 -1.69900 0.17300 1.02700 6.26600 6.17500 4.54700 4.00800 6.79500 6.06300
28.00000 -16.37800 -11.68800 -11.40300 -8.43300 -5.26900 -4.78100 -2.11600 -1.21100 0.17300 0.53900 5.77800 7.64000 5.03500 2.54300 10.21300 9.48100
29.00000 -13.93600 -10.71200 -7.98500 -5.99200 -5.75800 -6.73400 -0.65100 -0.23400 1.14900 0.05100 6.26600 8.12800 5.52400 2.05500 13.14300 11.92200
30.00000 -11.98300 -10.22300 -5.54400 -3.55000 -6.24600 -6.73400 1.30200 1.71900 1.63800 0.53900 6.26600 8.61600 6.98900 4.00800 15.09600 13.38700
31.00000 -11.98300 -10.71200 -6.03200 -3.06200 -6.24600 -5.75800 2.27900 2.20700 1.63800 1.51600 7.24300 9.10400 8.45300 7.42600 16.07300 14.36400
32.00000 -14.91300 -12.66500 -8.96200 -4.03800 -6.73400 -5.26900 2.27900 2.20700 1.14900 2.49200 9.19600 10.08100 9.91800 11.33200 15.09600 14.36400
33.00000 -18.81900 -15.10600 -13.35700 -6.96800 -7.71100 -6.73400 0.81400 1.71900 1.14900 2.00400 11.14900 10.56900 10.40600 13.28500 14.11900 14.36400
34.00000 -21.74900 -18.03600 -16.77400 -9.89800 -8.19900 -8.68700 -0.65100 0.74300 1.14900 1.02700 12.12600 10.56900 9.91800 13.28500 13.63100 14.85200
35.00000 -22.72500 -19.50100 -17.75100 -11.36300 -8.19900 -9.66400 -2.11600 -0.23400 2.61400 0.05100 11.14900 10.08100 9.91800 11.82000 13.14300 14.85200
36.00000 -22.23700 -19.50100 -17.26300 -11.85100 -7.22200 -8.19900 -3.09200 -0.72200 3.59100 0.05100 8.21900 8.12800 9.43000 10.35600 13.14300 13.38700
37.00000 -21.26100 -18.52400 -16.28600 -10.87400 -5.75800 -5.26900 -4.55700 -1.21100 4.07900 1.02700 4.80100 6.17500 9.43000 10.35600 11.19000 10.94600
38.00000 -21.74900 -18.03600 -16.77400 -10.87400 -5.26900 -3.80500 -6.02200 -1.21100 3.59100 2.00400 2.36000 4.71000 8.94200 10.84400 9.23700 8.99300
39.00000 -23.70200 -18.52400 -18.72800 -11.85100 -6.24600 -4.78100 -7.48700 -1.69900 2.12600 1.51600 1.87200 3.73300 7.96500 10.84400 6.79500 8.01600
40.00000 -26.14300 -19.98900 -21.16900 -12.82800 -8.19900 -7.71100 -8.95200 -2.18700 1.14900 0.05100 2.36000 3.24500 6.50000 9.86700 5.33000 8.99300
41.00000 -27.12000 -20.96600 -22.14600 -13.31600 -10.15200 -11.61700 -9.44000 -2.67500 1.14900 -1.41400 2.36000 2.26800 5.03500 7.42600 5.33000 10.45700
42.00000 -25.16700 -20.47700 -21.16900 -12.82800 -9.66400 -13.57000 -8.95200 -2.67500 1.14900 -2.39100 1.38300 0.80400 3.08200 4.98500 5.33000 10.45700
43.00000 -21.74900 -18.52400 -18.72800 -10.38600 -8.19900 -12.59400 -8.95200 -3.16400 1.63800 -1.90200 -0.57000 -0.66100 1.61700 3.03100 3.86600 8.50400
44.00000 -19.30700 -16.08300 -17.75100 -8.43300 -6.24600 -9.66400 -8.46400 -3.16400 1.14900 -0.43700 -2.03500 -2.12600 0.64100 2.54300 1.91200 5.08600
45.00000 -19.30700 -16.08300 -18.23900 -7.94500 -5.26900 -7.22200 -8.46400 -2.67500 1.14900 0.53900 -3.01100 -2.61400 0.64100 3.52000 -0.04100 3.13300
46.00000 -21.74900 -17.54800 -19.21600 -8.43300 -5.26900 -6.73400 -7.97500 -2.18700 1.14900 1.02700 -2.03500 -1.63800 1.61700 5.47300 0.93600 4.11000
47.00000 -23.21400 -19.01200 -19.21600 -9.41000 -5.75800 -7.22200 -6.99900 -1.21100 1.14900 0.53900 0.89500 0.80400 3.08200 7.42600 4.35400 8.01600
48.00000 -21.26100 -17.54800 -15.79800 -7.94500 -5.26900 -6.24600 -4.55700 0.25400 1.63800 0.53900 4.80100 3.73300 4.54700 9.37900 9.23700 12.41000
49.00000 -15.40100 -12.17700 -8.96200 -5.50300 -3.31600 -2.34000 -2.11600 2.20700 1.63800 1.51600 8.21900 6.66300 6.01200 10.35600 13.14300 15.34000
50.00000 -8.07700 -5.82900 -2.61400 -2.57400 0.59000 4.00800 1.30200 3.67200 2.12600 2.98100 12.12600 8.12800 6.50000 11.33200 14.60800 15.34000
51.00000 -4.17100 -1.92300 1.29200 -0.13200 3.52000 8.89100 3.25500 4.64900 2.61400 3.95700 14.56700 9.10400 6.50000 11.33200 14.11900 13.38700
52.00000 -4.65900 -2.41100 1.78000 0.84400 4.00800 8.89100 5.20800 4.64900 3.10300 3.95700 17.00800 10.08100 6.50000 11.33200 13.63100 12.41000
53.00000 -9.54200 -6.80500 -0.17300 -0.13200 1.56700 4.00800 6.18500 4.64900 2.61400 2.98100 18.96200 11.05800 6.98900 10.84400 14.60800 12.89900
54.00000 -13.93600 -11.68800 -2.12600 -1.59700 -2.82800 -3.31600 7.65000 5.13700 1.63800 2.00400 19.93800 12.52200 6.98900 10.84400 16.07300 15.34000
55.00000 -15.88900 -13.64100 -2.61400 -2.08500 -6.24600 -7.71100 8.13800 5.62500 -0.31500 2.00400 19.45000 13.01100 7.96500 11.33200 17.53700 17.78200
56.00000 -14.91300 -13.15300 -3.10300 -2.57400 -7.71100 -8.19900 7.65000 5.62500 -0.80400 2.98100 17.49700 13.01100 7.96500 12.30900 18.51400 19.24600
57.00000 -13.93600 -11.68800 -3.59100 -2.57400 -7.22200 -6.24600 6.67300 5.13700 -0.80400 3.46900 15.05500 11.54600 8.45300 12.79700 18.02600 19.24600
58.00000 -14.42500 -12.17700 -5.54400 -4.03800 -6.24600 -5.26900 4.72000 4.16100 0.17300 2.49200 13.10200 10.08100 7.96500 12.30900 17.53700 18.27000
59.00000 -16.86600 -14.13000 -7.98500 -5.01500 -6.24600 -7.22200 3.25500 2.69600 1.14900 0.05100 13.10200 9.10400 7.47700 10.84400 17.53700 16.80500
60.00000 -18.81900 -16.08300 -9.45000 -5.99200 -6.24600 -10.15200 3.25500 2.69600 0.66100 -1.90200 15.05500 9.59300 6.50000 8.89100 17.04900 14.36400
61.00000 -18.33100 -16.08300 -8.96200 -5.50300 -6.73400 -10.64000 3.74300 3.18400 -0.80400 -2.87900 17.00800 10.08100 5.52400 6.93800 16.07300 12.41000
62.00000 -15.88900 -13.15300 -7.98500 -4.03800 -5.75800 -7.22200 5.20800 4.16100 -1.78000 -1.41400 18.47300 10.08100 4.54700 6.93800 14.60800 11.43400
63.00000 -13.44800 -10.22300 -7.49700 -3.06200 -4.78100 -3.31600 5.69700 3.67200 -2.26800 0.53900 17.49700 9.10400 4.54700 7.42600 14.60800 12.41000
64.00000 -12.47200 -9.24700 -7.98500 -2.57400 -4.29300 -1.36300 5.69700 3.67200 -1.78000 2.00400 16.03200 8.12800 5.03500 9.86700 16.07300 15.82800
65.00000 -13.44800 -10.71200 -8.47400 -3.06200 -5.26900 -3.31600 5.20800 3.18400 -0.80400 1.51600 15.05500 7.64000 6.01200 12.30900 19.97900 19.73500
66.00000 -14.42500 -12.66500 -7.49700 -3.06200 -6.24600 -7.71100 5.69700 3.67200 -0.31500 0.53900 16.03200 8.61600 7.47700 14.75000 24.37300 22.66400
67.00000 -13.93600 -12.66500 -5.05600 -2.57400 -7.22200 -10.15200 7.16100 4.64900 -0.31500 0.05100 18.96200 10.56900 8.45300 16.70300 27.30300 24.12900
68.00000 -12.47200 -11.20000 -3.10300 -2.08500 -6.73400 -8.68700 8.62600 6.11400 0.17300 1.02700 21.40300 13.01100 9.91800 18.16800 27.79100 24.12900
69.00000 -11.98300 -9.24700 -2.61400 -2.08500 -5.26900 -4.78100 9.11500 6.60200 1.63800 3.46900 21.89100 13.98700 11.87100 20.12100 25.35000 24.12900
70.00000 -12.96000 -9.73500 -5.05600 -3.06200 -3.80500 -1.36300 7.65000 5.62500 4.07900 4.93400 20.42600 13.98700 13.82400 21.09800 22.42000 24.61800
71.00000 -16.37800 -11.68800 -9.45000 -5.01500 -3.31600 -0.87500 4.72000 4.16100 5.54400 5.42200 17.98500 13.01100 15.77800 22.07400 20.46700 26.08200
72.00000 -19.79600 -15.10600 -12.38000 -6.48000 -4.29300 -3.80500 2.27900 2.69600 5.54400 3.95700 16.52000 12.52200 16.75400 21.58600 20.46700 26.57100
73.00000 -21.74900 -17.05900 -12.86800 -7.45600 -5.75800 -6.73400 0.81400 2.69600 4.07900 1.51600 16.52000 13.01100 16.75400 19.63300 21.44400 25.59400
74.00000 -21.26100 -17.54800 -12.38000 -7.45600 -7.71100 -8.19900 -0.16300 3.18400 2.61400 -0.43700 17.00800 13.01100 15.77800 16.21500 21.93200 23.64100
75.00000 -20.77200 -17.54800 -12.38000 -7.45600 -9.66400 -8.19900 -0.16300 3.67200 1.63800 -1.90200 16.52000 12.52200 14.31300 13.28500 21.44400 21.68800
76.00000 -21.26100 -18.03600 -13.35700 -8.43300 -11.12900 -9.17600 -1.13900 4.16100 1.63800 -2.39100 15.54400 12.03400 12.84800 11.33200 20.46700 20.22300
77.00000 -23.70200 -20.47700 -15.31000 -10.38600 -12.59400 -12.59400 -1.62800 4.16100 2.12600 -2.87900 14.07900 11.54600 12.36000 9.86700 19.00200 19.24600
78.00000 -26.63200 -23.40700 -17.26300 -11.36300 -13.57000 -16.50000 -2.11600 3.18400 2.12600 -3.36700 13.59000 11.05800 11.87100 9.86700 19.00200 18.75800
79.00000 -27.60800 -24.38400 -17.26300 -11.85100 -13.57000 -17.96500 -1.62800 3.18400 2.12600 -2.87900 14.56700 11.54600 11.87100 9.86700 18.51400 18.27000
80.00000 -26.14300 -22.43000 -15.79800 -10.87400 -11.61700 -15.03500 -0.65100 3.67200 2.12600 -1.41400 15.05500 11.54600 11.87100 10.84400 18.02600 17.29300
81.00000 -23.21400 -18.52400 -12.86800 -8.43300 -8.19900 -7.71100 0.81400 3.18400 2.61400 1.51600 14.56700 10.56900 11.87100 12.79700 17.04900 16.80500
82.00000 -19.30700 -14.13000 -9.93900 -5.99200 -3.80500 -0.87500 1.79000 2.69600 3.59100 4.44500 13.10200 8.61600 11.38300 15.23800 16.07300 16.80500
83.00000 -15.88900 -10.71200 -7.00900 -4.03800 -0.87500 2.54300 2.76700 1.71900 4.56700 6.39900 11.63700 7.64000 10.89500 17.19200 16.56100 17.29300
84.00000 -13.44800 -9.24700 -4.07900 -2.57400 0.10200 1.07800 3.74300 0.25400 4.07900 6.88700 12.12600 6.66300 10.40600 17.68000 18.02600 18.27000
85.00000 -11.49500 -8.27000 -1.14900 -1.59700 -0.38700 -2.34000 5.20800 -0.23400 2.61400 6.88700 14.56700 7.15100 10.40600 17.19200 19.00200 20.22300
86.00000 -10.03000 -7.78200 0.80400 -0.13200 -1.85100 -4.29300 6.67300 -0.23400 1.14900 6.88700 17.98500 7.64000 9.91800 15.72700 18.51400 21.68800
87.00000 -8.07700 -6.31700 2.26800 0.84400 -1.85100 -3.80500 8.13800 -0.23400 0.17300 7.86300 19.93800 7.64000 9.43000 15.72700 17.04900 23.15300
88.00000 -5.63600 -3.87600 3.73300 1.82100 -0.38700 -0.38700 9.11500 0.25400 0.17300 9.32800 20.91500 6.66300 9.91800 17.19200 16.07300 23.15300
89.00000 -3.68200 -1.43400 4.71000 2.79700 2.05500 4.98500 10.09100 1.23100 1.63800 11.28100 20.91500 6.17500 10.40600 20.12100 18.02600 24.12900
90.00000 -1.72900 1.00700 6.17500 3.28600 5.96100 10.35600 12.04400 3.18400 3.59100 13.72300 21.89100 7.64000 11.87100 24.02800 22.90900 25.10600
91.00000 -0.75300 2.47200 7.64000 3.77400 9.37900 15.23800 13.99700 5.62500 6.03200 16.16400 24.33300 10.08100 14.31300 26.95700 28.28000 27.54700
92.00000 -1.24100 2.96000 8.12800 3.77400 10.35600 17.68000 15.46200 7.09000 7.49700 18.11700 27.75100 13.49900 16.26600 28.42200 31.69800 29.98900
93.00000 -3.68200 1.00700 6.17500 1.82100 8.89100 16.21500 14.97400 8.06700 7.98500 19.09400 29.21500 15.45200 17.24200 27.93400 31.20900 31.45300
94.00000 -7.58900 -2.89900 2.26800 -0.62100 4.49600 10.35600 12.53300 8.06700 7.49700 17.14100 28.23900 16.42900 17.73100 25.98100 28.28000 31.45300
95.00000 -11.98300 -7.78200 -3.10300 -4.03800 -0.87500 1.07800 8.13800 7.09000 5.54400 13.23400 24.82100 15.45200 17.24200 24.02800 24.37300 29.50000
96.00000 -15.88900 -12.17700 -8.47400 -7.45600 -6.73400 -8.19900 3.25500 6.11400 3.59100 8.35200 20.42600 13.98700 16.26600 21.58600 20.95500 26.08200
97.00000 -19.30700 -16.08300 -11.89200 -9.89800 -10.64000 -13.57000 -0.65100 5.62500 1.63800 3.95700 15.54400 12.03400 15.28900 19.14500 18.51400 22.66400
98.00000 -22.23700 -19.01200 -13.84500 -11.36300 -12.59400 -14.05800 -3.09200 4.64900 0.17300 0.53900 11.14900 9.59300 13.33600 16.21500 15.09600 18.75800
99.00000 -25.65500 -21.94200 -15.31000 -12.33900 -13.57000 -13.57000 -5.04600 4.16100 -0.80400 -2.39100 6.75500 7.15100 10.89500 10.84400 11.19000 14.85200
100.00000 -28.58500 -24.87200 -17.75100 -12.82800 -15.03500 -15.03500 -6.51000 3.18400 -1.29200 -6.29700 4.31300 5.19800 8.45300 4.49600 8.74800 11.92200
101.00000 -32.00300 -28.77800 -20.68100 -14.29200 -16.50000 -20.40600 -7.48700 2.69600 -1.29200 -11.18000 3.82500 4.71000 6.50000 -1.36300 9.23700 10.94600
102.00000 -34.44400 -30.73100 -23.12200 -15.26900 -18.45300 -26.26500 -8.46400 2.69600 -1.29200 -15.08600 6.26600 7.15100 6.50000 -4.78100 13.14300 10.94600
103.00000 -34.93200 -31.21900 -24.09900 -16.24600 -18.45300 -28.70700 -7.97500 3.18400 0.17300 -16.06200 10.17300 10.08100 7.96500 -3.80500 17.53700 12.89900
104.00000 -33.46800 -29.26600 -22.14600 -15.75700 -16.50000 -24.31200 -6.02200 4.16100 2.12600 -13.13300 13.10200 12.52200 9.91800 0.59000 19.49100 14.85200
105.00000 -30.53800 -25.36000 -19.21600 -14.78100 -12.59400 -15.52300 -3.58100 4.16100 4.07900 -7.27300 13.10200 12.52200 11.87100 5.96100 17.04900 15.34000
106.00000 -25.65500 -19.98900 -15.31000 -12.33900 -8.19900 -7.71100 -1.13900 4.16100 5.54400 -1.41400 11.14900 10.56900 12.36000 9.37900 12.16600 13.87500
107.00000 -20.77200 -15.10600 -11.40300 -9.41000 -5.26900 -3.80500 0.81400 3.67200 6.03200 1.51600 7.73100 8.12800 11.87100 10.35600 7.28400 11.43400
108.00000 -15.40100 -10.22300 -7.49700 -6.48000 -3.31600 -2.82800 1.79000 3.18400 5.54400 2.49200 6.26600 6.17500 9.91800 8.89100 5.33000 9.48100
109.00000 -11.49500 -5.82900 -4.56700 -4.03800 -1.85100 -3.31600 2.76700 3.18400 5.54400 2.00400 6.75500 6.17500 8.45300 7.42600 6.30700 8.50400
110.00000 -8.56500 -3.38700 -1.63800 -2.08500 0.10200 -1.36300 3.74300 3.67200 4.56700 2.49200 8.21900 6.17500 8.45300 6.44900 7.77200 8.50400
111.00000 -8.07700 -2.89900 -0.17300 -0.62100 1.56700 1.07800 4.72000 4.16100 4.07900 4.44500 10.17300 5.68600 8.45300 7.42600 8.26000 8.99300
112.00000 -8.56500 -3.38700 0.31500 -0.13200 2.54300 2.54300 5.20800 4.16100 3.59100 6.88700 10.66100 4.71000 8.94200 8.89100 8.26000 10.94600
113.00000 -8.56500 -4.36400 0.31500 0.84400 3.03100 2.54300 5.20800 3.67200 3.10300 8.84000 10.17300 3.73300 8.94200 11.33200 9.23700 13.38700
114.00000 -7.10000 -2.41100 -0.17300 1.33300 4.00800 3.52000 5.20800 3.18400 3.10300 10.79300 10.17300 3.24500 9.43000 13.77400 11.67800 16.80500
115.00000 -3.68200 1.49500 1.29200 2.79700 6.44900 6.93800 5.69700 3.67200 4.07900 13.23400 11.14900 3.73300 9.91800 16.70300 15.58400 20.71100
116.00000 0.22400 5.89000 3.73300 4.26200 9.86700 12.79700 7.65000 3.67200 5.05600 16.65200 12.61400 4.71000 10.40600 20.61000 19.00200 23.64100
117.00000 3.64200 9.79600 7.15100 5.72700 12.30900 18.16800 10.09100 5.13700 5.54400 20.55900 14.56700 5.68600 11.38300 24.51600 20.95500 26.08200
118.00000 6.57100 12.23800 11.05800 7.68000 12.79700 19.63300 13.02100 5.62500 5.54400 23.48800 17.98500 6.17500 12.36000 27.44500 21.93200 28.03500
119.00000 8.52500 12.23800 14.96400 8.65700 11.82000 17.19200 15.95100 6.11400 5.05600 24.95300 20.91500 6.66300 12.84800 28.91000 23.39700 30.96500
120.00000 9.98900 12.72600 18.38200 9.63300 10.35600 14.26200 18.39200 6.11400 5.05600 24.46500 24.82100 8.12800 13.82400 29.39900 26.81500 34.38300
121.00000 10.96600 13.21400 19.84700 9.63300 10.35600 14.75000 20.34500 5.62500 6.03200 23.97700 28.23900 10.56900 15.77800 30.37500 31.20900 37.31300
122.00000 11.45400 13.70200 19.84700 9.14500 11.82000 18.65600 20.83300 5.13700 7.49700 24.95300 30.68000 13.49900 18.21900 31.84000 33.65100 38.77800
123.00000 9.50100 12.72600 17.89300 7.68000 13.28500 23.53900 20.34500 4.16100 9.45000 26.41800 31.16900 15.45200 20.66000 33.79300 34.62700 37.80100
124.00000 5.10700 9.30800 14.47600 4.75100 12.30900 24.02800 18.39200 3.18400 9.93900 26.90600 28.72700 15.94000 22.12500 33.79300 32.18600 34.38300
125.00000 -0.26400 2.96000 9.10400 1.33300 7.91400 17.68000 14.48600 1.23100 9.45000 23.48800 24.82100 14.47600 21.14900 30.86300 27.79100 29.50000
126.00000 -7.10000 -4.36400 2.26800 -3.55000 1.07800 6.44900 9.11500 -0.72200 7.49700 17.14100 19.45000 12.03400 19.19600 25.00400 23.39700 25.59400
127.00000 -13.44800 -11.20000 -4.56700 -8.43300 -5.75800 -3.80500 3.74300 -1.69900 5.05600 9.32800 14.56700 10.56900 16.26600 18.16800 19.49100 23.15300
128.00000 -19.30700 -17.05900 -10.91500 -12.82800 -10.64000 -9.66400 -1.13900 -2.67500 3.59100 2.98100 11.14900 9.59300 13.33600 11.82000 16.56100 21.20000
129.00000 -23.70200 -20.96600 -16.28600 -15.75700 -13.08200 -11.61700 -4.55700 -2.18700 2.12600 -1.41400 8.70800 9.10400 10.89500 7.42600 14.11900 18.27000
130.00000 -27.60800 -23.89500 -20.19200 -17.71000 -13.57000 -11.61700 -6.02200 -1.69900 1.63800 -3.85500 7.24300 8.61600 8.45300 3.52000 11.19000 12.89900
131.00000 -30.05000 -26.33700 -22.63400 -18.68700 -14.05800 -13.08200 -7.48700 -1.21100 0.66100 -5.32000 5.77800 6.66300 6.01200 0.59000 7.77200 6.06300
132.00000 -31.51400 -27.80200 -23.61000 -18.68700 -15.52300 -17.96500 -8.46400 -1.21100 0.17300 -8.25000 3.82500 4.22200 4.05900 -1.85100 3.37700 -0.28500
133.00000 -32.49100 -29.26600 -23.12200 -18.68700 -16.98800 -23.33600 -9.44000 -0.72200 -0.31500 -10.69100 1.38300 1.78000 2.59400 -3.31600 0.44800 -3.70300
134.00000 -32.49100 -30.24300 -22.14600 -18.68700 -18.45300 -26.75400 -9.92800 -0.23400 -0.80400 -12.15600 -0.57000 0.80400 2.59400 -3.31600 -1.99400 -3.70300
135.00000 -32.00300 -30.24300 -21.65700 -18.68700 -18.94100 -26.26500 -8.95200 1.23100 -1.78000 -12.64400 -1.54600 0.31500 2.59400 -3.31600 -3.45900 -1.26100
136.00000 -32.00300 -30.24300 -21.65700 -18.19900 -18.94100 -23.33600 -7.48700 2.69600 -2.75700 -12.15600 -1.05800 0.80400 1.61700 -5.26900 -3.45900 0.69200
137.00000 -31.02600 -29.26600 -22.14600 -17.22200 -18.94100 -20.89400 -5.53400 4.16100 -3.24500 -11.66800 -0.08100 1.29200 0.15300 -8.19900 -2.97000 1.66800
138.00000 -29.07300 -27.31300 -21.16900 -15.26900 -17.96500 -19.91800 -4.06900 4.64900 -3.24500 -11.66800 1.38300 1.78000 -1.80100 -11.12900 -1.50600 1.18000
139.00000 -26.14300 -24.38400 -18.23900 -12.82800 -16.50000 -20.40600 -2.60400 5.62500 -2.26800 -11.66800 3.33700 1.78000 -2.28900 -12.10500 0.93600 1.66800
140.00000 -21.74900 -20.47700 -13.35700 -10.38600 -13.57000 -19.43000 -0.65100 6.60200 -1.29200 -10.69100 5.77800 2.75700 -1.31200 -8.19900 3.86600 4.11000
141.00000 -17.35400 -15.59400 -8.47400 -6.96800 -9.66400 -15.03500 1.79000 7.57900 -0.80400 -7.27300 8.21900 3.73300 0.64100 -2.34000 6.79500 7.52800
142.00000 -12.47200 -10.22300 -3.59100 -4.03800 -4.78100 -8.19900 5.20800 9.04300 -0.31500 -1.90200 9.68400 4.22200 2.10600 4.00800 8.74800 10.45700
143.00000 -8.07700 -4.36400 0.31500 -0.62100 -0.38700 -0.38700 9.11500 10.50800 0.17300 3.46900 10.66100 3.73300 3.57100 7.91400 10.21300 13.38700
144.00000 -3.19400 1.00700 4.22200 2.79700 3.52000 4.98500 12.04400 10.99700 1.63800 8.35200 11.14900 3.24500 4.05900 10.35600 11.67800 15.82800
145.00000 2.17700 5.89000 7.64000 5.72700 6.44900 8.40300 14.48600 10.99700 3.10300 10.79300 12.12600 2.75700 4.54700 12.30900 14.60800 18.75800
146.00000 6.57100 9.79600 11.54600 8.16900 8.89100 8.89100 15.46200 10.50800 4.56700 11.28100 14.07900 3.73300 6.50000 15.72700 18.51400 22.66400
147.00000 10.47800 12.23800 14.96400 10.12200 9.86700 9.37900 16.43900 10.50800 5.05600 10.79300 17.49700 5.19800 7.96500 18.65600 21.93200 25.10600
148.00000 11.94300 13.21400 17.40500 11.09800 10.84400 10.35600 17.41500 10.02000 5.05600 10.30500 20.42600 7.15100 9.43000 20.12100 22.90900 25.59400
149.00000 11.94300 13.21400 18.38200 11.09800 10.84400 11.33200 18.39200 9.53200 4.07900 9.81600 21.89100 7.64000 8.94200 19.14500 21.44400 23.15300
150.00000 10.47800 12.23800 17.40500 11.09800 10.84400 11.82000 18.39200 9.04300 3.59100 10.30500 21.40300 6.66300 7.96500 15.72700 18.51400 19.73500
151.00000 8.52500 11.26100 15.94000 10.12200 10.35600 12.30900 17.90400 9.04300 3.59100 10.79300 19.93800 5.19800 7.96500 13.77400 16.07300 18.27000
152.00000 6.57100 9.79600 13.49900 8.65700 9.86700 12.30900 16.43900 8.06700 4.56700 12.25800 18.47300 4.71000 9.43000 14.75000 15.58400 20.22300
153.00000 5.10700 8.33100 11.54600 6.21500 8.89100 11.82000 14.48600 7.57900 5.05600 14.21100 17.98500 5.68600 11.87100 18.65600 17.53700 24.61800
154.00000 3.64200 6.37800 9.59300 3.77400 6.44900 11.33200 13.50900 7.09000 5.05600 15.67600 18.47300 7.64000 15.28900 22.56300 19.97900 28.52400
155.00000 0.71200 3.44800 7.64000 1.82100 3.52000 8.89100 13.02100 6.60200 4.56700 16.16400 19.93800 10.08100 16.75400 24.51600 21.44400 29.50000
156.00000 -2.70600 0.03100 6.17500 -0.62100 0.10200 5.96100 13.50900 6.60200 3.10300 15.18800 20.91500 11.54600 17.24200 23.53900 21.93200 27.54700
157.00000 -6.12400 -3.38700 4.71000 -3.06200 -3.31600 3.03100 13.50900 6.11400 1.63800 13.23400 21.89100 12.52200 16.26600 20.61000 21.93200 25.59400
158.00000 -8.56500 -6.31700 2.75700 -5.01500 -5.26900 1.07800 12.53300 5.62500 0.17300 11.28100 21.40300 13.01100 14.80100 17.68000 21.93200 24.61800
159.00000 -10.03000 -8.27000 0.31500 -6.96800 -6.73400 0.10200 10.09100 5.13700 -0.80400 8.35200 20.42600 13.49900 14.31300 16.21500 21.93200 24.61800
160.00000 -11.00700 -9.73500 -2.12600 -8.92100 -8.19900 -1.36300 7.16100 4.16100 -1.29200 6.39900 17.98500 13.01100 13.33600 15.23800 21.44400 24.12900
161.00000 -12.47200 -11.68800 -5.05600 -10.38600 -9.66400 -3.80500 4.72000 3.67200 -2.26800 4.44500 16.03200 12.03400 11.87100 13.77400 20.46700 22.17600
162.00000 -14.91300 -14.13000 -7.98500 -11.36300 -12.10500 -6.73400 2.27900 2.69600 -2.75700 2.98100 13.59000 9.59300 10.40600 11.33200 19.97900 19.73500
163.00000 -18.33100 -16.08300 -10.91500 -12.82800 -14.54700 -9.66400 0.32600 1.71900 -3.24500 2.49200 11.63700 7.15100 8.45300 7.91400 19.49100 16.80500
164.00000 -21.74900 -18.52400 -13.35700 -14.29200 -15.03500 -10.15200 -1.13900 0.74300 -2.26800 2.49200 9.68400 5.68600 6.98900 5.47300 18.51400 14.85200
165.00000 -23.70200 -19.01200 -15.31000 -14.78100 -13.57000 -8.68700 -3.09200 0.25400 -1.78000 2.00400 8.21900 4.71000 5.03500 4.49600 15.09600 12.41000
166.00000 -23.70200 -18.52400 -15.31000 -14.78100 -11.61700 -7.22200 -4.55700 -0.23400 -1.29200 1.02700 5.77800 3.73300 2.10600 2.54300 9.72500 9.48100
167.00000 -21.74900 -17.05900 -14.82100 -13.80400 -9.17600 -6.73400 -5.53400 -0.23400 -1.78000 -1.90200 2.84800 2.26800 -0.82400 -0.38700 3.37700 5.08600
168.00000 -19.79600 -15.59400 -13.35700 -12.33900 -7.71100 -7.71100 -6.02200 0.25400 -3.24500 -4.83200 0.40700 -0.17300 -4.73000 -5.26900 -1.50600 1.66800
169.00000 -18.33100 -14.61800 -12.38000 -10.87400 -7.71100 -8.68700 -5.53400 0.74300 -4.22200 -7.76200 -1.05800 -2.61400 -7.17200 -8.68700 -3.45900 0.20300
170.00000 -17.35400 -14.13000 -11.89200 -9.89800 -7.71100 -8.19900 -5.04600 0.74300 -3.73300 -8.25000 -1.05800 -4.07900 -7.66000 -9.66400 -1.99400 1.66800
171.00000 -16.86600 -13.15300 -11.40300 -9.41000 -7.22200 -6.73400 -5.04600 0.74300 -2.75700 -5.80900 -0.57000 -5.54400 -6.68300 -7.22200 0.93600 3.13300
172.00000 -15.40100 -11.68800 -10.42700 -8.92100 -5.75800 -4.78100 -4.55700 0.74300 -0.80400 -2.39100 -0.08100 -6.03200 -5.70700 -3.80500 2.88900 4.11000
173.00000 -13.44800 -10.22300 -8.47400 -7.45600 -3.80500 -3.80500 -3.09200 1.71900 0.66100 1.02700 -1.05800 -6.03200 -5.21900 -1.36300 2.88900 3.13300
174.00000 -11.00700 -8.27000 -6.03200 -5.50300 -2.82800 -3.80500 -1.62800 2.69600 1.14900 2.49200 -2.03500 -5.54400 -5.21900 -1.85100 1.91200 1.18000
175.00000 -8.56500 -7.29400 -3.59100 -3.55000 -1.85100 -3.80500 0.81400 4.64900 1.14900 2.00400 -3.01100 -5.05600 -5.21900 -3.31600 0.93600 -0.77300
176.00000 -7.58900 -6.31700 -2.12600 -2.08500 -0.87500 -2.82800 2.27900 5.62500 1.63800 2.00400 -2.52300 -4.07900 -4.24200 -3.80500 -0.04100 -0.28500
177.00000 -7.58900 -5.34100 -1.63800 -1.10900 0.59000 -0.38700 2.27900 6.60200 2.61400 2.98100 -1.54600 -3.10300 -2.28900 -0.87500 -0.04100 2.15700
178.00000 -7.58900 -5.34100 -2.12600 -0.62100 1.56700 2.05500 1.79000 6.60200 4.07900 4.93400 -1.05800 -2.61400 0.64100 4.00800 -0.04100 4.59800
179.00000 -7.10000 -4.85200 -2.61400 -0.13200 2.54300 3.52000 0.81400 6.11400 5.05600 7.37500 -0.57000 -2.61400 2.59400 7.91400 0.44800 6.55100
180.00000 -7.10000 -4.85200 -1.63800 0.84400 2.54300 3.52000 0.81400 5.13700 4.56700 8.35200 -0.57000 -1.63800 3.57100 9.37900 1.42400 8.50400
181.00000 -6.12400 -4.85200 -0.17300 1.82100 2.05500 2.54300 1.79000 5.13700 4.07900 8.35200 0.40700 -1.14900 3.57100 8.40300 3.37700 9.96900
182.00000 -5.63600 -4.36400 0.80400 2.30900 1.07800 1.56700 3.25500 4.64900 3.59100 7.86300 2.36000 0.31500 4.54700 7.91400 6.30700 11.43400
183.00000 -5.63600 -4.36400 1.29200 1.82100 0.10200 1.56700 3.74300 4.16100 3.59100 8.35200 4.80100 1.29200 6.01200 9.37900 7.77200 11.92200
184.00000 -6.12400 -4.85200 0.31500 0.84400 -0.87500 1.56700 2.76700 3.18400 3.59100 9.32800 5.77800 1.78000 7.96500 13.28500 7.77200 12.41000
185.00000 -7.58900 -5.82900 -0.66100 -1.10900 -1.85100 1.07800 0.32600 1.71900 3.59100 9.81600 5.29000 1.78000 9.43000 16.21500 5.81900 12.41000
186.00000 -9.54200 -7.29400 -1.63800 -2.57400 -3.31600 0.10200 -1.13900 1.23100 2.61400 9.32800 4.80100 1.78000 10.40600 17.19200 3.86600 12.41000
187.00000 -10.51800 -8.27000 -1.63800 -3.06200 -3.80500 -0.87500 -1.13900 1.23100 1.14900 7.86300 5.29000 2.75700 9.91800 16.21500 2.88900 12.41000
188.00000 -10.51800 -8.75900 -0.66100 -2.57400 -4.29300 -0.38700 0.32600 1.23100 0.17300 5.91000 7.24300 4.71000 9.91800 13.28500 5.33000 13.87500
189.00000 -9.54200 -8.27000 0.80400 -2.08500 -3.80500 1.07800 1.79000 1.23100 -0.31500 5.42200 9.68400 6.17500 9.43000 11.82000 10.21300 15.82800
190.00000 -8.56500 -7.29400 1.78000 -2.08500 -3.31600 2.54300 2.76700 0.74300 -0.31500 6.39900 9.68400 6.66300 9.43000 10.84400 16.07300 17.29300
191.00000 -8.07700 -6.80500 1.29200 -2.08500 -3.80500 3.03100 2.27900 -0.23400 -0.31500 8.35200 7.73100 5.68600 9.43000 10.84400 19.00200 18.27000
192.00000 -8.56500 -6.80500 -0.17300 -3.06200 -4.29300 2.54300 0.81400 -1.21100 -0.31500 8.84000 4.80100 3.73300 8.94200 10.35600 19.00200 17.78200
193.00000 -8.56500 -7.29400 -1.14900 -3.55000 -5.26900 1.07800 -0.16300 -1.21100 -0.80400 7.37500 3.33700 3.24500 7.47700 8.89100 15.58400 15.82800
194.00000 -8.56500 -7.78200 -1.14900 -4.03800 -6.24600 -0.38700 0.81400 -0.23400 -1.29200 4.93400 4.80100 3.24500 5.52400 6.93800 10.70100 13.38700
195.00000 -8.56500 -8.27000 -0.66100 -3.55000 -6.24600 -1.85100 2.76700 0.25400 -1.78000 2.98100 7.73100 4.22200 4.05900 5.47300 6.79500 11.43400
196.00000 -9.54200 -9.24700 -0.66100 -3.55000 -6.73400 -3.31600 3.74300 1.23100 -1.29200 2.00400 9.68400 4.71000 4.05900 5.47300 5.33000 10.45700
197.00000 -11.49500 -11.20000 -2.12600 -4.52700 -6.73400 -4.78100 2.76700 0.25400 -1.29200 2.49200 8.70800 3.24500 3.57100 5.96100 6.30700 9.96900
198.00000 -13.93600 -12.66500 -4.56700 -5.50300 -7.22200 -5.75800 0.32600 -0.23400 -0.80400 2.98100 5.29000 0.80400 3.08200 5.96100 7.28400 9.48100
199.00000 -15.88900 -14.61800 -7.49700 -6.96800 -7.71100 -6.24600 -2.11600 -0.72200 -0.80400 2.98100 0.40700 -1.63800 1.61700 4.49600 7.77200 9.48100
200.00000 -16.86600 -15.59400 -9.45000 -7.45600 -8.68700 -5.75800 -4.06900 0.25400 -0.80400 1.51600 -2.03500 -3.10300 -0.33600 2.05500 6.79500 8.50400
201.00000 -16.86600 -16.08300 -9.93900 -6.96800 -9.17600 -6.24600 -4.06900 2.20700 -0.80400 -0.92600 -2.52300 -3.59100 -2.77700 -0.38700 3.86600 6.55100
202.00000 -16.86600 -17.05900 -9.45000 -6.48000 -10.15200 -8.68700 -3.09200 4.16100 -1.78000 -3.36700 -1.54600 -3.59100 -5.21900 -2.82800 -0.04100 4.11000
203.00000 -16.86600 -17.54800 -8.96200 -5.99200 -10.64000 -11.12900 -2.60400 4.64900 -1.78000 -4.34400 -1.05800 -4.07900 -6.68300 -4.29300 -3.94700 0.69200
204.00000 -16.37800 -17.05900 -8.47400 -5.99200 -10.15200 -12.10500 -3.09200 4.64900 -1.78000 -3.85500 -2.03500 -4.56700 -7.17200 -4.29300 -5.90000 -1.75000
205.00000 -15.40100 -15.10600 -8.96200 -5.50300 -8.19900 -10.64000 -5.04600 4.16100 -0.31500 -1.90200 -3.49900 -5.54400 -6.68300 -2.82800 -5.90000 -2.23800
206.00000 -13.44800 -12.66500 -9.45000 -5.50300 -5.75800 -6.24600 -6.02200 3.67200 1.63800 1.02700 -3.98800 -5.05600 -4.73000 -0.87500 -3.45900 -1.26100
207.00000 -11.49500 -10.22300 -9.45000 -5.01500 -3.31600 -1.85100 -5.53400 4.16100 3.10300 3.46900 -2.52300 -3.59100 -1.80100 1.56700 -0.04100 0.69200
208.00000 -11.00700 -10.22300 -8.47400 -4.52700 -2.34000 -1.36300 -3.58100 5.13700 3.10300 3.95700 -0.57000 -1.63800 0.15300 3.03100 1.91200 2.15700
209.00000 -11.49500 -11.20000 -6.52100 -3.55000 -3.80500 -3.80500 -0.65100 6.11400 2.12600 2.98100 0.89500 -0.66100 1.61700 4.49600 2.40100 3.13300
210.00000 -12.96000 -13.15300 -4.56700 -2.57400 -6.24600 -8.68700 1.30200 6.11400 0.66100 1.02700 0.89500 -1.14900 1.61700 5.96100 0.44800 3.62100
211.00000 -13.93600 -14.61800 -4.07900 -1.59700 -8.19900 -11.61700 0.81400 5.13700 -0.80400 -1.41400 -0.57000 -2.61400 1.12900 6.44900 -2.48200 4.11000
212.00000 -13.93600 -14.61800 -5.05600 -2.08500 -9.17600 -12.10500 -1.62800 3.18400 -1.29200 -1.90200 -2.52300 -4.07900 1.12900 6.93800 -4.43500 5.57500
213.00000 -13.93600 -14.13000 -7.49700 -3.06200 -8.19900 -10.64000 -4.55700 1.71900 -1.29200 -2.39100 -2.52300 -4.07900 1.12900 6.44900 -4.43500 7.03900
214.00000 -14.42500 -14.61800 -10.42700 -4.52700 -7.71100 -10.15200 -6.99900 0.25400 -1.29200 -2.87900 -2.03500 -2.12600 1.61700 4.98500 -1.50600 7.52800
215.00000 -16.37800 -16.08300 -12.38000 -6.48000 -8.19900 -11.61700 -8.46400 -0.72200 -2.26800 -4.34400 -2.03500 -1.14900 1.61700 1.56700 2.40100 7.03900
216.00000 -17.84300 -17.05900 -13.35700 -6.96800 -9.17600 -13.57000 -8.46400 -0.72200 -3.24500 -5.32000 -3.01100 -1.14900 0.64100 -1.36300 6.30700 5.57500
217.00000 -18.33100 -17.05900 -12.38000 -6.96800 -9.66400 -14.05800 -7.97500 -0.72200 -4.22200 -5.80900 -3.98800 -1.63800 -0.33600 -3.31600 8.26000 5.08600
218.00000 -16.37800 -15.10600 -10.91500 -5.50300 -8.19900 -12.10500 -6.51000 -0.72200 -4.71000 -4.83200 -3.49900 -2.12600 -0.82400 -2.82800 7.77200 5.08600
219.00000 -13.44800 -11.68800 -8.96200 -4.52700 -5.75800 -8.19900 -5.04600 -0.23400 -4.22200 -2.39100 -0.08100 -0.17300 0.64100 0.59000 7.28400 7.03900
220.00000 -11.00700 -8.75900 -7.00900 -3.55000 -3.31600 -4.29300 -3.09200 1.23100 -2.75700 0.53900 5.77800 3.73300 3.57100 4.98500 8.26000 9.96900
221.00000 -10.03000 -7.29400 -5.54400 -3.55000 -2.34000 -2.34000 -0.65100 2.69600 -1.29200 2.98100 11.63700 8.12800 6.98900 8.89100 10.21300 13.38700
222.00000 -11.00700 -7.78200 -5.54400 -4.03800 -2.34000 -1.85100 0.81400 3.67200 -0.31500 3.95700 14.56700 11.05800 8.94200 10.84400 13.14300 15.34000
223.00000 -12.96000 -9.73500 -6.52100 -5.50300 -3.31600 -3.31600 1.30200 3.67200 0.66100 3.95700 14.07900 11.54600 9.43000 10.84400 14.60800 15.34000
224.00000 -15.40100 -11.68800 -8.47400 -6.48000 -4.78100 -4.29300 -0.16300 2.69600 1.14900 2.98100 11.14900 9.59300 8.45300 10.35600 13.63100 13.38700
225.00000 -17.35400 -13.64100 -11.40300 -7.94500 -5.75800 -5.26900 -3.58100 1.71900 1.14900 2.00400 6.26600 6.17500 6.98900 9.37900 10.21300 10.94600
226.00000 -18.81900 -14.61800 -13.35700 -9.41000 -6.73400 -6.73400 -6.02200 0.74300 1.14900 1.51600 3.33700 3.73300 6.98900 8.89100 6.79500 9.48100
227.00000 -19.79600 -16.08300 -14.33300 -9.89800 -7.71100 -8.19900 -7.48700 1.23100 1.14900 1.02700 0.89500 2.26800 6.98900 8.89100 5.33000 8.99300
228.00000 -20.77200 -17.54800 -13.84500 -9.89800 -9.17600 -9.66400 -6.51000 2.20700 0.66100 1.02700 0.89500 2.26800 6.50000 8.40300 5.33000 9.48100
229.00000 -21.26100 -18.52400 -12.38000 -9.41000 -10.64000 -11.12900 -4.55700 3.18400 0.66100 0.05100 1.38300 2.26800 5.03500 6.93800 6.30700 8.99300
230.00000 -21.74900 -19.50100 -11.40300 -8.43300 -11.12900 -11.12900 -2.60400 4.16100 -0.31500 -0.43700 1.87200 1.78000 2.59400 4.98500 6.30700 7.52800
231.00000 -21.74900 -19.50100 -11.40300 -7.94500 -10.64000 -9.66400 -1.62800 3.67200 -0.31500 -0.43700 2.36000 0.80400 0.15300 3.03100 4.35400 6.06300
232.00000 -21.26100 -19.01200 -11.40300 -7.45600 -9.66400 -8.19900 -2.11600 3.18400 0.17300 0.05100 1.87200 -0.66100 -1.31200 2.05500 0.93600 5.08600
233.00000 -20.28400 -18.52400 -10.91500 -7.45600 -8.68700 -6.73400 -2.60400 2.69600 0.66100 1.02700 0.89500 -1.14900 -1.31200 2.05500 -1.50600 5.57500
234.00000 -18.81900 -17.05900 -8.47400 -6.48000 -7.71100 -6.73400 -1.62800 3.18400 1.14900 2.00400 -0.08100 -0.66100 -0.33600 3.03100 -2.48200 6.55100
235.00000 -17.35400 -15.59400 -6.03200 -5.50300 -7.71100 -8.19900 -0.16300 3.67200 1.14900 2.00400 0.89500 0.80400 0.64100 3.52000 -1.50600 6.55100
236.00000 -15.88900 -14.13000 -5.05600 -5.01500 -7.71100 -9.17600 0.81400 5.13700 1.14900 1.51600 2.84800 3.24500 1.12900 4.00800 0.44800 5.08600
237.00000 -14.91300 -13.15300 -5.05600 -4.52700 -7.22200 -9.17600 0.81400 5.13700 0.66100 1.02700 5.29000 5.19800 1.61700 4.00800 2.88900 4.59800
238.00000 -14.42500 -12.66500 -6.52100 -4.52700 -6.24600 -8.19900 -0.16300 5.13700 0.66100 0.53900 6.75500 5.68600 2.10600 3.03100 5.81900 5.08600
239.00000 -13.93600 -12.17700 -7.49700 -4.03800 -5.26900 -6.24600 -1.13900 4.16100 0.66100 1.02700 6.26600 4.71000 2.59400 2.05500 9.72500 8.01600
240.00000 -12.96000 -11.68800 -6.52100 -3.55000 -4.29300 -5.26900 -1.62800 3.67200 1.14900 1.02700 4.31300 2.75700 3.08200 1.07800 13.63100 11.92200
241.00000 -11.98300 -11.20000 -4.56700 -2.57400 -4.29300 -5.75800 -0.65100 3.67200 0.66100 0.53900 3.33700 1.29200 3.57100 0.10200 15.58400 14.36400
242.00000 -11.49500 -11.20000 -1.63800 -1.59700 -4.78100 -6.73400 0.81400 3.67200 0.17300 0.05100 3.33700 1.29200 4.05900 1.07800 14.60800 14.85200
243.00000 -11.49500 -10.71200 -0.66100 -1.10900 -5.75800 -6.73400 1.79000 4.16100 0.17300 0.53900 5.77800 2.75700 5.03500 4.00800 11.67800 13.38700
244.00000 -12.47200 -10.71200 -1.14900 -2.08500 -6.24600 -4.78100 2.27900 4.16100 0.66100 2.49200 8.70800 4.71000 6.50000 8.40300 8.74800 12.41000
245.00000 -13.44800 -10.22300 -2.61400 -3.06200 -5.26900 -1.85100 2.27900 4.16100 2.12600 5.42200 11.14900 6.66300 8.45300 12.79700 8.26000 12.89900
246.00000 -13.93600 -9.73500 -3.10300 -4.03800 -3.80500 1.56700 2.76700 4.16100 3.59100 7.86300 12.12600 6.66300 10.40600 15.72700 11.67800 15.34000
247.00000 -13.44800 -9.73500 -3.10300 -4.52700 -2.34000 3.52000 3.74300 4.16100 5.05600 9.32800 11.63700 6.17500 10.89500 16.70300 15.09600 17.29300
248.00000 -13.44800 -10.22300 -2.12600 -4.52700 -1.85100 3.03100 4.23200 4.16100 5.05600 9.32800 10.17300 5.19800 10.40600 16.70300 16.07300 18.27000
249.00000 -13.93600 -11.20000 -2.61400 -4.52700 -3.31600 0.10200 4.23200 4.16100 4.56700 7.86300 8.70800 4.22200 8.94200 15.72700 13.14300 17.29300
250.00000 -15.40100 -12.17700 -4.07900 -5.01500 -5.75800 -3.80500 3.25500 3.67200 3.10300 6.39900 7.24300 3.73300 7.96500 14.75000 8.26000 14.85200
251.00000 -16.86600 -13.15300 -6.52100 -6.48000 -7.71100 -6.73400 0.81400 2.69600 2.12600 5.91000 6.26600 3.24500 6.98900 14.26200 4.35400 12.89900
252.00000 -17.84300 -14.13000 -8.47400 -7.45600 -8.19900 -8.19900 -1.13900 1.71900 1.63800 5.42200 5.29000 2.75700 6.50000 12.79700 3.37700 11.43400
253.00000 -17.35400 -14.61800 -8.47400 -7.94500 -7.71100 -6.73400 -3.09200 1.23100 1.14900 4.93400 5.29000 2.75700 6.50000 10.84400 5.81900 11.43400
254.00000 -17.35400 -15.10600 -7.98500 -7.94500 -7.22200 -6.24600 -3.58100 1.23100 1.14900 3.95700 5.29000 2.75700 6.50000 8.89100 8.74800 11.43400
255.00000 -17.84300 -16.57100 -7.98500 -8.43300 -8.19900 -6.73400 -3.09200 1.71900 0.66100 1.51600 6.75500 3.73300 5.52400 6.93800 11.19000 10.94600
256.00000 -20.28400 -19.01200 -9.45000 -9.41000 -10.64000 -10.15200 -3.09200 1.23100 -0.80400 -1.41400 8.70800 4.71000 4.54700 4.98500 10.70100 9.96900
