1.00000 -1.59700 0.34600 -1.82100 -2.48200 -0.09200 3.06200 -2.97000 -3.43800 -1.91200 2.73600 -4.11000 -3.29600 -3.33700 0.51900 -3.78400 -1.67800
2.00000 -1.59700 0.83400 -2.30900 -1.99400 0.88500 3.06200 -2.97000 -3.92700 -1.42400 3.71300 -4.11000 -4.27200 -3.82500 -0.94600 -3.78400 -1.67800
3.00000 -0.13200 2.29900 -1.33300 -1.50600 1.86200 4.03800 -0.04100 -4.41500 -0.44800 5.17800 -3.13300 -4.27200 -3.33700 -0.45800 -3.29600 -1.19000
4.00000 -0.13200 3.27600 0.62100 -1.01700 2.35000 5.99200 2.88900 -5.39100 0.52900 6.64300 -1.66800 -4.27200 -1.87200 1.00700 -2.31900 0.27500
5.00000 -0.13200 3.76400 3.06200 -0.04100 2.35000 6.48000 3.37700 -4.90300 1.01700 7.13100 -0.20300 -3.78400 -0.89500 2.96000 -1.83100 2.71600
6.00000 -2.08500 2.29900 4.52700 0.44800 0.88500 5.01500 1.42400 -2.95000 0.04100 5.66600 0.28500 -2.80800 -0.40700 2.96000 -1.34300 4.18100
7.00000 -5.01500 0.34600 4.03800 0.93600 -0.58000 1.10900 -1.50600 -0.99700 -1.42400 2.73600 1.26100 -1.83100 -0.89500 2.47200 0.12200 5.15700
8.00000 -7.94500 -1.60700 3.06200 -0.04100 -2.53300 -3.77400 -2.48200 0.46800 -2.40100 -1.17000 2.23800 0.12200 -0.89500 0.51900 3.05200 5.15700
9.00000 -10.38600 -3.56000 1.59700 -1.50600 -3.99800 -6.70400 -1.01700 0.46800 -2.88900 -4.10000 4.19100 2.07500 -0.89500 -0.45800 7.44600 5.64600
10.00000 -10.87400 -4.04900 1.10900 -2.97000 -4.48600 -7.19200 1.91200 -0.50900 -2.40100 -5.07600 7.12100 4.51700 0.08100 0.51900 11.35300 7.11100
11.00000 -10.87400 -4.53700 1.10900 -4.43500 -4.48600 -5.72700 3.86600 -1.48500 -1.91200 -4.58800 9.07400 5.49300 2.03500 2.96000 14.28200 9.06400
12.00000 -10.38600 -4.04900 1.10900 -3.94700 -4.48600 -4.26200 3.37700 -2.46200 -0.93600 -3.12300 9.07400 5.49300 3.98800 5.89000 14.77100 11.50500
13.00000 -10.38600 -3.56000 0.62100 -3.94700 -3.99800 -4.26200 0.93600 -2.46200 0.04100 -1.17000 7.60900 4.51700 4.96400 7.84300 12.81700 11.99300
14.00000 -10.87400 -3.07200 -0.35600 -3.45900 -3.02100 -4.75100 -1.99400 -2.95000 1.01700 0.29500 4.67900 2.56300 4.96400 8.82000 8.91100 11.01700
15.00000 -10.87400 -2.58400 -1.33300 -2.97000 -1.55600 -5.23900 -3.45900 -3.92700 1.99400 1.76000 1.26100 0.61000 3.98800 8.33100 4.51700 8.08700
16.00000 -8.92100 -1.11900 -1.33300 -2.97000 0.39700 -4.26200 -2.48200 -4.90300 2.48200 3.71300 -1.66800 -1.34300 3.01100 7.35500 0.61000 5.15700
17.00000 -5.99200 0.83400 -0.35600 -1.99400 1.37300 -1.82100 -0.52900 -5.88000 2.97000 6.15400 -3.13300 -2.80800 1.54600 6.37800 -1.34300 2.71600
18.00000 -3.06200 2.29900 1.59700 -1.01700 1.86200 1.10900 0.93600 -5.88000 2.97000 6.64300 -3.62100 -3.29600 0.57000 5.89000 -2.80800 2.22800
19.00000 -2.08500 2.29900 3.06200 -0.04100 1.37300 2.08500 1.42400 -4.90300 1.99400 5.17800 -3.13300 -2.80800 0.08100 4.91300 -2.80800 2.22800
20.00000 -4.03800 0.83400 4.03800 -0.52900 -0.09200 1.10900 0.93600 -2.95000 1.01700 1.76000 -2.15700 -1.34300 -0.89500 4.91300 -1.83100 2.71600
21.00000 -7.45600 -1.11900 3.55000 -0.52900 -1.55600 -1.82100 -0.04100 -0.99700 -0.44800 -1.17000 -0.20300 0.61000 -1.38300 3.93700 0.12200 2.71600
22.00000 -10.87400 -2.58400 3.06200 -1.01700 -3.02100 -4.75100 0.93600 0.46800 -1.91200 -3.12300 1.75000 2.07500 -1.87200 3.44800 2.07500 2.22800
23.00000 -11.85100 -3.07200 3.06200 -1.01700 -3.02100 -6.21500 2.88900 0.95600 -2.88900 -2.63500 3.70300 3.05200 -1.87200 2.47200 4.02800 2.22800
24.00000 -10.87400 -2.58400 3.55000 -0.04100 -2.53300 -5.23900 4.35400 0.46800 -3.86600 -2.14600 4.67900 4.02800 -1.38300 1.98400 4.51700 2.71600
25.00000 -8.92100 -1.60700 4.03800 0.93600 -2.04500 -3.77400 5.33000 -0.50900 -3.86600 -2.63500 4.19100 3.54000 -0.89500 1.98400 4.02800 2.71600
26.00000 -7.94500 -0.63100 4.52700 0.93600 -1.06800 -2.79700 4.35400 -1.48500 -3.37700 -4.58800 2.72600 3.05200 -0.89500 1.98400 3.05200 2.22800
27.00000 -8.43300 -0.63100 4.03800 -0.04100 -0.58000 -3.28600 2.40100 -2.95000 -1.91200 -7.02900 1.26100 3.05200 -0.89500 2.47200 1.58700 1.25100
28.00000 -10.38600 -1.60700 2.57400 -1.50600 -0.09200 -5.23900 -0.04100 -3.43800 -0.93600 -8.00600 -1.18000 2.07500 -0.89500 1.98400 0.12200 -0.21400
29.00000 -12.33900 -3.07200 0.13200 -2.97000 0.39700 -6.70400 -2.48200 -3.43800 0.04100 -8.00600 -3.13300 0.61000 -0.89500 1.49500 -1.34300 -1.19000
30.00000 -13.31600 -4.53700 -2.30900 -3.45900 -0.09200 -7.19200 -4.92400 -3.43800 0.04100 -7.02900 -5.08600 -1.34300 -1.38300 0.51900 -3.78400 -2.16700
31.00000 -14.29200 -6.49000 -3.77400 -2.97000 -0.09200 -7.19200 -6.38800 -3.43800 0.04100 -7.02900 -7.03900 -3.78400 -1.87200 -1.43400 -6.71400 -2.65500
32.00000 -15.26900 -7.95500 -4.75100 -1.99400 -0.58000 -7.68000 -7.36500 -3.43800 -0.93600 -8.00600 -8.50400 -4.76100 -2.36000 -1.92300 -9.64400 -3.14300
33.00000 -17.22200 -9.90800 -4.75100 -1.50600 -2.53300 -9.63300 -7.36500 -3.92700 -1.91200 -8.49400 -9.96900 -5.24900 -2.84800 -1.92300 -11.10800 -3.14300
34.00000 -18.68700 -10.88500 -4.26200 -2.48200 -3.99800 -11.58700 -7.36500 -4.41500 -2.88900 -7.51700 -10.45700 -4.27200 -2.36000 0.03100 -10.13200 -3.14300
35.00000 -20.15200 -10.88500 -3.77400 -3.94700 -4.48600 -12.07500 -7.85300 -3.92700 -3.37700 -5.56400 -10.45700 -3.29600 -1.87200 1.98400 -9.15500 -3.14300
36.00000 -19.66300 -9.42000 -4.26200 -4.92400 -4.48600 -10.12200 -7.36500 -3.92700 -3.37700 -3.61100 -9.48100 -3.29600 -1.87200 2.47200 -8.17900 -3.63200
37.00000 -18.19900 -7.95500 -4.26200 -5.41200 -2.53300 -6.70400 -5.90000 -3.43800 -2.88900 -4.58800 -8.01600 -3.78400 -2.84800 0.51900 -8.66700 -4.12000
38.00000 -16.24600 -6.49000 -3.77400 -4.92400 -0.58000 -3.77400 -2.97000 -4.90300 -1.91200 -7.02900 -6.55100 -4.76100 -4.31300 -2.89900 -10.13200 -5.09600
39.00000 -14.78100 -6.00200 -2.79700 -3.94700 0.39700 -2.30900 1.42400 -6.85600 -0.93600 -9.95900 -5.57500 -6.22600 -6.26600 -6.31700 -11.10800 -6.07300
40.00000 -13.80400 -5.51400 -1.33300 -2.97000 0.88500 -2.79700 4.84200 -8.80900 -1.42400 -11.42400 -5.08600 -6.71400 -8.21900 -8.75900 -10.62000 -7.05000
41.00000 -12.33900 -4.53700 0.13200 -1.99400 0.88500 -3.77400 4.84200 -8.32100 -2.40100 -10.44700 -5.08600 -6.71400 -9.19600 -8.75900 -10.13200 -7.53800
42.00000 -10.87400 -3.56000 0.62100 -1.01700 0.39700 -3.77400 2.40100 -6.85600 -3.86600 -8.00600 -6.55100 -6.71400 -10.17300 -7.78200 -10.62000 -7.53800
43.00000 -9.41000 -2.58400 0.62100 -0.04100 0.39700 -2.79700 -1.99400 -4.41500 -5.33000 -6.05300 -7.52800 -6.71400 -10.17300 -6.80500 -11.59700 -7.05000
44.00000 -8.43300 -3.07200 0.62100 -0.04100 -0.58000 -1.82100 -3.45900 -2.46200 -5.81900 -6.54100 -7.52800 -6.71400 -9.68400 -6.31700 -12.57300 -6.07300
45.00000 -8.43300 -3.56000 1.59700 -1.01700 -1.55600 -2.30900 -1.99400 -1.97300 -5.81900 -8.49400 -5.57500 -5.73700 -9.19600 -6.31700 -11.59700 -4.60800
46.00000 -9.41000 -4.04900 4.03800 -1.01700 -2.53300 -3.77400 1.42400 -1.97300 -5.33000 -9.95900 -2.64500 -4.27200 -8.21900 -5.82900 -8.66700 -2.65500
47.00000 -9.89800 -3.56000 6.48000 -1.50600 -2.04500 -4.26200 3.86600 -2.46200 -5.33000 -9.47100 0.28500 -2.80800 -7.24300 -4.36400 -4.76100 -1.19000
48.00000 -9.89800 -2.58400 7.45600 -1.50600 -0.58000 -3.28600 4.35400 -2.46200 -4.84200 -7.51700 1.75000 -1.83100 -6.75500 -1.92300 -2.31900 0.27500
49.00000 -8.92100 -1.11900 6.96800 -1.01700 1.37300 -0.84400 2.88900 -1.97300 -3.86600 -4.10000 2.23800 -1.83100 -5.77800 0.51900 -1.83100 1.25100
50.00000 -7.94500 -0.14200 5.99200 -1.01700 2.35000 1.10900 1.91200 -1.97300 -2.40100 -1.65800 2.23800 -1.83100 -3.82500 3.44800 -1.83100 2.71600
51.00000 -7.94500 -0.63100 5.01500 -1.50600 2.35000 2.08500 3.86600 -2.46200 -0.93600 -0.19300 2.72600 -1.34300 -1.38300 5.89000 -0.85400 4.66900
52.00000 -8.92100 -1.60700 4.52700 -1.99400 0.39700 0.62100 6.79500 -3.92700 0.04100 0.29500 3.21500 -0.36600 1.54600 8.33100 1.58700 6.62200
53.00000 -10.38600 -2.58400 4.52700 -2.48200 -1.55600 -1.33300 9.23700 -4.90300 -0.44800 -0.68200 4.19100 1.09900 1.54600 9.30800 3.54000 8.08700
54.00000 -11.36300 -3.07200 4.52700 -2.97000 -2.04500 -3.28600 7.77200 -4.90300 -0.93600 -1.17000 3.21500 1.58700 1.54600 9.30800 4.51700 7.59900
55.00000 -11.85100 -3.07200 3.06200 -2.97000 -2.04500 -3.77400 3.86600 -4.41500 -1.91200 -2.63500 1.75000 1.09900 1.05800 8.33100 2.56300 7.11100
56.00000 -11.36300 -2.58400 1.59700 -2.97000 -1.06800 -3.28600 0.44800 -3.92700 -1.91200 -3.12300 -0.20300 0.12200 0.57000 7.84300 -0.85400 7.11100
57.00000 -9.89800 -2.58400 1.10900 -3.45900 -0.09200 -2.30900 -0.52900 -3.92700 -1.91200 -3.61100 -1.18000 0.12200 1.05800 8.33100 -2.80800 7.11100
58.00000 -8.43300 -2.58400 1.10900 -3.94700 0.39700 -1.82100 1.42400 -4.41500 -1.42400 -3.12300 -0.20300 0.12200 2.03500 10.28400 -2.31900 7.11100
59.00000 -6.96800 -2.58400 1.59700 -3.94700 -0.09200 -0.84400 4.35400 -4.90300 -0.44800 -2.14600 1.26100 0.61000 3.01100 11.26100 -0.85400 7.11100
60.00000 -6.48000 -3.07200 1.59700 -4.43500 -0.09200 -0.84400 4.84200 -4.90300 0.04100 -2.14600 2.72600 0.12200 3.01100 11.26100 1.09900 6.62200
61.00000 -6.96800 -4.04900 1.10900 -4.43500 -0.09200 -0.35600 2.40100 -4.41500 0.04100 -2.63500 3.21500 -0.36600 3.01100 9.79600 2.07500 6.13400
62.00000 -8.43300 -5.02500 -0.84400 -4.43500 -0.09200 -0.35600 -1.50600 -3.92700 0.04100 -4.58800 3.21500 -0.85400 3.01100 8.33100 1.58700 6.13400
63.00000 -10.38600 -6.00200 -2.30900 -4.92400 0.39700 -0.35600 -3.94700 -3.43800 0.04100 -6.05300 3.21500 -0.85400 3.49900 7.84300 1.58700 6.13400
64.00000 -12.33900 -6.49000 -2.30900 -4.43500 0.39700 -0.84400 -3.94700 -3.43800 0.04100 -6.05300 3.70300 0.12200 4.47600 8.82000 1.58700 6.62200
65.00000 -14.29200 -6.49000 -2.30900 -3.94700 -0.09200 -2.30900 -2.97000 -3.43800 -0.44800 -4.58800 4.67900 0.61000 5.45200 10.28400 3.05200 6.62200
66.00000 -14.78100 -6.00200 -1.82100 -3.94700 -0.58000 -4.26200 -1.99400 -3.92700 -0.44800 -2.63500 5.16800 1.09900 5.45200 11.26100 4.02800 6.62200
67.00000 -15.26900 -6.49000 -2.79700 -4.43500 -1.06800 -6.70400 -1.99400 -3.92700 -0.93600 -1.65800 5.16800 1.58700 5.45200 11.26100 4.51700 6.13400
68.00000 -15.26900 -6.97800 -4.26200 -5.41200 -1.55600 -8.16900 -1.99400 -4.41500 -1.42400 -1.65800 4.19100 1.58700 5.94100 10.77300 4.02800 7.11100
69.00000 -14.78100 -7.95500 -5.72700 -5.90000 -1.55600 -8.65700 -0.52900 -5.39100 -1.91200 -3.12300 3.21500 2.07500 6.91700 9.79600 3.05200 7.59900
70.00000 -13.80400 -7.95500 -5.23900 -5.90000 -1.06800 -7.19200 2.40100 -5.88000 -2.40100 -5.07600 3.21500 2.56300 7.40600 9.79600 2.56300 8.57500
71.00000 -12.82800 -7.46700 -3.77400 -4.43500 -0.09200 -5.72700 4.35400 -5.88000 -2.40100 -6.54100 4.19100 2.56300 7.40600 9.79600 1.58700 8.08700
72.00000 -11.85100 -6.49000 -1.82100 -3.45900 -0.09200 -4.26200 4.35400 -4.41500 -2.40100 -7.02900 4.67900 2.56300 6.42900 9.79600 1.58700 7.11100
73.00000 -11.36300 -6.00200 -0.84400 -2.48200 -0.58000 -4.75100 1.91200 -2.46200 -2.40100 -6.54100 5.16800 2.07500 5.94100 9.79600 1.58700 5.64600
74.00000 -11.85100 -6.49000 -1.33300 -2.97000 -2.04500 -6.70400 -1.99400 -1.48500 -2.40100 -6.05300 5.16800 2.07500 5.45200 9.30800 2.56300 5.15700
75.00000 -11.85100 -7.46700 -2.79700 -3.94700 -3.51000 -7.19200 -3.94700 -0.99700 -2.40100 -5.56400 5.65600 3.54000 6.42900 9.79600 4.51700 6.13400
76.00000 -12.33900 -7.95500 -3.77400 -4.92400 -4.48600 -5.72700 -1.99400 -1.48500 -1.91200 -4.58800 6.14400 4.51700 7.89400 11.26100 5.98100 9.55200
77.00000 -11.36300 -6.97800 -2.79700 -4.92400 -3.02100 -1.82100 1.91200 -2.95000 -0.93600 -3.12300 7.60900 5.00500 9.35900 12.72600 6.47000 12.97000
78.00000 -9.89800 -5.02500 -0.84400 -4.43500 -1.06800 2.08500 5.33000 -3.92700 0.52900 -2.14600 9.07400 5.00500 9.84700 13.70200 5.98100 14.43500
79.00000 -8.43300 -3.56000 0.62100 -3.94700 0.88500 3.55000 6.30700 -3.92700 1.99400 -1.65800 9.56200 4.51700 8.87000 13.70200 5.00500 13.94700
80.00000 -8.92100 -2.58400 1.10900 -3.45900 1.86200 3.06200 4.84200 -3.43800 2.97000 -1.65800 9.56200 4.51700 8.38200 13.21400 4.02800 11.99300
81.00000 -9.89800 -2.58400 -0.35600 -3.45900 1.37300 0.13200 1.91200 -1.97300 2.48200 -2.63500 8.58600 4.51700 7.40600 12.23800 3.05200 9.06400
82.00000 -11.36300 -3.07200 -1.82100 -3.94700 0.39700 -2.30900 -0.52900 -0.99700 1.01700 -4.10000 7.60900 5.00500 6.91700 11.26100 2.56300 7.59900
83.00000 -11.36300 -3.07200 -1.33300 -3.45900 -0.58000 -2.30900 -0.52900 0.46800 -0.44800 -4.10000 6.63200 5.00500 5.94100 10.77300 2.07500 6.62200
84.00000 -9.41000 -2.09600 1.10900 -1.99400 -0.58000 -0.35600 0.44800 1.93300 -1.42400 -2.14600 6.14400 4.51700 4.47600 10.77300 1.58700 6.62200
85.00000 -5.99200 -0.14200 3.06200 -0.04100 0.88500 2.08500 1.91200 2.90900 -1.42400 0.29500 5.65600 4.02800 3.49900 10.77300 0.61000 6.13400
86.00000 -4.03800 0.83400 5.01500 1.42400 2.35000 3.06200 2.88900 3.88600 -1.42400 1.76000 5.65600 3.54000 2.52300 9.79600 0.12200 5.64600
87.00000 -4.03800 0.83400 5.01500 2.40100 2.35000 1.59700 2.40100 4.37400 -0.44800 0.78300 6.14400 3.54000 3.01100 8.82000 -0.36600 4.66900
88.00000 -6.48000 -1.11900 3.55000 2.40100 0.88500 -1.82100 1.91200 3.88600 0.04100 -2.14600 6.63200 4.02800 3.49900 7.84300 -0.36600 4.18100
89.00000 -9.41000 -3.07200 1.59700 1.42400 -0.58000 -4.75100 1.42400 2.42100 0.52900 -5.56400 7.12100 4.51700 4.47600 7.84300 0.12200 5.15700
90.00000 -10.38600 -3.07200 1.59700 0.44800 -1.06800 -4.26200 2.40100 1.44400 1.01700 -6.05300 7.60900 4.51700 5.94100 9.79600 0.61000 6.62200
91.00000 -9.41000 -1.11900 2.08500 -0.04100 -0.09200 -0.35600 3.37700 0.46800 1.50600 -3.12300 8.09700 4.51700 6.91700 12.72600 1.09900 8.57500
92.00000 -6.48000 2.78700 3.06200 -0.04100 2.35000 5.50300 4.35400 -0.02000 2.48200 1.76000 8.09700 4.02800 7.89400 15.65600 1.58700 10.04000
93.00000 -4.52700 6.69400 3.55000 -0.04100 4.30300 9.41000 3.37700 -0.02000 3.45900 6.64300 8.09700 3.54000 8.38200 18.09700 2.07500 10.52900
94.00000 -4.52700 8.64700 3.06200 -0.04100 4.79100 10.38600 2.40100 -0.02000 3.94700 8.59600 7.60900 3.05200 7.89400 18.58500 2.07500 10.04000
95.00000 -5.01500 7.67000 1.59700 -0.52900 4.30300 7.94500 1.91200 -0.02000 4.43500 7.13100 8.09700 2.07500 7.89400 18.09700 1.58700 9.06400
96.00000 -5.99200 4.74000 1.10900 -1.01700 2.35000 5.50300 1.91200 0.46800 3.94700 4.20100 8.09700 1.09900 7.40600 17.12000 0.61000 8.57500
97.00000 -5.01500 2.29900 1.10900 -1.01700 0.88500 3.55000 2.88900 0.95600 3.45900 1.76000 8.58600 1.09900 7.40600 16.63200 -0.36600 8.57500
98.00000 -4.03800 1.32200 2.08500 -1.01700 0.39700 2.57400 3.37700 1.44400 2.97000 1.27200 8.09700 1.58700 7.40600 16.63200 -0.36600 8.57500
99.00000 -3.06200 2.29900 2.08500 -1.01700 0.39700 2.08500 2.40100 1.93300 2.97000 2.24800 7.60900 2.07500 7.89400 17.12000 0.12200 9.06400
100.00000 -4.03800 3.76400 1.10900 -1.50600 0.39700 0.62100 -0.04100 1.93300 2.97000 3.71300 7.12100 2.07500 7.89400 17.12000 1.09900 9.55200
101.00000 -6.96800 3.76400 -0.84400 -2.48200 -0.09200 -1.82100 -2.48200 1.44400 2.48200 4.20100 6.14400 2.07500 7.89400 16.63200 1.58700 9.55200
102.00000 -9.89800 3.27600 -3.77400 -4.43500 -0.58000 -3.28600 -3.94700 -0.02000 2.48200 3.22500 5.16800 1.09900 7.89400 15.65600 1.09900 9.06400
103.00000 -11.36300 1.81100 -6.21500 -5.90000 -1.55600 -3.28600 -3.45900 -0.99700 1.99400 2.24800 4.67900 1.09900 7.89400 14.19100 0.12200 8.57500
104.00000 -10.87400 0.83400 -7.68000 -6.87700 -2.53300 -1.82100 -2.48200 -1.48500 1.50600 1.27200 4.19100 1.09900 7.40600 13.21400 -1.34300 8.08700
105.00000 -8.92100 0.83400 -7.19200 -6.38800 -3.02100 -0.84400 -2.48200 -0.99700 0.52900 0.29500 3.21500 1.09900 6.42900 12.72600 -1.83100 7.11100
106.00000 -6.96800 1.81100 -6.21500 -5.90000 -3.51000 -2.30900 -2.97000 -0.50900 -0.44800 -1.17000 3.21500 1.09900 5.45200 12.23800 -2.31900 5.64600
107.00000 -6.48000 2.29900 -4.75100 -4.92400 -3.99800 -4.75100 -3.94700 0.46800 -0.44800 -2.63500 3.21500 1.09900 4.47600 12.23800 -2.80800 4.18100
108.00000 -5.99200 2.29900 -3.77400 -4.43500 -3.51000 -6.70400 -4.92400 0.95600 0.04100 -3.12300 3.21500 0.61000 4.47600 12.72600 -2.80800 3.69300
109.00000 -6.48000 1.81100 -3.77400 -3.94700 -3.02100 -7.19200 -4.43500 0.95600 1.01700 -2.63500 3.21500 0.12200 5.45200 13.70200 -3.29600 3.69300
110.00000 -6.48000 0.83400 -4.26200 -3.94700 -2.04500 -6.70400 -3.94700 0.95600 1.99400 -1.65800 3.21500 -0.85400 5.94100 13.21400 -3.29600 4.18100
111.00000 -6.48000 0.83400 -5.23900 -3.94700 -1.55600 -5.23900 -4.92400 0.95600 1.99400 0.29500 2.72600 -0.85400 5.94100 12.23800 -3.29600 5.15700
112.00000 -6.48000 1.81100 -4.75100 -4.43500 -1.55600 -4.75100 -5.90000 0.95600 1.50600 0.78300 2.23800 -1.34300 4.96400 10.28400 -4.27200 5.15700
113.00000 -6.48000 2.78700 -3.28600 -3.94700 -1.55600 -5.23900 -6.87700 1.44400 0.52900 0.29500 1.26100 -1.83100 3.49900 8.33100 -4.76100 4.66900
114.00000 -5.99200 4.25200 -1.82100 -3.45900 -1.55600 -4.75100 -5.41200 1.44400 0.52900 -1.17000 1.75000 -2.31900 3.49900 7.84300 -4.76100 4.66900
115.00000 -5.01500 5.22900 -0.35600 -2.97000 -1.06800 -3.77400 -1.99400 0.46800 1.01700 -1.65800 2.72600 -2.80800 3.98800 8.82000 -3.29600 4.66900
116.00000 -4.03800 6.20500 0.13200 -2.97000 -0.58000 -2.30900 2.88900 -0.99700 2.48200 -0.68200 4.67900 -3.29600 5.45200 11.74900 -1.83100 5.64600
117.00000 -3.06200 6.69400 -0.84400 -2.97000 -0.09200 -0.84400 5.33000 -1.97300 3.94700 1.27200 5.65600 -3.29600 5.94100 13.70200 -0.36600 7.11100
118.00000 -3.06200 7.18200 -2.30900 -3.94700 0.39700 -1.33300 3.37700 -2.46200 4.43500 2.73600 5.65600 -3.78400 5.45200 13.70200 -0.85400 7.59900
119.00000 -3.55000 7.18200 -3.77400 -4.43500 0.39700 -3.28600 -1.01700 -0.99700 3.94700 2.73600 4.19100 -3.78400 4.47600 12.23800 -2.31900 7.11100
120.00000 -3.55000 7.18200 -4.26200 -3.94700 -0.09200 -5.23900 -5.90000 0.46800 1.99400 1.27200 3.21500 -3.78400 3.01100 9.30800 -4.27200 5.15700
121.00000 -4.03800 6.69400 -3.77400 -3.45900 -1.55600 -5.72700 -8.34100 1.93300 0.04100 -0.19300 2.23800 -3.29600 2.52300 7.35500 -5.24900 3.69300
122.00000 -4.03800 5.71700 -2.79700 -2.97000 -2.53300 -5.23900 -6.38800 1.93300 -1.42400 -0.19300 2.23800 -2.80800 2.52300 6.86600 -4.27200 3.20400
123.00000 -3.55000 5.71700 -1.33300 -2.48200 -3.51000 -4.26200 -2.97000 0.95600 -2.40100 1.27200 2.72600 -2.31900 2.52300 7.35500 -3.78400 4.18100
124.00000 -3.55000 5.71700 -0.35600 -1.99400 -3.02100 -2.30900 -0.52900 0.46800 -1.91200 2.73600 2.72600 -2.31900 3.01100 7.84300 -3.29600 5.64600
125.00000 -3.55000 6.20500 0.13200 -1.99400 -2.04500 -1.33300 -1.50600 -0.02000 -0.44800 2.73600 1.75000 -3.29600 2.52300 7.84300 -4.27200 5.64600
126.00000 -3.06200 6.69400 0.13200 -1.50600 -1.55600 -0.84400 -3.94700 0.46800 1.01700 1.76000 0.77300 -4.27200 1.54600 7.35500 -5.24900 4.66900
127.00000 -3.06200 6.69400 0.13200 -1.50600 -1.06800 -0.84400 -4.92400 1.44400 1.99400 0.29500 0.77300 -4.27200 1.05800 6.86600 -5.24900 3.20400
128.00000 -2.57400 5.71700 -0.35600 -1.99400 -2.04500 -1.33300 -3.94700 1.93300 1.99400 0.29500 2.23800 -3.29600 1.05800 7.35500 -3.78400 2.71600
129.00000 -3.06200 5.22900 0.13200 -2.97000 -3.02100 -2.30900 -0.52900 1.93300 1.01700 2.24800 4.19100 -2.31900 2.03500 8.33100 -1.83100 3.20400
130.00000 -3.55000 4.74000 -0.35600 -3.94700 -3.51000 -3.28600 2.40100 0.95600 0.04100 3.71300 5.65600 -1.83100 2.03500 8.82000 -0.85400 4.66900
131.00000 -4.52700 4.25200 -0.35600 -4.43500 -3.51000 -3.77400 2.40100 -0.02000 -0.93600 3.71300 5.65600 -2.80800 1.54600 8.33100 -1.83100 5.64600
132.00000 -5.50300 3.76400 -0.84400 -3.45900 -2.04500 -3.77400 -0.52900 -0.02000 -0.93600 1.27200 4.19100 -3.78400 0.57000 7.35500 -4.27200 5.64600
133.00000 -5.99200 3.27600 -1.82100 -2.48200 -1.06800 -3.77400 -4.43500 0.95600 -0.44800 -2.14600 2.23800 -4.76100 -0.40700 6.37800 -5.73700 4.18100
134.00000 -5.50300 2.78700 -2.30900 -1.99400 -0.09200 -3.77400 -7.36500 1.93300 0.04100 -4.10000 0.77300 -4.76100 -0.89500 5.40200 -6.22600 2.71600
135.00000 -5.99200 2.78700 -3.77400 -2.97000 -0.09200 -3.28600 -7.36500 1.93300 0.52900 -2.63500 0.28500 -4.27200 0.08100 5.40200 -4.76100 2.71600
136.00000 -6.96800 3.27600 -4.75100 -4.43500 -0.58000 -3.28600 -5.90000 0.46800 0.52900 1.27200 0.28500 -3.29600 1.54600 6.37800 -2.80800 4.18100
137.00000 -7.94500 3.27600 -6.21500 -6.38800 -1.55600 -3.28600 -4.43500 -1.48500 1.01700 3.71300 -0.20300 -2.80800 2.52300 7.35500 -2.31900 5.64600
138.00000 -8.43300 3.27600 -6.21500 -7.36500 -2.04500 -2.79700 -4.92400 -2.46200 1.01700 3.71300 -1.18000 -2.80800 2.52300 7.84300 -3.29600 6.62200
139.00000 -7.94500 2.78700 -6.21500 -7.36500 -2.53300 -2.79700 -6.87700 -2.46200 1.99400 1.76000 -2.15700 -3.29600 2.03500 7.84300 -5.24900 6.13400
140.00000 -6.96800 1.81100 -5.72700 -6.38800 -3.02100 -2.79700 -9.31800 -1.48500 1.99400 -0.68200 -2.64500 -3.78400 1.54600 7.84300 -6.71400 5.64600
141.00000 -5.50300 1.32200 -4.75100 -5.41200 -3.02100 -2.79700 -9.80600 -0.50900 2.48200 -1.17000 -2.15700 -3.29600 2.03500 8.33100 -7.20200 5.15700
142.00000 -4.52700 1.32200 -5.23900 -5.41200 -2.04500 -2.79700 -7.85300 -0.99700 1.99400 1.27200 -0.69200 -2.80800 2.52300 8.33100 -5.73700 5.15700
143.00000 -4.03800 2.29900 -5.72700 -5.41200 -1.06800 -2.79700 -4.43500 -1.97300 1.50600 3.22500 0.28500 -1.83100 3.01100 8.33100 -3.78400 5.15700
144.00000 -3.06200 3.27600 -5.72700 -4.92400 -0.58000 -3.77400 -1.99400 -3.43800 1.01700 3.22500 0.28500 -1.34300 2.52300 7.35500 -2.80800 4.66900
145.00000 -2.08500 3.76400 -4.75100 -4.43500 -0.58000 -5.72700 -1.50600 -3.43800 0.04100 0.29500 -0.20300 -1.34300 0.57000 5.40200 -3.78400 3.20400
146.00000 -0.62100 3.76400 -3.28600 -3.45900 -1.55600 -6.70400 -2.97000 -1.97300 -0.93600 -3.61100 -1.18000 -2.31900 -1.38300 1.98400 -5.73700 2.22800
147.00000 -0.13200 3.76400 -2.30900 -2.48200 -2.04500 -7.19200 -5.41200 -0.50900 -1.91200 -6.05300 -2.15700 -3.29600 -3.33700 -0.94600 -8.17900 0.76300
148.00000 -0.62100 3.76400 -2.30900 -2.97000 -1.55600 -5.72700 -7.36500 0.46800 -1.91200 -5.56400 -3.13300 -3.78400 -3.82500 -2.41100 -10.13200 -0.21400
149.00000 -3.06200 3.76400 -3.77400 -3.45900 -0.58000 -3.28600 -7.36500 -0.02000 -1.42400 -3.12300 -3.62100 -3.78400 -3.82500 -1.92300 -10.62000 -1.19000
150.00000 -5.99200 3.76400 -5.72700 -4.43500 -0.09200 -1.33300 -6.87700 -0.99700 -0.44800 -1.65800 -4.59800 -3.78400 -3.33700 -0.94600 -10.13200 -1.67800
151.00000 -7.94500 3.27600 -6.70400 -5.41200 -0.09200 -2.30900 -6.38800 -1.97300 0.04100 -1.65800 -5.08600 -3.29600 -2.84800 0.03100 -9.64400 -2.16700
152.00000 -8.92100 2.29900 -7.19200 -5.41200 -1.55600 -4.26200 -6.38800 -1.97300 -0.44800 -3.12300 -5.57500 -3.78400 -2.36000 0.03100 -10.13200 -2.16700
153.00000 -6.96800 2.29900 -5.72700 -4.92400 -2.53300 -6.21500 -6.87700 -1.97300 -1.42400 -4.58800 -5.57500 -3.78400 -2.36000 -0.45800 -11.10800 -1.67800
154.00000 -4.52700 3.27600 -4.26200 -3.94700 -2.04500 -5.23900 -6.38800 -1.48500 -2.40100 -4.10000 -5.08600 -4.27200 -2.36000 -0.94600 -12.57300 -0.70200
155.00000 -1.59700 5.71700 -1.82100 -1.99400 -0.09200 -2.30900 -6.38800 -0.99700 -2.88900 -3.12300 -4.11000 -3.78400 -2.84800 0.03100 -13.06200 -0.21400
156.00000 0.35600 8.64700 0.13200 -0.52900 2.35000 1.10900 -5.90000 -0.50900 -2.40100 -1.65800 -2.64500 -2.80800 -2.84800 1.49500 -11.59700 0.27500
157.00000 1.33300 10.60000 1.10900 0.93600 2.83800 2.08500 -5.41200 0.95600 -1.91200 -1.17000 -0.69200 -1.34300 -1.87200 3.44800 -9.15500 1.25100
158.00000 0.35600 10.60000 1.59700 0.93600 1.86200 1.10900 -4.43500 1.93300 -1.42400 -0.68200 1.26100 0.61000 -0.89500 5.40200 -5.73700 3.20400
159.00000 -0.13200 8.64700 2.08500 0.44800 -1.06800 -1.33300 -1.99400 2.90900 -1.91200 0.29500 3.21500 1.58700 0.57000 6.37800 -3.29600 4.66900
160.00000 -0.62100 6.69400 2.57400 -0.04100 -3.02100 -2.79700 1.91200 2.90900 -1.91200 1.76000 4.67900 3.05200 1.05800 6.86600 -2.31900 6.13400
161.00000 -0.62100 5.71700 3.06200 -1.01700 -3.51000 -2.79700 5.33000 1.93300 -1.91200 3.22500 4.67900 3.05200 1.54600 7.35500 -3.29600 5.64600
162.00000 -0.13200 6.20500 3.55000 -1.01700 -2.04500 -1.33300 6.79500 0.95600 -0.93600 3.71300 3.70300 3.05200 2.03500 7.84300 -4.76100 4.66900
163.00000 -1.10900 6.20500 3.06200 -1.01700 -0.58000 -0.35600 4.84200 0.46800 0.52900 2.24800 2.23800 3.54000 1.54600 8.33100 -5.24900 4.18100
164.00000 -2.08500 5.71700 2.08500 -1.50600 -0.58000 -1.33300 0.44800 0.95600 1.50600 0.29500 0.77300 3.54000 1.54600 8.33100 -5.24900 4.66900
165.00000 -4.03800 4.25200 0.13200 -1.99400 -2.53300 -3.77400 -2.97000 1.44400 1.50600 -0.68200 0.28500 4.02800 1.54600 8.33100 -4.76100 5.64600
166.00000 -5.01500 2.29900 -1.33300 -3.45900 -4.48600 -6.21500 -4.43500 1.44400 0.04100 -0.19300 0.28500 4.02800 1.54600 7.84300 -4.27200 7.11100
167.00000 -5.01500 1.32200 -0.84400 -4.43500 -5.95100 -8.16900 -2.48200 0.95600 -0.93600 1.76000 1.26100 4.02800 2.03500 7.84300 -3.29600 7.11100
168.00000 -4.03800 2.29900 0.13200 -4.43500 -6.43900 -8.16900 0.93600 -0.02000 -0.93600 3.71300 2.23800 4.02800 1.54600 8.33100 -3.29600 6.62200
169.00000 -2.08500 4.25200 2.08500 -3.45900 -5.95100 -6.70400 3.86600 -0.50900 -0.93600 4.20100 3.21500 3.54000 1.54600 8.82000 -3.78400 5.64600
170.00000 -1.59700 6.69400 4.03800 -1.99400 -4.97400 -5.23900 5.81900 -0.02000 0.04100 4.20100 4.19100 3.54000 1.54600 8.82000 -4.27200 5.64600
171.00000 -1.10900 7.67000 5.01500 -1.01700 -4.97400 -3.77400 4.84200 0.95600 0.04100 3.71300 4.19100 3.05200 1.54600 8.82000 -6.22600 5.64600
172.00000 -1.59700 8.15800 4.52700 -0.04100 -4.48600 -2.79700 3.86600 1.93300 0.04100 3.71300 3.70300 2.56300 1.05800 8.82000 -7.69000 6.13400
173.00000 -2.08500 7.67000 3.55000 -0.04100 -3.99800 -2.30900 1.91200 2.42100 -0.44800 3.71300 3.21500 2.07500 0.57000 8.33100 -8.17900 5.64600
174.00000 -2.08500 6.69400 3.06200 -1.01700 -3.02100 -2.30900 0.44800 1.93300 0.04100 3.22500 2.23800 2.07500 -0.40700 7.84300 -7.69000 4.18100
175.00000 -2.08500 6.69400 2.08500 -1.50600 -2.53300 -2.30900 -1.01700 1.93300 0.52900 2.73600 1.75000 2.07500 -0.89500 7.35500 -7.20200 2.22800
176.00000 -2.08500 6.69400 2.08500 -1.50600 -1.55600 -3.28600 -2.48200 1.93300 0.52900 1.76000 1.75000 2.56300 -1.38300 7.35500 -6.71400 0.76300
177.00000 -2.57400 6.69400 2.08500 -1.50600 -2.04500 -4.26200 -2.48200 3.39800 0.04100 1.27200 1.75000 3.54000 -1.38300 6.86600 -7.20200 0.76300
178.00000 -2.57400 6.69400 2.57400 -1.01700 -3.02100 -5.72700 -1.50600 4.86200 -1.91200 1.27200 2.72600 4.51700 -1.87200 5.40200 -7.69000 1.74000
179.00000 -3.55000 5.22900 4.03800 -0.52900 -4.48600 -7.19200 1.42400 5.35100 -3.37700 0.78300 2.72600 4.51700 -2.36000 2.96000 -8.66700 2.22800
180.00000 -3.55000 4.25200 5.01500 -0.52900 -4.97400 -8.65700 4.35400 3.88600 -3.86600 -0.68200 2.23800 4.51700 -3.33700 0.51900 -8.66700 1.74000
181.00000 -4.52700 2.78700 5.50300 -0.52900 -5.95100 -9.14500 6.30700 1.44400 -3.86600 -3.12300 1.26100 4.02800 -3.33700 -0.45800 -8.66700 1.25100
182.00000 -5.01500 2.78700 5.01500 -1.50600 -5.95100 -9.14500 6.30700 -0.50900 -2.88900 -5.07600 0.28500 3.54000 -2.36000 0.51900 -8.17900 0.76300
183.00000 -5.01500 2.78700 4.03800 -1.99400 -6.43900 -8.65700 4.84200 -1.48500 -1.91200 -5.07600 0.28500 3.54000 -0.89500 3.44800 -8.17900 1.25100
184.00000 -4.03800 3.27600 3.55000 -1.99400 -6.43900 -6.70400 2.88900 -0.99700 -1.42400 -2.63500 1.26100 3.54000 0.57000 6.37800 -7.69000 3.20400
185.00000 -1.10900 4.74000 4.52700 -1.50600 -5.46300 -5.23900 1.42400 -0.02000 -1.42400 1.27200 2.72600 3.54000 1.54600 8.33100 -7.20200 5.15700
186.00000 3.28600 6.20500 6.48000 -0.04100 -3.99800 -3.77400 1.42400 0.95600 -0.93600 4.20100 3.21500 3.05200 1.54600 7.84300 -7.20200 6.13400
187.00000 7.19200 8.15800 8.92100 1.42400 -1.55600 -2.79700 1.91200 1.93300 0.04100 5.17800 2.72600 2.07500 1.05800 6.37800 -6.71400 6.62200
188.00000 9.63300 9.62300 9.41000 2.40100 0.39700 -1.82100 2.88900 1.93300 1.01700 4.20100 1.26100 1.58700 0.57000 4.91300 -6.71400 6.62200
189.00000 9.63300 10.11100 8.92100 2.40100 1.37300 -1.33300 3.37700 2.42100 1.99400 2.73600 0.77300 2.07500 0.57000 4.42500 -6.71400 6.13400
190.00000 8.16900 10.11100 7.45600 1.91200 0.88500 -0.84400 3.86600 2.90900 1.99400 2.24800 1.26100 3.54000 0.57000 5.40200 -6.71400 5.64600
191.00000 6.70400 9.62300 6.48000 0.93600 0.39700 -0.35600 4.35400 3.39800 1.50600 3.22500 2.72600 5.00500 0.57000 6.86600 -7.20200 5.64600
192.00000 6.21500 9.13500 6.96800 0.93600 0.39700 0.13200 6.30700 3.39800 1.01700 5.17800 4.19100 5.49300 0.08100 6.86600 -7.20200 6.13400
193.00000 6.70400 9.13500 8.43300 0.93600 0.88500 0.62100 7.77200 2.90900 1.01700 6.15400 4.67900 4.02800 -1.38300 5.89000 -8.66700 5.64600
194.00000 6.70400 8.64700 9.89800 1.91200 0.88500 0.62100 8.26000 1.93300 1.01700 5.17800 3.21500 2.56300 -2.84800 3.44800 -9.64400 4.18100
195.00000 5.72700 7.67000 9.89800 2.40100 0.88500 0.13200 6.79500 1.93300 1.01700 2.73600 1.75000 1.09900 -3.82500 1.00700 -10.62000 2.71600
196.00000 4.26200 6.69400 8.43300 2.40100 0.39700 -0.84400 4.35400 2.42100 0.52900 0.29500 0.77300 1.09900 -4.80100 0.03100 -10.62000 1.74000
197.00000 2.30900 5.71700 7.94500 1.91200 -0.58000 -2.30900 2.40100 2.90900 -0.93600 -0.68200 1.26100 2.07500 -4.31300 0.51900 -10.13200 1.74000
198.00000 2.30900 5.22900 7.94500 1.42400 -1.06800 -2.79700 2.40100 2.90900 -1.91200 0.29500 2.23800 2.56300 -4.31300 1.49500 -10.13200 2.22800
199.00000 3.77400 6.69400 9.89800 1.42400 -0.58000 -2.30900 4.84200 2.42100 -1.91200 1.27200 3.70300 3.05200 -3.33700 2.47200 -10.62000 3.20400
200.00000 6.21500 8.15800 12.33900 1.91200 0.39700 -0.84400 7.77200 1.44400 -0.93600 2.24800 4.19100 2.56300 -3.82500 2.96000 -11.59700 3.20400
201.00000 8.65700 10.11100 14.29200 2.40100 1.37300 1.10900 9.72500 0.95600 0.04100 3.22500 4.19100 2.07500 -4.31300 2.96000 -12.08500 2.71600
202.00000 9.14500 10.60000 13.80400 1.91200 1.86200 2.57400 8.74800 0.95600 0.52900 3.22500 3.70300 2.07500 -5.29000 1.98400 -12.08500 1.74000
203.00000 7.68000 10.60000 11.85100 1.91200 1.37300 1.59700 5.33000 2.42100 0.04100 3.22500 2.72600 3.05200 -5.77800 1.49500 -12.08500 0.76300
204.00000 4.75100 10.60000 8.92100 1.42400 0.88500 1.10900 1.91200 3.39800 -0.93600 3.22500 1.75000 2.56300 -6.26600 0.51900 -12.57300 0.27500
205.00000 2.30900 10.60000 7.45600 1.42400 0.39700 0.13200 -0.04100 3.88600 -1.91200 3.71300 0.28500 2.07500 -6.26600 0.51900 -13.55000 -0.70200
206.00000 1.82100 12.55300 7.94500 2.40100 1.37300 0.62100 0.93600 2.90900 -1.91200 3.71300 -1.18000 0.61000 -6.26600 0.51900 -15.50300 -0.70200
207.00000 3.28600 14.99400 10.38600 2.88900 2.35000 2.57400 4.84200 1.44400 -0.93600 3.22500 -1.66800 -0.36600 -6.75500 0.03100 -16.96800 -1.19000
208.00000 6.21500 17.92400 13.80400 3.37700 3.81500 5.99200 9.72500 -0.02000 0.52900 2.24800 -1.66800 -0.36600 -6.75500 -0.45800 -16.47900 -1.67800
209.00000 9.63300 20.85400 15.75700 3.86600 4.79100 7.45600 13.14300 -0.50900 1.50600 1.76000 -0.69200 0.12200 -6.26600 -0.45800 -15.01500 -1.67800
210.00000 12.56300 22.80700 16.73400 3.86600 4.30300 7.45600 13.14300 -0.50900 1.50600 2.24800 0.28500 1.09900 -5.29000 -0.45800 -13.55000 -0.70200
211.00000 14.51600 24.27200 16.24600 3.86600 3.81500 5.99200 10.21300 0.46800 1.50600 2.73600 0.28500 1.58700 -4.31300 1.00700 -12.57300 0.27500
212.00000 16.46900 26.22500 15.75700 3.86600 2.83800 3.55000 6.30700 0.95600 1.01700 3.22500 -0.20300 1.58700 -4.31300 2.96000 -12.57300 1.25100
213.00000 19.39900 29.15400 16.24600 4.35400 3.32600 3.06200 3.86600 0.95600 1.01700 4.20100 -1.18000 1.58700 -4.80100 3.93700 -13.55000 1.25100
214.00000 23.30500 33.06100 17.71000 4.84200 4.30300 5.01500 2.40100 -0.02000 1.01700 4.20100 -1.66800 1.09900 -5.77800 3.93700 -15.01500 -0.21400
215.00000 27.70000 37.45500 19.17500 4.84200 6.25600 8.92100 2.40100 -0.50900 0.52900 3.71300 -2.15700 0.61000 -7.24300 2.47200 -15.99100 -2.65500
216.00000 31.60600 41.85000 20.15200 5.33000 7.23300 12.33900 1.42400 -0.99700 0.52900 2.73600 -3.13300 0.61000 -7.73100 0.03100 -16.47900 -5.09600
217.00000 34.53600 44.77900 19.66300 5.81900 7.23300 12.82800 -0.04100 -0.99700 0.04100 0.29500 -4.11000 0.12200 -6.75500 -1.92300 -16.96800 -6.56100
218.00000 36.00100 45.75600 19.66300 5.81900 5.28000 9.89800 -1.50600 -0.50900 -0.44800 -2.63500 -4.59800 0.12200 -5.77800 -2.89900 -16.96800 -5.58500
219.00000 37.46500 46.24400 19.66300 5.81900 2.83800 4.03800 -1.99400 -0.02000 -0.93600 -6.05300 -4.59800 1.09900 -4.31300 -3.38700 -15.99100 -2.65500
220.00000 38.93000 46.24400 21.61700 5.81900 0.88500 -0.84400 -1.01700 -0.50900 -1.91200 -9.47100 -3.62100 1.58700 -4.31300 -3.87600 -15.50300 0.27500
221.00000 42.34800 47.70900 24.54600 6.30700 0.39700 -3.28600 0.44800 -1.97300 -3.37700 -11.42400 -3.13300 1.58700 -5.29000 -5.34100 -15.01500 2.22800
222.00000 46.74300 51.61500 27.96400 7.28400 1.86200 -1.82100 0.93600 -2.95000 -4.35400 -11.42400 -3.62100 0.61000 -6.75500 -6.80500 -15.99100 0.76300
223.00000 52.11400 56.98600 30.40600 9.23700 4.30300 2.57400 0.44800 -2.95000 -3.86600 -9.95900 -6.55100 -1.83100 -7.73100 -7.78200 -18.43300 -3.14300
224.00000 57.97300 63.82200 32.35900 11.19000 7.23300 7.45600 -1.01700 -2.95000 -2.40100 -7.51700 -10.45700 -4.27200 -9.19600 -8.27000 -21.85100 -8.02600
225.00000 63.34400 72.12300 34.80000 13.63100 10.16200 12.33900 -1.99400 -2.46200 -0.44800 -4.58800 -14.85200 -7.20200 -9.68400 -7.78200 -25.26900 -11.44400
226.00000 71.15700 80.42400 38.21800 15.58400 12.11500 16.24600 -1.50600 -1.97300 1.01700 -2.63500 -17.78200 -9.15500 -10.17300 -6.80500 -28.68700 -13.39700
227.00000 79.45800 88.23600 44.07800 17.53700 14.06900 19.66300 -0.04100 -1.97300 1.50600 -1.65800 -18.75800 -10.62000 -11.14900 -6.31700 -30.64000 -13.88500
228.00000 87.75800 94.58400 49.44900 19.00200 16.02200 22.59300 1.91200 -1.97300 1.50600 -0.68200 -18.27000 -11.59700 -12.12600 -6.80500 -32.10400 -14.37400
229.00000 94.10600 98.97900 52.86700 20.46700 17.48700 25.03500 1.42400 -1.97300 1.50600 -1.65800 -18.27000 -11.59700 -12.61400 -7.78200 -32.59300 -15.35000
230.00000 97.03600 100.93200 54.33100 21.93200 18.46300 26.01100 -0.52900 -1.97300 1.50600 -2.63500 -17.29300 -10.62000 -12.61400 -8.27000 -32.59300 -16.32700
231.00000 97.52400 101.90800 52.86700 22.42000 18.46300 26.01100 -2.48200 -1.97300 1.99400 -3.61100 -17.29300 -9.64400 -11.63700 -8.27000 -32.10400 -16.32700
232.00000 96.54700 102.39700 50.91300 22.42000 18.46300 24.05800 -2.97000 -2.46200 1.50600 -4.10000 -17.29300 -8.66700 -11.14900 -8.27000 -31.61600 -15.35000
233.00000 96.54700 103.37300 50.42500 22.42000 17.97500 23.57000 -1.50600 -2.95000 1.01700 -4.58800 -16.80500 -8.17900 -10.66100 -8.75900 -31.12800 -14.86200
234.00000 98.98900 105.81500 51.40200 23.39700 17.97500 23.57000 1.42400 -3.43800 -0.44800 -4.10000 -16.80500 -7.69000 -11.63700 -10.22300 -31.12800 -14.37400
235.00000 102.40700 108.25600 54.33100 25.35000 18.46300 25.52300 2.88900 -2.95000 -0.93600 -4.10000 -16.80500 -7.69000 -12.61400 -11.20000 -31.12800 -15.83900
236.00000 105.82500 111.18600 56.77300 27.30300 19.92800 28.45300 2.40100 -1.97300 -0.93600 -4.10000 -16.80500 -7.69000 -12.61400 -11.68800 -31.12800 -17.30300
237.00000 107.77800 114.11500 58.23800 28.76800 20.41600 30.40600 0.44800 -0.02000 -0.44800 -4.58800 -16.31700 -7.20200 -13.10200 -11.68800 -31.12800 -18.76800
238.00000 108.75400 116.06900 59.21400 28.76800 21.39300 32.35900 -1.01700 1.44400 0.04100 -4.58800 -14.85200 -6.71400 -12.61400 -10.22300 -30.64000 -18.28000
239.00000 108.26600 117.04500 59.70300 27.79100 22.36900 33.33500 -0.52900 1.93300 1.01700 -3.61100 -13.38700 -6.22600 -11.63700 -8.27000 -30.64000 -16.32700
240.00000 107.77800 117.53300 59.70300 25.83800 23.34600 34.31200 1.91200 0.95600 1.50600 -1.65800 -11.92200 -5.73700 -10.66100 -6.80500 -30.64000 -14.37400
241.00000 107.29000 117.04500 59.70300 24.86200 23.83400 35.28800 4.84200 -0.02000 1.50600 0.78300 -10.94600 -5.73700 -9.68400 -5.34100 -30.64000 -13.39700
242.00000 105.82500 116.55700 59.21400 23.88500 24.32300 36.26500 6.79500 -0.99700 1.50600 2.24800 -11.43400 -5.24900 -9.19600 -4.36400 -30.64000 -13.88500
243.00000 103.87200 114.60400 57.74900 22.90900 23.34600 36.26500 6.30700 -1.48500 2.48200 3.22500 -11.43400 -4.27200 -8.70800 -3.38700 -29.17500 -14.37400
244.00000 99.96500 112.16200 55.30800 21.44400 21.88100 35.28800 3.37700 -1.48500 2.97000 2.73600 -11.92200 -3.78400 -8.21900 -2.89900 -27.22200 -13.39700
245.00000 95.08300 107.76800 52.37800 19.00200 19.44000 32.35900 0.44800 -1.48500 2.97000 2.24800 -11.92200 -2.80800 -7.73100 -1.92300 -24.78000 -10.95600
246.00000 89.71200 102.39700 49.44900 16.07300 16.99800 28.45300 -1.99400 -1.97300 1.99400 1.76000 -11.92200 -2.31900 -6.75500 -0.94600 -23.80400 -9.00300
247.00000 84.82900 97.51400 47.00700 13.63100 15.53300 24.54600 -2.97000 -2.95000 1.01700 0.29500 -11.92200 -1.83100 -6.75500 -0.94600 -24.29200 -8.51400
248.00000 81.41100 93.11900 45.05400 13.14300 15.04500 22.10500 -2.48200 -3.92700 0.52900 -1.17000 -12.89900 -1.83100 -6.75500 -1.92300 -26.24500 -9.00300
249.00000 79.45800 90.19000 44.07800 14.11900 15.53300 22.10500 -1.99400 -4.41500 0.52900 -2.63500 -14.36400 -2.31900 -7.73100 -3.87600 -28.19800 -11.44400
250.00000 77.99300 88.23600 44.07800 16.07300 15.53300 22.59300 -1.01700 -3.92700 0.04100 -4.10000 -14.85200 -2.80800 -8.70800 -6.31700 -29.66300 -12.90900
251.00000 76.04000 86.28300 44.07800 18.02600 14.06900 22.59300 -0.52900 -2.46200 -0.44800 -5.07600 -14.36400 -2.80800 -9.68400 -7.78200 -29.17500 -13.39700
252.00000 72.62200 82.86500 44.56600 18.02600 12.11500 21.12800 -0.04100 -0.99700 -1.91200 -5.56400 -13.38700 -2.31900 -10.17300 -8.27000 -28.68700 -12.90900
253.00000 68.22700 78.47100 43.58900 16.56100 9.67400 18.68700 0.44800 -0.02000 -3.37700 -6.54100 -12.89900 -1.83100 -10.17300 -8.75900 -28.68700 -12.42100
254.00000 63.34400 74.07600 42.12400 14.11900 8.69800 16.24600 1.42400 -0.99700 -3.37700 -7.51700 -12.89900 -1.34300 -9.68400 -8.27000 -28.68700 -11.93200
255.00000 59.92600 70.65800 40.17100 11.67800 9.67400 14.29200 2.40100 -2.46200 -2.40100 -8.00600 -11.92200 -0.36600 -9.19600 -7.78200 -29.17500 -11.93200
256.00000 57.97300 68.70500 38.21800 10.70100 10.65100 13.31600 3.37700 -2.95000 -0.93600 -8.00600 -10.94600 1.09900 -9.19600 -6.80500 -28.68700 -11.93200
