1.00000 -1.38300 -0.06100 -5.73700 -3.69300 0.46800 0.24400 -6.33700 -6.91700 3.08200 11.68800 -5.10700 -0.10200 0.92600 0.35600 -0.04100 -2.17700
2.00000 -1.87200 -0.54900 -7.20200 -5.64600 0.46800 0.24400 -6.33700 -7.40600 3.57100 11.20000 -3.64200 1.85100 -0.53900 0.35600 0.93600 -1.68900
3.00000 -3.33700 -1.03800 -9.15500 -7.11100 0.95600 -0.24400 -6.33700 -6.91700 3.08200 8.75900 -1.68900 3.31600 -1.51600 0.84400 1.91200 -0.71200
4.00000 -5.29000 -2.01400 -11.10800 -8.57500 1.44400 -0.24400 -7.31400 -5.94100 2.10600 6.31700 -0.22400 4.29300 -1.51600 2.30900 2.40100 0.75300
5.00000 -7.24300 -3.96700 -12.08500 -9.06400 2.42100 -0.24400 -7.80200 -5.45200 1.12900 4.36400 0.75300 4.78100 -0.53900 3.77400 2.88900 0.75300
6.00000 -8.70800 -5.43200 -12.57300 -8.57500 2.90900 -0.24400 -7.80200 -5.45200 0.64100 4.36400 1.72900 4.78100 0.43700 4.75100 2.40100 0.26400
7.00000 -8.70800 -6.40900 -11.10800 -7.59900 2.90900 -0.24400 -7.31400 -5.45200 0.15300 4.36400 2.21800 4.29300 0.92600 4.26200 2.40100 -0.71200
8.00000 -8.21900 -7.38500 -9.15500 -6.62200 2.42100 -0.73200 -5.36100 -5.45200 -0.33600 3.87600 2.70600 3.80500 0.43700 3.28600 1.42400 -1.68900
9.00000 -7.24300 -7.38500 -7.20200 -5.64600 1.44400 -1.70900 -3.40800 -4.96400 -0.82400 2.89900 3.19400 4.29300 -1.02700 1.33300 0.93600 -1.68900
10.00000 -5.77800 -6.89700 -6.22600 -5.15700 0.46800 -2.68600 -1.94300 -3.01100 -1.80100 0.94600 3.68200 5.26900 -2.00400 -0.62100 0.93600 -0.71200
11.00000 -4.80100 -6.89700 -6.22600 -4.66900 -0.02000 -3.66200 -0.96600 -1.05800 -3.26500 -0.51900 4.65900 7.22200 -2.49200 -1.59700 0.93600 -0.22400
12.00000 -3.82500 -6.89700 -6.22600 -5.15700 -0.50900 -4.15000 -0.47800 0.40700 -3.75400 -1.49500 4.65900 8.19900 -2.49200 -2.57400 0.44800 -0.71200
13.00000 -1.87200 -6.89700 -6.71400 -5.64600 -0.99700 -3.66200 0.01000 -0.08100 -4.24200 -1.00700 4.17100 9.17600 -1.51600 -3.06200 -0.52900 -1.68900
14.00000 -0.89500 -6.89700 -6.22600 -6.62200 -0.50900 -2.68600 0.98700 -1.54600 -4.24200 -0.03100 3.19400 7.71100 -1.02700 -3.06200 -1.50600 -3.15300
15.00000 0.08100 -5.92000 -5.73700 -7.11100 -0.02000 -0.73200 1.47500 -3.01100 -3.26500 0.94600 1.24100 5.75800 0.43700 -2.57400 -2.48200 -3.64200
16.00000 0.08100 -4.94400 -5.24900 -7.59900 1.44400 1.22100 1.96300 -4.47600 -1.80100 1.43400 -0.22400 2.82800 1.41400 -1.59700 -1.99400 -3.15300
17.00000 -0.89500 -3.47900 -5.24900 -7.11100 2.90900 3.17400 1.96300 -4.47600 0.15300 2.41100 -1.68900 0.87500 2.39100 -0.13200 -1.99400 -1.68900
18.00000 -0.89500 -2.01400 -4.27200 -5.64600 3.39800 5.61500 1.96300 -4.96400 1.12900 2.89900 -3.15300 -0.59000 3.36700 1.82100 -1.99400 -1.20000
19.00000 -0.89500 -0.54900 -3.29600 -4.66900 3.39800 7.56800 1.47500 -4.96400 2.10600 4.36400 -4.13000 -1.07800 4.34400 3.28600 -3.45900 -0.71200
20.00000 0.08100 -0.06100 -2.80800 -4.18100 3.39800 9.03300 0.98700 -4.96400 2.59400 5.82900 -5.10700 -2.05500 4.83200 4.26200 -4.92400 -0.71200
21.00000 0.08100 -0.54900 -2.80800 -4.66900 3.39800 9.52100 0.98700 -4.96400 3.08200 6.31700 -5.10700 -2.05500 5.32000 5.23900 -5.41200 -0.71200
22.00000 -0.89500 -2.01400 -3.78400 -5.15700 3.88600 9.52100 0.98700 -4.47600 3.57100 6.80500 -4.13000 -0.59000 5.32000 5.23900 -4.43500 -0.22400
23.00000 -2.36000 -3.47900 -5.73700 -6.13400 5.35100 8.05700 0.98700 -3.01100 3.08200 6.31700 -2.66500 1.36300 6.29700 5.23900 -2.48200 0.26400
24.00000 -3.33700 -3.47900 -8.17900 -6.13400 6.32700 7.08000 0.98700 -2.03500 3.08200 5.82900 -0.22400 3.80500 5.80900 4.75100 -1.50600 -0.22400
25.00000 -2.36000 -2.01400 -9.15500 -5.15700 7.30400 7.08000 0.49800 -1.54600 2.10600 4.85200 1.72900 6.24600 4.34400 3.28600 -1.50600 -1.68900
26.00000 -0.89500 0.91600 -9.15500 -4.18100 6.32700 7.56800 0.01000 -2.52300 0.64100 3.87600 3.19400 7.71100 2.39100 1.33300 -1.50600 -3.64200
27.00000 0.57000 3.35700 -8.17900 -3.69300 4.37400 7.08000 0.01000 -3.01100 -1.31200 1.92300 4.65900 8.19900 1.41400 -0.13200 -1.50600 -4.61800
28.00000 1.05800 2.86900 -7.20200 -3.69300 1.44400 5.12700 0.98700 -3.01100 -2.28900 0.94600 6.12400 8.68700 1.41400 -0.62100 0.44800 -3.64200
29.00000 -0.40700 -0.06100 -7.20200 -4.66900 -0.99700 1.70900 1.96300 -2.52300 -2.28900 -0.51900 7.58900 9.66400 3.36700 0.35600 2.88900 -1.68900
30.00000 -2.36000 -2.99100 -7.69000 -5.64600 -2.95000 -2.68600 3.42800 -1.54600 -1.80100 -0.51900 8.07700 11.12900 4.83200 1.82100 4.35400 0.75300
31.00000 -3.82500 -4.94400 -8.17900 -6.62200 -3.43800 -5.61500 3.91600 -1.54600 -1.31200 -0.51900 7.10000 12.10500 5.32000 2.30900 4.35400 1.24100
32.00000 -3.33700 -4.94400 -7.69000 -6.62200 -2.95000 -6.10400 3.42800 -1.54600 -1.31200 -1.49500 5.14700 12.10500 2.87900 1.33300 3.37700 -0.22400
33.00000 -1.87200 -3.47900 -6.22600 -6.13400 -2.46200 -4.15000 3.42800 -1.54600 -1.80100 -2.47200 4.17100 11.61700 -0.53900 -0.62100 2.40100 -3.15300
34.00000 0.08100 -2.50200 -4.76100 -5.15700 -2.95000 -2.19700 2.94000 -1.54600 -2.77700 -4.42500 4.17100 11.61700 -3.95700 -3.06200 2.40100 -5.59500
35.00000 0.57000 -2.99100 -3.29600 -4.66900 -3.92700 -0.73200 3.91600 -0.57000 -3.75400 -5.40200 5.14700 12.10500 -5.91000 -4.52700 3.86600 -6.08300
36.00000 0.08100 -4.45600 -1.83100 -3.69300 -3.92700 -1.22100 4.89300 0.40700 -4.24200 -6.37800 7.10000 13.08200 -6.39900 -5.50300 5.33000 -6.57100
37.00000 -0.89500 -5.92000 -1.83100 -2.71600 -3.92700 -2.19700 5.87000 0.89500 -4.73000 -6.86600 8.07700 14.54700 -6.39900 -5.01500 5.33000 -6.08300
38.00000 -1.38300 -5.92000 -1.34300 -1.25100 -3.43800 -2.68600 6.84600 0.40700 -5.21900 -6.86600 8.56500 15.03500 -6.39900 -5.01500 4.35400 -6.57100
39.00000 -1.38300 -4.45600 -1.34300 -0.76300 -2.95000 -2.19700 6.84600 -0.57000 -6.19500 -6.37800 8.56500 15.03500 -7.37500 -5.99200 2.88900 -7.06000
40.00000 -0.40700 -2.01400 -1.34300 -0.76300 -3.43800 -1.22100 6.84600 -1.54600 -7.17200 -3.93700 9.05400 15.03500 -8.35200 -6.48000 2.40100 -7.54800
41.00000 0.08100 -0.54900 -1.83100 -1.74000 -3.43800 0.24400 6.35800 -2.03500 -7.66000 -0.03100 9.54200 14.54700 -8.84000 -6.96800 2.40100 -7.06000
42.00000 0.57000 0.42700 -2.31900 -2.71600 -3.43800 1.70900 5.87000 -2.03500 -7.66000 3.87600 9.05400 14.05800 -8.35200 -6.96800 1.91200 -7.06000
43.00000 1.05800 0.42700 -2.31900 -3.20400 -2.46200 2.19700 5.38100 -2.03500 -6.68300 5.82900 7.10000 12.59400 -7.86300 -5.99200 -0.52900 -7.54800
44.00000 2.03500 0.91600 -0.85400 -2.71600 -0.50900 2.68600 4.40500 -2.52300 -5.21900 4.36400 4.17100 10.64000 -7.37500 -5.99200 -4.43500 -9.50100
45.00000 3.01100 1.40400 2.07500 0.21400 0.95600 2.19700 3.91600 -2.52300 -3.75400 0.45800 0.75300 8.19900 -7.37500 -6.48000 -8.34100 -11.94300
46.00000 4.96400 1.89200 4.02800 3.14300 2.42100 0.73200 3.91600 -2.03500 -3.26500 -4.91300 -1.68900 6.24600 -7.37500 -7.94500 -9.31800 -13.89600
47.00000 7.40600 2.86900 5.49300 6.07300 2.42100 -1.22100 4.89300 -1.54600 -3.26500 -9.30800 -2.66500 5.75800 -8.35200 -9.89800 -8.34100 -14.38400
48.00000 9.35900 3.35700 5.00500 8.02600 1.44400 -2.68600 5.87000 -0.08100 -4.24200 -11.74900 -2.66500 6.24600 -9.32800 -11.85100 -6.38800 -13.89600
49.00000 10.82400 3.35700 4.51700 8.51400 0.46800 -3.17400 6.35800 0.89500 -5.21900 -11.74900 -1.68900 7.71100 -9.81600 -12.82800 -5.41200 -13.89600
50.00000 11.31200 2.86900 4.51700 8.02600 -0.50900 -3.17400 5.87000 1.38300 -5.21900 -10.77300 -1.20000 9.66400 -9.32800 -12.82800 -5.90000 -14.38400
51.00000 10.82400 2.86900 5.00500 7.05000 -0.99700 -2.68600 4.89300 1.38300 -5.21900 -10.28400 -0.71200 11.61700 -7.86300 -12.33900 -7.36500 -14.87200
52.00000 9.35900 2.38000 5.98100 6.07300 -1.97300 -2.68600 3.42800 0.40700 -5.21900 -9.30800 -0.71200 12.59400 -5.42200 -12.33900 -7.85300 -14.38400
53.00000 7.40600 1.40400 5.49300 5.09600 -2.46200 -3.66200 2.94000 -0.08100 -4.73000 -8.33100 -0.71200 13.08200 -3.46900 -11.36300 -6.87700 -12.91900
54.00000 5.94100 0.42700 4.51700 4.12000 -2.95000 -4.15000 2.45200 -0.57000 -4.73000 -6.86600 -0.22400 12.59400 -2.49200 -10.87400 -4.43500 -11.45400
55.00000 4.96400 -0.06100 2.56300 3.63200 -2.46200 -3.66200 2.45200 -1.05800 -4.73000 -5.40200 0.26400 11.61700 -2.49200 -9.89800 -3.45900 -11.45400
56.00000 4.96400 -0.06100 0.61000 2.65500 -1.48500 -1.70900 1.96300 -1.54600 -4.73000 -5.89000 1.24100 11.12900 -3.46900 -8.92100 -3.45900 -11.94300
57.00000 6.91700 0.91600 -0.36600 2.16700 -0.02000 0.73200 0.98700 -1.54600 -4.73000 -7.35500 1.72900 11.12900 -4.44500 -7.94500 -3.94700 -13.40700
58.00000 7.89400 2.86900 -1.34300 0.70200 0.95600 3.17400 0.01000 -2.03500 -4.24200 -9.79600 1.72900 11.12900 -4.44500 -6.48000 -3.94700 -12.91900
59.00000 8.38200 4.33300 -2.31900 -0.76300 1.44400 4.63900 -0.96600 -2.52300 -4.24200 -10.77300 2.21800 12.10500 -3.95700 -5.50300 -1.99400 -10.96600
60.00000 7.40600 5.31000 -3.29600 -1.74000 0.95600 5.61500 -1.94300 -3.01100 -4.24200 -8.82000 3.19400 12.59400 -2.49200 -3.55000 0.44800 -7.54800
61.00000 4.96400 4.82200 -4.27200 -2.22800 0.95600 7.08000 -2.92000 -3.49900 -4.24200 -4.42500 5.14700 13.08200 -0.53900 -1.59700 1.91200 -5.10700
62.00000 3.49900 3.35700 -4.27200 -1.25100 1.44400 8.54500 -3.40800 -3.01100 -3.26500 0.94600 6.61200 13.57000 0.92600 0.84400 2.40100 -4.13000
63.00000 3.01100 1.89200 -3.78400 0.21400 2.42100 10.01000 -4.87300 -3.01100 -2.28900 5.34100 7.10000 14.05800 1.41400 3.28600 1.91200 -4.13000
64.00000 3.49900 0.91600 -3.29600 1.67800 3.39800 10.01000 -5.36100 -3.01100 -0.82400 5.82900 7.10000 14.54700 1.90200 4.75100 1.42400 -5.10700
65.00000 4.96400 0.91600 -2.31900 2.65500 3.39800 8.54500 -5.36100 -3.01100 -0.33600 3.87600 7.58900 15.52300 1.90200 6.21500 1.91200 -4.13000
66.00000 5.94100 0.42700 -0.85400 2.16700 1.93300 6.59200 -3.89600 -2.52300 -0.82400 -0.51900 8.56500 16.98800 1.90200 7.19200 4.35400 -2.17700
67.00000 5.94100 0.42700 0.61000 1.19000 0.46800 4.63900 -1.45500 -1.05800 -1.80100 -3.44800 11.49500 18.45300 2.39100 8.16900 7.28400 1.24100
68.00000 4.47600 -0.54900 2.07500 0.70200 -0.99700 3.17400 1.96300 0.40700 -2.77700 -4.42500 14.42500 19.91800 3.36700 9.14500 9.23700 3.68200
69.00000 3.01100 -1.03800 3.05200 0.21400 -1.48500 3.17400 4.40500 1.87200 -3.26500 -2.96000 16.86600 21.87100 4.34400 10.12200 10.21300 4.17100
70.00000 2.03500 -2.01400 3.54000 0.21400 -0.99700 3.66200 6.35800 2.36000 -2.77700 -0.03100 17.84300 22.84700 5.80900 10.61000 9.72500 3.68200
71.00000 2.03500 -2.50200 3.54000 1.19000 -0.02000 4.15000 7.33400 2.36000 -1.31200 1.92300 17.35400 23.82400 6.29700 10.12200 9.23700 2.21800
72.00000 2.52300 -2.50200 4.02800 1.67800 0.46800 4.15000 8.31100 2.36000 -0.33600 3.38700 15.88900 24.31200 5.80900 9.14500 8.74800 1.72900
73.00000 3.49900 -2.01400 5.49300 2.16700 0.46800 3.66200 8.79900 2.36000 0.64100 3.38700 15.40100 24.80100 4.83200 8.16900 9.23700 2.21800
74.00000 4.96400 -1.52600 7.93500 2.16700 -0.50900 3.17400 9.77600 3.33700 1.12900 2.89900 15.40100 25.28900 4.34400 6.70400 9.23700 2.21800
75.00000 5.94100 -0.54900 9.88800 2.65500 -0.50900 3.17400 11.24100 4.80100 1.61700 1.92300 16.37800 25.28900 3.85500 5.72700 9.23700 2.21800
76.00000 6.91700 0.42700 10.37600 2.65500 -0.99700 4.15000 12.21700 5.77800 2.10600 1.92300 16.86600 25.28900 3.36700 5.23900 7.77200 1.72900
77.00000 6.91700 1.40400 8.91100 3.14300 -0.02000 5.61500 12.70500 5.77800 2.59400 1.92300 16.37800 24.80100 3.36700 4.75100 6.30700 0.26400
78.00000 6.91700 3.35700 6.95800 3.14300 0.46800 6.10400 12.70500 3.82500 3.08200 1.92300 14.91300 23.33600 3.36700 4.75100 5.33000 -0.22400
79.00000 7.89400 5.31000 5.98100 3.63200 1.44400 6.59200 11.72900 2.36000 2.59400 1.43400 12.96000 20.89400 2.87900 4.26200 5.33000 -1.20000
80.00000 9.84700 7.75100 5.98100 4.12000 2.42100 6.10400 10.75200 0.89500 2.10600 -0.03100 11.49500 18.45300 1.90200 3.28600 5.81900 -1.68900
81.00000 12.77700 9.70500 7.44600 5.09600 3.39800 4.63900 9.28800 0.89500 1.12900 -3.44800 10.51800 16.98800 0.92600 1.33300 4.84200 -2.17700
82.00000 15.70600 11.16900 8.91100 6.56100 4.37400 3.66200 8.79900 2.36000 0.64100 -6.86600 10.03000 16.01200 -0.05100 -1.10900 2.88900 -4.13000
83.00000 17.17100 11.65800 8.42300 7.53800 5.35100 3.66200 7.82300 3.33700 1.12900 -8.82000 9.05400 16.01200 -0.53900 -3.06200 -0.04100 -6.08300
84.00000 16.68300 11.16900 7.44600 7.05000 5.83900 4.15000 6.84600 4.31300 1.61700 -7.84300 8.07700 16.01200 -1.02700 -4.03800 -1.99400 -7.06000
85.00000 15.21800 10.68100 5.49300 6.56100 5.83900 5.61500 6.35800 4.31300 2.10600 -4.42500 7.10000 16.50000 -0.53900 -4.03800 -1.99400 -7.54800
86.00000 13.75300 10.19300 5.00500 5.58500 5.83900 6.59200 5.87000 3.33700 2.10600 -0.03100 6.12400 16.50000 -0.05100 -2.57400 -0.52900 -6.57100
87.00000 12.77700 10.19300 5.00500 4.60800 5.35100 7.56800 4.89300 2.36000 2.10600 2.89900 6.12400 16.50000 1.90200 -0.62100 1.42400 -5.10700
88.00000 12.77700 9.21600 5.00500 3.63200 5.35100 8.05700 3.91600 1.87200 1.12900 2.89900 6.61200 16.50000 3.36700 2.79700 2.88900 -3.15300
89.00000 11.80000 7.75100 4.02800 2.65500 5.35100 8.54500 1.96300 1.38300 1.12900 0.94600 7.10000 16.50000 4.83200 6.21500 3.37700 -1.20000
90.00000 10.33500 5.31000 3.05200 1.67800 4.86200 9.03300 0.49800 1.38300 1.61700 -0.03100 8.56500 16.98800 5.80900 9.63300 3.86600 0.75300
91.00000 7.40600 3.35700 1.09900 0.21400 4.86200 9.03300 -0.47800 1.38300 3.08200 1.43400 9.05400 17.47600 5.80900 12.07500 4.84200 2.21800
92.00000 5.45200 2.86900 0.61000 -1.25100 4.86200 10.01000 0.01000 1.38300 3.57100 3.87600 10.03000 18.45300 5.80900 12.56300 6.30700 2.70600
93.00000 4.47600 3.84500 0.61000 -2.22800 4.37400 10.49800 0.98700 0.40700 4.05900 5.34100 10.51800 18.45300 5.80900 12.56300 7.28400 2.70600
94.00000 5.45200 5.79800 1.58700 -2.22800 4.86200 10.98600 2.94000 -0.08100 3.57100 5.34100 11.49500 18.45300 6.29700 12.07500 7.28400 2.21800
95.00000 6.91700 7.26300 3.05200 -1.25100 4.86200 10.98600 3.42800 -0.57000 2.59400 3.87600 11.98300 18.45300 5.80900 11.58700 7.28400 1.72900
96.00000 8.38200 7.26300 4.51700 0.21400 4.37400 10.01000 3.91600 -0.57000 0.64100 2.89900 12.96000 18.94100 4.83200 11.09800 6.30700 1.72900
97.00000 9.35900 5.31000 5.98100 2.16700 3.88600 8.54500 4.40500 -0.08100 -1.80100 4.36400 13.44800 18.94100 2.39100 10.12200 6.30700 1.72900
98.00000 10.33500 3.84500 7.44600 3.63200 2.42100 6.10400 5.38100 0.89500 -3.26500 7.29400 13.93600 19.91800 -0.05100 8.65700 6.30700 1.72900
99.00000 11.31200 3.84500 8.42300 4.60800 0.95600 4.15000 7.33400 2.36000 -4.24200 9.24700 14.42500 20.89400 -2.00400 6.70400 6.79500 0.75300
100.00000 12.28800 4.82200 8.91100 5.09600 -0.02000 2.68600 9.77600 3.33700 -3.75400 8.27000 15.40100 21.87100 -2.49200 6.21500 7.77200 -0.22400
101.00000 13.26500 5.79800 8.91100 5.09600 -0.99700 1.70900 11.72900 3.33700 -1.80100 4.85200 15.88900 21.87100 -1.51600 6.70400 7.77200 -0.71200
102.00000 13.26500 5.79800 8.91100 4.60800 -0.99700 1.22100 11.72900 2.84800 1.12900 1.92300 16.37800 21.87100 0.92600 8.16900 7.77200 -1.20000
103.00000 12.28800 4.33300 8.91100 3.63200 -0.99700 1.22100 10.26400 1.87200 3.08200 0.94600 15.40100 21.38300 2.87900 10.12200 7.77200 -0.71200
104.00000 11.31200 2.86900 8.91100 1.67800 -0.50900 0.24400 8.79900 1.38300 4.05900 2.41100 14.91300 21.38300 3.85500 10.61000 8.74800 -0.22400
105.00000 10.82400 1.40400 8.91100 0.21400 -0.50900 -0.73200 7.33400 1.87200 3.57100 3.87600 14.91300 22.35900 3.36700 9.63300 10.70100 1.24100
106.00000 10.33500 0.91600 7.93500 -1.25100 -0.99700 -2.68600 6.84600 3.33700 2.59400 1.43400 15.88900 23.82400 3.36700 8.65700 13.14300 2.70600
107.00000 8.87000 0.42700 5.49300 -1.74000 -1.48500 -4.15000 7.33400 4.80100 1.61700 -3.44800 18.81900 25.28900 4.34400 8.65700 16.07300 5.63600
108.00000 6.42900 -1.52600 2.56300 -1.74000 -2.46200 -5.12700 7.33400 5.29000 1.61700 -9.30800 20.28400 26.26500 5.80900 10.61000 18.51400 9.54200
109.00000 3.49900 -3.96700 -0.36600 -1.74000 -2.95000 -5.61500 6.84600 5.77800 2.59400 -11.26100 21.26100 26.75400 7.27300 13.54000 20.95500 12.96000
110.00000 1.54600 -6.40900 -1.83100 -1.74000 -3.43800 -5.61500 5.87000 5.29000 2.59400 -8.82000 21.26100 26.75400 7.27300 15.98100 21.93200 14.42500
111.00000 2.03500 -6.89700 -1.34300 -2.22800 -3.43800 -5.61500 4.40500 4.80100 2.10600 -3.44800 20.28400 26.26500 6.29700 15.49300 20.95500 13.44800
112.00000 3.98800 -4.45600 0.12200 -2.71600 -2.95000 -4.15000 3.42800 4.31300 1.12900 0.45800 19.30700 25.28900 3.85500 13.54000 18.51400 10.51800
113.00000 6.91700 -1.03800 1.58700 -2.71600 -1.97300 -2.19700 2.94000 4.80100 0.64100 0.94600 18.81900 24.31200 1.41400 10.61000 15.09600 7.10000
114.00000 8.38200 1.89200 3.05200 -3.20400 -0.99700 0.73200 3.91600 4.31300 1.12900 -0.51900 18.33100 23.33600 0.92600 9.63300 13.14300 4.65900
115.00000 7.40600 2.38000 3.05200 -3.69300 -0.50900 3.17400 4.40500 3.82500 2.10600 -2.96000 18.33100 23.82400 2.39100 10.12200 13.14300 4.17100
116.00000 4.96400 0.42700 2.56300 -4.66900 -0.50900 4.63900 5.38100 2.84800 2.59400 -2.47200 17.84300 24.80100 4.83200 12.07500 14.60800 5.14700
117.00000 3.01100 -2.99100 1.58700 -5.15700 -0.50900 4.63900 6.35800 2.36000 3.08200 0.45800 17.84300 26.26500 7.27300 14.02800 16.07300 6.61200
118.00000 2.03500 -5.43200 1.58700 -6.13400 -0.99700 3.66200 6.84600 1.87200 2.59400 4.36400 17.84300 27.24200 8.73800 14.51600 16.56100 7.10000
119.00000 3.49900 -5.43200 2.07500 -5.15700 -0.99700 3.17400 6.84600 2.36000 2.59400 6.80500 17.35400 28.21900 8.73800 14.02800 15.09600 6.12400
120.00000 5.45200 -2.99100 3.54000 -3.69300 -0.50900 2.68600 6.35800 2.36000 2.10600 6.31700 16.37800 28.21900 7.76200 12.56300 13.63100 4.17100
121.00000 7.40600 -0.54900 4.02800 -1.74000 -0.02000 2.19700 5.87000 1.87200 2.59400 2.89900 14.91300 27.24200 6.78500 10.61000 12.16600 1.72900
122.00000 8.87000 0.91600 5.00500 -0.27500 0.46800 2.68600 6.35800 1.38300 2.10600 -1.49500 14.91300 26.75400 6.29700 9.14500 12.65500 0.26400
123.00000 8.38200 0.42700 4.51700 0.21400 0.46800 2.68600 6.84600 0.40700 1.61700 -4.42500 15.40100 26.26500 5.32000 8.16900 13.14300 -0.22400
124.00000 8.38200 -1.03800 4.02800 -0.76300 -0.50900 2.19700 8.31100 0.40700 1.12900 -4.91300 16.37800 26.75400 5.80900 8.16900 13.63100 0.75300
125.00000 6.91700 -2.50200 4.02800 -1.25100 -1.48500 1.70900 9.77600 0.89500 1.12900 -2.47200 17.84300 27.24200 5.80900 8.16900 13.14300 1.24100
126.00000 4.96400 -3.96700 4.02800 -2.22800 -2.46200 0.24400 10.26400 1.87200 1.12900 0.94600 17.84300 28.21900 5.80900 8.65700 11.67800 1.24100
127.00000 3.49900 -4.94400 5.00500 -2.22800 -3.43800 -1.22100 9.77600 2.36000 2.10600 3.87600 16.86600 28.70700 6.29700 9.14500 10.70100 0.75300
128.00000 2.03500 -5.92000 5.49300 -2.22800 -4.41500 -2.68600 8.79900 2.84800 2.10600 3.38700 15.40100 28.21900 6.78500 8.65700 9.72500 -0.71200
129.00000 2.03500 -6.89700 5.49300 -1.74000 -4.90300 -3.66200 7.33400 3.33700 2.10600 0.45800 13.93600 27.24200 7.27300 7.68000 9.72500 -2.17700
130.00000 3.49900 -6.89700 4.51700 -1.25100 -4.41500 -4.15000 5.38100 3.33700 1.12900 -4.42500 13.44800 26.75400 7.27300 6.21500 9.23700 -3.15300
131.00000 4.96400 -6.40900 2.56300 -0.76300 -3.92700 -4.63900 2.94000 2.84800 0.15300 -8.33100 13.44800 25.77700 7.27300 4.26200 8.26000 -3.64200
132.00000 5.94100 -4.94400 0.61000 -1.25100 -2.95000 -4.63900 1.47500 2.84800 0.64100 -9.79600 12.96000 25.28900 6.78500 3.28600 6.79500 -4.61800
133.00000 4.96400 -3.96700 -1.34300 -2.22800 -2.95000 -4.63900 0.49800 1.87200 1.61700 -7.35500 11.49500 24.80100 6.78500 2.30900 5.81900 -5.59500
134.00000 3.01100 -3.96700 -2.31900 -3.20400 -3.43800 -4.15000 0.01000 0.89500 3.57100 -2.96000 10.51800 24.31200 6.78500 1.82100 4.84200 -6.08300
135.00000 1.05800 -4.45600 -1.83100 -3.69300 -3.43800 -3.17400 0.98700 -0.57000 4.05900 -0.03100 10.03000 23.82400 7.27300 1.82100 4.35400 -7.06000
136.00000 1.05800 -5.43200 -0.85400 -3.69300 -3.43800 -1.70900 1.96300 -2.03500 3.57100 -0.03100 10.51800 22.84700 6.29700 1.82100 4.35400 -7.06000
137.00000 3.01100 -4.94400 1.09900 -3.20400 -2.95000 0.24400 2.94000 -3.01100 2.59400 -1.98400 11.49500 22.35900 4.83200 2.30900 3.86600 -7.06000
138.00000 6.91700 -2.50200 3.54000 -1.74000 -2.46200 1.70900 2.94000 -3.98800 1.61700 -3.93700 12.47200 21.38300 2.39100 2.30900 3.37700 -7.54800
139.00000 9.84700 1.40400 5.98100 -0.76300 -1.48500 3.66200 2.94000 -4.47600 0.64100 -2.96000 12.47200 20.89400 1.90200 3.28600 2.88900 -8.03600
140.00000 11.80000 4.33300 7.93500 0.21400 -0.99700 5.12700 2.94000 -4.47600 0.15300 0.94600 11.49500 20.89400 1.41400 4.75100 2.40100 -8.03600
141.00000 11.31200 5.79800 9.39900 0.70200 -0.99700 6.10400 2.94000 -4.47600 -0.33600 4.85200 11.00700 21.87100 1.90200 5.23900 2.40100 -8.52500
142.00000 9.84700 5.31000 9.88800 0.70200 -0.50900 6.59200 4.89300 -3.49900 -1.80100 6.31700 11.98300 24.31200 2.39100 5.23900 3.86600 -7.54800
143.00000 8.38200 3.84500 9.88800 0.21400 -0.99700 6.10400 7.33400 -2.03500 -3.26500 4.36400 14.42500 26.75400 2.39100 5.23900 6.30700 -6.08300
144.00000 8.38200 2.38000 9.88800 0.21400 -1.97300 5.12700 10.75200 -0.57000 -4.24200 -0.51900 18.33100 29.19500 2.39100 5.23900 10.70100 -3.15300
145.00000 9.84700 2.38000 9.88800 0.21400 -3.43800 4.15000 12.70500 0.40700 -5.21900 -3.93700 21.26100 30.66000 2.87900 5.72700 15.09600 -0.22400
146.00000 11.80000 3.84500 11.35300 0.21400 -3.92700 4.15000 13.19400 0.40700 -4.24200 -4.42500 23.21400 31.14800 3.36700 7.19200 17.53700 1.24100
147.00000 13.75300 5.31000 13.30600 0.70200 -3.92700 5.12700 12.70500 -0.57000 -2.28900 -1.49500 22.72500 30.66000 4.34400 9.63300 17.04900 1.72900
148.00000 15.21800 6.77500 15.74700 1.67800 -3.43800 6.10400 11.24100 -1.05800 0.15300 3.38700 21.74900 29.68300 5.32000 11.58700 14.60800 1.24100
149.00000 15.70600 6.77500 17.21200 3.14300 -2.46200 6.59200 10.75200 -1.54600 2.59400 7.29400 20.28400 29.19500 6.29700 13.05100 12.16600 1.24100
150.00000 15.70600 5.79800 16.72400 4.12000 -1.48500 5.61500 10.75200 -1.05800 5.03500 8.27000 20.28400 29.19500 6.78500 14.02800 11.67800 0.75300
151.00000 14.73000 4.82200 15.74700 4.12000 -0.99700 4.15000 11.24100 -1.05800 6.01200 7.78200 19.79600 29.19500 7.76200 14.51600 12.65500 1.24100
152.00000 13.75300 4.82200 13.79400 2.65500 -0.50900 2.68600 10.75200 -0.57000 7.47700 6.31700 19.30700 29.19500 8.73800 15.00400 14.11900 1.72900
153.00000 12.28800 4.82200 12.32900 1.19000 0.46800 2.19700 9.77600 -0.57000 8.45300 5.34100 17.35400 28.70700 9.22600 15.49300 14.11900 1.72900
154.00000 10.82400 4.82200 11.35300 -0.76300 1.93300 3.17400 7.33400 -0.08100 9.43000 6.31700 15.40100 28.70700 9.71500 15.00400 12.16600 1.72900
155.00000 9.84700 4.82200 9.88800 -0.76300 3.39800 4.15000 5.38100 0.89500 9.91800 7.78200 13.44800 29.19500 9.22600 14.51600 10.70100 1.24100
156.00000 9.84700 3.84500 8.42300 -0.27500 4.37400 5.12700 4.40500 1.87200 9.43000 8.27000 13.44800 29.19500 8.73800 13.05100 9.72500 0.75300
157.00000 10.82400 4.33300 7.44600 1.19000 4.86200 5.12700 4.40500 3.33700 8.94200 5.82900 14.91300 29.68300 8.25000 11.58700 10.21300 -0.22400
158.00000 11.80000 4.82200 7.44600 2.65500 5.35100 5.12700 4.89300 4.31300 8.45300 2.41100 16.37800 29.19500 7.76200 10.12200 11.19000 -1.20000
159.00000 12.77700 6.28700 8.91100 4.12000 5.83900 6.10400 5.87000 4.80100 8.45300 -1.00700 16.86600 28.70700 7.27300 8.65700 11.67800 -2.17700
160.00000 12.28800 7.26300 10.86400 5.09600 6.81600 7.08000 6.35800 4.80100 9.43000 -1.49500 16.37800 27.24200 7.27300 7.68000 10.70100 -3.15300
161.00000 12.28800 7.75100 12.81700 6.56100 7.79200 8.54500 6.84600 4.80100 9.91800 -0.03100 14.91300 25.77700 7.27300 7.19200 8.26000 -3.64200
162.00000 12.28800 7.26300 13.79400 7.05000 8.76900 10.01000 7.33400 4.80100 10.40600 3.38700 14.42500 25.28900 7.27300 7.19200 6.79500 -3.64200
163.00000 12.77700 7.26300 14.77100 7.05000 8.76900 10.49800 7.82300 5.29000 10.40600 5.34100 14.91300 25.77700 7.76200 7.68000 6.79500 -3.15300
164.00000 14.24200 7.26300 15.25900 6.56100 8.28000 10.49800 8.79900 5.29000 8.94200 5.34100 16.86600 27.24200 8.73800 8.16900 8.26000 -2.66500
165.00000 14.73000 7.75100 16.72400 6.07300 7.79200 10.49800 10.26400 5.29000 6.98900 3.87600 19.79600 30.17200 8.73800 7.68000 11.19000 -2.66500
166.00000 14.24200 7.75100 17.70000 5.58500 7.30400 10.01000 11.72900 5.77800 4.54700 2.41100 22.23700 33.10100 9.22600 7.19200 13.14300 -2.17700
167.00000 13.75300 7.26300 18.18800 6.07300 5.83900 9.03300 12.70500 6.26600 2.59400 2.41100 24.67900 35.05500 9.22600 7.19200 14.60800 -2.17700
168.00000 12.28800 5.31000 18.18800 6.56100 4.37400 8.05700 13.19400 7.24300 1.12900 3.38700 25.65500 36.51900 9.71500 6.70400 15.09600 -1.20000
169.00000 11.31200 3.35700 17.70000 7.05000 3.39800 6.10400 13.19400 8.70800 1.12900 4.36400 25.65500 37.00800 10.20300 7.19200 15.09600 -0.22400
170.00000 10.82400 1.40400 17.70000 6.56100 2.42100 3.66200 12.70500 9.68400 1.61700 4.36400 24.67900 37.98400 10.69100 7.19200 15.58400 0.26400
171.00000 8.87000 -0.54900 17.70000 5.58500 2.42100 1.22100 11.72900 10.66100 3.08200 3.38700 23.70200 38.47200 11.66800 7.68000 16.07300 0.26400
172.00000 6.91700 -2.01400 16.72400 3.63200 1.93300 -0.24400 10.26400 10.17300 4.54700 2.89900 22.72500 38.47200 12.15600 7.19200 17.04900 0.26400
173.00000 3.98800 -3.96700 15.25900 1.67800 1.44400 -2.19700 9.28800 9.68400 5.52400 2.41100 22.23700 37.98400 11.66800 7.19200 18.02600 0.26400
174.00000 2.03500 -4.45600 13.30600 0.21400 -0.02000 -3.17400 9.28800 9.19600 6.50000 1.92300 21.74900 36.51900 11.66800 6.70400 18.02600 0.75300
175.00000 1.05800 -4.94400 12.32900 -1.25100 -1.48500 -4.63900 9.28800 8.70800 6.98900 0.94600 20.77200 35.54300 11.18000 7.19200 16.07300 1.24100
176.00000 1.54600 -4.94400 12.32900 -1.74000 -1.97300 -6.10400 8.79900 8.21900 6.98900 0.94600 19.79600 34.07800 10.69100 7.19200 13.63100 1.72900
177.00000 3.01100 -4.45600 13.30600 -1.25100 -1.48500 -6.10400 7.82300 7.73100 6.98900 1.43400 17.84300 32.61300 9.71500 7.19200 11.19000 1.24100
178.00000 4.47600 -3.96700 13.79400 -0.76300 -0.50900 -6.10400 5.87000 7.24300 7.47700 1.92300 15.40100 31.14800 8.25000 6.70400 9.72500 -0.22400
179.00000 4.96400 -3.96700 13.79400 0.21400 0.95600 -5.12700 3.91600 6.75500 6.98900 3.38700 13.44800 29.68300 7.27300 5.72700 8.74800 -2.17700
180.00000 4.96400 -3.96700 12.81700 1.67800 1.44400 -4.15000 2.94000 6.26600 6.50000 3.38700 11.49500 28.21900 5.80900 4.75100 8.26000 -4.13000
181.00000 5.45200 -3.96700 11.84100 2.65500 1.44400 -4.63900 2.45200 5.77800 5.52400 1.43400 9.54200 27.24200 4.34400 3.77400 7.28400 -5.10700
182.00000 5.94100 -2.99100 12.32900 3.14300 1.44400 -5.12700 2.45200 5.29000 4.05900 -0.51900 8.56500 26.75400 3.36700 3.28600 6.30700 -5.10700
183.00000 6.42900 -2.01400 12.81700 2.65500 1.44400 -6.10400 2.94000 4.80100 2.59400 -2.47200 7.58900 26.75400 2.39100 3.77400 4.84200 -5.10700
184.00000 6.91700 -1.03800 12.81700 2.16700 2.42100 -5.12700 2.45200 3.82500 2.10600 -2.47200 8.07700 26.75400 1.41400 4.75100 2.88900 -5.10700
185.00000 5.94100 -1.03800 11.84100 1.19000 2.90900 -4.15000 1.96300 3.33700 1.61700 -1.49500 9.05400 26.26500 1.41400 5.23900 2.40100 -4.61800
186.00000 4.96400 -1.52600 10.37600 0.70200 3.88600 -3.17400 1.47500 2.84800 2.10600 -1.49500 10.51800 26.26500 2.87900 6.21500 3.37700 -4.13000
187.00000 3.98800 -2.01400 9.39900 0.21400 4.37400 -2.19700 1.47500 2.36000 3.08200 -1.49500 11.49500 26.26500 4.34400 7.19200 3.86600 -3.64200
188.00000 4.47600 -2.50200 9.39900 -0.27500 5.35100 -1.22100 1.96300 2.36000 3.08200 -1.98400 11.49500 26.75400 5.80900 8.65700 4.84200 -2.66500
189.00000 5.94100 -1.03800 10.86400 -0.27500 6.81600 0.24400 2.45200 1.87200 3.08200 -0.51900 11.98300 27.24200 5.80900 10.12200 5.33000 -2.66500
190.00000 7.89400 1.40400 12.81700 0.21400 8.28000 3.17400 3.42800 1.87200 2.10600 2.41100 12.47200 27.73000 3.85500 10.61000 5.33000 -2.66500
191.00000 9.84700 4.82200 14.28200 1.19000 8.76900 6.10400 4.89300 1.38300 0.64100 6.31700 13.44800 27.73000 1.41400 9.63300 5.33000 -3.64200
192.00000 10.82400 7.75100 15.74700 2.16700 8.28000 8.05700 6.84600 0.89500 -1.80100 8.27000 15.40100 28.21900 -1.02700 8.16900 6.30700 -3.64200
193.00000 11.80000 8.72800 16.72400 2.65500 7.79200 8.05700 9.28800 0.89500 -3.26500 6.80500 17.84300 28.70700 -2.49200 6.21500 7.28400 -3.64200
194.00000 12.28800 8.24000 18.67700 3.14300 7.30400 6.59200 11.24100 0.89500 -3.26500 3.38700 19.79600 30.17200 -2.49200 6.21500 8.74800 -2.66500
195.00000 12.28800 6.77500 20.63000 2.65500 7.30400 4.63900 12.21700 0.89500 -1.31200 0.45800 19.30700 31.14800 -1.51600 7.68000 9.23700 -1.20000
196.00000 11.80000 4.82200 21.60600 1.67800 7.79200 4.63900 11.72900 0.89500 2.10600 1.43400 18.33100 31.14800 -0.53900 10.12200 8.74800 -0.22400
197.00000 10.33500 4.33300 20.14200 0.21400 8.28000 5.61500 10.26400 1.38300 5.52400 5.82900 16.86600 32.12500 0.92600 12.56300 8.26000 -0.22400
198.00000 7.89400 3.84500 16.72400 -0.76300 7.79200 7.56800 8.79900 1.87200 7.96500 9.73500 16.37800 33.10100 2.39100 13.54000 8.26000 -0.22400
199.00000 4.47600 3.35700 12.32900 -1.74000 6.32700 7.56800 7.82300 2.84800 9.43000 10.22300 16.86600 35.05500 3.85500 12.56300 8.74800 -0.22400
200.00000 1.54600 1.40400 8.91100 -1.74000 4.86200 5.61500 7.33400 3.82500 9.91800 7.29400 16.86600 37.00800 5.32000 10.61000 10.70100 -0.22400
201.00000 0.57000 -0.06100 6.95800 -1.74000 3.88600 2.68600 7.33400 4.80100 9.43000 1.43400 15.88900 37.00800 6.29700 9.14500 11.67800 -0.22400
202.00000 0.57000 -1.52600 7.93500 -2.22800 3.88600 0.73200 6.84600 5.29000 9.43000 -1.98400 13.93600 35.54300 6.78500 8.65700 11.67800 -1.20000
203.00000 2.03500 -1.52600 9.39900 -2.22800 4.86200 1.22100 5.87000 4.80100 8.94200 -2.47200 11.49500 32.61300 5.80900 8.16900 9.72500 -3.64200
204.00000 3.01100 -0.06100 11.84100 -2.22800 5.83900 3.17400 4.89300 3.82500 8.45300 -0.51900 9.54200 30.17200 4.34400 7.68000 6.79500 -6.57100
205.00000 3.01100 1.40400 12.81700 -1.74000 6.81600 5.12700 2.94000 2.36000 7.96500 1.43400 8.07700 28.21900 2.87900 6.21500 3.37700 -8.52500
206.00000 2.52300 2.38000 13.79400 -0.27500 7.30400 6.10400 1.96300 0.89500 7.47700 0.45800 6.61200 26.75400 1.41400 5.23900 0.93600 -9.98900
207.00000 2.52300 3.35700 13.79400 0.21400 7.30400 6.10400 0.98700 -0.57000 7.96500 -1.49500 5.63600 25.28900 0.92600 4.75100 -0.52900 -9.50100
208.00000 3.49900 3.84500 14.77100 1.19000 7.79200 7.08000 0.98700 -1.54600 7.96500 -2.47200 4.17100 23.82400 0.43700 5.23900 -1.01700 -9.01300
209.00000 5.45200 4.82200 15.74700 1.67800 8.28000 9.03300 1.96300 -2.52300 7.47700 -0.03100 3.19400 22.35900 0.92600 6.21500 -0.04100 -8.03600
210.00000 8.38200 5.79800 17.70000 2.16700 8.28000 11.96300 3.42800 -2.52300 6.01200 5.34100 4.17100 22.35900 0.43700 6.70400 0.93600 -7.54800
211.00000 11.31200 8.24000 20.14200 2.65500 8.28000 14.40400 5.38100 -2.52300 3.57100 10.71200 6.61200 22.84700 0.43700 6.70400 2.40100 -7.06000
212.00000 12.77700 10.19300 21.60600 4.60800 8.28000 16.35700 6.84600 -1.54600 1.12900 12.17700 10.03000 24.80100 -0.53900 6.70400 3.86600 -6.08300
213.00000 13.75300 12.14600 22.09500 5.58500 8.28000 16.84600 7.82300 -1.05800 0.15300 11.20000 12.47200 26.75400 -1.51600 7.19200 5.33000 -4.61800
214.00000 13.75300 13.12300 21.60600 6.56100 8.76900 17.33400 7.82300 -0.57000 1.12900 9.24700 13.44800 28.21900 -1.51600 8.16900 6.79500 -3.15300
215.00000 12.77700 13.12300 20.63000 6.56100 9.25700 17.33400 7.82300 -0.08100 3.08200 8.27000 13.93600 29.19500 -1.02700 9.14500 8.26000 -2.17700
216.00000 12.28800 12.63400 21.11800 6.07300 8.76900 17.33400 8.79900 1.38300 4.54700 8.75900 13.93600 31.14800 -0.53900 9.63300 8.74800 -1.68900
217.00000 11.80000 10.68100 22.58300 6.56100 7.79200 16.35700 9.77600 3.33700 5.52400 9.24700 14.91300 33.59000 -0.05100 9.14500 8.74800 -2.17700
218.00000 11.31200 9.21600 24.53600 7.05000 6.81600 14.40400 11.24100 5.29000 5.03500 7.29400 16.86600 36.03100 -0.53900 8.16900 8.74800 -2.66500
219.00000 10.33500 8.24000 25.51300 7.53800 5.83900 12.45100 11.72900 7.24300 4.54700 4.36400 18.33100 37.49600 -1.02700 7.68000 8.74800 -3.15300
220.00000 9.35900 7.75100 25.02400 6.56100 5.35100 10.49800 11.24100 7.73100 5.03500 1.92300 18.81900 38.47200 -1.02700 7.68000 9.23700 -3.64200
221.00000 6.91700 7.26300 22.09500 4.60800 5.83900 10.01000 9.77600 6.75500 6.50000 2.89900 17.35400 38.96100 -0.05100 8.65700 9.72500 -3.64200
222.00000 3.98800 5.79800 19.16500 1.67800 5.83900 9.52100 7.33400 5.29000 8.45300 7.29400 14.91300 38.96100 1.90200 10.12200 10.21300 -3.15300
223.00000 1.05800 2.86900 15.25900 -0.76300 5.83900 8.54500 5.38100 3.82500 10.40600 11.68800 13.44800 38.96100 4.34400 12.07500 10.21300 -2.17700
224.00000 -0.89500 -0.06100 14.28200 -1.74000 4.37400 7.08000 4.40500 3.82500 11.38300 14.13000 12.96000 38.96100 5.32000 12.56300 10.21300 -1.20000
225.00000 -1.87200 -2.50200 13.79400 -1.74000 2.90900 5.61500 4.40500 4.80100 11.38300 11.68800 13.93600 38.47200 4.83200 12.07500 10.21300 -0.71200
226.00000 -1.87200 -2.99100 13.79400 -1.25100 2.42100 4.15000 5.38100 5.77800 11.38300 7.29400 14.91300 37.98400 3.36700 11.09800 10.21300 -1.20000
227.00000 -2.84800 -1.03800 12.81700 -1.74000 2.90900 4.63900 5.87000 5.77800 10.89500 3.38700 14.91300 36.51900 1.41400 9.63300 9.23700 -2.66500
228.00000 -4.80100 1.40400 10.86400 -2.71600 4.37400 5.61500 5.38100 4.31300 10.40600 1.92300 14.42500 35.54300 -0.05100 8.65700 7.77200 -4.61800
229.00000 -7.24300 3.35700 9.88800 -3.20400 5.83900 7.08000 4.40500 2.84800 9.91800 2.41100 12.96000 34.07800 -1.02700 7.68000 6.30700 -6.08300
230.00000 -8.70800 4.33300 10.86400 -3.69300 7.30400 8.05700 1.96300 1.87200 9.43000 2.41100 11.49500 33.59000 -2.00400 6.70400 4.35400 -6.57100
231.00000 -8.70800 4.33300 13.79400 -3.20400 7.30400 8.54500 0.01000 0.89500 8.45300 0.94600 10.51800 32.61300 -2.98100 6.21500 3.37700 -6.08300
232.00000 -6.75500 5.31000 17.70000 -1.74000 7.30400 9.03300 -0.96600 0.40700 7.96500 -0.03100 10.51800 32.12500 -3.46900 6.21500 2.88900 -6.57100
233.00000 -4.31300 6.28700 19.65300 -1.25100 7.30400 10.01000 -0.47800 -0.57000 7.96500 -0.03100 11.00700 31.14800 -3.95700 6.21500 3.37700 -7.06000
234.00000 -2.84800 7.75100 19.65300 -0.76300 7.79200 12.45100 0.49800 -2.03500 8.45300 1.92300 11.49500 30.66000 -3.46900 6.70400 4.35400 -7.54800
235.00000 -3.82500 9.21600 17.70000 -0.76300 8.76900 14.40400 0.98700 -3.49900 8.45300 5.34100 11.49500 30.66000 -2.49200 7.68000 5.33000 -7.54800
236.00000 -5.77800 10.19300 16.72400 -1.25100 9.25700 15.86900 0.01000 -3.98800 8.94200 6.80500 11.98300 29.68300 -1.51600 9.14500 5.81900 -7.06000
237.00000 -6.75500 10.68100 17.70000 -0.76300 9.25700 16.35700 -0.96600 -3.98800 8.94200 5.34100 11.49500 29.68300 -1.02700 10.12200 5.81900 -5.59500
238.00000 -6.75500 10.68100 19.65300 -0.76300 9.25700 16.35700 -2.43100 -3.49900 8.94200 1.43400 11.00700 29.19500 -1.51600 10.12200 6.30700 -4.13000
239.00000 -5.77800 11.16900 22.09500 0.21400 8.28000 16.35700 -2.43100 -2.52300 9.91800 -1.98400 10.51800 29.68300 -2.49200 9.63300 6.79500 -3.64200
240.00000 -4.31300 11.16900 22.58300 -0.27500 7.79200 16.35700 -1.45500 -2.03500 10.40600 -3.44800 11.00700 30.66000 -2.00400 9.14500 8.26000 -3.15300
241.00000 -4.80100 10.68100 21.11800 -1.74000 6.32700 15.86900 0.01000 -2.03500 11.38300 -0.51900 11.98300 32.61300 -0.53900 9.63300 10.21300 -1.20000
242.00000 -7.24300 8.72800 18.67700 -3.69300 4.86200 14.40400 1.47500 -1.54600 10.89500 4.36400 13.44800 34.56600 1.41400 11.09800 12.16600 1.24100
243.00000 -10.66100 6.28700 16.23500 -5.64600 3.39800 12.93900 2.45200 -1.54600 10.40600 10.22300 15.40100 35.54300 2.39100 13.05100 13.63100 4.65900
244.00000 -13.59000 4.82200 16.23500 -6.62200 2.42100 12.45100 2.94000 -1.05800 9.91800 14.61800 16.37800 36.03100 1.90200 14.51600 13.63100 5.63600
245.00000 -14.56700 4.82200 17.21200 -6.62200 2.90900 12.93900 3.42800 -0.57000 9.91800 16.08300 17.35400 36.03100 0.43700 15.00400 13.14300 5.14700
246.00000 -14.07900 5.79800 18.67700 -5.64600 4.37400 13.91600 4.89300 -0.08100 9.43000 14.13000 17.84300 36.03100 -1.02700 14.51600 12.65500 3.19400
247.00000 -12.61400 6.77500 19.65300 -4.66900 5.83900 14.89300 5.87000 -0.08100 9.43000 11.20000 18.81900 36.03100 -2.00400 13.54000 13.14300 1.24100
248.00000 -11.63700 7.26300 20.14200 -3.69300 6.32700 15.38100 6.84600 -0.08100 7.96500 8.75900 19.79600 36.03100 -1.02700 13.05100 14.11900 0.75300
249.00000 -11.63700 7.26300 21.11800 -3.69300 6.32700 14.40400 7.33400 0.40700 6.50000 8.27000 20.28400 36.03100 -1.02700 14.02800 15.09600 1.72900
250.00000 -11.63700 6.77500 22.58300 -3.20400 6.81600 13.91600 6.84600 -0.08100 5.03500 9.24700 20.28400 35.54300 -1.02700 15.00400 15.09600 2.70600
251.00000 -10.66100 7.75100 24.04800 -2.71600 6.81600 13.91600 6.84600 -0.57000 5.52400 11.20000 18.81900 35.05500 -2.00400 15.49300 14.11900 3.19400
252.00000 -8.70800 10.19300 24.04800 -1.25100 8.28000 15.38100 5.87000 -1.54600 6.01200 11.68800 17.35400 34.07800 -2.98100 15.49300 12.16600 1.72900
253.00000 -5.77800 13.61100 23.56000 0.70200 10.23400 16.84600 4.89300 -2.52300 7.47700 10.71200 15.40100 32.61300 -3.46900 14.51600 10.70100 -0.71200
254.00000 -2.84800 17.51700 22.58300 2.65500 12.67500 18.31100 3.42800 -2.52300 9.43000 8.75900 13.44800 31.14800 -2.98100 13.54000 9.23700 -2.17700
255.00000 -0.40700 19.95800 23.56000 4.12000 14.14000 18.79900 1.96300 -2.03500 10.89500 7.78200 12.47200 30.17200 -2.49200 13.05100 8.74800 -2.66500
256.00000 0.57000 20.93500 25.51300 5.58500 15.11600 18.79900 1.47500 -0.57000 12.36000 7.78200 12.47200 29.68300 -2.49200 13.54000 8.26000 -2.17700
