1.00000 1.90200 2.50200 6.34800 1.29200 0.33600 4.46600 5.95100 3.87600 -0.95600 3.33700 7.35500 5.91000 1.94300 2.86900 4.58800 3.63200
2.00000 3.36700 3.96700 7.81200 1.78000 0.82400 4.95400 5.46300 2.89900 -0.95600 4.31300 8.33100 6.39900 2.92000 3.35700 5.56400 4.12000
3.00000 5.32000 5.43200 8.30100 2.26800 1.80100 5.44200 5.46300 2.41100 -0.46800 4.80100 7.84300 5.91000 2.43100 2.86900 5.07600 3.63200
4.00000 6.78500 7.38500 8.78900 2.75700 3.26500 7.39500 5.95100 1.92300 0.02000 5.29000 6.86600 5.42200 1.94300 2.38000 5.07600 3.14300
5.00000 7.27300 8.36200 8.78900 3.24500 4.73000 9.83700 5.95100 1.43400 0.99700 6.75500 6.37800 4.93400 2.43100 3.35700 5.07600 3.63200
6.00000 5.80900 7.87400 8.78900 2.75700 4.73000 11.79000 4.97400 1.43400 2.46200 8.70800 5.89000 4.44500 3.89600 5.31000 6.05300 5.58500
7.00000 3.36700 5.92000 7.32400 1.78000 3.75400 11.79000 3.99800 1.43400 3.92700 10.17300 5.89000 3.95700 5.36100 7.26300 6.54100 6.56100
8.00000 -0.05100 2.99100 5.85900 0.31500 2.77700 10.32500 3.99800 1.43400 4.41500 10.66100 5.40200 3.46900 6.33700 8.24000 5.56400 7.05000
9.00000 -2.49200 1.03800 3.41800 -1.14900 1.31200 7.39500 4.48600 1.43400 3.92700 9.68400 4.42500 2.49200 5.84900 7.75100 4.10000 5.58500
10.00000 -2.49200 0.54900 1.95300 -1.14900 0.82400 5.93100 5.46300 1.92300 2.95000 8.21900 2.96000 2.00400 4.38400 6.28700 2.14600 4.12000
11.00000 -1.02700 2.01400 1.46500 -0.17300 0.82400 5.93100 5.95100 2.41100 1.97300 6.26600 1.98400 2.00400 3.89600 5.31000 1.17000 3.14300
12.00000 1.90200 3.47900 2.93000 1.29200 1.80100 6.90700 5.95100 2.41100 1.48500 5.29000 1.98400 2.00400 3.40800 4.82200 1.65800 3.14300
13.00000 3.85500 4.94400 4.88300 2.26800 2.28900 7.88400 4.97400 2.41100 1.48500 4.80100 2.47200 1.51600 3.40800 4.82200 2.14600 4.12000
14.00000 4.83200 4.94400 6.83600 3.24500 2.77700 6.90700 3.99800 1.43400 1.97300 4.31300 2.47200 1.02700 3.40800 4.82200 2.63500 4.12000
15.00000 3.85500 3.96700 8.30100 2.75700 2.28900 4.46600 3.02100 0.94600 1.97300 3.82500 2.47200 0.53900 3.40800 4.33300 2.63500 3.63200
16.00000 2.39100 2.01400 7.81200 2.26800 1.31200 2.02400 2.53300 0.45800 1.97300 2.36000 1.98400 0.53900 2.92000 3.84500 1.65800 2.65500
17.00000 0.43700 0.54900 6.34800 0.80400 0.82400 0.55900 2.53300 0.94600 1.48500 1.38300 1.49500 0.53900 2.43100 2.86900 1.65800 1.67800
18.00000 -1.51600 -0.91600 3.41800 0.31500 0.33600 0.55900 2.53300 1.43400 1.48500 1.38300 1.98400 1.51600 2.92000 2.86900 2.14600 2.16700
19.00000 -1.51600 -1.89200 1.46500 0.31500 0.33600 1.04800 2.04500 1.92300 0.99700 1.87200 3.44800 2.00400 3.40800 3.35700 3.61100 3.14300
20.00000 -0.53900 -1.40400 1.46500 1.29200 0.82400 2.51300 2.04500 2.89900 0.99700 1.87200 5.40200 2.98100 3.40800 3.35700 5.07600 4.12000
21.00000 1.41400 0.06100 2.93000 2.75700 1.31200 3.00100 3.02100 3.38700 0.02000 1.87200 6.37800 2.98100 2.43100 2.38000 5.07600 3.63200
22.00000 3.36700 2.01400 5.85900 4.22200 2.28900 4.46600 4.48600 3.87600 -0.95600 1.38300 7.35500 2.98100 0.96600 1.40400 4.58800 2.65500
23.00000 5.32000 3.96700 8.30100 4.71000 2.77700 5.44200 6.43900 3.87600 -1.93300 0.89500 7.35500 2.98100 -0.49800 -0.54900 4.10000 0.70200
24.00000 5.32000 4.45600 9.27700 4.71000 2.28900 6.41900 8.39200 3.87600 -2.42100 0.89500 6.86600 2.49200 -1.47500 -1.03800 3.12300 -0.76300
25.00000 3.85500 3.96700 8.78900 3.73300 1.80100 5.93100 9.85700 3.87600 -1.93300 0.89500 6.86600 2.49200 -1.47500 -0.06100 3.61100 -0.27500
26.00000 1.90200 2.01400 7.81200 2.75700 0.33600 4.46600 9.85700 3.38700 -0.95600 0.89500 7.35500 2.98100 -0.49800 0.91600 4.58800 1.19000
27.00000 0.92600 0.54900 6.83600 2.26800 -0.64100 2.02400 8.88100 3.87600 -0.46800 0.89500 8.33100 3.95700 0.96600 2.38000 6.05300 3.14300
28.00000 0.43700 -0.91600 5.85900 1.78000 -1.12900 -0.90500 6.92700 3.87600 0.02000 -0.57000 8.82000 4.93400 1.45500 2.86900 7.02900 5.09600
29.00000 -0.53900 -1.89200 4.39500 1.29200 -1.61700 -2.85800 5.46300 3.87600 -0.46800 -2.03500 9.30800 5.42200 1.94300 2.86900 8.00600 6.07300
30.00000 -1.51600 -2.38000 2.44100 0.80400 -2.10600 -4.32300 3.99800 3.38700 -1.44400 -3.98800 8.82000 5.42200 1.45500 2.38000 8.00600 6.56100
31.00000 -2.49200 -3.84500 0.00000 -0.17300 -3.08200 -5.78800 3.99800 2.89900 -2.42100 -4.47600 8.33100 5.42200 1.45500 1.89200 8.00600 6.07300
32.00000 -2.98100 -4.82200 -1.46500 -1.14900 -3.57100 -6.27600 4.97400 2.41100 -2.90900 -4.96400 9.30800 5.91000 2.43100 1.89200 8.98200 6.56100
33.00000 -2.49200 -4.33300 -1.46500 -1.63800 -3.57100 -5.78800 5.95100 2.89900 -2.90900 -4.47600 11.74900 6.88700 3.40800 2.38000 9.95900 7.53800
34.00000 -0.53900 -2.38000 0.97700 -1.14900 -3.08200 -4.32300 7.41600 3.87600 -2.42100 -4.47600 14.19100 8.35200 4.38400 3.35700 11.91200 8.51400
35.00000 1.41400 0.06100 3.90600 -0.66100 -2.10600 -2.37000 8.88100 4.85200 -1.93300 -3.98800 15.65600 9.32800 4.87300 3.84500 12.88900 9.49100
36.00000 1.90200 1.52600 5.85900 0.31500 -1.12900 -1.39400 9.36900 5.34100 -1.44400 -3.49900 15.16700 9.32800 5.36100 3.84500 12.88900 9.49100
37.00000 0.43700 1.03800 4.88300 0.31500 -1.12900 -1.39400 8.88100 4.36400 -0.95600 -3.01100 12.72600 7.37500 4.87300 3.35700 10.93500 7.53800
38.00000 -1.51600 -0.91600 1.95300 -0.66100 -1.61700 -2.37000 7.90400 2.89900 -0.95600 -2.52300 8.82000 5.42200 3.89600 1.89200 8.00600 5.58500
39.00000 -3.95700 -2.86900 -0.97700 -1.63800 -2.59400 -3.34700 5.95100 1.43400 -0.46800 -2.52300 4.91300 3.46900 3.40800 0.91600 5.07600 3.63200
40.00000 -4.93400 -4.82200 -2.44100 -3.10300 -3.57100 -3.83500 3.99800 0.45800 0.02000 -3.49900 2.47200 2.49200 2.92000 -0.54900 3.61100 2.16700
41.00000 -4.93400 -5.31000 -2.44100 -3.59100 -4.05900 -4.32300 2.04500 0.45800 0.02000 -3.98800 1.49500 2.98100 2.92000 -1.03800 2.63500 1.67800
42.00000 -4.44500 -4.82200 -1.46500 -4.07900 -4.05900 -4.32300 0.58000 0.45800 0.50900 -4.47600 1.00700 3.46900 2.92000 -1.03800 2.14600 1.67800
43.00000 -3.95700 -3.35700 -0.48800 -3.59100 -3.08200 -4.32300 -0.88500 0.45800 0.50900 -3.98800 0.51900 3.95700 2.92000 -1.03800 2.14600 1.19000
44.00000 -3.46900 -1.89200 -1.95300 -3.59100 -2.10600 -3.83500 -1.86200 -0.03100 0.50900 -3.01100 0.03100 2.98100 2.43100 -1.52600 1.17000 0.21400
45.00000 -2.98100 -0.91600 -3.41800 -3.59100 -1.12900 -3.34700 -2.83800 -1.49500 0.50900 -2.03500 -1.43400 2.00400 2.43100 -1.52600 0.19300 -0.27500
46.00000 -2.98100 -0.91600 -4.88300 -4.07900 -0.64100 -2.85800 -4.30300 -2.47200 0.50900 -1.54600 -2.89900 1.02700 2.43100 -1.03800 -0.29500 -0.27500
47.00000 -3.46900 -1.40400 -5.85900 -4.56700 -1.12900 -2.85800 -5.28000 -2.96000 0.50900 -1.54600 -3.87600 1.02700 2.43100 -1.03800 -0.78300 0.21400
48.00000 -4.44500 -2.86900 -6.34800 -5.05600 -2.10600 -3.34700 -6.74400 -2.47200 0.50900 -2.52300 -4.36400 1.02700 2.92000 -0.54900 -0.78300 0.70200
49.00000 -6.39900 -3.84500 -7.32400 -5.05600 -3.08200 -4.32300 -7.72100 -1.49500 0.02000 -2.52300 -4.36400 1.02700 2.92000 -1.03800 -0.78300 0.70200
50.00000 -7.37500 -3.84500 -8.78900 -5.05600 -3.08200 -4.81200 -8.20900 -1.49500 -0.46800 -2.03500 -4.36400 1.02700 2.43100 -1.03800 -1.27200 0.21400
51.00000 -7.37500 -2.86900 -9.27700 -4.56700 -2.59400 -3.34700 -7.23300 -1.49500 -0.46800 -1.54600 -3.87600 0.53900 2.92000 -1.52600 -0.78300 0.70200
52.00000 -5.42200 -1.40400 -8.78900 -4.56700 -1.61700 -1.88200 -5.28000 -1.98400 0.02000 -1.05800 -3.38700 1.02700 2.92000 -1.03800 0.19300 1.67800
53.00000 -4.44500 -0.91600 -7.32400 -4.56700 -1.12900 -0.90500 -3.32600 -1.98400 0.50900 -1.05800 -1.92300 2.00400 3.89600 -0.06100 1.65800 3.63200
54.00000 -3.95700 -1.89200 -6.83600 -5.05600 -1.12900 -1.88200 -2.83800 -1.49500 0.99700 -2.03500 -0.94600 2.98100 4.38400 0.91600 3.12300 5.58500
55.00000 -6.39900 -4.33300 -8.30100 -6.03200 -2.10600 -4.32300 -4.30300 -1.00700 0.50900 -3.49900 -0.94600 3.46900 5.36100 0.91600 4.10000 6.07300
56.00000 -9.32800 -6.77500 -12.20700 -7.49700 -3.57100 -6.76500 -6.74400 -0.51900 0.02000 -4.47600 -0.94600 3.95700 5.84900 0.42700 3.61100 6.56100
57.00000 -12.25800 -8.72800 -15.62500 -8.96200 -5.03500 -8.23000 -8.69800 -0.51900 0.02000 -4.96400 -1.43400 4.44500 6.33700 -0.06100 3.61100 6.56100
58.00000 -13.23400 -8.72800 -16.60200 -9.45000 -6.01200 -7.74100 -10.16200 -0.51900 -0.46800 -4.96400 -0.94600 4.93400 6.33700 -0.06100 3.61100 6.56100
59.00000 -12.25800 -7.75100 -15.62500 -9.45000 -6.01200 -6.76500 -9.67400 -1.00700 -0.95600 -4.96400 0.03100 5.42200 7.31400 0.91600 5.07600 7.05000
60.00000 -10.30500 -6.77500 -12.69500 -8.47400 -6.01200 -6.27600 -8.20900 -1.00700 -0.95600 -4.96400 1.49500 6.39900 7.31400 1.40400 6.05300 7.53800
61.00000 -8.35200 -6.28700 -10.25400 -7.98500 -6.50000 -6.76500 -7.23300 -1.00700 -1.44400 -4.96400 1.98400 6.88700 7.80200 1.89200 6.05300 7.53800
62.00000 -8.35200 -6.77500 -9.27700 -7.98500 -6.50000 -8.23000 -7.23300 -1.49500 -1.44400 -4.96400 1.49500 6.39900 7.80200 1.89200 5.56400 6.56100
63.00000 -9.32800 -7.75100 -9.76600 -7.98500 -7.47700 -8.23000 -8.20900 -1.49500 -0.95600 -4.47600 0.03100 5.91000 7.31400 1.89200 4.58800 5.58500
64.00000 -10.79300 -7.75100 -10.74200 -8.47400 -6.98900 -6.27600 -9.18600 -1.98400 -0.46800 -3.49900 -1.43400 4.93400 6.82600 1.40400 3.12300 5.09600
65.00000 -10.79300 -7.26300 -11.71900 -7.98500 -6.98900 -4.32300 -9.18600 -1.98400 -0.46800 -2.03500 -2.41100 3.95700 5.84900 1.40400 2.14600 4.12000
66.00000 -9.32800 -5.31000 -11.71900 -7.49700 -6.01200 -2.37000 -8.20900 -1.98400 0.02000 -1.05800 -2.89900 2.98100 4.87300 0.91600 1.17000 3.14300
67.00000 -6.39900 -2.86900 -10.25400 -6.03200 -4.05900 -0.90500 -6.74400 -2.47200 -0.46800 -0.08100 -2.89900 2.00400 3.89600 0.91600 0.68200 2.16700
68.00000 -3.46900 -0.42700 -8.30100 -5.05600 -1.61700 0.55900 -5.28000 -2.47200 0.02000 1.87200 -2.41100 1.02700 3.40800 1.40400 0.19300 1.67800
69.00000 -1.02700 1.52600 -6.34800 -4.07900 0.82400 2.51300 -4.30300 -2.96000 0.50900 3.33700 -1.92300 1.02700 3.40800 2.38000 0.19300 2.16700
70.00000 -0.05100 2.99100 -4.88300 -3.59100 2.77700 5.44200 -4.30300 -3.44800 1.97300 5.29000 -1.43400 1.02700 4.87300 4.33300 1.65800 4.12000
71.00000 -0.53900 2.99100 -4.88300 -3.59100 3.26500 8.37200 -4.79100 -3.44800 3.43800 6.75500 -0.94600 1.51600 6.33700 6.77500 2.63500 5.58500
72.00000 -1.51600 2.50200 -5.85900 -4.56700 2.77700 9.34900 -4.79100 -3.44800 4.41500 7.73100 0.03100 2.00400 6.82600 8.24000 3.12300 7.05000
73.00000 -2.98100 1.03800 -6.83600 -4.56700 1.80100 8.86000 -4.79100 -2.96000 3.92700 7.73100 1.00700 2.00400 6.82600 8.24000 3.12300 7.05000
74.00000 -3.95700 0.06100 -7.32400 -5.05600 0.33600 6.41900 -3.32600 -1.98400 2.46200 6.26600 1.98400 2.49200 5.84900 7.26300 3.12300 6.56100
75.00000 -4.93400 0.06100 -5.85900 -5.05600 -0.64100 3.97700 -1.86200 -1.00700 0.50900 3.82500 2.96000 2.98100 4.87300 6.28700 3.12300 6.07300
76.00000 -4.44500 0.06100 -3.90600 -4.07900 -0.64100 3.00100 -0.39700 -0.03100 0.50900 2.84800 3.93700 3.95700 5.36100 6.28700 4.58800 7.05000
77.00000 -3.46900 2.01400 -1.95300 -3.10300 0.33600 3.97700 0.09200 -0.03100 0.99700 2.84800 5.40200 4.93400 6.82600 7.75100 6.54100 9.00300
78.00000 -1.51600 3.47900 -0.48800 -2.12600 1.80100 5.93100 0.09200 -0.03100 2.46200 4.80100 6.37800 5.42200 8.77900 10.19300 8.98200 11.44400
79.00000 -0.05100 4.45600 -0.97700 -1.14900 2.77700 7.88400 0.09200 -0.51900 3.92700 6.75500 6.86600 5.91000 10.24400 11.65800 9.95900 12.90900
80.00000 0.92600 4.94400 -2.44100 -1.14900 3.26500 8.86000 0.09200 -1.00700 4.90300 8.21900 6.86600 5.91000 10.73200 13.12300 10.44700 13.88500
81.00000 0.92600 4.94400 -3.41800 -1.63800 3.26500 9.34900 1.55600 -1.00700 4.41500 9.19600 6.86600 5.91000 10.24400 12.63400 10.93500 13.39700
82.00000 -0.05100 4.45600 -3.41800 -2.12600 3.26500 8.86000 3.02100 -0.51900 3.92700 8.70800 7.84300 6.88700 9.75500 11.65800 11.42400 12.90900
83.00000 -0.53900 4.45600 -2.44100 -2.61400 2.77700 9.34900 3.99800 -0.03100 3.92700 8.21900 8.82000 7.37500 8.77900 10.68100 11.91200 12.42100
84.00000 -0.53900 4.45600 -0.97700 -2.61400 3.26500 9.34900 3.02100 0.45800 3.43800 8.21900 9.30800 8.35200 8.29100 9.70500 11.91200 11.93200
85.00000 -1.02700 4.94400 -1.46500 -2.61400 3.75400 9.83700 1.06800 0.45800 3.43800 8.21900 8.82000 8.35200 8.29100 9.21600 11.42400 11.44400
86.00000 -1.51600 5.43200 -2.93000 -2.12600 4.24200 9.34900 -1.37300 -0.51900 3.43800 7.73100 7.35500 7.37500 8.29100 8.72800 9.95900 10.95600
87.00000 -2.00400 4.94400 -5.37100 -2.61400 4.24200 8.86000 -2.83800 -1.49500 3.92700 7.73100 5.89000 6.88700 8.29100 8.72800 8.98200 9.97900
88.00000 -2.49200 4.45600 -6.83600 -3.59100 3.75400 9.34900 -3.32600 -2.47200 3.92700 7.24300 4.91300 6.39900 7.80200 8.72800 8.49400 9.49100
89.00000 -3.46900 3.47900 -6.83600 -4.56700 3.75400 9.83700 -1.86200 -2.47200 3.92700 7.73100 4.91300 5.91000 7.80200 8.72800 8.00600 9.00300
90.00000 -2.98100 2.99100 -5.85900 -5.05600 3.26500 10.32500 -0.88500 -1.98400 3.92700 7.73100 4.91300 5.42200 7.31400 8.72800 7.51700 8.51400
91.00000 -2.49200 3.47900 -4.39500 -4.56700 3.26500 9.83700 -0.88500 -1.98400 3.43800 7.73100 3.44800 4.44500 6.33700 7.75100 6.05300 7.05000
92.00000 -1.51600 3.96700 -3.90600 -3.59100 3.75400 8.37200 -1.86200 -1.98400 2.95000 6.75500 1.49500 2.98100 4.87300 5.79800 3.12300 5.09600
93.00000 -0.53900 4.45600 -3.90600 -2.12600 4.73000 7.39500 -3.81500 -2.47200 2.46200 6.26600 -1.43400 1.02700 3.89600 4.33300 0.68200 3.14300
94.00000 -0.05100 5.43200 -3.41800 -1.14900 5.21900 8.37200 -4.79100 -2.47200 2.46200 6.75500 -3.38700 -0.43700 2.92000 3.84500 -1.76000 1.19000
95.00000 0.92600 6.40900 -2.44100 -0.17300 5.70700 10.81300 -5.28000 -3.44800 2.46200 7.73100 -4.36400 -0.92600 2.43100 3.84500 -2.24800 1.19000
96.00000 1.41400 7.38500 -1.46500 -0.17300 6.68300 13.25500 -4.79100 -3.44800 3.43800 9.19600 -4.36400 -0.92600 3.40800 4.33300 -1.76000 1.19000
97.00000 1.90200 7.38500 -1.46500 -0.17300 6.68300 14.23100 -3.81500 -3.93700 3.92700 10.17300 -4.36400 -0.92600 3.89600 4.82200 -1.27200 1.67800
98.00000 1.90200 7.38500 -2.44100 -0.17300 6.68300 13.25500 -3.32600 -3.44800 3.92700 10.17300 -3.87600 -0.43700 4.38400 4.82200 -0.78300 1.67800
99.00000 1.41400 6.40900 -3.90600 -0.17300 5.70700 10.81300 -3.32600 -3.44800 3.92700 8.70800 -3.87600 0.05100 4.38400 4.33300 -0.29500 1.67800
100.00000 -0.05100 5.43200 -5.37100 -0.66100 5.21900 8.86000 -3.81500 -3.44800 3.43800 7.24300 -3.38700 0.53900 4.38400 3.84500 -0.29500 1.67800
101.00000 -0.53900 4.94400 -5.85900 -1.63800 4.73000 8.37200 -4.30300 -3.44800 2.95000 6.75500 -2.89900 1.02700 4.38400 3.35700 0.68200 1.67800
102.00000 -0.05100 5.43200 -5.85900 -1.63800 4.73000 9.34900 -4.79100 -3.44800 2.95000 6.75500 -2.41100 1.02700 4.38400 3.35700 0.68200 1.67800
103.00000 0.92600 6.89700 -5.37100 -1.63800 5.70700 10.81300 -4.79100 -3.93700 3.43800 7.73100 -2.89900 0.05100 4.38400 3.84500 0.68200 1.67800
104.00000 2.39100 8.85000 -5.85900 -1.63800 7.17200 12.76700 -4.79100 -4.42500 3.92700 8.70800 -3.38700 -0.43700 4.38400 3.84500 0.68200 2.16700
105.00000 2.87900 10.31500 -5.85900 -1.14900 8.63600 13.25500 -4.79100 -4.91300 4.41500 9.19600 -4.36400 -1.41400 3.89600 4.33300 -0.29500 1.67800
106.00000 3.36700 10.80300 -4.88300 -0.66100 9.12500 13.25500 -5.76800 -3.93700 4.41500 8.70800 -4.36400 -1.90200 3.40800 3.84500 -0.78300 0.70200
107.00000 2.87900 10.80300 -2.93000 -1.14900 8.14800 13.25500 -6.25600 -3.93700 3.92700 8.70800 -4.36400 -1.90200 2.43100 3.35700 -1.27200 0.21400
108.00000 2.39100 9.82700 -1.46500 -1.63800 7.66000 12.27800 -6.74400 -3.44800 3.92700 8.70800 -3.38700 -1.90200 1.94300 2.86900 -1.27200 -0.76300
109.00000 1.41400 8.85000 -0.97700 -1.63800 6.68300 11.79000 -6.25600 -3.44800 3.43800 8.21900 -2.89900 -1.90200 1.45500 2.38000 -1.76000 -0.76300
110.00000 1.41400 8.85000 -0.97700 -1.14900 6.19500 11.30200 -4.79100 -3.44800 3.92700 8.21900 -2.41100 -1.90200 1.94300 1.89200 -1.76000 -0.76300
111.00000 2.39100 9.82700 -0.97700 -0.66100 6.68300 11.30200 -2.35000 -3.44800 3.92700 7.73100 -1.92300 -1.41400 2.43100 2.38000 -1.27200 0.21400
112.00000 3.36700 10.80300 -1.46500 0.31500 7.66000 12.27800 0.09200 -2.96000 4.41500 7.24300 -1.92300 -0.92600 3.40800 2.86900 -0.29500 1.19000
113.00000 5.32000 12.26800 -0.97700 0.80400 7.66000 12.76700 1.55600 -2.47200 3.92700 6.75500 -1.92300 -0.43700 3.40800 3.35700 0.19300 2.16700
114.00000 5.80900 12.26800 -0.97700 0.80400 7.17200 12.27800 2.04500 -1.00700 3.43800 6.26600 -1.43400 0.53900 3.40800 3.35700 0.68200 2.16700
115.00000 4.83200 11.29200 -0.97700 0.80400 6.19500 10.81300 1.55600 -0.03100 2.46200 5.77800 -1.43400 1.02700 2.92000 3.35700 0.68200 2.16700
116.00000 2.87900 9.33800 -0.48800 0.31500 4.73000 8.86000 1.06800 0.45800 2.46200 5.77800 -0.94600 1.02700 2.92000 3.35700 0.19300 1.67800
117.00000 1.41400 7.87400 0.48800 0.31500 4.24200 7.88400 2.04500 0.94600 2.46200 6.26600 -0.45800 1.51600 3.40800 3.35700 0.19300 1.67800
118.00000 1.41400 6.89700 2.44100 0.80400 3.75400 7.88400 3.51000 1.92300 2.46200 7.24300 0.03100 2.00400 3.40800 3.84500 0.19300 2.16700
119.00000 2.87900 6.89700 4.39500 1.29200 3.26500 8.37200 4.97400 1.92300 2.46200 7.24300 0.51900 2.49200 3.89600 4.33300 0.68200 2.65500
120.00000 3.85500 6.89700 5.37100 1.78000 3.26500 8.37200 5.46300 1.92300 1.97300 7.24300 1.00700 2.49200 3.89600 4.33300 0.68200 2.65500
121.00000 4.34400 6.40900 4.88300 1.78000 2.28900 7.39500 4.48600 1.43400 0.99700 6.75500 1.00700 2.49200 3.40800 3.84500 0.68200 2.16700
122.00000 2.87900 5.92000 3.41800 1.29200 1.31200 6.41900 3.51000 1.43400 0.50900 5.77800 1.00700 2.49200 2.92000 3.35700 0.19300 1.19000
123.00000 1.90200 5.43200 1.95300 0.80400 0.82400 5.93100 2.04500 1.92300 0.99700 5.77800 1.00700 2.49200 2.92000 2.86900 -0.29500 0.70200
124.00000 0.92600 5.43200 0.97700 0.31500 1.31200 6.41900 2.04500 1.92300 1.48500 6.26600 0.51900 2.00400 3.40800 2.86900 -0.29500 0.70200
125.00000 1.90200 6.40900 1.46500 0.80400 2.28900 7.88400 2.53300 1.92300 2.46200 6.75500 0.51900 1.51600 3.40800 3.35700 -0.78300 0.70200
126.00000 3.36700 7.38500 2.44100 0.80400 3.75400 9.34900 3.51000 0.94600 2.95000 7.24300 -0.45800 0.53900 3.40800 3.84500 -0.78300 1.19000
127.00000 4.83200 7.87400 2.93000 1.29200 4.73000 10.32500 3.99800 -0.03100 2.95000 6.75500 -0.94600 -0.92600 2.92000 3.84500 -1.76000 1.19000
128.00000 4.34400 7.87400 3.90600 1.29200 4.73000 9.83700 3.99800 -1.00700 2.95000 6.75500 -0.94600 -1.41400 2.43100 3.35700 -1.76000 1.19000
129.00000 1.90200 5.92000 3.90600 0.80400 4.73000 8.37200 3.51000 -1.00700 2.46200 6.26600 -0.94600 -1.41400 2.43100 2.86900 -1.76000 1.19000
130.00000 -0.53900 4.45600 3.41800 0.31500 3.75400 6.41900 2.53300 -1.00700 2.46200 5.77800 0.03100 -0.92600 2.43100 2.38000 -1.27200 1.19000
131.00000 -1.51600 3.47900 2.44100 -0.17300 2.77700 5.93100 2.04500 -0.03100 2.95000 5.77800 0.51900 -0.43700 2.92000 2.38000 -0.29500 1.19000
132.00000 -0.53900 3.47900 1.46500 0.31500 3.26500 5.93100 2.04500 0.45800 3.43800 5.29000 1.00700 0.05100 3.40800 2.38000 0.19300 1.67800
133.00000 1.41400 4.94400 0.97700 1.29200 3.75400 7.88400 2.53300 0.45800 3.43800 5.29000 0.51900 0.05100 3.89600 2.86900 0.68200 2.65500
134.00000 3.36700 6.40900 1.46500 1.78000 4.73000 9.83700 3.51000 -0.03100 3.43800 6.26600 0.51900 0.05100 3.40800 2.86900 1.17000 2.65500
135.00000 3.85500 6.89700 2.93000 1.78000 5.21900 10.32500 3.51000 -1.00700 3.43800 5.29000 0.03100 -0.43700 2.92000 2.38000 1.17000 2.16700
136.00000 2.87900 6.40900 3.41800 1.29200 5.21900 8.86000 3.02100 -0.51900 2.46200 4.80100 0.03100 0.05100 1.94300 1.40400 0.68200 1.19000
137.00000 1.41400 4.94400 3.41800 0.80400 4.73000 7.88400 2.04500 -0.03100 1.97300 4.31300 0.03100 0.53900 0.96600 0.42700 0.19300 0.70200
138.00000 0.43700 3.96700 2.93000 1.29200 4.24200 6.41900 1.55600 1.43400 1.48500 3.33700 0.51900 1.51600 0.47800 -0.54900 0.19300 0.21400
139.00000 1.41400 4.45600 2.93000 1.78000 4.24200 6.41900 2.04500 2.41100 1.97300 3.33700 1.49500 2.00400 0.47800 -0.06100 0.68200 0.21400
140.00000 1.90200 5.43200 3.90600 2.26800 4.73000 7.88400 3.99800 2.41100 2.95000 3.82500 2.47200 2.00400 1.45500 0.42700 1.17000 0.70200
141.00000 2.39100 5.92000 4.39500 2.75700 5.21900 8.86000 5.95100 1.92300 3.92700 4.80100 3.44800 2.49200 1.94300 0.91600 2.14600 1.67800
142.00000 1.41400 5.92000 4.88300 1.78000 5.21900 8.86000 6.43900 1.43400 4.41500 5.77800 3.44800 2.00400 2.43100 1.89200 2.63500 2.16700
143.00000 0.43700 5.43200 3.90600 1.29200 4.73000 8.37200 5.95100 0.94600 4.41500 6.75500 2.96000 2.00400 2.92000 2.38000 3.12300 2.65500
144.00000 -0.53900 4.94400 1.95300 0.31500 4.73000 8.37200 3.99800 0.45800 4.41500 7.24300 1.98400 1.51600 3.40800 2.86900 2.63500 2.65500
145.00000 -0.05100 4.94400 0.00000 0.31500 5.21900 8.86000 1.55600 0.45800 4.41500 8.21900 1.00700 1.51600 4.38400 4.33300 2.63500 3.14300
146.00000 1.41400 6.40900 -1.46500 0.80400 6.68300 10.81300 0.58000 -0.03100 4.90300 8.70800 0.51900 1.02700 4.38400 5.31000 2.63500 4.12000
147.00000 2.39100 7.87400 -1.95300 1.78000 7.66000 12.27800 0.58000 -0.51900 4.90300 9.68400 1.00700 0.53900 4.38400 5.79800 2.63500 4.12000
148.00000 2.39100 7.87400 -1.46500 2.26800 8.63600 12.76700 1.55600 -1.00700 4.90300 9.68400 0.51900 -0.43700 3.40800 5.31000 2.14600 3.63200
149.00000 1.41400 7.87400 0.00000 1.78000 8.14800 12.27800 1.55600 -1.49500 4.41500 9.19600 0.03100 -0.92600 2.43100 4.33300 1.17000 2.16700
150.00000 2.39100 8.36200 2.44100 1.29200 7.66000 11.30200 1.06800 -1.49500 3.92700 8.21900 -0.94600 -0.92600 0.96600 2.38000 0.68200 1.19000
151.00000 4.34400 8.85000 4.39500 1.29200 7.17200 11.30200 0.09200 -1.00700 3.43800 7.73100 -1.92300 -1.41400 0.47800 1.89200 0.19300 0.21400
152.00000 7.27300 10.31500 6.34800 2.75700 7.17200 12.27800 -0.39700 -0.03100 3.92700 7.73100 -1.43400 -1.41400 0.47800 1.89200 0.19300 0.70200
153.00000 9.71500 12.26800 7.32400 4.22200 7.66000 13.74300 0.58000 0.45800 4.41500 8.21900 -0.45800 -0.92600 0.47800 2.86900 1.17000 1.19000
154.00000 10.20300 12.75600 7.32400 5.68600 8.14800 14.23100 2.53300 0.94600 4.90300 8.70800 1.00700 -0.92600 1.45500 3.35700 2.14600 2.16700
155.00000 8.73800 12.26800 6.83600 5.19800 8.14800 14.23100 4.97400 0.94600 5.39100 9.19600 1.98400 -1.41400 1.45500 3.84500 2.63500 2.65500
156.00000 6.29700 10.80300 6.34800 3.73300 7.66000 13.25500 6.43900 0.94600 4.90300 9.68400 2.96000 -1.41400 1.45500 4.33300 3.12300 3.14300
157.00000 3.85500 8.85000 5.85900 2.26800 6.19500 12.76700 6.92700 0.45800 4.41500 9.68400 2.47200 -0.92600 1.45500 3.84500 3.12300 3.63200
158.00000 3.36700 7.87400 5.37100 0.80400 5.70700 11.30200 6.43900 0.45800 4.41500 9.68400 2.47200 -0.43700 1.94300 4.33300 3.61100 4.60800
159.00000 4.34400 7.87400 4.88300 0.80400 5.21900 11.79000 5.46300 0.94600 4.41500 9.19600 2.96000 0.53900 1.94300 4.82200 4.58800 5.09600
160.00000 5.80900 9.33800 5.37100 1.78000 6.19500 12.76700 4.48600 0.94600 4.41500 9.19600 3.44800 1.02700 1.94300 4.82200 5.07600 5.09600
161.00000 7.27300 10.80300 5.37100 3.24500 7.17200 13.74300 3.51000 0.94600 4.41500 8.70800 3.44800 1.02700 1.45500 4.33300 5.07600 4.60800
162.00000 8.25000 12.75600 5.85900 3.73300 8.14800 14.72000 3.02100 0.94600 3.92700 8.21900 2.96000 1.02700 0.47800 3.35700 4.58800 3.63200
163.00000 8.25000 13.24500 4.88300 3.73300 8.14800 15.20800 2.53300 1.43400 2.95000 8.21900 2.47200 1.51600 -0.49800 2.38000 4.58800 2.65500
164.00000 7.27300 12.75600 3.41800 2.75700 7.66000 14.23100 2.53300 1.92300 2.46200 7.73100 2.96000 2.00400 -0.98700 1.89200 4.58800 3.14300
165.00000 5.32000 10.80300 0.48800 1.29200 6.19500 12.76700 3.02100 2.89900 2.46200 7.24300 3.44800 3.46900 -0.49800 1.89200 5.56400 3.63200
166.00000 2.87900 8.36200 -1.46500 0.31500 4.73000 10.81300 2.53300 2.41100 2.95000 6.75500 3.93700 3.95700 0.47800 2.38000 5.56400 4.12000
167.00000 0.92600 6.89700 -2.44100 -1.14900 3.75400 9.34900 2.04500 1.43400 2.95000 5.77800 3.44800 2.98100 0.96600 1.89200 4.58800 3.63200
168.00000 0.43700 6.89700 -1.46500 -1.14900 3.75400 9.34900 1.55600 -0.03100 3.43800 5.29000 1.98400 1.02700 1.45500 1.40400 2.63500 2.16700
169.00000 2.39100 8.36200 0.48800 -1.14900 4.73000 10.32500 1.06800 -1.98400 3.92700 5.77800 -0.45800 -0.92600 0.96600 0.91600 0.68200 1.19000
170.00000 5.32000 10.80300 2.44100 -0.17300 6.19500 13.25500 1.55600 -2.47200 3.92700 7.24300 -1.43400 -2.39100 0.47800 0.91600 -0.29500 0.70200
171.00000 7.76200 13.24500 3.90600 0.80400 7.66000 15.69600 2.04500 -1.49500 4.41500 8.70800 -1.92300 -1.90200 0.47800 1.89200 0.19300 1.67800
172.00000 8.73800 14.70900 4.39500 1.78000 9.12500 18.13800 2.53300 -0.03100 4.41500 10.66100 -0.45800 -0.43700 0.47800 2.86900 1.65800 3.14300
173.00000 8.73800 15.19800 4.88300 2.75700 9.61300 18.62600 3.02100 1.43400 4.41500 11.63700 1.00700 1.02700 1.45500 4.33300 3.12300 4.12000
174.00000 7.27300 15.19800 3.90600 2.75700 9.61300 18.13800 3.02100 1.43400 4.41500 11.14900 1.98400 1.02700 1.45500 4.82200 3.61100 4.12000
175.00000 6.78500 14.22100 3.41800 2.75700 8.63600 17.16100 3.02100 0.94600 3.92700 10.17300 1.49500 0.53900 1.45500 3.84500 3.12300 3.63200
176.00000 6.78500 13.73300 2.44100 2.26800 7.66000 16.18400 3.02100 0.45800 3.43800 8.70800 0.51900 0.05100 0.47800 2.38000 2.14600 1.67800
177.00000 6.78500 12.75600 2.44100 1.78000 7.17200 15.20800 2.53300 -0.51900 3.43800 7.24300 0.03100 -0.43700 -0.49800 1.40400 1.17000 0.70200
178.00000 5.80900 11.78000 2.44100 1.29200 6.68300 14.23100 2.04500 -0.51900 3.43800 6.75500 0.03100 -0.43700 -0.98700 0.42700 0.19300 -0.27500
179.00000 4.34400 11.29200 2.93000 0.80400 6.68300 13.25500 1.06800 -0.51900 3.43800 5.77800 -0.45800 0.05100 -0.49800 -0.54900 -0.29500 -1.25100
180.00000 2.87900 10.80300 2.44100 0.80400 6.19500 12.27800 0.09200 -0.51900 3.43800 5.29000 -0.94600 -0.43700 -0.98700 -1.03800 -1.76000 -2.22800
181.00000 2.39100 9.82700 0.97700 0.31500 6.19500 11.79000 -1.37300 -0.51900 3.43800 4.80100 -2.41100 -1.41400 -0.98700 -2.50200 -2.73600 -3.20400
182.00000 2.39100 9.33800 -0.97700 0.31500 5.70700 10.81300 -2.83800 -1.00700 2.95000 4.31300 -3.87600 -2.39100 -1.47500 -3.47900 -3.71300 -4.18100
183.00000 2.87900 7.87400 -3.41800 -0.17300 4.73000 10.32500 -4.30300 -1.49500 1.97300 3.33700 -4.85200 -2.87900 -1.96300 -4.45600 -4.20100 -4.66900
184.00000 2.87900 6.89700 -4.39500 -0.17300 3.75400 9.34900 -3.81500 -1.00700 0.50900 2.36000 -4.36400 -2.39100 -1.96300 -4.45600 -3.71300 -4.66900
185.00000 2.39100 5.92000 -3.41800 0.31500 2.77700 7.88400 -2.83800 -0.51900 -0.46800 1.38300 -3.38700 -1.41400 -1.47500 -3.47900 -3.22500 -3.20400
186.00000 2.39100 5.43200 -1.46500 0.80400 2.28900 6.90700 -0.39700 0.45800 -0.95600 1.38300 -2.41100 -0.92600 -0.49800 -2.01400 -2.73600 -2.22800
187.00000 2.87900 6.40900 1.46500 2.26800 2.77700 7.39500 1.55600 0.45800 0.02000 2.36000 -2.41100 -0.92600 0.47800 -0.06100 -2.24800 -0.76300
188.00000 4.34400 8.85000 3.41800 3.24500 4.24200 9.34900 3.02100 0.45800 1.48500 4.31300 -1.92300 -1.41400 1.45500 1.40400 -1.27200 0.70200
189.00000 6.29700 11.29200 4.88300 4.22200 6.68300 12.76700 3.02100 -0.03100 3.43800 7.24300 -1.92300 -1.41400 1.94300 2.38000 -0.29500 1.67800
190.00000 7.76200 13.24500 4.39500 4.71000 9.12500 15.69600 1.55600 -0.03100 4.90300 9.19600 -1.92300 -1.41400 1.94300 2.86900 0.68200 2.16700
191.00000 7.76200 13.73300 2.93000 4.22200 10.10100 17.16100 0.58000 -1.00700 5.39100 9.68400 -1.43400 -1.41400 1.94300 2.38000 1.17000 1.67800
192.00000 6.29700 12.75600 0.97700 3.24500 9.61300 15.20800 -1.37300 -1.49500 4.90300 8.70800 -1.92300 -1.90200 1.45500 1.89200 0.19300 0.70200
193.00000 3.85500 10.31500 -0.48800 2.26800 8.14800 11.79000 -2.35000 -1.98400 3.92700 6.75500 -2.89900 -2.39100 0.96600 0.42700 -1.76000 -0.27500
194.00000 1.90200 7.87400 -1.46500 0.80400 6.19500 8.37200 -3.81500 -2.47200 2.95000 4.31300 -4.36400 -3.36700 0.47800 -0.54900 -2.73600 -1.74000
195.00000 1.41400 6.89700 -0.48800 0.31500 4.73000 6.90700 -4.30300 -2.47200 2.46200 2.84800 -4.85200 -3.36700 -0.01000 -1.03800 -2.73600 -1.74000
196.00000 1.41400 6.89700 0.97700 0.31500 4.73000 8.37200 -4.30300 -1.49500 2.46200 3.33700 -4.85200 -2.87900 0.47800 -0.54900 -1.76000 -0.76300
197.00000 2.39100 8.36200 1.95300 0.80400 5.70700 11.30200 -3.32600 -1.00700 3.43800 4.80100 -3.38700 -1.90200 1.45500 0.91600 -0.78300 0.70200
198.00000 3.85500 9.33800 1.95300 1.78000 7.17200 13.74300 -1.37300 -1.00700 4.41500 6.75500 -1.92300 -1.41400 2.43100 2.38000 -0.29500 1.19000
199.00000 4.83200 10.31500 1.46500 1.78000 7.66000 13.74300 0.09200 -1.49500 4.90300 7.24300 -1.92300 -1.90200 2.43100 2.38000 -1.27200 0.70200
200.00000 4.83200 9.82700 0.97700 1.29200 7.17200 11.79000 1.55600 -1.98400 3.92700 6.26600 -3.38700 -2.39100 1.45500 0.91600 -3.71300 -1.74000
201.00000 3.85500 8.36200 0.97700 0.80400 5.21900 8.86000 2.04500 -2.47200 2.95000 3.33700 -4.36400 -3.36700 -0.01000 -2.01400 -5.17800 -4.18100
202.00000 2.39100 6.40900 1.95300 0.31500 3.26500 5.93100 3.02100 -1.00700 0.99700 -0.57000 -3.87600 -2.87900 -0.98700 -4.94400 -4.69000 -5.15700
203.00000 1.41400 4.94400 3.41800 0.80400 1.80100 3.48900 3.99800 0.45800 -0.46800 -3.98800 -0.45800 -0.92600 -1.47500 -6.89700 -2.24800 -4.66900
204.00000 0.92600 3.47900 4.88300 2.26800 0.82400 2.02400 5.46300 2.41100 -1.44400 -5.45200 4.91300 1.51600 -1.47500 -6.89700 2.63500 -1.74000
205.00000 1.41400 3.47900 6.34800 3.24500 0.82400 1.53600 7.41600 3.38700 -0.95600 -5.45200 10.77300 3.95700 -0.01000 -4.45600 8.49400 2.65500
206.00000 2.39100 3.47900 6.34800 3.73300 1.80100 1.04800 8.39200 3.87600 -0.46800 -3.98800 14.19100 5.42200 1.94300 -1.03800 12.88900 7.05000
207.00000 2.87900 3.96700 4.88300 2.75700 2.77700 2.51300 7.41600 2.41100 0.02000 -1.05800 13.70200 5.91000 3.89600 3.35700 15.33000 10.95600
208.00000 1.90200 4.45600 1.95300 1.29200 3.26500 4.46600 3.99800 0.45800 1.48500 2.36000 10.28400 4.44500 5.36100 7.26300 14.84200 13.39700
209.00000 -0.05100 4.94400 -1.95300 -0.66100 4.24200 7.39500 -0.88500 -1.49500 2.95000 6.26600 4.42500 2.49200 6.33700 10.19300 11.42400 13.88500
210.00000 -1.51600 4.94400 -5.37100 -2.12600 5.21900 10.32500 -5.76800 -3.93700 4.41500 8.70800 -1.43400 0.05100 6.33700 11.16900 6.54100 12.42100
211.00000 -2.49200 5.43200 -7.32400 -2.61400 6.19500 10.81300 -9.67400 -5.40200 4.90300 9.68400 -5.82900 -2.39100 5.84900 10.19300 2.14600 9.49100
212.00000 -2.00400 4.94400 -8.30100 -2.12600 5.70700 10.32500 -10.65100 -5.40200 4.90300 8.70800 -7.29400 -2.87900 4.38400 7.75100 -0.78300 6.07300
213.00000 -1.51600 4.45600 -7.32400 -1.63800 4.73000 7.88400 -9.18600 -4.42500 4.41500 5.29000 -5.82900 -2.39100 2.92000 4.82200 -1.27200 3.14300
214.00000 -0.53900 3.47900 -5.37100 -0.66100 3.26500 5.93100 -5.76800 -2.96000 3.43800 2.36000 -3.38700 -1.41400 1.94300 1.89200 -0.29500 1.67800
215.00000 -0.05100 2.99100 -2.93000 -0.17300 2.28900 4.95400 -1.86200 -1.49500 2.46200 0.89500 -1.43400 0.05100 1.94300 0.91600 1.17000 1.67800
216.00000 1.41400 3.96700 0.00000 0.31500 2.77700 6.41900 1.06800 -0.03100 2.95000 1.38300 0.51900 1.02700 2.43100 1.40400 2.63500 3.14300
217.00000 3.36700 6.89700 2.93000 1.29200 4.73000 9.83700 2.04500 0.45800 3.92700 4.31300 1.49500 1.51600 3.89600 3.84500 3.61100 5.09600
218.00000 5.80900 10.31500 5.85900 2.26800 7.17200 13.25500 2.04500 -0.03100 5.39100 8.21900 2.96000 2.00400 4.87300 6.28700 4.58800 7.05000
219.00000 7.27300 12.26800 6.34800 2.75700 8.63600 15.20800 1.55600 -0.03100 5.88000 9.68400 3.93700 2.98100 5.84900 7.75100 5.07600 7.53800
220.00000 6.78500 11.78000 4.88300 2.75700 8.14800 14.23100 1.55600 -0.03100 4.90300 9.19600 4.42500 2.98100 5.84900 7.75100 5.56400 7.05000
221.00000 4.34400 8.85000 2.44100 1.78000 5.70700 11.30200 1.55600 -0.51900 3.43800 7.24300 3.93700 2.98100 4.87300 6.28700 4.58800 6.07300
222.00000 2.39100 5.43200 0.48800 1.29200 2.77700 7.88400 1.55600 -0.03100 1.97300 3.82500 2.47200 2.00400 3.40800 4.33300 3.12300 4.12000
223.00000 0.92600 3.47900 -0.48800 0.80400 1.31200 5.44200 0.58000 -0.03100 1.48500 1.87200 0.51900 0.53900 2.43100 2.38000 0.68200 2.16700
224.00000 0.43700 3.47900 0.00000 1.29200 1.80100 4.95400 -0.88500 -0.51900 1.97300 1.38300 -1.92300 -0.92600 1.45500 1.89200 -1.27200 1.19000
225.00000 0.92600 4.94400 0.00000 1.29200 2.77700 4.95400 -2.35000 -0.03100 2.95000 1.87200 -3.38700 -1.41400 1.45500 1.40400 -2.24800 0.70200
226.00000 -0.05100 5.43200 -0.48800 0.80400 3.26500 4.46600 -3.81500 -0.51900 2.95000 1.87200 -3.38700 -1.41400 1.45500 0.91600 -2.24800 0.21400
227.00000 -1.02700 4.45600 -1.95300 -0.17300 2.77700 3.00100 -3.81500 -1.00700 2.46200 0.89500 -3.38700 -1.41400 1.45500 0.91600 -1.76000 0.21400
228.00000 -2.49200 2.99100 -3.41800 -1.14900 1.31200 2.02400 -4.30300 -1.49500 0.99700 0.40700 -2.41100 -0.92600 0.96600 -0.06100 -1.27200 0.21400
229.00000 -2.98100 2.01400 -3.90600 -2.12600 0.82400 2.51300 -3.32600 -2.47200 -0.46800 0.40700 -1.92300 -0.92600 -0.01000 -0.54900 -1.76000 -0.27500
230.00000 -2.00400 2.99100 -3.90600 -2.12600 1.31200 4.46600 -2.35000 -2.47200 -0.46800 0.40700 -1.43400 -0.92600 -0.01000 -0.54900 -1.76000 0.21400
231.00000 -0.53900 4.94400 -4.39500 -1.63800 2.28900 6.41900 -1.37300 -2.47200 -0.95600 0.89500 -0.94600 -0.43700 0.47800 0.42700 -1.76000 0.21400
232.00000 0.43700 5.92000 -4.88300 -1.14900 2.77700 6.90700 -1.86200 -1.98400 -0.95600 0.89500 -0.94600 -0.43700 0.96600 0.91600 -0.78300 1.19000
233.00000 -0.05100 4.94400 -5.37100 -1.14900 2.28900 4.46600 -2.83800 -1.49500 -0.95600 -0.08100 -0.45800 -0.43700 0.96600 1.40400 -0.29500 1.67800
234.00000 -1.51600 2.50200 -4.88300 -1.63800 0.82400 1.53600 -3.32600 -1.00700 -1.44400 -1.54600 -0.45800 0.05100 1.45500 1.40400 0.68200 2.16700
235.00000 -2.00400 0.54900 -2.93000 -1.63800 -0.64100 -0.90500 -2.35000 -0.51900 -0.95600 -1.05800 0.51900 0.05100 1.45500 0.91600 1.17000 2.16700
236.00000 -1.51600 1.03800 -0.97700 -1.63800 -0.15300 0.07100 -0.39700 -0.03100 0.02000 -0.08100 1.49500 0.53900 1.94300 0.91600 1.65800 2.16700
237.00000 -0.05100 2.99100 0.97700 -0.66100 1.31200 3.48900 2.04500 0.45800 1.97300 1.87200 2.47200 1.02700 2.43100 1.89200 2.14600 3.63200
238.00000 1.90200 5.92000 1.95300 -0.17300 3.26500 6.90700 3.99800 0.45800 2.95000 4.31300 2.96000 1.51600 2.92000 3.84500 3.12300 5.09600
239.00000 3.36700 7.87400 2.44100 0.31500 4.73000 8.86000 3.99800 -0.03100 3.92700 5.29000 2.96000 1.51600 3.89600 5.79800 3.61100 6.07300
240.00000 3.36700 7.87400 2.44100 0.31500 4.73000 8.37200 3.02100 -1.00700 3.43800 5.29000 2.96000 0.53900 3.89600 6.28700 3.61100 6.07300
241.00000 2.39100 6.40900 2.44100 -0.17300 3.75400 5.93100 1.55600 -1.98400 2.46200 4.31300 1.98400 0.05100 3.40800 5.31000 3.12300 5.58500
242.00000 1.41400 4.94400 2.44100 -0.17300 3.26500 4.95400 1.06800 -1.98400 1.97300 3.33700 1.98400 -0.43700 2.43100 4.33300 2.14600 4.12000
243.00000 1.41400 4.94400 2.44100 0.31500 2.77700 4.95400 2.04500 -1.98400 0.99700 2.84800 1.98400 0.05100 1.94300 2.86900 1.65800 3.14300
244.00000 1.90200 5.43200 2.44100 1.29200 3.75400 6.41900 4.48600 -0.51900 1.48500 3.82500 3.44800 1.02700 1.45500 2.86900 3.12300 3.14300
245.00000 2.87900 6.89700 2.44100 2.26800 4.73000 7.88400 6.43900 0.45800 1.97300 4.80100 5.89000 2.98100 1.94300 3.84500 5.07600 5.09600
246.00000 3.36700 7.38500 2.44100 2.26800 4.73000 8.86000 7.41600 1.92300 2.46200 6.26600 8.33100 4.93400 3.40800 5.79800 8.00600 7.53800
247.00000 3.36700 7.87400 2.44100 2.26800 4.24200 7.39500 6.92700 2.89900 1.97300 6.26600 10.28400 6.88700 4.87300 7.75100 10.44700 9.49100
248.00000 3.36700 6.89700 2.93000 1.78000 3.26500 5.93100 5.95100 2.89900 1.97300 5.29000 10.28400 7.37500 5.36100 8.24000 10.44700 9.49100
249.00000 3.36700 6.40900 2.44100 1.29200 2.28900 4.95400 4.48600 2.89900 1.48500 3.82500 8.82000 6.39900 5.36100 6.77500 8.98200 8.51400
250.00000 3.36700 5.92000 2.44100 0.31500 2.28900 4.95400 3.51000 2.41100 1.97300 2.36000 6.37800 5.42200 4.87300 4.82200 7.02900 6.56100
251.00000 3.36700 5.92000 1.95300 0.31500 2.77700 5.93100 3.51000 1.43400 2.46200 2.36000 4.42500 4.44500 4.87300 3.35700 5.56400 5.09600
252.00000 3.36700 6.40900 1.95300 0.31500 3.26500 6.90700 3.51000 0.94600 3.43800 2.84800 3.93700 4.44500 4.87300 3.35700 6.05300 5.58500
253.00000 2.39100 6.40900 0.97700 -0.17300 3.26500 7.39500 3.51000 0.94600 3.92700 4.31300 4.42500 4.93400 6.33700 4.82200 8.00600 8.02600
254.00000 1.90200 6.40900 0.00000 -0.66100 3.75400 7.88400 2.53300 0.45800 4.41500 5.77800 5.89000 4.93400 7.31400 6.28700 9.47100 9.49100
255.00000 0.92600 5.92000 -0.97700 -0.66100 3.26500 7.39500 1.55600 0.45800 4.41500 6.26600 5.89000 4.44500 7.80200 7.26300 9.95900 9.97900
256.00000 0.43700 5.92000 -0.97700 -0.66100 3.26500 7.39500 1.06800 -0.03100 4.41500 6.26600 4.91300 3.46900 6.82600 6.77500 8.98200 9.00300
