1.00000 -7.03900 -5.17800 -14.36400 -9.22600 -5.58500 3.17400 -5.13700 -3.56000 3.17400 -2.76700 -1.56700 1.11900 8.14800 6.52100 2.30900 8.11800
2.00000 -3.13300 -3.22500 -6.55100 -6.29700 -4.12000 1.70900 -1.23100 -1.11900 0.73200 0.16300 0.38700 3.07200 6.19500 6.03200 3.77400 9.09400
3.00000 0.77300 -1.27200 8.09700 -3.36700 -1.19000 -6.59200 2.67500 2.29900 -0.73200 4.06900 3.31600 4.53700 5.21900 4.56700 5.72700 9.58300
4.00000 3.70300 1.17000 19.81600 -1.90200 1.74000 -12.93900 5.11700 3.27600 -0.24400 5.53400 5.26900 5.51400 5.21900 3.59100 8.16900 10.07100
5.00000 5.16800 3.61100 21.28100 -1.90200 2.71600 -12.93900 4.62800 1.32200 0.73200 4.06900 6.73400 5.51400 5.70700 4.07900 10.61000 10.55900
6.00000 5.65600 5.56400 12.49200 -1.90200 2.71600 -6.59200 2.67500 -1.11900 1.70900 0.16300 7.22200 5.51400 5.70700 4.56700 12.07500 10.07100
7.00000 6.14400 7.51700 0.28500 -0.43700 1.74000 -0.73200 1.21100 -2.58400 1.22100 -3.25500 7.22200 5.51400 4.24200 4.56700 11.09800 8.60600
8.00000 6.63200 8.00600 -5.57500 2.49200 1.74000 1.22100 1.69900 -0.63100 -0.73200 -3.74300 6.24600 5.02500 1.31200 2.61400 8.65700 5.67600
9.00000 8.09700 8.00600 -1.18000 6.39900 1.74000 -0.73200 5.11700 3.76400 -3.17400 -2.27900 6.24600 4.53700 -1.61700 0.17300 6.21500 3.23500
10.00000 10.05000 8.00600 8.58600 8.84000 1.74000 -0.24400 9.02300 8.15800 -5.61500 1.13900 5.75800 4.53700 -3.57100 -1.29200 5.23900 2.25800
11.00000 12.00400 8.49400 15.91000 8.84000 1.74000 4.63900 11.95300 9.62300 -6.10400 3.09200 6.24600 4.04900 -3.57100 -1.29200 5.72700 2.74700
12.00000 12.98000 9.47100 15.91000 6.88700 2.71600 10.98600 11.46400 7.67000 -4.63900 2.60400 5.75800 3.07200 -3.08200 -0.31500 6.21500 3.72300
13.00000 12.49200 9.95900 10.05000 4.44500 4.18100 13.91600 8.53500 3.76400 -2.19700 0.16300 5.26900 1.60700 -2.59400 0.17300 5.72700 4.21100
14.00000 10.53900 9.47100 3.21500 2.98100 6.62200 10.01000 4.14000 0.83400 -0.24400 -2.27900 3.31600 -0.34600 -3.08200 -0.80400 3.77400 2.74700
15.00000 7.60900 8.00600 -0.69200 2.49200 8.57500 2.19700 0.23400 0.34600 0.73200 -3.25500 0.87500 -1.32200 -4.54700 -2.75700 0.35600 -0.18300
16.00000 5.65600 6.54100 -1.66800 3.95700 9.06400 -3.66200 -2.20700 1.81100 0.73200 -1.30200 -1.56700 -2.29900 -6.01200 -4.22200 -3.55000 -2.62500
17.00000 3.70300 5.56400 -2.15700 4.44500 7.59900 -3.17400 -3.67200 2.78700 -0.73200 2.60400 -4.49600 -2.78700 -6.01200 -5.19800 -5.99200 -3.60100
18.00000 3.70300 4.58800 -3.62100 3.46900 4.66900 2.19700 -4.64900 3.27600 -1.22100 6.02200 -5.96100 -2.29900 -5.03500 -4.71000 -6.96800 -3.60100
19.00000 3.70300 4.58800 -5.57500 1.02700 1.25100 8.54500 -4.16100 2.29900 -1.70900 6.51000 -5.96100 -2.29900 -3.08200 -3.73300 -5.99200 -2.62500
20.00000 3.70300 3.12300 -4.59800 -1.90200 -1.67800 9.52100 -3.18400 0.83400 -1.70900 4.55700 -4.98500 -1.32200 -0.64100 -2.75700 -4.52700 -0.67100
21.00000 3.21500 1.65800 -0.69200 -4.83200 -2.65500 6.59200 -0.25400 -0.14200 -1.22100 1.62800 -3.52000 -0.34600 0.82400 -1.78000 -2.57400 1.28200
22.00000 1.26100 -0.29500 3.21500 -6.29700 -2.16700 1.22100 2.18700 -1.11900 -0.24400 0.16300 -2.54300 0.63100 2.28900 -1.29200 -1.59700 2.74700
23.00000 -0.69200 -1.27200 3.70300 -7.27300 -0.21400 -2.68600 2.18700 -1.60700 1.70900 0.65100 -2.54300 0.63100 2.77700 -0.31500 -2.08500 3.23500
24.00000 -2.15700 -0.78300 -0.69200 -7.27300 2.22800 -3.66200 -0.74300 -2.58400 3.66200 1.62800 -4.00800 -0.34600 2.28900 0.17300 -3.55000 2.25800
25.00000 -2.15700 0.68200 -7.52800 -6.78500 4.18100 -2.68600 -5.13700 -3.56000 5.12700 1.13900 -5.96100 -2.29900 0.82400 -0.31500 -5.99200 -0.18300
26.00000 -1.18000 1.65800 -11.92200 -5.32000 3.69300 -1.70900 -9.04300 -4.04900 4.63900 -1.30200 -7.42600 -3.76400 -1.12900 -2.26800 -7.94500 -3.11300
27.00000 0.28500 1.65800 -11.43400 -3.85500 0.76300 -1.70900 -9.04300 -3.07200 2.19700 -3.74300 -7.91400 -4.74000 -3.08200 -4.71000 -9.41000 -5.55400
28.00000 1.26100 1.65800 -7.52800 -1.90200 -1.67800 -1.70900 -5.62500 -1.60700 -0.24400 -4.23200 -7.42600 -4.74000 -5.03500 -6.17500 -9.89800 -7.50700
29.00000 1.75000 1.65800 -2.64500 -0.43700 -1.67800 -0.73200 -0.74300 -1.11900 -1.22100 -2.27900 -6.44900 -4.74000 -6.50000 -5.68600 -9.41000 -7.99600
30.00000 2.23800 3.12300 -1.18000 -0.92600 0.27500 1.22100 2.67500 -0.63100 -0.73200 1.62800 -5.96100 -5.22900 -6.50000 -4.22200 -9.41000 -7.50700
31.00000 2.72600 5.07600 -3.13300 -1.41400 3.69300 3.66200 2.67500 -0.63100 1.70900 4.06900 -5.47300 -5.22900 -5.52400 -2.75700 -8.92100 -7.01900
32.00000 3.70300 7.02900 -6.06300 -2.39100 6.13400 5.61500 0.72200 -0.63100 4.15000 4.55700 -4.98500 -5.22900 -4.54700 -2.26800 -8.43300 -6.04200
33.00000 3.70300 8.00600 -6.55100 -2.87900 6.13400 6.59200 -1.23100 -0.14200 5.12700 2.60400 -4.49600 -4.25200 -4.05900 -2.26800 -7.94500 -5.06600
34.00000 4.19100 6.54100 -4.11000 -1.90200 4.18100 6.59200 -1.71900 1.32200 4.15000 -0.32600 -4.00800 -3.27600 -3.57100 -3.73300 -6.96800 -5.06600
35.00000 3.21500 4.58800 -0.69200 -0.43700 2.71600 6.10400 -0.25400 2.29900 2.68600 -1.79000 -3.52000 -3.27600 -4.54700 -4.71000 -6.96800 -5.06600
36.00000 3.21500 4.10000 1.26100 2.00400 3.20400 6.59200 1.69900 2.78700 1.22100 -1.30200 -3.52000 -2.78700 -5.52400 -5.68600 -6.96800 -6.04200
37.00000 4.19100 5.07600 0.28500 4.44500 5.64600 7.56800 2.67500 2.78700 0.73200 0.16300 -4.00800 -3.27600 -6.01200 -5.68600 -6.96800 -6.04200
38.00000 6.14400 8.00600 -1.66800 5.91000 9.06400 9.03300 1.69900 2.29900 0.24400 2.11600 -4.00800 -3.27600 -6.01200 -6.17500 -6.48000 -6.53100
39.00000 8.09700 11.42400 -2.64500 7.37500 10.52900 10.98600 0.72200 2.78700 -0.24400 3.58100 -3.52000 -2.29900 -6.01200 -6.66300 -5.50300 -6.53100
40.00000 9.07400 12.40000 -1.66800 7.86300 9.06400 11.96300 0.72200 3.27600 -1.22100 4.06900 -2.05500 -1.81100 -6.01200 -6.66300 -5.01500 -6.53100
41.00000 8.58600 10.93500 1.26100 6.88700 5.15700 11.47500 1.69900 4.74000 -2.68600 4.06900 -1.07800 -0.83400 -6.01200 -6.66300 -5.01500 -7.01900
42.00000 6.14400 7.51700 3.70300 5.91000 1.25100 10.49800 2.67500 5.71700 -3.66200 3.09200 -0.10200 -0.34600 -6.50000 -6.17500 -5.01500 -7.01900
43.00000 4.19100 3.61100 3.70300 4.93400 -1.67800 8.05700 2.67500 6.69400 -4.15000 2.60400 0.38700 -0.34600 -6.50000 -5.19800 -4.52700 -6.04200
44.00000 2.23800 1.17000 0.77300 3.95700 -2.65500 6.59200 1.69900 7.18200 -4.15000 1.62800 0.87500 0.14200 -6.01200 -4.22200 -2.57400 -5.06600
45.00000 1.26100 0.68200 -3.13300 3.46900 -3.14300 6.10400 0.23400 6.20500 -3.17400 1.62800 0.38700 0.63100 -5.52400 -3.24500 -1.59700 -4.08900
46.00000 0.28500 1.17000 -5.08600 2.49200 -2.16700 6.59200 -0.25400 4.74000 -1.70900 2.11600 -0.10200 0.63100 -4.54700 -2.26800 -1.10900 -3.11300
47.00000 -0.20300 1.65800 -3.62100 0.53900 -0.70200 7.08000 0.23400 1.81100 -0.24400 2.11600 -0.59000 0.14200 -3.57100 -1.29200 -2.08500 -2.62500
48.00000 -1.18000 0.68200 0.77300 -2.39100 -0.21400 6.10400 1.21100 -0.63100 0.73200 1.62800 -1.56700 -0.83400 -2.59400 -0.31500 -4.03800 -2.62500
49.00000 -2.64500 -1.76000 4.67900 -4.83200 0.27500 3.17400 2.67500 -2.09600 1.22100 0.65100 -2.54300 -0.83400 -2.10600 0.17300 -5.50300 -2.13600
50.00000 -4.59800 -4.69000 5.16800 -6.78500 -1.19000 -1.22100 2.18700 -2.09600 0.73200 -1.30200 -3.03100 -0.34600 -1.61700 -0.31500 -5.50300 -1.16000
51.00000 -7.52800 -7.13100 1.26100 -7.76200 -2.65500 -5.61500 -0.25400 -0.63100 0.24400 -3.25500 -3.52000 0.63100 -1.12900 -1.78000 -4.52700 -0.18300
52.00000 -10.45700 -8.59600 -6.55100 -7.76200 -4.60800 -8.05700 -4.16100 0.83400 -0.24400 -5.20800 -4.00800 1.11900 -1.61700 -3.24500 -3.55000 -0.18300
53.00000 -12.89900 -10.06100 -13.87500 -8.73800 -6.07300 -8.54500 -8.55500 0.34600 -0.73200 -7.65000 -4.49600 0.63100 -2.10600 -5.19800 -4.03800 -1.64800
54.00000 -14.85200 -11.03700 -17.78200 -9.22600 -6.07300 -7.56800 -11.48500 -0.14200 -0.73200 -10.09100 -5.47300 -0.34600 -3.57100 -6.66300 -5.99200 -3.11300
55.00000 -14.85200 -12.01400 -17.29300 -9.22600 -5.09600 -7.08000 -11.97300 -1.11900 -1.22100 -12.04400 -6.44900 -1.32200 -4.54700 -7.64000 -8.43300 -5.06600
56.00000 -13.38700 -12.01400 -13.87500 -7.76200 -4.12000 -7.56800 -9.53200 -1.11900 -2.19700 -13.50900 -6.93800 -1.81100 -5.52400 -8.61600 -10.38600 -6.04200
57.00000 -11.43400 -11.52500 -9.96900 -4.34400 -4.12000 -9.52100 -6.60200 0.34600 -3.66200 -13.99700 -6.93800 -1.32200 -6.50000 -9.59300 -11.85100 -6.53100
58.00000 -10.45700 -10.54900 -7.03900 -1.90200 -5.09600 -9.52100 -3.67200 1.81100 -5.12700 -13.02100 -6.44900 -1.32200 -8.45300 -10.56900 -12.33900 -7.01900
59.00000 -9.96900 -10.06100 -6.55100 -0.43700 -6.56100 -7.08000 -2.69600 2.78700 -6.10400 -12.04400 -5.96100 -1.81100 -9.43000 -11.05800 -12.82800 -7.99600
60.00000 -10.94600 -9.57200 -8.01600 -1.41400 -8.02600 -1.22100 -3.18400 2.29900 -6.10400 -9.60300 -6.93800 -3.27600 -10.40600 -10.56900 -12.82800 -7.99600
61.00000 -11.43400 -9.57200 -10.94600 -3.36700 -8.02600 4.15000 -5.13700 1.32200 -6.10400 -7.65000 -7.91400 -5.22900 -9.91800 -9.59300 -12.82800 -8.48400
62.00000 -9.96900 -8.10800 -13.38700 -3.85500 -6.07300 5.61500 -8.06700 0.83400 -5.61500 -5.69700 -9.37900 -6.20500 -8.94200 -8.12800 -12.82800 -7.99600
63.00000 -6.55100 -5.17800 -12.89900 -3.36700 -3.14300 2.68600 -11.48500 0.34600 -4.15000 -4.23200 -10.84400 -6.69400 -8.94200 -7.64000 -12.82800 -7.99600
64.00000 -2.15700 0.19300 -8.99300 -2.39100 0.76300 -1.70900 -13.92600 -0.63100 -2.68600 -3.25500 -11.82000 -6.69400 -8.94200 -7.64000 -13.31600 -7.99600
65.00000 1.75000 5.07600 -1.66800 -2.39100 4.18100 -4.63900 -14.41400 -2.09600 -0.73200 -3.25500 -11.33200 -5.71700 -8.94200 -8.12800 -13.80400 -7.50700
66.00000 1.75000 7.02900 5.16800 -4.34400 5.64600 -3.66200 -10.99700 -3.56000 1.22100 -4.72000 -9.37900 -4.25200 -7.96500 -8.12800 -13.31600 -7.01900
67.00000 -0.69200 4.58800 7.60900 -6.78500 5.15700 0.73200 -5.62500 -5.02500 2.19700 -5.69700 -6.93800 -2.78700 -6.01200 -6.66300 -11.36300 -5.55400
68.00000 -5.08600 -0.78300 3.21500 -8.73800 2.22800 5.61500 -0.25400 -5.02500 1.70900 -5.20800 -4.49600 -0.83400 -3.57100 -5.19800 -8.43300 -3.60100
69.00000 -8.99300 -6.15400 -4.11000 -7.76200 -0.70200 9.52100 3.16400 -3.07200 0.73200 -3.25500 -3.03100 0.63100 -1.61700 -3.73300 -5.99200 -1.16000
70.00000 -10.94600 -8.59600 -10.45700 -5.80900 -3.63200 11.47500 3.16400 -0.63100 -1.22100 -0.32600 -2.05500 1.60700 -0.64100 -2.75700 -4.03800 0.79300
71.00000 -10.94600 -8.59600 -11.43400 -4.34400 -5.09600 10.49800 0.72200 1.81100 -2.19700 0.65100 -1.56700 2.58400 -0.64100 -2.26800 -4.03800 1.28200
72.00000 -10.45700 -7.13100 -9.48100 -5.32000 -5.09600 5.12700 -2.20700 2.29900 -2.19700 -1.30200 -1.07800 3.56000 -1.61700 -2.26800 -4.52700 1.28200
73.00000 -10.45700 -6.64300 -8.01600 -7.76200 -5.09600 -3.17400 -2.69600 2.29900 -1.22100 -5.69700 -0.59000 4.04900 -2.59400 -2.26800 -5.50300 0.30500
74.00000 -11.43400 -7.61900 -9.48100 -10.20300 -5.09600 -10.49800 -1.71900 2.29900 -1.22100 -9.11500 -0.10200 4.53700 -3.57100 -2.75700 -6.48000 -0.67100
75.00000 -12.89900 -10.06100 -11.92200 -10.20300 -5.58500 -11.96300 0.72200 2.78700 -1.70900 -8.62600 0.87500 4.53700 -4.54700 -3.24500 -6.48000 -1.64800
76.00000 -12.89900 -10.54900 -12.41000 -8.25000 -6.56100 -5.12700 3.16400 4.25200 -2.68600 -4.72000 2.34000 5.51400 -4.54700 -2.75700 -4.52700 -1.16000
77.00000 -11.92200 -9.57200 -6.55100 -4.83200 -7.05000 5.12700 5.11700 5.22900 -4.15000 1.13900 5.26900 6.49000 -3.57100 -1.78000 -0.62100 1.28200
78.00000 -9.96900 -8.59600 2.23800 -2.87900 -7.05000 11.47500 7.07000 5.22900 -4.15000 4.06900 8.19900 8.93100 -1.61700 0.66100 4.26200 4.21100
79.00000 -8.50400 -9.08400 8.09700 -3.36700 -6.56100 9.03300 8.04600 4.25200 -3.17400 2.60400 10.64000 9.90800 0.82400 3.10300 8.16900 8.11800
80.00000 -8.99300 -11.03700 4.67900 -4.83200 -6.07300 -0.73200 7.07000 2.78700 -2.19700 -1.30200 10.15200 9.42000 1.80100 4.56700 9.14500 10.55900
81.00000 -11.92200 -13.96700 -6.55100 -5.80900 -5.58500 -10.49800 4.62800 1.81100 -1.70900 -4.23200 7.22200 6.97800 1.31200 4.07900 6.70400 10.55900
82.00000 -14.85200 -16.40800 -18.27000 -5.32000 -5.09600 -11.96300 0.23400 1.81100 -2.68600 -4.72000 1.85100 4.04900 -1.12900 1.63800 1.82100 8.11800
83.00000 -16.80500 -16.40800 -22.17600 -3.85500 -4.60800 -4.63900 -5.13700 2.29900 -4.15000 -2.27900 -4.49600 0.63100 -3.57100 -1.29200 -4.52700 3.23500
84.00000 -16.31700 -13.47900 -14.85200 -2.87900 -3.14300 7.08000 -9.04300 2.78700 -4.63900 -0.32600 -8.89100 -1.81100 -5.52400 -4.22200 -10.38600 -1.64800
85.00000 -13.38700 -9.57200 -2.15700 -3.85500 -2.16700 14.40400 -10.99700 1.81100 -4.15000 -0.32600 -11.82000 -3.27600 -6.50000 -6.17500 -15.26900 -6.04200
86.00000 -9.96900 -6.64300 7.60900 -5.80900 -0.70200 12.45100 -10.99700 0.34600 -2.19700 -2.27900 -13.28500 -3.76400 -6.50000 -6.66300 -18.19900 -8.48400
87.00000 -7.03900 -5.66600 7.12100 -6.78500 0.76300 3.66200 -10.02000 -1.60700 -0.73200 -3.25500 -13.28500 -4.25200 -6.98900 -6.66300 -19.17500 -9.46000
88.00000 -6.55100 -7.13100 -2.15700 -6.78500 0.76300 -6.10400 -8.55500 -2.58400 -0.24400 -3.25500 -12.79700 -5.22900 -7.47700 -7.15100 -19.17500 -9.46000
89.00000 -8.01600 -9.57200 -13.38700 -5.32000 -0.21400 -10.01000 -6.60200 -2.58400 -1.22100 -2.27900 -11.82000 -4.74000 -7.96500 -8.12800 -17.22200 -8.97200
90.00000 -10.94600 -12.01400 -18.75800 -4.34400 -2.65500 -6.10400 -4.16100 -2.09600 -3.17400 -2.76700 -10.35600 -4.25200 -7.96500 -8.61600 -15.26900 -8.48400
91.00000 -12.89900 -12.99000 -15.34000 -5.32000 -5.09600 1.70900 -1.71900 -2.58400 -5.12700 -5.69700 -8.89100 -3.27600 -7.47700 -9.10400 -13.31600 -7.99600
92.00000 -13.38700 -12.99000 -8.99300 -7.76200 -7.53800 7.56800 -1.23100 -3.07200 -5.61500 -10.09100 -7.42600 -2.29900 -6.50000 -8.12800 -11.85100 -7.01900
93.00000 -12.89900 -12.01400 -5.08600 -9.22600 -8.02600 8.54500 -2.69600 -3.56000 -5.12700 -12.53300 -7.91400 -2.29900 -5.52400 -7.15100 -11.85100 -5.55400
94.00000 -11.43400 -11.52500 -6.55100 -8.73800 -7.05000 3.17400 -6.11400 -3.56000 -4.63900 -11.55600 -8.89100 -2.78700 -5.03500 -6.66300 -12.82800 -4.57800
95.00000 -10.94600 -12.01400 -10.45700 -6.29700 -6.07300 -3.66200 -10.02000 -3.07200 -4.15000 -9.11500 -10.84400 -3.76400 -5.52400 -6.66300 -14.29200 -4.08900
96.00000 -10.45700 -12.99000 -12.41000 -3.85500 -5.09600 -8.05700 -12.46100 -2.58400 -4.15000 -7.16100 -12.79700 -5.22900 -6.01200 -7.64000 -15.75700 -4.57800
97.00000 -11.43400 -12.99000 -10.45700 -2.39100 -4.60800 -8.54500 -11.97300 -2.09600 -5.12700 -7.65000 -13.77400 -6.69400 -6.98900 -9.10400 -16.73400 -6.04200
98.00000 -11.92200 -12.50200 -8.01600 -2.39100 -4.60800 -6.10400 -10.02000 -1.60700 -5.61500 -10.57900 -13.28500 -7.18200 -8.94200 -10.08100 -17.22200 -7.99600
99.00000 -11.92200 -10.54900 -7.03900 -2.87900 -3.14300 -2.68600 -7.09000 -1.11900 -6.59200 -12.53300 -12.30900 -6.69400 -10.89500 -10.56900 -17.22200 -10.43700
100.00000 -10.94600 -8.10800 -8.50400 -3.36700 -1.67800 -0.24400 -4.64900 0.34600 -7.56800 -11.55600 -10.84400 -5.71700 -13.33600 -11.05800 -16.24600 -11.90200
101.00000 -8.99300 -5.17800 -8.99300 -3.85500 -0.21400 1.70900 -3.18400 1.81100 -8.54500 -7.16100 -8.89100 -4.25200 -14.31300 -11.05800 -14.29200 -12.39000
102.00000 -7.03900 -3.71300 -4.11000 -4.34400 -0.21400 4.63900 -1.71900 3.27600 -8.54500 -1.30200 -6.44900 -1.81100 -13.33600 -9.59300 -11.36300 -10.43700
103.00000 -4.11000 -2.73600 5.16800 -5.80900 -1.67800 8.54500 0.23400 3.27600 -8.05700 1.62800 -3.52000 0.14200 -11.38300 -7.64000 -7.94500 -7.01900
104.00000 -2.64500 -2.24800 13.46800 -6.78500 -2.65500 11.96300 3.16400 2.78700 -7.08000 2.60400 -1.07800 2.58400 -8.45300 -4.71000 -5.01500 -2.62500
105.00000 -2.15700 -1.76000 14.93300 -5.80900 -3.14300 13.91600 5.11700 2.78700 -6.10400 1.62800 -0.10200 4.04900 -6.98900 -2.75700 -3.55000 -0.18300
106.00000 -2.15700 -1.27200 7.60900 -2.39100 -1.19000 12.93900 6.09300 4.25200 -5.12700 0.16300 -0.10200 5.02500 -6.98900 -2.75700 -3.55000 0.30500
107.00000 -3.13300 -1.27200 -2.64500 1.02700 1.25100 11.47500 5.11700 6.20500 -4.63900 -0.32600 -1.56700 5.02500 -7.47700 -3.73300 -3.55000 -0.67100
108.00000 -4.11000 -1.27200 -9.96900 2.49200 2.71600 10.01000 3.16400 8.15800 -4.15000 -1.79000 -2.54300 5.02500 -6.98900 -4.71000 -3.55000 -1.16000
109.00000 -4.11000 -1.76000 -9.48100 1.02700 2.71600 9.52100 0.72200 7.67000 -3.17400 -3.74300 -2.54300 5.02500 -5.03500 -4.71000 -3.06200 -0.18300
110.00000 -3.62100 -2.24800 -3.13300 -1.90200 1.25100 10.01000 -0.74300 5.71700 -2.19700 -5.69700 -2.54300 5.51400 -2.10600 -2.75700 -2.08500 1.77000
111.00000 -3.62100 -3.22500 2.23800 -3.85500 -0.21400 9.52100 -1.71900 2.78700 -0.73200 -6.18500 -2.05500 5.02500 -0.15300 -0.80400 -2.08500 3.72300
112.00000 -3.13300 -4.20100 3.21500 -3.36700 -0.21400 10.01000 -2.20700 1.32200 -0.24400 -4.23200 -2.05500 5.02500 0.33600 0.66100 -2.57400 3.23500
113.00000 -3.62100 -4.69000 -0.69200 -1.41400 0.76300 10.01000 -2.20700 1.32200 0.24400 -0.32600 -2.54300 4.53700 -0.64100 -0.31500 -4.03800 0.79300
114.00000 -5.08600 -5.17800 -5.08600 -0.92600 1.25100 10.98600 -1.71900 2.78700 -0.24400 3.58100 -3.03100 4.53700 -0.64100 -0.31500 -5.01500 -1.64800
115.00000 -7.52800 -6.15400 -6.06300 -2.87900 1.25100 10.49800 -0.74300 3.76400 -0.24400 4.55700 -2.54300 5.02500 -0.64100 -1.29200 -4.52700 -1.64800
116.00000 -9.96900 -8.10800 -3.13300 -6.29700 -0.21400 8.05700 -0.25400 3.76400 0.24400 1.62800 -1.56700 6.00200 0.33600 -0.80400 -3.55000 -0.67100
117.00000 -12.41000 -10.06100 0.28500 -8.73800 -2.16700 3.17400 -0.74300 3.27600 -0.24400 -4.23200 -0.59000 6.00200 0.82400 -0.31500 -3.06200 1.77000
118.00000 -13.87500 -12.50200 0.77300 -8.73800 -3.63200 -1.70900 -2.69600 2.29900 -0.73200 -10.09100 -1.56700 5.51400 -0.15300 -1.29200 -4.03800 1.77000
119.00000 -14.85200 -13.96700 -2.64500 -7.27300 -4.60800 -4.15000 -4.64900 2.29900 -2.19700 -12.04400 -3.03100 4.53700 -2.10600 -2.26800 -5.50300 0.79300
120.00000 -14.36400 -13.47900 -7.03900 -5.32000 -4.60800 -2.19700 -6.11400 1.32200 -3.66200 -9.60300 -4.00800 4.04900 -3.57100 -3.24500 -6.96800 -1.16000
121.00000 -12.89900 -11.52500 -8.99300 -4.83200 -4.12000 2.68600 -4.64900 -0.63100 -4.63900 -3.74300 -3.03100 3.56000 -3.57100 -2.75700 -5.99200 -1.16000
122.00000 -10.45700 -9.08400 -6.55100 -5.32000 -3.63200 8.05700 -0.74300 -2.09600 -4.63900 1.62800 -0.59000 4.53700 -2.59400 -0.80400 -3.55000 0.79300
123.00000 -8.99300 -7.61900 -1.66800 -5.80900 -4.12000 12.45100 4.62800 -2.58400 -3.66200 5.04600 2.34000 6.00200 -0.64100 1.14900 0.35600 3.72300
124.00000 -8.01600 -7.61900 3.21500 -4.83200 -4.60800 14.89300 8.04600 -0.63100 -2.68600 5.04600 4.29300 7.46700 -0.15300 2.12600 2.30900 5.18800
125.00000 -8.01600 -8.10800 5.16800 -2.87900 -5.09600 15.38100 8.04600 2.78700 -3.17400 3.09200 4.29300 7.95500 -0.64100 0.66100 2.79700 4.70000
126.00000 -7.03900 -8.59600 5.16800 -1.90200 -5.09600 14.40400 4.62800 6.69400 -4.63900 0.65100 2.82800 7.95500 -2.59400 -2.75700 0.84400 1.28200
127.00000 -6.06300 -7.61900 3.21500 -1.41400 -4.60800 11.47500 1.21100 8.15800 -7.08000 -1.79000 1.36300 7.46700 -5.03500 -6.66300 -2.08500 -1.64800
128.00000 -4.59800 -6.64300 0.77300 -1.90200 -4.60800 6.59200 0.23400 7.67000 -9.52100 -4.23200 0.38700 6.97800 -6.98900 -9.59300 -4.03800 -3.60100
129.00000 -4.11000 -6.15400 -2.64500 -1.41400 -4.60800 0.24400 0.72200 6.20500 -10.98600 -8.13800 -0.10200 6.49000 -8.45300 -11.05800 -5.01500 -4.08900
130.00000 -3.13300 -6.64300 -6.06300 -0.43700 -5.58500 -5.12700 0.72200 6.20500 -11.47500 -12.53300 -1.07800 6.00200 -9.43000 -12.03400 -5.01500 -4.57800
131.00000 -3.62100 -7.61900 -8.99300 1.02700 -7.05000 -8.05700 -1.23100 7.18200 -12.45100 -16.92700 -2.05500 5.02500 -11.38300 -14.47600 -5.99200 -6.04200
132.00000 -4.11000 -7.61900 -8.99300 2.00400 -7.05000 -9.03300 -7.09000 8.64700 -13.42800 -19.36800 -4.49600 3.07200 -13.33600 -17.89300 -9.41000 -9.94900
133.00000 -2.64500 -5.66600 -4.11000 1.51600 -6.07300 -8.05700 -14.41400 8.64700 -14.89300 -19.85700 -7.42600 0.63100 -15.77800 -21.80000 -13.80400 -14.83200
134.00000 -0.69200 -2.24800 4.19100 0.05100 -4.12000 -6.10400 -18.80900 6.69400 -15.38100 -18.39200 -9.86700 -2.29900 -17.24200 -24.72900 -18.68700 -18.73800
135.00000 1.26100 0.19300 12.00400 -1.41400 -1.67800 -3.66200 -17.83200 3.27600 -14.40400 -16.43900 -12.30900 -3.76400 -17.24200 -25.21800 -22.10500 -19.71400
136.00000 0.77300 0.68200 13.95700 -2.87900 -0.21400 -1.70900 -12.46100 0.34600 -10.98600 -15.95100 -13.77400 -4.25200 -15.77800 -22.77600 -22.10500 -17.27300
137.00000 -2.15700 -1.76000 8.09700 -3.36700 -0.70200 -1.22100 -5.13700 -0.63100 -7.08000 -16.92700 -14.75000 -3.27600 -12.84800 -18.87000 -19.17500 -12.87800
138.00000 -5.57500 -5.17800 -1.66800 -4.34400 -1.67800 -2.19700 -0.25400 -0.14200 -4.15000 -17.90400 -13.77400 -1.32200 -10.40600 -15.45200 -15.26900 -9.46000
139.00000 -8.01600 -8.10800 -10.45700 -4.34400 -3.14300 -5.61500 0.23400 0.83400 -3.17400 -18.88000 -12.30900 0.14200 -9.43000 -13.01100 -12.33900 -8.48400
140.00000 -8.50400 -8.59600 -13.87500 -3.36700 -3.14300 -8.05700 -2.20700 1.32200 -4.15000 -18.39200 -9.37900 1.11900 -9.91800 -13.01100 -11.85100 -8.97200
141.00000 -8.01600 -7.61900 -11.43400 -2.39100 -2.65500 -7.56800 -5.13700 1.81100 -5.61500 -15.95100 -7.91400 1.60700 -10.89500 -13.01100 -12.82800 -10.43700
142.00000 -7.03900 -5.66600 -8.01600 -0.43700 -2.16700 -3.17400 -7.09000 2.78700 -6.59200 -12.04400 -7.42600 2.09600 -10.89500 -12.03400 -12.82800 -10.92500
143.00000 -7.03900 -4.20100 -7.52800 1.02700 -2.16700 3.17400 -8.06700 4.25200 -7.56800 -7.65000 -8.40300 2.58400 -9.91800 -10.56900 -11.85100 -9.46000
144.00000 -7.52800 -3.22500 -10.45700 1.51600 -2.16700 8.05700 -9.04300 5.22900 -7.56800 -2.76700 -9.86700 2.58400 -8.45300 -8.12800 -9.89800 -7.01900
145.00000 -7.52800 -3.22500 -13.87500 1.02700 -2.65500 9.52100 -11.48500 5.22900 -7.56800 -0.32600 -11.33200 1.60700 -7.47700 -6.66300 -8.92100 -5.55400
146.00000 -8.50400 -3.71300 -13.87500 0.05100 -3.14300 6.59200 -15.39100 2.78700 -7.56800 -0.32600 -11.82000 0.63100 -7.47700 -6.66300 -9.89800 -6.04200
147.00000 -9.48100 -5.17800 -10.45700 -1.41400 -3.63200 1.70900 -19.29700 -0.63100 -8.05700 -3.25500 -12.30900 -1.32200 -7.96500 -7.64000 -12.82800 -7.50700
148.00000 -11.43400 -7.13100 -6.06300 -4.34400 -6.07300 -2.68600 -20.76200 -4.04900 -9.03300 -7.65000 -12.79700 -3.27600 -8.45300 -8.61600 -15.26900 -8.48400
149.00000 -13.38700 -10.06100 -3.62100 -7.76200 -9.97900 -4.15000 -19.29700 -6.49000 -10.49800 -11.55600 -13.28500 -5.22900 -8.45300 -9.10400 -15.26900 -8.97200
150.00000 -13.87500 -11.52500 -3.62100 -11.66800 -13.39700 -2.68600 -14.41400 -7.95500 -12.93900 -12.04400 -13.28500 -5.22900 -8.45300 -8.12800 -13.80400 -7.50700
151.00000 -12.89900 -11.03700 -4.59800 -13.62100 -14.86200 -1.70900 -7.09000 -8.44300 -14.89300 -10.57900 -11.82000 -4.74000 -8.45300 -6.66300 -11.85100 -6.04200
152.00000 -9.96900 -9.08400 -4.11000 -13.13300 -13.39700 -3.17400 -1.23100 -7.46700 -15.38100 -8.62600 -10.35600 -3.76400 -9.43000 -6.17500 -11.36300 -5.55400
153.00000 -7.03900 -7.13100 -2.15700 -9.22600 -9.49100 -7.08000 0.72200 -5.51400 -13.42800 -9.11500 -9.86700 -3.76400 -10.89500 -6.17500 -13.80400 -7.50700
154.00000 -5.57500 -6.15400 -1.18000 -4.83200 -5.58500 -10.49800 -2.69600 -3.56000 -10.98600 -11.06800 -11.33200 -4.74000 -12.36000 -8.12800 -18.19900 -10.43700
155.00000 -6.06300 -7.61900 -3.62100 -1.90200 -4.60800 -10.49800 -8.55500 -2.09600 -9.52100 -13.99700 -14.26200 -5.22900 -13.33600 -10.56900 -21.12800 -12.87800
156.00000 -8.50400 -9.57200 -8.01600 -2.87900 -7.05000 -6.10400 -14.90300 -1.60700 -10.98600 -14.48600 -16.21500 -5.22900 -13.82400 -12.52200 -22.10500 -13.85500
157.00000 -10.94600 -11.03700 -10.94600 -6.29700 -11.93200 -0.24400 -17.34400 -3.07200 -14.89300 -12.53300 -16.21500 -4.25200 -14.31300 -13.49900 -21.12800 -13.85500
158.00000 -12.89900 -11.52500 -10.94600 -10.20300 -15.35000 1.70900 -16.85600 -4.53700 -19.77500 -10.09100 -15.23800 -2.78700 -14.31300 -13.98700 -19.66300 -12.87800
159.00000 -13.87500 -12.01400 -9.96900 -11.66800 -16.81500 -4.15000 -15.87900 -5.02500 -21.72900 -11.06800 -13.77400 -1.81100 -14.80100 -14.96400 -20.15200 -12.87800
160.00000 -15.34000 -13.47900 -10.45700 -10.20300 -15.35000 -14.40400 -16.85600 -3.56000 -21.24000 -15.95100 -13.77400 -2.29900 -15.77800 -16.91700 -22.59300 -14.34300
161.00000 -17.78200 -15.92000 -15.34000 -7.76200 -14.37400 -24.65800 -19.78600 -1.11900 -18.31100 -22.78600 -15.72700 -3.76400 -16.26600 -18.38200 -26.01100 -16.78500
162.00000 -20.22300 -19.33800 -22.17600 -5.80900 -14.86200 -28.56400 -21.25000 1.81100 -15.86900 -28.15800 -18.16800 -5.22900 -16.75400 -20.33500 -28.45300 -18.73800
163.00000 -21.68800 -21.29100 -26.08200 -6.29700 -17.79200 -24.17000 -19.29700 3.27600 -15.86900 -27.66900 -18.65600 -5.22900 -17.24200 -20.82300 -28.45300 -19.71400
164.00000 -21.20000 -20.80300 -23.15300 -8.25000 -21.21000 -14.89300 -13.43800 2.29900 -17.82200 -22.78600 -16.70300 -4.74000 -17.24200 -19.84700 -26.98800 -18.25000
165.00000 -19.73500 -19.33800 -15.82800 -11.18000 -22.18600 -8.05700 -8.06700 -0.14200 -20.26400 -15.95100 -14.26200 -3.27600 -16.26600 -17.89300 -25.03500 -16.78500
166.00000 -18.75800 -17.87300 -10.45700 -14.10900 -20.72100 -6.10400 -8.06700 -3.07200 -20.26400 -11.55600 -13.28500 -3.27600 -15.77800 -15.45200 -23.57000 -15.32000
167.00000 -18.75800 -16.89700 -9.48100 -16.06200 -17.79200 -9.03300 -12.46100 -5.51400 -18.31100 -12.53300 -14.26200 -3.76400 -14.80100 -13.49900 -24.05800 -14.34300
168.00000 -19.73500 -16.89700 -12.89900 -17.52700 -14.86200 -11.96300 -17.83200 -7.95500 -15.38100 -16.43900 -17.19200 -5.22900 -14.31300 -13.01100 -25.03500 -14.34300
169.00000 -20.22300 -16.40800 -16.31700 -18.50400 -13.39700 -11.96300 -19.29700 -9.42000 -12.93900 -19.36800 -19.14500 -6.69400 -13.82400 -13.01100 -25.03500 -14.83200
170.00000 -18.75800 -14.94300 -15.82800 -18.99200 -12.42100 -9.52100 -15.87900 -10.88500 -11.96300 -18.88000 -19.63300 -7.18200 -14.31300 -13.49900 -24.05800 -14.83200
171.00000 -16.31700 -12.50200 -11.43400 -18.50400 -11.44400 -7.08000 -10.99700 -10.88500 -11.96300 -14.48600 -18.65600 -7.18200 -14.80100 -13.49900 -23.08100 -14.83200
172.00000 -12.89900 -10.06100 -8.01600 -16.55100 -9.97900 -6.10400 -9.04300 -9.90800 -11.96300 -8.62600 -17.19200 -6.69400 -15.28900 -13.01100 -22.10500 -14.83200
173.00000 -11.43400 -9.08400 -8.50400 -13.62100 -9.00300 -7.08000 -12.46100 -7.95500 -12.45100 -5.20800 -16.70300 -6.69400 -15.28900 -12.03400 -22.10500 -14.34300
174.00000 -11.92200 -9.57200 -12.89900 -10.20300 -9.97900 -6.59200 -18.32100 -6.49000 -13.42800 -5.69700 -17.19200 -6.69400 -14.80100 -11.05800 -22.59300 -13.85500
175.00000 -12.89900 -10.06100 -16.80500 -9.22600 -11.93200 -4.15000 -21.73900 -6.00200 -14.89300 -8.62600 -17.68000 -6.20500 -13.82400 -10.08100 -22.10500 -12.39000
176.00000 -13.87500 -11.03700 -17.29300 -10.20300 -14.37400 -0.73200 -20.27400 -6.00200 -16.84600 -12.04400 -17.68000 -5.71700 -13.33600 -11.05800 -21.12800 -10.92500
177.00000 -13.87500 -12.01400 -14.85200 -11.66800 -15.83900 0.24400 -16.36800 -6.49000 -17.82200 -14.48600 -17.19200 -5.22900 -13.82400 -12.03400 -20.64000 -10.43700
178.00000 -14.36400 -12.99000 -13.38700 -12.15600 -15.35000 -3.17400 -13.92600 -5.51400 -18.31100 -14.97400 -17.19200 -4.25200 -14.31300 -14.47600 -21.61700 -10.92500
179.00000 -15.82800 -14.94300 -15.34000 -11.18000 -14.37400 -10.49800 -16.36800 -3.07200 -17.82200 -15.95100 -18.16800 -4.25200 -15.77800 -16.91700 -23.57000 -13.36700
180.00000 -17.78200 -16.89700 -19.73500 -9.71500 -13.39700 -18.31100 -22.22700 -0.63100 -16.35700 -17.90400 -20.12100 -4.25200 -16.75400 -18.87000 -26.49900 -15.80800
181.00000 -20.22300 -18.85000 -21.68800 -9.71500 -14.37400 -23.19300 -26.62200 -0.14200 -15.86900 -21.81000 -21.09800 -4.25200 -17.73100 -19.84700 -27.96400 -18.25000
182.00000 -21.20000 -19.82600 -19.73500 -12.64400 -15.83900 -22.70500 -26.13300 -1.60700 -15.86900 -25.71600 -20.61000 -3.76400 -17.73100 -20.33500 -27.96400 -18.73800
183.00000 -20.71100 -18.85000 -14.85200 -16.06200 -17.79200 -17.82200 -20.76200 -4.53700 -15.86900 -26.69300 -18.16800 -2.78700 -17.73100 -19.35800 -26.01100 -18.25000
184.00000 -19.24600 -17.38500 -10.94600 -18.50400 -19.74500 -11.96300 -13.43800 -6.97800 -16.84600 -24.25100 -15.23800 -2.29900 -16.75400 -17.89300 -23.57000 -16.78500
185.00000 -18.75800 -16.40800 -11.92200 -17.03900 -21.21000 -7.56800 -9.04300 -6.49000 -17.82200 -18.88000 -13.77400 -1.81100 -16.26600 -16.42900 -22.10500 -14.83200
186.00000 -19.24600 -17.38500 -15.82800 -13.62100 -21.69800 -6.10400 -9.53200 -4.04900 -18.31100 -13.50900 -14.26200 -2.29900 -16.75400 -15.94000 -22.59300 -14.34300
187.00000 -20.71100 -19.33800 -19.24600 -9.71500 -21.21000 -6.59200 -12.95000 -1.11900 -18.31100 -11.55600 -16.21500 -3.27600 -17.24200 -15.94000 -24.54600 -14.83200
188.00000 -22.17600 -20.80300 -18.75800 -8.25000 -20.23300 -7.08000 -16.36800 -0.14200 -17.82200 -12.53300 -17.19200 -3.27600 -17.73100 -15.94000 -26.49900 -15.80800
189.00000 -22.66400 -20.31500 -15.34000 -10.69100 -18.28000 -7.08000 -15.87900 -1.60700 -17.33400 -14.48600 -16.21500 -3.27600 -17.24200 -15.45200 -26.98800 -16.78500
190.00000 -22.66400 -17.87300 -12.41000 -14.59800 -16.81500 -5.61500 -12.95000 -4.04900 -15.86900 -15.46200 -13.77400 -2.29900 -15.28900 -13.98700 -25.03500 -15.80800
191.00000 -22.66400 -14.94300 -13.38700 -18.01600 -15.83900 -4.63900 -9.53200 -6.00200 -14.40400 -13.99700 -11.33200 -1.32200 -13.33600 -11.54600 -22.10500 -13.85500
192.00000 -23.15300 -13.47900 -16.80500 -18.99200 -14.86200 -5.12700 -8.55500 -6.97800 -12.45100 -10.57900 -10.35600 -1.32200 -10.89500 -9.10400 -19.66300 -10.92500
193.00000 -23.64100 -13.96700 -19.24600 -17.03900 -14.37400 -6.10400 -10.50800 -6.97800 -10.98600 -8.62600 -11.82000 -1.81100 -9.43000 -7.64000 -18.68700 -8.48400
194.00000 -23.64100 -16.40800 -19.73500 -14.10900 -14.37400 -8.54500 -14.41400 -6.49000 -10.49800 -8.62600 -13.77400 -2.78700 -9.43000 -8.12800 -20.15200 -7.50700
195.00000 -23.64100 -18.36100 -18.75800 -11.66800 -14.37400 -10.01000 -18.32100 -6.00200 -11.47500 -10.57900 -16.21500 -3.27600 -9.91800 -9.10400 -22.10500 -8.48400
196.00000 -23.64100 -19.33800 -18.75800 -11.66800 -14.86200 -10.98600 -20.27400 -5.51400 -12.93900 -13.02100 -16.70300 -3.27600 -10.89500 -10.56900 -23.08100 -10.43700
197.00000 -23.15300 -18.85000 -19.73500 -13.62100 -15.83900 -10.98600 -19.78600 -5.51400 -14.89300 -14.97400 -16.21500 -3.27600 -11.87100 -12.03400 -23.08100 -11.90200
198.00000 -23.15300 -17.87300 -20.22300 -15.57400 -15.83900 -10.01000 -17.34400 -5.51400 -15.86900 -14.48600 -15.23800 -3.27600 -13.33600 -12.52200 -22.10500 -12.87800
199.00000 -22.17600 -15.92000 -18.27000 -17.52700 -14.37400 -9.03300 -15.39100 -6.00200 -14.89300 -13.99700 -14.75000 -3.27600 -13.82400 -12.52200 -21.12800 -12.39000
200.00000 -20.22300 -13.47900 -14.36400 -17.03900 -11.93200 -8.54500 -13.92600 -7.46700 -13.42800 -13.50900 -15.23800 -4.74000 -14.31300 -12.03400 -20.64000 -11.90200
201.00000 -18.27000 -10.54900 -12.89900 -15.08600 -9.00300 -9.03300 -14.41400 -7.95500 -11.96300 -13.99700 -15.72700 -5.22900 -13.82400 -12.03400 -21.12800 -11.41400
202.00000 -16.80500 -8.59600 -16.31700 -12.64400 -8.02600 -10.01000 -16.36800 -6.97800 -11.96300 -14.97400 -16.70300 -5.22900 -13.82400 -12.52200 -21.12800 -11.41400
203.00000 -17.29300 -8.10800 -23.15300 -10.69100 -9.00300 -9.52100 -18.80900 -4.53700 -12.93900 -15.95100 -16.21500 -4.25200 -13.82400 -13.01100 -20.64000 -11.90200
204.00000 -18.75800 -10.06100 -28.03500 -10.20300 -12.42100 -7.08000 -19.29700 -3.07200 -15.38100 -15.95100 -15.72700 -3.27600 -14.80100 -13.49900 -20.15200 -12.39000
205.00000 -20.71100 -12.99000 -26.57100 -11.66800 -16.81500 -3.17400 -18.32100 -2.58400 -17.82200 -14.97400 -15.23800 -2.78700 -15.77800 -13.49900 -20.15200 -12.87800
206.00000 -21.68800 -15.43200 -18.75800 -14.59800 -20.23300 -1.22100 -15.87900 -4.53700 -19.28700 -14.97400 -15.23800 -2.78700 -16.26600 -13.49900 -20.64000 -12.39000
207.00000 -21.68800 -16.89700 -10.45700 -18.50400 -21.69800 -3.17400 -14.90300 -6.97800 -19.28700 -15.95100 -16.21500 -3.27600 -16.75400 -13.49900 -22.10500 -12.87800
208.00000 -21.68800 -17.87300 -8.01600 -20.45700 -20.72100 -9.03300 -16.85600 -7.95500 -18.31100 -18.39200 -17.68000 -4.25200 -16.75400 -13.98700 -24.05800 -13.36700
209.00000 -22.66400 -18.36100 -12.89900 -20.94500 -18.76800 -14.89300 -20.76200 -7.95500 -16.84600 -21.81000 -19.63300 -4.74000 -17.73100 -15.94000 -26.01100 -14.83200
210.00000 -24.61800 -19.33800 -20.71100 -19.96900 -17.79200 -17.82200 -23.69200 -6.00200 -16.35700 -24.25100 -21.09800 -5.22900 -18.21900 -18.38200 -26.98800 -16.29600
211.00000 -26.57100 -20.31500 -26.57100 -18.01600 -17.79200 -16.35700 -24.18000 -4.53700 -15.86900 -24.74000 -21.58600 -5.22900 -18.70700 -19.84700 -26.49900 -17.27300
212.00000 -28.03500 -21.77900 -27.54700 -18.01600 -19.25700 -12.93900 -21.25000 -4.53700 -15.86900 -23.27500 -20.61000 -4.25200 -18.21900 -19.35800 -25.52300 -16.78500
213.00000 -28.52400 -22.26800 -25.59400 -19.48000 -20.23300 -10.49800 -16.85600 -5.02500 -15.86900 -20.34500 -19.14500 -3.27600 -16.75400 -17.40500 -22.59300 -13.85500
214.00000 -28.03500 -22.26800 -23.15300 -21.43400 -20.23300 -11.47500 -12.95000 -5.51400 -15.38100 -16.92700 -16.70300 -1.81100 -15.77800 -14.96400 -20.15200 -11.41400
215.00000 -27.05900 -21.77900 -21.68800 -22.41000 -18.76800 -13.91600 -11.97300 -4.53700 -14.89300 -13.99700 -15.72700 -0.34600 -15.28900 -13.98700 -18.68700 -10.92500
216.00000 -26.08200 -21.77900 -18.75800 -21.92200 -16.81500 -14.40400 -11.97300 -3.56000 -14.89300 -12.53300 -14.75000 -0.34600 -16.26600 -14.96400 -18.19900 -11.90200
217.00000 -25.10600 -22.26800 -13.38700 -19.96900 -15.35000 -12.93900 -12.46100 -2.58400 -14.89300 -12.53300 -14.75000 -0.83400 -17.73100 -17.40500 -19.66300 -14.34300
218.00000 -23.64100 -22.26800 -7.52800 -18.50400 -15.35000 -10.98600 -10.99700 -3.07200 -15.38100 -13.99700 -14.26200 -1.32200 -18.21900 -18.87000 -20.64000 -15.80800
219.00000 -22.66400 -22.26800 -6.55100 -17.52700 -16.32700 -11.47500 -8.55500 -3.56000 -15.86900 -16.92700 -14.26200 -1.32200 -18.21900 -19.84700 -21.12800 -16.29600
220.00000 -21.68800 -20.80300 -11.43400 -17.03900 -17.79200 -14.40400 -7.57900 -3.56000 -16.84600 -19.85700 -13.77400 -0.34600 -17.73100 -18.87000 -20.15200 -15.32000
221.00000 -21.20000 -18.85000 -20.71100 -16.06200 -19.25700 -16.84600 -9.04300 -2.09600 -17.82200 -21.32200 -12.30900 0.63100 -17.24200 -17.40500 -19.17500 -14.34300
222.00000 -20.71100 -16.89700 -26.08200 -15.08600 -19.74500 -14.89300 -11.48500 -0.63100 -19.28700 -21.32200 -11.82000 1.60700 -17.73100 -16.42900 -18.19900 -13.85500
223.00000 -20.71100 -15.43200 -22.17600 -14.10900 -18.76800 -8.54500 -12.46100 0.34600 -19.77500 -19.36800 -10.84400 2.09600 -18.21900 -15.45200 -17.22200 -13.85500
224.00000 -19.73500 -14.94300 -10.94600 -13.62100 -17.30300 -0.24400 -10.50800 -0.63100 -19.28700 -16.43900 -10.35600 2.09600 -17.24200 -14.47600 -17.22200 -12.87800
225.00000 -19.24600 -15.92000 -1.18000 -14.59800 -15.83900 5.12700 -6.60200 -2.09600 -17.82200 -14.97400 -10.35600 1.60700 -16.26600 -13.98700 -16.73400 -11.90200
226.00000 -19.24600 -16.89700 -0.69200 -15.08600 -14.37400 3.17400 -4.16100 -3.07200 -15.86900 -15.95100 -10.84400 0.63100 -15.28900 -13.98700 -16.24600 -9.94900
227.00000 -20.22300 -17.38500 -9.96900 -15.08600 -14.37400 -3.66200 -6.11400 -2.09600 -14.40400 -20.34500 -11.82000 0.14200 -15.28900 -14.47600 -16.73400 -9.46000
228.00000 -21.68800 -17.38500 -21.68800 -13.62100 -14.86200 -11.96300 -10.99700 -0.63100 -14.40400 -25.71600 -12.79700 -0.83400 -16.26600 -14.96400 -18.19900 -9.46000
229.00000 -21.68800 -16.89700 -26.08200 -11.66800 -15.35000 -17.33400 -16.36800 0.83400 -15.86900 -28.15800 -13.77400 -1.81100 -17.24200 -15.45200 -19.66300 -10.43700
230.00000 -21.20000 -15.92000 -21.20000 -10.20300 -15.83900 -17.82200 -18.80900 0.34600 -17.33400 -26.20400 -14.75000 -2.29900 -17.24200 -14.47600 -20.64000 -10.92500
231.00000 -18.75800 -14.94300 -11.43400 -10.20300 -15.35000 -13.91600 -16.36800 -1.11900 -17.82200 -19.36800 -15.72700 -2.29900 -16.26600 -13.01100 -21.12800 -10.92500
232.00000 -16.80500 -13.96700 -5.57500 -10.69100 -13.88500 -8.54500 -11.97300 -2.09600 -17.33400 -11.55600 -16.21500 -1.81100 -15.77800 -12.52200 -21.61700 -10.92500
233.00000 -15.82800 -12.99000 -6.55100 -11.18000 -13.39700 -4.63900 -9.04300 -2.58400 -16.35700 -8.13800 -16.70300 -1.32200 -16.26600 -13.01100 -21.61700 -11.90200
234.00000 -16.31700 -13.47900 -11.92200 -12.64400 -12.90900 -4.15000 -10.02000 -2.58400 -14.89300 -11.06800 -17.19200 -1.32200 -17.73100 -15.45200 -22.59300 -13.85500
235.00000 -18.27000 -14.94300 -15.82800 -13.62100 -13.39700 -7.56800 -14.41400 -2.58400 -13.91600 -19.36800 -17.68000 -1.32200 -19.19600 -17.89300 -24.05800 -16.29600
236.00000 -20.71100 -16.89700 -15.82800 -15.57400 -14.37400 -12.93900 -18.80900 -3.56000 -13.42800 -26.20400 -17.68000 -1.81100 -20.17200 -18.87000 -25.03500 -17.27300
237.00000 -23.15300 -18.85000 -14.85200 -17.52700 -14.37400 -16.84600 -20.76200 -4.53700 -13.91600 -27.18100 -17.68000 -1.81100 -19.68400 -17.89300 -24.54600 -16.29600
238.00000 -24.61800 -20.31500 -16.80500 -18.99200 -13.88500 -16.35700 -20.27400 -4.53700 -14.40400 -20.83300 -17.19200 -1.32200 -17.73100 -14.47600 -22.59300 -12.87800
239.00000 -25.59400 -19.82600 -22.17600 -19.96900 -13.88500 -10.01000 -18.32100 -3.56000 -14.89300 -11.55600 -16.21500 0.63100 -15.28900 -10.56900 -19.17500 -8.97200
240.00000 -25.10600 -18.36100 -24.61800 -18.99200 -15.35000 -2.68600 -15.87900 -2.09600 -15.86900 -4.72000 -13.77400 3.07200 -12.36000 -6.66300 -16.24600 -5.55400
241.00000 -24.12900 -17.87300 -19.73500 -17.52700 -18.28000 1.22100 -14.41400 -0.14200 -16.35700 -4.72000 -11.82000 5.02500 -10.40600 -5.19800 -14.29200 -4.57800
242.00000 -23.15300 -18.85000 -8.99300 -15.57400 -20.72100 -0.73200 -12.95000 1.32200 -15.86900 -11.06800 -10.84400 6.49000 -9.43000 -5.19800 -14.78100 -5.55400
243.00000 -23.15300 -21.29100 0.77300 -13.13300 -21.69800 -8.05700 -11.97300 1.81100 -15.38100 -17.90400 -11.33200 6.49000 -10.40600 -7.15100 -17.22200 -7.50700
244.00000 -23.15300 -23.24400 1.26100 -11.18000 -19.25700 -16.35700 -11.97300 1.81100 -14.40400 -22.29800 -13.77400 5.02500 -12.36000 -10.08100 -20.15200 -9.94900
245.00000 -22.66400 -22.75600 -7.03900 -9.71500 -15.35000 -18.79900 -13.43800 0.83400 -13.42800 -22.78600 -16.70300 2.09600 -14.80100 -12.52200 -23.08100 -10.92500
246.00000 -19.24600 -18.85000 -16.80500 -9.22600 -11.44400 -13.42800 -14.90300 -0.63100 -13.42800 -20.83300 -18.65600 0.14200 -15.28900 -13.01100 -24.05800 -11.41400
247.00000 -14.85200 -12.99000 -18.75800 -9.71500 -10.46800 -2.68600 -15.39100 -3.56000 -13.91600 -18.39200 -18.65600 -0.83400 -14.80100 -12.03400 -23.08100 -10.43700
248.00000 -9.96900 -8.10800 -11.43400 -10.69100 -11.44400 7.08000 -12.95000 -6.00200 -14.40400 -16.92700 -16.70300 0.14200 -12.36000 -9.10400 -20.64000 -8.48400
249.00000 -8.50400 -7.13100 -1.66800 -12.15600 -13.39700 9.03300 -9.04300 -6.97800 -13.91600 -15.95100 -14.26200 2.58400 -9.91800 -6.17500 -17.71000 -6.53100
250.00000 -10.45700 -10.06100 1.75000 -13.13300 -14.86200 2.68600 -6.60200 -6.49000 -13.42800 -14.48600 -11.82000 4.53700 -7.47700 -4.22200 -15.26900 -4.08900
251.00000 -15.34000 -14.94300 -4.59800 -13.62100 -14.86200 -8.05700 -7.09000 -4.53700 -12.93900 -12.04400 -10.35600 6.00200 -6.50000 -3.73300 -13.80400 -2.62500
252.00000 -18.75800 -17.38500 -14.85200 -13.62100 -13.88500 -14.89300 -10.50800 -2.58400 -12.93900 -10.09100 -10.35600 6.00200 -6.50000 -4.71000 -13.80400 -2.13600
253.00000 -18.75800 -16.40800 -21.20000 -13.62100 -12.42100 -13.91600 -14.90300 -1.11900 -13.42800 -9.11500 -11.33200 4.53700 -7.47700 -5.68600 -16.24600 -3.60100
254.00000 -16.31700 -12.50200 -20.22300 -12.15600 -11.44400 -7.08000 -16.85600 -0.63100 -13.91600 -10.57900 -13.77400 2.09600 -9.43000 -7.64000 -19.66300 -6.53100
255.00000 -12.89900 -8.10800 -15.82800 -9.71500 -9.97900 0.24400 -16.36800 -0.63100 -13.91600 -13.50900 -16.21500 -0.34600 -12.36000 -9.59300 -24.05800 -10.92500
256.00000 -11.92200 -5.66600 -15.34000 -7.27300 -7.53800 3.66200 -14.41400 -1.60700 -13.42800 -16.43900 -19.14500 -2.78700 -15.28900 -12.03400 -26.98800 -13.85500
