1.00000 -3.73300 -4.57800 2.98100 -2.03500 -3.48900 -1.93300 2.03500 -0.06100 0.93600 0.75300 -0.50900 0.84400 1.04800 0.64100 -0.07100 0.50900
2.00000 -3.73300 -4.57800 1.51600 -1.54600 -3.48900 -2.42100 2.52300 -0.06100 0.93600 1.24100 -1.48500 0.35600 1.04800 1.12900 -1.04800 0.02000
3.00000 -3.73300 -4.08900 0.05100 -1.05800 -3.00100 -1.93300 1.05800 -0.06100 0.44800 1.72900 -2.46200 -0.62100 0.55900 0.15300 -3.00100 -0.95600
4.00000 -2.75700 -2.62500 0.05100 -0.08100 -2.02400 -0.95600 0.08100 0.91600 -0.04100 1.72900 -2.46200 -0.62100 0.07100 -0.33600 -3.97700 -1.93300
5.00000 -1.78000 -1.64800 1.51600 0.89500 -1.53600 0.50900 0.08100 1.89200 -0.52900 1.24100 -1.97300 -0.13200 0.07100 -1.80100 -4.46600 -2.42100
6.00000 0.17300 -0.67100 3.46900 1.87200 -1.04800 1.48500 1.05800 2.38000 -0.52900 1.24100 -0.50900 -0.13200 0.07100 -1.80100 -4.46600 -1.93300
7.00000 1.63800 -0.18300 4.44500 1.87200 -1.04800 1.97300 2.03500 2.38000 -0.04100 1.72900 -0.02000 -0.13200 0.55900 -1.31200 -4.46600 -1.44400
8.00000 2.61400 0.30500 3.95700 1.87200 -0.55900 1.97300 1.54600 0.91600 0.44800 2.70600 -0.50900 -1.59700 0.55900 -0.33600 -4.95400 -1.44400
9.00000 3.10300 1.28200 3.95700 1.87200 0.41700 2.95000 0.08100 -1.03800 0.93600 3.68200 -1.48500 -2.57400 0.07100 0.64100 -5.44200 -1.44400
10.00000 3.10300 2.25800 4.44500 1.87200 1.39400 3.92700 -1.38300 -2.01400 0.93600 4.17100 -0.50900 -3.55000 0.07100 1.61700 -5.44200 -1.44400
11.00000 3.59100 3.72300 5.42200 2.36000 2.37000 4.41500 -0.89500 -1.52600 0.44800 4.17100 0.46800 -2.57400 -0.41700 2.10600 -3.48900 -0.46800
12.00000 3.59100 4.70000 6.39900 3.33700 3.34700 4.90300 1.05800 -0.54900 0.93600 4.17100 3.39800 -1.10900 0.07100 2.59400 -1.04800 0.99700
13.00000 3.59100 4.70000 7.37500 3.82500 3.34700 4.90300 4.47600 0.91600 0.93600 4.65900 5.83900 0.35600 0.07100 2.59400 1.88200 2.46200
14.00000 4.07900 4.70000 7.37500 4.31300 3.34700 5.39100 7.89400 1.89200 1.91200 5.14700 7.79200 1.33300 1.04800 3.57100 3.34700 2.95000
15.00000 4.56700 5.18800 7.86300 4.80100 3.83500 6.36800 9.84700 1.89200 2.40100 6.12400 8.76900 1.82100 1.04800 4.05900 4.32300 3.43800
16.00000 5.54400 6.16500 9.81600 5.29000 4.32300 8.32100 9.84700 1.89200 2.88900 7.58900 8.76900 1.82100 2.02400 5.03500 4.81200 3.92700
17.00000 7.00900 7.62900 11.28100 5.77800 5.30000 9.78600 9.35900 2.38000 3.37700 8.07700 9.25700 2.30900 2.02400 6.01200 5.78800 4.41500
18.00000 7.49700 8.11800 11.77000 6.75500 5.78800 9.29800 8.87000 2.86900 3.37700 8.07700 9.74500 3.77400 2.51300 6.01200 6.76500 4.90300
19.00000 7.49700 7.62900 10.79300 6.26600 6.27600 7.34500 7.89400 3.84500 2.88900 6.61200 9.74500 4.75100 1.53600 5.03500 7.25300 4.41500
20.00000 6.03200 5.67600 8.35200 5.77800 5.30000 4.90300 7.40600 4.33300 2.40100 4.65900 8.76900 4.75100 0.55900 3.08200 6.27600 3.43800
21.00000 4.56700 3.72300 6.39900 4.80100 4.81200 3.43800 6.42900 4.33300 1.42400 2.70600 6.32700 3.77400 -0.90500 0.64100 3.83500 1.48500
22.00000 4.56700 3.72300 5.42200 3.82500 3.83500 3.43800 5.45200 3.35700 0.93600 1.72900 3.39800 2.30900 -1.39400 -1.31200 1.88200 0.02000
23.00000 5.54400 5.18800 5.42200 3.82500 3.34700 5.39100 3.49900 2.38000 0.44800 1.72900 0.95600 0.84400 -1.39400 -2.28900 -0.07100 -0.95600
24.00000 6.03200 6.16500 5.91000 3.82500 3.34700 6.85600 1.54600 1.40400 0.44800 2.21800 -0.50900 -0.13200 -0.90500 -1.80100 -0.55900 -0.95600
25.00000 5.54400 6.65300 5.42200 3.82500 2.85800 5.88000 0.08100 1.40400 0.44800 2.70600 -1.48500 -1.10900 -0.90500 -2.28900 -2.02400 -1.93300
26.00000 3.10300 4.70000 5.42200 3.33700 2.37000 3.92700 -0.89500 1.40400 -0.04100 2.21800 -1.97300 -1.59700 -1.39400 -3.26500 -3.00100 -3.39800
27.00000 0.17300 1.77000 4.44500 1.87200 1.88200 0.50900 -0.40700 1.40400 -0.04100 0.75300 -1.97300 -1.59700 -2.37000 -5.21900 -4.46600 -5.35100
28.00000 -3.24500 -2.13600 2.98100 0.40700 0.90500 -1.93300 0.08100 0.91600 -0.04100 -1.20000 -1.97300 -1.59700 -2.85800 -6.19500 -4.95400 -5.83900
29.00000 -5.19800 -4.08900 1.02700 -1.05800 -0.55900 -3.88600 1.54600 0.42700 -0.52900 -2.66500 -1.48500 -0.62100 -1.88200 -6.19500 -3.97700 -5.35100
30.00000 -7.15100 -6.04200 -1.41400 -2.52300 -1.53600 -4.37400 2.52300 -0.06100 -0.04100 -4.13000 0.46800 0.35600 0.07100 -5.21900 -1.53600 -2.90900
31.00000 -7.15100 -6.53100 -3.36700 -3.49900 -3.00100 -5.35100 2.03500 -0.54900 0.44800 -4.61800 1.93300 1.82100 2.02400 -3.26500 0.90500 -0.46800
32.00000 -7.15100 -6.04200 -4.34400 -3.98800 -3.48900 -5.83900 0.57000 -1.03800 0.93600 -4.13000 3.88600 2.79700 3.97700 -1.31200 2.85800 1.97300
33.00000 -5.68600 -4.57800 -3.36700 -3.98800 -3.00100 -5.35100 -1.38300 -1.03800 1.42400 -2.66500 5.35100 3.28600 4.46600 -0.33600 3.83500 2.95000
34.00000 -3.24500 -3.11300 -1.41400 -3.01100 -2.51300 -4.37400 -1.87200 -1.03800 0.93600 -1.68900 5.83900 3.28600 4.46600 1.12900 4.81200 3.92700
35.00000 -1.29200 -1.16000 0.05100 -2.03500 -1.53600 -2.42100 -1.38300 -0.54900 -0.04100 -0.71200 5.83900 3.28600 3.97700 2.10600 5.78800 4.41500
36.00000 -0.80400 -0.18300 0.05100 -1.54600 -1.53600 -1.44400 0.57000 -0.06100 -1.01700 -0.71200 6.32700 3.28600 3.00100 2.59400 6.27600 5.39100
37.00000 -2.26800 -1.16000 -0.92600 -1.54600 -2.51300 -2.42100 1.54600 0.91600 -2.48200 -1.20000 6.32700 3.28600 2.02400 2.10600 6.27600 4.41500
38.00000 -4.22200 -3.11300 -2.39100 -2.03500 -3.48900 -3.88600 1.05800 0.91600 -3.45900 -2.17700 6.32700 2.79700 0.55900 0.64100 5.30000 3.43800
39.00000 -5.19800 -5.55400 -1.90200 -2.03500 -3.97700 -5.35100 0.08100 0.91600 -3.94700 -2.66500 4.86200 1.82100 -0.41700 -1.31200 3.83500 1.48500
40.00000 -4.71000 -5.55400 -0.43700 -1.54600 -3.97700 -5.35100 -0.40700 0.42700 -3.45900 -2.17700 3.88600 1.33300 -0.90500 -2.77700 2.85800 0.02000
41.00000 -2.75700 -3.60100 1.51600 -0.57000 -3.00100 -3.88600 0.08100 0.42700 -2.48200 -1.68900 2.90900 0.84400 -1.39400 -3.26500 2.85800 -0.46800
42.00000 -0.31500 -1.16000 2.49200 0.40700 -2.02400 -2.42100 1.54600 -0.06100 -1.50600 -1.20000 1.93300 0.35600 -0.90500 -3.75400 2.85800 -0.95600
43.00000 0.66100 -0.18300 1.51600 1.38300 -1.04800 -1.93300 2.03500 -0.54900 -0.52900 -1.20000 1.44400 0.35600 -1.39400 -3.75400 3.34700 -0.95600
44.00000 -0.80400 -0.67100 -0.92600 -0.08100 -0.55900 -2.90900 1.05800 -1.52600 -1.01700 -2.66500 0.95600 -0.13200 -1.88200 -4.73000 2.85800 -1.93300
45.00000 -3.24500 -2.62500 -2.87900 -1.54600 -1.04800 -4.37400 -1.38300 -2.01400 -1.50600 -3.64200 0.46800 -0.13200 -2.85800 -5.70700 2.37000 -2.42100
46.00000 -4.71000 -5.55400 -3.36700 -2.52300 -2.02400 -5.35100 -3.33700 -2.01400 -2.48200 -4.61800 -0.02000 -1.10900 -3.34700 -6.19500 1.39400 -2.42100
47.00000 -5.19800 -7.01900 -2.87900 -2.52300 -2.51300 -6.32700 -3.82500 -2.01400 -2.48200 -4.61800 -0.99700 -1.10900 -2.85800 -6.19500 0.90500 -1.93300
48.00000 -4.22200 -6.53100 -0.92600 -1.54600 -2.51300 -6.32700 -3.82500 -2.01400 -2.48200 -4.61800 -1.97300 -1.59700 -2.85800 -5.70700 0.41700 -1.93300
49.00000 -3.24500 -5.55400 0.05100 -0.08100 -2.51300 -6.81600 -3.33700 -1.03800 -1.99400 -4.61800 -2.46200 -2.08500 -2.85800 -6.19500 -0.07100 -1.93300
50.00000 -3.24500 -4.57800 -0.43700 0.40700 -2.02400 -7.30400 -3.82500 -0.54900 -2.48200 -5.10700 -3.43800 -2.57400 -3.34700 -7.17200 -0.55900 -2.90900
51.00000 -4.22200 -4.57800 -1.90200 0.40700 -1.53600 -7.79200 -4.80100 -0.06100 -2.97000 -6.08300 -2.95000 -2.08500 -3.83500 -8.63600 -1.04800 -4.37400
52.00000 -5.68600 -5.55400 -3.85500 -0.57000 -2.02400 -8.28000 -4.80100 0.42700 -3.45900 -7.06000 -2.46200 -1.59700 -3.83500 -10.10100 -1.04800 -4.37400
53.00000 -6.66300 -7.50700 -5.32000 -2.03500 -3.48900 -8.76900 -3.33700 0.42700 -3.45900 -8.03600 -0.50900 -0.13200 -3.34700 -10.10100 0.41700 -3.39800
54.00000 -8.12800 -9.94900 -5.32000 -3.01100 -5.44200 -10.72200 -0.40700 0.42700 -3.45900 -9.01300 0.95600 1.33300 -2.37000 -9.12500 2.37000 -1.93300
55.00000 -9.59300 -12.87800 -5.32000 -3.49900 -6.90700 -13.65200 1.54600 0.42700 -2.97000 -9.50100 1.93300 2.30900 -0.90500 -7.66000 4.81200 0.02000
56.00000 -12.03400 -15.32000 -4.83200 -3.98800 -8.37200 -16.58100 1.54600 0.42700 -2.48200 -9.98900 2.42100 2.79700 0.07100 -7.17200 5.78800 0.99700
57.00000 -13.01100 -16.78500 -4.83200 -3.98800 -9.34900 -18.04600 -0.89500 -0.06100 -2.97000 -9.98900 2.42100 3.28600 1.04800 -7.17200 6.27600 0.99700
58.00000 -13.49900 -16.78500 -5.32000 -4.47600 -9.34900 -17.06900 -3.33700 -0.06100 -2.97000 -10.47800 2.42100 3.77400 1.53600 -7.17200 6.27600 1.48500
59.00000 -12.52200 -14.83200 -5.80900 -4.47600 -8.37200 -14.62800 -4.80100 -0.54900 -3.45900 -9.98900 3.39800 4.26200 2.02400 -6.68300 6.76500 2.46200
60.00000 -11.05800 -12.87800 -5.80900 -4.96400 -7.88400 -11.69800 -4.31300 -0.54900 -3.45900 -9.01300 4.37400 5.23900 2.51300 -5.70700 8.23000 3.92700
61.00000 -10.56900 -11.41400 -6.29700 -5.45200 -7.39500 -10.72200 -2.84800 -1.03800 -3.45900 -7.54800 5.35100 5.72700 3.00100 -4.24200 8.71800 5.39100
62.00000 -11.05800 -10.92500 -7.76200 -5.94100 -6.90700 -10.72200 -2.84800 -1.03800 -2.97000 -6.08300 5.35100 5.72700 3.97700 -2.77700 9.20600 6.36800
63.00000 -12.52200 -11.90200 -9.71500 -6.91700 -7.39500 -11.69800 -3.82500 -1.52600 -2.48200 -5.59500 4.86200 5.23900 3.97700 -1.80100 8.71800 6.36800
64.00000 -13.01100 -12.39000 -10.69100 -7.89400 -7.88400 -11.69800 -5.29000 -2.01400 -1.99400 -4.61800 3.39800 4.26200 4.95400 -0.82400 7.25300 6.36800
65.00000 -12.03400 -11.90200 -10.20300 -7.40600 -7.88400 -10.72200 -5.29000 -2.01400 -1.01700 -3.15300 2.42100 3.28600 5.44200 -0.33600 6.27600 6.85600
66.00000 -10.56900 -10.92500 -7.76200 -6.42900 -6.90700 -8.76900 -3.82500 -2.01400 -0.52900 -1.20000 1.93300 3.28600 6.41900 0.64100 5.78800 7.34500
67.00000 -9.10400 -8.97200 -4.83200 -4.96400 -5.44200 -6.32700 -1.87200 -1.52600 -0.04100 0.75300 2.42100 2.79700 6.41900 1.61700 5.78800 8.32100
68.00000 -8.61600 -7.50700 -3.36700 -3.49900 -3.97700 -4.37400 -0.89500 -1.52600 -0.04100 2.21800 2.90900 2.79700 5.93100 2.59400 6.27600 8.80900
69.00000 -8.12800 -6.04200 -3.36700 -3.01100 -3.00100 -2.90900 -1.87200 -1.52600 -0.52900 2.70600 3.39800 2.30900 5.44200 3.08200 6.27600 8.32100
70.00000 -7.64000 -5.06600 -4.83200 -3.01100 -2.51300 -0.95600 -3.33700 -1.52600 -0.52900 2.70600 3.39800 1.82100 4.46600 3.08200 5.78800 8.32100
71.00000 -6.17500 -4.08900 -6.78500 -3.98800 -2.51300 0.02000 -4.31300 -2.01400 -0.52900 2.70600 2.90900 1.33300 3.48900 3.08200 5.78800 7.83300
72.00000 -4.71000 -3.11300 -6.29700 -3.98800 -2.02400 1.48500 -3.82500 -1.52600 0.93600 3.19400 2.42100 1.33300 3.48900 4.05900 5.78800 7.83300
73.00000 -3.73300 -2.62500 -4.34400 -3.49900 -1.53600 1.48500 -1.87200 -0.54900 1.42400 4.65900 2.90900 2.79700 4.46600 5.52400 5.78800 8.32100
74.00000 -3.73300 -2.62500 -1.90200 -2.52300 -1.04800 1.97300 -0.40700 0.91600 2.40100 6.61200 3.88600 3.28600 4.46600 6.01200 6.27600 8.80900
75.00000 -4.71000 -2.62500 0.53900 -1.54600 -1.04800 1.97300 -0.40700 1.89200 1.91200 7.58900 4.37400 3.77400 4.95400 6.98900 6.27600 8.80900
76.00000 -5.68600 -3.11300 1.02700 -1.05800 -1.04800 2.46200 -1.87200 2.38000 1.42400 8.07700 4.37400 3.28600 4.46600 6.98900 5.30000 8.32100
77.00000 -6.17500 -3.11300 0.05100 -1.05800 -1.53600 2.95000 -2.84800 1.89200 0.44800 7.10000 2.90900 2.30900 3.48900 6.01200 3.34700 7.34500
78.00000 -5.68600 -4.08900 -0.92600 -2.03500 -2.02400 2.46200 -2.84800 0.42700 -0.04100 6.61200 1.44400 1.33300 3.00100 5.03500 1.88200 5.88000
79.00000 -5.68600 -4.08900 -1.90200 -2.52300 -3.00100 1.97300 -2.36000 -0.54900 0.44800 6.61200 -0.02000 0.84400 3.48900 4.54700 0.41700 4.90300
80.00000 -6.17500 -4.08900 -1.90200 -3.01100 -2.51300 0.99700 -1.87200 -1.03800 1.42400 6.61200 -0.50900 0.84400 3.97700 4.05900 -0.07100 4.41500
81.00000 -6.66300 -4.08900 -2.39100 -3.01100 -2.51300 0.50900 -1.87200 -1.52600 1.91200 7.10000 -0.50900 0.84400 4.95400 4.05900 -0.55900 3.92700
82.00000 -6.66300 -4.08900 -2.39100 -3.01100 -2.02400 0.99700 -2.36000 -1.03800 2.88900 7.58900 -0.50900 0.84400 5.44200 4.54700 -0.55900 4.41500
83.00000 -7.15100 -4.08900 -3.36700 -3.98800 -2.02400 1.97300 -3.82500 -1.03800 2.88900 7.58900 -0.50900 0.84400 6.41900 5.03500 -0.55900 4.41500
84.00000 -7.64000 -4.57800 -4.34400 -4.96400 -2.51300 2.95000 -4.80100 -1.03800 3.37700 7.58900 -0.99700 0.84400 6.90700 6.01200 -0.55900 5.88000
85.00000 -8.12800 -5.55400 -5.32000 -6.42900 -2.51300 3.92700 -5.77800 -1.52600 3.37700 8.56500 -1.48500 0.84400 7.39500 6.50000 -0.07100 6.36800
86.00000 -8.61600 -5.55400 -5.80900 -6.91700 -2.51300 4.41500 -5.77800 -2.01400 3.86600 9.54200 -1.48500 1.33300 7.88400 6.98900 0.90500 6.85600
87.00000 -8.61600 -4.57800 -4.83200 -6.91700 -1.53600 4.90300 -5.29000 -2.01400 3.86600 10.03000 -1.48500 1.82100 7.88400 7.47700 1.88200 6.85600
88.00000 -7.15100 -2.62500 -3.36700 -5.45200 -0.07100 5.39100 -4.31300 -2.50200 3.86600 10.51800 -0.50900 2.30900 7.39500 6.98900 2.37000 6.85600
89.00000 -5.19800 -0.18300 -1.41400 -3.49900 1.39400 6.85600 -2.84800 -2.50200 3.37700 10.51800 -0.02000 2.30900 6.90700 6.98900 3.34700 6.85600
90.00000 -2.75700 1.77000 0.53900 -2.52300 2.37000 8.32100 -1.38300 -2.50200 3.37700 10.03000 0.46800 1.82100 6.90700 6.98900 3.34700 6.85600
91.00000 -1.78000 2.25800 1.51600 -2.03500 2.85800 8.80900 -0.89500 -2.99100 3.37700 10.03000 -0.02000 1.82100 6.41900 6.98900 3.83500 6.85600
92.00000 -1.78000 1.77000 1.02700 -3.01100 1.88200 8.32100 -1.38300 -2.99100 2.88900 10.03000 -0.50900 1.33300 6.41900 6.98900 3.83500 7.34500
93.00000 -3.24500 -0.18300 -0.43700 -3.98800 0.41700 6.85600 -2.84800 -3.47900 2.88900 9.54200 -0.50900 1.82100 6.41900 6.01200 3.83500 6.85600
94.00000 -4.71000 -2.13600 -1.90200 -4.96400 -1.53600 4.90300 -4.31300 -2.99100 2.40100 8.56500 -0.02000 2.79700 5.93100 5.52400 3.83500 6.36800
95.00000 -6.17500 -3.11300 -1.90200 -5.45200 -3.00100 2.95000 -3.82500 -2.01400 1.91200 7.58900 0.95600 3.28600 5.44200 5.03500 3.83500 5.88000
96.00000 -6.17500 -3.11300 -0.43700 -4.96400 -3.48900 1.48500 -2.36000 -1.03800 1.42400 6.61200 2.42100 3.77400 4.95400 4.54700 4.32300 5.88000
97.00000 -4.22200 -2.13600 2.00400 -3.98800 -3.00100 0.99700 0.08100 0.42700 1.42400 6.61200 3.39800 4.26200 4.95400 5.03500 4.81200 6.36800
98.00000 -2.26800 -0.67100 3.95700 -2.03500 -1.53600 2.46200 1.05800 0.91600 1.42400 7.58900 3.88600 3.77400 4.95400 5.52400 5.78800 7.34500
99.00000 -0.31500 1.28200 4.93400 -0.57000 -0.07100 4.41500 1.05800 0.42700 1.42400 8.56500 3.88600 3.28600 5.44200 6.50000 6.27600 8.32100
100.00000 1.63800 3.23500 4.44500 1.38300 1.39400 6.85600 0.57000 -0.06100 1.42400 9.54200 3.39800 2.30900 5.44200 6.98900 6.27600 8.80900
101.00000 2.61400 4.70000 2.98100 2.36000 2.85800 8.32100 0.57000 -1.03800 1.91200 9.54200 2.42100 1.33300 5.44200 6.98900 5.78800 8.32100
102.00000 2.61400 4.21100 2.49200 2.36000 3.83500 8.32100 1.05800 -2.01400 2.40100 9.54200 1.44400 0.84400 5.44200 6.50000 4.81200 7.83300
103.00000 1.14900 3.23500 2.49200 1.38300 3.34700 6.85600 2.03500 -2.99100 2.88900 9.05400 0.95600 0.35600 4.95400 6.01200 3.83500 6.85600
104.00000 -1.29200 0.79300 3.46900 -0.57000 2.37000 4.90300 2.52300 -2.50200 3.37700 8.56500 0.46800 0.35600 4.95400 5.52400 2.85800 5.88000
105.00000 -3.24500 -1.16000 4.44500 -1.54600 0.41700 3.43800 1.54600 -1.52600 3.86600 8.07700 -0.02000 0.84400 5.44200 5.03500 2.37000 5.39100
106.00000 -4.71000 -2.13600 4.93400 -2.52300 -1.04800 2.46200 0.08100 -0.54900 3.37700 7.10000 -0.02000 1.33300 4.95400 4.05900 2.85800 5.39100
107.00000 -6.17500 -2.62500 2.98100 -3.01100 -2.02400 2.46200 -1.38300 0.42700 2.40100 6.61200 -0.02000 1.33300 4.95400 3.08200 2.37000 4.41500
108.00000 -6.66300 -3.11300 1.02700 -3.01100 -2.02400 2.95000 -0.89500 0.42700 1.42400 5.63600 -0.02000 1.33300 4.46600 2.10600 1.88200 3.92700
109.00000 -7.15100 -3.11300 -0.92600 -3.01100 -1.53600 3.43800 0.08100 0.42700 0.93600 5.63600 0.46800 0.84400 3.48900 2.10600 1.88200 3.92700
110.00000 -7.15100 -3.11300 -2.39100 -3.98800 -1.04800 4.90300 1.05800 -0.54900 0.93600 6.61200 0.46800 0.84400 3.48900 3.08200 1.39400 3.43800
111.00000 -7.15100 -4.08900 -2.87900 -4.47600 -0.55900 5.88000 0.08100 -0.54900 1.91200 8.07700 0.95600 0.84400 4.46600 4.05900 2.37000 4.41500
112.00000 -8.12800 -4.57800 -2.87900 -5.94100 -1.53600 5.39100 -1.87200 -1.03800 2.88900 9.54200 1.44400 1.33300 5.44200 5.03500 3.34700 5.39100
113.00000 -10.08100 -6.04200 -3.36700 -7.89400 -3.00100 3.92700 -3.33700 -1.52600 3.86600 10.51800 1.44400 2.30900 6.41900 6.01200 3.83500 6.36800
114.00000 -12.52200 -7.50700 -4.83200 -9.84700 -4.46600 2.46200 -3.82500 -1.52600 4.35400 10.51800 1.44400 2.30900 6.90700 5.52400 4.32300 6.36800
115.00000 -14.96400 -8.97200 -5.32000 -10.82400 -5.93100 1.48500 -2.36000 -1.52600 3.86600 9.54200 1.44400 2.79700 6.90700 5.52400 4.32300 5.88000
116.00000 -14.96400 -8.97200 -5.32000 -10.82400 -6.41900 2.46200 0.57000 -1.03800 3.37700 9.54200 2.42100 3.28600 6.41900 5.03500 4.81200 5.88000
117.00000 -13.49900 -7.99600 -3.85500 -9.35900 -5.44200 3.92700 2.52300 -0.06100 2.40100 9.05400 3.88600 3.77400 5.44200 4.54700 5.30000 4.90300
118.00000 -10.08100 -6.04200 -2.39100 -7.40600 -3.48900 5.39100 3.49900 1.40400 1.42400 9.05400 4.86200 4.26200 4.46600 4.54700 5.78800 5.39100
119.00000 -7.15100 -3.11300 -0.92600 -4.96400 -2.02400 6.36800 3.01100 1.89200 0.93600 10.03000 5.83900 4.26200 3.48900 4.54700 7.25300 5.39100
120.00000 -5.68600 -2.13600 -0.43700 -3.98800 -1.04800 5.88000 2.52300 1.40400 0.44800 10.51800 6.32700 4.75100 3.00100 4.54700 7.74100 5.88000
121.00000 -5.68600 -2.13600 0.05100 -4.47600 -1.04800 4.90300 2.03500 0.42700 0.44800 10.03000 7.30400 4.75100 3.48900 5.03500 8.71800 6.36800
122.00000 -7.15100 -4.08900 -0.43700 -6.42900 -2.51300 3.43800 1.54600 -1.03800 0.93600 9.05400 7.30400 4.75100 4.46600 5.52400 8.71800 6.85600
123.00000 -8.61600 -7.01900 -0.92600 -8.38200 -4.95400 2.46200 1.54600 -1.52600 1.42400 8.07700 7.30400 4.75100 5.44200 6.01200 8.23000 7.34500
124.00000 -10.08100 -8.48400 -1.90200 -9.84700 -6.41900 1.48500 1.54600 -1.03800 1.91200 7.58900 6.32700 4.75100 6.41900 5.52400 7.25300 6.85600
125.00000 -10.56900 -8.97200 -2.39100 -9.84700 -6.41900 1.48500 1.54600 0.42700 2.40100 7.58900 5.35100 4.26200 6.41900 5.03500 5.78800 6.36800
126.00000 -10.08100 -7.50700 -1.90200 -8.38200 -4.95400 2.46200 2.52300 1.40400 2.88900 8.07700 4.37400 3.77400 5.93100 4.54700 4.81200 5.39100
127.00000 -8.12800 -4.08900 -0.43700 -5.45200 -2.02400 4.90300 3.98800 2.38000 2.88900 9.54200 3.39800 2.79700 4.95400 4.05900 3.34700 4.41500
128.00000 -4.71000 -0.67100 2.00400 -2.52300 0.90500 7.34500 5.45200 1.89200 3.37700 11.00700 2.90900 2.30900 4.46600 4.54700 2.85800 3.92700
129.00000 -1.78000 2.25800 3.46900 -0.57000 3.34700 9.29800 4.96400 1.40400 3.86600 11.98300 2.90900 1.33300 4.46600 5.03500 1.88200 3.92700
130.00000 0.17300 3.23500 2.98100 -0.57000 3.34700 8.80900 3.01100 0.42700 3.37700 11.98300 1.93300 0.84400 4.95400 5.03500 1.39400 3.92700
131.00000 -0.80400 1.77000 1.51600 -1.54600 1.39400 6.36800 0.08100 -0.54900 2.88900 10.51800 0.46800 0.35600 4.46600 4.05900 -0.07100 2.95000
132.00000 -3.24500 -1.64800 -0.92600 -3.49900 -1.04800 2.95000 -2.36000 -1.52600 1.91200 8.07700 -1.48500 -0.62100 3.48900 2.10600 -1.53600 1.48500
133.00000 -5.68600 -4.08900 -1.90200 -5.45200 -3.00100 0.50900 -2.84800 -2.01400 0.93600 6.61200 -2.95000 -1.10900 2.51300 0.15300 -2.51300 0.02000
134.00000 -6.17500 -4.08900 -1.41400 -5.45200 -3.48900 0.50900 -2.36000 -1.52600 0.93600 6.12400 -2.46200 -0.62100 2.02400 -0.33600 -2.02400 -0.46800
135.00000 -3.73300 -2.13600 1.51600 -3.98800 -2.02400 2.95000 -0.40700 0.42700 1.42400 7.10000 -0.02000 0.84400 2.51300 0.15300 -0.55900 0.50900
136.00000 -0.31500 1.77000 3.95700 -2.03500 0.90500 5.88000 1.54600 2.38000 2.88900 9.54200 2.42100 3.28600 3.48900 1.61700 1.88200 1.97300
137.00000 1.63800 4.70000 4.44500 -0.57000 2.85800 8.32100 3.01100 3.35700 3.37700 11.49500 4.37400 4.26200 4.46600 3.08200 3.34700 3.92700
138.00000 1.14900 5.18800 2.98100 -0.57000 3.34700 9.29800 3.98800 2.86900 3.37700 11.49500 4.86200 4.26200 4.95400 3.57100 3.83500 4.41500
139.00000 -1.78000 2.74700 0.05100 -2.03500 2.37000 8.32100 3.98800 1.40400 1.91200 10.51800 3.39800 2.79700 4.95400 3.57100 2.37000 3.92700
140.00000 -5.19800 -0.18300 -2.87900 -4.47600 0.41700 5.88000 2.52300 -1.03800 0.44800 8.56500 1.44400 1.33300 3.97700 2.59400 1.39400 2.95000
141.00000 -7.64000 -2.13600 -3.85500 -6.42900 -1.53600 3.92700 1.05800 -2.50200 -1.01700 7.10000 0.95600 0.84400 3.48900 1.61700 0.90500 2.46200
142.00000 -8.12800 -2.62500 -3.36700 -6.91700 -2.02400 2.46200 -0.40700 -2.99100 -1.01700 6.61200 1.93300 1.33300 3.97700 2.10600 1.39400 3.43800
143.00000 -6.17500 -0.67100 -1.90200 -5.45200 -1.53600 2.46200 0.08100 -1.52600 -0.52900 7.10000 3.88600 2.79700 4.95400 3.08200 3.34700 5.39100
144.00000 -4.22200 0.79300 -0.92600 -3.98800 -0.07100 3.43800 1.54600 0.42700 0.93600 7.10000 5.83900 4.26200 5.93100 4.05900 4.81200 6.85600
145.00000 -3.24500 1.28200 -0.92600 -3.01100 0.41700 3.92700 3.01100 1.40400 1.42400 7.10000 5.83900 4.26200 5.93100 4.05900 5.30000 7.34500
146.00000 -3.73300 -0.18300 -1.90200 -2.52300 0.41700 3.43800 3.01100 0.91600 1.91200 6.61200 4.37400 3.77400 5.44200 3.57100 3.83500 5.88000
147.00000 -4.22200 -1.16000 -2.39100 -3.49900 -0.55900 2.95000 0.57000 -0.06100 1.91200 6.12400 1.93300 1.82100 4.46600 2.59400 1.88200 3.92700
148.00000 -4.71000 -1.64800 -2.39100 -4.47600 -0.55900 3.43800 -2.36000 -1.52600 2.40100 6.61200 -0.02000 -0.13200 3.48900 1.61700 -0.07100 1.97300
149.00000 -3.73300 0.79300 -0.92600 -4.47600 1.39400 5.39100 -3.33700 -2.01400 3.37700 9.05400 -0.99700 -1.10900 3.48900 2.10600 -1.04800 1.97300
150.00000 -1.29200 4.21100 1.02700 -3.01100 4.32300 8.80900 -1.38300 -1.52600 4.35400 11.98300 -0.50900 -0.62100 3.48900 3.57100 -1.04800 2.95000
151.00000 0.66100 7.62900 2.98100 -0.57000 7.25300 12.22700 3.01100 -0.06100 4.35400 13.93600 1.44400 0.35600 4.46600 6.01200 0.41700 4.41500
152.00000 2.12600 9.09400 4.44500 1.87200 8.71800 13.69200 6.91700 1.40400 3.86600 14.42500 3.39800 1.33300 4.95400 7.47700 1.88200 6.36800
153.00000 2.12600 8.11800 5.42200 2.36000 7.74100 12.71600 8.38200 1.89200 2.88900 13.93600 4.86200 2.30900 4.46600 7.47700 2.85800 6.36800
154.00000 1.14900 5.18800 5.42200 1.87200 5.78800 10.27400 6.42900 1.40400 1.42400 12.47200 5.35100 1.82100 3.97700 6.50000 2.85800 5.88000
155.00000 -0.80400 1.77000 4.44500 -0.08100 2.85800 6.85600 3.01100 0.42700 0.93600 10.51800 3.88600 0.84400 3.00100 4.54700 1.39400 3.92700
156.00000 -3.24500 -0.67100 2.98100 -1.54600 0.90500 4.90300 0.08100 -0.54900 1.42400 9.54200 1.93300 -1.10900 2.02400 2.10600 -0.07100 1.97300
157.00000 -4.22200 -1.64800 0.53900 -2.52300 0.41700 3.43800 -1.38300 -1.03800 1.91200 8.07700 -0.02000 -2.08500 1.53600 0.64100 -2.02400 0.50900
158.00000 -4.71000 -1.16000 -0.92600 -2.52300 -0.07100 3.43800 -0.40700 -1.03800 2.40100 7.58900 -1.48500 -2.57400 1.53600 -0.33600 -2.51300 0.02000
159.00000 -4.22200 -0.67100 -1.41400 -2.52300 -0.07100 3.43800 1.05800 -0.54900 2.40100 7.58900 -0.99700 -1.59700 1.53600 -0.33600 -2.02400 0.02000
160.00000 -3.73300 -0.67100 -0.92600 -2.52300 -0.07100 3.43800 2.03500 -0.54900 1.91200 7.58900 0.46800 -0.13200 2.02400 -0.33600 -0.55900 0.99700
161.00000 -3.73300 -1.16000 -0.43700 -3.01100 -0.55900 2.46200 2.03500 -1.03800 0.93600 7.10000 1.44400 0.84400 2.02400 -0.82400 0.41700 1.48500
162.00000 -5.19800 -3.11300 -0.92600 -3.98800 -1.53600 0.99700 1.54600 -2.01400 -0.04100 6.61200 1.44400 0.84400 2.02400 -0.82400 0.90500 1.97300
163.00000 -7.15100 -5.55400 -1.41400 -4.47600 -3.00100 -0.95600 0.57000 -2.99100 -1.01700 5.63600 0.46800 -0.13200 1.53600 -1.80100 0.41700 1.48500
164.00000 -8.61600 -7.01900 -1.90200 -4.47600 -3.97700 -2.42100 0.08100 -3.96700 -1.01700 4.65900 -0.50900 -1.59700 1.04800 -1.80100 -0.07100 0.99700
165.00000 -8.61600 -7.01900 -0.92600 -4.47600 -3.97700 -2.42100 0.57000 -3.47900 -0.52900 5.14700 -0.99700 -2.08500 1.04800 -1.80100 -0.07100 0.50900
166.00000 -7.15100 -5.55400 1.02700 -3.98800 -3.48900 -0.46800 1.05800 -2.01400 0.44800 6.61200 -0.50900 -1.59700 1.53600 -0.82400 0.41700 0.02000
167.00000 -5.68600 -3.60100 2.98100 -3.49900 -2.51300 1.97300 1.54600 -1.03800 1.91200 8.07700 0.95600 -0.62100 2.02400 -0.33600 1.39400 0.50900
168.00000 -4.22200 -2.62500 2.98100 -3.01100 -1.53600 2.95000 2.03500 0.42700 2.40100 9.05400 0.95600 -0.13200 2.51300 -0.33600 1.39400 0.99700
169.00000 -4.22200 -1.64800 1.02700 -3.01100 -1.53600 2.95000 1.54600 0.42700 2.40100 9.05400 -0.02000 -1.10900 2.02400 -0.33600 0.41700 0.99700
170.00000 -5.19800 -2.13600 -2.39100 -3.01100 -2.02400 1.97300 0.08100 -0.06100 1.42400 8.56500 -2.95000 -2.57400 1.53600 -0.82400 -1.04800 0.02000
171.00000 -6.17500 -2.62500 -4.34400 -3.01100 -1.53600 0.99700 -1.87200 -1.03800 0.93600 7.58900 -5.88000 -4.03800 0.07100 -1.31200 -3.00100 -0.95600
172.00000 -6.17500 -2.13600 -4.34400 -2.52300 -1.04800 1.97300 -3.33700 -2.01400 0.44800 8.07700 -7.34500 -5.50300 -0.41700 -1.80100 -3.97700 -1.93300
173.00000 -5.19800 -1.64800 -1.90200 -2.03500 -0.07100 3.92700 -3.33700 -2.50200 0.44800 9.05400 -7.34500 -5.50300 -0.41700 -1.31200 -4.46600 -2.42100
174.00000 -4.22200 -0.18300 2.00400 -1.54600 1.39400 6.36800 -1.87200 -2.99100 0.93600 10.03000 -6.36800 -5.50300 0.55900 -0.33600 -3.97700 -1.93300
175.00000 -2.75700 0.30500 4.44500 -1.05800 1.88200 6.85600 0.57000 -2.99100 1.91200 11.00700 -4.90300 -4.03800 1.04800 0.64100 -3.00100 -0.95600
176.00000 -2.26800 0.30500 4.44500 -1.54600 1.39400 5.88000 2.03500 -2.99100 2.40100 11.00700 -4.41500 -3.06200 2.02400 1.61700 -2.02400 0.02000
177.00000 -3.24500 -1.16000 2.98100 -2.52300 -0.07100 3.92700 1.54600 -2.99100 2.40100 10.51800 -3.92700 -2.57400 3.00100 2.10600 -1.53600 0.99700
178.00000 -4.71000 -2.62500 0.05100 -3.98800 -1.53600 2.46200 0.08100 -2.99100 3.37700 10.51800 -3.92700 -2.08500 3.48900 2.59400 -1.04800 1.97300
179.00000 -6.66300 -3.60100 -1.90200 -5.45200 -2.02400 2.46200 -2.36000 -2.50200 3.86600 11.00700 -3.43800 -1.59700 4.46600 3.08200 -0.07100 2.46200
180.00000 -7.15100 -3.60100 -1.90200 -5.94100 -1.53600 3.92700 -2.84800 -2.01400 4.35400 11.98300 -2.95000 -1.10900 4.46600 3.57100 0.90500 2.95000
181.00000 -7.15100 -3.11300 -0.92600 -4.96400 -0.07100 5.88000 -2.36000 -2.01400 4.35400 11.98300 -2.46200 -1.10900 4.46600 3.08200 1.39400 2.95000
182.00000 -6.66300 -2.13600 1.02700 -3.98800 0.90500 6.36800 -1.87200 -1.03800 4.35400 11.49500 -2.46200 -1.59700 3.00100 1.61700 1.39400 2.46200
183.00000 -6.17500 -2.62500 1.51600 -3.01100 0.90500 4.90300 -1.87200 -1.03800 2.88900 9.54200 -2.95000 -2.08500 1.53600 -0.33600 -0.07100 0.50900
184.00000 -7.15100 -3.60100 1.02700 -3.01100 -0.07100 2.46200 -2.36000 -1.52600 1.42400 7.10000 -3.92700 -3.06200 0.07100 -2.77700 -2.02400 -1.44400
185.00000 -8.61600 -5.55400 -0.92600 -3.98800 -2.51300 -0.46800 -2.36000 -2.01400 -0.04100 5.63600 -4.41500 -3.55000 -0.41700 -3.75400 -3.48900 -2.90900
186.00000 -10.08100 -7.50700 -2.87900 -5.45200 -4.46600 -2.42100 -2.36000 -2.50200 -0.52900 5.14700 -4.90300 -3.06200 0.07100 -3.75400 -3.48900 -2.90900
187.00000 -10.08100 -7.99600 -3.85500 -5.94100 -5.44200 -1.93300 -1.38300 -3.47900 -0.04100 6.12400 -4.90300 -2.57400 1.04800 -2.28900 -3.00100 -1.44400
188.00000 -9.10400 -7.50700 -3.36700 -5.94100 -4.95400 0.02000 -0.40700 -2.99100 1.42400 7.58900 -3.92700 -1.59700 2.02400 -0.33600 -1.04800 0.50900
189.00000 -8.12800 -7.01900 -2.39100 -5.45200 -3.48900 1.97300 0.57000 -1.52600 1.91200 9.54200 -2.46200 -0.62100 2.51300 1.12900 0.41700 1.97300
190.00000 -7.64000 -6.04200 -0.92600 -4.47600 -3.00100 2.46200 1.05800 0.42700 1.91200 9.54200 -0.50900 0.35600 2.51300 1.61700 0.90500 2.95000
191.00000 -8.61600 -7.01900 0.05100 -4.47600 -3.97700 0.50900 1.05800 1.40400 1.42400 8.07700 -0.02000 0.35600 2.02400 1.12900 0.90500 1.97300
192.00000 -10.08100 -8.48400 0.05100 -5.45200 -4.95400 -1.93300 1.05800 1.89200 0.44800 6.12400 -0.50900 0.35600 1.04800 -0.82400 -0.07100 0.99700
193.00000 -11.54600 -9.46000 -0.43700 -5.94100 -6.41900 -3.88600 0.57000 1.40400 -0.52900 4.17100 -1.97300 0.35600 1.04800 -2.28900 -0.55900 0.50900
194.00000 -10.56900 -9.46000 -0.92600 -5.94100 -6.41900 -3.88600 -0.40700 0.42700 -1.50600 3.68200 -2.95000 -0.13200 1.53600 -2.77700 -1.04800 0.02000
195.00000 -8.61600 -7.99600 -0.92600 -4.96400 -5.44200 -2.90900 -1.87200 -1.03800 -1.99400 3.68200 -3.92700 -1.59700 1.04800 -2.77700 -1.53600 -0.46800
196.00000 -6.17500 -6.04200 -0.43700 -3.49900 -3.97700 -0.95600 -3.33700 -1.52600 -1.50600 4.65900 -4.41500 -2.08500 0.55900 -2.28900 -2.51300 -0.95600
197.00000 -4.71000 -4.08900 0.53900 -2.52300 -3.48900 0.50900 -4.31300 -1.52600 -1.01700 5.63600 -4.41500 -3.06200 -0.41700 -2.28900 -3.97700 -2.42100
198.00000 -4.71000 -3.11300 1.02700 -2.03500 -2.51300 0.99700 -3.82500 -2.01400 0.44800 6.12400 -4.90300 -3.55000 -0.90500 -2.77700 -5.44200 -4.37400
199.00000 -5.19800 -2.62500 2.00400 -2.52300 -2.02400 0.50900 -1.87200 -2.50200 1.42400 7.10000 -4.90300 -3.55000 -1.39400 -3.26500 -6.90700 -5.83900
200.00000 -4.71000 -2.62500 2.00400 -3.01100 -1.53600 0.02000 1.05800 -2.01400 1.91200 7.10000 -4.41500 -3.06200 -1.88200 -4.73000 -6.90700 -6.81600
201.00000 -4.22200 -3.60100 2.00400 -3.49900 -1.53600 -0.46800 3.01100 -1.03800 1.42400 6.12400 -2.46200 -2.08500 -1.88200 -6.19500 -5.93100 -6.81600
202.00000 -3.24500 -4.57800 2.49200 -3.01100 -2.51300 -1.93300 4.47600 0.42700 -0.04100 4.17100 0.95600 -0.13200 -2.37000 -8.14800 -3.97700 -6.81600
203.00000 -3.73300 -6.53100 2.98100 -2.52300 -4.46600 -4.37400 4.96400 1.89200 -1.99400 1.24100 4.37400 1.33300 -2.37000 -9.12500 -1.04800 -5.83900
204.00000 -5.68600 -8.97200 2.49200 -2.03500 -6.90700 -7.79200 4.96400 2.86900 -3.45900 -2.17700 6.81600 2.30900 -2.85800 -9.61300 1.39400 -3.88600
205.00000 -9.10400 -10.92500 0.53900 -2.52300 -8.37200 -11.21000 4.47600 1.89200 -4.43500 -4.13000 7.79200 2.30900 -1.88200 -8.14800 4.32300 -0.95600
206.00000 -12.03400 -11.90200 -2.39100 -4.47600 -8.86000 -12.67500 2.52300 0.42700 -3.94700 -3.15300 6.32700 2.30900 0.07100 -5.70700 6.27600 2.95000
207.00000 -13.98700 -12.39000 -6.29700 -6.42900 -8.37200 -11.69800 -1.38300 -2.01400 -1.99400 -0.22400 3.39800 1.33300 2.51300 -1.80100 7.25300 6.85600
208.00000 -15.45200 -12.39000 -10.20300 -8.87000 -7.39500 -8.28000 -6.26600 -3.96700 -0.04100 4.65900 -0.02000 -0.13200 4.95400 2.59400 7.25300 9.29800
209.00000 -15.94000 -11.90200 -12.15600 -9.84700 -5.93100 -4.37400 -11.14900 -4.45600 2.40100 9.54200 -3.43800 -1.10900 6.41900 6.50000 5.78800 10.27400
210.00000 -14.96400 -10.43700 -12.64400 -10.33500 -4.46600 -1.44400 -14.07900 -4.94400 3.86600 12.47200 -6.36800 -1.59700 6.90700 8.94200 2.85800 9.78600
211.00000 -13.98700 -8.48400 -11.66800 -9.35900 -3.00100 0.50900 -14.07900 -4.45600 4.35400 13.93600 -7.83300 -2.57400 6.90700 8.94200 -0.07100 7.83300
212.00000 -12.03400 -6.04200 -10.20300 -7.89400 -2.02400 0.50900 -11.14900 -3.96700 4.35400 13.44800 -8.80900 -3.55000 5.93100 7.47700 -2.51300 5.39100
213.00000 -10.08100 -4.57800 -9.22600 -6.42900 -1.04800 0.02000 -7.24300 -3.96700 3.86600 11.49500 -8.32100 -4.03800 4.95400 5.52400 -3.48900 3.43800
214.00000 -9.10400 -4.57800 -8.25000 -5.45200 -1.04800 -0.95600 -4.80100 -3.47900 2.88900 9.54200 -7.34500 -4.52700 3.97700 3.57100 -3.97700 2.46200
215.00000 -9.10400 -6.04200 -7.76200 -5.45200 -2.02400 -2.42100 -4.80100 -3.47900 1.91200 7.58900 -6.36800 -4.52700 3.00100 2.10600 -3.00100 1.97300
216.00000 -10.08100 -7.99600 -6.78500 -5.94100 -3.48900 -2.90900 -5.29000 -3.47900 0.93600 6.61200 -4.90300 -4.03800 3.00100 1.61700 -1.53600 2.46200
217.00000 -11.05800 -8.97200 -5.80900 -6.42900 -4.46600 -2.90900 -5.29000 -2.99100 0.44800 6.61200 -2.95000 -3.06200 3.00100 2.59400 -0.07100 3.43800
218.00000 -11.05800 -7.50700 -3.85500 -6.91700 -3.97700 -0.95600 -3.33700 -2.50200 -0.04100 8.07700 -0.99700 -2.08500 3.00100 3.57100 1.88200 4.90300
219.00000 -9.59300 -5.06600 -1.41400 -5.94100 -3.00100 1.97300 0.57000 -1.52600 0.93600 10.03000 1.93300 -0.13200 3.48900 4.54700 3.83500 5.88000
220.00000 -7.64000 -2.62500 0.53900 -4.47600 -1.53600 4.41500 3.98800 0.42700 1.42400 11.49500 4.37400 1.33300 3.48900 5.03500 5.30000 6.85600
221.00000 -6.17500 -1.64800 1.51600 -3.01100 -0.07100 5.39100 5.45200 0.91600 1.91200 11.98300 5.35100 1.33300 3.48900 5.03500 5.30000 5.88000
222.00000 -5.68600 -2.13600 2.49200 -2.03500 -0.07100 3.92700 3.98800 0.91600 1.91200 11.00700 3.88600 0.35600 2.02400 3.57100 3.34700 3.43800
223.00000 -6.17500 -4.08900 2.00400 -1.54600 -0.55900 0.99700 1.05800 -0.06100 1.42400 9.54200 0.95600 -1.59700 0.55900 1.12900 0.41700 0.50900
224.00000 -7.15100 -6.04200 1.51600 -2.03500 -1.04800 -1.93300 -2.36000 -1.52600 0.93600 7.10000 -1.97300 -3.06200 -0.90500 -1.80100 -2.51300 -2.42100
225.00000 -7.64000 -7.01900 0.05100 -2.52300 -2.02400 -3.39800 -2.84800 -2.99100 -0.04100 5.14700 -3.92700 -4.52700 -1.88200 -4.24200 -3.97700 -4.37400
226.00000 -7.15100 -7.01900 -1.41400 -3.01100 -2.02400 -2.90900 -1.87200 -2.99100 -0.52900 4.65900 -3.43800 -4.03800 -2.37000 -5.21900 -3.48900 -4.37400
227.00000 -6.17500 -5.55400 -0.92600 -3.49900 -2.02400 -0.95600 1.05800 -2.50200 -1.50600 4.65900 -0.99700 -2.57400 -1.88200 -5.21900 -1.53600 -2.90900
228.00000 -5.19800 -4.08900 1.02700 -2.03500 -2.51300 0.50900 3.98800 -1.52600 -1.99400 4.65900 1.93300 -0.62100 -1.39400 -3.75400 0.90500 -0.46800
229.00000 -3.73300 -2.62500 4.44500 -0.57000 -2.02400 0.99700 5.45200 -0.54900 -1.99400 5.14700 4.37400 0.35600 -0.90500 -2.28900 2.37000 1.97300
230.00000 -1.78000 -1.64800 7.86300 1.38300 -1.53600 0.50900 5.94100 0.42700 -2.48200 5.63600 4.86200 0.35600 -0.41700 -0.33600 3.34700 3.92700
231.00000 0.17300 -0.18300 10.30500 3.33700 -0.55900 0.50900 5.45200 0.91600 -1.99400 6.61200 3.88600 -0.13200 0.07100 0.64100 3.34700 5.39100
232.00000 1.63800 0.79300 10.30500 3.82500 0.90500 1.97300 4.96400 1.40400 -1.01700 7.10000 2.42100 -0.62100 0.07100 0.64100 3.34700 5.39100
233.00000 2.12600 1.77000 7.86300 3.82500 1.88200 3.43800 4.96400 1.89200 -0.04100 8.07700 2.42100 0.35600 0.07100 1.12900 3.83500 5.88000
234.00000 1.14900 1.77000 4.93400 3.33700 2.37000 4.90300 4.47600 2.38000 0.93600 9.54200 2.42100 1.33300 0.55900 1.12900 3.83500 5.39100
235.00000 -0.31500 0.79300 2.49200 2.36000 2.37000 5.39100 4.47600 2.38000 1.91200 10.51800 3.88600 1.82100 1.53600 1.61700 4.32300 5.39100
236.00000 -2.26800 -0.18300 2.00400 0.40700 1.88200 5.39100 3.98800 1.89200 2.88900 11.00700 4.37400 2.30900 2.02400 1.61700 3.83500 4.41500
237.00000 -3.24500 -1.64800 2.98100 -0.08100 1.39400 4.90300 3.01100 0.91600 3.37700 11.49500 4.86200 2.30900 2.02400 2.10600 3.83500 3.92700
238.00000 -3.24500 -1.64800 3.95700 -1.05800 0.41700 4.90300 3.49900 0.91600 3.37700 11.49500 4.86200 2.30900 2.51300 2.10600 3.83500 3.43800
239.00000 -2.75700 -1.64800 5.42200 -0.57000 0.41700 4.90300 4.47600 0.91600 2.88900 11.49500 5.35100 2.79700 2.51300 2.10600 4.32300 2.95000
240.00000 -2.26800 -0.67100 5.91000 -0.08100 -0.07100 5.39100 6.42900 1.89200 2.40100 11.49500 6.32700 3.28600 2.51300 2.10600 4.81200 2.95000
241.00000 -1.29200 -0.18300 5.91000 0.89500 0.41700 4.90300 7.89400 2.86900 1.91200 11.49500 7.30400 3.77400 2.02400 1.61700 5.30000 2.46200
242.00000 -0.80400 -0.18300 6.39900 1.87200 0.41700 4.41500 8.38200 3.35700 1.42400 11.49500 8.76900 3.77400 1.53600 1.12900 4.81200 1.97300
243.00000 -0.31500 -0.18300 7.86300 1.87200 0.41700 3.92700 8.38200 3.35700 0.93600 11.49500 9.25700 3.77400 1.04800 1.12900 3.83500 1.48500
244.00000 0.17300 -0.18300 9.32800 1.87200 0.41700 3.92700 7.89400 2.86900 0.93600 11.98300 8.76900 2.79700 1.04800 1.12900 3.34700 1.48500
245.00000 -0.31500 -0.18300 9.32800 0.89500 0.41700 4.90300 7.89400 2.38000 1.42400 11.98300 8.28000 2.30900 1.53600 1.61700 3.34700 1.97300
246.00000 -0.80400 -0.18300 9.32800 0.40700 0.41700 5.39100 7.89400 2.38000 1.91200 11.98300 7.79200 2.30900 2.02400 3.08200 3.83500 2.95000
247.00000 -1.78000 -0.18300 8.35200 -0.08100 -0.07100 4.90300 7.89400 2.38000 2.40100 12.47200 7.79200 2.79700 3.00100 5.03500 5.30000 4.90300
248.00000 -1.78000 -0.67100 7.37500 0.40700 -0.07100 3.43800 7.89400 2.86900 2.88900 11.98300 7.79200 3.77400 4.46600 5.52400 6.76500 5.88000
249.00000 -1.78000 -1.16000 6.39900 0.89500 -0.07100 2.95000 7.40600 2.86900 2.88900 11.98300 8.28000 4.26200 4.95400 5.52400 7.74100 6.85600
250.00000 -0.80400 -1.16000 6.39900 1.38300 -0.07100 2.95000 7.40600 2.86900 1.42400 11.49500 8.28000 4.75100 4.95400 5.03500 8.23000 6.85600
251.00000 -0.80400 -1.16000 6.39900 1.38300 -0.07100 3.92700 7.89400 1.89200 -0.04100 11.00700 8.28000 5.23900 3.48900 4.05900 8.23000 6.36800
252.00000 -0.80400 -1.16000 5.91000 0.40700 -1.04800 4.90300 8.87000 1.40400 -0.52900 11.00700 8.28000 4.75100 3.00100 3.08200 8.23000 5.88000
253.00000 -2.26800 -1.16000 5.42200 -0.57000 -1.53600 4.90300 8.87000 1.40400 -1.50600 10.03000 8.28000 4.75100 3.00100 2.59400 8.23000 5.39100
254.00000 -3.24500 -2.13600 4.93400 -2.03500 -3.00100 3.43800 7.89400 1.89200 -1.01700 9.54200 8.28000 5.23900 3.48900 2.59400 8.23000 5.88000
255.00000 -4.71000 -4.08900 4.44500 -3.01100 -3.97700 1.48500 6.42900 2.38000 -0.04100 9.05400 8.28000 5.23900 4.46600 3.08200 8.71800 6.36800
256.00000 -6.17500 -6.04200 4.44500 -3.49900 -4.95400 0.02000 5.45200 3.35700 0.93600 9.05400 7.79200 5.23900 5.44200 4.05900 8.71800 6.85600
