1.00000 -0.35600 3.34700 -1.57700 0.73200 4.14000 2.41100 4.63900 4.10000 3.65200 5.81900 0.10200 2.26800 -0.91600 6.30700 -1.66800 -3.40800
2.00000 -1.33300 3.34700 -3.04200 -0.24400 4.62800 2.89900 2.68600 2.14600 4.14000 4.84200 -3.31600 -0.66100 -2.38000 3.37700 -5.57500 -7.80200
3.00000 -1.33300 2.85800 -4.01800 -1.22100 5.11700 2.41100 -1.70900 0.19300 4.14000 3.86600 -6.24600 -3.10300 -3.35700 0.93600 -8.01600 -9.26700
4.00000 -1.33300 1.88200 -5.48300 -2.19700 4.14000 0.94600 -5.61500 -2.24800 3.16400 1.42400 -8.68700 -5.05600 -3.35700 0.44800 -9.48100 -8.77900
5.00000 -1.33300 0.41700 -6.46000 -2.68600 2.67500 -1.98400 -8.05700 -3.71300 1.69900 -0.52900 -9.17600 -5.54400 -2.86900 -0.04100 -9.48100 -7.80200
6.00000 -0.84400 -1.04800 -5.97100 -2.19700 0.72200 -4.91300 -7.56800 -3.71300 -0.74300 -2.97000 -9.17600 -5.54400 -1.89200 -1.01700 -9.48100 -7.31400
7.00000 -1.33300 -2.02400 -4.99500 -0.73200 -1.71900 -7.35500 -6.10400 -2.73600 -3.18400 -5.41200 -9.17600 -5.05600 -2.86900 -3.45900 -9.48100 -9.26700
8.00000 -2.30900 -3.00100 -4.01800 0.24400 -3.67200 -9.79600 -5.61500 -1.76000 -6.11400 -8.34100 -9.66400 -4.56700 -5.31000 -7.36500 -9.96900 -11.70900
9.00000 -3.77400 -3.97700 -4.01800 0.73200 -5.62500 -11.74900 -8.05700 -1.27200 -9.04300 -11.75900 -10.64000 -4.56700 -8.24000 -11.27100 -10.94600 -13.66200
10.00000 -5.72700 -5.44200 -4.99500 -0.24400 -6.60200 -13.21400 -12.45100 -0.29500 -10.50800 -14.68900 -11.12900 -4.07900 -9.70500 -13.71300 -10.45700 -13.66200
11.00000 -6.21500 -6.41900 -6.94800 -1.22100 -6.60200 -12.72600 -15.86900 0.19300 -10.02000 -15.66600 -10.64000 -2.61400 -9.21600 -13.22400 -8.50400 -11.22000
12.00000 -6.70400 -6.41900 -7.92400 -2.68600 -5.62500 -10.77300 -15.86900 0.68200 -8.06700 -14.68900 -8.19900 -1.14900 -6.77500 -10.29500 -6.06300 -6.82600
13.00000 -6.21500 -5.44200 -8.90100 -3.66200 -4.16100 -7.35500 -11.47500 1.17000 -5.13700 -10.78300 -4.78100 0.80400 -3.35700 -5.90000 -2.64500 -2.43100
14.00000 -6.70400 -4.46600 -8.90100 -4.15000 -3.67200 -3.44800 -6.10400 1.17000 -1.71900 -6.38800 -2.82800 1.29200 -0.42700 -1.50600 -0.69200 -0.47800
15.00000 -8.16900 -4.46600 -9.87800 -5.12700 -3.67200 -1.98400 -3.17400 1.17000 1.69900 -2.48200 -2.34000 1.29200 1.52600 1.42400 -0.20300 0.49800
16.00000 -10.12200 -5.93100 -10.36600 -6.59200 -4.64900 -2.96000 -3.66200 -0.29500 3.65200 -0.52900 -3.31600 0.31500 2.01400 3.37700 0.28500 0.01000
17.00000 -11.58700 -7.39500 -10.36600 -8.05700 -5.13700 -5.40200 -6.10400 -1.76000 5.60500 1.42400 -3.80500 0.31500 2.99100 4.84200 0.77300 0.98700
18.00000 -11.58700 -7.88400 -9.87800 -9.03300 -4.64900 -6.37800 -6.59200 -2.73600 7.55800 3.37700 -2.82800 1.29200 4.94400 7.77200 2.72600 3.42800
19.00000 -10.12200 -7.39500 -7.92400 -8.05700 -3.18400 -4.91300 -4.15000 -2.24800 8.53500 5.81900 0.10200 2.75700 5.92000 11.67800 4.67900 5.87000
20.00000 -8.65700 -6.41900 -4.99500 -6.10400 -1.23100 -1.00700 0.73200 -0.78300 9.02300 7.77200 3.52000 3.73300 6.40900 14.60800 6.63200 7.82300
21.00000 -7.68000 -5.44200 -2.55300 -4.15000 -0.25400 2.89900 4.15000 -0.29500 8.53500 8.74800 5.96100 3.24500 4.94400 15.58400 7.12100 7.33400
22.00000 -7.19200 -4.46600 -1.57700 -2.68600 -0.25400 4.85200 4.15000 0.19300 7.55800 7.77200 6.44900 2.26800 3.47900 14.60800 6.14400 6.35800
23.00000 -6.70400 -3.97700 -1.08800 -1.70900 -0.74300 4.85200 1.22100 0.19300 6.09300 7.28400 5.96100 1.78000 2.01400 12.65500 5.65600 5.87000
24.00000 -5.23900 -3.00100 -0.60000 -0.73200 -1.23100 4.36400 -0.73200 0.68200 5.11700 7.77200 5.47300 2.75700 2.50200 11.67800 6.14400 6.35800
25.00000 -2.30900 -1.53600 0.37600 0.24400 -0.74300 4.85200 0.24400 2.63500 4.62800 9.72500 6.44900 5.19800 3.47900 12.65500 7.60900 7.82300
26.00000 -0.35600 -0.55900 1.84100 1.22100 -0.25400 5.34100 4.15000 5.07600 3.65200 11.19000 8.89100 7.64000 4.94400 14.60800 9.56200 9.77600
27.00000 -0.35600 0.41700 2.81800 1.22100 -0.25400 6.80500 8.05700 7.51700 2.18700 11.67800 10.84400 9.59300 5.92000 16.56100 10.53900 10.75200
28.00000 -2.30900 0.41700 2.81800 0.24400 -0.25400 7.29400 9.52100 8.49400 0.72200 11.19000 11.82000 9.59300 4.94400 16.56100 10.53900 10.75200
29.00000 -5.23900 -0.55900 2.33000 -1.22100 -0.74300 7.29400 8.05700 8.00600 -0.74300 9.23700 11.33200 9.10400 4.45600 15.58400 10.53900 10.75200
30.00000 -7.19200 -1.04800 1.84100 -2.68600 -0.25400 6.31700 6.10400 7.02900 -1.23100 7.77200 10.35600 8.61600 4.45600 14.11900 10.05000 10.75200
31.00000 -6.70400 -1.53600 1.84100 -3.66200 -0.25400 5.82900 4.63900 6.05300 -1.71900 5.81900 8.89100 7.64000 3.96700 12.65500 10.05000 10.26400
32.00000 -5.23900 -2.02400 3.30600 -3.17400 -0.25400 5.34100 5.61500 6.05300 -1.71900 3.86600 8.89100 7.15100 3.47900 10.70100 9.56200 9.28800
33.00000 -3.77400 -1.53600 4.28300 -2.19700 -1.23100 4.85200 7.08000 6.05300 -1.71900 0.93600 9.37900 6.66300 2.50200 9.72500 9.07400 8.31100
34.00000 -2.79700 -1.04800 4.77100 -1.70900 -2.20700 4.36400 8.05700 6.05300 -1.23100 -1.01700 10.35600 7.15100 2.99100 8.26000 9.07400 8.31100
35.00000 -3.77400 -1.04800 4.77100 -1.22100 -3.18400 3.38700 8.05700 6.05300 0.23400 -1.01700 10.84400 8.12800 3.96700 8.74800 10.53900 9.77600
36.00000 -5.23900 -1.53600 3.30600 -1.70900 -3.67200 3.38700 6.59200 5.56400 2.18700 1.42400 10.84400 8.61600 6.89700 10.21300 12.00400 12.70500
37.00000 -6.70400 -2.02400 1.84100 -2.19700 -3.67200 3.87600 4.63900 5.07600 3.65200 5.33000 8.89100 8.12800 7.87400 12.16600 12.98000 14.65900
38.00000 -8.16900 -3.00100 0.86500 -2.68600 -3.67200 3.87600 2.68600 4.10000 4.62800 8.26000 5.96100 6.66300 7.87400 13.14300 11.51500 14.17000
39.00000 -9.63300 -4.46600 -0.60000 -3.66200 -4.64900 3.38700 0.73200 3.12300 4.62800 8.74800 2.54300 4.71000 5.92000 12.16600 8.58600 11.24100
40.00000 -10.61000 -5.44200 -1.57700 -4.15000 -6.11400 1.92300 -1.22100 2.14600 3.65200 7.28400 0.59000 3.24500 3.96700 10.21300 6.14400 7.82300
41.00000 -10.61000 -5.93100 -2.06500 -4.63900 -7.09000 -0.03100 -2.19700 1.65800 3.16400 4.84200 0.59000 2.75700 3.47900 8.26000 5.65600 6.35800
42.00000 -9.63300 -5.44200 -1.57700 -4.63900 -7.09000 -0.51900 -0.73200 1.65800 2.67500 3.37700 2.05500 4.22200 3.96700 7.28400 7.12100 7.82300
43.00000 -7.19200 -3.97700 -0.11200 -4.15000 -6.11400 -0.03100 1.22100 2.63500 2.18700 3.37700 3.52000 5.19800 3.96700 6.79500 9.07400 9.28800
44.00000 -4.26200 -1.53600 2.33000 -2.68600 -4.64900 1.92300 3.17400 3.61100 1.69900 3.37700 4.49600 5.19800 3.47900 6.79500 9.56200 9.77600
45.00000 -2.30900 0.41700 4.28300 -1.22100 -2.69600 3.87600 2.68600 3.61100 0.23400 3.37700 3.03100 4.22200 1.03800 6.30700 8.09700 7.82300
46.00000 -0.35600 2.37000 4.77100 0.24400 -1.23100 4.85200 1.22100 2.14600 -0.74300 2.40100 1.07800 1.78000 -1.40400 5.33000 5.16800 4.89300
47.00000 1.10900 3.34700 4.28300 1.22100 -0.74300 4.85200 -1.22100 0.68200 -1.23100 0.93600 -0.38700 0.31500 -3.84500 3.37700 2.23800 2.45200
48.00000 1.59700 3.34700 4.28300 1.70900 -0.25400 4.36400 -1.70900 0.19300 -1.23100 -0.04100 -1.36300 -0.66100 -4.82200 1.91200 1.26100 2.45200
49.00000 1.59700 2.85800 4.77100 2.68600 0.23400 4.36400 -0.24400 0.19300 -1.23100 0.44800 -1.36300 -0.66100 -5.31000 -0.04100 1.26100 3.91600
50.00000 2.08500 2.85800 6.23600 3.66200 0.72200 5.34100 0.73200 1.65800 -1.71900 0.93600 -1.85100 -0.66100 -5.31000 -1.50600 1.75000 5.38100
51.00000 2.57400 3.83500 7.70100 4.63900 2.18700 7.29400 1.22100 3.61100 -1.71900 1.91200 -2.34000 -0.66100 -5.31000 -1.99400 1.26100 4.89300
52.00000 2.57400 6.27600 8.67700 5.12700 4.14000 9.73500 1.22100 4.58800 -1.71900 3.37700 -3.31600 -0.66100 -5.31000 -1.50600 -0.20300 2.45200
53.00000 3.55000 8.71800 9.16500 5.61500 6.58200 12.17700 2.19700 4.58800 -1.71900 3.37700 -2.82800 -0.66100 -5.31000 -1.01700 -1.66800 -0.96600
54.00000 4.52700 10.67100 9.16500 6.59200 8.04600 12.66500 5.61500 5.07600 -1.71900 2.88900 -0.87500 0.31500 -5.79800 -0.52900 -1.18000 -4.38400
55.00000 5.50300 11.15900 9.65400 7.08000 7.55800 11.20000 11.47500 6.05300 -3.18400 -0.04100 4.98500 3.24500 -5.79800 -1.01700 2.23800 -4.87300
56.00000 4.52700 8.71800 10.14200 7.08000 5.11700 6.80500 17.33400 8.49400 -6.11400 -4.43500 12.79700 7.64000 -5.79800 -2.97000 9.56200 -1.94300
57.00000 2.08500 2.85800 9.65400 5.61500 1.21100 0.45800 19.28700 10.44700 -9.53200 -10.29500 23.05100 13.01100 -5.79800 -4.92400 19.81600 3.91600
58.00000 -3.28600 -4.46600 6.72400 2.19700 -3.67200 -7.35500 18.31100 11.91200 -11.97300 -16.64200 33.79300 18.38200 -4.82200 -6.87700 32.02300 12.21700
59.00000 -11.58700 -12.76700 1.35300 -2.19700 -8.06700 -14.19100 14.89300 11.91200 -13.92600 -21.52500 42.58200 22.77600 -2.38000 -6.87700 43.25400 19.05300
60.00000 -18.91100 -19.11400 -4.50600 -6.59200 -10.99700 -19.07300 11.47500 10.44700 -12.95000 -23.47800 47.95300 25.70600 0.06100 -5.41200 51.06600 24.42400
61.00000 -24.77000 -22.04400 -8.90100 -9.03300 -11.97300 -19.56200 10.49800 8.98200 -10.99700 -22.50200 49.41800 25.70600 2.50200 -2.48200 54.48400 26.86600
62.00000 -25.74700 -21.06700 -9.87800 -9.52100 -10.50800 -16.14400 9.52100 7.51700 -7.09000 -18.59500 46.00000 23.75300 4.94400 2.40100 52.53100 27.35400
63.00000 -22.81700 -16.18400 -8.41300 -8.05700 -7.09000 -9.79600 8.54500 6.54100 -2.20700 -12.73600 38.67600 20.33500 6.89700 6.79500 46.18300 25.40100
64.00000 -17.44600 -11.30200 -4.99500 -6.59200 -2.69600 -2.96000 5.61500 5.56400 2.18700 -5.90000 29.39900 15.94000 8.36200 10.21300 36.90600 22.95900
65.00000 -13.05100 -7.39500 -4.01800 -5.12700 1.69900 0.94600 1.22100 4.10000 6.09300 -1.50600 19.14500 11.54600 8.85000 11.19000 26.65200 19.54100
66.00000 -11.09800 -5.93100 -5.48300 -4.63900 4.14000 1.92300 -3.17400 2.14600 8.04600 1.42400 10.35600 7.64000 8.36200 10.70100 17.37500 15.14700
67.00000 -12.07500 -6.90700 -8.90100 -5.12700 4.62800 0.94600 -6.10400 0.19300 8.53500 1.91200 3.52000 4.71000 7.38500 9.23700 11.02700 11.24100
68.00000 -13.54000 -6.90700 -10.85400 -5.61500 4.14000 -0.03100 -7.56800 -1.27200 7.55800 2.40100 -0.87500 2.75700 6.40900 7.77200 7.12100 7.82300
69.00000 -14.02800 -4.95400 -10.85400 -5.61500 3.65200 0.94600 -8.54500 -1.27200 7.07000 2.88900 -2.34000 0.80400 4.94400 6.79500 5.16800 5.87000
70.00000 -12.56300 -2.02400 -8.41300 -4.63900 4.14000 3.38700 -10.98600 -1.27200 6.58200 3.86600 -2.34000 -0.17300 3.47900 7.28400 3.70300 4.89300
71.00000 -10.12200 0.90500 -5.48300 -3.66200 5.11700 5.34100 -13.42800 -1.27200 6.58200 3.86600 -1.85100 -1.14900 2.01400 7.28400 2.72600 3.91600
72.00000 -7.19200 1.88200 -4.50600 -2.68600 6.58200 6.31700 -14.89300 -1.76000 7.55800 2.88900 -1.36300 -1.63800 1.03800 6.79500 1.75000 2.45200
73.00000 -6.21500 0.90500 -5.48300 -1.70900 7.55800 5.82900 -13.42800 -1.76000 8.04600 1.42400 -1.36300 -1.63800 0.06100 6.30700 0.77300 1.96300
74.00000 -6.21500 -1.04800 -6.94800 -1.22100 7.55800 4.36400 -9.52100 -1.76000 8.53500 0.93600 -1.85100 -1.14900 0.06100 5.33000 0.28500 0.98700
75.00000 -6.21500 -2.51300 -6.94800 -0.24400 7.07000 3.38700 -4.63900 -1.27200 8.53500 1.42400 -2.34000 -1.14900 -0.91600 4.84200 -0.20300 0.98700
76.00000 -6.21500 -2.51300 -5.97100 0.24400 6.09300 3.38700 -1.22100 -0.78300 7.55800 2.88900 -2.82800 -1.63800 -2.38000 4.35400 -0.69200 0.49800
77.00000 -5.72700 -1.53600 -3.53000 1.22100 5.11700 3.38700 -1.70900 -0.29500 6.09300 3.37700 -3.80500 -2.61400 -3.84500 3.86600 -1.66800 0.01000
78.00000 -4.75100 0.41700 -2.55300 2.19700 6.09300 3.87600 -4.15000 0.68200 4.14000 2.40100 -3.80500 -3.10300 -5.31000 3.86600 -2.15700 -0.47800
79.00000 -3.77400 1.88200 -1.57700 3.17400 7.07000 3.87600 -6.59200 1.17000 2.67500 -0.04100 -3.31600 -2.12600 -6.28700 3.37700 -1.18000 -0.47800
80.00000 -2.79700 3.34700 -3.04200 3.66200 8.04600 3.87600 -7.08000 1.17000 1.21100 -2.48200 -2.82800 -0.66100 -6.28700 2.40100 0.28500 -0.47800
81.00000 -2.30900 3.34700 -3.53000 3.66200 9.02300 3.87600 -5.61500 1.17000 0.23400 -3.94700 -1.36300 0.80400 -5.79800 1.42400 2.23800 -0.47800
82.00000 -2.30900 3.34700 -4.01800 2.68600 8.04600 3.87600 -3.66200 0.68200 -0.74300 -2.97000 0.10200 1.78000 -5.79800 0.93600 2.23800 0.49800
83.00000 -3.28600 1.88200 -3.53000 1.22100 6.58200 4.36400 -3.17400 0.68200 -0.74300 -0.52900 1.07800 2.75700 -5.31000 0.93600 2.23800 0.98700
84.00000 -6.21500 -0.07100 -3.53000 -0.73200 5.11700 4.85200 -4.15000 0.68200 -0.74300 1.91200 2.05500 3.24500 -3.84500 2.40100 2.72600 1.96300
85.00000 -9.14500 -2.02400 -3.53000 -2.19700 3.65200 3.87600 -5.12700 0.68200 -0.25400 3.86600 3.52000 4.71000 -2.38000 4.84200 4.19100 3.42800
86.00000 -12.07500 -4.46600 -4.50600 -3.66200 2.18700 2.89900 -4.63900 1.17000 0.72200 3.86600 4.98500 6.17500 -0.42700 7.28400 7.12100 5.38100
87.00000 -14.02800 -5.93100 -4.99500 -4.15000 0.72200 1.43400 -2.68600 2.14600 0.72200 2.40100 6.93800 8.12800 1.03800 8.74800 10.05000 6.84600
88.00000 -14.51600 -6.90700 -5.48300 -4.63900 -0.25400 -0.03100 -0.73200 3.12300 0.72200 -0.04100 8.89100 10.08100 2.50200 9.72500 12.00400 7.82300
89.00000 -14.02800 -7.39500 -5.48300 -4.63900 -1.71900 -1.00700 0.24400 3.61100 0.23400 -2.48200 10.35600 11.05800 2.99100 9.72500 13.46800 8.79900
90.00000 -13.54000 -6.90700 -4.99500 -5.12700 -2.69600 -1.49500 -0.24400 4.10000 -0.25400 -3.45900 11.33200 12.03400 4.45600 9.72500 13.46800 10.26400
91.00000 -14.51600 -7.39500 -5.48300 -6.10400 -3.18400 -2.47200 -0.73200 4.10000 0.72200 -1.50600 11.33200 11.54600 5.43200 9.72500 12.49200 11.72900
92.00000 -16.95800 -9.34900 -6.94800 -8.05700 -4.16100 -3.44800 -1.22100 3.12300 2.18700 1.91200 9.86700 10.08100 6.40900 10.21300 11.02700 11.72900
93.00000 -20.86400 -11.79000 -9.38900 -10.01000 -4.64900 -4.91300 -1.22100 1.17000 4.62800 5.33000 6.93800 8.12800 5.92000 9.72500 9.07400 9.77600
94.00000 -24.77000 -14.72000 -11.83100 -11.47500 -4.64900 -5.89000 -1.22100 -0.29500 6.58200 6.79500 4.00800 5.19800 4.94400 9.72500 6.14400 6.84600
95.00000 -26.72300 -16.67300 -12.80700 -10.98600 -3.67200 -5.89000 -2.19700 -1.76000 7.07000 4.84200 2.05500 3.24500 3.47900 9.23700 3.70300 3.91600
96.00000 -25.74700 -16.67300 -12.31900 -10.01000 -1.71900 -4.42500 -4.15000 -1.27200 7.07000 1.42400 2.54300 3.24500 2.99100 9.72500 3.70300 3.42800
97.00000 -23.79400 -15.20800 -10.85400 -8.54500 -0.25400 -2.96000 -6.10400 -0.29500 7.07000 -1.01700 4.00800 4.22200 2.99100 9.72500 4.67900 5.87000
98.00000 -21.35200 -13.74300 -9.38900 -7.56800 1.21100 -2.47200 -7.08000 0.68200 6.58200 -1.50600 4.98500 5.68600 3.96700 9.72500 6.14400 7.82300
99.00000 -20.37600 -13.25500 -9.87800 -8.05700 0.72200 -3.44800 -7.56800 0.68200 6.09300 -0.52900 4.00800 5.68600 3.47900 8.26000 5.16800 6.84600
100.00000 -21.84000 -13.74300 -11.34200 -9.52100 -0.74300 -4.91300 -7.56800 0.19300 5.11700 0.93600 1.07800 4.71000 1.52600 5.33000 2.72600 2.45200
101.00000 -23.79400 -15.69600 -13.78400 -10.98600 -2.69600 -5.89000 -9.03300 -0.78300 3.65200 -0.04100 -2.34000 2.75700 -1.40400 1.42400 -0.20300 -3.40800
102.00000 -26.23500 -17.16100 -15.73700 -11.96300 -4.64900 -6.37800 -11.96300 -1.76000 1.21100 -3.45900 -4.29300 1.29200 -4.33300 -2.48200 -3.13300 -8.77900
103.00000 -27.21200 -18.13800 -16.22500 -11.96300 -5.13700 -6.37800 -14.89300 -1.76000 0.23400 -6.87700 -4.78100 0.80400 -5.79800 -4.92400 -4.11000 -10.24400
104.00000 -26.72300 -18.62600 -16.22500 -12.45100 -5.13700 -7.35500 -16.35700 -1.76000 -0.25400 -8.83000 -3.80500 0.31500 -6.77500 -6.38800 -4.11000 -9.26700
105.00000 -25.74700 -19.11400 -15.73700 -12.45100 -4.64900 -8.82000 -15.86900 -2.73600 -0.25400 -8.83000 -3.31600 -0.66100 -6.77500 -6.38800 -4.11000 -8.29100
106.00000 -25.25800 -19.11400 -16.71300 -12.93900 -4.64900 -10.28400 -13.42800 -3.71300 0.23400 -8.83000 -4.78100 -2.61400 -7.75100 -6.38800 -6.06300 -9.26700
107.00000 -23.79400 -18.62600 -17.20200 -12.93900 -4.16100 -10.28400 -10.98600 -4.20100 0.23400 -8.83000 -6.73400 -4.56700 -9.21600 -6.38800 -8.50400 -11.70900
108.00000 -22.32900 -17.16100 -17.20200 -11.47500 -3.18400 -8.82000 -10.01000 -4.20100 0.23400 -10.29500 -8.19900 -5.05600 -10.68100 -6.87700 -9.96900 -14.63800
109.00000 -19.39900 -14.72000 -15.73700 -9.03300 -2.20700 -6.37800 -10.98600 -3.22500 -0.25400 -12.73600 -8.19900 -5.54400 -12.14600 -7.85300 -10.45700 -15.61500
110.00000 -16.46900 -13.25500 -13.29500 -6.59200 -0.74300 -4.91300 -12.45100 -2.24800 -0.74300 -14.20100 -6.73400 -4.56700 -12.63400 -9.31800 -9.48100 -15.12700
111.00000 -15.00400 -12.27800 -10.85400 -5.12700 -0.25400 -5.40200 -11.96300 -1.27200 -1.71900 -14.20100 -5.26900 -3.59100 -13.12300 -10.78300 -8.01600 -13.66200
112.00000 -14.51600 -12.27800 -8.90100 -4.63900 -0.74300 -6.37800 -9.52100 -0.29500 -2.20700 -12.73600 -3.80500 -1.63800 -12.63400 -10.78300 -6.06300 -12.19700
113.00000 -14.02800 -12.27800 -7.43600 -4.15000 -1.23100 -6.86600 -5.12700 0.68200 -3.18400 -10.78300 -2.34000 0.31500 -11.16900 -9.31800 -4.59800 -10.73200
114.00000 -12.07500 -10.32500 -5.48300 -3.17400 -1.71900 -4.91300 -0.73200 1.65800 -3.18400 -9.31800 0.10200 3.24500 -8.72800 -6.38800 -1.66800 -8.29100
115.00000 -8.65700 -7.39500 -2.55300 -2.19700 -0.74300 -1.00700 2.19700 3.61100 -2.20700 -7.85300 4.00800 6.66300 -4.82200 -1.99400 2.23800 -4.38400
116.00000 -4.75100 -4.46600 0.37600 -0.73200 0.72200 2.89900 3.66200 5.07600 -0.74300 -5.41200 7.91400 9.10400 -1.40400 2.88900 6.14400 0.01000
117.00000 -2.30900 -2.51300 2.33000 0.24400 2.67500 5.34100 4.15000 5.56400 0.72200 -1.99400 10.35600 10.56900 2.01400 6.79500 10.05000 3.91600
118.00000 -2.30900 -2.51300 2.81800 1.22100 3.65200 5.82900 4.63900 4.58800 2.18700 1.91200 11.33200 10.56900 4.45600 9.23700 12.00400 6.35800
119.00000 -3.28600 -3.97700 1.35300 1.70900 3.16400 4.36400 5.61500 4.10000 2.67500 4.84200 10.35600 9.59300 5.43200 9.72500 12.49200 7.82300
120.00000 -4.75100 -5.44200 -0.11200 1.22100 1.69900 1.92300 6.59200 4.10000 2.67500 6.30700 9.37900 9.10400 6.40900 10.21300 12.49200 8.79900
121.00000 -5.72700 -7.39500 -1.08800 0.73200 -1.23100 -0.51900 7.08000 4.10000 2.18700 5.33000 8.89100 9.59300 6.89700 11.19000 13.46800 10.75200
122.00000 -5.72700 -8.86000 -1.08800 -0.24400 -3.67200 -1.98400 6.10400 4.58800 2.18700 3.37700 10.35600 10.56900 7.87400 13.14300 15.91000 13.68200
123.00000 -4.75100 -8.86000 -0.11200 -1.70900 -5.62500 -1.98400 4.63900 4.58800 2.67500 1.91200 11.82000 11.54600 8.85000 15.09600 17.86300 16.12300
124.00000 -4.26200 -8.37200 -0.11200 -2.19700 -6.11400 -1.49500 2.19700 4.10000 2.67500 1.42400 12.30900 12.03400 9.33800 16.56100 17.37500 16.12300
125.00000 -4.26200 -7.39500 -0.60000 -2.68600 -5.62500 -0.51900 -0.24400 2.63500 3.16400 1.42400 10.84400 11.05800 8.85000 15.58400 14.93300 13.19400
126.00000 -3.77400 -6.90700 -1.57700 -2.68600 -4.16100 0.94600 -1.70900 2.14600 3.65200 1.42400 7.91400 9.10400 7.38500 13.63100 11.02700 8.31100
127.00000 -3.77400 -6.41900 -3.04200 -2.68600 -2.69600 1.43400 -3.17400 1.65800 4.14000 1.42400 5.47300 7.15100 5.92000 11.19000 7.60900 5.38100
128.00000 -4.26200 -6.41900 -4.01800 -3.17400 -0.74300 1.43400 -3.17400 0.68200 4.14000 0.93600 4.00800 6.17500 4.94400 10.21300 6.63200 4.40500
129.00000 -5.72700 -7.88400 -4.50600 -4.15000 -0.25400 0.94600 -2.19700 0.19300 4.62800 1.42400 4.00800 5.19800 5.43200 11.19000 8.09700 7.33400
130.00000 -7.68000 -9.34900 -4.50600 -6.10400 -0.74300 0.94600 -1.22100 -0.78300 4.62800 2.88900 4.00800 5.68600 6.40900 14.11900 10.53900 11.72900
131.00000 -9.14500 -10.81300 -4.99500 -8.05700 -2.69600 0.45800 -0.73200 -1.76000 5.60500 4.84200 4.49600 6.17500 7.87400 17.04900 11.02700 13.68200
132.00000 -9.63300 -12.27800 -4.99500 -9.52100 -4.64900 0.45800 -1.22100 -1.76000 5.60500 6.79500 4.49600 7.15100 7.87400 18.51400 11.02700 13.19400
133.00000 -9.14500 -12.27800 -4.50600 -9.52100 -5.62500 0.94600 -1.70900 -1.27200 5.11700 7.28400 4.00800 7.64000 7.38500 18.02600 8.58600 10.26400
134.00000 -7.68000 -11.79000 -4.50600 -8.54500 -5.62500 0.94600 -2.68600 -0.29500 4.14000 5.33000 3.03100 7.64000 5.92000 15.09600 7.12100 6.84600
135.00000 -6.70400 -9.83700 -5.48300 -7.56800 -4.64900 1.92300 -2.19700 0.68200 3.16400 1.42400 2.05500 6.66300 3.47900 11.67800 6.63200 4.40500
136.00000 -6.70400 -7.88400 -6.94800 -7.08000 -2.69600 2.41100 -2.19700 0.19300 2.18700 -3.45900 0.59000 5.19800 1.52600 8.26000 5.65600 3.42800
137.00000 -8.16900 -7.39500 -9.38900 -7.56800 -1.23100 2.41100 -2.68600 -0.78300 1.69900 -6.38800 -1.36300 3.73300 0.06100 5.81900 4.19100 3.42800
138.00000 -10.61000 -8.37200 -12.31900 -8.54500 -1.23100 1.43400 -5.12700 -2.24800 1.69900 -6.87700 -3.31600 2.75700 -0.91600 3.86600 2.23800 2.45200
139.00000 -12.56300 -11.30200 -14.27200 -10.49800 -2.69600 -0.03100 -9.03300 -3.22500 1.69900 -4.43500 -4.78100 2.75700 -0.91600 2.88900 -0.20300 0.49800
140.00000 -14.51600 -13.74300 -15.73700 -11.96300 -4.16100 -1.49500 -13.91600 -3.71300 2.18700 -1.99400 -5.26900 3.24500 0.54900 2.88900 -1.66800 -0.96600
141.00000 -15.00400 -15.69600 -16.71300 -12.93900 -5.62500 -2.47200 -16.84600 -3.71300 2.67500 -0.04100 -5.26900 4.22200 2.01400 3.37700 -1.18000 -0.47800
142.00000 -14.51600 -16.18400 -16.22500 -12.93900 -6.11400 -2.47200 -16.84600 -3.71300 3.16400 0.44800 -4.29300 4.71000 4.45600 4.35400 0.28500 1.47500
143.00000 -13.54000 -15.20800 -15.24900 -12.45100 -6.11400 -1.49500 -13.91600 -4.20100 3.65200 0.44800 -3.80500 4.71000 6.40900 6.30700 2.23800 4.40500
144.00000 -12.56300 -14.23100 -13.78400 -10.98600 -5.62500 -0.51900 -10.01000 -3.71300 4.14000 0.44800 -3.31600 4.71000 7.87400 7.77200 3.70300 5.87000
145.00000 -12.56300 -13.25500 -12.80700 -9.52100 -5.13700 -0.51900 -7.56800 -3.22500 4.62800 -0.04100 -2.82800 4.71000 7.87400 8.26000 4.67900 5.87000
146.00000 -13.54000 -13.74300 -11.83100 -9.52100 -5.13700 -1.00700 -7.56800 -3.22500 4.14000 -1.01700 -2.82800 4.22200 7.38500 7.28400 4.19100 3.42800
147.00000 -15.00400 -13.74300 -12.80700 -10.49800 -5.62500 -1.49500 -10.01000 -4.20100 4.14000 -3.94700 -3.80500 2.75700 5.92000 4.35400 2.23800 0.98700
148.00000 -15.98100 -13.74300 -15.73700 -12.45100 -5.62500 -2.47200 -13.42800 -7.13100 3.65200 -7.36500 -6.24600 0.80400 3.96700 1.42400 -0.20300 -1.45500
149.00000 -15.98100 -13.25500 -18.66700 -13.91600 -5.62500 -2.47200 -16.84600 -10.06100 3.65200 -8.83000 -9.17600 -1.63800 2.99100 -0.52900 -3.13300 -2.43100
150.00000 -14.51600 -12.27800 -20.62000 -14.40400 -4.64900 -2.47200 -18.31100 -12.01400 4.14000 -7.85300 -11.61700 -3.59100 2.01400 -1.01700 -4.59800 -2.43100
151.00000 -12.07500 -11.79000 -20.62000 -12.93900 -3.18400 -1.98400 -17.82200 -12.01400 4.62800 -2.97000 -12.59400 -3.10300 2.01400 0.93600 -4.11000 -2.43100
152.00000 -9.63300 -11.30200 -17.69000 -10.01000 -1.71900 -1.00700 -15.86900 -9.57200 5.60500 1.42400 -10.64000 -0.66100 2.50200 2.88900 -2.15700 -1.45500
153.00000 -8.16900 -10.32500 -14.27200 -8.05700 -1.71900 -0.03100 -13.42800 -6.15400 5.11700 3.86600 -6.73400 2.75700 3.47900 4.84200 0.77300 0.01000
154.00000 -7.19200 -9.83700 -11.34200 -7.08000 -2.69600 0.94600 -11.47500 -3.71300 4.14000 2.88900 -2.82800 6.17500 4.45600 6.30700 3.21500 1.96300
155.00000 -7.19200 -9.83700 -10.85400 -8.05700 -3.67200 1.43400 -10.98600 -3.22500 2.67500 0.44800 -0.87500 7.15100 4.45600 6.79500 3.70300 3.91600
156.00000 -8.16900 -9.34900 -11.83100 -9.52100 -4.16100 1.92300 -11.96300 -4.20100 2.18700 -1.50600 -0.87500 7.15100 4.45600 7.77200 2.72600 4.40500
157.00000 -8.65700 -8.86000 -13.29500 -10.49800 -3.67200 2.89900 -12.93900 -5.66600 1.69900 -1.01700 -2.82800 5.19800 3.47900 7.77200 1.75000 3.91600
158.00000 -9.63300 -7.88400 -14.27200 -10.49800 -1.71900 3.87600 -12.93900 -6.64300 2.18700 0.44800 -4.29300 3.24500 2.50200 6.79500 0.28500 1.96300
159.00000 -9.63300 -6.90700 -14.76000 -10.01000 0.23400 5.34100 -11.96300 -7.13100 3.65200 1.42400 -5.75800 1.29200 1.52600 5.81900 -0.20300 -0.96600
160.00000 -9.63300 -6.41900 -14.76000 -9.52100 1.69900 5.82900 -10.98600 -7.13100 4.62800 1.42400 -5.75800 0.31500 1.03800 4.84200 -0.20300 -2.43100
161.00000 -9.63300 -6.41900 -15.24900 -10.01000 1.69900 6.31700 -11.47500 -8.10800 5.60500 0.93600 -5.26900 0.31500 1.52600 4.84200 -0.20300 -2.43100
162.00000 -10.61000 -8.37200 -16.71300 -11.96300 0.72200 5.34100 -12.93900 -8.59600 6.09300 1.91200 -4.78100 0.31500 2.99100 6.79500 0.28500 -0.47800
163.00000 -11.58700 -10.81300 -17.69000 -13.91600 -0.74300 4.85200 -14.40400 -9.08400 7.07000 4.84200 -4.29300 1.78000 5.43200 10.70100 1.26100 2.94000
164.00000 -12.07500 -12.27800 -17.69000 -13.91600 -1.23100 4.85200 -14.40400 -7.61900 8.53500 8.74800 -3.80500 4.22200 8.85000 14.11900 3.70300 6.84600
165.00000 -11.09800 -11.30200 -15.24900 -11.96300 -0.74300 5.34100 -11.96300 -5.17800 10.00000 11.19000 -2.34000 6.66300 12.26800 17.04900 6.63200 10.26400
166.00000 -9.14500 -9.34900 -12.31900 -9.03300 0.72200 6.31700 -8.05700 -2.24800 10.97600 10.70100 0.10200 9.10400 14.22100 17.04900 9.07400 11.72900
167.00000 -6.70400 -6.41900 -9.38900 -6.59200 1.69900 7.29400 -4.15000 -0.78300 10.97600 7.77200 2.05500 10.08100 13.73300 15.58400 9.07400 10.75200
168.00000 -5.72700 -4.95400 -8.90100 -6.59200 1.69900 7.29400 -3.17400 -1.27200 9.51100 3.86600 3.03100 9.10400 10.80300 13.14300 7.60900 7.82300
169.00000 -6.70400 -4.95400 -9.87800 -8.05700 0.72200 6.31700 -4.15000 -2.24800 7.07000 1.91200 2.54300 7.15100 7.38500 10.70100 5.16800 4.40500
170.00000 -9.14500 -5.93100 -11.83100 -10.49800 -0.25400 5.82900 -6.10400 -4.20100 5.60500 1.91200 0.59000 6.17500 4.45600 9.72500 2.72600 1.47500
171.00000 -12.07500 -7.39500 -13.78400 -12.93900 -1.23100 5.34100 -9.03300 -4.69000 4.62800 3.86600 -1.36300 5.68600 2.99100 8.74800 2.23800 0.49800
172.00000 -14.51600 -9.34900 -14.76000 -13.91600 -1.23100 5.34100 -11.47500 -5.17800 4.62800 5.33000 -1.85100 6.17500 3.47900 8.26000 2.23800 0.49800
173.00000 -15.00400 -10.81300 -15.24900 -13.91600 -1.71900 4.85200 -13.42800 -5.17800 5.60500 4.84200 -2.82800 6.66300 3.96700 7.77200 1.75000 0.98700
174.00000 -15.00400 -11.79000 -15.24900 -12.93900 -1.71900 3.87600 -14.40400 -4.69000 6.58200 2.88900 -2.82800 6.17500 4.45600 6.79500 0.77300 0.98700
175.00000 -13.05100 -12.76700 -14.76000 -10.98600 -1.71900 2.89900 -14.40400 -4.20100 7.07000 0.44800 -3.31600 5.19800 3.96700 5.81900 -0.69200 0.01000
176.00000 -9.63300 -11.30200 -13.29500 -8.54500 -0.25400 1.92300 -12.93900 -3.71300 7.07000 -1.01700 -3.80500 5.19800 3.47900 5.81900 -1.66800 -0.47800
177.00000 -6.21500 -8.37200 -11.34200 -6.59200 1.21100 2.89900 -9.03300 -1.76000 6.58200 -1.50600 -2.82800 6.66300 3.96700 5.81900 -0.69200 0.01000
178.00000 -2.30900 -4.95400 -8.90100 -6.10400 2.18700 4.85200 -4.63900 -0.29500 6.58200 -1.50600 -0.87500 8.61600 4.94400 6.79500 1.26100 1.47500
179.00000 -1.33300 -2.02400 -7.92400 -7.56800 2.18700 5.82900 -1.70900 -0.29500 6.58200 -1.50600 2.05500 10.56900 6.40900 7.28400 4.19100 2.94000
180.00000 -3.28600 -1.53600 -8.41300 -9.52100 0.23400 5.82900 -1.70900 -1.76000 6.09300 -1.99400 3.03100 10.08100 6.40900 7.28400 5.16800 2.94000
181.00000 -6.70400 -3.97700 -10.85400 -11.96300 -2.20700 4.85200 -4.63900 -4.20100 5.60500 -1.01700 2.54300 8.12800 5.43200 6.30700 3.70300 1.47500
182.00000 -10.12200 -6.90700 -12.80700 -13.42800 -4.16100 2.41100 -8.54500 -6.64300 5.11700 -0.04100 0.10200 5.19800 3.47900 5.33000 1.75000 0.01000
183.00000 -11.58700 -8.37200 -13.29500 -12.93900 -4.16100 1.43400 -11.47500 -7.61900 5.11700 1.91200 -1.85100 2.75700 2.01400 4.84200 -0.20300 -0.47800
184.00000 -10.12200 -7.88400 -12.31900 -11.47500 -3.18400 2.41100 -10.98600 -6.64300 5.11700 3.37700 -1.85100 2.75700 2.01400 5.33000 0.28500 0.98700
185.00000 -7.19200 -5.93100 -9.38900 -9.52100 -1.71900 4.85200 -8.05700 -5.17800 5.60500 2.88900 0.10200 4.71000 2.99100 7.77200 2.72600 3.42800
186.00000 -4.75100 -3.97700 -6.46000 -8.54500 -0.25400 7.78200 -3.66200 -3.22500 6.09300 2.40100 3.52000 7.64000 5.92000 11.67800 6.63200 6.35800
187.00000 -3.77400 -3.00100 -4.01800 -8.05700 0.23400 10.22300 1.22100 -1.76000 7.07000 2.40100 6.93800 10.56900 8.85000 15.09600 10.05000 9.28800
188.00000 -4.26200 -3.00100 -3.04200 -7.56800 0.23400 10.71200 4.15000 -0.29500 7.55800 4.35400 9.86700 12.52200 10.31500 17.53700 12.98000 11.24100
189.00000 -4.75100 -2.02400 -2.06500 -6.59200 1.21100 11.20000 5.61500 1.17000 7.55800 8.26000 10.84400 12.52200 10.31500 17.53700 13.95700 12.70500
190.00000 -4.75100 -0.55900 -2.55300 -5.61500 1.69900 11.68800 5.12700 2.14600 7.55800 12.16600 9.86700 11.54600 8.85000 16.07300 13.46800 12.21700
191.00000 -4.26200 1.88200 -2.55300 -5.61500 2.67500 12.17700 3.17400 1.65800 7.07000 14.11900 7.91400 9.59300 6.40900 13.14300 11.02700 9.77600
192.00000 -4.26200 2.85800 -3.53000 -6.10400 2.18700 12.17700 0.73200 0.19300 6.58200 13.14300 4.98500 6.66300 3.96700 10.21300 7.60900 5.87000
193.00000 -5.72700 0.90500 -4.99500 -8.05700 1.21100 10.71200 -1.70900 -1.76000 5.60500 10.21300 1.56700 3.73300 2.50200 8.26000 3.21500 1.47500
194.00000 -7.68000 -3.00100 -6.94800 -10.49800 -1.23100 7.78200 -4.15000 -4.20100 5.11700 6.30700 -2.34000 0.80400 1.03800 6.30700 -0.69200 -2.43100
195.00000 -10.12200 -7.88400 -9.38900 -12.45100 -2.69600 4.85200 -6.10400 -5.66600 4.14000 2.88900 -5.26900 -1.63800 -0.42700 4.84200 -3.62100 -4.38400
196.00000 -11.58700 -10.81300 -11.83100 -13.42800 -3.18400 2.41100 -8.05700 -6.15400 4.14000 0.44800 -7.71100 -3.10300 -2.38000 3.37700 -5.08600 -5.84900
197.00000 -13.05100 -11.30200 -14.27200 -13.42800 -2.69600 1.43400 -10.01000 -6.15400 3.65200 -1.50600 -9.17600 -4.56700 -3.84500 2.40100 -6.06300 -5.84900
198.00000 -13.54000 -10.32500 -15.24900 -13.42800 -2.20700 1.92300 -11.96300 -6.64300 3.65200 -2.48200 -9.66400 -5.54400 -4.33300 2.40100 -5.57500 -5.84900
199.00000 -13.05100 -8.37200 -13.78400 -12.93900 -1.71900 3.38700 -13.42800 -6.15400 3.65200 -1.99400 -9.66400 -4.56700 -3.35700 2.88900 -5.57500 -5.36100
200.00000 -11.58700 -6.90700 -11.83100 -11.47500 -1.23100 4.36400 -13.42800 -5.17800 4.14000 -0.04100 -8.19900 -2.12600 -1.40400 2.88900 -4.59800 -4.38400
201.00000 -9.63300 -5.44200 -8.90100 -9.52100 0.23400 4.85200 -12.45100 -2.24800 4.62800 2.88900 -6.24600 0.31500 0.06100 2.88900 -4.11000 -3.40800
202.00000 -8.16900 -3.97700 -7.43600 -7.08000 1.21100 4.85200 -12.93900 -0.29500 5.60500 4.84200 -5.75800 1.78000 0.06100 1.91200 -3.62100 -3.40800
203.00000 -8.16900 -3.48900 -7.92400 -6.10400 1.69900 4.36400 -13.91600 0.19300 5.60500 4.84200 -6.73400 0.80400 -1.40400 0.93600 -4.59800 -4.87300
204.00000 -10.61000 -3.97700 -10.36600 -6.10400 1.21100 3.38700 -15.38100 -1.76000 5.60500 2.40100 -9.17600 -2.12600 -2.86900 -0.04100 -6.55100 -7.31400
205.00000 -14.02800 -7.39500 -12.80700 -8.05700 -0.74300 0.94600 -15.86900 -4.69000 4.62800 -1.50600 -12.10500 -5.54400 -3.84500 0.44800 -8.50400 -9.26700
206.00000 -17.44600 -11.79000 -14.27200 -9.52100 -2.69600 -1.49500 -14.40400 -7.13100 4.62800 -3.94700 -13.57000 -7.00900 -2.86900 1.91200 -9.96900 -8.77900
207.00000 -18.91100 -15.20800 -14.27200 -10.49800 -4.16100 -2.96000 -11.47500 -7.13100 4.62800 -3.94700 -13.08200 -6.52100 -0.91600 2.88900 -9.96900 -6.82600
208.00000 -17.93400 -16.18400 -12.80700 -10.49800 -3.67200 -2.47200 -9.52100 -5.17800 4.62800 -1.99400 -11.61700 -4.56700 0.06100 2.88900 -8.99300 -4.87300
209.00000 -15.98100 -14.23100 -11.83100 -9.52100 -2.20700 -0.51900 -9.52100 -2.24800 4.62800 0.93600 -11.61700 -3.59100 -0.42700 1.91200 -8.50400 -4.87300
210.00000 -14.02800 -11.30200 -10.85400 -9.03300 -0.25400 2.41100 -10.98600 -1.27200 4.62800 1.42400 -12.59400 -3.59100 -2.38000 -0.52900 -9.48100 -7.31400
211.00000 -13.54000 -8.86000 -10.85400 -8.54500 0.72200 3.87600 -13.42800 -1.27200 3.65200 0.44800 -14.54700 -4.56700 -4.33300 -2.97000 -10.94600 -10.73200
212.00000 -13.05100 -8.37200 -10.85400 -8.05700 0.23400 3.38700 -13.42800 -2.24800 3.16400 -2.48200 -16.01200 -5.54400 -5.31000 -3.94700 -12.41000 -13.66200
213.00000 -13.05100 -9.34900 -9.87800 -6.59200 -0.25400 1.92300 -11.47500 -1.76000 2.18700 -4.43500 -15.52300 -5.05600 -4.82200 -3.94700 -12.89900 -13.66200
214.00000 -12.56300 -11.30200 -9.38900 -5.61500 -1.23100 -0.03100 -8.54500 -0.78300 2.18700 -5.41200 -13.08200 -2.61400 -4.33300 -1.99400 -11.92200 -11.22000
215.00000 -12.07500 -11.79000 -8.90100 -4.63900 -1.23100 -1.49500 -6.10400 1.17000 2.18700 -5.41200 -10.15200 -0.66100 -3.35700 0.44800 -10.94600 -8.77900
216.00000 -11.09800 -10.81300 -9.38900 -4.63900 -0.74300 -1.49500 -6.59200 1.65800 2.67500 -4.92400 -8.19900 0.31500 -3.84500 1.91200 -9.48100 -7.80200
217.00000 -11.09800 -9.34900 -10.36600 -5.61500 0.23400 -1.00700 -9.03300 1.17000 2.67500 -4.92400 -7.71100 0.31500 -4.82200 1.91200 -8.99300 -8.29100
218.00000 -11.09800 -7.88400 -9.87800 -5.61500 -0.25400 -0.51900 -10.98600 -0.29500 2.18700 -4.43500 -7.22200 -0.17300 -5.79800 -0.04100 -8.01600 -10.73200
219.00000 -11.09800 -7.39500 -8.90100 -5.61500 -0.74300 -0.51900 -11.96300 -0.78300 1.69900 -4.43500 -6.24600 -0.17300 -6.28700 -2.48200 -7.03900 -12.68500
220.00000 -10.61000 -8.37200 -7.43600 -5.12700 -2.20700 -0.51900 -10.01000 -0.78300 1.21100 -3.94700 -5.26900 -0.17300 -5.79800 -3.94700 -6.06300 -13.66200
221.00000 -11.09800 -9.34900 -6.94800 -5.61500 -2.69600 -0.51900 -7.56800 -0.29500 1.21100 -3.94700 -4.78100 0.31500 -4.33300 -4.92400 -5.57500 -12.68500
222.00000 -12.07500 -10.81300 -7.92400 -7.56800 -3.18400 -1.00700 -5.61500 -0.78300 1.21100 -4.43500 -5.75800 0.31500 -4.33300 -4.43500 -6.06300 -10.73200
223.00000 -14.02800 -11.79000 -10.85400 -9.52100 -3.18400 -1.98400 -6.10400 -2.24800 1.69900 -5.41200 -8.68700 -0.66100 -4.33300 -4.92400 -7.52800 -9.75500
224.00000 -15.98100 -13.25500 -13.78400 -10.98600 -3.67200 -3.93700 -8.54500 -3.71300 1.69900 -6.38800 -11.61700 -1.63800 -4.33300 -5.90000 -9.48100 -10.24400
225.00000 -16.95800 -14.23100 -15.24900 -11.96300 -3.67200 -5.89000 -11.47500 -4.20100 2.18700 -7.36500 -14.54700 -2.61400 -5.31000 -8.34100 -10.94600 -12.68500
226.00000 -16.95800 -15.20800 -14.76000 -11.47500 -4.64900 -7.35500 -13.91600 -3.71300 2.18700 -8.83000 -15.03500 -2.61400 -5.79800 -10.29500 -11.92200 -15.61500
227.00000 -15.98100 -15.20800 -13.29500 -10.49800 -5.13700 -8.33100 -14.89300 -2.73600 2.18700 -10.78300 -15.03500 -2.12600 -6.28700 -11.75900 -12.89900 -18.05600
228.00000 -14.02800 -13.25500 -11.83100 -10.01000 -4.16100 -7.35500 -14.89300 -2.24800 2.67500 -11.75900 -14.05800 -1.63800 -5.79800 -11.75900 -12.89900 -18.05600
229.00000 -13.05100 -10.81300 -12.80700 -10.49800 -2.20700 -4.91300 -14.89300 -3.22500 3.65200 -11.27100 -14.05800 -2.12600 -5.31000 -10.78300 -13.38700 -16.10300
230.00000 -13.05100 -8.37200 -14.27200 -10.98600 -0.74300 -2.47200 -15.38100 -5.17800 4.14000 -8.34100 -14.54700 -2.61400 -4.82200 -8.83000 -12.89900 -13.66200
231.00000 -14.51600 -7.88400 -16.71300 -11.47500 -0.25400 -1.00700 -16.35700 -7.13100 4.62800 -4.43500 -15.03500 -3.59100 -4.33300 -6.87700 -12.89900 -11.22000
232.00000 -15.98100 -8.86000 -18.17800 -12.45100 -0.74300 -1.00700 -16.35700 -8.59600 4.14000 -1.01700 -15.03500 -4.07900 -4.33300 -4.92400 -12.41000 -10.24400
233.00000 -16.95800 -10.32500 -18.17800 -13.42800 -2.69600 -2.47200 -15.86900 -8.10800 3.65200 0.44800 -13.57000 -4.07900 -3.84500 -2.97000 -11.43400 -9.75500
234.00000 -16.46900 -11.79000 -16.22500 -13.42800 -3.67200 -3.44800 -14.89300 -7.13100 3.65200 0.44800 -11.12900 -2.61400 -2.86900 -1.01700 -9.96900 -9.26700
235.00000 -14.02800 -10.81300 -13.29500 -12.45100 -3.18400 -2.47200 -12.93900 -5.17800 4.14000 -0.04100 -8.19900 -0.66100 -0.91600 1.91200 -8.50400 -7.80200
236.00000 -11.09800 -8.37200 -9.87800 -10.49800 -0.74300 -0.03100 -10.49800 -3.22500 5.60500 1.42400 -5.75800 0.80400 0.54900 4.35400 -6.55100 -5.84900
237.00000 -8.65700 -5.44200 -7.43600 -8.05700 1.69900 3.87600 -7.56800 -1.76000 7.07000 3.86600 -4.29300 1.78000 2.50200 6.30700 -5.08600 -4.38400
238.00000 -8.16900 -3.97700 -5.97100 -7.08000 3.16400 6.31700 -5.12700 -0.29500 7.55800 5.33000 -3.80500 1.78000 3.96700 8.26000 -4.11000 -3.40800
239.00000 -9.63300 -4.46600 -6.46000 -8.05700 2.67500 5.34100 -3.17400 0.68200 7.55800 5.81900 -4.29300 1.78000 4.45600 8.26000 -3.62100 -3.40800
240.00000 -12.07500 -5.93100 -8.90100 -10.49800 0.72200 3.38700 -3.17400 0.68200 6.09300 4.35400 -5.26900 2.26800 3.47900 6.30700 -4.11000 -3.89600
241.00000 -14.51600 -8.37200 -11.83100 -13.42800 -1.71900 -0.03100 -5.12700 -1.27200 4.14000 1.91200 -6.24600 1.78000 1.03800 1.91200 -6.06300 -5.84900
242.00000 -16.46900 -9.83700 -15.24900 -15.38100 -3.18400 -1.98400 -8.54500 -3.22500 2.67500 0.44800 -7.71100 0.80400 -2.38000 -3.45900 -8.99300 -9.26700
243.00000 -17.93400 -11.30200 -17.20200 -15.86900 -3.18400 -2.96000 -11.96300 -5.17800 2.18700 -0.52900 -10.15200 -1.14900 -5.79800 -7.85300 -11.92200 -13.17300
244.00000 -18.91100 -12.27800 -17.69000 -14.89300 -2.69600 -2.47200 -13.91600 -5.66600 2.18700 -1.01700 -13.57000 -3.59100 -9.21600 -10.78300 -15.34000 -17.56800
245.00000 -18.91100 -13.25500 -17.20200 -12.93900 -1.71900 -2.47200 -14.89300 -5.66600 2.18700 -2.48200 -16.01200 -6.52100 -11.16900 -10.78300 -17.78200 -20.49800
246.00000 -18.91100 -13.74300 -15.24900 -11.47500 -0.25400 -1.98400 -13.91600 -5.17800 2.67500 -3.45900 -17.47600 -7.98500 -11.16900 -8.83000 -18.75800 -20.98600
247.00000 -17.44600 -13.25500 -13.29500 -10.01000 0.72200 -1.98400 -12.93900 -4.69000 3.65200 -3.45900 -16.98800 -7.49700 -9.70500 -5.90000 -17.29300 -18.54500
248.00000 -15.49300 -11.30200 -11.34200 -9.03300 1.69900 -0.03100 -11.96300 -4.20100 4.14000 -0.52900 -14.05800 -6.03200 -7.26300 -2.97000 -13.87500 -14.63800
249.00000 -13.54000 -8.37200 -9.38900 -7.56800 2.67500 2.41100 -10.98600 -4.20100 4.62800 3.86600 -10.64000 -4.07900 -5.31000 -1.01700 -10.45700 -10.73200
250.00000 -11.58700 -5.44200 -7.92400 -5.61500 3.65200 5.34100 -9.52100 -3.71300 5.60500 7.77200 -8.19900 -2.61400 -4.33300 0.93600 -8.50400 -8.29100
251.00000 -11.09800 -3.48900 -7.43600 -5.61500 3.16400 6.31700 -8.05700 -3.22500 6.09300 9.72500 -8.19900 -3.59100 -3.84500 2.40100 -9.48100 -8.29100
252.00000 -12.07500 -3.97700 -8.90100 -6.59200 1.69900 4.85200 -8.05700 -3.22500 6.09300 8.74800 -11.61700 -5.05600 -4.33300 3.37700 -13.38700 -10.24400
253.00000 -14.51600 -6.41900 -11.34200 -9.52100 -0.25400 1.43400 -9.52100 -4.20100 6.09300 5.81900 -16.01200 -7.49700 -4.33300 2.88900 -18.27000 -14.15000
254.00000 -16.95800 -9.83700 -14.76000 -13.42800 -2.69600 -1.98400 -14.40400 -5.66600 5.60500 2.40100 -19.43000 -7.98500 -4.33300 1.42400 -21.20000 -17.08000
255.00000 -19.39900 -13.25500 -16.71300 -15.86900 -5.13700 -4.42500 -18.31100 -6.15400 4.62800 -0.52900 -18.45300 -6.52100 -4.33300 -1.50600 -20.22300 -18.05600
256.00000 -20.37600 -15.69600 -16.71300 -16.84600 -6.60200 -5.89000 -18.79900 -5.66600 3.16400 -3.94700 -13.08200 -2.61400 -4.33300 -4.92400 -14.36400 -15.61500
