1.00000 10.45700 10.36600 8.45300 4.98500 6.92700 13.91600 16.31700 8.27000 -11.12900 -1.34300 -1.68900 0.43700 -11.28100 -10.24400 -5.05600 -10.36600
2.00000 8.99300 8.90100 6.50000 4.00800 5.95100 12.45100 14.36400 7.78200 -11.12900 -2.31900 -4.61800 -1.51600 -13.72300 -14.63800 -7.00900 -15.24900
3.00000 7.03900 6.94800 3.08200 2.54300 3.99800 10.49800 8.01600 6.31700 -10.15200 -3.29600 -6.57100 -2.98100 -13.72300 -17.08000 -8.47400 -17.20200
4.00000 5.08600 4.99500 -0.33600 1.07800 2.04500 6.59200 -0.28500 3.87600 -9.17600 -5.73700 -8.52500 -4.93400 -12.25800 -17.08000 -10.42700 -15.73700
5.00000 3.62100 3.04200 -2.28900 0.59000 -0.39700 2.19700 -5.16800 1.43400 -7.22200 -8.66700 -10.47800 -7.37500 -9.81600 -15.12700 -11.89200 -13.29500
6.00000 3.62100 3.04200 -1.80100 1.07800 -0.88500 -0.73200 -5.65600 -0.03100 -4.78100 -10.13200 -11.94300 -8.35200 -6.88700 -11.70900 -12.38000 -10.36600
7.00000 5.08600 4.50600 0.15300 2.54300 1.55600 -0.24400 -2.23800 -1.49500 -1.36300 -7.20200 -11.94300 -9.32800 -2.98100 -7.80200 -10.91500 -7.43600
8.00000 7.52800 6.46000 2.59400 4.49600 5.95100 3.66200 0.69200 -1.98400 3.52000 -0.85400 -9.50100 -8.84000 0.92600 -2.43100 -7.49700 -3.53000
9.00000 8.50400 7.92400 4.05900 5.96100 9.85700 8.54500 0.69200 -3.44800 8.40300 7.44600 -5.59500 -7.86300 4.34400 3.42800 -2.12600 1.35300
10.00000 8.01600 6.94800 3.57100 5.47300 11.32200 11.47500 -1.75000 -4.91300 12.30900 12.81700 -0.71200 -4.93400 8.25000 8.79900 3.24500 6.72400
11.00000 5.57500 4.01800 1.61700 2.54300 9.36900 10.98600 -4.67900 -5.89000 14.26200 12.81700 2.70600 -2.00400 10.20300 12.21700 7.15100 11.11900
12.00000 2.64500 -0.37600 -0.33600 -0.87500 5.46300 8.54500 -5.16800 -5.40200 13.77400 8.91100 3.68200 1.41400 11.18000 13.19400 9.10400 12.58300
13.00000 1.18000 -3.30600 -2.28900 -3.80500 1.55600 5.61500 -2.72600 -3.44800 12.30900 5.00500 2.21800 3.36700 11.18000 12.21700 9.10400 11.60700
14.00000 0.69200 -5.74700 -4.24200 -4.78100 -0.88500 4.15000 1.18000 -1.00700 10.84400 3.05200 1.24100 3.85500 10.20300 10.75200 8.61600 9.65400
15.00000 0.69200 -6.72400 -6.19500 -5.26900 -2.35000 2.68600 3.13300 0.94600 10.35600 4.02800 0.75300 3.85500 9.22600 9.28800 7.64000 8.18900
16.00000 -0.28500 -7.21200 -8.63600 -5.26900 -3.32600 0.24400 1.18000 0.94600 10.35600 4.51700 1.72900 3.36700 9.22600 7.82300 6.17500 7.21200
17.00000 -3.21500 -8.67700 -10.59000 -6.73400 -5.28000 -4.63900 -3.70300 -0.51900 9.86700 2.07500 2.21800 2.87900 8.73800 6.35800 4.22200 6.72400
18.00000 -6.63200 -10.14200 -12.05400 -9.17600 -8.20900 -10.01000 -9.07400 -3.44800 8.89100 -3.29600 1.24100 1.90200 8.25000 3.91600 1.29200 5.25900
19.00000 -9.56200 -11.11900 -13.51900 -11.61700 -10.65100 -13.42800 -12.49200 -5.40200 6.93800 -10.13200 -2.17700 -0.05100 6.29700 0.49800 -3.10300 1.35300
20.00000 -10.53900 -11.11900 -14.49600 -12.59400 -11.62700 -14.40400 -11.51500 -6.86600 4.98500 -14.52600 -6.57100 -2.00400 3.36700 -3.89600 -7.98500 -4.50600
21.00000 -9.07400 -9.65400 -15.47200 -11.61700 -11.62700 -12.93900 -8.58600 -7.35500 2.54300 -15.01500 -10.47800 -3.95700 0.43700 -7.80200 -11.89200 -10.36600
22.00000 -6.63200 -8.18900 -15.47200 -9.17600 -10.65100 -10.98600 -6.14400 -6.37800 0.59000 -13.06200 -11.94300 -3.95700 -1.51600 -10.73200 -13.84500 -13.78400
23.00000 -3.70300 -6.23600 -13.51900 -5.75800 -8.69800 -9.52100 -5.16800 -4.42500 -0.87500 -10.62000 -10.47800 -2.98100 -2.49200 -10.73200 -13.35700 -14.27200
24.00000 -0.77300 -4.28300 -10.10100 -2.34000 -7.23300 -8.05700 -6.63200 -2.47200 -2.34000 -8.66700 -7.54800 -0.53900 -2.00400 -9.26700 -11.89200 -11.83100
25.00000 2.64500 -1.35300 -5.21900 1.56700 -4.79100 -5.12700 -8.09700 -0.03100 -3.31600 -6.71400 -5.59500 0.92600 -2.00400 -6.82600 -11.40300 -9.87800
26.00000 6.55100 1.08800 -1.31200 5.47300 -1.37300 -0.73200 -7.60900 1.43400 -3.31600 -4.27200 -6.08300 -0.53900 -3.95700 -5.84900 -12.38000 -9.38900
27.00000 9.48100 4.01800 0.64100 7.42600 1.55600 4.15000 -4.67900 1.92300 -3.31600 -2.31900 -9.50100 -4.44500 -7.37500 -7.31400 -16.28600 -12.31900
28.00000 11.92200 5.48300 1.12900 7.91400 3.99800 7.08000 -1.26100 0.45800 -3.80500 -0.36600 -13.89600 -9.32800 -11.28100 -10.24400 -20.19200 -17.20200
29.00000 12.41000 6.94800 -0.33600 7.42600 5.95100 8.05700 -0.77300 -1.00700 -3.80500 0.12200 -17.31400 -14.21100 -14.21100 -13.17300 -23.12200 -20.13100
30.00000 11.92200 7.92400 -0.82400 5.96100 6.43900 8.05700 -3.21500 -3.44800 -3.31600 -0.85400 -18.29000 -16.65200 -14.69900 -12.68500 -23.12200 -19.64300
31.00000 11.43400 9.38900 0.15300 5.47300 6.92700 8.54500 -6.63200 -4.42500 -2.82800 -0.85400 -16.33700 -16.65200 -11.77000 -8.77900 -20.19200 -15.24900
32.00000 12.41000 10.85400 2.10600 6.44900 7.90400 10.49800 -8.09700 -4.91300 -1.36300 1.09900 -12.91900 -15.67600 -6.88700 -1.45500 -14.82100 -8.90100
33.00000 14.36400 12.31900 5.52400 8.40300 7.90400 13.91600 -4.67900 -3.44800 0.10200 5.98100 -9.98900 -13.23400 -1.51600 6.35800 -9.45000 -2.55300
34.00000 16.80500 12.31900 8.45300 10.35600 6.92700 16.84600 2.15700 -1.00700 2.05500 12.81700 -6.08300 -9.81600 3.36700 12.70500 -3.10300 2.81800
35.00000 19.24600 12.80700 10.89500 11.33200 5.95100 18.79900 9.96900 1.43400 3.52000 20.63000 -2.17700 -5.91000 6.78500 16.61200 2.75700 7.70100
36.00000 19.73500 12.80700 12.84800 11.82000 4.97400 20.26400 14.85200 3.87600 4.00800 26.97800 2.70600 -1.51600 9.22600 19.05300 8.12800 13.07200
37.00000 19.73500 13.29500 14.31300 11.33200 4.97400 21.24000 15.34000 5.34100 4.98500 30.88400 7.58900 3.36700 11.66800 21.00600 13.01100 17.46600
38.00000 19.24600 13.29500 14.31300 10.84400 5.46300 22.70500 13.38700 6.31700 5.96100 31.86000 11.00700 7.27300 12.64400 21.98300 14.96400 19.41900
39.00000 17.78200 12.80700 13.33600 8.89100 6.43900 23.19300 10.94600 6.80500 6.44900 29.41900 11.98300 8.73800 12.64400 21.49500 13.98700 17.95500
40.00000 15.34000 10.36600 10.40600 6.44900 5.95100 20.75200 8.99300 6.31700 5.96100 24.04800 10.03000 8.73800 10.69100 19.05300 11.05800 13.07200
41.00000 10.94600 5.97100 6.01200 3.03100 3.02100 15.86900 7.03900 5.82900 4.49600 16.23500 7.10000 7.27300 7.76200 14.65900 6.66300 7.70100
42.00000 5.57500 0.60000 1.12900 -0.38700 -0.88500 9.03300 5.08600 4.36400 2.05500 8.42300 4.17100 5.80900 5.80900 9.77600 3.73300 3.79400
43.00000 0.20300 -4.28300 -2.77700 -3.31600 -4.30300 3.17400 3.62100 1.92300 0.59000 1.58700 1.24100 4.83200 4.34400 6.84600 1.29200 1.84100
44.00000 -2.72600 -7.21200 -4.73000 -4.29300 -6.25600 -0.73200 2.64500 -0.03100 -0.38700 -2.80800 -1.20000 3.36700 4.34400 4.89300 -0.17300 0.86500
45.00000 -3.21500 -7.70100 -5.21900 -4.29300 -6.25600 -1.70900 1.18000 -1.98400 0.10200 -3.78400 -5.10700 1.41400 4.83200 3.91600 -1.63800 0.37600
46.00000 -2.72600 -7.21200 -5.21900 -4.29300 -5.76800 -2.19700 -1.26100 -3.93700 1.56700 -3.29600 -8.52500 -1.02700 5.32000 2.45200 -4.56700 -0.60000
47.00000 -1.75000 -7.21200 -6.19500 -4.78100 -5.28000 -2.68600 -6.14400 -4.42500 3.03100 -1.83100 -11.45400 -2.98100 4.83200 0.01000 -7.49700 -2.06500
48.00000 -2.23800 -7.21200 -7.66000 -6.24600 -6.74400 -4.15000 -12.98000 -5.40200 3.52000 -0.85400 -12.91900 -4.44500 4.34400 -2.92000 -9.45000 -3.53000
49.00000 -2.72600 -7.70100 -10.10100 -8.19900 -8.20900 -6.10400 -17.86300 -6.37800 3.03100 -0.36600 -12.91900 -4.93400 3.36700 -5.36100 -10.91500 -4.99500
50.00000 -2.72600 -7.70100 -12.05400 -8.68700 -9.18600 -7.08000 -17.86300 -6.37800 2.05500 -0.36600 -12.43100 -4.93400 1.90200 -6.82600 -11.40300 -7.43600
51.00000 -1.75000 -6.72400 -13.03100 -8.19900 -9.18600 -7.56800 -13.46800 -6.86600 1.07800 -1.34300 -12.91900 -5.91000 -0.05100 -7.31400 -13.35700 -10.85400
52.00000 -0.28500 -5.25900 -13.51900 -7.71100 -7.72100 -6.59200 -8.58600 -6.86600 0.10200 -2.80800 -14.87200 -6.88700 -2.00400 -7.80200 -14.82100 -13.78400
53.00000 0.20300 -3.79400 -13.51900 -7.22200 -6.25600 -5.61500 -6.14400 -7.84300 -0.87500 -5.73700 -16.82500 -7.86300 -3.46900 -7.80200 -16.77400 -15.24900
54.00000 -0.28500 -2.81800 -13.51900 -7.71100 -5.28000 -3.66200 -7.60900 -7.84300 -0.87500 -9.15500 -17.80200 -8.35200 -4.44500 -7.80200 -17.26300 -14.27200
55.00000 -1.26100 -1.84100 -12.54300 -7.71100 -3.81500 -0.73200 -11.02700 -7.84300 -0.38700 -11.59700 -17.31400 -8.35200 -3.95700 -6.33700 -15.79800 -11.83100
56.00000 -1.26100 -0.86500 -11.07800 -7.22200 -2.35000 2.68600 -11.51500 -6.37800 0.59000 -11.10800 -15.36100 -6.88700 -2.98100 -5.36100 -13.35700 -9.87800
57.00000 0.69200 0.60000 -8.14800 -5.26900 -0.39700 5.61500 -8.09700 -4.42500 1.07800 -7.69000 -12.91900 -6.39900 -3.46900 -4.38400 -11.89200 -10.36600
58.00000 3.62100 2.55300 -4.73000 -2.34000 1.55600 7.56800 -3.21500 -2.96000 1.07800 -2.31900 -11.94300 -5.91000 -4.44500 -4.38400 -11.40300 -12.80700
59.00000 6.06300 3.04200 -2.77700 -0.38700 2.53300 8.05700 -1.75000 -1.98400 0.10200 1.58700 -11.45400 -6.39900 -6.88700 -5.36100 -12.86800 -14.27200
60.00000 6.55100 2.55300 -2.28900 0.10200 2.53300 6.59200 -6.63200 -2.47200 -1.36300 2.56300 -12.43100 -7.86300 -8.84000 -6.82600 -13.84500 -13.78400
61.00000 5.57500 1.57700 -3.26500 -0.38700 1.55600 6.10400 -13.95700 -3.93700 -1.85100 0.12200 -12.91900 -9.32800 -10.79300 -7.31400 -14.82100 -11.34200
62.00000 5.57500 2.06500 -3.75400 -0.38700 2.53300 9.03300 -18.35100 -5.40200 -1.36300 -2.31900 -12.43100 -10.79300 -11.28100 -6.33700 -14.33300 -7.92400
63.00000 8.50400 5.48300 -2.28900 1.56700 5.95100 15.86900 -13.95700 -5.89000 1.07800 -1.34300 -12.43100 -11.77000 -10.79300 -4.87300 -13.35700 -6.46000
64.00000 14.36400 12.31900 2.10600 5.96100 11.32200 25.14600 -2.23800 -4.42500 4.49600 5.00500 -10.47800 -12.25800 -9.32800 -2.43100 -10.91500 -6.94800
65.00000 22.17600 21.10800 7.47700 11.33200 17.18100 33.44700 9.96900 -3.44800 7.91400 13.79400 -8.52500 -12.74600 -6.88700 0.01000 -8.96200 -8.41300
66.00000 27.54700 26.96700 11.87100 14.75000 20.59900 37.35400 16.31700 -2.47200 10.84400 20.63000 -6.57100 -12.25800 -3.46900 2.94000 -7.49700 -7.92400
67.00000 28.03500 27.45600 13.33600 14.26200 19.62300 35.40000 14.36400 -3.44800 12.30900 21.60600 -5.10700 -11.77000 0.43700 5.87000 -6.03200 -5.48300
68.00000 23.64100 21.59600 9.43000 10.35600 15.22800 28.56400 6.55100 -4.91300 12.30900 17.70000 -4.61800 -10.79300 3.85500 7.82300 -4.56700 -1.08800
69.00000 16.31700 13.29500 3.08200 4.49600 9.85700 21.72900 -0.28500 -6.37800 11.33200 11.35300 -5.10700 -9.81600 6.29700 8.79900 -4.56700 1.84100
70.00000 9.96900 6.46000 -3.75400 -0.87500 5.95100 18.31100 -3.70300 -7.84300 9.86700 6.95800 -7.06000 -7.86300 7.27300 7.82300 -5.54400 1.84100
71.00000 5.08600 3.53000 -9.12500 -4.78100 3.99800 18.31100 -5.65600 -8.33100 7.91400 5.49300 -9.01300 -5.42200 5.80900 4.89300 -7.00900 -0.60000
72.00000 1.66800 3.04200 -12.05400 -6.24600 3.99800 19.77500 -9.07400 -7.84300 6.44900 5.98100 -9.98900 -2.98100 3.36700 1.96300 -9.45000 -4.50600
73.00000 -0.77300 3.53000 -13.51900 -7.22200 3.02100 19.28700 -14.93300 -6.37800 4.00800 5.00500 -9.98900 -1.02700 0.92600 -0.47800 -11.40300 -6.94800
74.00000 -3.70300 2.55300 -14.49600 -8.68700 2.04500 16.35700 -20.79300 -4.91300 2.54300 1.09900 -9.01300 0.43700 -0.05100 -1.94300 -12.38000 -8.41300
75.00000 -5.16800 0.11200 -15.47200 -10.15200 0.09200 12.93900 -21.28100 -3.93700 1.56700 -2.80800 -8.52500 0.92600 0.43700 -2.43100 -12.38000 -8.90100
76.00000 -5.65600 -1.84100 -15.96100 -10.64000 -1.37300 10.98600 -15.91000 -2.96000 2.05500 -3.78400 -8.52500 0.43700 1.90200 -1.94300 -12.38000 -9.87800
77.00000 -4.19100 -1.84100 -15.47200 -10.15200 -1.37300 11.47500 -6.63200 -2.96000 3.03100 -0.36600 -9.98900 -1.02700 3.36700 -0.47800 -12.86800 -11.34200
78.00000 -2.72600 -0.86500 -14.98400 -9.66400 -0.88500 13.42800 0.69200 -3.93700 4.49600 5.00500 -11.94300 -2.49200 4.83200 0.49800 -12.38000 -11.83100
79.00000 -1.75000 1.08800 -14.00800 -8.19900 -0.39700 14.89300 2.15700 -4.91300 4.98500 8.91100 -12.43100 -2.98100 5.32000 1.96300 -11.89200 -10.36600
80.00000 -1.75000 2.06500 -12.54300 -7.22200 -0.39700 14.40400 -0.77300 -5.40200 4.98500 7.44600 -10.96600 -2.49200 4.83200 2.94000 -10.91500 -7.92400
81.00000 -0.77300 3.04200 -11.07800 -5.75800 -0.39700 13.91600 -5.16800 -4.42500 4.00800 1.58700 -8.52500 -1.02700 4.83200 4.89300 -9.45000 -4.99500
82.00000 2.15700 4.99500 -8.63600 -3.31600 1.06800 15.38100 -8.58600 -2.96000 4.00800 -3.29600 -6.08300 0.43700 4.83200 6.35800 -7.98500 -3.53000
83.00000 7.03900 8.41300 -5.70700 0.10200 4.48600 19.28700 -10.53900 -1.98400 4.98500 -3.29600 -4.13000 0.92600 4.34400 7.82300 -7.00900 -3.04200
84.00000 12.41000 13.29500 -2.28900 4.00800 9.36900 25.63500 -12.49200 -1.98400 6.44900 1.58700 -4.13000 0.43700 3.36700 9.28800 -6.03200 -3.04200
85.00000 16.31700 17.69000 0.15300 6.44900 13.27500 31.00600 -13.95700 -2.96000 7.91400 7.93500 -5.10700 -1.02700 1.90200 9.28800 -4.56700 -1.08800
86.00000 18.75800 19.15500 2.10600 7.91400 15.22800 33.44700 -11.51500 -3.93700 8.40300 11.35300 -5.10700 -1.51600 0.92600 8.79900 -1.63800 1.35300
87.00000 19.24600 18.66700 3.08200 7.42600 15.22800 32.47100 -5.16800 -4.42500 7.91400 10.86400 -3.15300 -1.02700 -0.05100 6.84600 1.29200 3.79400
88.00000 18.75800 16.22500 4.05900 7.42600 13.76300 30.02900 4.11000 -2.96000 7.42600 8.42300 -0.71200 0.43700 -0.53900 4.89300 3.73300 4.77100
89.00000 17.78200 14.27200 4.54700 7.42600 12.29900 28.07600 9.96900 -1.98400 7.42600 6.95800 1.72900 1.41400 -0.05100 3.42800 5.68600 4.77100
90.00000 16.31700 12.80700 4.05900 6.93800 11.81000 27.10000 8.01600 -1.49500 7.91400 8.91100 2.21800 0.92600 -0.05100 2.45200 5.68600 2.81800
91.00000 13.38700 12.31900 2.10600 5.47300 11.32200 27.58800 0.20300 -2.47200 9.37900 11.84100 0.75300 -0.53900 0.43700 2.94000 5.68600 1.84100
92.00000 10.45700 12.80700 -0.82400 2.54300 11.32200 29.05300 -8.09700 -4.42500 10.35600 12.32900 -2.17700 -2.00400 1.41400 3.42800 4.71000 1.84100
93.00000 9.48100 13.29500 -3.75400 0.59000 10.83400 29.54100 -10.05000 -5.89000 10.84400 8.91100 -3.64200 -2.98100 2.39100 3.91600 3.73300 2.81800
94.00000 9.48100 14.27200 -4.73000 -0.38700 9.85700 29.05300 -4.19100 -5.40200 10.35600 3.54000 -3.64200 -2.00400 3.85500 4.40500 2.75700 4.28300
95.00000 11.43400 14.27200 -4.24200 0.10200 8.88100 28.07600 3.62100 -3.93700 9.86700 0.12200 -2.17700 -0.53900 4.34400 3.91600 2.75700 4.77100
96.00000 12.41000 14.76000 -2.77700 1.56700 7.90400 27.58800 5.57500 -2.47200 9.37900 0.61000 -1.20000 -0.05100 4.34400 2.94000 2.26800 4.28300
97.00000 11.92200 14.27200 -2.28900 2.54300 7.41600 26.12300 -1.75000 -2.47200 8.40300 3.54000 -1.68900 -0.53900 1.90200 1.47500 1.29200 1.84100
98.00000 9.48100 13.29500 -4.24200 1.07800 6.92700 24.65800 -14.93300 -4.42500 6.93800 5.00500 -4.61800 -2.98100 -0.53900 -1.94300 -0.66100 -1.08800
99.00000 6.55100 11.34200 -7.66000 -1.36300 5.46300 22.21700 -24.21100 -6.86600 4.98500 3.05200 -8.03600 -5.42200 -3.46900 -6.33700 -3.59100 -5.48300
100.00000 4.11000 8.90100 -10.59000 -3.31600 3.51000 18.79900 -24.21100 -9.30800 2.05500 -2.80800 -10.96600 -7.37500 -6.39900 -11.70900 -7.00900 -9.38900
101.00000 4.11000 6.94800 -12.05400 -4.78100 2.04500 14.89300 -15.91000 -9.79600 0.10200 -9.15500 -12.91900 -7.86300 -7.86300 -16.10300 -9.45000 -11.83100
102.00000 4.59800 5.48300 -12.05400 -4.78100 1.55600 11.96300 -7.12100 -9.30800 -1.36300 -13.55000 -12.91900 -8.35200 -8.35200 -18.54500 -10.42700 -12.31900
103.00000 5.57500 4.99500 -12.05400 -4.29300 1.55600 10.49800 -4.19100 -8.82000 -1.36300 -14.03800 -12.91900 -7.86300 -7.37500 -18.05600 -9.93900 -11.34200
104.00000 6.06300 6.46000 -12.54300 -4.29300 3.02100 11.47500 -9.56200 -8.82000 -0.38700 -13.55000 -13.40700 -8.35200 -5.42200 -15.61500 -8.96200 -8.90100
105.00000 5.57500 8.41300 -13.03100 -4.29300 4.48600 13.91600 -16.88600 -9.79600 1.07800 -13.55000 -14.38400 -8.84000 -3.46900 -12.19700 -8.47400 -7.43600
106.00000 5.57500 9.87800 -13.51900 -3.80500 5.95100 16.84600 -20.30400 -9.79600 3.03100 -13.55000 -15.36100 -8.84000 -2.49200 -10.24400 -9.45000 -6.94800
107.00000 5.57500 9.87800 -12.05400 -3.31600 6.92700 17.82200 -18.35100 -8.33100 4.00800 -14.03800 -15.36100 -8.84000 -2.00400 -9.26700 -11.89200 -7.92400
108.00000 5.57500 8.90100 -9.61300 -2.34000 6.43900 17.33400 -14.44500 -6.86600 4.49600 -13.06200 -14.87200 -8.84000 -2.49200 -9.75500 -13.84500 -9.38900
109.00000 4.59800 6.94800 -8.63600 -1.85100 5.95100 15.86900 -14.93300 -5.89000 4.49600 -10.13200 -14.38400 -9.81600 -3.95700 -10.24400 -14.82100 -10.36600
110.00000 4.11000 5.48300 -9.12500 -0.87500 5.95100 14.40400 -19.32800 -6.37800 4.98500 -6.22600 -14.87200 -11.28100 -4.44500 -9.26700 -14.82100 -9.38900
111.00000 4.11000 5.48300 -10.59000 -0.38700 6.43900 14.89300 -23.23400 -7.35500 5.96100 -3.29600 -15.84900 -12.25800 -3.95700 -7.31400 -13.35700 -6.94800
112.00000 5.08600 7.43600 -12.05400 0.59000 7.41600 16.84600 -22.25700 -7.84300 7.42600 -0.85400 -15.36100 -12.74600 -2.98100 -3.89600 -11.40300 -4.01800
113.00000 7.52800 9.87800 -11.07800 2.54300 8.88100 20.26400 -14.44500 -7.35500 8.89100 0.61000 -13.89600 -11.77000 -2.00400 -0.96600 -9.93900 -2.55300
114.00000 9.48100 11.83100 -8.63600 4.00800 10.34500 22.70500 -5.65600 -5.40200 10.35600 2.56300 -10.96600 -9.81600 -2.00400 0.49800 -8.96200 -3.04200
115.00000 10.45700 12.80700 -5.70700 4.98500 11.32200 24.17000 -0.77300 -3.44800 10.84400 5.00500 -8.52500 -7.86300 -2.98100 0.98700 -8.47400 -4.50600
116.00000 9.96900 12.80700 -4.73000 4.49600 11.81000 24.17000 -2.23800 -2.96000 10.84400 6.95800 -8.52500 -7.37500 -4.93400 0.01000 -8.47400 -5.97100
117.00000 8.50400 13.78400 -5.70700 4.00800 12.29900 24.17000 -7.60900 -3.44800 10.84400 7.44600 -10.47800 -7.37500 -6.88700 -1.45500 -8.96200 -6.94800
118.00000 7.03900 14.76000 -8.14800 3.03100 13.76300 24.65800 -12.98000 -4.42500 11.33200 5.98100 -13.89600 -8.35200 -7.86300 -2.43100 -10.42700 -6.94800
119.00000 6.55100 16.22500 -10.59000 3.03100 14.74000 26.61100 -14.93300 -5.89000 11.33200 4.51700 -16.82500 -8.84000 -8.84000 -4.38400 -12.86800 -7.43600
120.00000 7.52800 16.71300 -11.07800 3.52000 15.22800 26.61100 -15.42200 -6.37800 10.84400 3.05200 -18.77800 -9.32800 -9.32800 -6.33700 -14.82100 -8.41300
121.00000 8.01600 15.73700 -10.59000 4.49600 13.76300 25.14600 -16.39800 -6.37800 8.89100 1.09900 -18.29000 -8.84000 -9.81600 -8.77900 -15.79800 -10.36600
122.00000 8.99300 14.27200 -9.12500 5.47300 11.32200 22.21700 -18.84000 -5.40200 6.44900 -0.85400 -17.31400 -8.84000 -9.81600 -10.24400 -15.31000 -12.31900
123.00000 9.48100 12.31900 -7.66000 6.44900 8.39200 17.82200 -20.79300 -4.91300 3.52000 -3.78400 -15.84900 -8.84000 -8.35200 -9.75500 -13.35700 -12.31900
124.00000 10.45700 11.34200 -5.70700 7.42600 5.95100 14.89300 -20.30400 -4.91300 0.59000 -5.73700 -14.87200 -8.35200 -5.91000 -7.31400 -10.42700 -9.87800
125.00000 11.92200 11.34200 -3.75400 8.40300 4.97400 14.40400 -17.37500 -4.91300 -0.87500 -5.73700 -13.40700 -7.37500 -2.00400 -2.92000 -7.49700 -5.48300
126.00000 13.38700 12.31900 -2.77700 8.40300 4.48600 15.86900 -12.49200 -4.42500 -1.36300 -2.80800 -12.43100 -6.39900 0.92600 1.47500 -6.03200 -1.08800
127.00000 14.36400 13.29500 -1.80100 7.91400 4.97400 17.82200 -8.58600 -3.93700 -0.87500 2.07500 -11.45400 -5.42200 2.87900 4.40500 -5.54400 1.84100
128.00000 14.36400 13.78400 -1.80100 6.44900 5.46300 18.79900 -5.16800 -2.96000 0.10200 5.00500 -10.47800 -4.44500 3.85500 4.89300 -5.54400 2.33000
129.00000 12.89900 13.29500 -1.80100 5.47300 5.95100 18.31100 -3.21500 -1.98400 1.07800 4.51700 -9.50100 -4.44500 2.87900 3.91600 -5.54400 0.86500
130.00000 11.43400 12.80700 -2.28900 4.49600 5.95100 16.35700 -2.23800 -1.98400 1.07800 0.12200 -8.52500 -4.44500 1.90200 1.96300 -4.07900 -1.08800
131.00000 9.96900 12.31900 -3.75400 3.52000 6.43900 13.91600 -2.23800 -2.47200 1.56700 -6.71400 -8.03600 -4.93400 0.92600 0.49800 -2.61400 -1.57700
132.00000 8.50400 11.34200 -5.21900 2.05500 6.43900 12.93900 -4.19100 -3.93700 2.05500 -11.59700 -8.03600 -5.42200 -0.05100 -0.96600 -2.12600 -1.08800
133.00000 6.55100 9.38900 -7.66000 0.59000 6.43900 12.45100 -8.58600 -4.91300 3.03100 -12.57300 -9.50100 -6.39900 -1.02700 -2.92000 -4.07900 -1.08800
134.00000 5.08600 7.43600 -9.12500 -0.87500 5.95100 12.45100 -14.44500 -6.86600 3.03100 -9.64400 -12.91900 -8.35200 -2.00400 -4.87300 -9.45000 -2.06500
135.00000 3.13300 4.50600 -10.59000 -0.87500 5.46300 11.96300 -20.79300 -7.84300 2.54300 -6.71400 -16.82500 -10.79300 -2.98100 -6.82600 -15.79800 -5.48300
136.00000 1.66800 3.04200 -10.59000 -0.38700 4.48600 10.49800 -24.69900 -8.33100 1.56700 -5.73700 -20.73200 -12.74600 -4.44500 -9.26700 -20.68100 -9.38900
137.00000 1.18000 2.06500 -10.10100 0.59000 3.02100 8.05700 -23.72200 -7.84300 1.07800 -8.17900 -20.73200 -12.25800 -5.42200 -11.22000 -21.16900 -11.83100
138.00000 1.66800 1.08800 -9.12500 1.07800 1.55600 5.12700 -18.35100 -6.37800 -0.38700 -12.57300 -15.84900 -9.32800 -5.42200 -12.19700 -15.79800 -10.36600
139.00000 1.18000 0.11200 -8.63600 -0.38700 -0.88500 1.22100 -9.07400 -4.42500 -1.36300 -16.96800 -6.08300 -3.95700 -4.44500 -12.68500 -5.54400 -5.48300
140.00000 0.20300 -1.35300 -8.14800 -1.85100 -3.81500 -3.17400 0.69200 -1.98400 -2.82800 -19.89700 6.12400 2.87900 -2.49200 -12.19700 8.12800 1.84100
141.00000 -2.23800 -3.79400 -8.63600 -3.80500 -6.74400 -6.59200 8.01600 -0.03100 -3.80500 -22.82700 18.81900 8.73800 -1.02700 -11.22000 22.77600 9.65400
142.00000 -5.16800 -6.23600 -9.12500 -4.78100 -9.18600 -9.52100 10.94600 -0.03100 -5.26900 -26.73300 29.07300 13.13300 0.92600 -10.24400 34.49500 15.51300
143.00000 -8.09700 -8.67700 -10.59000 -5.26900 -11.13900 -10.98600 8.50400 -1.49500 -6.73400 -30.64000 33.46800 14.10900 0.92600 -9.75500 41.33100 18.93100
144.00000 -10.05000 -10.63000 -13.51900 -6.24600 -12.60400 -11.47500 1.18000 -4.42500 -8.19900 -34.54600 31.51400 12.15600 -0.53900 -10.73200 42.79600 18.93100
145.00000 -12.00400 -12.58300 -17.91400 -8.68700 -14.06900 -11.96300 -7.60900 -8.33100 -9.17600 -35.52200 24.19000 7.27300 -3.46900 -12.19700 37.42500 17.46600
146.00000 -13.95700 -14.04800 -21.82000 -12.59400 -15.04500 -11.47500 -15.91000 -11.26100 -9.66400 -33.08100 13.93600 1.41400 -6.88700 -13.66200 28.63600 13.56000
147.00000 -15.42200 -14.53700 -24.26100 -15.52300 -16.51000 -10.49800 -21.76900 -13.21400 -10.64000 -28.68700 3.19400 -4.44500 -10.30500 -15.12700 17.89300 8.67700
148.00000 -16.39800 -15.02500 -24.26100 -17.47600 -17.97500 -8.54500 -24.69900 -14.19100 -10.64000 -23.80400 -5.59500 -8.84000 -12.74600 -16.59100 7.64000 2.81800
149.00000 -16.39800 -15.02500 -21.82000 -17.47600 -18.46300 -5.61500 -25.18700 -14.19100 -10.15200 -20.38600 -10.96600 -11.77000 -13.72300 -18.05600 -1.14900 -3.53000
150.00000 -16.39800 -15.02500 -19.37900 -16.50000 -17.97500 -2.19700 -23.72200 -13.70200 -8.68700 -18.43300 -14.87200 -14.21100 -14.21100 -18.54500 -7.98500 -8.90100
151.00000 -15.91000 -15.02500 -17.91400 -15.03500 -16.51000 -0.24400 -22.25700 -12.72600 -7.22200 -17.45600 -18.77800 -16.65200 -14.69900 -19.03300 -13.84500 -13.29500
152.00000 -15.91000 -15.02500 -18.40200 -14.05800 -13.58000 1.22100 -21.28100 -12.23800 -5.26900 -16.96800 -22.68500 -19.58200 -15.18800 -19.03300 -19.21600 -16.71300
153.00000 -15.91000 -13.56000 -19.37900 -12.59400 -9.18600 2.19700 -20.79300 -12.23800 -3.80500 -16.96800 -26.59100 -22.51200 -16.65200 -20.00900 -23.61000 -20.13100
154.00000 -15.42200 -10.63000 -19.86700 -11.12900 -5.28000 3.17400 -20.30400 -12.23800 -2.82800 -16.47900 -29.52100 -24.95300 -18.11700 -21.47400 -26.54000 -23.06100
155.00000 -13.46800 -6.72400 -19.86700 -8.68700 -1.37300 5.12700 -19.81600 -12.72600 -1.85100 -15.99100 -30.49700 -26.41800 -19.09400 -23.91600 -28.49300 -25.50300
156.00000 -10.53900 -2.81800 -18.89000 -6.73400 1.06800 7.08000 -20.79300 -12.23800 -0.87500 -15.50300 -29.03200 -25.93000 -18.60600 -25.38000 -28.00500 -26.47900
157.00000 -8.09700 -0.86500 -18.40200 -6.73400 2.53300 9.03300 -22.74600 -12.23800 0.59000 -13.55000 -27.07900 -23.48800 -15.18800 -23.42700 -26.05200 -25.50300
158.00000 -6.63200 -1.35300 -18.89000 -8.19900 2.04500 10.01000 -26.16400 -11.74900 2.05500 -10.62000 -26.10300 -20.55900 -10.30500 -18.54500 -24.09900 -21.59600
159.00000 -7.60900 -2.33000 -19.86700 -10.64000 1.06800 10.49800 -28.60500 -12.23800 4.00800 -7.20200 -25.12600 -17.62900 -5.42200 -12.19700 -21.16900 -16.71300
160.00000 -9.56200 -3.79400 -20.84400 -13.08200 -0.39700 10.01000 -28.60500 -13.21400 4.98500 -4.76100 -24.63800 -14.69900 -1.51600 -6.82600 -19.21600 -12.31900
161.00000 -11.02700 -3.30600 -20.35500 -13.57000 -1.37300 10.01000 -24.69900 -14.67900 5.96100 -2.80800 -22.68500 -13.23400 0.92600 -4.38400 -17.26300 -8.90100
162.00000 -11.02700 -1.84100 -18.40200 -13.08200 -1.37300 10.49800 -17.86300 -14.67900 6.44900 -1.83100 -19.75500 -10.79300 1.41400 -3.40800 -15.79800 -6.46000
163.00000 -8.09700 0.60000 -15.96100 -11.61700 -0.88500 12.45100 -12.00400 -13.70200 6.44900 -1.83100 -15.36100 -7.86300 1.41400 -3.40800 -13.35700 -5.48300
164.00000 -4.67900 3.53000 -12.54300 -10.15200 0.09200 15.38100 -8.58600 -11.26100 5.96100 -1.83100 -11.94300 -4.93400 1.41400 -3.40800 -9.93900 -4.50600
165.00000 -1.75000 5.97100 -9.61300 -9.17600 0.58000 18.31100 -7.60900 -8.33100 5.47300 0.12200 -8.52500 -2.00400 1.90200 -2.43100 -5.54400 -3.04200
166.00000 0.20300 7.43600 -8.14800 -8.68700 1.55600 20.75200 -7.60900 -6.37800 4.49600 2.56300 -5.59500 -0.05100 2.39100 -1.45500 -1.14900 -1.57700
167.00000 1.18000 8.41300 -7.66000 -7.71100 2.04500 22.21700 -7.12100 -5.40200 4.00800 5.49300 -3.15300 1.90200 3.36700 -0.47800 2.26800 0.37600
168.00000 1.66800 8.90100 -8.14800 -7.22200 2.04500 22.21700 -7.12100 -5.40200 3.52000 6.95800 -0.71200 2.39100 4.34400 0.49800 4.22200 2.81800
169.00000 2.15700 9.38900 -9.12500 -5.75800 2.04500 21.24000 -8.09700 -5.89000 2.54300 5.98100 0.26400 2.39100 4.83200 1.96300 4.71000 5.25900
170.00000 2.64500 9.38900 -9.61300 -4.78100 1.06800 19.77500 -11.51500 -6.37800 1.56700 3.05200 -0.22400 0.92600 4.83200 2.94000 4.22200 6.72400
171.00000 2.64500 7.92400 -9.61300 -3.80500 -0.88500 17.33400 -15.91000 -6.86600 0.10200 -0.36600 -2.66500 -1.02700 4.34400 3.42800 2.75700 6.72400
172.00000 1.66800 6.46000 -9.61300 -2.82800 -2.83800 15.38100 -17.86300 -6.86600 -0.87500 -2.80800 -6.08300 -2.98100 2.87900 2.45200 1.29200 5.74700
173.00000 0.20300 5.48300 -9.61300 -1.85100 -4.30300 14.40400 -16.39800 -6.86600 -0.87500 -2.80800 -8.03600 -3.95700 1.90200 0.49800 0.31500 4.28300
174.00000 -0.77300 6.46000 -10.10100 -0.87500 -3.81500 15.38100 -12.49200 -6.37800 0.10200 -0.85400 -9.01300 -3.95700 2.39100 -0.96600 -0.17300 3.30600
175.00000 -0.28500 8.90100 -11.56600 0.10200 -1.86200 16.84600 -9.56200 -5.40200 2.05500 1.09900 -9.01300 -3.95700 2.87900 -1.94300 -0.66100 2.81800
176.00000 1.66800 11.34200 -13.03100 0.10200 0.09200 17.82200 -11.02700 -4.91300 3.52000 1.58700 -9.01300 -3.95700 2.87900 -2.92000 -1.63800 1.84100
177.00000 3.62100 11.83100 -14.49600 -0.87500 1.55600 17.82200 -15.91000 -4.42500 4.00800 0.61000 -9.98900 -4.93400 1.90200 -4.87300 -3.10300 -0.11200
178.00000 3.13300 9.87800 -16.44900 -3.31600 1.55600 15.38100 -21.28100 -4.91300 3.52000 -0.85400 -11.45400 -6.88700 0.92600 -6.82600 -5.54400 -3.04200
179.00000 0.20300 6.94800 -18.40200 -5.75800 1.06800 12.93900 -23.72200 -5.40200 4.00800 -1.83100 -12.91900 -7.86300 -0.05100 -8.29100 -7.98500 -5.48300
180.00000 -2.23800 4.50600 -18.89000 -7.22200 1.06800 12.45100 -20.79300 -4.91300 4.98500 -0.85400 -13.40700 -7.86300 -0.05100 -7.80200 -9.45000 -6.46000
181.00000 -3.70300 4.01800 -17.91400 -6.24600 2.53300 14.40400 -15.42200 -3.93700 6.93800 0.61000 -12.43100 -6.88700 1.90200 -5.84900 -9.93900 -5.48300
182.00000 -1.75000 5.97100 -15.47200 -3.31600 4.48600 17.82200 -10.53900 -2.47200 8.89100 1.58700 -9.98900 -4.93400 3.85500 -2.43100 -8.47400 -3.53000
183.00000 2.15700 7.92400 -11.56600 0.10200 5.95100 19.77500 -9.07400 -1.49500 9.37900 1.58700 -8.03600 -3.46900 5.32000 0.49800 -6.03200 -2.06500
184.00000 5.57500 9.38900 -8.14800 2.05500 5.46300 18.79900 -10.53900 -1.98400 8.40300 1.09900 -7.54800 -2.98100 5.80900 1.47500 -4.56700 -1.57700
185.00000 6.55100 8.41300 -6.19500 2.54300 3.99800 15.86900 -12.00400 -2.96000 6.44900 0.61000 -8.03600 -3.95700 4.83200 0.98700 -4.56700 -2.55300
186.00000 5.57500 7.92400 -6.68300 2.05500 2.53300 13.42800 -11.51500 -5.40200 4.98500 0.61000 -10.47800 -5.91000 3.36700 -0.96600 -6.52100 -4.01800
187.00000 4.11000 7.92400 -7.66000 1.56700 2.53300 13.42800 -10.05000 -7.35500 4.00800 0.61000 -13.40700 -7.86300 1.90200 -2.43100 -9.45000 -5.48300
188.00000 4.11000 9.38900 -9.61300 1.07800 3.51000 15.86900 -10.05000 -8.82000 4.49600 0.61000 -15.36100 -9.81600 0.43700 -3.89600 -11.40300 -6.46000
189.00000 5.57500 10.85400 -9.61300 1.56700 5.46300 19.28700 -12.49200 -9.30800 4.98500 -0.85400 -15.84900 -10.30500 -0.05100 -4.87300 -11.40300 -6.94800
190.00000 7.03900 11.83100 -9.12500 1.56700 6.43900 20.26400 -16.88600 -9.79600 4.98500 -1.83100 -14.87200 -9.81600 0.43700 -5.84900 -9.93900 -6.94800
191.00000 8.50400 11.34200 -7.66000 1.56700 6.92700 18.79900 -19.81600 -10.28400 4.49600 -2.80800 -12.91900 -8.35200 0.92600 -5.84900 -7.98500 -6.94800
192.00000 8.50400 11.34200 -6.68300 0.59000 6.43900 16.35700 -18.84000 -9.79600 3.52000 -3.29600 -11.45400 -6.88700 1.90200 -5.36100 -6.52100 -6.46000
193.00000 8.01600 11.34200 -6.68300 0.10200 6.43900 15.38100 -13.46800 -8.82000 3.03100 -3.78400 -9.50100 -5.91000 1.90200 -3.89600 -6.03200 -5.48300
194.00000 8.01600 11.83100 -7.66000 -0.38700 6.92700 16.35700 -7.60900 -7.35500 2.05500 -4.27200 -8.03600 -4.93400 0.92600 -3.40800 -6.03200 -4.01800
195.00000 8.50400 11.34200 -9.12500 -0.87500 6.92700 17.33400 -4.19100 -5.40200 1.07800 -4.76100 -7.06000 -4.44500 -0.53900 -3.40800 -6.03200 -3.53000
196.00000 8.01600 9.87800 -10.10100 -1.36300 6.43900 17.82200 -4.67900 -3.93700 0.10200 -4.27200 -6.57100 -4.44500 -2.00400 -4.87300 -6.03200 -4.01800
197.00000 6.55100 7.43600 -11.07800 -2.34000 5.46300 16.35700 -7.12100 -3.44800 -0.87500 -2.80800 -6.57100 -4.44500 -2.49200 -6.82600 -5.54400 -4.99500
198.00000 4.59800 4.99500 -11.56600 -2.82800 3.51000 14.40400 -9.56200 -2.96000 -1.36300 -1.34300 -7.06000 -3.95700 -1.51600 -7.80200 -5.05600 -5.48300
199.00000 2.15700 4.50600 -10.59000 -3.31600 1.06800 13.42800 -9.56200 -2.96000 -0.87500 -0.85400 -8.03600 -3.95700 0.92600 -7.31400 -5.54400 -5.48300
200.00000 1.66800 5.48300 -10.10100 -3.31600 -0.39700 13.91600 -7.60900 -2.96000 0.10200 -2.80800 -9.98900 -4.44500 3.85500 -5.36100 -6.03200 -4.50600
201.00000 2.15700 6.46000 -9.61300 -3.31600 -1.86200 15.86900 -6.63200 -2.47200 2.05500 -5.73700 -10.96600 -4.44500 6.29700 -3.40800 -6.03200 -3.04200
202.00000 3.13300 5.48300 -10.10100 -3.80500 -2.83800 16.35700 -7.12100 -2.96000 3.03100 -8.17900 -11.45400 -5.42200 6.78500 -2.43100 -6.03200 -2.06500
203.00000 3.62100 3.53000 -11.56600 -4.78100 -3.32600 14.89300 -9.07400 -4.42500 4.00800 -8.17900 -11.45400 -5.91000 6.29700 -2.92000 -5.54400 -2.55300
204.00000 2.64500 1.57700 -13.51900 -6.24600 -3.32600 12.45100 -12.49200 -6.37800 3.52000 -6.71400 -11.45400 -7.37500 4.34400 -4.38400 -6.52100 -4.01800
205.00000 0.69200 0.11200 -15.96100 -7.71100 -2.35000 10.49800 -16.88600 -9.30800 3.03100 -5.73700 -13.89600 -9.81600 1.90200 -5.84900 -9.45000 -6.94800
206.00000 -1.26100 0.11200 -17.91400 -8.68700 -1.37300 9.52100 -22.25700 -12.72600 3.03100 -5.73700 -17.80200 -12.25800 -0.05100 -7.31400 -14.33300 -9.87800
207.00000 -2.72600 0.11200 -19.37900 -10.15200 -0.88500 9.52100 -27.14000 -16.14400 3.03100 -7.20200 -22.68500 -15.67600 -2.00400 -9.26700 -18.72800 -13.78400
208.00000 -3.21500 0.11200 -20.35500 -10.64000 -0.39700 10.49800 -30.55800 -19.07300 4.00800 -7.20200 -27.56800 -18.60600 -2.98100 -10.73200 -22.14600 -16.71300
209.00000 -2.72600 -0.37600 -21.33200 -11.12900 -0.88500 11.47500 -30.07000 -21.02700 4.98500 -4.76100 -30.49700 -20.07000 -3.46900 -12.68500 -23.12200 -18.66700
210.00000 -2.72600 -1.35300 -21.33200 -10.64000 -1.86200 11.96300 -27.14000 -21.51500 5.47300 -1.34300 -30.98600 -21.04700 -3.46900 -13.17300 -22.63400 -19.64300
211.00000 -3.21500 -0.86500 -21.33200 -9.66400 -2.35000 12.45100 -22.25700 -20.53800 5.47300 1.09900 -30.00900 -21.04700 -2.49200 -13.17300 -21.65700 -18.66700
212.00000 -4.67900 0.11200 -21.33200 -9.17600 -2.83800 11.96300 -20.30400 -19.56200 4.00800 -0.85400 -28.05600 -20.07000 -1.02700 -11.70900 -21.65700 -16.71300
213.00000 -5.65600 0.11200 -21.82000 -10.15200 -4.30300 11.47500 -21.76900 -18.58500 3.03100 -6.71400 -26.59100 -19.09400 0.43700 -9.75500 -21.16900 -13.78400
214.00000 -6.14400 -0.37600 -22.30800 -12.10500 -5.28000 10.01000 -25.18700 -18.58500 2.05500 -13.06200 -25.12600 -17.62900 1.41400 -7.80200 -19.70400 -10.85400
215.00000 -5.65600 -2.33000 -22.79700 -14.05800 -6.25600 8.05700 -27.62900 -18.58500 2.05500 -16.47900 -23.17300 -15.67600 2.39100 -5.84900 -17.26300 -7.92400
216.00000 -4.19100 -4.28300 -21.82000 -15.03500 -6.74400 7.56800 -26.65200 -17.60900 2.54300 -14.03800 -20.73200 -12.74600 2.87900 -4.38400 -13.84500 -5.97100
217.00000 -2.23800 -4.28300 -19.86700 -13.08200 -5.76800 8.05700 -22.74600 -15.65600 3.52000 -7.20200 -17.80200 -10.79300 3.36700 -2.92000 -11.89200 -5.48300
218.00000 -0.28500 -2.81800 -16.44900 -10.15200 -4.30300 9.52100 -18.84000 -13.21400 4.00800 0.12200 -15.84900 -8.35200 3.85500 -1.94300 -11.40300 -5.97100
219.00000 1.18000 -0.37600 -14.00800 -7.71100 -2.35000 10.98600 -16.88600 -11.26100 3.52000 4.02800 -14.38400 -7.37500 3.36700 -1.94300 -12.38000 -6.94800
220.00000 2.15700 1.57700 -12.54300 -6.24600 -1.37300 11.47500 -17.86300 -9.79600 1.56700 2.56300 -13.89600 -6.39900 2.39100 -3.40800 -13.35700 -7.92400
221.00000 2.15700 2.55300 -13.03100 -6.24600 -1.37300 10.49800 -18.84000 -8.33100 -1.85100 -2.80800 -13.89600 -5.91000 0.43700 -6.82600 -13.84500 -8.90100
222.00000 1.18000 1.57700 -15.47200 -7.71100 -3.32600 8.54500 -17.37500 -7.84300 -5.75800 -9.15500 -14.87200 -5.42200 -1.51600 -10.73200 -14.82100 -9.87800
223.00000 -0.28500 0.11200 -18.40200 -9.66400 -5.28000 6.59200 -14.44500 -7.35500 -8.68700 -15.01500 -15.84900 -5.91000 -2.98100 -14.15000 -15.31000 -10.85400
224.00000 -1.75000 -1.84100 -20.84400 -10.15200 -7.23300 5.12700 -11.02700 -7.35500 -9.66400 -18.43300 -17.31400 -6.39900 -3.95700 -16.10300 -16.28600 -11.83100
225.00000 -2.23800 -2.81800 -20.35500 -9.66400 -7.72100 4.63900 -10.53900 -7.35500 -8.19900 -19.40900 -18.29000 -8.35200 -2.98100 -15.61500 -16.77400 -12.80700
226.00000 -0.77300 -1.84100 -16.93700 -7.22200 -6.74400 5.12700 -12.98000 -7.35500 -5.26900 -17.94400 -18.29000 -9.32800 -1.02700 -12.68500 -16.28600 -11.83100
227.00000 2.64500 -0.37600 -10.59000 -3.31600 -4.79100 5.61500 -16.39800 -6.86600 -1.36300 -14.03800 -18.29000 -9.81600 1.41400 -9.26700 -14.82100 -9.87800
228.00000 7.03900 2.55300 -3.75400 0.59000 -2.35000 7.08000 -17.37500 -5.89000 2.05500 -9.64400 -18.29000 -9.81600 3.36700 -5.84900 -12.86800 -7.92400
229.00000 9.96900 4.50600 -0.82400 3.03100 -0.39700 8.05700 -14.44500 -4.91300 3.52000 -6.22600 -19.26700 -9.81600 3.36700 -5.36100 -12.86800 -7.92400
230.00000 9.96900 4.99500 -2.28900 3.52000 0.58000 9.52100 -10.05000 -4.91300 4.00800 -5.24900 -20.73200 -10.79300 1.90200 -6.82600 -14.33300 -9.87800
231.00000 8.50400 4.50600 -8.14800 1.07800 1.06800 11.47500 -8.58600 -6.37800 4.00800 -5.73700 -22.68500 -12.25800 -0.05100 -9.75500 -17.75100 -14.27200
232.00000 6.06300 3.04200 -14.98400 -2.34000 1.06800 12.45100 -12.98000 -8.82000 4.00800 -5.73700 -24.15000 -14.21100 -1.02700 -11.70900 -20.68100 -17.69000
233.00000 5.57500 2.55300 -18.89000 -5.26900 1.06800 13.91600 -20.30400 -12.23800 4.98500 -3.78400 -24.15000 -14.69900 0.92600 -10.73200 -21.65700 -17.69000
234.00000 6.06300 3.53000 -19.86700 -6.24600 1.06800 13.91600 -27.62900 -14.67900 6.93800 -0.85400 -24.15000 -14.69900 3.85500 -6.33700 -20.19200 -14.27200
235.00000 7.03900 4.99500 -18.40200 -5.75800 1.06800 12.93900 -30.07000 -15.65600 8.40300 1.09900 -24.15000 -14.21100 7.27300 -1.45500 -17.75100 -9.38900
236.00000 7.52800 5.97100 -16.93700 -4.78100 1.55600 11.96300 -28.60500 -16.63200 8.89100 0.12200 -23.66100 -14.21100 8.73800 2.45200 -15.79800 -5.97100
237.00000 7.52800 6.94800 -17.42600 -3.80500 2.53300 12.45100 -25.18700 -17.12000 8.40300 -2.80800 -23.66100 -14.69900 7.76200 2.45200 -14.82100 -5.48300
238.00000 8.50400 8.41300 -17.42600 -2.34000 4.48600 15.38100 -23.23400 -17.60900 7.42600 -5.24900 -23.17300 -15.67600 5.32000 0.01000 -14.82100 -7.43600
239.00000 10.94600 10.36600 -17.42600 -1.36300 6.43900 19.28700 -22.74600 -17.60900 6.93800 -4.76100 -22.19600 -16.16400 2.87900 -3.40800 -15.31000 -9.38900
240.00000 12.89900 12.31900 -15.47200 -0.38700 7.90400 22.70500 -23.23400 -18.09700 6.44900 -1.34300 -21.22000 -16.16400 1.41400 -5.84900 -14.82100 -9.87800
241.00000 13.87500 13.29500 -13.51900 0.59000 8.39200 23.68200 -22.25700 -18.58500 6.93800 2.07500 -20.24300 -16.16400 0.92600 -6.82600 -13.84500 -8.41300
242.00000 12.41000 12.80700 -12.05400 0.10200 7.90400 21.72900 -19.81600 -19.07300 6.93800 2.56300 -20.24300 -16.16400 0.92600 -6.33700 -12.86800 -6.94800
243.00000 9.48100 10.85400 -11.56600 -1.36300 6.92700 19.28700 -16.88600 -19.07300 6.93800 0.12200 -19.75500 -16.65200 0.43700 -5.84900 -12.38000 -5.97100
244.00000 8.01600 8.90100 -12.05400 -3.31600 5.95100 17.33400 -15.42200 -19.07300 5.96100 -3.78400 -18.77800 -15.67600 -0.05100 -6.33700 -13.35700 -6.46000
245.00000 8.50400 8.41300 -12.05400 -4.29300 5.46300 17.82200 -14.93300 -18.09700 4.49600 -5.73700 -16.82500 -14.21100 -1.02700 -6.33700 -14.33300 -6.94800
246.00000 9.96900 9.38900 -11.56600 -4.29300 5.46300 19.28700 -13.46800 -16.14400 2.54300 -5.24900 -15.36100 -12.25800 -1.51600 -5.84900 -15.31000 -7.43600
247.00000 10.94600 10.85400 -10.59000 -4.29300 4.97400 19.77500 -11.51500 -13.21400 1.07800 -3.29600 -14.38400 -10.30500 -2.00400 -4.87300 -15.31000 -6.94800
248.00000 9.96900 11.34200 -11.07800 -4.29300 3.99800 18.79900 -9.56200 -11.26100 -0.87500 -1.83100 -14.87200 -8.84000 -1.51600 -3.89600 -14.33300 -6.94800
249.00000 7.52800 9.87800 -12.05400 -4.29300 2.53300 17.33400 -10.05000 -9.79600 -1.85100 -1.83100 -15.84900 -7.37500 -1.02700 -2.92000 -12.86800 -7.92400
250.00000 5.57500 7.43600 -12.54300 -4.29300 1.06800 15.86900 -13.95700 -8.33100 -2.34000 -3.29600 -15.84900 -5.91000 0.43700 -2.43100 -10.42700 -7.92400
251.00000 5.08600 4.99500 -11.56600 -4.29300 0.09200 15.38100 -18.35100 -7.35500 -1.85100 -3.29600 -14.38400 -4.44500 1.90200 -1.94300 -8.47400 -6.94800
252.00000 5.57500 3.53000 -9.12500 -4.29300 -0.39700 16.35700 -20.30400 -5.40200 -1.85100 -2.31900 -11.45400 -2.00400 3.36700 -0.96600 -7.00900 -4.99500
253.00000 5.57500 3.04200 -6.68300 -4.29300 -0.88500 16.35700 -17.37500 -4.42500 -1.85100 -0.85400 -8.52500 -1.02700 3.85500 0.01000 -6.03200 -3.04200
254.00000 4.11000 2.55300 -7.17200 -5.75800 -1.86200 14.40400 -11.02700 -3.93700 -2.34000 -1.34300 -8.03600 -1.51600 3.36700 0.49800 -7.00900 -2.06500
255.00000 0.69200 2.55300 -10.10100 -7.71100 -2.83800 12.45100 -5.65600 -4.42500 -2.82800 -3.78400 -9.50100 -2.98100 1.90200 0.01000 -7.98500 -3.04200
256.00000 -1.75000 1.57700 -14.00800 -9.17600 -3.81500 10.98600 -5.16800 -5.89000 -2.82800 -6.22600 -11.94300 -4.44500 0.92600 -0.96600 -8.96200 -4.50600
