1.00000 12.61400 8.84000 8.42300 9.55200 7.68000 6.23600 -6.20500 -0.57000 0.01000 1.94300 -2.72600 -6.50000 -12.34900 -7.40600 -15.61500 -13.32600
2.00000 12.61400 8.84000 8.42300 9.55200 6.21500 6.23600 -5.22900 0.40700 0.01000 2.43100 2.15700 -1.61700 -8.44300 -3.98800 -9.75500 -11.37300
3.00000 12.12600 8.84000 9.39900 9.55200 5.23900 6.72400 4.53700 2.84800 0.01000 2.43100 8.01600 3.75400 -4.53700 -1.54600 -2.92000 -9.42000
4.00000 12.12600 9.32800 10.37600 9.55200 4.75100 7.70100 16.25600 4.80100 0.49800 2.92000 13.87500 8.63600 0.34600 1.38300 3.42800 -5.51400
5.00000 12.12600 9.32800 9.88800 8.57500 4.26200 8.67700 21.13900 5.77800 1.96300 4.38400 18.27000 12.54300 5.71700 5.77800 8.79900 1.81100
6.00000 11.14900 7.86300 7.44600 6.13400 2.79700 7.70100 14.79100 5.29000 3.91600 5.84900 21.20000 14.49600 11.08800 12.12600 14.17000 10.60000
7.00000 9.68400 4.93400 5.00500 3.69300 0.35600 4.77100 3.07200 3.33700 4.89300 7.31400 22.17600 15.47200 14.50600 17.49700 18.07700 18.90100
8.00000 7.24300 2.00400 4.02800 2.22800 -3.55000 0.86500 -5.71700 2.36000 3.91600 8.29100 22.66400 16.44900 15.97100 20.42600 20.51800 22.80700
9.00000 4.80100 -0.92600 4.51700 3.20400 -6.48000 -2.55300 -5.71700 2.36000 1.96300 8.29100 21.20000 15.47200 14.50600 19.93800 21.00600 21.83000
10.00000 3.82500 -2.39100 7.44600 5.64600 -7.94500 -4.50600 2.09600 2.84800 -0.96600 6.33700 18.27000 13.51900 12.06500 16.52000 19.05300 17.92400
11.00000 3.82500 -1.90200 9.88800 8.08700 -7.45600 -4.99500 10.39600 3.82500 -2.43100 3.40800 14.36400 10.59000 10.11100 12.61400 16.61200 14.99400
12.00000 5.29000 -0.43700 11.35300 9.06400 -5.99200 -4.99500 12.83800 3.82500 -2.92000 -0.01000 9.96900 7.66000 9.62300 9.68400 13.68200 14.01800
13.00000 7.24300 0.05100 10.86400 9.06400 -4.03800 -4.50600 8.93100 2.84800 -2.43100 -3.91600 6.06300 4.24200 9.13500 7.73100 11.72900 15.48300
14.00000 8.21900 -0.43700 8.91100 7.59900 -2.57400 -5.48300 2.09600 1.38300 -1.45500 -6.35800 3.13300 0.33600 7.18200 6.26600 9.28800 15.48300
15.00000 8.21900 -0.92600 6.95800 6.13400 -2.08500 -6.94800 -2.29900 -0.08100 -1.45500 -7.82300 -0.28500 -3.57100 3.27600 3.33700 6.35800 13.04100
16.00000 7.24300 -2.39100 5.98100 5.15700 -1.59700 -8.41300 -2.29900 -1.05800 -2.43100 -8.79900 -3.21500 -8.45300 -1.11900 -0.57000 1.96300 7.67000
17.00000 6.75500 -2.39100 5.00500 5.15700 -0.62100 -8.90100 0.14200 -2.03500 -2.92000 -8.79900 -7.60900 -13.33600 -5.51400 -4.47600 -2.92000 1.32200
18.00000 6.26600 -0.92600 4.51700 5.15700 1.33300 -6.46000 1.11900 -3.49900 -2.43100 -8.79900 -11.51500 -18.21900 -8.44300 -7.40600 -7.31400 -3.07200
19.00000 7.24300 2.00400 4.02800 5.15700 3.77400 -2.06500 -1.81100 -5.45200 -0.47800 -7.82300 -15.42200 -23.10200 -9.42000 -8.87000 -11.22000 -5.02500
20.00000 9.19600 5.42200 3.54000 5.15700 5.72700 3.30600 -7.67000 -6.91700 0.98700 -6.84600 -19.32800 -26.52000 -9.90800 -8.87000 -14.63800 -6.97800
21.00000 10.17300 7.37500 3.05200 5.64600 6.70400 6.72400 -13.04100 -8.38200 1.96300 -6.84600 -23.72200 -28.96100 -10.39600 -9.84700 -19.03300 -9.42000
22.00000 9.68400 6.39900 2.07500 6.62200 6.21500 6.23600 -16.94700 -8.87000 1.47500 -7.33400 -27.62900 -31.40300 -11.86100 -12.77700 -23.42700 -13.81400
23.00000 7.24300 3.46900 1.09900 7.11100 5.23900 3.30600 -17.92400 -8.87000 0.49800 -8.31100 -32.02300 -32.37900 -13.32600 -16.19500 -28.31000 -18.69700
24.00000 5.29000 0.05100 -0.36600 7.11100 4.26200 0.37600 -18.90100 -8.38200 0.01000 -8.79900 -35.44100 -33.35600 -14.79100 -19.61300 -32.70500 -22.60300
25.00000 3.82500 -1.41400 -1.83100 6.62200 4.26200 -0.11200 -19.87700 -8.38200 0.49800 -7.82300 -37.88200 -33.35600 -14.79100 -20.58900 -35.63400 -24.55600
26.00000 3.82500 -0.43700 -3.29600 6.13400 5.23900 2.81800 -22.31900 -7.89400 1.47500 -5.87000 -39.34700 -33.35600 -14.79100 -20.58900 -37.58700 -26.02100
27.00000 4.80100 1.51600 -5.24900 4.66900 6.21500 6.23600 -23.29500 -8.38200 2.45200 -4.40500 -40.81200 -32.86700 -14.79100 -20.10100 -39.05200 -27.97400
28.00000 5.29000 2.49200 -7.69000 2.22800 5.72700 6.72400 -22.31900 -8.38200 2.45200 -4.40500 -42.27700 -32.37900 -14.30300 -20.10100 -40.51700 -30.41600
29.00000 3.33700 1.02700 -10.13200 -0.21400 3.77400 3.79400 -19.87700 -8.87000 1.47500 -5.87000 -44.23000 -30.91400 -13.32600 -21.07700 -41.49400 -32.85700
30.00000 -0.08100 -2.87900 -12.08500 -3.14300 -0.13200 -2.06500 -17.92400 -8.87000 0.01000 -8.31100 -44.23000 -27.98500 -11.37300 -22.05400 -41.00500 -34.32200
31.00000 -3.49900 -7.27300 -12.57300 -4.60800 -4.03800 -7.43600 -17.43600 -8.87000 -0.47800 -10.26400 -42.76500 -24.07800 -8.44300 -22.05400 -39.05200 -32.85700
32.00000 -5.94100 -9.71500 -11.59700 -5.58500 -6.48000 -9.87800 -19.87700 -7.89400 -0.47800 -10.75200 -38.85900 -19.68400 -6.00200 -20.10100 -35.63400 -28.95100
33.00000 -6.42900 -10.20300 -10.13200 -5.58500 -6.96800 -8.41300 -21.83000 -7.40600 0.49800 -9.28800 -33.48800 -15.77800 -3.56000 -16.68300 -32.21600 -24.06800
34.00000 -5.45200 -9.22600 -8.17900 -4.60800 -5.99200 -5.48300 -22.31900 -6.42900 0.98700 -6.84600 -28.60500 -13.33600 -2.58400 -13.26500 -29.77500 -20.65000
35.00000 -4.47600 -7.76200 -6.22600 -3.63200 -4.52700 -3.53000 -18.90100 -5.45200 1.47500 -4.89300 -23.72200 -12.36000 -2.09600 -10.33500 -28.79800 -18.69700
36.00000 -3.49900 -7.27300 -4.27200 -2.16700 -3.55000 -3.04200 -13.52900 -3.98800 1.47500 -3.91600 -20.79300 -11.38300 -2.58400 -8.87000 -27.82200 -18.69700
37.00000 -3.49900 -7.76200 -2.80800 -1.19000 -4.03800 -4.01800 -8.15800 -2.52300 0.98700 -3.42800 -18.35100 -10.40600 -3.07200 -7.89400 -26.84500 -19.67400
38.00000 -3.98800 -9.22600 -1.83100 -0.70200 -5.50300 -4.99500 -5.22900 -0.57000 0.49800 -2.94000 -15.91000 -8.94200 -4.04900 -7.89400 -23.91600 -19.67400
39.00000 -4.96400 -11.18000 -0.85400 -0.70200 -7.45600 -5.48300 -3.27600 0.40700 -0.47800 -2.45200 -12.98000 -7.47700 -4.04900 -6.91700 -20.49800 -18.20900
40.00000 -5.94100 -13.13300 0.12200 -0.70200 -9.41000 -5.48300 -1.81100 0.40700 -1.45500 -1.96300 -10.53900 -6.98900 -4.04900 -5.94100 -16.10300 -14.79100
41.00000 -5.94100 -13.62100 1.58700 -1.19000 -10.38600 -6.46000 1.11900 -0.08100 -2.92000 -1.96300 -8.58600 -6.98900 -3.07200 -4.47600 -12.68500 -10.39600
42.00000 -5.45200 -12.15600 3.05200 -1.19000 -9.89800 -6.46000 4.04900 -0.57000 -2.92000 -1.96300 -8.09700 -6.50000 -1.60700 -2.03500 -9.75500 -6.00200
43.00000 -3.49900 -9.71500 4.51700 -0.21400 -7.45600 -5.97100 6.00200 -0.57000 -1.45500 -1.96300 -7.60900 -6.01200 0.34600 0.40700 -7.80200 -2.58400
44.00000 -2.52300 -7.27300 5.00500 1.25100 -4.03800 -3.53000 5.02500 -0.57000 0.49800 -0.98700 -7.60900 -5.03500 2.29900 1.87200 -6.33700 -1.11900
45.00000 -1.54600 -5.32000 4.51700 2.22800 -0.62100 -1.08800 1.11900 -1.05800 2.45200 0.47800 -7.60900 -5.03500 3.76400 2.84800 -5.36100 -0.63100
46.00000 -2.03500 -5.32000 3.05200 1.74000 0.84400 0.86500 -4.74000 -1.54600 4.40500 1.45500 -7.60900 -5.52400 5.22900 2.84800 -4.38400 -0.63100
47.00000 -3.49900 -6.78500 0.61000 -0.21400 1.33300 1.35300 -9.62300 -3.01100 4.89300 1.45500 -8.58600 -6.50000 5.71700 1.87200 -4.87300 -1.60700
48.00000 -5.94100 -9.22600 -1.83100 -3.14300 -0.13200 -0.60000 -14.01800 -4.47600 4.40500 0.47800 -10.53900 -7.96500 5.22900 0.40700 -6.33700 -3.07200
49.00000 -7.89400 -11.66800 -4.76100 -6.07300 -2.08500 -3.04200 -16.94700 -5.45200 3.42800 -1.96300 -12.98000 -8.94200 4.74000 -1.54600 -8.29100 -4.04900
50.00000 -9.84700 -12.15600 -7.20200 -8.02600 -3.55000 -4.50600 -20.36500 -6.42900 2.45200 -4.40500 -15.42200 -9.43000 4.25200 -3.01100 -10.73200 -4.53700
51.00000 -11.31200 -12.64400 -9.64400 -8.02600 -4.03800 -4.50600 -22.80700 -6.91700 2.94000 -6.84600 -17.86300 -9.43000 4.25200 -3.49900 -11.70900 -3.56000
52.00000 -13.26500 -12.64400 -12.08500 -7.53800 -3.55000 -3.53000 -22.80700 -6.42900 3.42800 -8.79900 -18.84000 -8.45300 5.22900 -3.01100 -11.22000 -1.11900
53.00000 -14.73000 -13.13300 -13.06200 -6.56100 -3.55000 -2.06500 -19.87700 -5.45200 4.40500 -9.28800 -18.35100 -7.96500 6.20500 -1.54600 -8.77900 1.81100
54.00000 -15.21800 -12.64400 -12.57300 -5.58500 -4.03800 -1.57700 -14.01800 -3.98800 4.89300 -7.33400 -16.88600 -6.98900 7.18200 -1.05800 -6.33700 3.27600
55.00000 -14.73000 -11.66800 -10.13200 -5.58500 -4.52700 -2.06500 -8.15800 -2.52300 5.38100 -4.40500 -14.93300 -5.52400 7.67000 -1.05800 -4.38400 3.76400
56.00000 -12.77700 -10.69100 -7.69000 -5.58500 -4.52700 -2.06500 -4.74000 -1.54600 5.87000 -0.98700 -12.98000 -3.57100 7.18200 -1.54600 -3.40800 3.27600
57.00000 -10.82400 -10.20300 -5.24900 -5.09600 -4.03800 -3.04200 -3.76400 -1.54600 5.38100 0.96600 -11.02700 -2.10600 7.18200 -3.01100 -2.43100 1.32200
58.00000 -9.35900 -10.69100 -4.27200 -4.60800 -4.03800 -4.50600 -4.25200 -1.54600 4.89300 -0.49800 -9.07400 -0.64100 6.20500 -4.47600 -1.45500 -0.63100
59.00000 -9.35900 -12.64400 -4.27200 -5.09600 -4.52700 -6.94800 -5.71700 -1.54600 2.94000 -3.91600 -8.58600 0.33600 5.22900 -6.42900 -0.96600 -1.60700
60.00000 -10.82400 -14.59800 -5.73700 -6.07300 -5.50300 -10.36600 -7.18200 -2.03500 0.98700 -8.31100 -8.58600 0.33600 3.76400 -8.38200 -0.47800 -1.60700
61.00000 -12.77700 -16.55100 -7.69000 -7.05000 -6.96800 -13.29500 -10.60000 -2.03500 -0.47800 -10.75200 -9.07400 0.82400 3.27600 -9.84700 -0.47800 -0.63100
62.00000 -14.73000 -17.03900 -8.66700 -7.53800 -7.94500 -13.78400 -14.99400 -2.03500 -0.96600 -10.26400 -9.07400 1.31200 3.27600 -9.35900 -0.47800 1.32200
63.00000 -14.24200 -15.57400 -8.66700 -7.05000 -7.45600 -12.31900 -19.38900 -1.54600 -0.47800 -8.31100 -7.60900 2.28900 3.76400 -6.91700 0.01000 3.76400
64.00000 -13.26500 -14.10900 -7.69000 -5.58500 -5.99200 -9.38900 -20.36500 -0.57000 0.49800 -6.35800 -5.16800 3.75400 5.22900 -3.98800 1.47500 5.22900
65.00000 -11.31200 -12.15600 -5.73700 -3.14300 -5.01500 -6.94800 -14.50600 1.38300 0.49800 -5.38100 -3.70300 4.24200 6.20500 -1.54600 1.96300 5.71700
66.00000 -9.35900 -10.69100 -3.78400 -1.19000 -4.52700 -5.97100 -4.74000 3.33700 0.98700 -5.87000 -3.21500 4.24200 5.71700 -1.05800 1.47500 5.22900
67.00000 -7.89400 -9.71500 -1.34300 -0.21400 -3.55000 -6.46000 5.51400 5.29000 0.98700 -4.89300 -3.21500 2.77700 4.74000 -2.52300 -0.47800 3.27600
68.00000 -6.42900 -8.25000 1.09900 0.76300 -2.57400 -5.97100 10.39600 5.77800 1.47500 -1.96300 -3.21500 1.31200 3.27600 -3.49900 -2.92000 1.81100
69.00000 -3.98800 -7.27300 3.54000 1.25100 -1.10900 -4.01800 10.88500 5.29000 2.94000 2.92000 -3.21500 0.33600 2.29900 -3.49900 -3.40800 1.32200
70.00000 -1.54600 -5.32000 5.00500 1.25100 -0.13200 -0.60000 9.42000 4.80100 3.91600 7.31400 -2.72600 0.33600 2.78700 -2.03500 -2.92000 1.32200
71.00000 1.38300 -4.34400 6.47000 0.76300 0.84400 3.30600 9.42000 4.31300 4.89300 9.26700 -1.75000 0.82400 3.76400 0.40700 -0.96600 1.32200
72.00000 2.36000 -3.36700 6.47000 0.76300 0.84400 5.74700 10.39600 4.80100 5.87000 9.75500 -1.26100 2.28900 4.74000 2.36000 0.49800 1.32200
73.00000 2.36000 -3.36700 5.00500 -0.21400 0.84400 6.72400 9.42000 4.80100 5.87000 9.26700 -1.26100 3.26500 5.22900 2.84800 0.01000 1.81100
74.00000 0.89500 -2.87900 4.02800 -0.21400 0.35600 5.74700 4.04900 5.29000 6.35800 9.26700 -1.75000 3.75400 5.71700 1.87200 -0.96600 2.29900
75.00000 -0.57000 -2.87900 3.05200 0.27500 -0.13200 4.28300 -4.74000 4.80100 5.87000 8.77900 -1.75000 3.75400 4.74000 0.89500 -2.43100 2.78700
76.00000 -2.03500 -3.85500 2.56300 0.27500 -0.62100 2.33000 -10.60000 4.31300 4.89300 7.31400 -2.23800 3.75400 4.25200 -0.08100 -2.43100 2.78700
77.00000 -3.49900 -5.32000 2.56300 -0.70200 -2.08500 -0.11200 -9.62300 3.33700 3.42800 4.38400 -2.23800 2.77700 3.27600 -1.05800 -2.92000 0.83400
78.00000 -4.96400 -7.27300 1.09900 -2.65500 -3.55000 -3.04200 -2.78700 1.87200 1.96300 1.45500 -3.70300 0.82400 2.29900 -1.54600 -3.89600 -1.60700
79.00000 -6.91700 -8.73800 -0.85400 -5.09600 -4.03800 -4.50600 4.04900 0.40700 1.96300 -0.49800 -5.65600 -1.12900 1.81100 -1.54600 -6.33700 -4.04900
80.00000 -8.38200 -8.73800 -2.80800 -7.05000 -3.06200 -4.50600 5.02500 -1.05800 2.94000 -0.01000 -8.09700 -2.10600 2.78700 -0.57000 -8.77900 -5.51400
81.00000 -8.38200 -7.76200 -4.27200 -8.51400 -1.59700 -3.04200 0.14200 -2.52300 4.40500 2.43100 -9.56200 -2.59400 4.74000 0.89500 -10.24400 -5.02500
82.00000 -7.89400 -7.27300 -4.76100 -9.00300 -0.62100 -2.06500 -7.18200 -2.52300 5.87000 5.36100 -10.53900 -1.61700 6.69400 2.84800 -9.26700 -2.58400
83.00000 -7.89400 -7.76200 -5.73700 -9.49100 -1.59700 -2.06500 -11.08800 -2.52300 5.87000 6.82600 -11.02700 -0.64100 8.64700 4.31300 -7.80200 -0.14200
84.00000 -8.87000 -10.20300 -7.20200 -9.97900 -4.03800 -3.53000 -9.62300 -1.54600 5.38100 6.33700 -11.02700 -0.64100 9.62300 4.80100 -6.82600 1.32200
85.00000 -10.82400 -12.15600 -9.15500 -9.97900 -5.50300 -4.01800 -8.15800 -1.05800 4.40500 5.84900 -12.00400 -1.12900 9.13500 4.80100 -7.31400 0.83400
86.00000 -12.28800 -13.13300 -10.62000 -9.00300 -5.99200 -3.53000 -9.62300 -1.54600 4.40500 5.36100 -12.00400 -1.61700 8.64700 4.80100 -8.29100 -0.14200
87.00000 -12.28800 -11.66800 -10.62000 -8.02600 -4.03800 -0.60000 -14.99400 -2.03500 5.38100 6.82600 -11.51500 -1.61700 7.67000 4.80100 -9.75500 -0.63100
88.00000 -10.82400 -9.22600 -9.15500 -6.56100 -1.10900 2.33000 -19.87700 -3.01100 6.84600 8.77900 -11.51500 -1.12900 7.67000 5.77800 -9.75500 -1.11900
89.00000 -8.38200 -6.29700 -5.73700 -6.07300 0.35600 4.77100 -18.90100 -3.01100 7.82300 10.73200 -11.02700 -0.64100 7.67000 6.26600 -9.26700 -0.63100
90.00000 -6.91700 -4.83200 -2.31900 -6.07300 0.35600 4.28300 -11.57600 -2.52300 8.31100 11.22000 -11.51500 -0.64100 8.15800 5.77800 -8.77900 -0.63100
91.00000 -5.94100 -4.34400 0.12200 -5.58500 -1.10900 1.84100 -0.34600 -1.05800 7.82300 9.75500 -10.53900 -0.15300 7.67000 4.80100 -8.29100 -1.11900
92.00000 -5.45200 -4.34400 2.56300 -4.60800 -3.06200 -0.60000 7.95500 1.38300 7.33400 7.31400 -6.14400 1.31200 7.18200 3.82500 -5.84900 -0.63100
93.00000 -3.98800 -4.83200 4.51700 -3.14300 -3.55000 -3.53000 11.37300 4.31300 6.35800 3.89600 2.15700 5.21900 7.18200 2.84800 -0.47800 1.81100
94.00000 -2.52300 -5.80900 5.98100 -1.19000 -3.55000 -6.46000 10.88500 7.24300 4.89300 0.47800 14.36400 11.56600 6.69400 1.87200 9.77600 6.69400
95.00000 -2.03500 -7.76200 7.44600 -0.21400 -3.55000 -9.87800 11.86100 10.66100 2.94000 -3.42800 28.03500 18.89000 6.69400 0.89500 23.44800 12.55300
96.00000 -3.49900 -10.20300 8.42300 -0.21400 -5.01500 -13.78400 16.74400 13.10200 0.98700 -6.84600 40.73100 25.23800 6.69400 -0.08100 38.58400 18.90100
97.00000 -6.42900 -13.13300 8.42300 -0.70200 -6.96800 -17.69000 23.09200 14.56700 -1.45500 -9.77600 50.00800 29.14400 6.69400 -0.57000 50.30300 24.76000
98.00000 -9.35900 -15.08600 7.44600 -0.70200 -8.43300 -19.64300 26.51000 15.05500 -2.92000 -12.21700 53.91400 30.12100 7.67000 0.40700 57.13900 29.15400
99.00000 -11.31200 -15.57400 5.98100 -0.70200 -8.92100 -20.13100 21.62700 13.59000 -3.40800 -13.19400 51.96100 28.65600 9.62300 2.84800 57.13900 32.57200
100.00000 -11.31200 -14.10900 3.54000 -0.70200 -7.94500 -18.17800 11.37300 11.14900 -2.43100 -12.21700 45.61400 25.23800 10.60000 6.26600 51.76800 34.03700
101.00000 -9.84700 -12.15600 0.61000 -1.19000 -6.48000 -15.24900 -0.83400 7.73100 0.01000 -9.28800 35.36000 20.35500 11.08800 9.19600 42.49100 31.59600
102.00000 -9.35900 -9.71500 -2.31900 -2.65500 -5.50300 -12.31900 -8.15800 3.82500 2.45200 -3.91600 23.15300 14.49600 10.11100 9.19600 30.77200 26.22500
103.00000 -8.87000 -6.78500 -4.76100 -3.63200 -4.03800 -8.90100 -8.15800 0.40700 3.91600 1.94300 11.43400 9.61300 8.15800 7.24300 19.54100 17.92400
104.00000 -8.38200 -6.29700 -5.73700 -4.12000 -2.57400 -6.46000 -4.25200 -2.03500 4.40500 5.84900 2.15700 5.21900 6.69400 4.31300 10.26400 10.11100
105.00000 -7.89400 -5.80900 -5.73700 -4.12000 -1.10900 -4.50600 -0.83400 -2.52300 3.91600 6.82600 -2.72600 3.26500 6.20500 1.87200 3.91600 5.22900
106.00000 -6.91700 -6.29700 -3.78400 -3.14300 -0.62100 -4.50600 -0.34600 -1.54600 3.42800 4.38400 -4.19100 2.77700 6.69400 0.40700 0.49800 4.25200
107.00000 -5.94100 -7.27300 -1.34300 -1.67800 -1.10900 -5.97100 -3.27600 -0.08100 3.42800 -0.01000 -4.19100 3.26500 7.18200 -0.08100 -1.45500 5.22900
108.00000 -5.45200 -8.73800 0.61000 -0.21400 -2.08500 -8.90100 -7.18200 0.89500 2.94000 -4.40500 -4.19100 3.26500 6.69400 -1.05800 -1.94300 5.22900
109.00000 -5.94100 -9.71500 1.58700 0.27500 -3.06200 -11.34200 -8.15800 1.87200 2.94000 -6.35800 -4.19100 2.77700 5.22900 -3.49900 -2.92000 2.78700
110.00000 -6.42900 -9.22600 1.09900 0.76300 -2.57400 -11.83100 -5.22900 2.36000 2.45200 -5.38100 -5.16800 2.28900 3.76400 -5.45200 -3.89600 -1.60700
111.00000 -5.45200 -7.27300 -0.36600 1.25100 -0.62100 -9.87800 -0.83400 2.36000 1.47500 -2.45200 -5.65600 1.31200 2.78700 -6.42900 -4.87300 -4.53700
112.00000 -3.98800 -3.85500 -1.34300 1.25100 1.33300 -5.48300 2.58400 2.84800 0.98700 -0.01000 -5.65600 1.31200 2.78700 -5.45200 -4.87300 -4.53700
113.00000 -2.03500 -0.43700 -1.83100 1.25100 2.79700 -1.08800 2.09600 2.84800 0.98700 0.96600 -4.19100 1.80100 3.76400 -2.52300 -3.89600 -1.11900
114.00000 -1.05800 1.02700 -0.85400 1.25100 3.28600 1.35300 -1.81100 2.84800 0.98700 0.47800 -2.23800 1.80100 4.74000 0.89500 -2.43100 3.27600
115.00000 -1.05800 1.02700 1.09900 1.25100 2.79700 1.35300 -6.69400 1.87200 1.96300 -0.01000 0.20300 2.28900 5.22900 2.84800 0.01000 6.20500
116.00000 -2.03500 -0.92600 3.54000 1.74000 1.33300 -1.08800 -7.67000 1.87200 2.45200 0.47800 1.66800 2.77700 5.22900 2.36000 1.47500 5.71700
117.00000 -3.01100 -3.36700 5.00500 1.74000 -0.13200 -4.50600 -4.25200 2.84800 3.42800 2.92000 2.64500 4.24200 5.22900 0.89500 2.45200 3.27600
118.00000 -3.98800 -4.83200 5.98100 1.25100 -2.08500 -6.94800 2.09600 4.31300 3.42800 5.36100 3.13300 6.19500 5.71700 0.40700 3.42800 2.29900
119.00000 -5.94100 -6.29700 5.00500 -0.21400 -3.06200 -8.41300 6.49000 6.26600 3.91600 6.82600 3.13300 8.14800 7.18200 1.87200 3.42800 3.27600
120.00000 -7.89400 -8.25000 3.54000 -1.67800 -4.52700 -9.87800 6.97800 7.24300 3.91600 6.82600 4.59800 10.10100 8.64700 4.31300 5.38100 7.18200
121.00000 -9.84700 -10.20300 1.58700 -3.14300 -5.99200 -11.34200 3.07200 7.24300 3.91600 5.84900 7.03900 12.05400 10.11100 6.26600 7.82300 11.08800
122.00000 -11.31200 -11.66800 1.58700 -3.63200 -6.48000 -11.83100 -0.34600 6.26600 4.40500 5.36100 10.45700 14.00800 11.08800 7.24300 11.24100 13.04100
123.00000 -10.33500 -11.66800 2.56300 -2.65500 -5.50300 -11.34200 0.14200 6.26600 4.40500 5.84900 13.38700 15.96100 11.08800 6.75500 14.17000 13.04100
124.00000 -7.89400 -9.71500 5.00500 -1.19000 -4.03800 -9.38900 6.00200 6.75500 4.89300 7.80200 14.85200 17.42600 11.57600 6.75500 16.12300 13.04100
125.00000 -5.45200 -6.78500 6.95800 0.27500 -2.57400 -6.46000 13.32600 8.21900 4.40500 9.26700 14.85200 18.40200 12.06500 7.24300 16.61200 14.01800
126.00000 -4.96400 -5.32000 7.44600 0.27500 -2.08500 -4.50600 18.69700 9.19600 3.42800 8.29100 13.87500 18.89000 12.06500 8.21900 15.14700 15.97100
127.00000 -6.91700 -7.27300 6.95800 -0.70200 -3.55000 -5.48300 19.18500 9.68400 1.47500 5.36100 13.38700 17.91400 11.57600 8.70800 14.17000 17.92400
128.00000 -10.82400 -12.15600 5.00500 -2.65500 -6.48000 -9.38900 15.27900 9.19600 -0.96600 -0.01000 12.89900 16.93700 10.11100 7.24300 13.68200 17.92400
129.00000 -14.73000 -17.03900 3.05200 -4.12000 -9.41000 -14.27200 10.88500 8.21900 -2.43100 -4.40500 12.89900 15.96100 8.64700 4.31300 13.68200 15.48300
130.00000 -17.17100 -19.96900 1.09900 -5.09600 -11.36300 -18.66700 6.97800 6.75500 -2.43100 -7.33400 11.92200 14.00800 7.18200 1.38300 13.68200 11.57600
131.00000 -18.14800 -20.45700 -0.36600 -6.07300 -11.36300 -20.62000 4.53700 5.29000 -1.45500 -7.33400 9.48100 11.07800 5.71700 -1.05800 11.24100 7.67000
132.00000 -17.66000 -18.99200 -1.83100 -6.56100 -9.41000 -19.64300 2.09600 3.33700 0.98700 -5.87000 6.55100 8.14800 4.74000 -3.01100 7.33400 4.25200
133.00000 -16.68300 -17.03900 -3.29600 -6.56100 -6.96800 -17.69000 -1.32200 1.87200 2.94000 -3.42800 3.62100 4.73000 2.78700 -4.47600 2.45200 1.81100
134.00000 -15.21800 -15.57400 -4.27200 -6.56100 -4.52700 -15.24900 -5.22900 0.40700 3.91600 -1.47500 1.66800 1.80100 1.32200 -5.45200 -1.94300 -0.14200
135.00000 -13.75300 -14.10900 -4.27200 -5.58500 -3.06200 -13.29500 -6.69400 0.40700 3.91600 -0.49800 0.20300 0.82400 0.34600 -6.42900 -3.89600 -1.60700
136.00000 -12.28800 -12.15600 -2.80800 -4.12000 -2.57400 -12.31900 -4.25200 2.36000 3.91600 -0.98700 0.20300 1.31200 0.83400 -6.42900 -3.40800 -2.09600
137.00000 -10.82400 -10.20300 -0.85400 -3.14300 -2.08500 -12.31900 1.60700 5.77800 3.91600 -1.47500 1.18000 3.26500 1.81100 -5.94100 -1.45500 -2.09600
138.00000 -9.84700 -8.25000 1.09900 -1.67800 -1.59700 -11.83100 8.44300 9.19600 4.40500 -2.45200 2.15700 6.19500 3.27600 -5.45200 0.49800 -1.60700
139.00000 -8.87000 -7.27300 3.05200 0.27500 0.35600 -10.85400 13.81400 12.12600 5.87000 -2.45200 4.59800 9.12500 4.25200 -4.47600 2.45200 -0.63100
140.00000 -7.40600 -6.29700 4.51700 1.74000 2.79700 -8.41300 14.30300 13.59000 7.33400 -1.47500 6.55100 11.07800 5.22900 -3.01100 3.91600 0.83400
141.00000 -5.45200 -5.32000 5.00500 3.69300 5.23900 -4.99500 10.88500 13.59000 8.79900 0.47800 8.99300 12.54300 7.18200 -1.54600 5.38100 2.29900
142.00000 -3.49900 -3.85500 4.51700 4.18100 7.19200 -1.57700 7.46700 12.12600 10.75200 3.89600 9.48100 12.54300 9.62300 1.38300 6.84600 4.25200
143.00000 -2.03500 -2.39100 3.54000 3.69300 7.68000 -0.11200 6.00200 10.17300 12.21700 7.31400 8.01600 12.05400 12.06500 4.31300 6.84600 5.71700
144.00000 -2.52300 -1.90200 2.56300 2.71600 6.21500 -0.60000 8.44300 8.70800 12.70500 9.26700 6.55100 11.07800 14.01800 6.26600 6.84600 6.69400
145.00000 -4.96400 -2.87900 0.61000 0.76300 4.26200 -4.01800 12.34900 7.73100 12.70500 9.26700 5.57500 10.59000 14.50600 6.26600 5.38100 6.69400
146.00000 -8.38200 -5.32000 -0.85400 -0.70200 1.82100 -8.41300 13.81400 7.24300 11.24100 7.80200 5.57500 10.59000 13.52900 4.31300 4.40500 5.71700
147.00000 -11.80000 -7.76200 -2.31900 -2.65500 -1.10900 -11.34200 10.88500 6.26600 8.79900 4.87300 6.06300 10.10100 12.55300 1.38300 3.91600 4.25200
148.00000 -13.75300 -10.20300 -4.27200 -5.09600 -3.55000 -13.29500 3.56000 4.31300 6.35800 1.45500 5.57500 9.61300 11.57600 -0.57000 3.42800 3.27600
149.00000 -14.73000 -12.15600 -6.71400 -7.53800 -5.50300 -13.29500 -5.22900 2.36000 3.91600 -1.47500 4.59800 8.63600 12.06500 -0.57000 3.42800 2.78700
150.00000 -15.21800 -14.10900 -8.66700 -9.49100 -7.94500 -13.29500 -11.08800 0.40700 2.45200 -2.94000 3.13300 8.14800 12.55300 0.40700 3.42800 3.27600
151.00000 -14.24200 -16.06200 -10.13200 -10.95600 -9.89800 -14.76000 -11.08800 -1.05800 1.47500 -2.94000 2.15700 8.14800 13.52900 2.84800 4.40500 4.25200
152.00000 -13.75300 -17.03900 -10.13200 -11.93200 -10.38600 -16.71300 -6.69400 -0.57000 1.47500 -0.98700 3.13300 8.63600 14.50600 4.80100 5.87000 5.71700
153.00000 -12.77700 -17.03900 -8.66700 -11.93200 -10.38600 -18.17800 -1.32200 0.40700 2.45200 0.96600 4.11000 9.61300 14.50600 5.29000 6.84600 6.20500
154.00000 -11.80000 -15.57400 -6.71400 -11.44400 -10.38600 -17.69000 0.63100 1.38300 3.42800 1.94300 5.08600 10.10100 14.50600 4.80100 7.82300 6.20500
155.00000 -10.82400 -14.10900 -4.27200 -10.95600 -9.89800 -15.73700 -1.32200 1.38300 3.42800 1.94300 5.08600 9.61300 13.04100 3.33700 7.33400 5.22900
156.00000 -9.84700 -12.64400 -2.80800 -10.46800 -9.89800 -13.29500 -5.71700 1.38300 3.42800 0.96600 5.08600 8.63600 12.06500 2.36000 5.87000 4.25200
157.00000 -9.35900 -11.66800 -2.31900 -9.49100 -10.38600 -11.83100 -6.69400 0.89500 2.94000 1.45500 5.08600 9.12500 11.57600 2.36000 4.89300 3.76400
158.00000 -8.87000 -11.66800 -2.31900 -9.00300 -10.38600 -11.34200 -2.78700 1.87200 3.42800 3.40800 6.06300 10.59000 12.06500 3.82500 4.89300 4.74000
159.00000 -8.38200 -11.18000 -3.29600 -8.51400 -9.89800 -10.36600 6.00200 3.33700 4.40500 7.31400 7.52800 13.03100 13.52900 6.26600 6.35800 7.18200
160.00000 -7.40600 -11.18000 -4.27200 -9.00300 -8.43300 -8.90100 14.79100 4.80100 6.35800 10.73200 8.50400 14.98400 15.97100 9.19600 7.82300 10.11100
161.00000 -6.42900 -9.71500 -4.27200 -8.51400 -6.96800 -5.97100 18.20900 5.77800 8.31100 12.68500 8.99300 15.96100 17.92400 11.14900 9.77600 13.04100
162.00000 -5.94100 -8.73800 -4.27200 -8.02600 -5.50300 -4.01800 16.25600 6.26600 9.77600 13.17300 8.99300 16.93700 19.38900 11.63700 11.72900 13.52900
163.00000 -5.45200 -7.76200 -3.29600 -6.56100 -5.50300 -3.53000 10.39600 6.26600 10.75200 11.70900 8.50400 16.93700 19.87700 11.63700 13.19400 13.04100
164.00000 -4.96400 -8.25000 -2.31900 -5.58500 -5.50300 -5.48300 4.53700 6.26600 10.75200 10.24400 9.48100 17.42600 20.36500 11.63700 14.17000 12.06500
165.00000 -4.96400 -9.71500 -1.34300 -5.09600 -5.99200 -8.41300 2.58400 6.26600 10.26400 9.75500 10.94600 17.91400 19.87700 11.14900 14.65900 12.55300
166.00000 -4.96400 -10.69100 -1.34300 -4.60800 -6.48000 -10.36600 5.02500 6.75500 9.77600 9.75500 11.43400 17.91400 19.38900 10.66100 13.68200 13.52900
167.00000 -4.47600 -10.69100 -1.34300 -4.60800 -6.48000 -10.36600 8.44300 7.73100 9.28800 9.75500 10.94600 16.93700 17.92400 9.68400 12.21700 14.50600
168.00000 -3.49900 -9.71500 -0.85400 -3.63200 -6.48000 -9.38900 9.90800 7.73100 8.31100 9.26700 8.99300 14.98400 16.45900 8.21900 9.77600 14.50600
169.00000 -2.52300 -8.25000 -0.36600 -3.14300 -5.99200 -8.41300 6.97800 7.73100 6.84600 7.80200 7.03900 13.51900 14.99400 6.75500 8.31100 13.52900
170.00000 -2.03500 -7.27300 0.12200 -2.65500 -5.50300 -7.43600 1.11900 6.75500 5.87000 6.82600 5.57500 12.54300 14.01800 5.77800 8.31100 11.57600
171.00000 -2.52300 -6.29700 -0.85400 -3.63200 -5.01500 -7.43600 -4.74000 4.80100 5.38100 5.84900 5.08600 12.54300 13.52900 5.77800 9.28800 10.60000
172.00000 -3.01100 -6.29700 -1.83100 -5.09600 -4.52700 -7.43600 -6.69400 2.84800 4.89300 5.36100 6.55100 12.54300 13.52900 6.26600 10.75200 11.08800
173.00000 -3.01100 -5.80900 -3.29600 -6.56100 -4.03800 -6.46000 -4.25200 1.38300 4.89300 4.38400 7.52800 12.05400 14.01800 7.73100 11.24100 13.04100
174.00000 -2.52300 -6.29700 -3.29600 -6.56100 -4.03800 -6.46000 0.63100 0.89500 4.40500 3.89600 7.03900 11.56600 13.52900 8.21900 10.75200 14.50600
175.00000 -1.05800 -6.78500 -3.78400 -5.58500 -4.52700 -7.43600 4.04900 0.40700 3.42800 1.94300 5.57500 10.59000 12.06500 7.24300 9.28800 14.50600
176.00000 -0.57000 -7.76200 -4.27200 -4.60800 -5.01500 -9.87800 3.56000 -0.08100 2.45200 -0.01000 3.13300 9.12500 10.60000 6.26600 8.31100 12.55300
177.00000 -0.57000 -7.76200 -5.24900 -4.60800 -5.50300 -12.31900 0.63100 -0.57000 1.96300 -1.47500 1.66800 8.14800 8.64700 4.31300 6.84600 10.11100
178.00000 -2.03500 -8.25000 -6.71400 -5.09600 -6.48000 -13.78400 -0.83400 -0.57000 1.96300 -1.96300 1.18000 7.66000 8.15800 2.84800 6.35800 7.67000
179.00000 -3.49900 -8.25000 -7.20200 -6.07300 -7.45600 -13.29500 0.63100 -0.08100 2.94000 -0.98700 2.15700 8.14800 8.64700 2.36000 6.35800 7.18200
180.00000 -3.98800 -8.25000 -7.20200 -7.05000 -7.94500 -12.31900 6.49000 1.38300 3.91600 -0.01000 3.62100 9.61300 10.60000 3.33700 6.84600 8.64700
181.00000 -3.98800 -9.22600 -6.71400 -7.05000 -8.92100 -11.83100 9.90800 2.84800 4.40500 0.96600 5.57500 12.05400 12.55300 5.77800 8.31100 11.08800
182.00000 -3.98800 -10.69100 -6.71400 -7.53800 -9.41000 -12.80700 8.93100 3.33700 4.40500 1.45500 7.03900 14.49600 14.50600 8.70800 10.26400 14.01800
183.00000 -4.47600 -12.64400 -7.69000 -8.51400 -10.38600 -14.27200 2.09600 3.33700 3.91600 1.45500 8.01600 15.96100 14.50600 10.66100 12.21700 15.48300
184.00000 -5.45200 -14.10900 -9.64400 -9.49100 -11.36300 -15.24900 -5.71700 2.84800 2.94000 1.45500 8.50400 16.44900 13.52900 10.66100 13.19400 15.48300
185.00000 -6.42900 -14.10900 -10.62000 -9.97900 -11.85100 -15.24900 -9.13500 2.36000 1.96300 0.96600 8.50400 15.96100 11.57600 8.70800 12.70500 14.01800
186.00000 -6.42900 -13.13300 -10.13200 -9.00300 -11.85100 -14.76000 -6.69400 1.87200 1.47500 0.96600 7.52800 14.49600 10.11100 5.77800 10.26400 11.08800
187.00000 -4.96400 -12.15600 -8.17900 -8.02600 -10.87400 -14.27200 -1.32200 2.36000 1.47500 0.47800 6.06300 12.54300 8.64700 2.84800 6.84600 7.67000
188.00000 -3.49900 -11.66800 -6.71400 -7.53800 -9.89800 -14.27200 1.60700 2.36000 1.47500 -0.01000 2.64500 9.61300 7.18200 -0.57000 2.94000 3.76400
189.00000 -2.03500 -11.66800 -6.22600 -7.05000 -8.43300 -14.76000 -1.81100 0.89500 0.98700 -0.98700 -1.26100 6.68300 5.71700 -3.01100 -0.47800 -0.14200
190.00000 -1.54600 -11.66800 -7.69000 -6.56100 -6.96800 -14.76000 -9.13500 -0.57000 0.98700 -1.47500 -5.16800 4.24200 4.74000 -4.96400 -3.40800 -2.09600
191.00000 -2.03500 -11.66800 -9.64400 -7.05000 -6.48000 -14.76000 -14.01800 -2.52300 0.49800 -0.98700 -8.09700 2.28900 4.25200 -5.45200 -4.38400 -2.58400
192.00000 -2.52300 -10.69100 -11.10800 -7.05000 -6.48000 -14.27200 -12.06500 -3.49900 0.49800 -0.49800 -8.58600 2.28900 5.22900 -4.96400 -3.89600 -0.63100
193.00000 -3.49900 -9.71500 -11.59700 -7.53800 -6.96800 -12.80700 -3.76400 -3.01100 0.98700 0.47800 -7.12100 3.75400 7.18200 -3.49900 -1.45500 3.27600
194.00000 -3.98800 -8.73800 -11.59700 -8.02600 -7.45600 -11.83100 4.53700 -2.03500 1.96300 0.96600 -4.19100 6.19500 9.62300 -1.05800 1.96300 6.20500
195.00000 -4.47600 -8.73800 -11.59700 -9.00300 -7.94500 -11.34200 6.49000 -2.52300 2.94000 0.47800 -1.26100 7.17200 11.08800 0.89500 4.89300 7.67000
196.00000 -4.96400 -8.73800 -12.57300 -9.00300 -7.45600 -10.85400 1.11900 -3.01100 3.42800 -0.49800 0.69200 6.68300 11.08800 2.36000 5.87000 7.18200
197.00000 -4.96400 -9.22600 -13.06200 -8.51400 -5.99200 -10.36600 -8.15800 -3.98800 4.40500 -1.96300 0.69200 4.73000 10.60000 1.87200 4.89300 4.74000
198.00000 -4.47600 -9.22600 -13.06200 -7.05000 -3.55000 -10.85400 -14.99400 -4.47600 4.89300 -2.94000 -1.75000 1.80100 9.62300 0.89500 1.96300 2.29900
199.00000 -3.01100 -8.73800 -11.59700 -5.09600 -2.08500 -10.85400 -15.48300 -3.98800 5.38100 -2.94000 -4.19100 -0.15300 8.64700 -0.08100 -0.96600 1.32200
200.00000 -1.54600 -8.25000 -9.15500 -3.63200 -1.59700 -11.83100 -11.08800 -2.52300 5.87000 -2.45200 -6.14400 -1.12900 8.64700 -0.08100 -2.43100 2.29900
201.00000 -0.57000 -8.73800 -8.17900 -3.63200 -2.57400 -12.80700 -7.67000 -2.52300 5.38100 -1.96300 -6.63200 -0.64100 8.64700 0.40700 -2.92000 3.27600
202.00000 -2.03500 -10.69100 -9.15500 -4.60800 -5.01500 -14.27200 -8.15800 -3.01100 3.91600 -2.45200 -6.63200 -0.64100 7.67000 0.40700 -3.40800 3.27600
203.00000 -5.45200 -13.13300 -12.08500 -7.05000 -7.94500 -15.73700 -11.57600 -4.47600 1.96300 -4.40500 -7.12100 -1.61700 5.71700 -1.54600 -4.87300 0.34600
204.00000 -9.84700 -15.57400 -15.99100 -9.97900 -9.89800 -16.71300 -14.99400 -5.94100 0.98700 -7.33400 -9.56200 -3.08200 3.76400 -5.45200 -8.29100 -4.04900
205.00000 -12.77700 -17.52700 -17.94400 -11.44400 -9.89800 -16.22500 -15.97100 -5.94100 0.01000 -9.28800 -12.98000 -4.05900 2.29900 -9.84700 -11.70900 -8.93100
206.00000 -14.24200 -18.01600 -17.94400 -11.93200 -8.92100 -15.73700 -14.01800 -4.96400 0.98700 -9.77600 -15.42200 -4.54700 1.81100 -12.28800 -13.66200 -12.34900
207.00000 -13.75300 -18.01600 -15.50300 -10.95600 -7.45600 -15.24900 -10.60000 -3.01100 2.45200 -8.31100 -15.42200 -2.59400 2.78700 -12.28800 -13.66200 -12.83800
208.00000 -12.28800 -17.52700 -13.06200 -9.97900 -6.96800 -15.24900 -8.15800 -1.05800 3.91600 -5.38100 -12.49200 0.33600 4.74000 -9.84700 -12.19700 -10.39600
209.00000 -11.31200 -17.52700 -11.59700 -8.51400 -6.48000 -15.73700 -5.71700 0.40700 4.89300 -2.45200 -9.07400 2.77700 6.69400 -5.94100 -9.75500 -7.46700
210.00000 -11.31200 -17.52700 -11.10800 -7.05000 -6.96800 -16.22500 -3.76400 1.87200 4.89300 -0.98700 -7.60900 4.24200 8.15800 -3.49900 -8.77900 -5.02500
211.00000 -11.80000 -18.01600 -11.10800 -6.07300 -7.45600 -16.71300 -2.78700 2.36000 4.89300 -0.49800 -8.58600 3.75400 7.67000 -3.01100 -9.26700 -4.53700
212.00000 -12.77700 -18.50400 -12.08500 -6.07300 -7.45600 -16.22500 -3.27600 2.36000 4.40500 -0.98700 -12.00400 2.28900 6.20500 -4.96400 -10.73200 -6.97800
213.00000 -14.24200 -18.01600 -13.06200 -7.05000 -7.45600 -16.22500 -6.69400 1.38300 4.40500 -1.47500 -14.93300 0.82400 4.25200 -7.89400 -12.68500 -10.39600
214.00000 -15.70600 -18.01600 -15.50300 -9.49100 -8.43300 -16.71300 -11.57600 -0.08100 3.42800 -2.45200 -16.39800 -0.15300 3.27600 -10.33500 -14.15000 -13.32600
215.00000 -17.66000 -18.99200 -17.94400 -11.44400 -9.41000 -18.17800 -15.97100 -1.54600 2.94000 -4.89300 -14.44500 0.82400 3.27600 -10.82400 -13.17300 -13.32600
216.00000 -18.63600 -19.96900 -19.89700 -12.90900 -10.38600 -18.66700 -16.94700 -2.03500 1.96300 -7.33400 -11.51500 1.80100 5.22900 -8.87000 -11.22000 -10.39600
217.00000 -18.63600 -20.45700 -20.38600 -13.88500 -10.38600 -18.17800 -15.97100 -3.01100 1.47500 -9.77600 -9.56200 2.77700 7.18200 -6.91700 -8.29100 -6.49000
218.00000 -17.17100 -19.96900 -19.89700 -13.88500 -8.92100 -15.73700 -14.50600 -3.98800 1.96300 -10.26400 -10.05000 2.77700 9.62300 -4.47600 -6.33700 -2.58400
219.00000 -15.21800 -18.01600 -19.89700 -13.88500 -6.96800 -12.80700 -14.01800 -4.96400 3.91600 -7.82300 -12.49200 1.31200 11.08800 -3.98800 -5.36100 -0.14200
220.00000 -14.24200 -16.06200 -20.87400 -15.35000 -5.01500 -9.87800 -15.48300 -5.94100 6.84600 -3.42800 -14.93300 0.33600 12.55300 -3.01100 -5.36100 0.83400
221.00000 -14.24200 -15.08600 -22.82700 -16.32700 -3.55000 -9.38900 -16.45900 -6.42900 8.79900 0.47800 -16.39800 -0.64100 13.52900 -3.01100 -6.33700 -0.14200
222.00000 -15.21800 -15.57400 -24.29200 -16.81500 -3.55000 -10.85400 -17.43600 -6.91700 9.77600 1.45500 -17.37500 -1.61700 13.04100 -2.52300 -8.29100 -1.11900
223.00000 -16.68300 -17.03900 -24.78000 -15.83900 -4.52700 -13.78400 -18.41200 -6.91700 8.79900 -0.49800 -18.84000 -3.08200 11.08800 -2.52300 -11.70900 -3.56000
224.00000 -16.68300 -18.50400 -23.80400 -13.88500 -5.50300 -17.20200 -20.85400 -7.89400 6.84600 -4.89300 -21.28100 -6.01200 7.67000 -4.47600 -15.61500 -6.97800
225.00000 -15.70600 -18.99200 -22.82700 -11.93200 -6.48000 -20.13100 -23.78300 -8.38200 4.40500 -8.31100 -23.72200 -8.45300 3.76400 -7.40600 -19.52100 -10.39600
226.00000 -14.24200 -18.50400 -21.85100 -10.46800 -7.45600 -21.10800 -26.71300 -9.35900 2.45200 -9.28800 -24.69900 -9.91800 0.83400 -10.33500 -20.49800 -13.32600
227.00000 -13.26500 -18.01600 -21.36200 -9.97900 -8.43300 -20.62000 -26.22500 -8.87000 1.47500 -7.82300 -23.72200 -9.91800 -0.14200 -12.28800 -19.03300 -13.81400
228.00000 -13.26500 -18.01600 -21.36200 -10.46800 -9.41000 -19.15500 -22.31900 -7.40600 1.47500 -5.87000 -20.30400 -7.96500 0.34600 -12.28800 -15.61500 -12.83800
229.00000 -14.24200 -18.50400 -20.38600 -9.97900 -9.89800 -18.66700 -16.94700 -4.96400 1.47500 -4.89300 -16.39800 -5.52400 1.32200 -10.82400 -12.68500 -12.34900
230.00000 -15.21800 -18.99200 -17.94400 -9.49100 -9.89800 -17.69000 -12.06500 -2.52300 2.45200 -5.38100 -13.46800 -3.08200 2.78700 -8.38200 -11.70900 -11.37300
231.00000 -14.24200 -18.01600 -13.55000 -8.51400 -8.43300 -16.71300 -8.64700 -0.08100 3.42800 -5.87000 -11.51500 -1.12900 3.76400 -5.45200 -11.22000 -9.90800
232.00000 -11.31200 -15.08600 -8.66700 -6.07300 -5.50300 -14.76000 -5.71700 2.36000 5.87000 -3.91600 -8.58600 1.31200 5.22900 -2.52300 -9.75500 -6.49000
233.00000 -6.42900 -10.69100 -2.80800 -3.14300 -1.59700 -11.34200 -1.32200 4.31300 8.31100 -0.01000 -4.67900 4.24200 7.67000 0.89500 -5.84900 -1.60700
234.00000 -2.03500 -6.29700 0.61000 -0.21400 1.82100 -6.94800 4.04900 6.26600 10.26400 4.87300 -0.77300 7.17200 9.62300 3.82500 -1.45500 2.78700
235.00000 -0.57000 -3.36700 1.58700 0.76300 3.28600 -4.01800 8.93100 7.24300 9.77600 8.29100 1.66800 7.66000 9.62300 4.80100 1.47500 4.74000
236.00000 -2.03500 -4.34400 -0.85400 -0.70200 1.82100 -4.01800 9.42000 6.26600 7.33400 8.29100 0.69200 6.19500 6.20500 2.84800 0.01000 1.81100
237.00000 -6.42900 -7.76200 -5.24900 -4.12000 -1.59700 -5.97100 4.53700 3.82500 3.42800 4.87300 -4.19100 2.28900 1.32200 -1.54600 -4.87300 -3.07200
238.00000 -10.82400 -12.64400 -10.13200 -7.53800 -5.50300 -10.36600 -4.74000 0.40700 0.01000 0.47800 -9.07400 -2.10600 -3.07200 -5.94100 -11.22000 -8.44300
239.00000 -13.75300 -16.55100 -13.55000 -10.46800 -7.94500 -13.78400 -14.50600 -1.54600 -1.94300 -2.94000 -13.46800 -5.03500 -5.02500 -8.87000 -15.12700 -11.86100
240.00000 -14.73000 -18.50400 -15.99100 -9.97900 -7.94500 -15.73700 -20.36500 -2.52300 -1.45500 -5.38100 -16.39800 -6.50000 -4.04900 -9.35900 -16.59100 -12.34900
241.00000 -14.73000 -18.99200 -17.45600 -9.49100 -7.45600 -16.71300 -21.34200 -3.01100 0.01000 -6.35800 -18.35100 -7.47700 -1.60700 -8.87000 -17.08000 -11.86100
242.00000 -15.21800 -18.99200 -18.92100 -10.46800 -6.96800 -17.20200 -18.90100 -4.47600 1.96300 -6.84600 -20.79300 -8.94200 -0.63100 -9.84700 -18.05600 -13.32600
243.00000 -17.66000 -19.48000 -22.33900 -12.90900 -7.45600 -18.17800 -16.94700 -6.91700 2.94000 -6.35800 -24.69900 -10.89500 -1.60700 -12.28800 -21.47400 -16.25600
244.00000 -20.58900 -19.96900 -26.24500 -16.32700 -8.92100 -19.64300 -16.94700 -10.33500 2.94000 -5.38100 -28.11700 -12.84800 -3.07200 -16.19500 -24.89200 -20.65000
245.00000 -23.03100 -20.94500 -29.66300 -19.25700 -10.38600 -21.10800 -21.34200 -13.26500 3.91600 -4.40500 -30.07000 -13.33600 -4.04900 -18.63600 -26.35700 -23.09200
246.00000 -23.51900 -21.43400 -32.10400 -21.21000 -10.87400 -21.10800 -27.20100 -14.73000 4.89300 -3.42800 -29.58200 -12.36000 -2.09600 -18.14800 -24.89200 -22.60300
247.00000 -22.54200 -21.43400 -33.56900 -22.18600 -10.38600 -18.66700 -32.08400 -14.24200 7.33400 -3.42800 -26.65200 -9.91800 1.81100 -13.75300 -20.98600 -18.20900
248.00000 -21.07700 -19.96900 -33.08100 -22.18600 -9.89800 -14.27200 -33.06100 -12.77700 9.28800 -4.40500 -22.25700 -6.50000 6.20500 -8.38200 -15.61500 -12.34900
249.00000 -19.12400 -17.52700 -31.12800 -21.21000 -8.92100 -8.90100 -28.66600 -10.82400 10.26400 -3.91600 -17.86300 -3.08200 10.11100 -2.52300 -11.22000 -6.49000
250.00000 -17.66000 -15.08600 -26.73300 -19.74500 -7.45600 -4.50600 -19.87700 -8.87000 9.77600 -1.47500 -13.46800 -0.15300 12.06500 0.89500 -7.80200 -1.60700
251.00000 -15.21800 -12.15600 -21.85100 -17.79200 -6.48000 -2.55300 -10.11100 -6.42900 8.31100 1.94300 -10.05000 2.77700 13.04100 2.84800 -5.36100 1.32200
252.00000 -13.26500 -11.18000 -17.45600 -15.35000 -5.50300 -4.50600 -3.27600 -3.98800 5.87000 3.89600 -7.12100 5.21900 13.04100 2.84800 -3.40800 2.29900
253.00000 -12.28800 -12.15600 -15.01500 -13.88500 -5.50300 -9.38900 0.14200 -1.54600 2.94000 2.43100 -5.65600 6.19500 11.57600 1.87200 -1.94300 1.81100
254.00000 -13.75300 -15.08600 -15.50300 -13.88500 -6.48000 -15.24900 -0.34600 0.40700 0.49800 -1.47500 -4.67900 6.68300 8.64700 -0.08100 -1.94300 0.34600
255.00000 -16.19500 -18.99200 -16.96800 -15.35000 -8.43300 -19.64300 -3.27600 1.38300 -1.45500 -5.87000 -3.70300 6.19500 5.22900 -2.52300 -3.40800 -2.09600
256.00000 -19.12400 -21.92200 -18.92100 -16.32700 -10.38600 -21.10800 -7.67000 0.40700 -2.43100 -7.33400 -3.21500 4.24200 2.29900 -4.96400 -5.84900 -4.53700
