1.00000 1.39400 -0.85400 -8.77900 -2.11600 2.40100 -1.85100 0.78300 3.29600 2.09600 0.97700 0.25400 2.84800 1.12900 -1.16000 1.16000 -1.77000
2.00000 1.88200 0.12200 -3.89600 -2.11600 2.40100 -3.31600 -2.63500 1.83100 2.09600 1.95300 -1.21100 0.40700 -0.82400 -4.08900 -1.77000 -4.70000
3.00000 2.85800 1.58700 0.49800 -1.62800 2.40100 -2.82800 -6.05300 -0.12200 2.09600 2.93000 -4.14000 -2.52300 -1.31200 -5.55400 -2.74700 -6.16500
4.00000 4.32300 3.54000 2.94000 -1.62800 2.88900 0.10200 -7.51700 -1.58700 2.58400 3.41800 -7.07000 -4.47600 -0.82400 -4.57800 -2.74700 -6.16500
5.00000 5.30000 5.49300 3.42800 -1.13900 3.86600 4.49600 -5.07600 -2.07500 3.07200 2.93000 -7.55800 -4.96400 0.15300 -2.62500 -2.25800 -4.70000
6.00000 6.27600 6.47000 3.91600 -0.16300 5.33000 7.91400 -1.65800 -1.09900 3.56000 2.93000 -6.58200 -3.98800 0.64100 -0.18300 -1.77000 -2.74700
7.00000 7.25300 6.47000 5.38100 1.79000 7.28400 9.37900 1.27200 0.36600 4.04900 3.90600 -4.14000 -2.52300 1.12900 1.28200 -1.77000 -1.77000
8.00000 8.23000 6.47000 7.33400 3.25500 9.23700 8.40300 1.76000 0.85400 4.53700 5.37100 -2.18700 -1.05800 1.61700 3.23500 -1.28200 0.18300
9.00000 9.20600 6.47000 9.28800 4.72000 10.70100 6.44900 0.78300 0.85400 4.53700 7.81200 -0.72200 -0.08100 2.59400 5.18800 0.67100 2.13600
10.00000 9.69400 6.47000 9.77600 4.72000 10.70100 5.96100 -0.19300 0.36600 5.51400 9.27700 -0.72200 -0.57000 3.57100 7.62900 3.11300 4.08900
11.00000 9.69400 7.44600 8.31100 3.25500 10.70100 7.42600 0.78300 -0.12200 6.49000 11.23000 -0.23400 -1.05800 4.54700 9.58300 5.06600 6.04200
12.00000 8.71800 9.39900 5.87000 1.79000 10.21300 11.33200 1.76000 -0.61000 6.97800 13.18400 0.25400 -1.05800 5.03500 9.58300 5.06600 6.53100
13.00000 9.20600 12.32900 4.89300 1.79000 10.70100 16.70300 2.24800 -1.09900 7.95500 15.13700 0.74300 -1.05800 4.54700 8.60600 4.08900 6.04200
14.00000 10.18300 14.77100 6.35800 2.76700 12.16600 20.61000 0.78300 -1.58700 8.44300 16.11300 0.74300 -2.03500 3.57100 6.65300 2.62500 4.08900
15.00000 11.64800 15.25900 9.28800 5.20800 13.14300 22.07400 -1.17000 -2.07500 7.95500 15.62500 -1.21100 -2.52300 2.59400 5.67600 1.16000 2.13600
16.00000 13.60100 13.79400 12.70500 6.67300 13.63100 20.12100 -2.14600 -2.07500 7.46700 14.16000 -3.16400 -3.49900 2.10600 5.18800 0.67100 0.67100
17.00000 14.08900 11.35300 14.17000 7.16100 13.63100 15.72700 -0.68200 -1.58700 6.97800 12.20700 -4.62800 -3.98800 1.61700 6.16500 0.67100 0.67100
18.00000 12.13600 9.39900 12.21700 5.20800 12.65500 10.84400 1.27200 -1.09900 6.97800 11.23000 -3.65200 -3.01100 1.61700 7.14100 1.16000 0.67100
19.00000 9.20600 7.93500 5.87000 1.79000 11.19000 8.40300 3.22500 -0.12200 6.97800 11.71900 -1.21100 -1.54600 1.61700 7.14100 2.62500 1.16000
20.00000 5.78800 7.44600 -0.96600 -1.62800 10.21300 7.42600 2.73600 0.85400 6.97800 13.67200 0.74300 0.40700 2.59400 6.16500 4.08900 1.64800
21.00000 3.83500 6.95800 -6.33700 -3.58100 9.23700 7.42600 0.29500 1.34300 6.97800 14.16000 1.23100 1.87200 3.08200 4.21100 5.55400 1.64800
22.00000 2.85800 5.98100 -7.80200 -3.58100 7.77200 7.42600 -1.65800 1.83100 6.49000 12.69500 0.25400 2.36000 3.57100 1.77000 6.04200 1.16000
23.00000 3.34700 5.00500 -5.84900 -2.60400 6.79500 6.93800 -2.63500 1.83100 5.51400 9.27700 -1.21100 1.87200 4.05900 0.79300 4.57800 0.18300
24.00000 4.32300 5.00500 -2.43100 -0.65100 6.79500 7.42600 -2.14600 1.83100 5.51400 6.34800 -1.21100 1.38300 4.05900 0.79300 2.13600 -0.79300
25.00000 4.81200 5.98100 0.49800 -0.16300 7.77200 9.37900 -1.17000 1.83100 6.00200 5.37100 0.25400 0.40700 3.57100 1.28200 0.18300 -1.28200
26.00000 5.78800 7.44600 1.96300 -0.65100 9.23700 11.82000 -1.17000 1.34300 6.97800 7.32400 2.69600 0.40700 3.57100 2.25800 -0.79300 -1.77000
27.00000 6.27600 8.91100 1.96300 -1.62800 11.19000 14.26200 -1.65800 0.36600 6.97800 10.74200 4.16100 0.40700 3.08200 2.74700 0.67100 -1.77000
28.00000 7.25300 8.91100 1.96300 -2.60400 12.65500 15.72700 -2.14600 0.36600 6.97800 12.69500 4.16100 0.89500 3.08200 3.23500 2.62500 -1.77000
29.00000 7.74100 8.42300 1.96300 -2.60400 12.65500 15.23800 -1.17000 0.85400 6.49000 13.18400 4.16100 1.87200 2.10600 3.72300 4.08900 -1.28200
30.00000 8.23000 7.93500 1.47500 -1.13900 11.67800 14.26200 0.29500 2.31900 5.51400 11.71900 4.16100 2.36000 1.61700 4.70000 3.60100 -1.28200
31.00000 8.71800 8.42300 1.47500 0.81400 11.19000 12.79700 2.24800 3.78400 5.02500 9.27700 4.64900 2.84800 1.12900 4.21100 2.13600 -1.28200
32.00000 9.20600 8.91100 2.45200 2.27900 11.19000 10.84400 3.71300 4.76100 5.02500 6.83600 5.62500 1.87200 -0.33600 2.74700 0.18300 -1.77000
33.00000 10.18300 9.88800 4.89300 3.74300 11.19000 8.89100 4.20100 4.76100 5.02500 4.88300 5.13700 -0.08100 -1.80100 0.79300 -1.77000 -3.23500
34.00000 11.15900 10.37600 8.79900 4.72000 12.16600 7.42600 3.71300 4.27200 5.51400 3.90600 2.69600 -2.03500 -3.26500 -1.64800 -3.72300 -5.67600
35.00000 12.13600 10.86400 11.72900 5.20800 13.14300 7.42600 2.73600 2.31900 5.51400 3.41800 -1.21100 -4.96400 -4.73000 -3.11300 -5.67600 -8.60600
36.00000 13.60100 11.35300 11.24100 6.18500 13.63100 9.86700 1.27200 0.36600 5.51400 5.37100 -5.11700 -7.89400 -5.70700 -3.60100 -8.11800 -10.55900
37.00000 15.06600 11.84100 7.82300 6.18500 14.11900 14.26200 -1.17000 -1.58700 5.51400 7.81200 -9.02300 -10.82400 -7.17200 -2.62500 -10.07100 -12.51200
38.00000 16.53000 12.81700 4.40500 5.69700 14.11900 17.68000 -3.61100 -3.05200 6.00200 10.25400 -10.97600 -12.77700 -7.66000 -2.62500 -11.53600 -13.48900
39.00000 17.50700 14.28200 3.91600 5.20800 14.11900 19.14500 -4.58800 -4.51700 6.00200 11.23000 -11.95300 -14.24200 -8.14800 -3.60100 -12.51200 -13.97700
40.00000 17.50700 14.77100 6.84600 5.69700 14.11900 17.19200 -4.10000 -4.02800 6.00200 9.76600 -12.92900 -14.73000 -9.12500 -5.55400 -13.97700 -14.46500
41.00000 17.01900 13.79400 11.24100 6.18500 13.63100 12.79700 -2.14600 -3.54000 5.51400 5.85900 -13.90600 -14.73000 -9.61300 -7.99600 -15.93000 -15.44200
42.00000 15.55400 11.84100 12.70500 6.67300 12.16600 7.91400 -1.65800 -3.05200 4.53700 1.95300 -15.85900 -14.73000 -10.59000 -9.94900 -18.37200 -17.39500
43.00000 13.11200 9.39900 9.77600 6.67300 10.70100 4.00800 -2.14600 -3.05200 4.04900 -0.48800 -17.81200 -14.73000 -11.07800 -11.90200 -20.32500 -19.34800
44.00000 10.67100 6.47000 3.91600 5.20800 9.72500 1.07800 -4.10000 -3.05200 3.56000 -1.46500 -18.78900 -15.21800 -11.56600 -12.87800 -20.81300 -19.83600
45.00000 8.23000 5.00500 -0.47800 3.74300 8.74800 0.10200 -6.05300 -3.54000 3.56000 -0.97700 -19.27700 -15.21800 -11.07800 -13.36700 -19.34800 -19.34800
46.00000 6.76500 4.51700 -1.45500 2.27900 8.74800 0.59000 -7.51700 -3.54000 4.04900 0.00000 -17.81200 -14.24200 -10.10100 -13.36700 -17.88300 -17.88300
47.00000 6.76500 5.98100 0.49800 1.79000 9.72500 3.03100 -7.02900 -2.56300 5.02500 0.00000 -14.88200 -12.77700 -8.63600 -12.39000 -15.44200 -15.44200
48.00000 7.74100 7.93500 2.94000 2.27900 10.70100 5.47300 -6.54100 -1.58700 5.51400 0.00000 -11.95300 -10.33500 -7.17200 -10.43700 -13.48900 -13.00000
49.00000 10.18300 8.91100 2.45200 3.74300 11.67800 7.91400 -7.02900 -0.12200 5.02500 -0.48800 -9.02300 -8.87000 -6.19500 -8.97200 -12.51200 -12.02400
50.00000 12.13600 8.91100 0.98700 4.72000 11.67800 9.37900 -8.00600 0.36600 4.04900 -0.97700 -7.07000 -7.89400 -5.70700 -7.99600 -12.51200 -11.53600
51.00000 12.62400 7.44600 -0.47800 4.23200 11.19000 8.89100 -8.49400 0.36600 3.07200 -0.97700 -7.07000 -8.38200 -6.19500 -8.48400 -12.02400 -12.02400
52.00000 10.67100 5.00500 0.49800 3.74300 9.72500 7.42600 -8.49400 0.36600 2.58400 -1.95300 -8.53500 -8.87000 -6.68300 -9.46000 -11.53600 -12.51200
53.00000 7.74100 2.07500 1.96300 3.25500 8.74800 4.98500 -7.51700 -0.12200 2.58400 -2.93000 -10.48800 -9.35900 -7.17200 -9.94900 -10.55900 -13.00000
54.00000 4.81200 0.61000 2.94000 2.76700 8.26000 3.03100 -7.02900 -0.12200 3.56000 -2.93000 -11.95300 -9.35900 -6.68300 -9.94900 -9.58300 -12.51200
55.00000 3.34700 0.12200 0.98700 3.25500 8.74800 1.07800 -7.02900 -0.12200 4.04900 -2.44100 -11.95300 -8.38200 -6.19500 -8.97200 -8.60600 -11.04700
56.00000 4.32300 0.12200 -0.96600 3.74300 8.74800 0.10200 -8.00600 -0.12200 4.04900 -0.97700 -10.00000 -6.91700 -5.21900 -7.99600 -7.62900 -10.07100
57.00000 6.27600 0.61000 -2.43100 3.74300 8.74800 0.10200 -7.51700 0.36600 4.53700 0.48800 -7.07000 -5.45200 -4.24200 -6.53100 -6.65300 -8.11800
58.00000 8.23000 1.09900 -0.96600 3.74300 8.26000 1.07800 -5.56400 1.34300 5.51400 1.95300 -4.14000 -3.98800 -2.77700 -4.57800 -5.18800 -6.65300
59.00000 8.71800 0.61000 1.96300 3.74300 7.28400 2.05500 -2.63500 1.83100 5.51400 1.46500 -3.16400 -3.49900 -1.80100 -2.62500 -3.23500 -5.67600
60.00000 8.23000 0.12200 3.91600 4.72000 6.79500 2.05500 0.29500 2.31900 6.00200 0.00000 -2.67500 -2.52300 -1.31200 -1.16000 -1.77000 -4.70000
61.00000 7.25300 -0.85400 4.89300 5.69700 6.79500 1.56700 0.29500 1.83100 5.51400 -1.95300 -2.67500 -2.03500 -0.33600 -0.18300 -0.30500 -3.72300
62.00000 6.27600 -1.34300 3.91600 6.18500 7.28400 1.07800 -1.17000 1.83100 5.51400 -3.41800 -1.69900 -1.05800 0.15300 0.79300 0.67100 -2.74700
63.00000 5.30000 -1.34300 2.94000 5.69700 7.77200 0.59000 -3.61100 1.34300 5.02500 -2.44100 0.74300 -0.08100 1.61700 2.74700 1.16000 -0.79300
64.00000 5.30000 -0.85400 2.94000 4.72000 8.26000 0.59000 -5.07600 1.34300 5.51400 0.48800 4.16100 1.87200 3.08200 4.70000 2.62500 1.64800
65.00000 5.30000 -0.85400 3.42800 3.25500 8.26000 1.07800 -4.10000 1.83100 6.49000 3.41800 6.60200 3.33700 5.03500 7.14100 3.60100 3.11300
66.00000 4.81200 -1.83100 3.91600 2.27900 6.79500 0.10200 -1.65800 2.31900 6.49000 4.39500 7.57900 4.31300 5.52400 8.11800 5.06600 4.08900
67.00000 4.81200 -2.31900 2.94000 2.27900 5.33000 -1.36300 1.27200 3.78400 5.51400 3.41800 6.60200 4.80100 5.03500 7.62900 5.06600 3.11300
68.00000 5.30000 -2.80800 1.47500 2.76700 3.86600 -1.85100 3.22500 4.27200 4.53700 0.97700 4.64900 4.80100 4.54700 5.67600 4.57800 2.13600
69.00000 6.27600 -2.31900 0.49800 3.25500 3.86600 -0.38700 3.22500 5.24900 3.56000 0.00000 2.69600 4.80100 3.57100 3.72300 4.08900 1.16000
70.00000 6.76500 -1.34300 0.49800 3.25500 4.84200 2.54300 1.76000 5.24900 4.04900 0.97700 2.69600 4.80100 3.57100 3.72300 4.57800 1.64800
71.00000 6.76500 -0.85400 0.49800 3.74300 5.81900 4.49600 0.78300 5.73700 5.02500 3.90600 4.16100 5.77800 4.05900 5.67600 6.53100 3.11300
72.00000 5.78800 0.12200 1.47500 5.20800 6.79500 4.49600 0.78300 6.22600 6.00200 6.34800 5.62500 6.26600 5.03500 7.62900 8.48400 4.57800
73.00000 5.30000 -0.36600 2.45200 6.18500 6.30700 2.05500 1.27200 6.22600 6.00200 6.83600 6.11400 6.26600 5.52400 8.60600 9.94900 4.57800
74.00000 5.30000 -0.85400 1.96300 6.67300 5.33000 -0.87500 2.24800 5.73700 5.02500 4.88300 5.13700 5.77800 4.54700 6.65300 8.97200 3.11300
75.00000 5.78800 -1.34300 1.96300 5.69700 4.35400 -1.36300 1.27200 4.76100 3.56000 1.95300 4.16100 4.31300 2.59400 3.72300 5.55400 0.18300
76.00000 6.27600 -1.83100 1.47500 2.76700 3.86600 0.10200 -0.68200 2.80800 2.58400 0.48800 2.69600 2.36000 1.12900 1.28200 1.64800 -2.25800
77.00000 5.78800 -1.83100 1.47500 -0.16300 4.35400 2.05500 -3.12300 1.34300 2.58400 0.48800 2.69600 1.38300 0.15300 -0.67100 -1.28200 -4.21100
78.00000 5.30000 -2.31900 1.47500 -1.13900 4.84200 2.54300 -4.10000 0.85400 2.58400 0.48800 3.18400 0.89500 -0.33600 -1.16000 -2.25800 -4.70000
79.00000 4.32300 -2.80800 1.47500 -0.16300 5.33000 1.56700 -3.12300 1.34300 3.07200 0.00000 3.18400 0.89500 -1.80100 -2.13600 -1.77000 -5.18800
80.00000 2.85800 -3.78400 2.45200 2.27900 5.33000 -0.87500 -0.68200 2.31900 2.58400 -1.46500 3.18400 0.89500 -3.26500 -4.08900 -1.77000 -6.16500
81.00000 2.37000 -5.73700 4.40500 4.23200 4.35400 -2.34000 1.27200 3.78400 1.60700 -2.93000 2.69600 1.38300 -4.73000 -6.04200 -2.25800 -7.62900
82.00000 1.88200 -6.71400 6.84600 4.72000 3.86600 -3.31600 2.24800 3.78400 1.11900 -3.90600 2.69600 0.89500 -5.70700 -7.99600 -3.23500 -9.09400
83.00000 1.39400 -7.69000 9.77600 4.23200 3.37700 -3.80500 0.78300 3.29600 0.63100 -4.88300 2.69600 0.89500 -6.19500 -8.97200 -4.21100 -9.58300
84.00000 1.39400 -7.69000 10.26400 3.25500 2.88900 -5.26900 -1.17000 2.31900 0.14200 -5.37100 2.20700 0.40700 -6.68300 -8.97200 -5.18800 -10.07100
85.00000 1.88200 -7.20200 8.31100 2.76700 2.40100 -7.22200 -2.14600 1.83100 -0.34600 -6.83600 1.23100 -0.57000 -7.17200 -9.46000 -6.16500 -10.55900
86.00000 2.85800 -6.22600 4.40500 3.25500 1.91200 -7.71100 -2.63500 1.34300 -0.83400 -7.81200 -0.23400 -1.54600 -7.66000 -9.94900 -6.65300 -11.04700
87.00000 3.83500 -5.73700 1.47500 3.74300 2.40100 -7.22200 -2.14600 0.85400 -1.32200 -8.30100 -1.21100 -2.52300 -8.14800 -10.43700 -7.62900 -11.53600
88.00000 4.32300 -5.24900 0.49800 3.25500 2.88900 -4.78100 -2.63500 0.36600 -0.83400 -7.32400 -1.69900 -3.49900 -8.14800 -9.46000 -8.60600 -11.53600
89.00000 4.32300 -4.76100 2.94000 3.25500 3.86600 -0.87500 -4.10000 -0.12200 -0.34600 -5.37100 -1.69900 -3.49900 -7.17200 -7.01900 -7.14100 -10.55900
90.00000 4.32300 -4.27200 6.84600 3.74300 5.33000 1.07800 -5.07600 -0.12200 0.14200 -3.90600 -1.21100 -3.49900 -5.21900 -4.57800 -5.18800 -8.11800
91.00000 4.32300 -4.27200 9.77600 5.20800 6.30700 1.56700 -4.10000 0.36600 0.63100 -3.41800 -0.72200 -2.52300 -3.75400 -2.62500 -1.77000 -5.18800
92.00000 4.81200 -3.78400 11.72900 7.16100 7.28400 0.59000 -1.65800 1.83100 1.11900 -3.90600 0.25400 -1.54600 -2.77700 -1.16000 0.18300 -3.72300
93.00000 6.27600 -3.78400 10.75200 9.11500 8.74800 -0.87500 0.78300 2.80800 1.11900 -3.41800 1.71900 -0.57000 -2.77700 -0.67100 0.18300 -3.23500
94.00000 7.25300 -4.27200 8.31100 9.60300 9.23700 -1.85100 2.24800 3.78400 1.11900 -2.44100 3.18400 -0.08100 -3.26500 -0.67100 -0.79300 -3.72300
95.00000 7.74100 -3.78400 6.35800 8.62600 9.23700 -1.36300 1.76000 3.78400 1.11900 0.48800 4.16100 -0.08100 -3.26500 -0.67100 -2.25800 -4.70000
96.00000 7.25300 -3.29600 5.87000 7.65000 9.23700 0.10200 -0.19300 3.78400 1.11900 3.41800 3.67200 -0.08100 -3.26500 -0.18300 -2.25800 -5.67600
97.00000 6.27600 -2.31900 8.31100 6.67300 8.74800 2.05500 -1.17000 3.29600 0.63100 5.37100 1.71900 -0.08100 -3.75400 -0.67100 -0.79300 -5.67600
98.00000 5.78800 -1.34300 11.24100 5.69700 8.74800 4.00800 -0.68200 3.29600 0.63100 5.37100 -0.72200 -0.08100 -3.75400 -1.16000 0.67100 -5.67600
99.00000 5.30000 -1.34300 13.19400 4.72000 9.23700 4.98500 0.29500 2.80800 1.11900 3.90600 -2.18700 -0.57000 -4.24200 -1.64800 1.64800 -5.18800
100.00000 4.81200 -1.34300 12.21700 4.72000 10.21300 5.96100 1.27200 2.31900 1.60700 1.95300 -2.67500 -0.57000 -4.24200 -1.64800 1.16000 -5.18800
101.00000 5.30000 -0.85400 8.79900 5.20800 10.70100 4.98500 0.29500 2.31900 2.09600 0.00000 -2.18700 -0.08100 -4.24200 -1.64800 0.18300 -5.18800
102.00000 5.78800 -0.36600 4.40500 6.18500 11.19000 4.00800 -0.68200 2.31900 2.09600 -0.97700 -1.21100 -0.08100 -3.75400 -1.16000 -0.79300 -4.70000
103.00000 6.76500 0.12200 1.96300 6.67300 11.19000 3.03100 -1.17000 2.31900 2.09600 -0.48800 -0.72200 -0.08100 -3.75400 -0.67100 -1.28200 -4.70000
104.00000 7.25300 -0.36600 1.96300 7.16100 11.19000 2.54300 -1.17000 2.31900 2.58400 0.48800 -0.72200 -1.05800 -4.73000 -0.67100 -1.77000 -5.67600
105.00000 8.23000 -1.83100 2.94000 6.18500 10.70100 2.54300 -1.65800 1.83100 3.07200 1.95300 -1.69900 -2.52300 -5.70700 -1.64800 -2.74700 -7.14100
106.00000 7.25300 -2.80800 2.45200 4.23200 9.72500 2.54300 -2.63500 0.85400 3.56000 3.41800 -3.16400 -4.47600 -7.17200 -2.13600 -3.72300 -9.09400
107.00000 4.81200 -2.80800 0.01000 2.76700 8.74800 2.05500 -5.07600 -0.12200 3.56000 3.90600 -4.14000 -5.45200 -7.66000 -2.13600 -3.72300 -9.58300
108.00000 2.37000 -1.83100 -3.40800 2.27900 7.77200 0.59000 -7.51700 -1.09900 3.07200 2.93000 -5.11700 -5.94100 -7.17200 -1.64800 -3.23500 -9.09400
109.00000 -0.55900 -1.83100 -4.87300 1.79000 6.79500 -0.38700 -8.98200 -1.09900 2.09600 0.97700 -5.60500 -5.45200 -7.17200 -2.13600 -2.25800 -8.11800
110.00000 -2.02400 -2.31900 -4.38400 1.30200 5.81900 -0.38700 -8.98200 -0.61000 1.11900 -0.97700 -6.09300 -4.96400 -7.17200 -4.08900 -2.74700 -8.11800
111.00000 -3.00100 -4.76100 -2.43100 0.32600 4.84200 0.59000 -8.00600 -0.12200 0.63100 -2.44100 -6.58200 -4.47600 -7.66000 -6.53100 -4.70000 -8.60600
112.00000 -3.48900 -8.17900 -1.94300 -0.65100 3.37700 1.56700 -7.51700 0.36600 0.63100 -2.93000 -6.58200 -4.47600 -8.14800 -7.99600 -7.14100 -9.58300
113.00000 -3.48900 -11.10800 -2.92000 -1.13900 1.91200 1.07800 -7.02900 -0.12200 0.63100 -1.95300 -7.07000 -4.96400 -8.14800 -7.50700 -8.60600 -10.55900
114.00000 -3.00100 -12.57300 -4.38400 -1.13900 1.42400 -0.87500 -7.51700 -0.12200 1.11900 -0.48800 -6.09300 -4.96400 -7.17200 -5.06600 -7.62900 -10.07100
115.00000 -2.51300 -12.57300 -4.87300 -0.16300 0.93600 -3.80500 -7.51700 -0.12200 1.11900 0.00000 -4.62800 -3.98800 -5.21900 -1.64800 -5.18800 -8.11800
116.00000 -2.51300 -11.59700 -3.40800 0.81400 0.93600 -5.75800 -6.54100 0.36600 1.11900 0.00000 -3.16400 -2.52300 -4.24200 0.30500 -2.74700 -5.67600
117.00000 -2.51300 -10.13200 -0.96600 1.79000 0.93600 -6.24600 -6.05300 0.36600 0.63100 -1.46500 -0.72200 -1.54600 -4.24200 -0.18300 -1.77000 -4.70000
118.00000 -3.00100 -10.13200 0.49800 1.79000 1.42400 -5.26900 -5.56400 0.36600 0.14200 -2.44100 0.25400 -0.57000 -4.73000 -2.13600 -2.74700 -4.70000
119.00000 -3.97700 -9.64400 -0.96600 1.30200 0.93600 -4.29300 -7.02900 -0.61000 -0.34600 -1.95300 0.25400 -1.05800 -5.70700 -4.08900 -3.72300 -5.67600
120.00000 -3.97700 -9.64400 -4.38400 0.81400 1.42400 -2.82800 -8.49400 -1.58700 0.14200 -0.48800 -1.69900 -2.03500 -5.70700 -3.60100 -3.72300 -5.67600
121.00000 -3.48900 -9.64400 -7.31400 0.32600 1.42400 -1.85100 -9.95900 -2.07500 0.63100 1.95300 -3.65200 -2.52300 -4.24200 -0.67100 -1.28200 -3.72300
122.00000 -3.00100 -10.13200 -8.29100 -0.16300 1.42400 0.59000 -10.44700 -2.07500 2.09600 3.41800 -5.11700 -3.01100 -2.77700 2.74700 2.62500 -1.28200
123.00000 -3.00100 -10.62000 -6.82600 -0.16300 1.91200 2.05500 -9.47100 -1.58700 3.07200 3.41800 -5.11700 -3.01100 -1.31200 5.18800 5.55400 1.64800
124.00000 -3.48900 -11.59700 -3.40800 -0.16300 1.91200 3.03100 -7.51700 -1.09900 3.07200 1.95300 -3.16400 -2.03500 -1.31200 5.18800 7.01900 3.11300
125.00000 -3.48900 -11.10800 -0.96600 -1.13900 2.40100 2.05500 -5.56400 -0.61000 2.58400 0.97700 -0.23400 -1.05800 -2.77700 4.21100 6.53100 3.60100
126.00000 -2.51300 -8.66700 0.49800 -1.62800 3.86600 1.07800 -4.58800 -0.12200 2.09600 1.46500 3.18400 -0.08100 -3.75400 3.23500 5.55400 3.11300
127.00000 -1.04800 -5.73700 0.49800 -0.65100 5.33000 1.07800 -4.10000 -0.12200 1.60700 3.90600 5.13700 0.89500 -4.24200 3.72300 5.55400 2.62500
128.00000 0.41700 -2.80800 -0.47800 0.81400 6.79500 2.05500 -4.10000 0.36600 1.60700 6.83600 5.62500 0.40700 -3.75400 5.67600 6.04200 3.11300
129.00000 1.39400 -1.83100 -1.94300 2.76700 6.79500 3.03100 -4.58800 0.85400 2.09600 8.30100 3.67200 0.40700 -2.77700 7.14100 6.53100 2.62500
130.00000 0.90500 -3.78400 -3.40800 3.74300 5.81900 2.54300 -5.56400 0.36600 1.60700 7.32400 0.25400 -0.57000 -2.77700 6.16500 5.55400 1.64800
131.00000 -0.55900 -7.20200 -4.87300 2.76700 4.35400 -0.38700 -7.02900 -0.12200 0.63100 3.90600 -3.16400 -1.54600 -3.75400 3.23500 2.62500 -1.28200
132.00000 -2.02400 -11.10800 -5.36100 0.32600 2.88900 -3.31600 -8.98200 -1.09900 -0.34600 0.00000 -6.09300 -2.03500 -5.70700 -1.16000 -0.79300 -4.21100
133.00000 -3.48900 -14.03800 -4.87300 -2.11600 1.91200 -4.78100 -10.93500 -2.07500 -0.83400 -1.95300 -7.55800 -2.52300 -7.17200 -4.57800 -3.72300 -6.65300
134.00000 -4.95400 -15.01500 -3.40800 -3.58100 1.91200 -3.80500 -11.42400 -3.05200 -0.34600 -1.95300 -7.55800 -2.52300 -7.17200 -5.55400 -3.72300 -7.62900
135.00000 -7.39500 -14.52600 -1.94300 -3.09200 1.42400 -2.34000 -11.42400 -2.56300 0.63100 -1.46500 -6.58200 -2.03500 -6.19500 -4.57800 -3.23500 -7.62900
136.00000 -9.83700 -14.03800 -2.43100 -2.60400 0.44800 -2.34000 -11.91200 -2.07500 1.11900 -1.46500 -6.58200 -1.54600 -5.21900 -2.62500 -2.25800 -7.14100
137.00000 -12.76700 -15.01500 -5.36100 -2.11600 -1.50600 -5.26900 -11.91200 -2.07500 1.11900 -2.44100 -6.58200 -1.54600 -4.73000 -1.64800 -2.74700 -6.65300
138.00000 -14.72000 -16.96800 -10.24400 -3.09200 -2.97000 -9.66400 -13.37700 -2.56300 -0.34600 -4.39500 -8.04600 -2.03500 -5.21900 -2.13600 -3.72300 -6.65300
139.00000 -15.69600 -19.40900 -14.15000 -5.04600 -4.92400 -14.05800 -15.33000 -3.05200 -2.29900 -6.83600 -9.51100 -3.01100 -6.19500 -4.08900 -4.70000 -7.14100
140.00000 -15.20800 -21.36200 -15.61500 -6.51000 -4.92400 -16.50000 -16.79500 -4.02800 -3.76400 -8.30100 -10.48800 -3.98800 -7.17200 -5.55400 -4.70000 -7.62900
141.00000 -12.76700 -20.87400 -13.66200 -6.51000 -4.43500 -16.50000 -16.79500 -4.51700 -4.25200 -9.27700 -10.97600 -4.96400 -7.17200 -6.04200 -4.21100 -7.62900
142.00000 -10.32500 -18.92100 -9.26700 -4.55700 -2.97000 -14.54700 -16.30700 -4.51700 -3.27600 -9.27700 -10.48800 -5.94100 -7.66000 -6.04200 -3.72300 -8.11800
143.00000 -7.88400 -15.99100 -4.38400 -2.60400 -1.01700 -11.61700 -14.84200 -3.54000 -2.29900 -8.78900 -10.00000 -6.42900 -7.66000 -5.55400 -5.18800 -8.60600
144.00000 -6.90700 -13.55000 -1.45500 -1.13900 -0.04100 -7.71100 -13.37700 -3.05200 -1.81100 -8.30100 -9.51100 -6.91700 -8.14800 -5.55400 -7.14100 -9.58300
145.00000 -7.88400 -13.06200 -0.96600 -1.13900 -0.04100 -4.78100 -12.40000 -3.05200 -1.32200 -6.83600 -9.02300 -6.91700 -8.63600 -5.55400 -8.60600 -10.07100
146.00000 -9.34900 -14.03800 -2.43100 -1.62800 -1.01700 -3.31600 -11.91200 -2.56300 -1.32200 -5.85900 -8.53500 -5.94100 -8.63600 -5.55400 -8.11800 -9.58300
147.00000 -11.30200 -15.01500 -4.87300 -3.09200 -2.48200 -3.80500 -10.93500 -2.07500 -1.32200 -3.90600 -8.53500 -4.47600 -7.66000 -4.57800 -5.18800 -8.11800
148.00000 -11.30200 -15.01500 -6.82600 -3.58100 -3.45900 -5.75800 -10.44700 -1.58700 -0.83400 -1.95300 -8.53500 -2.52300 -5.70700 -2.13600 -0.30500 -5.18800
149.00000 -10.32500 -13.55000 -8.29100 -3.58100 -3.94700 -7.71100 -9.95900 -0.61000 -0.34600 0.00000 -7.55800 -1.05800 -3.75400 0.79300 3.60100 -1.77000
150.00000 -9.34900 -12.08500 -9.26700 -2.60400 -2.97000 -10.15200 -10.44700 -0.61000 0.14200 0.97700 -6.09300 -0.08100 -2.77700 3.23500 5.55400 0.18300
151.00000 -7.39500 -11.10800 -8.77900 -0.65100 -1.50600 -11.61700 -11.91200 -0.61000 0.14200 0.97700 -3.16400 -0.08100 -2.28900 4.21100 5.06600 1.16000
152.00000 -6.90700 -11.10800 -6.82600 0.81400 -0.04100 -12.10500 -13.86500 -1.09900 -0.34600 0.00000 -0.72200 0.40700 -2.77700 3.23500 3.60100 0.18300
153.00000 -6.41900 -11.59700 -4.87300 2.27900 0.93600 -10.64000 -14.35300 -1.09900 -0.34600 -1.46500 0.74300 0.40700 -3.75400 0.79300 1.64800 -0.79300
154.00000 -6.41900 -12.57300 -2.92000 2.27900 -0.04100 -7.71100 -13.37700 -0.61000 -0.34600 -2.44100 -0.23400 0.40700 -4.73000 -1.16000 1.64800 -2.25800
155.00000 -6.41900 -12.08500 -1.94300 1.79000 -1.50600 -3.31600 -11.42400 -0.12200 -0.34600 -2.44100 -2.18700 -0.08100 -5.21900 -2.62500 2.13600 -2.74700
156.00000 -7.39500 -11.10800 -2.43100 -0.16300 -2.97000 -0.38700 -8.98200 0.85400 -0.34600 -1.46500 -4.14000 -0.08100 -4.73000 -2.13600 3.11300 -3.23500
157.00000 -8.37200 -10.13200 -3.40800 -2.11600 -2.97000 0.10200 -8.00600 1.34300 -0.34600 -0.97700 -5.11700 -0.08100 -5.21900 -1.64800 3.60100 -3.23500
158.00000 -9.34900 -10.13200 -4.87300 -3.58100 -2.97000 -2.82800 -8.49400 0.85400 -0.34600 -1.95300 -5.11700 -0.57000 -5.70700 -2.13600 2.62500 -4.21100
159.00000 -9.83700 -11.10800 -7.31400 -4.06900 -1.99400 -7.71100 -10.44700 -0.12200 -1.32200 -4.88300 -4.62800 -1.05800 -7.17200 -4.08900 0.67100 -5.67600
160.00000 -10.32500 -12.08500 -9.75500 -3.58100 -1.50600 -12.59400 -13.37700 -1.58700 -1.81100 -8.78900 -5.11700 -1.54600 -7.66000 -6.53100 -1.28200 -7.14100
161.00000 -10.81300 -13.55000 -12.19700 -3.09200 -1.50600 -14.54700 -15.81800 -2.56300 -1.81100 -11.71900 -6.58200 -2.52300 -8.14800 -8.48400 -2.74700 -7.62900
162.00000 -11.79000 -14.03800 -13.66200 -3.58100 -1.99400 -13.57000 -17.28300 -3.54000 -1.32200 -12.69500 -9.02300 -3.98800 -7.17200 -8.97200 -2.74700 -7.14100
163.00000 -13.25500 -14.03800 -13.66200 -4.55700 -2.48200 -10.15200 -17.77100 -4.51700 -0.83400 -10.74200 -10.00000 -4.47600 -6.19500 -7.50700 -1.77000 -6.16500
164.00000 -15.69600 -13.55000 -12.19700 -6.02200 -2.97000 -8.68700 -18.26000 -4.51700 -0.83400 -7.32400 -10.00000 -4.96400 -5.70700 -5.55400 -1.77000 -6.16500
165.00000 -17.16100 -13.06200 -11.22000 -6.99900 -3.94700 -9.66400 -17.77100 -3.54000 -0.83400 -5.37100 -9.51100 -4.96400 -6.19500 -5.06600 -2.25800 -6.16500
166.00000 -17.64900 -13.06200 -10.73200 -6.99900 -4.92400 -13.57000 -17.28300 -3.05200 -1.32200 -5.37100 -9.02300 -4.96400 -6.19500 -5.06600 -4.21100 -7.62900
167.00000 -17.64900 -14.03800 -11.70900 -6.99900 -6.87700 -16.50000 -17.28300 -2.07500 -1.81100 -6.83600 -9.02300 -4.96400 -7.17200 -6.04200 -5.18800 -8.60600
168.00000 -17.64900 -16.47900 -13.66200 -6.51000 -8.34100 -17.47600 -17.77100 -2.07500 -2.29900 -7.81200 -9.02300 -4.47600 -7.17200 -6.53100 -5.18800 -8.60600
169.00000 -18.62600 -18.92100 -15.12700 -6.51000 -9.31800 -15.03500 -18.26000 -2.07500 -2.78700 -9.27700 -8.53500 -3.49900 -6.19500 -6.04200 -4.21100 -7.62900
170.00000 -19.11400 -21.36200 -15.12700 -6.99900 -9.31800 -11.61700 -19.23600 -2.07500 -3.27600 -9.27700 -6.58200 -2.52300 -6.19500 -5.55400 -2.25800 -6.65300
171.00000 -19.60200 -21.36200 -15.12700 -7.48700 -8.34100 -11.12900 -18.74800 -1.58700 -3.27600 -8.78900 -4.62800 -1.54600 -6.68300 -5.06600 -1.77000 -5.67600
172.00000 -19.60200 -19.89700 -14.63800 -6.99900 -6.87700 -13.57000 -17.28300 -0.61000 -3.27600 -7.81200 -3.65200 -1.05800 -7.17200 -5.06600 -1.28200 -5.18800
173.00000 -19.11400 -17.45600 -14.15000 -6.02200 -4.92400 -16.01200 -14.84200 -0.12200 -2.29900 -7.32400 -3.65200 -1.05800 -7.66000 -5.06600 -0.79300 -4.70000
174.00000 -19.11400 -15.50300 -12.68500 -5.04600 -3.45900 -16.50000 -12.88900 -0.12200 -1.81100 -6.34800 -5.11700 -1.05800 -6.68300 -4.08900 0.18300 -4.21100
175.00000 -19.11400 -15.50300 -9.75500 -4.55700 -2.97000 -14.05800 -12.88900 -0.61000 -0.83400 -5.85900 -6.58200 -1.54600 -5.70700 -2.62500 2.13600 -3.23500
176.00000 -18.62600 -16.47900 -6.82600 -5.04600 -2.97000 -10.64000 -14.84200 -1.09900 -0.34600 -5.37100 -7.55800 -2.03500 -4.73000 -2.13600 3.60100 -2.74700
177.00000 -17.16100 -18.92100 -6.33700 -5.53400 -3.94700 -8.68700 -17.28300 -1.58700 0.63100 -5.85900 -8.04600 -2.52300 -3.75400 -2.13600 4.08900 -1.77000
178.00000 -15.20800 -19.89700 -9.26700 -6.51000 -4.92400 -9.66400 -19.23600 -2.07500 1.11900 -5.85900 -9.02300 -3.01100 -3.75400 -3.60100 2.62500 -2.25800
179.00000 -13.25500 -20.38600 -14.63800 -7.48700 -5.41200 -11.61700 -19.23600 -2.07500 1.60700 -5.85900 -10.00000 -3.98800 -3.75400 -5.06600 0.67100 -3.23500
180.00000 -12.76700 -18.92100 -19.03300 -7.97500 -5.90000 -13.08200 -18.26000 -2.56300 1.60700 -6.34800 -10.48800 -3.98800 -3.75400 -5.55400 -0.79300 -4.70000
181.00000 -13.25500 -17.45600 -19.52100 -7.48700 -4.92400 -11.61700 -17.28300 -3.05200 1.60700 -6.83600 -10.00000 -4.47600 -3.75400 -5.55400 -1.28200 -5.67600
182.00000 -14.23100 -15.99100 -15.61500 -6.51000 -3.45900 -9.66400 -17.28300 -3.54000 1.60700 -7.81200 -9.02300 -4.96400 -3.26500 -4.57800 -0.79300 -6.16500
183.00000 -14.72000 -15.50300 -9.75500 -5.04600 -1.50600 -9.66400 -18.26000 -4.02800 1.11900 -9.76600 -7.55800 -5.45200 -3.26500 -4.57800 -1.28200 -6.16500
184.00000 -13.74300 -15.50300 -5.84900 -3.09200 -0.52900 -12.10500 -19.23600 -4.02800 0.63100 -10.74200 -7.55800 -5.94100 -3.75400 -5.06600 -1.77000 -6.16500
185.00000 -13.25500 -15.99100 -5.84900 -2.60400 -1.01700 -16.50000 -18.74800 -3.54000 0.14200 -9.76600 -8.04600 -5.94100 -4.24200 -6.04200 -2.25800 -5.67600
186.00000 -13.74300 -17.45600 -9.75500 -3.09200 -2.48200 -18.94100 -17.28300 -3.05200 -0.34600 -7.81200 -9.02300 -4.96400 -3.75400 -6.53100 -1.28200 -4.70000
187.00000 -15.69600 -18.92100 -13.66200 -4.55700 -3.94700 -18.45300 -14.35300 -2.07500 -0.34600 -4.39500 -8.53500 -3.01100 -3.26500 -6.04200 0.67100 -3.72300
188.00000 -17.16100 -20.87400 -15.12700 -6.99900 -4.43500 -15.52300 -12.40000 -0.61000 -0.34600 -3.41800 -6.09300 -0.57000 -2.77700 -5.06600 3.60100 -2.74700
189.00000 -18.13800 -21.36200 -13.66200 -8.46400 -3.45900 -12.59400 -11.42400 0.36600 0.14200 -4.88300 -3.16400 1.38300 -2.28900 -4.08900 5.06600 -1.77000
190.00000 -17.16100 -20.87400 -11.70900 -8.95200 -1.99400 -10.64000 -12.40000 0.36600 0.63100 -7.32400 -1.21100 1.87200 -1.80100 -3.60100 6.04200 -0.79300
191.00000 -15.20800 -18.92100 -10.24400 -7.48700 -0.52900 -9.66400 -13.86500 -0.12200 1.60700 -8.30100 -1.21100 1.87200 -1.80100 -4.08900 6.04200 -0.30500
192.00000 -13.25500 -16.47900 -10.24400 -6.02200 -0.04100 -9.66400 -15.33000 -0.61000 2.09600 -6.83600 -3.16400 0.89500 -2.28900 -4.08900 6.53100 0.18300
193.00000 -11.79000 -15.50300 -10.73200 -4.55700 0.44800 -9.17600 -16.79500 -1.58700 2.58400 -3.41800 -6.09300 -0.08100 -2.28900 -4.08900 7.01900 0.67100
194.00000 -11.79000 -15.50300 -10.24400 -4.06900 0.93600 -8.19900 -16.79500 -1.58700 3.07200 0.00000 -8.04600 -1.54600 -2.28900 -3.60100 7.01900 0.18300
195.00000 -11.30200 -15.99100 -8.29100 -3.58100 1.42400 -7.71100 -15.81800 -0.61000 3.56000 1.95300 -9.02300 -2.03500 -1.80100 -2.13600 6.04200 -0.79300
196.00000 -10.81300 -16.47900 -6.33700 -3.09200 2.88900 -7.71100 -13.37700 0.36600 4.04900 1.46500 -8.53500 -2.03500 -1.80100 -1.64800 4.08900 -1.28200
197.00000 -9.83700 -14.52600 -6.33700 -2.60400 3.86600 -7.71100 -10.93500 1.83100 4.04900 -0.48800 -7.55800 -1.05800 -1.31200 -1.64800 2.13600 -1.77000
198.00000 -8.86000 -11.59700 -7.31400 -1.13900 4.35400 -7.71100 -9.47100 2.31900 4.53700 -1.95300 -7.55800 -1.05800 -1.31200 -1.64800 1.64800 -1.77000
199.00000 -8.37200 -9.15500 -8.29100 -0.65100 4.35400 -7.22200 -8.98200 2.80800 4.53700 -1.95300 -8.04600 -0.08100 -0.33600 -1.64800 3.60100 -0.79300
200.00000 -8.37200 -7.69000 -7.31400 -0.65100 4.35400 -6.73400 -9.95900 2.80800 5.02500 -1.46500 -8.04600 0.40700 0.15300 -0.67100 6.04200 0.18300
201.00000 -8.86000 -8.66700 -5.36100 -2.11600 3.86600 -6.24600 -10.93500 2.31900 5.02500 0.48800 -7.07000 1.38300 1.12900 0.30500 7.99600 1.64800
202.00000 -9.83700 -10.62000 -3.89600 -3.58100 3.86600 -5.26900 -10.44700 2.31900 5.51400 1.95300 -5.60500 2.36000 2.10600 1.28200 8.48400 2.13600
203.00000 -10.81300 -11.59700 -3.89600 -4.55700 4.35400 -3.80500 -8.98200 2.31900 6.49000 2.44100 -4.62800 2.84800 2.59400 1.28200 6.53100 1.16000
204.00000 -11.30200 -10.62000 -5.36100 -4.55700 5.33000 -1.85100 -8.49400 1.83100 6.97800 2.93000 -5.11700 1.38300 2.10600 0.30500 4.57800 -0.79300
205.00000 -11.30200 -8.66700 -7.80200 -3.09200 6.30700 -0.87500 -8.98200 0.85400 7.95500 2.93000 -7.55800 -0.57000 1.12900 -1.16000 2.13600 -2.74700
206.00000 -9.34900 -6.71400 -9.26700 -1.13900 6.79500 -0.87500 -11.42400 -0.61000 8.44300 2.93000 -10.48800 -3.49900 0.15300 -2.13600 0.67100 -4.70000
207.00000 -6.90700 -6.71400 -9.26700 0.32600 7.28400 -1.85100 -13.37700 -1.58700 7.95500 2.93000 -13.41800 -5.45200 -0.82400 -1.64800 0.67100 -4.70000
208.00000 -4.46600 -7.69000 -8.77900 0.81400 6.79500 -2.82800 -14.84200 -1.58700 6.97800 2.93000 -13.90600 -5.94100 -0.33600 -0.67100 0.67100 -3.72300
209.00000 -3.97700 -8.66700 -7.31400 1.30200 6.30700 -3.80500 -13.86500 -0.12200 5.51400 2.93000 -12.92900 -4.96400 0.15300 -0.18300 0.67100 -3.23500
210.00000 -4.46600 -9.15500 -6.33700 0.81400 5.33000 -3.80500 -11.91200 1.34300 4.53700 1.95300 -11.46400 -3.98800 0.15300 -0.67100 0.67100 -3.23500
211.00000 -5.44200 -8.17900 -5.36100 0.32600 5.33000 -4.29300 -9.95900 2.31900 3.56000 0.97700 -10.00000 -2.52300 -0.33600 -2.13600 0.67100 -4.21100
212.00000 -5.44200 -6.71400 -4.38400 -0.16300 5.33000 -5.75800 -9.95900 2.31900 4.04900 0.00000 -10.00000 -2.52300 -1.31200 -4.08900 1.16000 -5.18800
213.00000 -4.95400 -5.73700 -3.89600 -0.16300 6.30700 -8.19900 -9.95900 2.31900 5.02500 -0.48800 -10.00000 -2.52300 -1.80100 -5.06600 1.16000 -5.18800
214.00000 -3.97700 -5.24900 -3.89600 0.81400 6.79500 -9.17600 -10.44700 1.83100 6.49000 -0.48800 -10.00000 -2.03500 -1.31200 -4.08900 2.13600 -4.21100
215.00000 -3.48900 -3.78400 -4.38400 2.76700 7.28400 -9.17600 -8.98200 2.31900 7.95500 0.00000 -8.53500 -0.57000 0.64100 -0.67100 4.08900 -1.77000
216.00000 -2.51300 -2.31900 -4.87300 5.20800 8.74800 -6.73400 -7.51700 2.80800 9.42000 0.97700 -6.09300 1.38300 2.59400 2.25800 6.53100 0.67100
217.00000 -0.07100 1.09900 -3.89600 6.67300 10.70100 -2.82800 -5.07600 3.29600 10.39600 1.95300 -4.62800 2.84800 4.05900 4.21100 8.48400 2.62500
218.00000 3.34700 4.51700 -1.45500 6.67300 12.16600 1.07800 -4.58800 2.80800 10.39600 3.41800 -4.14000 3.33700 4.05900 4.70000 9.46000 3.11300
219.00000 7.25300 7.44600 0.49800 5.69700 13.14300 4.00800 -5.07600 1.34300 9.42000 5.37100 -4.62800 2.36000 2.59400 3.72300 9.46000 2.62500
220.00000 9.69400 8.42300 1.47500 3.74300 12.65500 4.98500 -7.02900 0.36600 7.46700 7.32400 -6.09300 0.89500 0.64100 2.74700 7.99600 1.16000
221.00000 9.20600 8.42300 1.47500 2.76700 11.67800 4.00800 -8.00600 -0.12200 5.51400 8.30100 -6.58200 -0.08100 -0.82400 1.28200 6.04200 0.18300
222.00000 7.25300 6.95800 1.47500 3.25500 10.70100 3.03100 -7.02900 0.85400 5.02500 8.78900 -6.09300 -0.57000 -1.80100 -0.18300 4.57800 -1.28200
223.00000 4.81200 5.00500 2.45200 4.23200 10.70100 2.54300 -5.56400 2.80800 6.00200 7.81200 -4.62800 -0.08100 -1.80100 -0.67100 4.08900 -2.25800
224.00000 3.34700 3.05200 4.40500 5.20800 11.19000 3.03100 -3.12300 4.76100 7.46700 6.83600 -3.16400 1.38300 -1.31200 -0.18300 5.06600 -2.25800
225.00000 3.34700 2.07500 5.38100 4.72000 11.67800 4.98500 -2.63500 5.73700 8.93100 6.34800 -3.16400 2.36000 0.15300 0.30500 6.53100 -1.28200
226.00000 3.83500 1.09900 4.89300 3.25500 11.67800 6.44900 -4.10000 5.73700 9.42000 6.34800 -3.65200 2.84800 1.61700 2.25800 8.97200 0.67100
227.00000 3.34700 1.09900 2.45200 1.79000 10.70100 5.96100 -6.05300 4.76100 9.42000 6.83600 -5.11700 2.84800 3.08200 3.23500 10.43700 2.13600
228.00000 2.37000 1.09900 0.98700 1.30200 9.72500 3.03100 -7.51700 4.27200 7.95500 5.85900 -7.55800 1.87200 3.57100 3.23500 10.43700 2.13600
229.00000 2.37000 1.58700 1.96300 3.25500 9.23700 0.10200 -7.51700 4.27200 6.97800 4.88300 -10.00000 0.40700 2.59400 1.28200 8.48400 -0.30500
230.00000 4.32300 2.56300 4.89300 5.69700 10.21300 -1.85100 -5.56400 3.78400 5.51400 2.44100 -11.46400 -0.57000 1.12900 -1.64800 6.04200 -2.74700
231.00000 6.27600 4.02800 8.31100 8.13800 11.19000 -2.82800 -4.10000 3.78400 5.02500 0.97700 -12.44100 -1.05800 -0.33600 -4.08900 4.08900 -5.18800
232.00000 8.23000 5.49300 8.79900 8.13800 11.19000 -2.34000 -4.58800 2.80800 4.53700 0.00000 -12.44100 -1.05800 -0.82400 -5.55400 3.11300 -5.67600
233.00000 6.76500 5.00500 6.35800 7.16100 9.72500 -1.85100 -7.02900 1.83100 4.04900 -0.48800 -11.46400 -2.03500 -0.82400 -5.55400 3.60100 -4.70000
234.00000 3.83500 2.56300 2.45200 5.69700 7.28400 -2.82800 -9.47100 1.34300 3.56000 -1.46500 -11.46400 -2.52300 -1.31200 -5.55400 4.08900 -4.21100
235.00000 0.41700 -0.36600 -0.96600 4.72000 5.81900 -3.31600 -10.93500 1.34300 3.56000 -3.41800 -11.95300 -3.98800 -1.80100 -6.04200 3.60100 -4.70000
236.00000 -1.04800 -3.29600 -1.45500 4.72000 4.84200 -3.31600 -9.47100 2.31900 3.07200 -5.37100 -12.44100 -4.47600 -3.75400 -7.50700 2.13600 -6.16500
237.00000 0.41700 -3.29600 -0.47800 5.69700 5.81900 -2.34000 -6.54100 3.29600 2.58400 -5.85900 -13.90600 -4.47600 -4.73000 -8.48400 0.18300 -8.11800
238.00000 3.83500 -1.34300 0.98700 5.69700 7.77200 -1.85100 -4.10000 3.78400 3.07200 -3.41800 -14.39400 -3.49900 -5.21900 -8.48400 -0.30500 -8.60600
239.00000 6.76500 2.07500 2.45200 5.20800 9.72500 -1.85100 -4.10000 3.29600 4.04900 0.00000 -14.39400 -2.03500 -4.24200 -6.53100 0.67100 -7.14100
240.00000 8.23000 3.54000 3.42800 4.72000 11.19000 -1.85100 -6.54100 2.31900 6.00200 3.90600 -13.41800 -2.03500 -2.77700 -5.06600 2.62500 -5.67600
241.00000 8.23000 3.54000 4.89300 4.23200 12.16600 -1.36300 -8.98200 1.34300 7.95500 5.85900 -12.44100 -2.03500 -1.80100 -3.60100 5.06600 -4.21100
242.00000 7.74100 2.07500 5.87000 5.20800 13.14300 1.56700 -9.95900 0.85400 9.42000 5.85900 -11.46400 -3.01100 -0.82400 -3.60100 6.53100 -4.21100
243.00000 7.74100 1.58700 6.35800 7.65000 13.63100 5.47300 -8.49400 0.85400 10.39600 4.88300 -11.46400 -3.49900 -1.31200 -3.11300 7.01900 -4.21100
244.00000 9.20600 2.07500 6.35800 10.09100 14.11900 8.40300 -4.58800 1.83100 9.90800 5.37100 -11.46400 -3.49900 -1.31200 -2.13600 7.01900 -3.23500
245.00000 11.15900 3.05200 7.82300 12.04400 13.63100 9.37900 -1.17000 3.78400 8.93100 8.30100 -11.46400 -2.03500 -0.82400 0.79300 7.01900 -2.25800
246.00000 11.64800 4.51700 10.26400 13.02100 13.14300 6.93800 1.76000 5.73700 7.46700 11.23000 -10.48800 -0.57000 -0.33600 3.23500 8.48400 0.18300
247.00000 11.64800 4.02800 14.17000 12.04400 12.16600 4.49600 2.73600 6.71400 6.49000 14.16000 -8.53500 0.89500 0.15300 4.70000 9.46000 1.64800
248.00000 10.18300 2.07500 16.12300 10.09100 11.67800 3.03100 2.73600 7.20200 6.49000 13.67200 -7.07000 1.38300 0.15300 4.21100 10.43700 2.13600
249.00000 7.74100 0.12200 15.63500 7.65000 11.67800 4.00800 1.76000 7.20200 6.49000 10.25400 -5.60500 1.87200 0.15300 2.74700 10.43700 1.64800
250.00000 6.27600 -1.34300 12.70500 6.67300 11.19000 4.98500 0.29500 6.71400 6.00200 5.37100 -5.60500 1.87200 -0.33600 0.79300 9.94900 0.67100
251.00000 5.78800 -1.83100 10.26400 7.16100 10.70100 4.49600 -1.65800 6.71400 5.51400 1.95300 -7.07000 1.87200 -0.33600 -1.16000 8.48400 -0.30500
252.00000 5.78800 -1.34300 9.77600 7.65000 9.72500 1.56700 -4.10000 6.22600 4.53700 0.97700 -8.53500 1.38300 -0.82400 -2.13600 7.50700 -1.28200
253.00000 6.27600 -0.85400 11.24100 8.13800 8.74800 -1.36300 -5.56400 5.73700 4.53700 1.46500 -10.48800 1.38300 -1.31200 -2.62500 7.50700 -1.77000
254.00000 6.27600 -0.85400 12.70500 7.65000 8.26000 -3.31600 -6.05300 4.76100 4.53700 1.46500 -11.95300 0.89500 -1.80100 -3.60100 7.99600 -1.77000
255.00000 5.78800 -1.34300 11.72900 5.69700 8.74800 -3.31600 -5.56400 3.78400 5.02500 0.00000 -12.92900 0.40700 -1.80100 -4.08900 9.46000 -2.25800
256.00000 5.30000 -1.34300 8.31100 4.23200 9.72500 -1.36300 -5.07600 2.80800 5.02500 -1.46500 -13.41800 -0.08100 -1.80100 -3.60100 9.46000 -2.25800
