1.00000 -2.55300 -5.38100 -9.30800 -1.67800 -1.44400 -13.43800 -8.00600 -4.86200 1.05800 0.13200 -7.38500 -5.23900 0.54900 2.68600 -5.49300 -0.92600
2.00000 0.86500 -2.45200 -6.86600 -0.21400 1.97300 -13.43800 -6.05300 -3.39800 2.03500 -1.82100 -6.40900 -3.77400 0.54900 3.17400 -4.02800 0.05100
3.00000 4.77100 1.94300 -4.42500 2.22800 4.90300 -11.48500 -3.61100 -1.93300 2.03500 -1.82100 -5.43200 -2.79700 0.06100 2.68600 -4.02800 0.05100
4.00000 7.21200 4.87300 -2.96000 3.69300 5.88000 -8.55500 -2.63500 -0.95600 0.08100 0.13200 -4.94400 -2.30900 -0.42700 2.19700 -3.05200 -0.43700
5.00000 7.21200 5.84900 -2.47200 3.69300 4.90300 -6.60200 -3.61100 -1.44400 -1.87200 2.08500 -5.92000 -2.79700 -0.42700 1.22100 -3.05200 -0.43700
6.00000 5.74700 4.87300 -3.44800 2.22800 2.46200 -6.60200 -6.54100 -2.42100 -4.31300 2.57400 -6.89700 -2.79700 -0.91600 1.22100 -3.05200 -0.43700
7.00000 3.79400 2.92000 -4.42500 -0.21400 0.50900 -7.57900 -10.44700 -3.39800 -4.80100 1.59700 -7.38500 -3.28600 -0.91600 1.22100 -3.05200 -0.43700
8.00000 3.79400 2.43100 -5.89000 -1.19000 -0.46800 -8.55500 -11.91200 -3.88600 -4.31300 1.59700 -6.40900 -2.30900 -1.40400 0.24400 -3.05200 -0.43700
9.00000 5.74700 3.40800 -7.35500 -0.70200 0.50900 -8.55500 -11.42400 -2.90900 -2.84800 3.06200 -4.45600 -0.35600 -0.91600 -0.24400 -2.07500 -0.43700
10.00000 8.18900 4.87300 -8.33100 1.74000 1.48500 -8.06700 -9.95900 -1.44400 -0.89500 5.99200 -1.52600 1.59700 0.06100 0.24400 -0.12200 0.05100
11.00000 8.67700 5.36100 -8.33100 3.20400 2.46200 -7.57900 -8.98200 0.02000 0.57000 8.43300 1.40400 3.06200 1.03800 1.70900 2.31900 1.51600
12.00000 7.21200 4.87300 -8.33100 3.69300 2.46200 -8.06700 -8.49400 0.50900 1.54600 8.43300 3.84500 4.03800 2.01400 3.17400 4.27200 2.98100
13.00000 4.77100 2.92000 -7.35500 1.74000 1.97300 -9.04300 -9.47100 0.50900 1.54600 5.99200 4.82200 3.55000 1.52600 4.63900 4.76100 4.44500
14.00000 2.81800 1.45500 -6.86600 -0.21400 1.97300 -10.02000 -9.47100 -0.95600 1.05800 3.06200 4.82200 2.57400 0.06100 4.63900 3.78400 4.44500
15.00000 2.81800 0.96600 -6.86600 -1.67800 1.48500 -10.99700 -8.98200 -2.42100 0.08100 1.10900 3.84500 1.59700 -1.40400 3.66200 2.80800 3.46900
16.00000 3.79400 1.45500 -7.84300 -1.19000 0.50900 -11.48500 -8.00600 -2.42100 -0.89500 2.08500 3.35700 1.10900 -2.38000 3.17400 1.34300 2.00400
17.00000 4.28300 1.94300 -9.30800 0.27500 -0.46800 -11.48500 -7.02900 -1.93300 -1.38300 5.50300 2.86900 1.10900 -1.89200 3.66200 0.85400 1.51600
18.00000 4.28300 1.94300 -9.79600 1.25100 -1.44400 -10.50800 -6.05300 -0.46800 -0.40700 8.92100 2.86900 1.10900 0.54900 5.12700 1.34300 2.00400
19.00000 4.28300 1.94300 -9.79600 1.74000 -1.44400 -9.04300 -5.56400 0.50900 1.54600 11.36300 2.86900 1.59700 2.50200 6.59200 1.34300 2.98100
20.00000 4.28300 3.40800 -8.82000 1.25100 -0.46800 -7.57900 -5.56400 0.50900 3.01100 10.87400 2.38000 1.10900 3.96700 7.56800 0.85400 3.95700
21.00000 5.74700 4.87300 -7.35500 0.76300 1.48500 -6.60200 -6.54100 0.02000 3.49900 8.92100 0.91600 -0.35600 3.96700 6.59200 -0.61000 2.98100
22.00000 7.21200 6.82600 -6.37800 0.76300 2.95000 -7.09000 -7.02900 -0.95600 2.52300 6.96800 -2.01400 -2.30900 2.01400 4.63900 -3.05200 1.51600
23.00000 7.70100 7.31400 -5.89000 0.76300 3.43800 -8.06700 -8.00600 -1.93300 0.08100 5.01500 -3.96700 -3.77400 0.06100 2.19700 -5.49300 -0.43700
24.00000 7.21200 6.33700 -5.40200 0.76300 1.97300 -10.50800 -8.00600 -1.93300 -2.36000 4.03800 -5.43200 -4.26200 -1.89200 -0.24400 -6.47000 -1.90200
25.00000 5.74700 3.89600 -5.89000 0.27500 0.02000 -12.95000 -8.00600 -1.93300 -3.82500 3.06200 -5.92000 -3.77400 -3.35700 -1.22100 -6.47000 -2.87900
26.00000 3.79400 1.45500 -6.86600 -0.21400 -2.42100 -15.39100 -8.98200 -0.95600 -4.31300 1.10900 -5.92000 -3.28600 -2.86900 -0.73200 -5.49300 -1.90200
27.00000 1.84100 -0.49800 -9.79600 -0.70200 -3.39800 -17.34400 -11.42400 -0.95600 -3.82500 -1.33300 -6.40900 -2.30900 -1.89200 0.73200 -4.51700 -0.43700
28.00000 0.37600 -1.96300 -13.21400 -1.19000 -3.88600 -18.80900 -14.35300 -1.44400 -2.84800 -3.28600 -6.89700 -1.33300 0.54900 3.66200 -3.05200 2.00400
29.00000 -0.11200 -1.96300 -16.14400 -1.67800 -3.39800 -18.32100 -16.79500 -1.93300 -2.36000 -2.30900 -7.38500 -0.35600 3.47900 6.59200 -0.61000 4.93400
30.00000 -0.11200 -1.47500 -16.14400 -2.16700 -2.90900 -16.36800 -17.77100 -2.42100 -1.38300 2.08500 -6.40900 1.59700 6.40900 10.01000 2.80800 8.84000
31.00000 0.37600 -0.49800 -15.16700 -2.65500 -2.42100 -13.92600 -16.30700 -2.42100 -0.89500 7.94500 -4.45600 3.55000 8.85000 13.42800 6.71400 12.25800
32.00000 1.35300 0.96600 -13.70200 -3.14300 -1.93300 -10.99700 -14.35300 -2.42100 0.08100 12.82800 -1.03800 5.50300 10.31500 15.38100 9.64400 13.72300
33.00000 2.33000 1.94300 -13.70200 -2.65500 -0.46800 -9.04300 -12.88900 -1.93300 0.57000 13.80400 1.89200 6.48000 10.31500 15.86900 11.59700 14.21100
34.00000 3.30600 1.94300 -15.16700 -1.67800 0.50900 -8.06700 -13.86500 -1.44400 1.05800 11.85100 3.84500 6.48000 8.85000 14.40400 11.59700 13.23400
35.00000 3.30600 1.45500 -15.65600 -0.21400 1.97300 -9.04300 -14.84200 -1.44400 1.54600 7.45600 3.84500 5.50300 6.40900 11.47500 9.64400 10.79300
36.00000 2.33000 0.96600 -14.67900 0.76300 2.46200 -10.02000 -15.81800 -1.44400 1.54600 5.01500 2.86900 4.52700 3.47900 8.54500 7.20200 8.35200
37.00000 1.35300 -0.01000 -13.70200 0.76300 1.48500 -11.97300 -15.81800 -2.42100 1.54600 5.01500 2.38000 3.55000 1.52600 5.61500 5.73700 5.91000
38.00000 0.37600 -0.98700 -13.21400 0.27500 0.02000 -13.92600 -14.35300 -2.42100 1.05800 6.96800 3.35700 4.03800 0.06100 3.66200 5.24900 5.42200
39.00000 -0.11200 -0.98700 -15.16700 -0.21400 -1.44400 -14.41400 -12.88900 -1.93300 1.05800 9.41000 5.79800 5.01500 0.06100 3.66200 7.20200 5.42200
40.00000 -0.11200 -0.98700 -17.60900 -0.70200 -1.93300 -13.43800 -10.93500 -0.46800 1.05800 11.36300 8.72800 6.96800 1.03800 4.63900 9.15500 6.88700
41.00000 1.35300 0.96600 -19.07300 -0.70200 -0.46800 -10.99700 -9.47100 0.02000 1.54600 11.36300 11.16900 8.43300 2.01400 6.59200 11.10800 7.86300
42.00000 2.81800 2.92000 -18.09700 -0.70200 1.97300 -7.57900 -7.51700 0.50900 1.54600 10.87400 11.65800 8.43300 2.50200 7.56800 11.59700 8.35200
43.00000 4.28300 5.36100 -15.16700 -0.21400 3.92700 -5.13700 -6.54100 0.50900 1.54600 10.38600 10.19300 7.94500 2.99100 8.05700 10.62000 7.86300
44.00000 5.25900 6.82600 -12.23800 0.76300 4.41500 -4.64900 -6.05300 0.50900 1.54600 10.38600 6.77500 6.48000 2.99100 7.08000 8.17900 6.39900
45.00000 5.25900 6.33700 -12.23800 1.74000 3.92700 -6.60200 -7.51700 0.02000 1.54600 10.87400 2.86900 4.52700 2.50200 5.12700 5.24900 3.95700
46.00000 4.28300 4.38400 -14.67900 2.22800 1.48500 -9.04300 -10.44700 0.02000 1.54600 10.38600 -0.54900 3.55000 2.01400 3.17400 2.80800 1.51600
47.00000 3.30600 2.43100 -17.60900 1.74000 -0.95600 -10.50800 -12.88900 -0.95600 1.54600 9.41000 -3.47900 2.08500 1.03800 1.22100 0.85400 0.05100
48.00000 2.81800 1.45500 -18.09700 0.76300 -1.44400 -10.50800 -14.84200 -1.93300 1.54600 8.92100 -5.92000 1.10900 0.06100 -0.73200 -0.12200 -1.90200
49.00000 3.30600 2.43100 -15.65600 -0.21400 -0.46800 -9.04300 -16.30700 -1.93300 2.03500 8.43300 -7.38500 -0.35600 -1.89200 -1.70900 -1.58700 -2.87900
50.00000 4.77100 4.87300 -12.23800 -0.21400 1.48500 -7.57900 -16.30700 -2.42100 2.03500 7.45600 -8.36200 -1.33300 -2.86900 -2.19700 -2.56300 -3.36700
51.00000 6.23600 7.31400 -11.26100 1.25100 3.92700 -6.11400 -15.81800 -1.44400 2.52300 7.94500 -7.38500 -0.84400 -2.38000 -1.70900 -1.58700 -1.90200
52.00000 7.21200 8.77900 -12.23800 2.71600 4.90300 -4.64900 -13.86500 -0.46800 3.49900 8.92100 -5.43200 0.13200 -0.42700 0.24400 0.36600 0.53900
53.00000 7.21200 9.26700 -15.16700 3.20400 4.41500 -3.67200 -12.88900 0.02000 3.49900 10.87400 -3.47900 2.08500 2.50200 3.17400 3.29600 4.44500
54.00000 5.74700 8.29100 -17.60900 1.74000 2.46200 -2.69600 -12.88900 -0.46800 2.52300 12.33900 -2.99100 3.06200 3.96700 5.12700 5.24900 6.88700
55.00000 3.30600 6.82600 -18.58500 -0.70200 0.99700 -4.16100 -14.84200 -2.42100 1.05800 11.36300 -4.94400 2.08500 2.99100 4.63900 5.24900 6.39900
56.00000 1.35300 4.38400 -18.09700 -2.65500 -0.46800 -7.09000 -18.74800 -3.88600 -0.89500 7.45600 -8.36200 -0.35600 0.06100 0.73200 2.31900 2.98100
57.00000 0.37600 2.43100 -18.09700 -2.65500 -1.44400 -10.99700 -22.65400 -5.35100 -2.84800 2.08500 -12.26800 -3.28600 -4.33300 -4.63900 -2.07500 -1.90200
58.00000 0.37600 0.96600 -18.58500 -1.67800 -1.44400 -13.43800 -25.58400 -5.35100 -3.82500 -1.33300 -14.70900 -5.23900 -7.26300 -8.54500 -5.00500 -5.80900
59.00000 1.35300 0.47800 -19.07300 -0.21400 -1.44400 -13.92600 -25.09600 -4.37400 -3.82500 -1.33300 -13.73300 -4.26200 -7.75100 -9.52100 -4.51700 -5.80900
60.00000 2.81800 1.94300 -18.09700 0.27500 -1.44400 -11.97300 -21.18900 -3.39800 -3.33700 2.57400 -9.82700 -0.35600 -5.31000 -6.10400 -0.61000 -1.90200
61.00000 3.79400 3.40800 -15.16700 -0.21400 -1.44400 -9.53200 -16.30700 -1.93300 -1.87200 7.45600 -3.96700 3.06200 -1.40400 -1.22100 4.76100 3.95700
62.00000 4.28300 4.38400 -12.23800 -1.19000 -0.95600 -7.57900 -11.91200 -1.44400 0.08100 10.87400 0.42700 5.99200 2.01400 4.15000 10.13200 8.84000
63.00000 4.28300 4.87300 -11.74900 -1.67800 0.02000 -6.11400 -10.44700 -0.95600 2.52300 11.85100 3.35700 6.48000 3.47900 6.59200 12.57300 11.28100
64.00000 3.30600 4.87300 -14.19100 -1.67800 0.99700 -4.64900 -10.93500 -0.95600 3.98800 11.36300 3.35700 5.50300 2.50200 6.59200 12.57300 10.79300
65.00000 1.84100 4.38400 -18.58500 -1.19000 2.46200 -2.20700 -12.40000 -1.93300 4.47600 11.36300 1.89200 3.55000 0.54900 5.12700 10.62000 8.84000
66.00000 0.37600 4.38400 -22.00300 -2.16700 2.95000 0.72200 -14.35300 -2.42100 3.49900 12.82800 0.42700 2.08500 -0.42700 3.66200 8.17900 7.86300
67.00000 -1.08800 3.89600 -22.49100 -3.63200 2.46200 2.18700 -14.84200 -3.39800 1.54600 15.26900 -0.54900 1.59700 -0.91600 4.15000 7.69000 7.37500
68.00000 -1.57700 3.40800 -21.02700 -5.09600 1.97300 1.69900 -14.35300 -3.39800 0.08100 16.73400 -0.06100 2.08500 0.06100 5.12700 7.69000 8.84000
69.00000 -1.57700 2.43100 -17.60900 -5.58500 0.99700 -0.25400 -14.35300 -3.39800 0.08100 16.24600 0.91600 2.57400 1.03800 6.59200 8.17900 9.81600
70.00000 -1.57700 1.94300 -16.14400 -4.60800 0.50900 -2.20700 -14.84200 -2.90900 1.05800 13.31600 0.91600 2.08500 2.01400 6.59200 8.17900 9.81600
71.00000 -1.08800 1.45500 -17.12000 -3.63200 -0.46800 -3.18400 -16.79500 -2.42100 2.52300 9.89800 -0.54900 1.10900 2.01400 6.10400 7.69000 8.84000
72.00000 -1.08800 1.94300 -20.05000 -2.65500 -0.46800 -2.20700 -18.26000 -2.42100 3.49900 7.45600 -2.50200 0.13200 2.01400 4.15000 6.22600 7.86300
73.00000 -1.08800 2.92000 -22.00300 -2.65500 0.02000 -1.71900 -19.23600 -3.39800 3.49900 6.96800 -3.96700 -0.35600 1.03800 2.68600 5.24900 5.91000
74.00000 -0.60000 3.89600 -22.49100 -3.63200 0.50900 -1.23100 -19.23600 -3.88600 2.52300 7.45600 -4.45600 -0.35600 1.03800 1.70900 5.24900 5.91000
75.00000 0.86500 5.36100 -21.51500 -4.12000 0.99700 -1.71900 -18.26000 -3.88600 2.03500 7.94500 -3.47900 1.10900 1.03800 1.70900 6.71400 6.39900
76.00000 1.84100 5.84900 -20.05000 -4.12000 1.48500 -2.20700 -17.77100 -4.37400 1.54600 7.94500 -2.50200 2.08500 1.03800 1.22100 7.69000 5.91000
77.00000 2.33000 5.84900 -20.05000 -3.14300 0.99700 -2.69600 -18.74800 -3.88600 0.57000 6.48000 -2.99100 2.57400 0.54900 -0.24400 7.69000 4.93400
78.00000 1.35300 4.38400 -22.00300 -2.65500 -0.46800 -3.67200 -21.18900 -4.37400 -0.40700 5.01500 -4.94400 2.08500 -0.91600 -2.68600 6.22600 2.49200
79.00000 -0.60000 2.43100 -24.93300 -3.14300 -2.42100 -5.62500 -24.60700 -4.86200 -1.87200 2.08500 -7.38500 0.62100 -3.35700 -5.61500 3.78400 -0.92600
80.00000 -2.55300 0.47800 -26.88600 -4.60800 -4.37400 -8.06700 -27.53700 -5.35100 -3.82500 -1.33300 -10.31500 -1.33300 -6.28700 -9.03300 0.36600 -4.83200
81.00000 -3.53000 -0.98700 -27.37400 -5.09600 -5.35100 -10.02000 -28.51400 -5.83900 -4.80100 -4.75100 -12.26800 -3.28600 -8.72800 -11.96300 -3.54000 -8.25000
82.00000 -3.04200 -1.47500 -25.90900 -5.09600 -4.86200 -10.99700 -28.51400 -6.32700 -5.77800 -8.65700 -14.22100 -5.23900 -10.68100 -13.91600 -6.95800 -10.20300
83.00000 -1.57700 -0.01000 -24.44500 -4.12000 -3.88600 -10.99700 -28.02500 -6.32700 -5.29000 -11.58700 -16.17400 -7.19200 -12.14600 -15.86900 -9.39900 -11.18000
84.00000 -0.60000 0.96600 -22.98000 -3.14300 -2.90900 -11.48500 -28.02500 -6.32700 -5.29000 -13.05100 -18.12700 -8.65700 -12.63400 -16.84600 -10.86400 -11.66800
85.00000 -0.11200 1.94300 -22.00300 -2.16700 -2.42100 -12.46100 -28.51400 -6.81600 -5.77800 -13.05100 -19.59200 -9.63300 -12.63400 -17.82200 -10.86400 -11.18000
86.00000 -0.11200 1.45500 -22.49100 -2.16700 -2.90900 -14.41400 -29.00200 -7.30400 -6.75500 -12.07500 -19.59200 -9.63300 -12.63400 -17.82200 -9.88800 -11.18000
87.00000 -0.11200 -0.01000 -22.00300 -2.65500 -3.88600 -15.39100 -27.53700 -7.30400 -7.73100 -10.12200 -17.15100 -9.14500 -12.14600 -17.33400 -8.42300 -9.71500
88.00000 -0.11200 -1.47500 -21.51500 -2.16700 -4.37400 -15.39100 -24.60700 -6.32700 -7.73100 -8.65700 -13.73300 -7.68000 -11.16900 -14.89300 -6.47000 -8.25000
89.00000 -0.11200 -1.96300 -20.53800 -1.67800 -4.37400 -14.41400 -20.70100 -5.35100 -6.75500 -7.68000 -9.82700 -5.72700 -9.21600 -11.47500 -4.02800 -5.80900
90.00000 0.37600 -0.98700 -19.07300 -0.70200 -2.90900 -13.43800 -17.77100 -4.37400 -5.29000 -6.70400 -7.38500 -4.26200 -6.77500 -7.56800 -2.07500 -2.39100
91.00000 0.37600 0.47800 -17.60900 -0.21400 -1.93300 -12.95000 -16.30700 -3.39800 -4.31300 -6.21500 -6.40900 -3.77400 -4.33300 -4.15000 -0.61000 0.53900
92.00000 0.37600 1.45500 -17.60900 0.27500 -0.46800 -12.95000 -17.28300 -3.39800 -4.80100 -6.21500 -6.40900 -3.77400 -2.86900 -2.19700 0.85400 2.00400
93.00000 0.37600 1.94300 -19.07300 0.27500 0.02000 -12.46100 -19.72500 -3.39800 -6.26600 -6.21500 -7.38500 -4.75100 -3.84500 -1.70900 0.85400 2.00400
94.00000 -0.11200 1.45500 -22.00300 -0.21400 0.02000 -10.99700 -22.16600 -3.88600 -6.75500 -6.21500 -8.36200 -5.72700 -4.82200 -2.68600 0.36600 1.51600
95.00000 -1.57700 0.47800 -25.42100 -0.70200 -0.46800 -9.04300 -24.60700 -4.86200 -5.77800 -6.21500 -8.85000 -6.21500 -5.31000 -3.17400 -0.12200 0.53900
96.00000 -3.53000 -0.98700 -29.32700 -2.16700 -0.95600 -7.57900 -27.04900 -5.83900 -3.33700 -5.72700 -9.82700 -6.21500 -4.33300 -3.17400 -0.12200 0.53900
97.00000 -5.48300 -1.96300 -31.76900 -4.12000 -1.44400 -7.57900 -28.51400 -6.81600 -0.89500 -5.23900 -10.80300 -5.72700 -1.40400 -1.70900 0.36600 2.00400
98.00000 -5.97100 -1.96300 -32.25700 -5.58500 -1.44400 -8.55500 -30.46700 -7.79200 0.08100 -3.77400 -10.80300 -4.26200 1.52600 0.73200 0.85400 3.46900
99.00000 -4.99500 -1.47500 -30.30400 -6.07300 -0.95600 -9.53200 -31.44300 -8.28000 -0.40700 -2.79700 -10.31500 -2.79700 3.47900 2.68600 1.83100 4.93400
100.00000 -3.04200 -0.49800 -28.83900 -6.07300 -0.46800 -9.53200 -31.93200 -7.79200 -1.87200 -2.30900 -9.33800 -0.84400 4.45600 3.66200 2.80800 6.39900
101.00000 -2.06500 0.47800 -27.86300 -6.07300 0.02000 -8.55500 -32.42000 -7.79200 -1.87200 -2.30900 -7.87400 0.62100 4.94400 3.66200 3.78400 7.37500
102.00000 -2.06500 0.96600 -28.83900 -6.07300 0.50900 -7.09000 -33.39600 -7.30400 -1.38300 -2.79700 -7.38500 1.59700 5.43200 3.66200 5.24900 8.35200
103.00000 -3.53000 0.96600 -31.28100 -7.05000 0.50900 -7.09000 -34.86100 -7.79200 0.08100 -2.79700 -7.87400 2.57400 5.92000 3.17400 5.73700 7.86300
104.00000 -4.99500 -0.49800 -33.23400 -7.53800 -0.46800 -8.06700 -36.32600 -8.28000 1.05800 -3.77400 -10.31500 1.59700 4.94400 1.70900 4.27200 6.39900
105.00000 -6.46000 -1.96300 -33.72200 -8.02600 -1.44400 -10.02000 -37.79100 -8.76900 1.05800 -5.23900 -13.24500 -0.35600 2.99100 -1.22100 0.85400 2.49200
106.00000 -6.94800 -3.91600 -32.74500 -8.02600 -2.42100 -11.48500 -39.25600 -9.25700 -0.40700 -7.68000 -15.68600 -2.79700 -0.42700 -4.63900 -3.54000 -2.39100
107.00000 -7.43600 -5.87000 -32.25700 -8.02600 -3.88600 -11.97300 -39.74400 -9.25700 -1.87200 -9.63300 -17.15100 -5.23900 -4.33300 -8.05700 -6.95800 -6.29700
108.00000 -7.92400 -5.87000 -32.74500 -8.51400 -4.86200 -10.99700 -39.74400 -8.76900 -3.33700 -10.12200 -17.63900 -6.21500 -5.79800 -9.52100 -8.42300 -7.76200
109.00000 -8.90100 -5.38100 -34.21000 -8.51400 -5.35100 -10.02000 -39.74400 -8.76900 -4.31300 -9.63300 -16.66300 -6.21500 -5.79800 -9.03300 -7.44600 -6.29700
110.00000 -8.90100 -3.91600 -35.18700 -9.00300 -4.86200 -9.04300 -38.27900 -8.76900 -5.29000 -7.68000 -15.19800 -5.23900 -4.82200 -7.08000 -5.49300 -3.85500
111.00000 -8.90100 -2.94000 -34.69800 -8.51400 -3.39800 -9.04300 -37.30300 -8.28000 -5.29000 -7.68000 -13.73300 -4.75100 -3.84500 -5.12700 -4.51700 -2.39100
112.00000 -7.92400 -1.96300 -32.74500 -7.53800 -1.93300 -9.04300 -35.35000 -7.30400 -4.31300 -8.65700 -13.24500 -4.75100 -4.82200 -5.12700 -5.00500 -3.36700
113.00000 -7.43600 -2.45200 -30.30400 -6.07300 -1.44400 -8.06700 -34.37300 -7.30400 -3.82500 -10.61000 -13.24500 -6.21500 -5.79800 -6.10400 -6.95800 -4.83200
114.00000 -7.92400 -3.42800 -29.81600 -6.07300 -2.42100 -6.60200 -33.88500 -7.79200 -3.82500 -11.58700 -13.73300 -7.68000 -6.28700 -6.59200 -8.91100 -6.29700
115.00000 -9.38900 -5.38100 -31.76900 -7.53800 -4.37400 -6.11400 -34.37300 -8.76900 -5.29000 -11.09800 -14.22100 -8.16900 -6.28700 -6.10400 -8.42300 -5.32000
116.00000 -11.34200 -7.33400 -34.69800 -9.97900 -7.30400 -6.60200 -35.35000 -9.74500 -6.75500 -9.14500 -14.22100 -8.16900 -4.82200 -5.12700 -7.44600 -3.85500
117.00000 -13.29500 -8.79900 -37.14000 -11.44400 -8.76900 -8.55500 -35.83800 -10.23400 -8.21900 -8.16900 -13.24500 -7.68000 -3.84500 -4.15000 -5.49300 -2.39100
118.00000 -14.27200 -9.77600 -38.11600 -12.42100 -7.79200 -9.53200 -35.83800 -10.23400 -6.75500 -8.16900 -12.26800 -7.19200 -3.35700 -3.66200 -4.51700 -1.90200
119.00000 -13.78400 -8.31100 -36.65200 -11.44400 -4.86200 -8.55500 -35.35000 -9.74500 -4.31300 -8.16900 -11.78000 -6.70400 -3.84500 -4.15000 -5.00500 -3.36700
120.00000 -13.29500 -6.84600 -34.69800 -10.46800 -2.90900 -5.13700 -34.86100 -9.25700 -1.87200 -7.19200 -11.78000 -6.70400 -4.33300 -4.15000 -5.49300 -3.36700
121.00000 -12.31900 -4.89300 -33.72200 -9.97900 -1.93300 -0.74300 -35.35000 -9.25700 -0.89500 -3.77400 -12.75600 -6.21500 -4.82200 -3.66200 -5.49300 -2.87900
122.00000 -12.80700 -4.40500 -34.21000 -10.46800 -2.90900 0.72200 -37.30300 -9.74500 -1.38300 -0.84400 -15.19800 -6.70400 -4.33300 -2.68600 -5.49300 -1.90200
123.00000 -13.78400 -5.38100 -35.67500 -11.44400 -4.37400 -0.25400 -39.74400 -10.23400 -2.84800 -0.35600 -17.63900 -7.19200 -4.82200 -2.19700 -5.49300 -1.41400
124.00000 -14.27200 -6.84600 -37.62800 -11.93200 -5.35100 -3.67200 -41.69700 -10.72200 -3.33700 -2.79700 -20.56900 -8.65700 -5.79800 -3.66200 -6.47000 -2.87900
125.00000 -14.76000 -7.82300 -38.60500 -10.95600 -4.37400 -6.11400 -42.67400 -10.72200 -2.84800 -6.70400 -22.52200 -10.12200 -7.75100 -6.10400 -7.93500 -5.32000
126.00000 -13.78400 -6.84600 -37.62800 -9.97900 -2.42100 -4.64900 -42.18500 -10.72200 -1.38300 -8.16900 -22.52200 -10.12200 -8.72800 -7.56800 -8.91100 -6.78500
127.00000 -12.31900 -4.40500 -36.16300 -9.49100 -0.46800 -0.74300 -41.20900 -10.23400 -0.40700 -4.75100 -20.56900 -9.14500 -7.75100 -6.10400 -7.44600 -5.32000
128.00000 -11.34200 -2.45200 -34.21000 -9.49100 0.02000 4.14000 -40.23200 -10.23400 -0.89500 0.62100 -17.15100 -6.21500 -4.82200 -1.70900 -4.02800 -1.90200
129.00000 -11.34200 -1.96300 -33.72200 -10.46800 -0.95600 6.58200 -39.74400 -9.74500 -1.87200 5.01500 -14.22100 -3.77400 -1.40400 3.17400 0.36600 2.98100
130.00000 -12.31900 -3.42800 -34.21000 -11.93200 -2.42100 4.62800 -40.23200 -9.74500 -2.36000 5.01500 -12.26800 -2.30900 0.54900 5.61500 3.29600 5.42200
131.00000 -13.78400 -5.87000 -35.67500 -12.90900 -3.88600 1.69900 -41.69700 -10.23400 -1.87200 0.62100 -12.26800 -1.82100 0.54900 4.63900 3.78400 4.93400
132.00000 -14.76000 -6.84600 -36.16300 -12.90900 -3.88600 -0.74300 -42.67400 -10.23400 -1.38300 -4.26200 -12.75600 -2.30900 -1.89200 1.22100 1.34300 2.00400
133.00000 -13.78400 -5.87000 -35.18700 -12.42100 -3.88600 -0.74300 -42.18500 -10.23400 -1.87200 -7.19200 -12.75600 -2.79700 -4.33300 -2.68600 -1.09900 -1.41400
134.00000 -11.83100 -3.42800 -33.23400 -11.93200 -3.39800 0.72200 -40.23200 -9.25700 -3.33700 -6.21500 -11.29200 -2.79700 -6.28700 -5.12700 -2.07500 -3.36700
135.00000 -9.87800 -1.47500 -30.79200 -10.95600 -3.39800 2.18700 -38.27900 -8.28000 -5.29000 -4.75100 -9.82700 -1.82100 -6.77500 -5.61500 -1.58700 -2.87900
136.00000 -9.38900 -0.01000 -29.32700 -10.46800 -3.88600 1.21100 -36.32600 -7.30400 -6.75500 -5.23900 -8.85000 -1.33300 -6.77500 -5.12700 0.36600 -1.41400
137.00000 -8.90100 -0.01000 -28.83900 -9.49100 -4.37400 -0.25400 -36.32600 -6.81600 -6.26600 -8.16900 -8.85000 -0.84400 -6.77500 -5.12700 1.83100 -0.43700
138.00000 -9.38900 -0.98700 -29.32700 -9.00300 -4.37400 -1.23100 -37.30300 -6.81600 -5.77800 -12.56300 -10.31500 -1.82100 -7.26300 -6.10400 1.34300 -0.92600
139.00000 -9.87800 -2.45200 -29.81600 -9.49100 -4.86200 -0.74300 -38.27900 -7.30400 -5.77800 -15.49300 -12.75600 -2.79700 -8.24000 -7.08000 -0.61000 -2.87900
140.00000 -11.34200 -3.42800 -29.81600 -9.97900 -5.83900 0.72200 -39.25600 -7.79200 -6.26600 -15.49300 -14.22100 -3.77400 -9.70500 -8.54500 -3.05200 -4.34400
141.00000 -12.31900 -5.38100 -29.32700 -10.46800 -7.79200 0.23400 -38.76700 -7.79200 -7.73100 -13.54000 -15.19800 -4.26200 -9.70500 -9.03300 -5.00500 -5.32000
142.00000 -13.78400 -6.84600 -28.83900 -11.44400 -9.25700 -1.71900 -37.79100 -7.79200 -9.19600 -11.58700 -14.70900 -4.26200 -9.70500 -7.56800 -5.00500 -4.83200
143.00000 -14.27200 -7.82300 -28.35100 -11.93200 -10.23400 -4.16100 -35.83800 -6.81600 -9.19600 -10.61000 -12.75600 -3.77400 -7.75100 -5.61500 -3.05200 -3.36700
144.00000 -14.76000 -8.31100 -27.86300 -11.44400 -10.23400 -5.13700 -33.88500 -5.83900 -8.70800 -10.61000 -10.80300 -1.82100 -6.28700 -3.17400 -1.09900 -0.92600
145.00000 -14.27200 -7.82300 -27.37400 -10.95600 -9.74500 -3.67200 -32.42000 -5.35100 -7.73100 -11.09800 -8.36200 -0.35600 -4.82200 -1.70900 0.36600 1.51600
146.00000 -14.27200 -6.84600 -26.39800 -10.46800 -8.76900 -1.23100 -32.42000 -4.86200 -6.26600 -11.09800 -7.87400 0.62100 -3.35700 -0.73200 0.85400 2.98100
147.00000 -14.27200 -6.84600 -25.90900 -10.46800 -8.28000 -0.25400 -33.88500 -5.35100 -5.29000 -10.12200 -8.85000 0.13200 -2.38000 0.24400 1.34300 3.46900
148.00000 -14.76000 -7.82300 -26.39800 -11.44400 -8.28000 -0.74300 -36.32600 -6.81600 -4.31300 -8.65700 -11.29200 -0.84400 -0.91600 1.70900 1.34300 4.44500
149.00000 -15.73700 -8.31100 -27.37400 -12.42100 -8.76900 -1.23100 -39.25600 -8.28000 -3.33700 -6.70400 -13.73300 -1.82100 0.54900 4.15000 1.83100 5.91000
150.00000 -16.22500 -8.79900 -27.37400 -13.39700 -9.25700 -0.74300 -40.72100 -9.25700 -3.33700 -3.77400 -14.22100 -2.30900 2.50200 7.08000 3.29600 7.86300
151.00000 -15.73700 -8.31100 -26.88600 -13.39700 -9.25700 2.67500 -40.23200 -8.76900 -3.82500 -0.35600 -12.26800 -1.33300 3.96700 9.03300 5.24900 9.81600
152.00000 -16.22500 -7.33400 -25.90900 -12.90900 -8.76900 6.58200 -38.27900 -7.79200 -4.80100 2.08500 -9.33800 0.13200 3.96700 9.03300 6.22600 10.79300
153.00000 -16.71300 -7.82300 -24.93300 -12.42100 -8.76900 8.04600 -36.81400 -6.81600 -5.29000 1.59700 -6.89700 1.10900 2.50200 6.59200 6.22600 9.81600
154.00000 -17.69000 -9.77600 -25.42100 -11.93200 -9.25700 6.58200 -37.30300 -6.81600 -4.80100 -2.30900 -6.89700 1.10900 0.06100 3.17400 4.27200 6.39900
155.00000 -19.64300 -12.70500 -26.88600 -12.42100 -9.74500 2.18700 -40.23200 -7.30400 -4.31300 -8.16900 -9.33800 0.13200 -2.38000 -0.73200 1.34300 2.00400
156.00000 -21.10800 -15.63500 -28.83900 -13.88500 -11.21000 -3.18400 -44.13900 -8.76900 -4.80100 -14.02800 -12.75600 -1.33300 -4.33300 -4.15000 -1.09900 -1.90200
157.00000 -22.57300 -17.58800 -29.81600 -15.35000 -12.67500 -7.09000 -47.06800 -9.25700 -6.26600 -17.93400 -14.22100 -1.33300 -5.79800 -6.10400 -2.07500 -3.85500
158.00000 -23.54900 -18.56500 -29.32700 -16.81500 -14.62800 -8.55500 -47.55700 -8.76900 -8.70800 -17.93400 -12.75600 0.13200 -5.79800 -6.59200 -0.61000 -2.87900
159.00000 -23.54900 -18.07700 -27.37400 -16.32700 -15.11600 -8.06700 -44.62700 -7.30400 -11.63700 -16.95800 -9.33800 3.06200 -5.31000 -7.08000 1.34300 -0.92600
160.00000 -22.57300 -16.61200 -25.42100 -15.35000 -15.11600 -6.60200 -40.72100 -5.83900 -12.61400 -15.49300 -5.43200 5.01500 -4.33300 -7.08000 3.29600 1.51600
161.00000 -21.10800 -15.14700 -23.46800 -13.88500 -13.65200 -4.64900 -37.30300 -4.37400 -11.14900 -15.49300 -2.99100 5.99200 -3.35700 -5.61500 4.27200 2.49200
162.00000 -19.64300 -13.19400 -22.00300 -12.42100 -11.69800 -1.71900 -35.35000 -3.88600 -9.19600 -15.49300 -3.47900 5.50300 -1.89200 -4.15000 4.27200 2.49200
163.00000 -19.15500 -11.72900 -21.02700 -11.44400 -10.23400 1.21100 -34.37300 -3.39800 -6.75500 -15.49300 -5.43200 3.55000 -1.40400 -2.19700 3.29600 2.00400
164.00000 -19.15500 -11.24100 -20.05000 -11.44400 -10.23400 2.67500 -34.86100 -3.88600 -6.75500 -14.51600 -6.89700 2.08500 -1.40400 -0.73200 3.29600 2.00400
165.00000 -19.64300 -12.21700 -19.56200 -12.42100 -11.21000 1.69900 -35.35000 -4.37400 -8.21900 -13.05100 -7.38500 1.59700 -2.38000 -0.73200 3.78400 2.49200
166.00000 -20.62000 -13.68200 -19.07300 -13.39700 -13.16300 -0.25400 -34.37300 -4.37400 -10.66100 -13.05100 -6.40900 1.59700 -3.84500 -1.70900 4.76100 2.49200
167.00000 -20.13100 -13.68200 -17.60900 -13.88500 -14.14000 -1.71900 -32.42000 -4.37400 -11.63700 -15.00400 -4.45600 2.08500 -5.79800 -4.15000 5.24900 2.00400
168.00000 -18.17800 -12.70500 -14.67900 -13.39700 -13.65200 -2.20700 -29.49000 -3.88600 -11.63700 -17.93400 -2.99100 2.57400 -6.28700 -6.10400 5.24900 1.02700
169.00000 -15.24900 -10.26400 -11.26100 -11.44400 -12.18700 -0.25400 -26.56000 -3.39800 -11.14900 -20.86400 -2.01400 3.06200 -6.28700 -7.56800 4.76100 0.05100
170.00000 -12.31900 -7.82300 -6.86600 -9.00300 -10.72200 2.18700 -25.09600 -2.42100 -9.68400 -20.86400 -1.52600 3.06200 -4.82200 -7.08000 4.76100 0.05100
171.00000 -11.34200 -6.84600 -4.91300 -7.53800 -10.23400 4.14000 -25.09600 -1.93300 -9.19600 -18.91100 -2.50200 3.06200 -3.35700 -5.12700 4.76100 1.51600
172.00000 -12.31900 -8.31100 -5.89000 -7.53800 -10.72200 4.14000 -27.04900 -2.42100 -8.21900 -15.98100 -3.47900 3.06200 -1.89200 -1.70900 5.24900 3.46900
173.00000 -15.24900 -11.24100 -9.79600 -9.49100 -11.21000 3.65200 -30.46700 -4.37400 -7.24300 -13.54000 -5.43200 1.10900 -1.40400 1.22100 4.76100 4.93400
174.00000 -17.20200 -12.70500 -14.19100 -11.44400 -11.21000 3.16400 -34.37300 -6.81600 -6.26600 -12.07500 -7.87400 -0.84400 -1.89200 2.19700 2.80800 4.44500
175.00000 -17.20200 -12.21700 -16.63200 -12.90900 -10.23400 4.62800 -37.79100 -8.76900 -5.77800 -11.58700 -10.80300 -3.28600 -2.86900 1.70900 0.36600 2.49200
176.00000 -15.73700 -9.77600 -15.16700 -12.42100 -7.79200 8.04600 -39.25600 -9.25700 -4.80100 -10.12200 -12.26800 -4.75100 -3.35700 0.73200 -2.07500 0.05100
177.00000 -12.80700 -7.33400 -11.26100 -10.46800 -6.32700 11.95300 -39.25600 -8.28000 -4.80100 -8.16900 -12.26800 -4.75100 -3.35700 1.22100 -2.56300 -0.92600
178.00000 -11.83100 -5.87000 -7.35500 -8.51400 -5.83900 15.37100 -37.30300 -5.83900 -4.80100 -5.72700 -10.31500 -2.30900 -1.89200 3.66200 -0.61000 0.53900
179.00000 -12.80700 -7.33400 -5.40200 -8.51400 -7.30400 17.81200 -34.37300 -3.88600 -3.82500 -3.28600 -5.92000 1.10900 1.03800 8.54500 2.31900 4.44500
180.00000 -15.73700 -9.28800 -7.35500 -9.97900 -9.25700 17.81200 -32.90800 -3.39800 -2.84800 -1.33300 -1.52600 4.03800 3.47900 13.42800 6.22600 8.84000
181.00000 -18.66700 -11.24100 -11.26100 -12.90900 -10.23400 17.81200 -33.88500 -3.88600 -1.38300 0.62100 0.91600 5.01500 5.92000 14.89300 8.66700 11.28100
182.00000 -21.10800 -12.21700 -15.65600 -15.83900 -9.74500 17.32400 -36.32600 -6.32700 -0.40700 1.59700 0.42700 4.03800 6.40900 13.42800 8.17900 11.77000
183.00000 -21.59600 -12.21700 -17.12000 -17.79200 -7.79200 17.32400 -39.25600 -8.28000 0.08100 1.59700 -2.50200 2.08500 5.43200 9.03300 5.73700 8.84000
184.00000 -21.59600 -12.21700 -16.63200 -17.79200 -7.30400 17.32400 -41.69700 -9.74500 0.08100 0.13200 -5.92000 0.62100 3.47900 4.63900 2.31900 4.93400
185.00000 -21.59600 -13.19400 -14.67900 -17.30300 -7.79200 16.83600 -42.18500 -10.23400 -0.89500 -2.79700 -8.36200 -0.35600 1.52600 2.19700 -0.12200 2.00400
186.00000 -22.08500 -14.17000 -12.72600 -16.32700 -9.25700 15.37100 -41.69700 -8.76900 -3.33700 -5.23900 -9.33800 -0.35600 -0.42700 2.19700 -1.09900 0.53900
187.00000 -22.57300 -15.14700 -12.23800 -15.35000 -11.69800 13.90600 -40.23200 -7.30400 -5.77800 -7.19200 -8.36200 0.13200 -1.40400 3.17400 -0.61000 0.05100
188.00000 -22.57300 -15.63500 -11.26100 -14.86200 -12.67500 12.44100 -39.25600 -5.83900 -7.24300 -6.70400 -7.87400 0.13200 -1.40400 3.66200 0.36600 1.02700
189.00000 -22.57300 -15.63500 -10.28400 -14.86200 -12.67500 12.44100 -38.27900 -5.35100 -7.73100 -5.23900 -8.85000 -0.35600 -1.40400 3.17400 0.36600 2.00400
190.00000 -22.57300 -15.14700 -8.82000 -15.83900 -11.69800 13.41800 -37.30300 -5.35100 -7.24300 -3.77400 -10.80300 -1.33300 -0.42700 3.17400 0.36600 2.98100
191.00000 -22.57300 -15.14700 -8.33100 -16.32700 -11.21000 15.37100 -37.30300 -6.32700 -5.77800 -3.28600 -12.75600 -1.82100 0.54900 4.15000 -0.12200 4.44500
192.00000 -22.57300 -15.14700 -8.82000 -17.30300 -11.69800 16.34700 -37.30300 -6.81600 -5.29000 -4.26200 -13.73300 -2.30900 2.01400 6.10400 0.36600 4.93400
193.00000 -22.08500 -15.14700 -9.30800 -16.81500 -12.67500 16.83600 -38.27900 -7.79200 -5.77800 -5.23900 -14.22100 -2.79700 2.01400 7.56800 0.36600 5.42200
194.00000 -21.10800 -14.17000 -9.30800 -15.83900 -13.16300 15.37100 -39.25600 -8.28000 -7.24300 -6.21500 -15.19800 -3.28600 1.03800 7.08000 -1.09900 3.95700
195.00000 -19.64300 -12.70500 -7.84300 -13.39700 -12.18700 13.90600 -40.72100 -8.76900 -8.70800 -7.19200 -16.17400 -4.75100 -1.40400 4.15000 -3.54000 1.02700
196.00000 -17.20200 -10.75200 -4.91300 -11.44400 -10.23400 12.92900 -41.20900 -9.25700 -8.70800 -8.16900 -18.12700 -7.68000 -3.84500 0.73200 -6.95800 -2.39100
197.00000 -14.76000 -8.79900 -1.00700 -9.97900 -8.28000 13.41800 -40.23200 -9.25700 -8.21900 -9.63300 -19.59200 -9.63300 -5.31000 -1.70900 -8.91100 -3.85500
198.00000 -13.29500 -7.82300 1.92300 -9.49100 -7.79200 14.88200 -38.27900 -9.25700 -7.73100 -11.58700 -19.10400 -10.12200 -5.31000 -1.70900 -8.91100 -3.36700
199.00000 -13.78400 -8.31100 2.41100 -9.97900 -8.76900 15.37100 -36.81400 -8.76900 -8.21900 -13.05100 -17.15100 -9.14500 -4.82200 -0.24400 -6.95800 -1.90200
200.00000 -15.73700 -10.26400 0.94600 -10.95600 -11.21000 13.90600 -37.30300 -7.79200 -9.68400 -15.49300 -15.19800 -7.68000 -5.31000 0.73200 -4.51700 -0.92600
201.00000 -18.17800 -13.19400 -1.98400 -12.90900 -13.65200 10.48800 -38.76700 -7.79200 -11.14900 -17.93400 -14.70900 -6.70400 -6.28700 -0.73200 -4.02800 -1.41400
202.00000 -20.13100 -16.12300 -4.42500 -13.88500 -15.11600 6.58200 -41.20900 -8.28000 -12.61400 -20.86400 -15.68600 -7.19200 -8.24000 -3.17400 -5.00500 -3.36700
203.00000 -21.10800 -17.58800 -5.89000 -14.37400 -15.60500 3.65200 -42.67400 -9.25700 -12.61400 -23.30500 -17.63900 -8.16900 -9.70500 -6.10400 -6.95800 -5.32000
204.00000 -21.10800 -18.07700 -5.89000 -14.86200 -15.11600 4.14000 -43.65000 -10.23400 -12.61400 -23.30500 -18.61600 -8.65700 -9.70500 -7.08000 -7.44600 -5.80900
205.00000 -21.10800 -18.07700 -5.40200 -14.37400 -14.14000 7.07000 -43.16200 -10.23400 -11.63700 -20.86400 -16.66300 -7.68000 -8.72800 -5.61500 -5.98100 -4.83200
206.00000 -21.59600 -17.10000 -4.91300 -14.37400 -14.14000 10.97600 -42.67400 -8.76900 -10.66100 -16.46900 -12.75600 -5.23900 -6.77500 -2.19700 -2.56300 -1.41400
207.00000 -22.57300 -16.12300 -3.93700 -13.88500 -13.65200 14.88200 -41.69700 -6.32700 -9.19600 -10.61000 -7.87400 -1.33300 -4.82200 1.70900 1.83100 2.00400
208.00000 -22.57300 -15.14700 -2.96000 -13.88500 -13.16300 16.34700 -40.23200 -4.37400 -7.73100 -5.23900 -4.45600 2.57400 -3.35700 5.12700 5.24900 4.44500
209.00000 -21.59600 -14.17000 -1.49500 -13.88500 -12.67500 17.32400 -38.76700 -2.90900 -6.75500 -1.82100 -2.50200 5.50300 -2.38000 7.08000 7.69000 6.39900
210.00000 -20.62000 -13.19400 -0.51900 -13.88500 -12.67500 17.32400 -38.27900 -2.42100 -6.26600 -1.82100 -2.50200 6.96800 -1.89200 7.56800 8.17900 6.88700
211.00000 -19.64300 -12.70500 -0.51900 -14.37400 -12.67500 18.30000 -38.27900 -2.90900 -6.75500 -3.28600 -3.96700 6.96800 -1.89200 6.59200 7.69000 6.39900
212.00000 -20.13100 -12.21700 -1.98400 -14.86200 -13.16300 18.78900 -39.74400 -4.86200 -7.73100 -6.21500 -6.40900 5.01500 -1.40400 5.12700 5.73700 4.93400
213.00000 -21.10800 -12.70500 -4.42500 -15.35000 -13.16300 19.76500 -41.20900 -6.32700 -7.73100 -7.19200 -7.87400 3.06200 -0.91600 4.63900 3.78400 4.44500
214.00000 -22.08500 -12.70500 -5.40200 -15.83900 -12.67500 20.74200 -41.69700 -7.30400 -6.75500 -6.21500 -8.85000 1.59700 1.03800 6.10400 3.29600 5.42200
215.00000 -21.59600 -12.21700 -4.91300 -16.32700 -12.18700 22.20700 -40.23200 -7.30400 -5.29000 -2.79700 -8.36200 1.59700 4.45600 9.52100 4.27200 7.86300
216.00000 -20.62000 -11.24100 -2.96000 -15.83900 -11.69800 23.18300 -37.79100 -6.81600 -3.33700 0.62100 -6.89700 2.57400 8.36200 13.42800 6.71400 11.77000
217.00000 -18.66700 -10.26400 -0.03100 -15.35000 -11.21000 24.64800 -35.35000 -5.83900 -2.36000 2.57400 -5.43200 4.03800 11.29200 16.35700 9.15500 13.72300
218.00000 -17.20200 -9.77600 2.89900 -13.88500 -11.21000 25.13600 -33.88500 -4.37400 -2.84800 2.57400 -5.43200 4.52700 11.78000 15.86900 9.64400 13.72300
219.00000 -16.22500 -9.28800 5.34100 -12.42100 -11.21000 25.13600 -34.37300 -3.39800 -3.82500 -0.35600 -6.89700 4.03800 9.33800 12.93900 7.69000 10.79300
220.00000 -15.24900 -9.28800 7.29400 -10.46800 -11.21000 24.16000 -34.86100 -3.39800 -5.29000 -3.77400 -9.33800 2.08500 5.92000 8.54500 4.27200 6.88700
221.00000 -15.24900 -9.77600 8.75900 -9.97900 -11.69800 23.18300 -34.86100 -3.39800 -5.77800 -7.19200 -10.31500 0.62100 2.01400 4.63900 1.34300 3.46900
222.00000 -14.76000 -9.77600 9.73500 -9.97900 -12.18700 22.69500 -34.37300 -4.37400 -6.26600 -8.65700 -9.82700 0.62100 0.06100 2.68600 0.85400 2.49200
223.00000 -15.24900 -9.77600 9.73500 -10.95600 -12.67500 23.18300 -33.39600 -5.35100 -6.26600 -9.14500 -8.36200 0.62100 -0.91600 2.19700 2.31900 3.46900
224.00000 -14.76000 -9.28800 8.75900 -11.93200 -12.18700 24.64800 -32.90800 -7.30400 -5.77800 -8.16900 -6.40900 0.62100 -0.42700 2.68600 4.76100 5.42200
225.00000 -14.76000 -8.31100 8.27000 -12.42100 -11.69800 25.62500 -33.88500 -8.28000 -5.29000 -6.70400 -5.43200 -0.35600 0.54900 4.15000 6.22600 6.88700
226.00000 -14.76000 -7.82300 8.75900 -12.42100 -10.72200 26.60100 -35.35000 -8.28000 -4.80100 -5.23900 -5.92000 -1.33300 1.52600 5.61500 6.22600 8.35200
227.00000 -14.27200 -7.82300 10.71200 -11.93200 -10.23400 26.11300 -36.32600 -7.79200 -4.80100 -4.75100 -6.40900 -2.30900 2.01400 7.08000 5.73700 8.84000
228.00000 -14.27200 -8.79900 12.17700 -11.44400 -11.21000 25.62500 -36.32600 -6.32700 -5.29000 -4.75100 -6.40900 -1.82100 1.52600 8.05700 5.24900 9.32800
229.00000 -14.76000 -9.77600 12.66500 -11.93200 -12.67500 25.13600 -36.32600 -5.35100 -6.75500 -6.21500 -6.40900 -1.33300 0.06100 7.08000 4.76100 8.35200
230.00000 -15.24900 -10.26400 11.68800 -12.90900 -14.14000 25.13600 -36.32600 -4.86200 -7.73100 -8.65700 -6.89700 -0.84400 -1.40400 5.12700 4.27200 6.88700
231.00000 -15.73700 -9.77600 9.24700 -13.39700 -15.11600 25.62500 -37.79100 -5.35100 -8.21900 -10.61000 -8.36200 -1.33300 -3.35700 2.19700 3.29600 3.95700
232.00000 -15.73700 -9.28800 7.29400 -13.39700 -14.14000 25.62500 -39.74400 -6.81600 -8.21900 -12.07500 -9.82700 -2.79700 -4.82200 0.24400 1.83100 1.51600
233.00000 -15.73700 -9.28800 6.80500 -13.39700 -13.16300 25.62500 -41.20900 -8.28000 -7.24300 -12.07500 -10.31500 -4.26200 -5.31000 -0.24400 0.85400 0.05100
234.00000 -16.71300 -9.77600 7.29400 -12.90900 -12.67500 25.13600 -41.69700 -9.25700 -6.26600 -11.09800 -9.33800 -4.75100 -5.79800 1.22100 1.83100 0.53900
235.00000 -17.69000 -11.24100 8.75900 -13.39700 -13.16300 25.13600 -40.72100 -9.25700 -6.26600 -9.14500 -6.89700 -4.26200 -6.28700 1.70900 3.29600 1.51600
236.00000 -19.15500 -13.19400 9.73500 -14.86200 -14.62800 24.64800 -39.74400 -9.25700 -6.75500 -8.16900 -4.45600 -3.28600 -6.28700 1.22100 5.24900 2.00400
237.00000 -20.62000 -15.14700 9.73500 -15.83900 -16.09300 24.64800 -39.25600 -9.25700 -7.24300 -8.65700 -4.45600 -2.79700 -7.26300 -1.22100 5.73700 2.00400
238.00000 -21.10800 -16.61200 8.27000 -16.32700 -16.58100 24.64800 -39.74400 -8.76900 -7.73100 -9.63300 -5.92000 -2.79700 -6.77500 -3.66200 4.76100 1.02700
239.00000 -21.10800 -16.61200 7.29400 -16.32700 -15.60500 25.13600 -40.72100 -7.79200 -7.73100 -10.12200 -7.87400 -3.28600 -5.31000 -3.17400 4.27200 1.51600
240.00000 -21.10800 -15.63500 7.78200 -15.35000 -14.14000 26.11300 -40.23200 -7.79200 -6.75500 -9.14500 -8.85000 -3.28600 -1.89200 0.24400 4.27200 3.95700
241.00000 -20.62000 -14.17000 9.24700 -14.37400 -12.18700 28.55400 -38.76700 -7.30400 -5.29000 -6.21500 -7.87400 -2.79700 2.99100 6.10400 6.22600 7.86300
242.00000 -20.13100 -12.70500 12.17700 -13.39700 -11.21000 31.97200 -35.83800 -7.30400 -3.82500 -2.79700 -5.92000 -1.82100 6.89700 11.96300 8.66700 12.74600
243.00000 -19.15500 -10.75200 14.61800 -12.90900 -10.72200 34.41400 -32.90800 -6.81600 -2.36000 -0.84400 -4.45600 -0.84400 9.33800 15.38100 10.13200 15.67600
244.00000 -18.17800 -10.26400 15.59400 -12.42100 -10.72200 35.87800 -31.44300 -6.32700 -1.38300 -0.84400 -3.96700 -0.35600 9.82700 15.86900 10.13200 15.67600
245.00000 -17.69000 -10.26400 15.59400 -12.42100 -10.23400 36.85500 -31.44300 -5.83900 -1.38300 -2.30900 -5.43200 -0.35600 8.85000 14.40400 8.66700 13.23400
246.00000 -18.17800 -10.75200 15.59400 -12.42100 -10.23400 35.87800 -32.42000 -5.83900 -1.87200 -3.77400 -7.38500 -0.84400 6.89700 12.93900 6.22600 10.30500
247.00000 -18.66700 -11.24100 15.59400 -12.90900 -9.25700 35.87800 -34.37300 -6.32700 -2.36000 -4.26200 -8.85000 -1.82100 4.94400 11.96300 4.76100 8.35200
248.00000 -18.66700 -10.26400 16.08300 -13.39700 -8.76900 36.85500 -35.35000 -6.81600 -3.33700 -3.77400 -9.82700 -2.79700 3.96700 11.96300 3.78400 7.86300
249.00000 -17.20200 -8.79900 17.05900 -13.39700 -8.76900 37.34300 -35.35000 -7.79200 -3.33700 -2.79700 -9.33800 -3.77400 3.47900 11.47500 3.78400 7.86300
250.00000 -15.73700 -7.33400 18.03600 -12.90900 -8.76900 38.32000 -34.86100 -8.28000 -3.82500 -2.30900 -8.85000 -4.75100 2.99100 10.01000 4.27200 8.35200
251.00000 -14.76000 -6.35800 19.01200 -12.90900 -9.25700 37.83200 -34.86100 -7.79200 -3.82500 -2.79700 -8.85000 -4.75100 2.99100 8.54500 4.27200 8.35200
252.00000 -14.76000 -6.84600 19.50100 -12.42100 -9.74500 36.85500 -33.88500 -6.81600 -4.31300 -4.26200 -8.85000 -4.26200 2.99100 7.08000 3.78400 8.84000
253.00000 -16.22500 -8.31100 19.98900 -12.42100 -10.23400 35.39000 -33.88500 -5.83900 -4.80100 -5.72700 -8.85000 -3.77400 2.50200 6.59200 3.29600 8.35200
254.00000 -17.20200 -9.77600 20.47700 -12.42100 -10.23400 34.90200 -34.37300 -5.83900 -5.77800 -7.19200 -9.33800 -3.77400 1.52600 5.12700 2.80800 7.86300
255.00000 -17.69000 -10.75200 19.98900 -12.42100 -10.72200 34.41400 -36.32600 -6.32700 -6.75500 -9.14500 -10.80300 -5.23900 -0.91600 3.17400 0.85400 5.91000
256.00000 -18.17800 -12.21700 18.03600 -13.39700 -11.69800 33.43700 -39.74400 -8.76900 -7.73100 -11.58700 -13.73300 -8.65700 -4.33300 -0.73200 -1.58700 2.49200
