1.00000 -3.95700 -1.81100 -12.14600 -4.95400 1.16000 -1.93300 -13.07200 -5.37100 -0.04100 -4.30300 -5.07600 -1.72900 -3.30600 -10.66100 -4.61800 -8.04600
2.00000 -6.39900 -2.78700 -15.07600 -6.90700 0.67100 -1.93300 -17.95500 -6.34800 -0.04100 -3.81500 -6.05300 -1.72900 -3.79400 -11.14900 -3.64200 -7.55800
3.00000 -7.86300 -3.76400 -17.02900 -8.86000 0.18300 -2.42100 -19.90800 -7.32400 -0.52900 -3.81500 -6.05300 -1.72900 -4.28300 -11.14900 -2.66500 -7.07000
4.00000 -8.84000 -5.22900 -17.51700 -9.83700 -1.28200 -2.90900 -19.41900 -7.81200 -0.52900 -3.81500 -5.07600 -1.72900 -3.79400 -10.17300 -1.20000 -5.60500
5.00000 -9.32800 -6.69400 -16.54100 -10.32500 -2.25800 -4.37400 -16.97800 -7.81200 -0.52900 -4.30300 -3.61100 -1.72900 -2.33000 -8.21900 0.26400 -4.14000
6.00000 -8.35200 -7.18200 -14.09900 -9.34900 -3.23500 -5.35100 -14.04800 -7.32400 -0.04100 -3.81500 -2.14600 -1.24100 0.11200 -5.77800 1.72900 -1.69900
7.00000 -6.39900 -6.20500 -10.68100 -8.37200 -3.72300 -5.35100 -10.63000 -6.34800 0.44800 -2.83800 -0.68200 -0.26400 2.55300 -2.84800 4.17100 1.23100
8.00000 -4.44500 -3.76400 -6.28700 -6.41900 -3.23500 -3.88600 -7.70100 -4.88300 1.42400 -0.88500 0.29500 1.20000 4.50600 0.08100 6.61200 3.67200
9.00000 -1.02700 -1.32200 -1.89200 -3.48900 -1.77000 -1.44400 -5.25900 -3.41800 2.40100 0.58000 1.27200 2.66500 5.48300 2.52300 8.56500 6.11400
10.00000 1.41400 1.11900 1.03800 -1.53600 0.18300 0.50900 -3.30600 -2.44100 2.88900 1.06800 1.27200 2.17700 5.48300 3.98800 9.05400 7.09000
11.00000 2.87900 1.60700 2.01400 0.41700 1.64800 0.99700 -2.33000 -1.95300 2.88900 1.06800 0.78300 1.20000 4.50600 4.47600 7.58900 6.60200
12.00000 3.36700 1.11900 2.01400 1.39400 1.64800 0.02000 -1.84100 -1.95300 2.88900 1.06800 -0.68200 -0.26400 3.53000 4.47600 5.63600 6.11400
13.00000 3.36700 0.63100 2.50200 1.39400 1.16000 -1.44400 -1.84100 -1.95300 2.40100 1.06800 -2.14600 -1.72900 4.01800 4.96400 3.68200 5.13700
14.00000 2.87900 0.63100 3.47900 1.39400 0.18300 -1.93300 -1.35300 -1.46500 2.40100 1.55600 -2.63500 -2.21800 4.01800 4.96400 3.19400 4.16100
15.00000 3.36700 1.60700 4.94400 1.88200 -0.30500 -1.93300 0.11200 0.00000 1.91200 2.04500 -2.63500 -1.24100 4.50600 5.45200 3.68200 4.16100
16.00000 3.36700 2.58400 6.40900 2.37000 -0.30500 -1.44400 1.57700 1.46500 1.42400 2.53300 -2.14600 -0.26400 4.01800 4.96400 4.17100 4.16100
17.00000 3.85500 2.58400 6.89700 3.34700 -0.30500 -1.44400 3.04200 2.93000 0.93600 1.55600 -1.65800 0.71200 2.55300 3.98800 4.65900 3.18400
18.00000 4.34400 2.09600 7.38500 4.32300 -0.30500 -1.93300 4.01800 3.90600 -0.04100 1.06800 -0.68200 1.20000 1.57700 2.03500 4.17100 2.20700
19.00000 4.83200 1.11900 7.38500 5.78800 -0.30500 -2.42100 5.48300 4.88300 -0.52900 0.58000 0.78300 1.20000 0.60000 0.57000 3.19400 1.23100
20.00000 5.80900 1.11900 7.87400 6.27600 -0.30500 -2.42100 6.46000 5.37100 -0.52900 1.06800 2.73600 1.68900 0.60000 0.08100 3.19400 1.23100
21.00000 6.29700 1.11900 8.36200 6.76500 -0.79300 -2.42100 8.41300 5.37100 -1.01700 0.58000 4.69000 2.17700 1.08800 0.57000 4.17100 1.23100
22.00000 5.32000 0.63100 8.85000 6.27600 -1.77000 -2.90900 9.38900 5.85900 -1.50600 -0.88500 7.13100 3.15300 1.08800 1.05800 4.65900 1.23100
23.00000 3.85500 -0.34600 8.85000 4.81200 -3.23500 -4.37400 9.87800 5.37100 -2.48200 -3.32600 8.59600 4.13000 0.60000 0.57000 5.63600 1.23100
24.00000 1.90200 -1.81100 7.87400 2.85800 -4.21100 -5.83900 9.38900 4.88300 -2.48200 -5.76800 9.08400 4.13000 -0.37600 -0.40700 6.12400 0.25400
25.00000 1.41400 -2.78700 6.40900 1.39400 -4.70000 -6.32700 7.92400 3.90600 -2.48200 -6.74400 8.59600 3.15300 -0.37600 -1.87200 6.61200 0.25400
26.00000 1.90200 -1.81100 5.43200 0.90500 -3.23500 -4.86200 5.48300 2.44100 -1.01700 -5.76800 8.10800 2.66500 0.60000 -1.87200 7.10000 1.71900
27.00000 2.39100 -0.34600 3.96700 0.41700 -1.77000 -2.90900 2.55300 0.97700 0.44800 -3.81500 7.61900 2.17700 2.06500 -0.89500 8.56500 3.67200
28.00000 2.39100 0.63100 2.01400 -0.07100 -0.79300 -1.44400 0.11200 -0.48800 0.93600 -1.86200 7.61900 1.68900 3.04200 0.57000 10.51800 6.60200
29.00000 0.92600 0.14200 -0.42700 -0.55900 -0.79300 -1.93300 -2.33000 -1.46500 0.93600 -1.37300 8.10800 2.17700 4.01800 2.03500 12.96000 8.55500
30.00000 -0.53900 -1.81100 -1.89200 -2.02400 -1.77000 -2.90900 -3.79400 -1.95300 -0.04100 -2.35000 9.57200 2.66500 4.01800 3.98800 15.40100 9.53200
31.00000 -2.00400 -3.76400 -2.38000 -3.00100 -3.23500 -4.86200 -4.77100 -2.44100 -1.01700 -3.81500 11.03700 3.64200 3.53000 4.96400 16.86600 10.99700
32.00000 -2.00400 -4.74000 -1.89200 -3.48900 -4.70000 -5.83900 -3.79400 -1.95300 -1.50600 -4.30300 13.47900 5.10700 3.53000 5.94100 18.33100 11.97300
33.00000 -2.49200 -4.74000 -1.40400 -3.97700 -5.18800 -6.81600 -2.33000 -0.97700 -1.50600 -3.32600 15.43200 6.57100 4.01800 6.91700 19.79600 13.43800
34.00000 -3.46900 -4.74000 -1.40400 -4.46600 -5.18800 -6.81600 -0.37600 -0.48800 -0.52900 -2.35000 16.40800 8.03600 4.50600 7.40600 20.77200 14.90300
35.00000 -4.93400 -5.71700 -2.38000 -4.46600 -5.18800 -6.81600 1.08800 0.48800 -0.04100 -1.86200 15.43200 8.52500 4.99500 7.89400 20.77200 15.39100
36.00000 -6.39900 -7.18200 -2.86900 -4.46600 -5.18800 -6.81600 1.57700 0.48800 0.93600 -1.86200 12.99000 8.03600 5.48300 7.40600 19.30700 13.92600
37.00000 -6.39900 -7.67000 -2.38000 -4.46600 -5.18800 -6.32700 0.60000 0.48800 1.42400 -2.35000 10.06100 7.06000 5.97100 6.91700 16.37800 11.97300
38.00000 -4.93400 -6.69400 -0.42700 -3.00100 -4.70000 -4.86200 0.60000 0.00000 2.40100 -1.86200 7.13100 5.10700 6.94800 6.91700 14.42500 10.50800
39.00000 -2.00400 -4.25200 2.50200 -1.04800 -3.72300 -2.90900 1.57700 0.00000 2.88900 0.09200 6.64300 4.61800 7.92400 7.40600 13.93600 10.50800
40.00000 0.92600 -1.81100 5.43200 0.41700 -3.23500 -1.44400 4.01800 0.97700 3.37700 2.53300 7.61900 4.61800 8.41300 8.38200 14.91300 11.97300
41.00000 2.87900 -0.34600 6.89700 1.39400 -2.25800 -0.95600 6.46000 2.44100 3.37700 3.99800 10.06100 5.59500 8.90100 9.84700 16.86600 13.43800
42.00000 2.87900 0.14200 6.40900 0.90500 -2.25800 -0.95600 8.41300 3.41800 2.88900 4.48600 12.01400 6.08300 8.41300 9.84700 17.35400 13.92600
43.00000 2.39100 -0.34600 5.43200 0.41700 -1.77000 -1.44400 7.92400 3.90600 2.40100 3.99800 12.01400 6.08300 6.94800 8.87000 15.88900 12.46100
44.00000 0.92600 -0.83400 4.45600 -0.07100 -1.77000 -1.93300 6.46000 4.39500 0.93600 2.04500 10.06100 5.10700 4.50600 5.94100 12.47200 9.53200
45.00000 0.43700 -0.83400 4.45600 -0.07100 -1.28200 -1.93300 5.48300 3.90600 -0.04100 -0.39700 7.61900 3.64200 2.55300 2.52300 9.05400 6.11400
46.00000 0.92600 0.14200 5.43200 0.41700 -1.28200 -1.93300 4.99500 3.41800 -0.52900 -1.86200 5.17800 2.17700 1.08800 -0.40700 6.61200 3.18400
47.00000 1.90200 0.63100 6.40900 0.90500 -1.28200 -1.93300 5.48300 3.41800 -0.52900 -2.83800 4.69000 2.17700 0.60000 -1.87200 6.12400 2.20700
48.00000 2.39100 0.63100 7.38500 0.41700 -2.25800 -1.44400 5.97100 2.93000 -0.04100 -2.35000 5.66600 3.15300 0.60000 -1.87200 7.10000 2.69600
49.00000 1.41400 -0.83400 5.92000 -1.53600 -3.72300 -1.44400 5.97100 2.44100 0.44800 -0.88500 6.64300 4.61800 1.57700 -0.89500 8.07700 4.16100
50.00000 -1.02700 -2.78700 2.99100 -3.48900 -4.70000 -2.42100 4.50600 1.95300 0.44800 0.58000 6.64300 5.10700 2.06500 -0.40700 8.07700 5.13700
51.00000 -3.46900 -5.22900 -0.91600 -5.93100 -6.16500 -3.88600 2.55300 0.48800 -0.04100 0.09200 5.17800 5.10700 1.57700 -1.38300 7.10000 4.64900
52.00000 -5.42200 -6.69400 -4.33300 -7.39500 -6.16500 -4.86200 0.11200 -0.97700 -1.01700 -1.37300 2.73600 3.15300 0.11200 -3.82500 4.65900 2.20700
53.00000 -5.42200 -6.69400 -5.79800 -6.90700 -4.70000 -5.35100 -1.84100 -1.95300 -1.99400 -4.30300 -0.68200 0.22400 -2.33000 -6.26600 2.21800 -1.69900
54.00000 -2.98100 -4.25200 -4.82200 -4.95400 -3.23500 -5.35100 -2.81800 -2.93000 -2.48200 -6.25600 -3.61100 -2.70600 -4.77100 -8.70800 -0.22400 -4.62800
55.00000 -0.05100 -1.32200 -2.38000 -3.00100 -1.28200 -4.37400 -3.30600 -3.41800 -2.48200 -5.76800 -6.05300 -5.14700 -5.25900 -8.70800 -1.68900 -5.60500
56.00000 2.87900 0.63100 0.06100 -1.04800 0.18300 -2.90900 -3.79400 -2.93000 -1.50600 -4.30300 -7.02900 -5.63600 -4.77100 -7.24300 -2.17700 -5.11700
57.00000 3.36700 1.60700 2.01400 -0.07100 -0.30500 -1.93300 -3.79400 -2.44100 -0.52900 -1.86200 -7.02900 -4.65900 -3.79400 -4.80100 -0.71200 -2.67500
58.00000 2.87900 0.63100 3.47900 -0.07100 -1.77000 -2.42100 -2.33000 -1.95300 -0.52900 -0.39700 -6.05300 -2.70600 -2.33000 -3.33700 0.75300 -0.23400
59.00000 1.41400 -0.83400 3.96700 -1.04800 -3.72300 -3.88600 -0.86500 -0.48800 -0.52900 -1.37300 -5.07600 -1.24100 -1.84100 -2.84800 2.21800 0.25400
60.00000 0.43700 -2.29900 3.96700 -1.53600 -4.70000 -5.83900 0.60000 0.48800 -1.01700 -3.81500 -4.58800 -1.24100 -2.81800 -4.31300 1.72900 -1.21100
61.00000 0.43700 -3.27600 3.96700 -0.55900 -4.70000 -7.30400 1.57700 1.46500 -1.50600 -6.25600 -6.05300 -2.70600 -4.77100 -6.75500 -0.71200 -4.62800
62.00000 0.92600 -3.27600 2.99100 0.41700 -3.72300 -7.79200 1.08800 1.46500 -1.99400 -7.23300 -8.49400 -4.65900 -7.21200 -9.19600 -3.64200 -7.55800
63.00000 1.90200 -2.78700 2.50200 1.39400 -2.74700 -7.30400 0.60000 1.46500 -1.99400 -7.23300 -9.47100 -6.61200 -9.16500 -10.66100 -6.08300 -9.02300
64.00000 2.87900 -2.29900 2.50200 2.37000 -1.77000 -5.83900 0.60000 0.48800 -1.99400 -6.25600 -9.95900 -8.07700 -10.14200 -11.63700 -7.06000 -9.51100
65.00000 3.36700 -1.81100 3.96700 1.88200 -1.77000 -4.37400 2.06500 0.48800 -2.97000 -5.76800 -8.98200 -8.07700 -10.63000 -12.12600 -6.57100 -9.02300
66.00000 2.39100 -2.29900 4.94400 1.88200 -2.74700 -3.88600 3.53000 0.48800 -3.45900 -6.25600 -7.02900 -7.10000 -11.60700 -12.12600 -5.59500 -8.53500
67.00000 1.41400 -3.76400 5.43200 1.39400 -3.72300 -5.35100 4.99500 0.97700 -4.92400 -7.23300 -5.56400 -6.61200 -12.09500 -12.12600 -4.61800 -8.53500
68.00000 0.92600 -4.25200 5.43200 0.90500 -4.70000 -6.81600 5.97100 1.46500 -5.41200 -7.23300 -4.58800 -5.63600 -12.58300 -12.12600 -4.61800 -8.53500
69.00000 1.41400 -3.27600 5.43200 1.39400 -4.21100 -6.32700 6.46000 1.95300 -5.41200 -6.74400 -4.10000 -5.14700 -12.58300 -12.12600 -4.13000 -8.04600
70.00000 3.36700 -0.34600 6.40900 2.37000 -2.74700 -3.39800 6.46000 1.95300 -4.92400 -5.28000 -3.12300 -4.65900 -11.60700 -11.14900 -3.64200 -7.07000
71.00000 5.80900 3.56000 7.38500 3.34700 -0.30500 0.99700 6.46000 1.95300 -2.97000 -3.32600 -2.14600 -4.17100 -11.11900 -10.17300 -1.68900 -6.09300
72.00000 8.25000 6.97800 8.36200 3.83500 2.13600 4.90300 6.94800 1.46500 -1.50600 -1.86200 -0.68200 -3.68200 -10.63000 -9.68400 -0.71200 -5.11700
73.00000 8.73800 7.46700 8.85000 3.83500 3.11300 5.88000 6.46000 0.97700 -0.52900 -1.37300 0.29500 -3.68200 -10.14200 -9.19600 0.26400 -4.62800
74.00000 7.76200 6.00200 7.87400 2.85800 3.11300 4.41500 5.48300 0.48800 -0.04100 -0.88500 0.78300 -3.19400 -9.65400 -8.70800 0.75300 -4.62800
75.00000 6.78500 4.53700 6.89700 2.85800 3.60100 2.46200 4.50600 0.00000 0.44800 0.09200 1.76000 -2.21800 -8.67700 -8.21900 1.24100 -3.65200
76.00000 7.27300 4.53700 6.40900 3.83500 4.08900 2.46200 4.50600 0.48800 0.93600 1.55600 2.73600 -0.26400 -6.23600 -6.75500 2.70600 -1.69900
77.00000 10.20300 7.46700 7.87400 5.78800 5.55400 4.41500 5.48300 0.97700 1.42400 2.53300 4.69000 1.68900 -3.79400 -4.31300 5.14700 0.74300
78.00000 13.62100 10.88500 9.82700 8.23000 7.50700 7.83300 7.43600 2.44100 1.91200 3.02100 7.13100 3.64200 -0.86500 -1.87200 8.56500 3.67200
79.00000 16.06200 13.81400 11.29200 10.67100 8.48400 9.29800 8.41300 3.41800 2.40100 2.53300 8.59600 5.10700 1.08800 -0.40700 10.51800 5.62500
80.00000 16.55100 14.30300 10.80300 11.15900 8.48400 8.32100 7.92400 3.41800 1.91200 1.55600 8.10800 5.10700 2.06500 0.57000 11.00700 6.11400
81.00000 15.08600 13.32600 9.33800 9.69400 7.01900 6.36800 6.46000 2.44100 1.91200 1.06800 6.64300 3.64200 2.06500 1.05800 9.54200 6.11400
82.00000 13.62100 11.37300 7.87400 7.74100 5.06600 5.39100 4.50600 1.46500 1.91200 1.55600 4.20100 2.17700 1.57700 1.54600 7.58900 5.13700
83.00000 12.64400 10.88500 7.38500 5.78800 4.57800 6.36800 4.01800 0.48800 2.40100 3.02100 1.76000 1.20000 1.57700 1.54600 5.14700 4.16100
84.00000 13.62100 11.86100 8.85000 4.81200 5.55400 8.80900 4.01800 0.00000 3.86600 4.48600 0.29500 0.22400 1.57700 1.54600 3.19400 3.18400
85.00000 14.10900 12.83800 9.82700 5.78800 7.01900 10.76300 4.99500 0.48800 4.84200 4.97400 -1.17000 -0.26400 2.06500 1.05800 1.72900 1.71900
86.00000 14.59800 12.83800 10.31500 6.76500 8.48400 10.76300 4.50600 0.48800 6.30700 4.48600 -2.63500 -1.24100 2.06500 0.08100 0.26400 0.74300
87.00000 14.10900 11.86100 8.36200 7.25300 8.97200 8.80900 3.04200 0.48800 5.81900 3.02100 -5.07600 -2.70600 1.57700 -0.89500 -1.68900 -0.72200
88.00000 12.64400 10.39600 5.92000 7.25300 7.99600 6.36800 0.11200 -0.48800 4.84200 2.04500 -7.51700 -4.65900 1.08800 -1.38300 -3.64200 -1.21100
89.00000 11.66800 9.42000 4.45600 7.25300 7.01900 4.90300 -2.33000 -1.46500 3.86600 2.04500 -9.47100 -5.14700 1.08800 -1.38300 -4.61800 -1.21100
90.00000 11.66800 8.93100 5.43200 6.76500 6.04200 4.41500 -2.33000 -1.95300 2.40100 2.04500 -9.95900 -5.14700 1.08800 -1.87200 -4.61800 -1.21100
91.00000 12.15600 8.93100 7.87400 6.76500 5.06600 4.90300 -0.86500 -1.46500 0.44800 2.04500 -8.98200 -3.68200 1.08800 -2.36000 -3.15300 -0.72200
92.00000 12.15600 8.44300 9.82700 7.25300 4.08900 4.41500 1.57700 -0.48800 -0.52900 1.06800 -7.02900 -2.21800 0.60000 -2.36000 -1.68900 -0.23400
93.00000 10.69100 6.49000 10.31500 6.27600 2.62500 2.46200 3.04200 0.48800 -1.99400 -0.39700 -5.56400 -1.24100 0.11200 -2.84800 -0.71200 0.25400
94.00000 8.25000 4.04900 7.87400 5.30000 1.16000 0.99700 3.04200 0.97700 -1.99400 -1.86200 -4.58800 -1.24100 0.11200 -2.36000 -0.22400 0.74300
95.00000 6.29700 2.58400 3.47900 3.83500 0.18300 -0.95600 1.08800 0.00000 -1.99400 -1.37300 -5.07600 -1.24100 0.11200 -1.38300 -0.22400 1.23100
96.00000 4.83200 1.60700 -0.42700 2.37000 0.18300 -0.95600 -1.84100 -0.48800 -0.52900 -0.39700 -5.07600 -1.24100 1.08800 0.08100 -0.22400 1.71900
97.00000 4.34400 2.58400 -3.35700 1.39400 1.16000 -0.46800 -3.30600 -1.95300 0.93600 1.55600 -4.58800 -1.72900 1.57700 1.05800 0.26400 2.20700
98.00000 3.85500 3.07200 -4.33300 0.90500 2.62500 0.02000 -4.28300 -2.93000 2.40100 3.02100 -4.10000 -2.21800 2.06500 1.54600 0.75300 2.69600
99.00000 2.87900 2.58400 -5.31000 -0.07100 3.60100 0.50900 -5.25900 -3.90600 3.37700 3.51000 -4.58800 -2.70600 2.55300 2.52300 1.24100 4.16100
100.00000 0.92600 1.60700 -5.31000 -1.53600 3.60100 0.50900 -6.23600 -4.39500 3.86600 3.51000 -5.56400 -3.19400 4.01800 3.98800 1.72900 5.62500
101.00000 -0.05100 0.63100 -5.31000 -2.02400 3.11300 0.99700 -8.18900 -4.88300 4.35400 3.51000 -7.02900 -2.70600 5.48300 5.45200 2.21800 7.57900
102.00000 -1.02700 0.63100 -5.31000 -3.00100 2.13600 1.97300 -9.16500 -4.39500 4.35400 3.99800 -7.02900 -1.24100 7.43600 6.42900 3.19400 9.04300
103.00000 -1.51600 0.63100 -5.31000 -3.48900 1.64800 2.95000 -8.67700 -3.90600 4.35400 4.48600 -5.07600 1.68900 8.41300 7.40600 4.65900 10.02000
104.00000 -2.00400 0.14200 -5.79800 -3.97700 0.67100 2.46200 -7.70100 -3.41800 3.86600 4.48600 -2.14600 4.13000 8.41300 7.40600 5.63600 9.53200
105.00000 -2.98100 -1.32200 -7.26300 -5.44200 -0.79300 0.99700 -6.72400 -2.93000 2.40100 3.51000 1.27200 5.59500 7.43600 6.42900 7.10000 9.04300
106.00000 -4.93400 -3.27600 -9.21600 -6.90700 -2.74700 -2.42100 -6.23600 -2.93000 0.44800 1.55600 2.73600 6.08300 5.97100 4.96400 8.07700 8.55500
107.00000 -6.39900 -5.71700 -12.14600 -8.37200 -4.70000 -5.83900 -6.72400 -3.41800 -1.99400 -1.37300 3.22500 5.59500 4.01800 3.49900 8.56500 8.55500
108.00000 -6.39900 -7.18200 -13.12300 -8.37200 -6.65300 -8.28000 -7.21200 -3.41800 -3.94700 -5.28000 2.73600 5.10700 2.06500 2.03500 9.54200 8.06700
109.00000 -5.91000 -7.18200 -12.14600 -6.90700 -7.14100 -9.74500 -6.72400 -2.93000 -5.90000 -8.20900 2.73600 4.61800 0.11200 -0.40700 10.03000 7.57900
110.00000 -3.95700 -5.71700 -9.21600 -4.46600 -6.65300 -9.74500 -4.28300 -1.46500 -7.36500 -11.13900 3.22500 4.61800 -2.33000 -3.82500 9.05400 4.64900
111.00000 -2.49200 -4.25200 -6.28700 -2.02400 -5.18800 -9.25700 -1.35300 0.00000 -7.85300 -13.09200 3.22500 3.64200 -5.25900 -7.73100 6.61200 0.25400
112.00000 -1.51600 -3.76400 -4.33300 -0.55900 -4.21100 -8.76900 0.60000 0.97700 -7.85300 -13.58000 2.24800 2.17700 -8.18900 -12.12600 2.21800 -5.11700
113.00000 -1.02700 -3.76400 -3.35700 -0.07100 -3.23500 -8.76900 0.60000 0.97700 -7.36500 -13.58000 -0.19300 -0.26400 -10.14200 -14.56700 -2.66500 -10.00000
114.00000 -1.02700 -3.76400 -3.35700 -0.07100 -3.23500 -8.28000 -0.86500 0.97700 -5.90000 -12.60400 -3.12300 -2.21800 -10.63000 -16.03200 -5.59500 -12.44100
115.00000 -0.53900 -3.76400 -3.35700 -0.07100 -3.23500 -7.79200 -2.81800 0.00000 -4.43500 -10.65100 -5.56400 -3.19400 -9.65400 -14.56700 -7.06000 -11.95300
116.00000 -0.53900 -3.76400 -4.33300 -0.55900 -3.72300 -7.30400 -4.28300 -1.46500 -2.97000 -8.20900 -6.54100 -3.68200 -7.70100 -11.63700 -6.57100 -10.00000
117.00000 -1.02700 -3.76400 -5.31000 -1.53600 -4.21100 -6.81600 -5.25900 -2.44100 -1.50600 -5.76800 -7.02900 -4.17100 -5.74700 -8.70800 -6.08300 -8.04600
118.00000 -2.00400 -4.25200 -6.77500 -2.51300 -4.70000 -6.32700 -5.25900 -3.41800 -0.52900 -3.81500 -8.00600 -5.14700 -4.28300 -6.26600 -6.57100 -7.07000
119.00000 -3.95700 -4.74000 -7.26300 -4.46600 -4.70000 -5.83900 -5.74700 -4.39500 -0.04100 -2.83800 -9.47100 -5.63600 -3.79400 -5.29000 -8.03600 -7.55800
120.00000 -4.93400 -5.71700 -6.77500 -5.44200 -5.18800 -4.86200 -6.72400 -4.88300 -0.04100 -2.35000 -11.42400 -6.12400 -3.30600 -5.29000 -9.50100 -8.53500
121.00000 -4.93400 -5.71700 -5.79800 -5.44200 -4.70000 -4.86200 -6.72400 -4.39500 -0.52900 -3.32600 -12.40000 -6.12400 -3.30600 -5.29000 -10.47800 -9.02300
122.00000 -3.46900 -4.25200 -4.33300 -4.46600 -3.72300 -4.37400 -6.72400 -3.41800 -1.50600 -4.30300 -11.91200 -6.12400 -3.30600 -6.26600 -9.50100 -8.53500
123.00000 -1.51600 -2.78700 -3.35700 -2.02400 -2.74700 -4.37400 -6.23600 -2.93000 -1.99400 -4.79100 -10.93500 -6.12400 -4.28300 -6.75500 -8.52500 -8.04600
124.00000 0.43700 -0.83400 -3.35700 -0.07100 -1.28200 -3.88600 -6.23600 -2.44100 -2.48200 -5.28000 -9.95900 -6.61200 -5.74700 -7.24300 -8.03600 -8.04600
125.00000 1.90200 0.14200 -3.84500 0.41700 -0.79300 -2.90900 -7.21200 -2.93000 -2.48200 -5.28000 -10.44700 -7.58900 -7.21200 -8.21900 -9.01300 -9.02300
126.00000 2.39100 1.11900 -5.31000 -0.07100 -0.30500 -1.93300 -8.18900 -3.41800 -1.99400 -4.79100 -10.93500 -7.58900 -7.70100 -8.70800 -9.98900 -10.00000
127.00000 2.39100 1.11900 -5.79800 -1.53600 -0.30500 -0.95600 -9.65400 -4.39500 -1.01700 -3.81500 -11.42400 -6.61200 -7.21200 -8.21900 -9.50100 -10.00000
128.00000 2.39100 1.60700 -4.82200 -2.51300 -0.30500 0.02000 -10.14200 -3.90600 -0.52900 -2.35000 -9.95900 -3.68200 -5.74700 -7.24300 -6.57100 -7.55800
129.00000 3.36700 2.58400 -2.86900 -2.51300 -0.30500 0.99700 -8.18900 -2.93000 -0.52900 0.09200 -6.54100 -0.26400 -3.79400 -4.80100 -1.68900 -4.14000
130.00000 4.83200 4.04900 0.54900 -1.53600 0.18300 2.95000 -4.28300 -0.97700 -0.52900 2.53300 -1.17000 3.15300 -1.84100 -1.87200 3.19400 -0.72200
131.00000 7.27300 6.49000 4.45600 0.90500 1.64800 4.90300 0.60000 0.97700 -1.01700 4.97400 3.22500 5.59500 -0.37600 0.57000 7.58900 2.69600
132.00000 10.69100 9.42000 8.85000 3.34700 2.62500 7.34500 5.48300 2.93000 -1.50600 5.95100 7.13100 7.06000 0.60000 2.03500 9.54200 5.13700
133.00000 14.59800 12.34900 12.26800 5.78800 3.60100 8.32100 9.38900 3.90600 -1.99400 5.95100 9.08400 7.54800 1.08800 3.01100 10.03000 6.60200
134.00000 17.03900 14.30300 14.22100 7.25300 3.60100 7.83300 10.36600 4.39500 -2.97000 3.99800 8.59600 7.06000 1.08800 3.01100 9.05400 7.09000
135.00000 17.52700 13.81400 13.73300 7.25300 3.11300 5.88000 9.38900 3.90600 -3.45900 0.58000 7.13100 6.57100 0.60000 2.52300 8.07700 7.09000
136.00000 16.06200 11.86100 11.78000 6.76500 1.64800 2.95000 7.43600 3.41800 -3.94700 -2.35000 4.69000 5.10700 0.11200 1.54600 7.10000 5.62500
137.00000 13.13300 8.93100 9.82700 5.30000 0.18300 0.50900 5.97100 2.93000 -3.45900 -4.30300 2.73600 4.13000 -0.86500 0.08100 6.12400 3.67200
138.00000 10.69100 6.97800 8.36200 4.32300 -0.30500 0.02000 4.99500 2.93000 -2.48200 -4.30300 1.27200 3.64200 -0.86500 -0.40700 5.14700 2.69600
139.00000 9.22600 6.00200 7.87400 3.83500 -0.30500 0.50900 5.97100 2.93000 -1.01700 -2.35000 1.27200 3.64200 0.11200 -0.40700 4.17100 2.20700
140.00000 9.71500 6.49000 7.87400 4.32300 0.67100 0.99700 6.46000 2.93000 0.44800 -0.39700 0.78300 3.64200 1.08800 -0.40700 3.19400 2.69600
141.00000 10.20300 6.97800 7.87400 4.81200 1.64800 0.99700 5.97100 1.95300 1.42400 0.58000 -0.68200 2.66500 1.57700 -0.40700 1.72900 2.20700
142.00000 11.18000 6.97800 6.89700 4.81200 2.13600 -0.46800 3.53000 0.97700 1.42400 -0.39700 -3.61100 0.71200 0.60000 -1.38300 -0.22400 0.25400
143.00000 10.69100 6.97800 5.92000 4.32300 1.64800 -1.93300 1.08800 0.00000 0.93600 -2.35000 -6.54100 -1.24100 -0.37600 -2.84800 -2.17700 -2.18700
144.00000 10.20300 6.49000 4.94400 2.85800 1.64800 -1.93300 -0.37600 -0.48800 0.44800 -2.83800 -8.49400 -2.21800 -1.35300 -3.82500 -3.64200 -3.65200
145.00000 9.22600 6.97800 4.94400 1.88200 1.64800 0.02000 0.11200 0.00000 0.93600 -2.35000 -7.51700 -1.72900 -0.86500 -3.33700 -2.66500 -2.67500
146.00000 8.73800 6.97800 5.43200 1.39400 2.13600 1.97300 1.57700 0.97700 0.93600 0.09200 -5.07600 0.22400 0.60000 -0.40700 0.26400 -0.23400
147.00000 7.76200 6.97800 5.43200 1.39400 3.11300 3.43800 3.53000 2.44100 1.91200 2.04500 -1.17000 2.66500 3.04200 3.49900 4.17100 4.64900
148.00000 6.78500 6.49000 4.94400 1.39400 3.11300 3.43800 4.01800 2.93000 2.40100 3.02100 1.76000 4.61800 4.01800 6.42900 6.61200 7.09000
149.00000 5.80900 5.51400 4.45600 2.37000 3.11300 1.97300 3.53000 2.44100 1.91200 2.53300 2.73600 4.61800 4.50600 7.40600 7.58900 8.06700
150.00000 6.29700 4.53700 3.96700 2.85800 3.11300 0.99700 2.06500 2.44100 0.93600 2.04500 2.73600 4.61800 4.01800 6.91700 6.61200 7.09000
151.00000 8.25000 5.51400 4.94400 3.83500 3.11300 0.99700 1.08800 1.95300 -0.04100 2.04500 3.22500 5.10700 3.04200 5.94100 5.63600 6.11400
152.00000 11.18000 6.97800 6.89700 5.30000 3.60100 2.46200 1.08800 2.44100 0.44800 2.53300 4.20100 5.59500 3.04200 5.45200 6.61200 6.60200
153.00000 13.62100 8.93100 7.87400 5.78800 4.08900 3.43800 1.57700 2.44100 0.93600 3.99800 6.15400 6.57100 3.53000 6.42900 8.56500 8.55500
154.00000 14.10900 9.42000 7.38500 5.78800 3.60100 3.92700 1.57700 2.44100 0.93600 4.97400 7.61900 7.06000 4.01800 7.40600 11.00700 10.02000
155.00000 12.15600 7.95500 5.43200 4.32300 2.13600 2.95000 0.60000 2.44100 0.44800 4.48600 8.10800 7.54800 3.53000 7.40600 11.98300 10.50800
156.00000 8.25000 5.02500 2.50200 2.37000 0.18300 0.99700 0.11200 1.95300 -0.52900 3.51000 9.08400 8.03600 2.55300 6.42900 12.47200 10.02000
157.00000 4.83200 2.58400 0.54900 0.41700 -2.25800 -0.46800 -0.37600 1.95300 -1.50600 1.55600 9.57200 8.52500 2.06500 5.45200 12.47200 9.53200
158.00000 3.36700 1.11900 0.54900 -0.55900 -3.23500 -0.95600 0.60000 2.44100 -1.99400 0.58000 11.03700 9.50100 2.06500 4.96400 12.47200 9.04300
159.00000 3.36700 1.11900 2.01400 -0.55900 -3.23500 -0.95600 2.06500 2.93000 -1.50600 0.09200 12.01400 10.47800 3.53000 5.94100 13.44800 9.53200
160.00000 4.34400 1.11900 3.47900 0.90500 -3.23500 -1.44400 4.01800 3.90600 -1.01700 -0.39700 12.50200 10.96600 4.99500 6.42900 14.42500 10.50800
161.00000 4.34400 0.63100 4.45600 1.88200 -3.23500 -2.42100 4.50600 3.90600 -0.52900 -0.39700 10.54900 9.98900 6.46000 7.40600 13.44800 10.50800
162.00000 3.36700 -1.32200 3.47900 1.88200 -4.21100 -4.37400 4.01800 3.41800 -0.52900 0.09200 7.61900 8.03600 6.46000 6.91700 11.49500 9.53200
163.00000 2.39100 -2.78700 2.50200 1.39400 -5.67600 -5.83900 3.04200 2.44100 -0.52900 1.06800 4.69000 6.57100 6.46000 6.91700 9.05400 8.06700
164.00000 1.41400 -4.25200 2.01400 0.90500 -6.65300 -6.32700 2.06500 1.95300 -0.04100 2.53300 2.24800 5.59500 6.46000 6.91700 7.10000 7.57900
165.00000 1.41400 -4.74000 2.01400 0.41700 -7.14100 -6.32700 1.57700 1.95300 -0.04100 3.51000 1.27200 4.61800 6.46000 7.89400 6.61200 7.57900
166.00000 1.41400 -5.22900 2.50200 0.41700 -7.62900 -5.83900 1.57700 2.44100 -0.52900 3.02100 1.27200 4.13000 5.97100 7.89400 6.12400 7.09000
167.00000 0.92600 -6.20500 2.99100 -0.07100 -8.60600 -6.32700 1.57700 3.41800 -1.01700 1.55600 0.78300 3.64200 4.50600 7.40600 5.63600 6.11400
168.00000 -0.53900 -7.18200 2.50200 -0.55900 -9.58300 -7.79200 1.57700 2.93000 -1.50600 -1.37300 -1.17000 1.68900 2.06500 4.47600 3.68200 3.67200
169.00000 -1.51600 -8.15800 2.01400 -1.53600 -9.58300 -9.25700 0.60000 1.95300 -1.99400 -3.81500 -3.61100 -0.75300 0.11200 1.54600 0.75300 0.74300
170.00000 -1.51600 -8.64700 2.01400 -2.02400 -8.60600 -10.23400 -0.86500 0.48800 -1.99400 -4.30300 -6.54100 -2.70600 -1.84100 -1.38300 -2.17700 -1.69900
171.00000 -0.53900 -7.18200 2.99100 -2.51300 -7.62900 -8.76900 -2.81800 -0.97700 -0.52900 -3.32600 -8.98200 -4.17100 -1.84100 -1.87200 -4.13000 -3.16400
172.00000 0.92600 -5.22900 3.96700 -2.02400 -5.67600 -5.83900 -4.28300 -1.95300 0.93600 -0.88500 -9.47100 -5.14700 -0.86500 -0.89500 -5.10700 -2.67500
173.00000 2.87900 -2.29900 3.96700 -0.55900 -3.72300 -2.90900 -5.25900 -1.95300 1.91200 1.55600 -9.47100 -5.14700 0.60000 1.54600 -4.61800 -1.69900
174.00000 4.34400 -0.34600 4.45600 0.90500 -2.74700 -0.95600 -5.25900 -1.95300 2.40100 3.02100 -8.49400 -5.14700 2.06500 3.01100 -3.15300 -0.23400
175.00000 5.80900 1.60700 4.94400 2.37000 -2.25800 -0.46800 -4.28300 -1.46500 0.93600 2.53300 -7.51700 -5.14700 2.06500 3.49900 -2.17700 0.25400
176.00000 7.27300 3.56000 4.94400 2.85800 -1.77000 -1.44400 -3.30600 -1.95300 -0.52900 0.58000 -6.54100 -5.14700 0.60000 1.54600 -1.68900 0.25400
177.00000 9.22600 5.51400 5.43200 3.34700 -0.79300 -1.93300 -2.81800 -1.95300 -1.50600 -2.35000 -6.05300 -5.14700 -1.35300 -1.38300 -2.17700 -1.21100
178.00000 11.18000 7.95500 5.43200 2.85800 0.67100 -1.44400 -3.30600 -2.44100 -2.48200 -4.79100 -6.05300 -6.12400 -4.28300 -5.29000 -4.13000 -3.65200
179.00000 13.13300 10.39600 4.45600 2.37000 2.13600 0.02000 -5.25900 -3.41800 -2.48200 -6.25600 -7.02900 -7.58900 -6.23600 -8.21900 -6.08300 -6.09300
180.00000 14.10900 13.32600 3.47900 2.37000 2.62500 2.46200 -7.21200 -3.90600 -2.48200 -6.74400 -8.49400 -8.07700 -7.21200 -9.68400 -8.03600 -8.53500
181.00000 16.55100 16.74400 3.96700 2.37000 2.62500 5.39100 -8.67700 -4.39500 -1.99400 -5.28000 -8.49400 -8.07700 -6.23600 -9.19600 -7.54800 -9.02300
182.00000 20.94500 20.65000 6.89700 3.83500 3.11300 7.83300 -7.70100 -3.90600 -0.52900 -2.83800 -7.02900 -6.61200 -4.28300 -6.26600 -5.59500 -7.55800
183.00000 26.31600 25.53300 11.29200 5.78800 3.60100 10.27400 -6.23600 -2.93000 0.93600 0.09200 -4.10000 -3.68200 -1.84100 -3.82500 -1.68900 -4.62800
184.00000 31.19900 30.90400 14.70900 7.74100 5.55400 12.22700 -4.28300 -1.46500 2.40100 2.04500 -1.17000 -2.21800 0.11200 -1.38300 1.24100 -1.69900
185.00000 35.10500 35.78700 15.68600 9.20600 7.50700 14.18100 -4.77100 -0.48800 2.88900 2.53300 -0.68200 -2.70600 0.11200 -0.89500 2.21800 -0.72200
186.00000 37.05900 39.69300 14.22100 9.69400 9.46000 15.64500 -6.23600 -0.48800 2.88900 2.04500 -2.63500 -4.65900 -1.35300 -2.36000 0.75300 -1.69900
187.00000 39.01200 42.62300 12.75600 9.20600 10.92500 17.11000 -8.18900 -0.97700 1.91200 0.58000 -6.54100 -7.58900 -2.81800 -4.80100 -2.66500 -4.62800
188.00000 41.45300 45.55300 12.75600 9.20600 11.41400 18.57500 -8.18900 -1.46500 1.91200 -0.88500 -9.95900 -9.54200 -3.79400 -7.24300 -6.57100 -7.07000
189.00000 44.87100 47.99400 15.19800 9.20600 11.90200 19.06300 -7.21200 -0.97700 2.40100 -1.86200 -11.91200 -10.03000 -3.79400 -8.70800 -9.01300 -9.02300
190.00000 47.31200 49.94700 18.12700 10.18300 11.41400 19.06300 -4.77100 -0.97700 3.37700 -1.86200 -12.40000 -9.05400 -3.79400 -9.19600 -9.98900 -10.48800
191.00000 49.26600 50.92400 20.56900 10.67100 11.41400 18.57500 -3.79400 -0.48800 4.35400 -2.35000 -12.88900 -8.56500 -3.79400 -9.68400 -10.96600 -11.46400
192.00000 49.75400 51.41200 20.08100 11.15900 10.43700 17.59800 -4.28300 -0.48800 3.86600 -3.32600 -13.37700 -8.56500 -5.25900 -10.66100 -12.43100 -12.92900
193.00000 49.75400 51.90000 19.10400 11.15900 9.94900 16.62200 -5.74700 -0.97700 2.88900 -4.30300 -15.33000 -10.51800 -7.70100 -12.12600 -14.87200 -15.37100
194.00000 51.21900 53.36500 18.12700 11.64800 9.94900 16.62200 -7.21200 -1.46500 1.91200 -5.28000 -18.26000 -12.96000 -9.65400 -14.07900 -17.80200 -17.81200
195.00000 53.66000 55.80600 19.10400 12.62400 10.92500 17.11000 -7.70100 -1.95300 1.91200 -5.76800 -20.21300 -14.42500 -11.11900 -15.05500 -19.75500 -19.27700
196.00000 57.56600 59.71300 21.05700 14.08900 12.87800 19.06300 -7.21200 -1.46500 1.91200 -4.79100 -20.70100 -15.40100 -10.14200 -14.56700 -20.24300 -18.78900
197.00000 60.49600 62.64200 23.01000 15.06600 14.34300 21.01600 -6.23600 -1.46500 2.40100 -3.81500 -20.70100 -14.91300 -8.67700 -13.59000 -18.77800 -17.32400
198.00000 61.47300 64.10700 23.98700 15.55400 14.83200 21.99300 -5.25900 -1.46500 2.40100 -2.83800 -19.23600 -14.42500 -7.70100 -12.12600 -17.31400 -15.85900
199.00000 61.47300 64.59600 23.98700 15.06600 14.34300 22.48100 -5.25900 -0.97700 1.91200 -2.83800 -17.77100 -13.93600 -7.21200 -11.63700 -15.84900 -14.88200
200.00000 60.98400 64.59600 23.98700 14.57700 13.85500 22.48100 -5.25900 -0.97700 0.93600 -4.30300 -16.30700 -13.93600 -8.18900 -12.12600 -15.84900 -15.37100
201.00000 60.49600 64.59600 23.01000 14.08900 12.87800 21.99300 -5.74700 -1.46500 -0.04100 -5.76800 -15.81800 -14.42500 -9.65400 -13.10200 -17.31400 -16.83600
202.00000 60.49600 64.59600 22.52200 14.08900 12.87800 21.50500 -6.23600 -1.95300 -0.52900 -7.72100 -15.81800 -14.42500 -10.63000 -14.56700 -19.26700 -18.78900
203.00000 60.49600 64.10700 21.54500 14.57700 13.36700 20.04000 -7.21200 -2.44100 -0.52900 -10.16200 -16.30700 -14.91300 -10.63000 -15.05500 -20.24300 -20.25300
204.00000 60.00800 63.61900 20.56900 14.08900 13.85500 19.06300 -8.18900 -2.44100 -1.50600 -12.11500 -16.79500 -14.42500 -10.63000 -15.54400 -20.73200 -20.74200
205.00000 58.54300 62.15400 19.59200 14.08900 13.36700 17.59800 -9.16500 -1.95300 -1.99400 -13.09200 -16.30700 -12.96000 -10.14200 -15.54400 -20.24300 -20.25300
206.00000 57.56600 61.17800 19.10400 13.60100 12.87800 17.11000 -9.65400 -0.48800 -2.97000 -13.58000 -15.33000 -11.49500 -9.65400 -16.03200 -18.77800 -19.27700
207.00000 56.10100 59.71300 18.61600 13.11200 11.90200 17.11000 -9.16500 0.48800 -2.97000 -12.11500 -13.37700 -10.03000 -8.67700 -15.54400 -16.82500 -17.81200
208.00000 54.63700 58.24800 18.12700 12.62400 10.92500 18.08700 -8.18900 1.46500 -1.99400 -10.16200 -11.42400 -8.56500 -6.72400 -14.07900 -14.87200 -16.34700
209.00000 52.19500 56.78300 16.66300 11.15900 9.94900 18.57500 -8.18900 0.97700 -0.52900 -8.20900 -10.44700 -7.10000 -4.77100 -11.63700 -12.91900 -14.39400
210.00000 49.75400 54.34200 14.70900 9.20600 8.97200 18.57500 -8.67700 0.48800 0.44800 -6.74400 -9.47100 -6.12400 -2.81800 -9.19600 -10.96600 -12.92900
211.00000 46.82400 51.90000 11.78000 7.25300 7.99600 17.11000 -10.14200 -0.48800 0.93600 -5.76800 -8.98200 -4.65900 -1.35300 -7.24300 -9.01300 -10.97600
212.00000 44.87100 49.94700 10.31500 6.27600 6.53100 15.64500 -11.11900 -0.48800 0.93600 -5.28000 -8.98200 -3.68200 -0.86500 -6.75500 -7.54800 -9.51100
213.00000 44.38300 48.48200 10.31500 5.78800 5.55400 15.15700 -11.11900 -0.48800 0.44800 -4.30300 -8.00600 -2.21800 -1.35300 -6.75500 -6.08300 -8.04600
214.00000 44.87100 47.50600 11.29200 6.27600 5.55400 15.64500 -10.14200 0.48800 0.44800 -2.83800 -6.54100 -1.72900 -1.35300 -6.75500 -5.10700 -7.55800
215.00000 44.38300 47.01700 12.75600 6.76500 6.53100 17.59800 -8.18900 0.97700 0.93600 -0.88500 -5.07600 -1.72900 -1.35300 -4.80100 -4.13000 -6.58200
216.00000 42.91800 46.52900 13.73300 6.27600 7.50700 19.55200 -5.74700 0.97700 2.40100 0.58000 -3.61100 -1.24100 -0.37600 -2.36000 -2.66500 -5.11700
217.00000 40.47600 44.57600 12.75600 5.78800 7.99600 20.04000 -4.77100 0.97700 3.37700 1.06800 -3.12300 -0.75300 0.60000 -0.40700 -2.17700 -3.65200
218.00000 37.54700 42.62300 10.31500 4.81200 7.50700 19.06300 -4.77100 0.48800 3.86600 0.09200 -4.10000 -0.75300 0.11200 0.08100 -2.17700 -3.16400
219.00000 35.10500 40.18100 7.87400 3.34700 6.53100 16.62200 -5.74700 -0.48800 2.88900 -1.37300 -6.05300 -1.72900 -1.35300 -2.36000 -3.64200 -4.62800
220.00000 33.64100 37.25200 5.43200 3.34700 5.55400 14.66900 -7.70100 -1.46500 1.91200 -3.32600 -8.98200 -3.19400 -3.79400 -6.26600 -6.08300 -7.55800
221.00000 32.17600 34.81000 4.45600 3.34700 5.06600 12.71600 -9.16500 -1.95300 0.93600 -5.76800 -10.93500 -5.14700 -5.74700 -9.68400 -8.52500 -10.48800
222.00000 30.71100 32.36900 4.94400 3.83500 4.57800 10.76300 -9.65400 -1.95300 0.44800 -7.23300 -11.42400 -6.12400 -6.23600 -11.14900 -9.50100 -12.44100
223.00000 29.24600 29.92800 5.92000 4.32300 3.60100 9.29800 -8.67700 -1.46500 0.44800 -8.20900 -10.93500 -6.12400 -5.25900 -9.68400 -9.50100 -11.46400
224.00000 27.78100 27.97400 6.89700 3.83500 2.13600 7.83300 -6.72400 -0.97700 0.44800 -8.20900 -9.95900 -5.14700 -3.30600 -7.24300 -8.52500 -9.51100
225.00000 26.31600 26.51000 6.40900 3.34700 0.67100 6.85600 -6.23600 -0.97700 -0.04100 -8.20900 -9.95900 -5.14700 -0.86500 -5.77800 -8.03600 -7.55800
226.00000 24.85100 25.04500 3.96700 1.39400 -0.79300 6.36800 -7.21200 -2.44100 -0.52900 -8.20900 -11.42400 -5.63600 0.11200 -4.80100 -8.52500 -7.07000
227.00000 23.38700 24.06800 1.03800 -1.04800 -1.28200 6.85600 -9.16500 -4.39500 -1.01700 -7.23300 -12.88900 -7.58900 0.11200 -5.29000 -9.50100 -7.55800
228.00000 21.92200 23.09200 -1.40400 -3.00100 -0.30500 7.83300 -11.11900 -6.83600 -0.52900 -6.74400 -13.86500 -8.56500 0.11200 -4.80100 -9.98900 -8.53500
229.00000 20.45700 22.11500 -2.38000 -3.48900 0.67100 8.32100 -11.60700 -7.32400 -0.52900 -6.25600 -13.37700 -9.05400 0.11200 -4.31300 -9.01300 -7.55800
230.00000 19.48000 20.65000 -1.40400 -3.00100 1.16000 7.83300 -11.11900 -7.32400 0.44800 -6.25600 -11.42400 -8.07700 0.11200 -3.33700 -7.06000 -6.09300
231.00000 18.01600 18.69700 -1.40400 -2.02400 1.16000 6.85600 -9.65400 -5.37100 0.93600 -5.28000 -8.49400 -6.61200 1.08800 -2.36000 -5.10700 -4.14000
232.00000 16.06200 16.74400 -1.40400 -1.04800 0.18300 5.88000 -8.67700 -3.90600 1.91200 -3.81500 -6.05300 -5.14700 2.06500 -0.89500 -2.66500 -2.18700
233.00000 14.59800 14.79100 -1.40400 -0.55900 -1.28200 5.88000 -7.70100 -2.93000 2.88900 -0.88500 -4.58800 -3.19400 4.01800 1.05800 0.26400 -0.23400
234.00000 13.62100 13.81400 -1.40400 -1.04800 -1.77000 6.36800 -7.21200 -2.44100 3.86600 2.04500 -2.63500 -0.75300 6.94800 3.98800 2.70600 2.69600
235.00000 13.62100 14.30300 -0.42700 -1.53600 -1.28200 7.34500 -6.23600 -1.95300 4.84200 4.48600 -0.19300 1.20000 9.38900 7.40600 5.63600 5.62500
236.00000 15.08600 15.27900 0.54900 -2.02400 -0.30500 8.32100 -5.25900 -1.95300 4.84200 5.46300 1.27200 2.66500 9.87800 9.84700 7.58900 7.57900
237.00000 16.06200 15.76700 0.54900 -2.51300 0.67100 7.83300 -5.74700 -1.95300 3.86600 4.48600 1.76000 3.15300 8.90100 10.33500 7.58900 7.09000
238.00000 15.57400 15.27900 -1.89200 -2.51300 0.67100 6.85600 -7.21200 -2.44100 2.40100 2.04500 0.78300 2.17700 5.97100 8.38200 5.63600 5.13700
239.00000 13.13300 13.32600 -5.31000 -3.00100 0.18300 4.90300 -9.16500 -2.93000 0.44800 -0.88500 -0.68200 0.71200 4.01800 5.45200 3.68200 2.69600
240.00000 9.71500 10.39600 -7.75100 -3.97700 -0.30500 3.43800 -11.11900 -3.41800 -1.01700 -2.35000 -1.65800 0.22400 2.06500 3.98800 3.19400 1.23100
241.00000 7.27300 7.95500 -8.72800 -4.46600 -1.77000 2.95000 -11.11900 -3.41800 -1.01700 -2.35000 -1.17000 0.71200 2.55300 4.47600 4.17100 2.20700
242.00000 6.29700 6.49000 -6.77500 -3.97700 -1.77000 3.43800 -9.16500 -2.44100 -0.04100 -0.39700 -0.19300 1.20000 4.01800 5.94100 6.61200 4.16100
243.00000 6.29700 6.49000 -4.82200 -3.97700 -2.25800 4.41500 -6.72400 -1.46500 1.91200 2.04500 1.27200 2.17700 5.48300 7.40600 8.07700 6.60200
244.00000 6.78500 6.00200 -3.35700 -3.97700 -2.25800 3.92700 -4.77100 -0.97700 2.88900 3.02100 1.76000 2.66500 6.46000 7.40600 8.07700 7.09000
245.00000 5.80900 4.53700 -3.84500 -3.97700 -2.25800 2.46200 -4.28300 -0.48800 3.86600 2.53300 0.78300 2.17700 6.94800 5.94100 7.10000 6.11400
246.00000 4.34400 3.07200 -4.82200 -4.46600 -2.74700 0.02000 -4.77100 -0.97700 3.86600 0.58000 -0.19300 1.68900 6.46000 4.47600 5.14700 4.16100
247.00000 2.87900 1.60700 -5.79800 -4.95400 -3.72300 -1.93300 -5.74700 -1.46500 2.88900 -1.86200 -2.14600 1.20000 5.97100 3.98800 3.68200 2.69600
248.00000 2.87900 1.11900 -5.79800 -4.46600 -4.70000 -3.39800 -6.23600 -1.46500 1.91200 -3.32600 -3.61100 0.71200 5.48300 3.98800 3.19400 2.69600
249.00000 4.34400 2.09600 -4.33300 -3.48900 -4.70000 -2.90900 -5.25900 -1.46500 0.93600 -3.81500 -3.61100 1.20000 4.99500 4.47600 3.19400 3.67200
250.00000 6.29700 3.07200 -1.89200 -2.02400 -4.21100 -2.42100 -3.30600 -0.97700 0.44800 -3.32600 -2.63500 1.68900 4.99500 4.47600 4.65900 4.16100
251.00000 7.27300 4.04900 0.54900 -1.53600 -3.72300 -1.93300 -1.84100 0.00000 0.44800 -2.35000 -1.17000 2.66500 4.50600 3.01100 5.14700 4.16100
252.00000 7.76200 4.04900 1.52600 -1.53600 -2.74700 -1.44400 -0.37600 0.00000 0.44800 -2.35000 -1.17000 3.15300 3.53000 1.54600 4.17100 2.69600
253.00000 7.27300 4.04900 1.52600 -1.04800 -2.25800 -1.93300 -0.86500 -0.97700 0.44800 -3.81500 -1.65800 2.17700 2.06500 -0.40700 2.21800 -0.23400
254.00000 6.78500 3.56000 0.54900 -1.04800 -1.28200 -2.42100 -2.81800 -1.46500 -0.52900 -6.25600 -3.61100 0.71200 -0.37600 -3.33700 -1.20000 -3.65200
255.00000 6.29700 3.07200 -1.40400 -0.55900 -0.79300 -3.39800 -5.25900 -2.44100 -1.50600 -8.20900 -6.54100 -1.24100 -3.30600 -5.77800 -4.61800 -6.58200
256.00000 5.32000 2.58400 -2.86900 -0.07100 -0.79300 -4.37400 -6.72400 -2.44100 -2.97000 -9.67400 -8.98200 -3.19400 -5.74700 -7.73100 -6.57100 -8.53500
