1.00000 7.18200 4.51700 12.08500 9.48100 10.76300 12.88900 18.94100 5.73700 -3.18400 8.60600 31.96200 17.19200 4.84200 18.39200 23.24400 14.99400
2.00000 6.69400 3.05200 15.99100 8.01600 8.80900 12.40000 20.89400 4.76100 -4.16100 6.16500 37.33300 22.56300 9.23700 20.83300 30.08000 21.34200
3.00000 3.27600 0.12200 17.45600 4.59800 3.92700 9.47100 22.35900 3.78400 -4.16100 5.18800 42.21600 27.44500 14.60800 24.74000 36.91600 29.15400
4.00000 -2.09600 -4.27200 15.01500 0.20300 -0.95600 6.05300 23.82400 3.29600 -2.69600 6.65300 46.12200 30.86300 20.46700 28.64600 42.28700 36.47900
5.00000 -7.46700 -7.69000 10.13200 -3.21500 -4.37400 1.65800 25.28900 3.78400 -1.71900 9.09400 50.02800 33.79300 25.35000 33.52900 47.65800 43.31500
6.00000 -10.39600 -8.66700 4.27200 -4.67900 -5.83900 -0.78300 26.75400 5.24900 -0.25400 12.51200 52.95800 36.23500 28.76800 37.92300 53.51800 49.17400
7.00000 -9.90800 -6.71400 1.34300 -3.70300 -3.88600 -0.78300 27.24200 7.20200 1.21100 15.44200 54.42300 37.21100 31.20900 42.31800 57.91200 54.05700
8.00000 -6.97800 -3.78400 0.85400 -1.26100 -1.44400 1.65800 26.75400 8.17900 3.16400 17.39500 53.44600 36.72300 32.18600 45.73600 59.86500 56.49800
9.00000 -3.07200 -0.85400 2.31900 1.66800 1.48500 4.58800 25.28900 8.17900 5.60500 18.37200 49.54000 33.30500 31.20900 47.68900 57.42400 56.49800
10.00000 -0.14200 0.12200 3.78400 3.62100 2.95000 5.56400 22.84700 6.22600 8.04600 17.88300 42.70400 27.44500 28.76800 47.20100 51.56500 53.56900
11.00000 0.83400 -0.36600 4.27200 4.11000 3.92700 4.10000 18.94100 3.78400 9.02300 16.41800 34.40300 21.09800 24.86200 44.75900 42.77500 48.19700
12.00000 0.34600 -1.34300 4.27200 4.11000 3.92700 1.17000 14.54700 1.34300 10.00000 14.95400 26.10300 15.23800 20.95500 40.36500 34.47500 41.85000
13.00000 -0.63100 -1.34300 4.27200 4.11000 2.95000 -0.29500 10.15200 -1.09900 9.02300 12.51200 19.26700 10.84400 17.53700 34.99300 28.12700 35.01400
14.00000 -0.63100 -0.85400 4.76100 3.62100 1.97300 1.17000 6.73400 -2.07500 8.53500 11.04700 13.89600 7.91400 14.60800 29.13400 23.73300 29.64300
15.00000 -0.14200 0.12200 5.73700 3.62100 1.48500 4.58800 3.80500 -2.07500 7.07000 8.60600 9.01300 4.98500 11.67800 23.27500 18.85000 24.27200
16.00000 -0.14200 0.61000 5.24900 3.13300 1.97300 7.02900 1.36300 -1.58700 5.60500 6.16500 2.66500 1.07800 7.77200 17.41500 12.01400 17.92400
17.00000 -1.11900 -0.36600 2.80800 2.15700 2.95000 5.56400 -1.56700 -1.09900 4.14000 3.72300 -5.14700 -3.80500 3.37700 10.57900 4.20100 11.08800
18.00000 -4.04900 -3.29600 -1.09900 0.69200 3.92700 1.17000 -4.49600 -1.09900 2.67500 0.30500 -13.44800 -9.17600 -1.99400 2.76700 -4.58800 3.27600
19.00000 -6.97800 -7.20200 -5.98100 -0.77300 3.92700 -4.69000 -8.40300 -1.09900 1.21100 -2.62500 -21.26100 -14.05800 -6.87700 -5.53400 -12.40000 -4.53700
20.00000 -9.42000 -12.08500 -9.88800 -1.26100 1.97300 -9.57200 -11.33200 -0.61000 -0.25400 -6.04200 -27.12000 -16.98800 -11.27100 -13.83500 -18.26000 -12.34900
21.00000 -11.37300 -15.99100 -12.81700 -1.75000 -1.44400 -12.50200 -12.79700 -0.12200 -0.74300 -8.97200 -30.53800 -19.91800 -15.66600 -22.13500 -24.11900 -20.65000
22.00000 -12.83800 -17.94400 -14.28200 -0.77300 -4.37400 -15.43200 -12.30900 0.85400 -1.23100 -11.90200 -32.97900 -21.38300 -20.54900 -30.43600 -30.95500 -28.95100
23.00000 -14.30300 -18.43300 -14.77100 -0.28500 -6.32700 -18.85000 -10.84400 1.83100 -0.74300 -15.32000 -32.97900 -22.35900 -25.43100 -38.24900 -37.79100 -38.22800
24.00000 -16.25600 -18.43300 -14.28200 -0.77300 -6.32700 -22.26800 -8.89100 2.31900 -0.74300 -18.73800 -31.51400 -22.35900 -29.33800 -45.57300 -43.65000 -46.04100
25.00000 -18.20900 -19.40900 -13.30600 -2.23800 -6.81600 -24.70900 -7.42600 1.83100 -1.23100 -23.13200 -28.09700 -20.40600 -30.80200 -51.43200 -46.58000 -51.90000
26.00000 -19.67400 -22.82700 -13.30600 -4.67900 -7.79200 -25.19700 -7.91400 0.36600 -2.69600 -27.52700 -24.19000 -17.96500 -30.80200 -54.36200 -45.60300 -54.83000
27.00000 -22.11500 -27.22200 -14.77100 -7.60900 -9.74500 -24.22100 -8.89100 -1.09900 -5.62500 -30.94500 -21.26100 -16.01200 -29.33800 -54.36200 -43.16200 -54.83000
28.00000 -23.58000 -29.17500 -17.70000 -9.56200 -10.72200 -23.73300 -10.84400 -2.56300 -9.53200 -31.92100 -19.79600 -15.52300 -27.87300 -50.94400 -41.20900 -53.85300
29.00000 -23.09200 -26.73300 -19.65300 -8.58600 -9.74500 -23.73300 -10.84400 -3.54000 -13.43800 -30.45700 -18.81900 -16.50000 -26.40800 -44.59600 -40.23200 -50.92400
30.00000 -20.65000 -19.89700 -19.65300 -5.65600 -7.30400 -22.75600 -8.40300 -3.05200 -16.36800 -26.06200 -16.37800 -16.01200 -24.94300 -35.80700 -37.79100 -46.52900
31.00000 -15.27900 -11.10800 -15.74700 -1.26100 -3.88600 -18.85000 -3.03100 -1.58700 -17.34400 -19.22600 -11.00700 -13.08200 -21.03700 -26.04200 -31.93200 -38.22800
32.00000 -9.42000 -4.76100 -9.39900 2.15700 -1.93300 -12.50200 3.31600 -0.12200 -16.36800 -11.90200 -2.21800 -7.22200 -14.68900 -16.76400 -21.67800 -27.48600
33.00000 -5.02500 -2.31900 -3.05200 3.13300 -1.93300 -6.15400 9.66400 0.36600 -12.95000 -5.06600 7.06000 0.10200 -7.36500 -8.46400 -9.47100 -15.27900
34.00000 -4.53700 -3.78400 0.36600 0.69200 -2.42100 -2.73600 13.57000 -0.12200 -7.57900 0.30500 14.38400 5.96100 0.44800 -1.62800 0.78300 -4.53700
35.00000 -7.46700 -8.17900 0.36600 -3.21500 -2.90900 -3.22500 14.54700 -1.58700 -3.18400 3.72300 18.29000 9.37900 6.30700 4.72000 7.61900 3.27600
36.00000 -11.37300 -12.08500 -2.56300 -6.14400 -3.39800 -5.66600 13.08200 -3.54000 -0.25400 5.67600 19.75500 10.84400 9.72500 10.09100 10.54900 7.67000
37.00000 -14.30300 -14.52600 -5.00500 -8.09700 -3.39800 -6.15400 11.12900 -4.51700 1.21100 7.14100 19.75500 10.84400 11.67800 15.95100 11.52500 10.11100
38.00000 -15.27900 -14.03800 -5.98100 -7.60900 -3.39800 -3.71300 9.66400 -5.00500 1.21100 9.09400 20.24300 11.33200 13.14300 20.83300 13.47900 13.04100
39.00000 -13.81400 -11.59700 -4.51700 -6.14400 -3.88600 1.17000 8.19900 -5.00500 0.72200 10.55900 20.24300 11.33200 13.63100 24.25100 16.40800 16.45900
40.00000 -11.37300 -7.69000 -2.56300 -4.67900 -2.90900 4.58800 6.73400 -5.00500 1.21100 12.02400 19.26700 10.84400 14.60800 25.71600 19.33800 19.87700
41.00000 -8.93100 -3.78400 -0.61000 -3.21500 -1.44400 3.61100 5.75800 -5.00500 2.67500 13.00000 17.31400 9.86700 15.58400 26.69300 21.29100 23.29500
42.00000 -6.97800 -0.85400 0.36600 -1.26100 0.99700 1.17000 4.78100 -4.51700 5.60500 13.48900 15.36100 9.37900 17.04900 27.66900 21.77900 25.24800
43.00000 -4.53700 0.61000 0.85400 0.69200 3.43800 0.19300 5.26900 -3.54000 9.02300 14.46500 14.38400 9.86700 18.51400 29.13400 23.24400 27.20100
44.00000 -2.09600 0.12200 1.34300 3.13300 5.88000 2.14600 6.73400 -1.09900 11.95300 15.93000 15.84900 11.33200 19.49100 30.59900 25.68600 28.66600
45.00000 0.34600 -0.85400 2.80800 5.08600 6.85600 6.54100 9.17600 1.34300 13.90600 17.39500 18.29000 13.28500 20.46700 30.11100 28.12700 29.15400
46.00000 0.83400 -1.83100 2.80800 6.06300 7.34500 10.44700 11.61700 3.78400 15.37100 16.90700 19.26700 13.77400 19.97900 27.18100 28.12700 27.69000
47.00000 -0.14200 -2.31900 1.83100 5.57500 6.36800 9.95900 12.10500 4.76100 15.37100 14.46500 17.31400 12.30900 17.04900 21.81000 23.73300 23.29500
48.00000 -3.07200 -4.27200 -1.58700 3.62100 4.90300 5.07600 10.64000 4.27200 13.90600 9.58300 12.91900 8.89100 13.14300 14.97400 16.40800 16.94700
49.00000 -7.46700 -8.66700 -6.47000 -0.28500 1.48500 -1.76000 6.73400 2.80800 11.46400 2.74700 6.57100 4.00800 8.26000 7.65000 8.10800 8.64700
50.00000 -12.34900 -14.52600 -10.86400 -4.19100 -1.93300 -8.10800 1.85100 -0.12200 8.53500 -3.60100 0.71200 -0.38700 3.37700 1.30200 1.27200 0.83400
51.00000 -17.23200 -19.40900 -13.79400 -8.09700 -5.35100 -12.50200 -3.03100 -2.56300 5.60500 -8.97200 -4.17100 -3.80500 -0.52900 -4.55700 -4.10000 -6.00200
52.00000 -21.13900 -23.31500 -15.74700 -11.02700 -7.79200 -16.40800 -6.93800 -5.49300 3.16400 -11.90200 -7.58900 -6.73400 -3.45900 -10.41700 -8.98200 -11.86100
53.00000 -24.06800 -24.78000 -16.23500 -12.49200 -9.74500 -19.33800 -10.35600 -6.95800 1.69900 -13.85500 -11.00700 -8.19900 -4.92400 -15.29900 -13.37700 -16.25600
54.00000 -25.53300 -25.26900 -16.72400 -12.49200 -11.21000 -21.77900 -11.33200 -7.44600 0.23400 -16.29600 -12.96000 -9.17600 -5.90000 -18.71700 -17.28300 -18.69700
55.00000 -25.04500 -26.24500 -17.70000 -11.51500 -12.18700 -23.24400 -11.82000 -6.95800 -1.23100 -19.22600 -13.44800 -8.19900 -6.38800 -21.15900 -19.23600 -20.16200
56.00000 -24.55600 -27.71000 -18.18800 -10.53900 -13.65200 -23.73300 -10.84400 -5.98100 -2.69600 -22.15600 -12.96000 -6.73400 -5.90000 -22.62400 -18.74800 -20.65000
57.00000 -24.55600 -28.68700 -18.67700 -11.02700 -14.62800 -25.19700 -10.35600 -5.49300 -3.18400 -24.59700 -11.00700 -4.29300 -5.90000 -23.11200 -17.28300 -20.65000
58.00000 -26.51000 -29.17500 -20.63000 -13.46800 -16.09300 -28.12700 -10.35600 -5.49300 -3.67200 -25.57400 -9.05400 -2.34000 -4.43500 -23.60000 -14.84200 -19.67400
59.00000 -30.41600 -30.64000 -23.07100 -17.37500 -17.06900 -32.03300 -10.84400 -5.49300 -3.18400 -25.08500 -7.58900 -0.87500 -2.97000 -23.11200 -13.37700 -18.69700
60.00000 -33.83400 -33.08100 -26.48900 -19.81600 -18.53400 -34.96300 -12.30900 -5.49300 -3.18400 -24.10900 -7.10000 0.10200 -1.50600 -21.15900 -12.88900 -17.23200
61.00000 -36.27500 -36.49900 -27.95400 -20.79300 -19.99900 -34.96300 -13.77400 -5.00500 -4.64900 -23.13200 -6.12400 1.07800 -0.52900 -18.71700 -11.91200 -15.27900
62.00000 -35.29900 -38.94000 -27.46600 -18.84000 -20.48700 -30.56800 -13.28500 -3.05200 -7.57900 -22.15600 -5.14700 2.05500 -0.04100 -15.78800 -9.47100 -12.83800
63.00000 -31.88100 -37.47600 -24.53600 -15.91000 -19.99900 -24.70900 -10.84400 -1.09900 -10.99700 -20.69100 -2.21800 4.00800 0.93600 -11.88200 -5.56400 -9.90800
64.00000 -27.48600 -32.10400 -20.14200 -12.49200 -18.04600 -19.82600 -7.42600 0.85400 -12.95000 -17.76100 1.20000 6.93800 2.40100 -7.48700 -1.17000 -6.00200
65.00000 -23.09200 -24.78000 -16.23500 -10.53900 -16.58100 -17.87300 -3.52000 2.31900 -12.95000 -12.39000 6.08300 10.35600 5.81900 -2.11600 3.71300 -1.11900
66.00000 -21.13900 -19.40900 -14.28200 -10.53900 -16.09300 -17.87300 -0.10200 3.29600 -10.99700 -6.53100 11.45400 13.77400 9.72500 4.72000 8.59600 4.74000
67.00000 -20.16200 -17.45600 -13.79400 -11.51500 -16.09300 -16.40800 3.31600 3.78400 -7.57900 -0.67100 16.82500 17.19200 14.11900 12.04400 13.96700 11.57600
68.00000 -20.16200 -19.40900 -11.84100 -11.51500 -16.09300 -12.50200 5.75800 3.78400 -4.64900 4.70000 20.73200 19.63300 17.53700 18.39200 19.33800 16.94700
69.00000 -18.69700 -21.36200 -8.42300 -10.05000 -14.62800 -7.13100 8.19900 3.78400 -2.20700 8.11800 23.66100 21.09800 19.49100 22.78600 23.73300 20.85400
70.00000 -16.25600 -20.87400 -3.05200 -8.09700 -11.21000 -2.24800 10.64000 3.78400 -0.25400 11.04700 25.12600 21.09800 19.00200 24.74000 26.17400 22.80700
71.00000 -13.81400 -17.94400 1.83100 -6.14400 -7.30400 -1.27200 12.10500 3.78400 1.21100 12.02400 25.12600 20.61000 17.04900 23.76300 26.17400 22.31900
72.00000 -11.37300 -13.55000 4.27200 -4.67900 -3.39800 -3.71300 13.08200 3.29600 3.16400 13.48900 24.63800 18.65600 15.09600 23.27500 24.70900 21.83000
73.00000 -9.90800 -10.62000 2.31900 -4.19100 -0.95600 -7.61900 13.57000 2.31900 4.62800 13.97700 25.12600 16.70300 14.11900 23.76300 22.75600 20.85400
74.00000 -9.42000 -9.15500 -0.61000 -4.19100 -0.95600 -7.61900 14.05800 1.34300 7.55800 14.95400 26.10300 15.23800 15.09600 26.20400 23.24400 21.34200
75.00000 -8.93100 -8.66700 -2.56300 -4.19100 -1.44400 -2.73600 15.03500 0.36600 10.48800 16.90700 27.56800 15.72700 17.53700 29.62200 25.19700 23.29500
76.00000 -8.93100 -8.17900 -1.58700 -3.70300 -2.42100 3.61100 16.98800 0.36600 13.41800 18.37200 30.00900 16.70300 20.46700 32.06400 28.12700 26.22500
77.00000 -8.44300 -7.20200 0.85400 -3.70300 -2.42100 7.51700 19.91800 1.83100 15.85900 19.34800 31.96200 19.14500 22.90900 32.55200 31.05700 28.66600
78.00000 -7.95500 -6.71400 3.78400 -2.72600 -2.90900 6.54100 22.84700 3.78400 16.34700 18.37200 33.91500 21.58600 24.37300 31.08700 32.52200 30.61900
79.00000 -7.95500 -7.20200 4.76100 -2.23800 -3.88600 2.14600 24.80100 6.71400 15.85900 15.93000 35.38000 23.53900 24.37300 28.64600 33.01000 30.61900
80.00000 -7.46700 -8.66700 3.78400 -1.75000 -4.86200 -1.27200 25.28900 8.66700 14.39400 13.48900 36.35700 24.02800 23.39700 27.18100 32.03300 30.13100
81.00000 -7.46700 -10.13200 1.83100 -1.75000 -5.83900 -1.76000 24.80100 9.64400 12.44100 11.53600 35.38000 23.53900 22.90900 26.69300 30.56800 28.66600
82.00000 -7.46700 -10.62000 1.34300 -2.23800 -6.32700 2.63500 22.84700 9.15500 10.97600 11.53600 33.42700 21.58600 22.42000 27.66900 29.10400 27.20100
83.00000 -7.95500 -9.15500 1.34300 -3.70300 -6.32700 7.02900 20.89400 7.20200 9.51100 12.02400 30.49700 19.63300 20.95500 28.15800 26.66200 25.24800
84.00000 -9.42000 -8.66700 1.83100 -5.16800 -6.81600 7.51700 18.94100 6.22600 8.04600 11.53600 27.07900 17.68000 19.49100 27.18100 24.22100 22.80700
85.00000 -11.37300 -9.64400 1.83100 -6.14400 -7.30400 1.65800 16.50000 5.73700 5.60500 8.60600 24.63800 16.21500 16.56100 23.76300 21.77900 20.36500
86.00000 -13.81400 -12.57300 0.36600 -6.63200 -8.28000 -6.64300 15.03500 5.73700 2.18700 4.21100 22.68500 14.75000 13.14300 18.88000 18.85000 17.43600
87.00000 -14.79100 -16.47900 -0.61000 -6.14400 -9.25700 -13.47900 13.08200 6.22600 -1.71900 -0.18300 18.77800 13.28500 10.21300 13.99700 16.40800 14.50600
88.00000 -15.27900 -17.94400 -2.07500 -5.65600 -9.74500 -15.43200 11.61700 6.22600 -5.13700 -3.11300 18.77800 12.79700 8.26000 11.06800 14.45500 12.55300
89.00000 -14.79100 -16.96800 -3.05200 -5.16800 -9.74500 -13.47900 10.64000 6.22600 -7.09000 -3.11300 16.82500 11.82000 8.26000 10.57900 12.99000 11.08800
90.00000 -13.81400 -14.52600 -4.02800 -4.67900 -9.74500 -10.06100 9.66400 6.22600 -8.06700 -2.13600 15.84900 12.30900 7.77200 11.55600 12.01400 10.60000
91.00000 -13.81400 -14.52600 -5.98100 -4.67900 -9.74500 -10.54900 8.68700 6.22600 -8.06700 -1.16000 14.87200 12.79700 7.28400 12.04400 11.52500 9.62300
92.00000 -14.30300 -17.94400 -7.44600 -4.67900 -10.23400 -14.94300 8.19900 5.73700 -8.55500 -1.64800 15.36100 13.28500 5.81900 12.04400 11.52500 8.64700
93.00000 -16.25600 -23.31500 -8.42300 -5.65600 -11.69800 -20.80300 7.22200 5.24900 -9.04300 -3.60100 16.33700 13.28500 4.35400 10.57900 12.01400 8.15800
94.00000 -18.20900 -27.71000 -9.39900 -7.60900 -14.14000 -23.24400 6.24600 3.78400 -9.53200 -5.06600 16.82500 12.79700 3.37700 9.60300 12.01400 7.67000
95.00000 -20.16200 -27.22200 -10.37600 -9.56200 -16.58100 -19.33800 4.78100 2.31900 -8.55500 -4.57800 16.82500 12.30900 4.35400 10.09100 12.50200 8.64700
96.00000 -21.62700 -22.82700 -11.35300 -11.51500 -18.04600 -11.52500 3.80500 0.85400 -7.09000 -2.13600 17.31400 11.82000 6.30700 12.53300 13.47900 10.60000
97.00000 -21.62700 -17.45600 -11.84100 -12.49200 -17.55800 -3.71300 3.80500 -0.61000 -4.16100 2.25800 17.80200 12.30900 8.74800 15.95100 14.94300 13.52900
98.00000 -21.62700 -15.01500 -11.84100 -12.00400 -15.60500 -0.78300 5.26900 -1.09900 -1.23100 6.65300 18.77800 12.30900 9.72500 18.88000 16.40800 15.97100
99.00000 -20.16200 -17.45600 -10.37600 -10.05000 -12.67500 -2.73600 7.71100 -0.61000 1.69900 9.09400 19.75500 12.79700 10.21300 19.85700 17.38500 16.94700
100.00000 -18.69700 -21.85100 -8.42300 -8.09700 -9.74500 -6.64300 9.66400 -0.61000 4.62800 10.07100 20.73200 12.30900 10.70100 20.34500 16.89700 16.45900
101.00000 -17.72100 -25.26900 -7.44600 -6.63200 -7.30400 -8.59600 10.64000 -0.12200 7.07000 9.58300 20.73200 11.82000 11.19000 20.34500 16.40800 15.97100
102.00000 -17.72100 -24.78000 -7.93500 -5.65600 -6.81600 -7.61900 9.66400 -0.12200 9.02300 9.09400 20.24300 11.33200 12.16600 20.83300 15.43200 15.48300
103.00000 -18.20900 -21.36200 -9.39900 -6.14400 -7.30400 -5.17800 9.17600 0.36600 10.48800 7.62900 19.26700 10.84400 13.63100 20.83300 15.43200 15.48300
104.00000 -19.67400 -17.94400 -11.35300 -6.63200 -8.28000 -4.69000 8.19900 0.36600 11.46400 5.67600 18.29000 10.84400 13.63100 18.88000 15.43200 14.50600
105.00000 -20.16200 -15.50300 -11.84100 -7.12100 -7.79200 -7.61900 8.68700 1.34300 10.97600 2.74700 17.80200 10.84400 12.65500 16.43900 15.43200 13.52900
106.00000 -20.16200 -15.50300 -10.37600 -7.12100 -6.81600 -11.52500 8.68700 2.31900 10.48800 0.30500 17.31400 10.35600 11.67800 13.50900 14.45500 12.55300
107.00000 -18.69700 -15.50300 -6.95800 -6.63200 -5.35100 -13.47900 9.17600 2.80800 10.48800 -0.67100 17.80200 10.84400 11.19000 12.53300 13.96700 12.55300
108.00000 -17.23200 -15.99100 -4.51700 -6.14400 -3.88600 -11.03700 9.17600 3.78400 10.00000 0.79300 18.29000 11.82000 12.16600 13.99700 14.45500 13.52900
109.00000 -15.76700 -15.50300 -3.54000 -5.65600 -3.39800 -6.15400 9.17600 4.27200 9.51100 3.72300 19.75500 13.28500 13.63100 16.92700 15.92000 15.48300
110.00000 -15.76700 -15.50300 -5.00500 -6.14400 -4.37400 -0.78300 9.17600 5.24900 7.55800 6.16500 20.73200 14.75000 14.11900 18.39200 18.36100 16.94700
111.00000 -16.74400 -16.47900 -7.93500 -7.12100 -5.35100 0.68200 9.66400 5.73700 3.65200 6.16500 21.70800 14.75000 13.14300 17.41500 19.33800 16.94700
112.00000 -18.20900 -17.45600 -10.86400 -8.09700 -7.30400 -1.76000 9.66400 6.22600 -1.23100 3.23500 20.73200 14.75000 10.70100 13.99700 17.87300 14.50600
113.00000 -19.18500 -18.92100 -11.84100 -8.58600 -9.74500 -6.15400 8.68700 5.73700 -6.60200 -0.67100 18.77800 13.28500 7.28400 10.09100 15.43200 11.08800
114.00000 -19.67400 -19.40900 -11.35300 -8.58600 -12.18700 -10.06100 6.73400 4.76100 -10.50800 -4.57800 16.82500 12.79700 5.33000 7.65000 12.50200 8.15800
115.00000 -20.16200 -19.40900 -11.35300 -9.07400 -14.14000 -12.01400 4.29300 3.29600 -11.97300 -6.04200 14.87200 11.82000 4.84200 8.13800 10.54900 7.18200
116.00000 -21.13900 -18.92100 -12.32900 -10.05000 -15.11600 -12.99000 2.34000 1.83100 -10.50800 -4.57800 12.91900 11.33200 5.81900 10.57900 9.57200 7.18200
117.00000 -23.09200 -19.40900 -15.74700 -11.51500 -15.11600 -13.47900 0.87500 0.36600 -6.60200 -1.64800 11.45400 9.86700 7.77200 13.50900 9.08400 7.67000
118.00000 -24.55600 -21.36200 -19.16500 -12.49200 -14.14000 -15.43200 0.38700 -0.61000 -2.69600 1.28200 10.96600 9.37900 9.23700 15.46200 9.08400 8.15800
119.00000 -25.04500 -23.80400 -20.14200 -13.46800 -13.16300 -17.87300 1.36300 -1.58700 0.23400 3.23500 12.43100 9.37900 9.72500 16.43900 9.08400 9.13500
120.00000 -24.06800 -25.26900 -17.21200 -13.95700 -12.18700 -18.85000 3.31600 -1.58700 2.18700 4.70000 15.36100 10.35600 10.70100 16.92700 11.03700 11.57600
121.00000 -22.60300 -25.26900 -11.35300 -12.98000 -11.69800 -17.38500 5.26900 -1.09900 3.16400 5.67600 19.26700 12.30900 11.67800 18.39200 14.94300 14.99400
122.00000 -20.65000 -23.31500 -5.98100 -12.00400 -11.69800 -13.47900 7.71100 -1.09900 3.16400 7.14100 23.17300 13.77400 12.16600 19.85700 19.33800 18.41200
123.00000 -18.69700 -19.40900 -2.56300 -10.53900 -11.21000 -8.59600 9.66400 -1.09900 2.67500 8.11800 25.61400 14.26200 12.65500 21.32200 21.77900 20.85400
124.00000 -16.25600 -15.99100 -2.07500 -9.56200 -9.74500 -4.69000 10.64000 -1.09900 2.18700 9.09400 25.61400 13.77400 12.65500 23.27500 22.75600 21.83000
125.00000 -13.81400 -13.06200 -3.05200 -8.58600 -7.79200 -2.24800 11.61700 -2.07500 2.18700 10.07100 24.63800 12.30900 12.65500 24.74000 22.26800 21.83000
126.00000 -10.88500 -10.13200 -4.02800 -6.63200 -4.86200 -0.29500 11.61700 -2.56300 2.18700 11.53600 23.66100 11.33200 12.65500 25.71600 21.29100 21.83000
127.00000 -8.44300 -6.71400 -4.02800 -4.19100 -2.42100 2.14600 11.61700 -3.54000 2.18700 14.46500 22.68500 10.84400 13.14300 27.18100 20.80300 21.83000
128.00000 -6.49000 -2.80800 -3.54000 -2.23800 -0.46800 5.56400 11.12900 -3.54000 3.65200 16.90700 21.70800 10.35600 13.63100 28.15800 21.29100 22.80700
129.00000 -5.02500 -0.36600 -3.05200 -0.28500 1.48500 9.47100 10.64000 -2.56300 4.62800 18.37200 21.70800 10.35600 13.14300 27.66900 21.29100 23.29500
130.00000 -4.53700 -0.36600 -2.56300 1.18000 2.46200 10.44700 10.15200 -1.09900 5.11700 16.90700 20.73200 9.86700 11.67800 25.71600 19.82600 21.83000
131.00000 -5.02500 -3.29600 -1.58700 1.66800 2.46200 8.49400 9.66400 0.85400 5.60500 13.00000 19.75500 9.37900 9.23700 22.29800 17.87300 18.41200
132.00000 -6.00200 -6.71400 -1.09900 1.66800 1.48500 4.10000 9.17600 2.80800 4.62800 7.62900 18.29000 8.89100 7.28400 18.88000 15.43200 15.48300
133.00000 -7.95500 -10.62000 -0.61000 0.69200 0.50900 -2.24800 8.68700 4.27200 5.11700 3.23500 16.82500 9.37900 6.79500 15.46200 13.47900 12.55300
134.00000 -10.39600 -11.59700 -1.09900 -0.28500 -0.95600 -7.61900 8.68700 4.27200 5.11700 0.79300 16.82500 10.35600 7.77200 13.02100 12.50200 11.57600
135.00000 -13.81400 -12.08500 -4.51700 -1.75000 -2.42100 -11.03700 8.68700 4.76100 5.11700 -0.67100 17.31400 11.82000 9.23700 12.04400 12.01400 11.57600
136.00000 -15.76700 -12.08500 -7.93500 -2.72600 -2.42100 -12.50200 9.17600 5.24900 5.11700 -2.13600 19.26700 12.79700 9.72500 11.55600 11.52500 11.08800
137.00000 -17.23200 -13.55000 -11.84100 -2.72600 -3.39800 -12.50200 8.68700 5.24900 3.65200 -3.60100 19.26700 12.79700 9.23700 11.55600 11.52500 10.60000
138.00000 -17.23200 -15.50300 -13.30600 -2.72600 -3.88600 -12.50200 7.22200 4.76100 2.18700 -6.04200 19.26700 11.82000 7.77200 11.06800 11.52500 9.13500
139.00000 -16.74400 -16.96800 -14.28200 -3.21500 -4.86200 -12.99000 5.75800 3.78400 1.21100 -7.01900 18.77800 10.84400 6.79500 11.06800 11.03700 8.64700
140.00000 -16.74400 -17.94400 -16.23500 -4.67900 -5.83900 -13.96700 4.29300 1.83100 0.72200 -6.04200 17.31400 9.86700 7.28400 12.04400 11.03700 9.13500
141.00000 -17.72100 -19.40900 -18.18800 -7.12100 -6.81600 -14.45500 2.34000 -0.61000 1.69900 -3.11300 16.33700 8.89100 8.74800 13.50900 10.54900 10.11100
142.00000 -19.67400 -20.87400 -20.63000 -10.05000 -6.32700 -14.94300 0.38700 -3.05200 2.18700 0.79300 15.36100 8.40300 10.70100 15.95100 10.54900 12.06500
143.00000 -21.13900 -22.33900 -21.11800 -12.98000 -6.32700 -13.96700 -0.59000 -5.00500 2.67500 4.21100 14.87200 7.91400 11.67800 17.90400 11.52500 13.52900
144.00000 -21.62700 -21.36200 -20.14200 -14.44500 -6.32700 -12.01400 -1.56700 -6.47000 2.18700 5.67600 14.87200 7.91400 11.67800 19.36800 13.47900 14.50600
145.00000 -22.11500 -17.94400 -17.70000 -15.91000 -6.81600 -10.54900 -2.05500 -7.44600 1.69900 6.65300 15.84900 8.40300 12.16600 20.34500 16.40800 15.97100
146.00000 -22.11500 -13.55000 -16.23500 -16.39800 -8.28000 -9.57200 -1.56700 -8.42300 2.18700 7.62900 16.33700 8.89100 12.65500 20.34500 19.33800 17.43600
147.00000 -22.60300 -12.08500 -17.70000 -17.37500 -9.74500 -9.57200 -1.07800 -8.42300 2.67500 8.60600 16.82500 9.86700 13.63100 20.83300 20.31500 18.41200
148.00000 -24.06800 -15.01500 -20.14200 -17.86300 -10.72200 -10.54900 -0.59000 -8.42300 3.16400 9.58300 16.82500 9.86700 14.60800 21.32200 19.82600 18.90100
149.00000 -26.02100 -21.36200 -23.07100 -17.86300 -11.21000 -10.54900 -0.10200 -7.93500 3.16400 9.58300 15.84900 9.86700 14.11900 21.81000 17.87300 17.92400
150.00000 -26.51000 -27.71000 -23.56000 -16.88600 -12.18700 -9.57200 -0.59000 -6.95800 2.18700 8.11800 14.87200 9.86700 12.65500 21.81000 15.43200 15.97100
151.00000 -25.53300 -29.17500 -21.11800 -15.42200 -12.67500 -7.61900 -0.59000 -5.49300 0.23400 6.65300 13.40700 9.86700 10.21300 20.83300 13.96700 14.99400
152.00000 -23.09200 -26.24500 -16.23500 -13.95700 -12.67500 -6.64300 -0.10200 -4.51700 -1.23100 4.70000 12.91900 9.86700 7.77200 19.36800 13.96700 13.52900
153.00000 -20.16200 -20.38600 -10.86400 -12.00400 -11.21000 -7.61900 1.36300 -4.02800 -1.71900 4.21100 13.40700 9.37900 6.30700 16.92700 14.94300 14.01800
154.00000 -17.72100 -15.50300 -6.95800 -10.53900 -9.74500 -9.57200 3.31600 -3.54000 -1.71900 4.21100 14.38400 9.37900 5.81900 14.97400 15.92000 14.50600
155.00000 -15.76700 -14.03800 -5.49300 -9.07400 -9.25700 -12.01400 6.24600 -2.56300 -1.23100 4.70000 15.84900 9.86700 5.81900 13.50900 16.40800 14.50600
156.00000 -15.27900 -14.52600 -5.49300 -7.60900 -9.25700 -12.50200 8.19900 -1.09900 -0.25400 4.70000 17.80200 10.35600 6.30700 12.53300 16.40800 14.01800
157.00000 -15.76700 -15.99100 -6.47000 -6.63200 -10.23400 -11.52500 9.66400 0.36600 0.72200 4.21100 20.24300 11.82000 6.79500 11.55600 16.89700 13.52900
158.00000 -17.23200 -16.47900 -7.93500 -6.63200 -10.72200 -10.06100 10.15200 2.31900 1.69900 2.25800 21.70800 12.79700 7.77200 11.06800 17.87300 13.04100
159.00000 -18.20900 -16.47900 -9.39900 -6.63200 -9.74500 -9.57200 9.66400 3.78400 2.67500 -0.18300 22.19600 13.28500 8.26000 10.57900 18.36100 13.04100
160.00000 -19.67400 -17.45600 -10.86400 -7.60900 -7.30400 -10.54900 8.19900 3.78400 3.16400 -2.13600 21.22000 12.79700 9.23700 10.09100 17.87300 12.55300
161.00000 -20.16200 -20.38600 -12.81700 -9.07400 -5.35100 -12.99000 6.73400 2.80800 3.16400 -3.60100 18.77800 10.84400 8.74800 8.62600 14.94300 11.08800
162.00000 -21.13900 -24.29200 -13.79400 -9.56200 -4.37400 -14.45500 4.78100 1.34300 3.16400 -4.08900 15.36100 8.89100 8.26000 7.16100 11.52500 8.64700
163.00000 -21.13900 -27.22200 -14.28200 -9.56200 -5.83900 -14.45500 3.31600 -0.12200 2.18700 -4.57800 12.91900 6.93800 6.30700 5.69700 8.59600 6.69400
164.00000 -20.65000 -26.24500 -13.30600 -9.07400 -7.79200 -12.99000 3.31600 -0.12200 1.21100 -5.06600 11.94300 6.44900 5.33000 4.23200 7.61900 4.74000
165.00000 -19.18500 -21.36200 -10.86400 -8.09700 -9.74500 -10.54900 3.80500 -0.12200 0.23400 -5.55400 12.91900 6.93800 3.86600 3.25500 9.08400 5.22900
166.00000 -17.23200 -13.55000 -8.42300 -6.63200 -10.72200 -7.61900 4.78100 0.36600 -0.25400 -5.06600 13.89600 7.42600 3.37700 2.76700 11.03700 5.71700
167.00000 -15.27900 -7.69000 -5.98100 -6.14400 -11.21000 -6.15400 5.26900 0.36600 -0.74300 -4.08900 12.91900 7.42600 3.37700 3.74300 11.03700 6.69400
168.00000 -14.79100 -7.69000 -5.00500 -5.65600 -11.21000 -6.64300 3.80500 -0.61000 -1.71900 -3.60100 9.98900 5.47300 3.37700 5.20800 8.59600 6.69400
169.00000 -16.25600 -13.55000 -6.47000 -6.14400 -11.21000 -10.06100 1.36300 -2.07500 -2.20700 -3.11300 5.10700 3.03100 2.40100 7.16100 5.17800 6.20500
170.00000 -19.18500 -21.36200 -9.39900 -7.12100 -10.23400 -14.45500 -2.05500 -3.54000 -2.20700 -3.11300 1.20000 1.07800 1.42400 8.62600 2.73600 5.22900
171.00000 -21.13900 -26.73300 -13.30600 -8.09700 -8.76900 -16.89700 -4.00800 -4.02800 -2.20700 -3.60100 -1.24100 0.10200 0.93600 9.60300 2.73600 4.74000
172.00000 -22.60300 -26.73300 -15.25900 -9.56200 -6.81600 -16.40800 -5.47300 -4.51700 -2.20700 -2.13600 -0.75300 0.10200 1.42400 9.60300 4.20100 4.74000
173.00000 -22.11500 -22.33900 -16.23500 -10.53900 -6.32700 -13.96700 -5.96100 -4.51700 -1.23100 0.30500 1.20000 1.56700 2.88900 10.09100 4.69000 5.22900
174.00000 -22.11500 -17.94400 -16.23500 -12.00400 -7.79200 -11.52500 -6.44900 -4.51700 -0.25400 2.74700 2.66500 2.54300 5.33000 10.57900 3.71300 5.71700
175.00000 -22.60300 -17.45600 -16.72400 -13.46800 -10.72200 -11.52500 -6.44900 -4.51700 0.72200 4.21100 3.64200 3.03100 7.77200 12.04400 1.76000 5.71700
176.00000 -24.55600 -20.87400 -17.21200 -14.44500 -14.14000 -12.99000 -5.96100 -4.51700 1.69900 4.21100 4.13000 4.00800 9.72500 13.02100 0.78300 6.20500
177.00000 -26.51000 -26.24500 -18.18800 -14.44500 -15.11600 -15.43200 -4.00800 -4.02800 1.69900 2.74700 6.08300 5.96100 10.70100 13.50900 3.71300 7.18200
178.00000 -27.48600 -29.17500 -18.18800 -13.46800 -13.65200 -15.43200 -1.07800 -3.05200 2.67500 1.77000 9.98900 8.89100 11.19000 13.99700 9.57200 8.64700
179.00000 -26.51000 -27.71000 -17.21200 -12.98000 -10.23400 -13.96700 1.85100 -2.56300 3.16400 1.77000 15.36100 10.84400 11.67800 13.99700 15.43200 11.57600
180.00000 -24.06800 -22.82700 -15.25900 -12.00400 -6.81600 -11.03700 4.29300 -2.07500 4.14000 4.21100 19.26700 12.30900 12.65500 15.95100 19.33800 13.52900
181.00000 -21.13900 -17.45600 -13.30600 -12.00400 -4.86200 -9.57200 5.26900 -2.56300 4.62800 6.65300 20.73200 11.82000 13.14300 17.90400 19.33800 15.48300
182.00000 -19.18500 -13.55000 -11.84100 -12.00400 -4.86200 -8.59600 5.75800 -2.56300 5.11700 9.09400 20.73200 11.33200 13.63100 19.85700 18.36100 16.45900
183.00000 -18.69700 -13.55000 -10.86400 -11.51500 -6.32700 -6.64300 6.24600 -2.07500 4.62800 10.07100 20.73200 11.33200 14.11900 20.83300 17.87300 18.41200
184.00000 -18.69700 -15.01500 -10.37600 -11.51500 -7.30400 -4.20100 8.19900 -0.61000 4.14000 9.58300 21.70800 12.30900 14.60800 20.83300 20.31500 20.36500
185.00000 -18.69700 -17.45600 -9.39900 -10.53900 -7.30400 -1.27200 10.15200 1.34300 4.14000 9.09400 24.63800 14.75000 15.09600 20.83300 25.19700 23.29500
186.00000 -17.72100 -18.43300 -8.42300 -9.56200 -6.32700 0.19300 12.10500 2.80800 4.14000 8.60600 27.56800 16.70300 16.07300 21.81000 29.59200 25.24800
187.00000 -16.25600 -17.94400 -5.98100 -7.60900 -4.37400 -0.78300 13.57000 3.78400 5.11700 9.09400 29.52100 17.68000 16.56100 22.78600 32.03300 26.71300
188.00000 -13.81400 -15.50300 -3.54000 -6.14400 -1.93300 -2.73600 14.05800 3.78400 5.60500 10.07100 30.00900 18.16800 16.56100 25.22800 32.03300 27.69000
189.00000 -11.86100 -11.59700 -1.58700 -4.67900 0.50900 -3.22500 14.54700 3.29600 6.09300 10.55900 29.52100 17.68000 16.56100 26.69300 31.05700 28.17800
190.00000 -10.88500 -7.20200 -0.61000 -3.70300 1.48500 -2.24800 14.05800 2.31900 5.60500 10.55900 29.03200 17.68000 16.07300 27.66900 30.08000 28.66600
191.00000 -10.88500 -4.27200 -2.07500 -4.67900 1.48500 -0.29500 13.08200 1.83100 4.62800 9.58300 28.05600 16.70300 15.58400 27.66900 29.10400 28.17800
192.00000 -11.86100 -5.24900 -4.02800 -6.14400 0.50900 1.17000 11.61700 1.83100 3.65200 8.11800 26.59100 15.72700 15.09600 26.69300 27.63900 26.22500
193.00000 -13.81400 -10.13200 -5.98100 -7.60900 -1.44400 0.19300 10.15200 1.34300 3.16400 6.65300 24.63800 13.77400 13.63100 24.74000 23.73300 23.29500
194.00000 -15.27900 -15.50300 -6.47000 -9.07400 -3.88600 -1.27200 8.68700 0.85400 2.18700 6.16500 20.73200 11.33200 12.16600 21.81000 19.33800 19.87700
195.00000 -16.25600 -17.94400 -4.02800 -8.58600 -5.35100 -2.24800 8.68700 0.85400 2.18700 5.67600 18.29000 10.35600 11.19000 18.88000 16.40800 17.43600
196.00000 -15.27900 -15.01500 -0.61000 -7.60900 -6.32700 -2.24800 9.17600 0.85400 2.18700 6.65300 17.31400 10.35600 11.19000 16.43900 15.92000 16.94700
197.00000 -13.81400 -9.15500 1.34300 -6.14400 -7.79200 -2.24800 9.66400 1.34300 1.69900 6.65300 17.80200 10.84400 11.67800 16.43900 17.38500 17.43600
198.00000 -12.34900 -5.24900 -0.12200 -5.16800 -8.76900 -4.69000 9.66400 1.83100 1.21100 7.14100 19.26700 12.30900 13.14300 18.39200 20.31500 18.90100
199.00000 -12.34900 -7.20200 -3.54000 -6.14400 -9.74500 -8.59600 8.68700 1.34300 0.72200 6.65300 20.24300 13.28500 14.11900 20.83300 22.26800 19.87700
200.00000 -14.30300 -15.50300 -7.44600 -7.60900 -10.72200 -11.52500 7.22200 0.85400 0.72200 7.14100 19.75500 13.77400 14.60800 23.27500 23.73300 20.36500
201.00000 -16.25600 -23.31500 -8.91100 -9.07400 -11.21000 -11.52500 6.24600 0.36600 1.69900 9.09400 18.77800 13.77400 15.09600 25.22800 23.24400 20.85400
202.00000 -17.23200 -24.78000 -7.93500 -9.56200 -10.23400 -7.61900 6.24600 -0.12200 2.67500 13.00000 19.26700 14.75000 16.07300 27.18100 22.26800 21.83000
203.00000 -15.76700 -18.43300 -4.51700 -9.07400 -8.76900 -0.78300 8.19900 0.36600 4.14000 17.39500 20.73200 15.23800 17.53700 29.62200 21.77900 23.29500
204.00000 -12.83800 -8.17900 -1.58700 -7.60900 -6.32700 5.07600 11.12900 0.85400 5.60500 20.81300 23.66100 15.72700 18.51400 32.06400 22.26800 24.27200
205.00000 -9.90800 -1.34300 0.85400 -6.14400 -3.39800 8.00600 13.57000 1.34300 6.58200 22.76600 26.59100 16.21500 18.51400 33.52900 24.22100 25.73600
206.00000 -8.44300 -2.80800 1.83100 -5.16800 -1.44400 7.51700 15.52300 2.31900 6.09300 22.27800 29.03200 16.21500 17.53700 33.04000 27.63900 26.22500
207.00000 -8.93100 -10.62000 1.83100 -4.67900 -0.95600 5.56400 16.01200 2.31900 5.11700 19.83600 30.00900 16.21500 15.58400 30.11100 30.08000 25.73600
208.00000 -9.90800 -18.92100 1.34300 -4.19100 -1.44400 3.61100 15.52300 2.31900 3.65200 17.39500 29.03200 15.72700 13.63100 26.20400 29.59200 24.27200
209.00000 -10.88500 -22.33900 -0.12200 -4.19100 -2.42100 1.65800 15.03500 2.31900 2.18700 15.44200 27.07900 14.75000 11.19000 22.78600 27.15000 21.83000
210.00000 -10.88500 -17.45600 -1.58700 -4.19100 -4.37400 0.19300 15.03500 2.80800 1.21100 13.97700 25.12600 13.77400 10.21300 20.83300 22.75600 19.38900
211.00000 -10.39600 -8.66700 -2.56300 -3.70300 -6.81600 -0.78300 15.52300 3.29600 0.72200 12.51200 24.63800 13.77400 9.72500 19.36800 20.31500 17.92400
212.00000 -9.90800 -1.34300 -2.07500 -3.21500 -9.25700 -1.76000 16.50000 4.27200 0.72200 11.04700 25.12600 14.75000 9.72500 18.88000 20.31500 18.41200
213.00000 -9.42000 1.09900 1.34300 -2.72600 -11.21000 -2.24800 17.47600 5.24900 0.72200 9.09400 27.07900 17.19200 10.70100 18.39200 23.73300 19.87700
214.00000 -7.95500 -2.31900 5.73700 -1.75000 -12.18700 -1.76000 18.45300 5.73700 1.21100 7.62900 30.00900 19.63300 11.67800 17.90400 28.12700 22.31900
215.00000 -6.00200 -8.17900 9.15500 -1.26100 -11.21000 -0.78300 18.45300 5.73700 0.72200 7.62900 31.96200 20.61000 12.16600 17.90400 30.56800 23.78300
216.00000 -4.53700 -13.06200 9.64400 -0.28500 -7.79200 -0.29500 18.45300 5.73700 0.72200 8.60600 33.42700 20.61000 12.16600 18.88000 31.05700 23.78300
217.00000 -3.56000 -14.03800 8.17900 -0.77300 -3.88600 0.19300 17.47600 4.27200 0.72200 10.07100 32.93900 19.63300 11.67800 20.83300 29.59200 22.80700
218.00000 -3.56000 -11.59700 4.76100 -0.77300 -0.95600 0.68200 16.01200 3.29600 0.72200 10.07100 31.96200 18.16800 11.67800 22.78600 27.63900 22.31900
219.00000 -5.02500 -7.69000 1.83100 -1.75000 0.02000 1.17000 14.54700 1.83100 0.23400 7.62900 29.03200 16.70300 12.16600 22.78600 26.66200 22.31900
220.00000 -6.97800 -3.78400 -0.61000 -2.72600 -0.46800 1.65800 11.61700 0.36600 0.23400 4.21100 25.61400 15.72700 13.63100 20.83300 25.68600 22.80700
221.00000 -7.46700 -1.83100 -2.07500 -3.70300 -0.95600 2.14600 8.68700 -0.61000 0.23400 2.25800 22.68500 14.75000 15.09600 19.85700 24.70900 23.78300
222.00000 -6.97800 -2.80800 -2.56300 -4.67900 -1.44400 1.65800 5.26900 -1.09900 1.21100 2.25800 19.26700 14.26200 16.56100 20.34500 23.24400 23.78300
223.00000 -6.00200 -4.76100 -3.05200 -4.67900 -1.93300 1.17000 1.85100 -1.09900 1.69900 5.18800 17.80200 14.26200 17.53700 22.29800 21.77900 23.78300
224.00000 -5.02500 -8.17900 -3.54000 -5.16800 -1.93300 -0.29500 0.38700 -0.61000 2.18700 9.09400 17.31400 14.75000 18.51400 25.71600 21.29100 23.29500
225.00000 -6.00200 -11.10800 -5.00500 -5.65600 -3.39800 -1.27200 0.38700 0.36600 2.67500 12.51200 18.77800 15.23800 18.51400 28.64600 22.26800 23.29500
226.00000 -7.95500 -12.57300 -6.95800 -5.65600 -4.37400 -1.76000 3.31600 1.83100 3.16400 14.46500 21.22000 15.72700 18.51400 30.11100 24.22100 23.29500
227.00000 -10.39600 -11.10800 -8.42300 -6.14400 -5.35100 -1.27200 7.71100 2.31900 3.16400 15.93000 23.17300 15.23800 18.02600 30.11100 25.68600 23.78300
228.00000 -10.88500 -7.69000 -8.42300 -6.63200 -5.35100 0.68200 12.10500 2.80800 4.14000 17.88300 24.63800 14.26200 18.02600 29.13400 26.17400 24.27200
229.00000 -9.42000 -3.78400 -5.00500 -6.14400 -3.39800 3.12300 16.50000 2.31900 6.09300 20.32500 25.12600 12.79700 17.04900 29.13400 26.17400 24.76000
230.00000 -6.97800 -2.31900 0.36600 -4.67900 -1.44400 4.10000 18.45300 1.83100 7.55800 21.79000 24.63800 11.33200 16.07300 29.13400 24.70900 24.27200
231.00000 -4.53700 -3.78400 6.71400 -2.23800 0.02000 4.10000 20.40600 2.31900 8.04600 22.27800 24.15000 9.86700 14.11900 29.13400 23.24400 22.80700
232.00000 -4.04900 -7.69000 11.59700 0.20300 0.99700 2.63500 21.87100 2.80800 7.55800 19.83600 23.17300 8.89100 11.67800 27.18100 21.29100 20.85400
233.00000 -4.53700 -11.59700 14.52600 2.64500 0.99700 1.17000 23.33600 3.78400 5.60500 15.93000 22.19600 7.42600 8.74800 23.76300 18.85000 17.92400
234.00000 -5.02500 -13.06200 15.01500 4.59800 1.48500 -0.29500 24.31200 5.24900 3.16400 13.00000 20.73200 5.96100 5.81900 18.88000 15.92000 14.50600
235.00000 -5.51400 -11.10800 14.03800 5.08600 1.97300 -0.29500 24.31200 5.73700 1.69900 11.04700 18.77800 4.98500 2.88900 14.48600 13.47900 11.08800
236.00000 -5.02500 -7.69000 12.08500 5.08600 1.97300 0.68200 22.84700 5.24900 1.69900 11.04700 16.82500 4.00800 1.42400 11.06800 11.52500 7.67000
237.00000 -4.53700 -5.24900 8.66700 4.11000 0.99700 2.63500 19.43000 4.27200 2.18700 11.53600 15.84900 4.00800 0.93600 8.62600 10.54900 5.22900
238.00000 -5.02500 -5.24900 4.27200 1.18000 -0.95600 4.58800 16.01200 3.29600 2.67500 11.04700 15.84900 5.47300 2.40100 7.65000 10.54900 3.76400
239.00000 -7.46700 -8.17900 -1.58700 -2.23800 -3.39800 5.07600 12.10500 2.31900 3.16400 9.58300 16.82500 6.93800 4.84200 7.16100 12.50200 4.25200
240.00000 -11.37300 -12.57300 -7.44600 -5.65600 -5.83900 3.61100 8.68700 2.31900 3.16400 7.14100 17.31400 8.89100 6.79500 6.67300 14.45500 5.22900
241.00000 -14.79100 -15.99100 -10.86400 -8.58600 -6.32700 -0.78300 5.75800 1.83100 2.67500 4.70000 17.80200 10.35600 7.77200 5.69700 15.43200 6.20500
242.00000 -16.25600 -17.94400 -11.35300 -9.07400 -5.35100 -6.64300 3.80500 1.83100 1.69900 2.74700 16.82500 10.35600 6.79500 3.74300 15.43200 6.20500
243.00000 -15.76700 -17.94400 -9.39900 -6.63200 -2.42100 -12.01400 2.82800 1.34300 0.23400 0.30500 15.36100 8.89100 4.35400 1.30200 12.99000 4.74000
244.00000 -12.34900 -14.52600 -5.49300 -1.75000 0.99700 -13.96700 3.80500 0.85400 -1.23100 -2.13600 14.87200 6.44900 1.42400 -0.65100 10.06100 2.78700
245.00000 -6.97800 -8.66700 -0.61000 3.13300 3.92700 -11.52500 6.24600 1.34300 -2.69600 -4.08900 16.33700 5.47300 -0.52900 -1.62800 9.57200 2.78700
246.00000 -1.11900 -1.34300 5.24900 8.50400 6.36800 -5.66600 10.15200 2.31900 -3.18400 -4.08900 20.24300 6.44900 0.44800 0.81400 12.50200 5.71700
247.00000 4.25200 4.51700 11.59700 11.43400 7.83300 1.65800 15.52300 4.27200 -2.69600 -1.64800 24.15000 9.37900 3.86600 6.67300 18.36100 12.06500
248.00000 7.67000 6.95800 17.45600 12.89900 8.32100 7.51700 20.40600 6.22600 -1.71900 2.74700 28.05600 12.79700 8.74800 13.99700 25.19700 19.87700
249.00000 10.11100 5.00500 22.33900 12.89900 7.83300 9.47100 23.33600 8.17900 0.23400 7.14100 29.52100 15.72700 12.65500 21.81000 29.59200 26.71300
250.00000 10.60000 0.12200 23.80400 11.92200 6.36800 6.54100 23.82400 9.15500 1.21100 9.58300 28.54400 16.70300 15.09600 27.66900 30.56800 31.10800
251.00000 9.62300 -3.29600 21.85100 9.96900 4.41500 1.65800 21.87100 8.66700 1.69900 10.07100 26.10300 15.72700 16.07300 31.08700 29.59200 32.57200
252.00000 7.67000 -3.78400 17.45600 8.01600 1.48500 -4.20100 18.94100 7.69000 1.21100 9.58300 23.66100 13.77400 15.58400 32.06400 28.12700 32.08400
253.00000 5.22900 -1.34300 11.59700 5.08600 -0.46800 -7.61900 16.01200 6.22600 0.72200 9.09400 20.73200 11.82000 14.11900 32.55200 26.66200 30.61900
254.00000 2.78700 1.58700 7.20200 2.64500 -0.95600 -8.10800 13.57000 4.27200 1.21100 10.07100 18.29000 9.37900 12.16600 33.04000 25.68600 28.17800
255.00000 0.34600 2.07500 5.73700 1.18000 0.50900 -5.17800 12.10500 2.31900 1.69900 12.02400 14.87200 6.44900 10.21300 33.04000 22.75600 25.24800
256.00000 -1.11900 -0.36600 7.69000 1.18000 3.43800 -0.78300 10.64000 0.36600 3.16400 14.46500 10.96600 1.56700 7.28400 31.08700 17.38500 21.34200
