1.00000 -0.29500 -2.05500 -3.44800 0.51900 0.24400 -3.82500 -0.49800 1.84100 1.83100 -1.57700 2.16700 3.55000 3.04200 -0.73200 2.47200 3.05200
2.00000 2.14600 -0.10200 -1.00700 1.98400 1.22100 -1.87200 0.96600 2.33000 1.83100 -0.60000 2.65500 3.06200 3.04200 0.24400 2.47200 3.05200
3.00000 4.10000 0.87500 1.43400 2.96000 1.70900 0.08100 3.40800 2.81800 2.31900 1.35300 4.12000 4.03800 3.04200 2.19700 3.44800 4.02800
4.00000 5.07600 1.85100 2.41100 3.44800 2.68600 1.54600 5.36100 3.79400 2.80800 2.33000 5.58500 4.52700 3.53000 3.17400 4.42500 5.00500
5.00000 4.58800 1.85100 1.92300 3.44800 2.68600 1.54600 5.36100 3.30600 2.80800 1.84100 5.58500 4.03800 3.04200 3.66200 4.91300 5.49300
6.00000 3.12300 1.36300 -0.51900 2.96000 2.19700 1.05800 3.89600 3.30600 2.31900 0.86500 5.09600 3.55000 2.55300 2.68600 3.93700 5.00500
7.00000 2.14600 0.87500 -1.49500 2.47200 2.19700 0.57000 2.43100 2.33000 1.83100 0.37600 4.12000 2.57400 2.06500 1.70900 2.47200 4.02800
8.00000 3.61100 0.87500 -1.00700 3.44800 2.68600 0.57000 0.96600 2.33000 1.34300 0.86500 3.14300 2.08500 2.06500 1.22100 1.00700 3.05200
9.00000 6.05300 1.85100 1.43400 4.42500 3.66200 1.54600 1.94300 2.33000 1.83100 1.84100 3.63200 1.59700 2.06500 1.70900 0.03100 2.56300
10.00000 8.49400 2.82800 4.36400 5.89000 4.15000 2.52300 3.40800 2.81800 1.83100 1.84100 3.63200 1.10900 2.06500 2.19700 -0.45800 2.07500
11.00000 9.47100 3.31600 7.29400 5.89000 4.63900 3.01100 4.87300 2.81800 2.31900 0.86500 2.65500 1.10900 2.06500 2.68600 -0.94600 1.58700
12.00000 8.98200 2.82800 7.78200 5.89000 3.66200 2.03500 4.87300 2.33000 2.31900 -0.60000 1.67800 0.13200 1.57700 2.19700 -0.45800 1.58700
13.00000 7.51700 1.85100 7.78200 4.91300 3.17400 0.57000 4.87300 2.33000 1.83100 -1.57700 0.70200 -0.35600 0.60000 0.73200 -0.45800 1.58700
14.00000 5.56400 0.38700 6.80500 4.42500 2.19700 -1.38300 4.38400 2.33000 0.36600 -1.08800 0.70200 0.13200 0.11200 -0.24400 -0.45800 1.58700
15.00000 5.07600 0.38700 6.31700 4.42500 2.19700 -1.87200 4.38400 2.33000 -0.12200 -0.11200 1.67800 0.13200 0.11200 -1.22100 -0.94600 1.09900
16.00000 5.56400 1.85100 6.80500 4.91300 2.68600 -0.40700 4.87300 2.81800 0.36600 0.86500 3.14300 1.10900 0.11200 -0.73200 -0.94600 1.09900
17.00000 6.54100 3.80500 7.78200 5.40200 3.66200 3.01100 6.33700 2.81800 1.34300 1.35300 4.12000 2.08500 0.11200 -0.24400 -0.45800 1.09900
18.00000 7.51700 5.26900 8.27000 5.40200 4.15000 6.42900 6.82600 2.81800 2.31900 1.84100 5.09600 2.57400 0.60000 0.73200 1.00700 2.07500
19.00000 7.51700 5.75800 8.27000 4.91300 4.15000 8.87000 6.82600 2.33000 3.29600 2.81800 5.09600 3.06200 2.06500 2.19700 2.47200 4.02800
20.00000 6.54100 5.75800 7.78200 3.93700 3.66200 9.84700 6.33700 1.84100 4.27200 3.30600 5.09600 3.06200 3.04200 2.68600 4.42500 5.49300
21.00000 5.07600 4.29300 7.29400 3.44800 2.68600 9.35900 5.36100 0.86500 4.27200 3.30600 4.60800 2.57400 4.01800 2.68600 4.42500 6.47000
22.00000 4.58800 3.80500 6.31700 2.96000 2.68600 8.38200 4.38400 0.86500 4.27200 2.33000 4.12000 2.08500 3.53000 1.22100 3.44800 5.00500
23.00000 5.07600 3.31600 6.31700 3.93700 2.19700 7.40600 3.89600 0.37600 3.78400 0.37600 3.63200 1.59700 1.57700 -1.22100 1.49500 2.07500
24.00000 6.05300 3.80500 6.80500 4.42500 2.68600 6.91700 4.38400 0.86500 2.80800 -0.60000 4.60800 2.08500 0.60000 -2.68600 0.03100 -0.36600
25.00000 7.51700 4.78100 7.78200 4.91300 3.17400 6.91700 5.36100 0.86500 1.34300 -0.60000 5.58500 3.06200 0.11200 -2.19700 1.49500 0.12200
26.00000 8.98200 5.75800 8.75900 4.91300 3.17400 6.42900 6.33700 0.86500 1.83100 0.86500 7.53800 4.03800 1.57700 0.24400 3.93700 3.05200
27.00000 9.95900 5.75800 8.27000 3.93700 2.68600 5.94100 6.82600 0.86500 2.31900 2.81800 10.46800 6.48000 4.50600 4.15000 7.84300 6.95800
28.00000 9.47100 4.29300 7.78200 2.47200 1.70900 5.45200 6.82600 0.37600 2.80800 3.30600 12.42100 7.94500 6.46000 7.08000 10.77300 9.88800
29.00000 8.00600 3.31600 7.78200 1.49500 0.73200 4.96400 5.84900 0.86500 3.78400 3.30600 13.39700 8.92100 6.94800 7.56800 11.74900 10.37600
30.00000 6.54100 2.34000 7.78200 1.49500 0.24400 4.96400 4.87300 0.86500 3.29600 2.81800 12.42100 8.92100 6.46000 6.10400 10.77300 9.39900
31.00000 6.05300 2.34000 8.27000 2.96000 0.24400 4.47600 3.89600 0.86500 2.80800 2.81800 10.46800 7.45600 4.99500 3.17400 8.33100 6.95800
32.00000 6.54100 4.29300 8.75900 3.93700 1.22100 4.47600 2.43100 0.37600 2.31900 4.28300 8.02600 5.50300 4.01800 1.22100 5.40200 5.49300
33.00000 8.00600 6.24600 8.75900 4.91300 2.19700 4.47600 0.96600 -1.08800 2.80800 5.25900 4.60800 3.55000 3.53000 0.73200 2.96000 4.02800
34.00000 9.47100 7.71100 7.78200 4.91300 3.66200 4.47600 -0.49800 -2.55300 3.78400 5.25900 2.16700 2.08500 4.01800 1.70900 1.00700 4.02800
35.00000 9.95900 7.71100 6.80500 3.93700 3.66200 4.47600 -1.47500 -3.04200 4.27200 4.28300 0.70200 1.59700 4.01800 2.68600 0.51900 3.54000
36.00000 9.47100 7.22200 5.82900 3.44800 2.68600 4.96400 -1.96300 -3.04200 4.27200 3.30600 0.70200 2.08500 3.53000 2.68600 0.03100 2.56300
37.00000 8.49400 6.73400 6.80500 3.93700 2.19700 5.45200 -1.96300 -2.55300 3.78400 3.79400 1.19000 2.57400 3.04200 2.68600 0.03100 1.58700
38.00000 8.98200 8.19900 8.75900 4.42500 2.68600 6.91700 -1.47500 -2.06500 3.29600 5.25900 2.16700 2.57400 2.55300 2.68600 0.51900 1.09900
39.00000 10.44700 10.64000 11.20000 5.89000 3.66200 8.38200 -0.49800 -2.06500 3.29600 7.21200 2.65500 2.08500 2.55300 3.66200 0.51900 1.58700
40.00000 12.88900 13.08200 14.13000 6.86600 4.63900 9.84700 0.47800 -2.06500 3.78400 8.18900 2.16700 1.59700 2.55300 4.63900 1.00700 2.07500
41.00000 14.84200 14.05800 16.08300 7.35500 5.12700 9.84700 0.96600 -2.06500 3.78400 7.21200 1.19000 1.10900 2.06500 4.15000 0.03100 1.58700
42.00000 15.81800 13.08200 16.57100 7.35500 4.15000 8.38200 0.47800 -2.06500 3.29600 5.25900 -0.76300 0.13200 0.60000 2.19700 -1.43400 0.12200
43.00000 14.84200 11.61700 16.57100 7.35500 2.68600 5.94100 -0.49800 -2.06500 1.83100 2.81800 -2.71600 -1.33300 -1.84100 -1.22100 -4.36400 -2.80800
44.00000 12.88900 9.66400 15.10600 7.35500 1.70900 3.98800 -1.96300 -2.06500 0.85400 1.84100 -5.15700 -3.28600 -3.79400 -4.63900 -7.29400 -6.22600
45.00000 10.44700 8.68700 13.64100 7.35500 1.70900 3.49900 -3.42800 -3.04200 -0.12200 2.33000 -7.11100 -4.75100 -5.74700 -7.08000 -9.73500 -8.17900
46.00000 9.95900 8.68700 12.17700 7.35500 2.68600 3.98800 -3.91600 -3.53000 -0.61000 3.30600 -9.06400 -6.21500 -6.23600 -8.54500 -10.71200 -9.15500
47.00000 9.95900 10.15200 11.20000 7.35500 4.63900 5.94100 -3.91600 -4.01800 -0.61000 3.79400 -10.04000 -6.21500 -5.74700 -9.03300 -10.71200 -9.15500
48.00000 10.93500 11.12900 11.20000 7.84300 6.10400 6.42900 -3.42800 -4.01800 -0.61000 2.81800 -10.04000 -6.21500 -5.74700 -8.54500 -10.22300 -8.66700
49.00000 11.42400 12.10500 11.20000 8.82000 6.59200 6.42900 -2.94000 -3.53000 -0.12200 1.84100 -10.04000 -5.72700 -5.25900 -8.05700 -9.73500 -8.66700
50.00000 11.42400 12.59400 11.20000 8.82000 6.10400 5.94100 -3.42800 -3.53000 0.36600 0.37600 -9.06400 -5.23900 -5.25900 -8.05700 -9.24700 -8.66700
51.00000 10.44700 12.59400 10.71200 8.33100 5.12700 5.94100 -4.40500 -3.53000 0.85400 -0.11200 -9.06400 -5.23900 -4.77100 -7.08000 -8.75900 -8.17900
52.00000 8.49400 11.61700 9.73500 7.35500 4.15000 7.40600 -5.38100 -4.50600 1.34300 0.37600 -8.57500 -4.75100 -4.28300 -6.10400 -7.29400 -7.20200
53.00000 7.51700 10.64000 7.78200 6.37800 3.66200 8.87000 -6.84600 -4.99500 1.34300 0.37600 -9.06400 -4.75100 -3.79400 -4.15000 -6.31700 -6.71400
54.00000 6.54100 10.15200 6.80500 5.89000 4.15000 10.82400 -7.82300 -5.97100 1.34300 1.35300 -8.57500 -4.75100 -3.30600 -2.68600 -5.34100 -5.24900
55.00000 6.54100 10.15200 6.31700 5.89000 5.12700 11.80000 -8.31100 -5.97100 0.85400 2.33000 -8.08700 -4.75100 -2.81800 -1.70900 -4.36400 -4.27200
56.00000 7.51700 9.66400 5.82900 6.37800 5.61500 11.80000 -8.31100 -6.46000 0.36600 3.30600 -7.11100 -4.75100 -2.33000 -1.22100 -3.87600 -3.29600
57.00000 8.00600 9.17600 6.31700 6.37800 5.12700 10.82400 -8.31100 -6.46000 0.85400 3.79400 -6.13400 -4.26200 -1.84100 -1.22100 -3.38700 -2.80800
58.00000 8.49400 8.19900 6.31700 6.37800 4.15000 9.84700 -8.31100 -6.46000 1.34300 2.81800 -5.64600 -3.77400 -1.35300 -1.22100 -2.41100 -2.31900
59.00000 8.49400 7.71100 6.31700 6.37800 2.68600 8.38200 -8.79900 -6.46000 2.31900 0.86500 -5.64600 -3.28600 -0.86500 -1.22100 -1.43400 -2.80800
60.00000 9.95900 7.71100 6.31700 6.37800 2.19700 7.89400 -9.28800 -6.46000 2.31900 -0.60000 -6.13400 -3.77400 -1.35300 -0.73200 -0.94600 -3.29600
61.00000 11.42400 9.17600 6.80500 6.86600 2.68600 8.38200 -9.77600 -6.94800 2.31900 -2.06500 -7.11100 -4.26200 -1.35300 -0.73200 -1.92300 -4.27200
62.00000 13.37700 10.64000 6.80500 7.84300 3.66200 7.89400 -9.77600 -6.46000 1.83100 -2.06500 -8.08700 -5.23900 -2.33000 -1.22100 -3.38700 -5.24900
63.00000 14.35300 11.12900 6.80500 8.33100 4.63900 6.91700 -9.77600 -5.97100 0.36600 -1.57700 -9.06400 -5.72700 -3.30600 -2.19700 -4.85200 -6.71400
64.00000 14.35300 10.64000 6.80500 8.82000 4.63900 5.94100 -9.28800 -5.48300 -0.12200 -1.57700 -9.06400 -5.72700 -4.28300 -3.17400 -5.34100 -7.20200
65.00000 13.37700 10.15200 6.31700 9.30800 4.63900 5.94100 -8.79900 -4.99500 -0.61000 -2.06500 -8.08700 -5.23900 -4.77100 -3.17400 -5.34100 -7.69000
66.00000 12.88900 10.15200 5.82900 9.30800 4.63900 8.38200 -8.31100 -4.50600 -0.12200 -2.55300 -7.11100 -4.75100 -4.28300 -3.17400 -4.36400 -7.20200
67.00000 12.40000 11.61700 5.82900 9.79600 5.12700 12.77700 -7.33400 -4.01800 0.85400 -1.57700 -6.13400 -4.26200 -3.30600 -1.22100 -2.89900 -6.22600
68.00000 12.40000 14.05800 6.31700 9.79600 6.10400 17.66000 -6.84600 -4.01800 1.83100 0.37600 -5.15700 -4.26200 -1.84100 0.73200 -1.43400 -4.76100
69.00000 12.88900 16.01200 6.80500 9.79600 7.08000 20.58900 -6.84600 -4.50600 2.31900 3.30600 -5.15700 -4.26200 -1.35300 3.17400 -0.94600 -3.29600
70.00000 12.40000 16.50000 6.80500 9.30800 7.56800 20.10100 -7.33400 -4.50600 2.31900 5.74700 -5.15700 -4.26200 -0.86500 4.15000 -0.94600 -2.80800
71.00000 11.91200 15.52300 6.31700 9.30800 7.08000 17.17100 -7.82300 -4.50600 2.31900 6.23600 -5.15700 -4.75100 -1.84100 3.66200 -1.43400 -3.78400
72.00000 11.42400 14.54700 6.80500 9.30800 7.08000 15.21800 -7.82300 -4.99500 1.83100 5.74700 -4.66900 -4.75100 -2.33000 2.68600 -2.41100 -4.76100
73.00000 12.88900 15.52300 7.29400 9.30800 7.56800 14.73000 -7.33400 -4.99500 1.83100 5.25900 -4.66900 -5.23900 -2.81800 1.22100 -2.89900 -5.73700
74.00000 15.33000 16.98800 8.75900 10.28400 8.54500 16.68300 -6.35800 -4.50600 2.80800 4.77100 -4.66900 -5.72700 -2.81800 1.22100 -3.38700 -5.24900
75.00000 17.77100 19.43000 10.22300 11.26100 10.01000 19.61300 -5.38100 -4.50600 2.80800 4.77100 -5.15700 -5.72700 -2.33000 1.22100 -2.89900 -4.27200
76.00000 18.26000 19.91800 10.71200 10.77300 10.49800 20.58900 -5.38100 -4.99500 3.29600 5.25900 -6.13400 -5.72700 -1.84100 0.73200 -2.89900 -3.78400
77.00000 17.28300 18.94100 10.71200 10.28400 10.49800 19.61300 -6.84600 -5.48300 2.80800 5.25900 -6.62200 -6.21500 -1.84100 0.24400 -2.89900 -3.78400
78.00000 13.86500 16.01200 10.22300 8.82000 9.03300 18.14800 -7.82300 -5.97100 1.83100 5.25900 -7.11100 -6.70400 -2.33000 -1.22100 -3.38700 -4.27200
79.00000 10.93500 13.57000 10.22300 8.33100 7.56800 17.17100 -8.31100 -5.48300 0.85400 5.74700 -7.11100 -6.21500 -2.81800 -1.70900 -2.89900 -4.76100
80.00000 9.47100 13.08200 10.71200 8.33100 7.08000 17.66000 -7.33400 -4.50600 0.85400 6.72400 -5.64600 -5.23900 -2.33000 -0.73200 -2.41100 -3.78400
81.00000 9.95900 14.54700 12.17700 8.82000 6.10400 18.63600 -5.87000 -3.53000 0.85400 7.70100 -4.18100 -3.77400 -1.84100 0.24400 -1.43400 -2.31900
82.00000 12.40000 16.50000 13.64100 9.30800 6.59200 18.63600 -3.91600 -2.55300 1.34300 7.21200 -2.22800 -2.30900 -1.84100 1.22100 0.51900 -0.85400
83.00000 13.86500 17.47600 13.64100 9.30800 6.10400 16.19500 -2.94000 -2.06500 1.34300 5.74700 -1.74000 -1.82100 -1.84100 0.24400 1.49500 -0.85400
84.00000 13.86500 16.98800 12.66500 9.30800 5.61500 12.77700 -2.94000 -2.06500 0.36600 3.79400 -1.74000 -2.30900 -2.33000 -2.19700 1.00700 -1.83100
85.00000 11.91200 15.52300 10.71200 8.82000 5.12700 9.84700 -2.94000 -1.57700 -0.61000 3.30600 -2.22800 -2.79700 -2.81800 -4.15000 0.51900 -2.80800
86.00000 9.95900 14.54700 10.22300 8.82000 4.15000 9.35900 -2.45200 -1.57700 -1.58700 4.28300 -3.20400 -3.28600 -2.81800 -4.63900 -0.94600 -3.29600
87.00000 9.47100 14.05800 11.20000 9.30800 4.15000 10.82400 -1.47500 -1.57700 -1.09900 6.23600 -3.20400 -2.79700 -1.84100 -3.17400 -0.45800 -2.80800
88.00000 9.95900 14.54700 13.64100 9.79600 4.63900 12.28800 -0.01000 -1.57700 -0.12200 8.18900 -2.22800 -2.30900 -1.35300 -0.24400 0.51900 -1.34300
89.00000 11.42400 15.52300 16.57100 10.77300 5.12700 12.77700 0.96600 -1.08800 0.85400 8.67700 -1.25100 -1.33300 -0.37600 2.19700 1.98400 0.12200
90.00000 12.88900 15.03500 18.03600 11.26100 5.12700 10.82400 1.45500 -1.08800 1.83100 7.21200 0.21400 -0.84400 0.11200 3.66200 3.93700 1.09900
91.00000 12.88900 14.05800 18.03600 11.26100 4.63900 8.87000 0.96600 -1.08800 1.34300 5.74700 2.16700 -0.35600 0.60000 3.66200 5.89000 2.07500
92.00000 11.91200 12.59400 16.57100 10.28400 4.15000 8.38200 0.47800 -1.08800 1.34300 5.74700 3.63200 0.13200 1.08800 3.66200 7.35500 2.56300
93.00000 10.44700 11.12900 15.59400 10.28400 3.17400 9.84700 0.47800 -1.08800 0.85400 7.70100 4.60800 0.62100 1.57700 4.15000 8.33100 3.05200
94.00000 9.47100 10.64000 14.13000 9.79600 3.17400 12.28800 0.96600 -1.08800 0.85400 10.14200 5.09600 1.10900 1.57700 4.63900 8.33100 3.05200
95.00000 9.47100 10.64000 13.64100 9.30800 3.17400 13.26500 1.45500 -0.60000 1.34300 11.60700 4.60800 1.10900 1.57700 4.63900 7.84300 3.54000
96.00000 9.47100 10.64000 12.66500 8.82000 3.17400 12.77700 0.96600 -1.08800 1.83100 10.14200 3.63200 0.62100 1.08800 4.15000 6.37800 3.05200
97.00000 8.98200 10.15200 11.20000 8.33100 2.68600 10.82400 -0.01000 -1.57700 2.31900 7.21200 1.67800 -0.35600 0.60000 2.68600 4.42500 1.58700
98.00000 8.49400 9.66400 10.71200 7.84300 1.70900 8.87000 -1.47500 -2.06500 1.83100 3.79400 0.21400 -0.84400 0.11200 1.22100 2.47200 0.12200
99.00000 6.54100 9.17600 10.22300 6.86600 1.22100 7.40600 -3.42800 -2.55300 1.34300 2.33000 -1.25100 -1.82100 -0.86500 -0.24400 1.00700 -1.34300
100.00000 5.56400 8.19900 10.71200 6.86600 0.73200 7.40600 -3.91600 -2.55300 0.85400 1.84100 -2.22800 -2.30900 -1.35300 -1.22100 -0.45800 -3.29600
101.00000 5.07600 7.71100 11.68800 6.86600 0.73200 7.40600 -3.91600 -2.55300 -0.12200 2.33000 -2.71600 -2.30900 -2.33000 -2.68600 -1.92300 -4.76100
102.00000 5.56400 7.22200 12.66500 7.35500 1.70900 6.91700 -3.42800 -2.55300 -1.09900 2.33000 -3.20400 -2.79700 -3.30600 -3.66200 -2.89900 -5.24900
103.00000 6.54100 8.19900 13.15300 7.84300 2.68600 5.45200 -3.42800 -2.55300 -0.61000 1.35300 -3.69300 -3.77400 -3.79400 -3.66200 -4.36400 -6.22600
104.00000 8.00600 9.66400 12.66500 7.84300 3.66200 4.96400 -3.91600 -3.04200 0.36600 0.37600 -5.15700 -4.75100 -3.79400 -3.17400 -5.34100 -6.22600
105.00000 8.98200 11.12900 11.68800 7.35500 4.63900 5.45200 -5.38100 -3.53000 1.34300 1.35300 -6.13400 -5.72700 -3.79400 -2.19700 -5.34100 -5.73700
106.00000 8.98200 12.10500 10.71200 6.86600 5.12700 6.42900 -6.35800 -4.01800 1.83100 3.30600 -6.62200 -6.21500 -3.30600 -2.19700 -4.85200 -6.22600
107.00000 8.98200 12.10500 10.22300 6.86600 4.63900 7.40600 -6.84600 -4.01800 0.85400 5.25900 -6.13400 -6.21500 -3.79400 -2.68600 -4.85200 -6.22600
108.00000 8.00600 11.12900 10.22300 6.86600 4.15000 7.40600 -6.84600 -3.53000 -0.61000 5.25900 -5.15700 -5.72700 -4.77100 -4.63900 -4.36400 -7.20200
109.00000 7.02900 9.66400 10.71200 6.86600 3.17400 6.91700 -5.38100 -3.04200 -2.56300 3.79400 -3.69300 -4.75100 -5.74700 -6.59200 -4.36400 -7.20200
110.00000 6.54100 9.17600 11.68800 6.37800 2.68600 6.42900 -3.91600 -2.06500 -3.05200 0.86500 -2.71600 -3.77400 -5.74700 -7.56800 -3.87600 -6.71400
111.00000 6.05300 9.17600 13.15300 6.37800 3.17400 5.94100 -2.45200 -2.06500 -2.56300 -1.57700 -2.22800 -2.79700 -5.25900 -6.59200 -2.89900 -5.73700
112.00000 6.54100 10.64000 13.64100 6.86600 3.17400 5.94100 -1.47500 -1.57700 -1.58700 -2.06500 -1.74000 -2.30900 -4.28300 -4.63900 -1.92300 -4.27200
113.00000 7.51700 12.10500 14.61800 7.35500 3.66200 5.94100 -0.98700 -1.57700 -1.09900 -0.60000 -1.25100 -2.30900 -3.79400 -2.68600 -0.94600 -2.80800
114.00000 9.47100 13.57000 15.59400 8.33100 3.66200 5.94100 -0.98700 -1.57700 -1.58700 1.84100 -1.25100 -2.30900 -3.79400 -1.70900 -0.45800 -2.31900
115.00000 11.91200 14.54700 16.57100 8.82000 4.15000 6.91700 -0.98700 -1.57700 -1.58700 4.77100 -0.76300 -2.79700 -3.79400 -1.70900 1.00700 -2.31900
116.00000 13.37700 16.01200 17.05900 9.30800 5.12700 8.38200 -0.98700 -2.06500 -1.58700 6.23600 -0.27500 -2.79700 -3.30600 -1.22100 1.98400 -2.31900
117.00000 14.35300 16.50000 17.54800 9.30800 7.08000 11.31200 -1.47500 -2.55300 -0.61000 7.21200 0.70200 -3.28600 -3.30600 -1.22100 2.96000 -1.83100
118.00000 14.35300 16.98800 16.57100 8.82000 8.54500 13.26500 -1.96300 -3.04200 0.36600 7.70100 1.19000 -3.28600 -2.81800 -0.24400 3.93700 -1.34300
119.00000 13.86500 16.98800 15.59400 8.82000 9.52100 14.73000 -2.45200 -4.01800 2.31900 8.67700 1.19000 -3.28600 -1.84100 0.24400 3.93700 -0.36600
120.00000 13.37700 16.50000 14.13000 8.82000 10.01000 14.24200 -2.45200 -4.50600 2.80800 9.65400 0.21400 -3.77400 -1.35300 1.22100 3.44800 0.12200
121.00000 13.86500 15.52300 13.64100 8.82000 9.52100 12.77700 -2.94000 -4.50600 3.29600 9.16500 -0.76300 -4.26200 -0.86500 1.70900 2.47200 0.61000
122.00000 14.84200 15.52300 13.64100 8.82000 9.03300 11.80000 -3.42800 -4.50600 3.29600 7.70100 -2.22800 -4.75100 -0.86500 2.19700 1.98400 0.12200
123.00000 15.81800 16.50000 14.61800 8.82000 9.03300 11.80000 -3.91600 -4.01800 2.31900 5.74700 -2.71600 -4.75100 -1.35300 1.22100 1.49500 -0.36600
124.00000 15.81800 16.98800 15.59400 8.82000 9.03300 11.80000 -3.91600 -3.53000 1.34300 4.28300 -2.71600 -4.26200 -2.33000 0.24400 1.49500 -1.83100
125.00000 15.81800 16.98800 16.08300 8.82000 8.54500 11.80000 -3.91600 -3.04200 -0.12200 3.30600 -2.22800 -3.77400 -3.30600 -1.70900 1.49500 -2.31900
126.00000 15.81800 16.01200 16.08300 8.82000 7.56800 9.84700 -2.94000 -2.55300 -1.09900 3.30600 -1.74000 -3.28600 -3.79400 -3.17400 1.98400 -2.80800
127.00000 15.81800 14.54700 15.10600 9.30800 6.10400 7.89400 -2.45200 -2.06500 -1.09900 3.30600 -1.25100 -2.79700 -3.79400 -3.66200 1.98400 -2.31900
128.00000 16.30700 13.57000 13.64100 9.30800 5.61500 6.42900 -1.96300 -2.55300 -0.61000 2.81800 -2.22800 -3.77400 -3.30600 -3.17400 2.47200 -1.83100
129.00000 16.30700 13.08200 12.66500 9.30800 6.10400 5.45200 -2.45200 -3.04200 -0.12200 1.84100 -3.20400 -4.75100 -2.81800 -2.19700 1.98400 -1.83100
130.00000 15.81800 13.57000 12.17700 9.30800 6.59200 5.45200 -2.94000 -3.04200 -0.12200 0.86500 -4.18100 -4.75100 -2.81800 -0.73200 1.98400 -1.83100
131.00000 14.84200 14.05800 12.17700 8.82000 6.10400 5.94100 -3.42800 -3.04200 -0.61000 0.86500 -3.69300 -4.75100 -2.81800 0.24400 2.47200 -1.34300
132.00000 13.86500 13.57000 12.17700 7.84300 5.12700 5.94100 -2.94000 -2.55300 -1.09900 1.84100 -2.71600 -3.28600 -2.33000 0.73200 2.96000 -0.36600
133.00000 13.37700 13.08200 12.17700 7.84300 4.15000 4.96400 -1.96300 -2.55300 -1.58700 2.33000 -1.25100 -2.79700 -1.84100 0.73200 3.93700 0.12200
134.00000 13.37700 12.59400 12.17700 7.84300 3.66200 3.98800 -1.47500 -2.55300 -1.58700 2.33000 -0.27500 -2.79700 -1.84100 0.24400 3.93700 -0.36600
135.00000 14.35300 12.59400 12.17700 7.84300 4.63900 3.98800 -1.47500 -2.06500 -1.09900 1.84100 -1.25100 -3.77400 -2.81800 -0.73200 2.96000 -0.85400
136.00000 15.33000 13.57000 12.66500 8.33100 5.61500 4.47600 -1.96300 -2.06500 -1.09900 0.37600 -2.71600 -4.75100 -3.79400 -1.70900 1.49500 -1.83100
137.00000 15.81800 14.05800 13.64100 8.33100 6.10400 4.47600 -2.94000 -2.06500 -1.09900 0.37600 -3.69300 -5.23900 -3.79400 -1.70900 1.00700 -1.83100
138.00000 15.81800 14.05800 15.10600 8.33100 6.10400 4.47600 -3.42800 -1.57700 -1.09900 1.35300 -3.69300 -4.75100 -2.81800 -1.22100 1.49500 -0.85400
139.00000 15.81800 14.05800 16.57100 7.84300 5.61500 3.98800 -3.42800 -2.06500 -0.61000 3.30600 -3.20400 -4.26200 -1.84100 0.24400 2.47200 0.12200
140.00000 15.81800 13.57000 16.57100 7.84300 5.61500 3.49900 -3.42800 -2.55300 0.36600 4.77100 -2.22800 -3.77400 -0.86500 1.70900 2.96000 0.61000
141.00000 15.33000 14.05800 16.08300 7.84300 5.61500 3.49900 -3.91600 -3.04200 1.34300 4.77100 -1.74000 -3.77400 -0.37600 1.70900 2.47200 0.61000
142.00000 15.33000 14.05800 14.61800 8.33100 6.10400 3.98800 -3.91600 -3.53000 1.34300 3.79400 -2.22800 -4.75100 -0.86500 1.22100 1.00700 -0.36600
143.00000 14.84200 14.54700 13.64100 8.82000 6.59200 4.47600 -3.91600 -3.04200 0.85400 2.33000 -2.71600 -5.23900 -1.84100 -0.24400 0.03100 -0.85400
144.00000 15.33000 14.54700 14.61800 9.30800 6.59200 4.47600 -3.91600 -3.04200 -0.12200 1.84100 -3.20400 -5.72700 -2.81800 -1.22100 -0.94600 -1.83100
145.00000 16.79500 15.52300 16.57100 10.77300 7.08000 4.47600 -2.94000 -2.55300 -1.09900 2.33000 -3.20400 -6.21500 -3.30600 -1.70900 -1.92300 -2.80800
146.00000 18.74800 16.50000 18.52400 12.23800 8.05700 4.96400 -2.94000 -2.06500 -1.58700 3.30600 -4.66900 -7.19200 -4.28300 -2.19700 -3.87600 -4.27200
147.00000 20.70100 17.47600 19.01200 13.21400 10.01000 5.94100 -2.94000 -2.06500 -1.58700 3.79400 -6.62200 -8.65700 -5.25900 -3.17400 -5.82900 -5.73700
148.00000 21.18900 17.96500 17.05900 13.21400 10.98600 6.91700 -4.40500 -2.55300 -1.58700 2.81800 -8.57500 -10.12200 -5.74700 -4.15000 -7.29400 -6.22600
149.00000 19.23600 17.47600 13.15300 11.74900 10.98600 6.91700 -5.38100 -3.04200 -1.09900 1.35300 -10.04000 -10.12200 -6.23600 -5.12700 -7.29400 -5.73700
150.00000 16.79500 15.52300 10.71200 9.79600 10.01000 5.45200 -5.87000 -3.04200 -1.09900 -0.60000 -9.55200 -9.63300 -5.74700 -6.10400 -5.82900 -5.24900
151.00000 15.33000 13.57000 10.22300 8.82000 9.03300 3.01100 -4.89300 -2.55300 -0.61000 -1.08800 -7.59900 -7.68000 -5.74700 -6.10400 -3.38700 -4.27200
152.00000 15.81800 12.59400 12.17700 8.82000 8.54500 1.05800 -3.42800 -2.06500 -0.12200 -0.60000 -5.15700 -6.21500 -4.77100 -5.61500 -1.43400 -3.78400
153.00000 17.77100 13.08200 15.59400 9.79600 9.03300 1.05800 -1.47500 -2.06500 0.85400 0.86500 -3.69300 -5.72700 -3.79400 -4.63900 -0.94600 -3.29600
154.00000 20.70100 14.54700 18.03600 10.77300 9.52100 2.52300 -0.98700 -2.06500 1.34300 1.84100 -4.18100 -5.72700 -3.30600 -3.17400 -2.41100 -3.29600
155.00000 21.67800 15.52300 18.03600 11.26100 10.49800 4.96400 -0.98700 -2.06500 1.34300 1.84100 -6.13400 -6.70400 -3.30600 -2.68600 -4.85200 -4.27200
156.00000 21.18900 15.52300 16.08300 10.28400 10.01000 5.45200 -2.94000 -2.55300 0.36600 0.37600 -8.08700 -7.68000 -4.28300 -4.15000 -7.78200 -5.73700
157.00000 19.23600 15.03500 13.64100 9.30800 9.03300 4.47600 -4.40500 -2.55300 -1.09900 -1.08800 -9.55200 -8.65700 -6.23600 -6.59200 -9.73500 -7.69000
158.00000 17.77100 14.05800 13.15300 8.82000 8.05700 2.03500 -5.38100 -2.55300 -2.56300 -2.55300 -10.04000 -9.63300 -8.67700 -9.52100 -10.71200 -9.64400
159.00000 17.77100 13.57000 14.13000 9.30800 7.56800 0.57000 -5.87000 -2.55300 -3.54000 -3.04200 -10.04000 -11.09800 -10.14200 -11.96300 -11.20000 -11.10800
160.00000 18.26000 14.05800 15.10600 10.28400 8.05700 0.08100 -6.35800 -2.55300 -4.02800 -3.04200 -10.52900 -12.07500 -10.63000 -12.93900 -11.68800 -11.59700
161.00000 18.74800 14.05800 14.61800 10.28400 8.54500 0.08100 -7.33400 -3.04200 -3.54000 -3.53000 -11.99300 -12.56300 -10.63000 -13.42800 -12.17700 -11.59700
162.00000 17.77100 13.08200 12.66500 9.30800 8.05700 0.57000 -8.79900 -3.53000 -3.05200 -4.99500 -13.94700 -13.05100 -9.65400 -12.45100 -13.15300 -11.59700
163.00000 16.30700 12.10500 10.71200 8.33100 7.56800 0.08100 -9.77600 -4.01800 -2.56300 -6.46000 -14.43500 -13.05100 -9.65400 -11.96300 -13.15300 -11.59700
164.00000 14.84200 10.64000 9.73500 7.35500 7.08000 -0.40700 -9.28800 -4.50600 -1.58700 -5.97100 -12.97000 -12.07500 -9.16500 -10.49800 -11.68800 -11.59700
165.00000 14.35300 10.64000 11.20000 7.35500 7.08000 -0.40700 -7.82300 -4.01800 -0.61000 -4.01800 -10.52900 -10.61000 -7.70100 -9.03300 -9.24700 -10.13200
166.00000 14.35300 11.12900 12.66500 7.84300 8.05700 0.57000 -5.38100 -4.01800 0.85400 -1.08800 -7.59900 -9.14500 -6.23600 -6.59200 -6.31700 -8.17900
167.00000 14.84200 12.59400 13.64100 8.33100 9.52100 2.03500 -4.40500 -4.01800 1.34300 0.86500 -7.11100 -9.14500 -5.25900 -4.63900 -4.85200 -6.22600
168.00000 14.84200 13.57000 13.15300 8.33100 10.01000 3.01100 -5.38100 -4.01800 0.85400 0.86500 -8.08700 -9.63300 -5.25900 -3.17400 -5.34100 -5.73700
169.00000 15.33000 13.57000 11.20000 8.82000 10.01000 3.01100 -6.35800 -4.01800 -0.12200 -0.11200 -9.55200 -10.61000 -6.72400 -3.66200 -6.80500 -5.73700
170.00000 15.81800 14.05800 11.20000 9.79600 9.52100 2.03500 -6.84600 -2.55300 -1.58700 -1.57700 -10.04000 -10.61000 -8.18900 -4.63900 -7.29400 -6.71400
171.00000 17.28300 14.54700 12.17700 11.74900 9.52100 1.54600 -5.87000 -1.08800 -3.05200 -1.57700 -9.06400 -10.12200 -9.16500 -5.61500 -6.80500 -7.20200
172.00000 18.74800 15.52300 13.64100 13.21400 10.01000 1.54600 -4.40500 0.37600 -4.02800 -1.08800 -7.11100 -9.14500 -9.16500 -5.61500 -5.82900 -7.20200
173.00000 19.72500 16.01200 15.10600 14.67900 10.49800 3.01100 -2.94000 1.84100 -3.54000 -0.11200 -6.13400 -8.16900 -8.67700 -4.15000 -4.85200 -6.71400
174.00000 19.23600 16.01200 15.10600 14.19100 11.47500 4.47600 -3.42800 1.35300 -2.56300 0.37600 -6.62200 -8.65700 -7.70100 -2.68600 -5.34100 -5.73700
175.00000 18.26000 15.03500 13.64100 12.72600 11.96300 5.45200 -4.40500 0.37600 -0.61000 0.37600 -8.08700 -9.14500 -7.21200 -1.22100 -6.80500 -5.73700
176.00000 16.79500 14.05800 12.17700 11.26100 11.47500 5.45200 -6.35800 -1.08800 1.34300 1.35300 -9.06400 -9.14500 -6.23600 -0.73200 -7.29400 -6.71400
177.00000 16.30700 12.59400 11.68800 9.79600 10.49800 3.49900 -6.84600 -2.06500 2.80800 2.33000 -8.57500 -8.65700 -6.23600 -1.70900 -7.29400 -7.20200
178.00000 16.30700 11.61700 11.68800 9.30800 10.01000 2.03500 -5.87000 -2.06500 3.29600 3.79400 -7.59900 -7.68000 -5.25900 -2.68600 -6.80500 -7.69000
179.00000 15.81800 10.64000 11.68800 8.33100 9.03300 1.05800 -4.89300 -2.55300 3.29600 3.79400 -6.62200 -7.19200 -4.77100 -3.17400 -5.82900 -7.20200
180.00000 14.84200 10.15200 10.71200 7.84300 8.54500 1.05800 -4.40500 -2.06500 3.29600 2.81800 -7.11100 -7.68000 -4.28300 -2.19700 -5.82900 -6.22600
181.00000 13.86500 10.15200 9.24700 7.35500 8.05700 1.54600 -5.38100 -1.57700 2.80800 1.84100 -7.59900 -8.16900 -4.28300 -0.73200 -5.82900 -5.24900
182.00000 13.37700 10.15200 7.78200 7.35500 7.56800 2.52300 -6.84600 -1.57700 2.31900 1.35300 -8.57500 -9.14500 -4.28300 0.24400 -6.31700 -4.76100
183.00000 13.86500 11.12900 7.78200 8.82000 7.56800 2.52300 -7.82300 -1.08800 2.31900 2.33000 -9.06400 -9.14500 -4.77100 0.24400 -6.80500 -5.24900
184.00000 15.33000 12.10500 9.24700 9.79600 7.56800 2.52300 -8.79900 -0.60000 1.83100 3.30600 -8.57500 -9.14500 -4.77100 -1.22100 -6.80500 -6.22600
185.00000 16.79500 13.08200 11.20000 10.77300 8.05700 3.01100 -8.31100 -0.60000 0.85400 3.79400 -8.08700 -9.14500 -5.74700 -3.66200 -6.80500 -7.69000
186.00000 17.77100 13.57000 13.15300 11.26100 8.54500 3.49900 -7.33400 -0.11200 -0.61000 2.81800 -8.57500 -9.14500 -6.72400 -6.10400 -7.29400 -8.66700
187.00000 17.28300 13.57000 13.15300 11.26100 9.52100 4.47600 -6.35800 -0.60000 -1.58700 0.86500 -9.06400 -9.63300 -7.70100 -8.05700 -7.78200 -9.15500
188.00000 16.79500 13.57000 13.15300 11.74900 10.01000 4.96400 -5.38100 -0.60000 -1.58700 -1.08800 -9.55200 -10.12200 -9.16500 -8.54500 -8.75900 -9.15500
189.00000 16.79500 13.08200 12.17700 12.23800 10.98600 4.47600 -4.89300 -1.08800 -1.09900 -1.57700 -10.04000 -10.61000 -9.65400 -8.54500 -10.22300 -9.15500
190.00000 17.77100 13.57000 12.17700 11.74900 11.47500 3.98800 -5.38100 -2.06500 0.36600 -0.60000 -10.04000 -11.58700 -9.65400 -7.56800 -11.20000 -9.64400
191.00000 19.23600 13.57000 12.17700 11.74900 12.93900 3.98800 -5.87000 -2.55300 1.34300 0.86500 -10.52900 -12.07500 -9.16500 -7.08000 -11.68800 -10.13200
192.00000 20.21300 13.57000 12.17700 11.26100 13.42800 4.96400 -6.84600 -3.04200 1.83100 1.84100 -11.50500 -12.56300 -8.18900 -6.10400 -11.68800 -10.13200
193.00000 19.72500 13.57000 11.68800 11.26100 13.42800 6.42900 -6.84600 -3.04200 1.83100 1.35300 -11.99300 -12.56300 -7.21200 -5.12700 -11.20000 -9.15500
194.00000 18.26000 13.08200 11.20000 11.26100 12.45100 6.91700 -6.35800 -2.55300 0.85400 0.86500 -12.48200 -12.07500 -7.21200 -4.63900 -10.71200 -9.15500
195.00000 16.79500 12.10500 10.71200 11.26100 10.98600 5.94100 -5.87000 -1.57700 0.85400 0.37600 -11.99300 -12.56300 -7.70100 -5.12700 -11.20000 -9.64400
196.00000 16.30700 11.12900 10.22300 11.26100 10.01000 3.98800 -5.38100 -1.57700 0.85400 1.35300 -11.50500 -12.56300 -8.18900 -5.61500 -12.17700 -10.62000
197.00000 16.30700 10.15200 10.71200 10.77300 10.01000 1.54600 -5.38100 -1.08800 1.34300 2.33000 -11.50500 -12.56300 -8.67700 -6.10400 -13.64100 -11.59700
198.00000 16.79500 9.66400 11.20000 10.28400 10.01000 1.05800 -5.38100 -1.57700 1.34300 3.30600 -11.99300 -12.56300 -8.18900 -6.59200 -14.61800 -12.57300
199.00000 17.28300 9.66400 11.68800 10.28400 10.98600 1.54600 -5.87000 -1.57700 1.83100 2.33000 -11.99300 -11.58700 -7.70100 -6.59200 -14.13000 -12.08500
200.00000 17.28300 10.15200 11.20000 10.28400 11.47500 2.52300 -5.87000 -1.08800 1.34300 -0.11200 -11.50500 -10.61000 -8.18900 -7.08000 -12.66500 -11.59700
201.00000 16.79500 10.15200 10.71200 10.77300 10.98600 2.52300 -5.38100 -1.08800 0.36600 -3.04200 -10.04000 -9.63300 -8.67700 -7.56800 -11.20000 -11.10800
202.00000 15.81800 9.66400 10.22300 10.77300 9.52100 -0.40700 -4.89300 -0.11200 -0.61000 -6.46000 -8.08700 -9.14500 -9.65400 -9.03300 -9.24700 -10.62000
203.00000 14.35300 7.71100 9.24700 10.28400 8.05700 -4.80100 -4.40500 0.37600 -1.58700 -8.41300 -5.15700 -8.65700 -10.63000 -10.01000 -7.29400 -9.64400
204.00000 12.88900 5.26900 7.78200 9.30800 6.59200 -8.70800 -3.91600 0.37600 -2.07500 -9.87800 -2.22800 -7.19200 -10.14200 -10.01000 -3.87600 -6.71400
205.00000 11.42400 2.34000 6.80500 8.33100 4.63900 -11.14900 -4.40500 0.37600 -2.07500 -10.85400 -0.27500 -5.72700 -8.18900 -9.03300 -0.45800 -2.80800
206.00000 9.95900 0.87500 5.34100 7.35500 3.66200 -10.66100 -5.38100 0.37600 -2.07500 -11.34200 0.21400 -4.26200 -6.23600 -8.05700 1.98400 0.61000
207.00000 9.47100 0.38700 4.36400 6.86600 3.17400 -9.19600 -7.33400 -0.11200 -1.58700 -11.34200 -1.74000 -4.75100 -5.74700 -8.05700 1.00700 1.09900
208.00000 9.95900 0.87500 2.89900 6.86600 3.66200 -7.73100 -9.28800 -0.60000 -2.07500 -11.34200 -6.13400 -6.70400 -6.72400 -10.01000 -4.36400 -2.80800
209.00000 10.44700 2.34000 2.41100 6.37800 4.15000 -6.75500 -10.75200 -1.57700 -2.07500 -9.87800 -11.99300 -10.61000 -9.16500 -12.45100 -12.17700 -9.15500
210.00000 11.42400 3.80500 2.41100 6.86600 5.61500 -5.29000 -11.72900 -3.04200 -2.07500 -7.92400 -16.87600 -14.02800 -11.60700 -13.91600 -18.52400 -15.01500
211.00000 12.88900 6.24600 3.38700 6.86600 7.56800 -2.36000 -10.75200 -3.04200 -1.58700 -4.01800 -17.85300 -15.00400 -12.09500 -12.93900 -20.47700 -16.96800
212.00000 14.84200 9.66400 5.34100 7.84300 9.52100 1.54600 -7.82300 -2.55300 -0.61000 -0.60000 -14.92300 -13.54000 -10.14200 -9.03300 -16.57100 -14.03800
213.00000 16.79500 12.10500 7.78200 8.33100 10.49800 4.47600 -4.89300 -1.57700 0.85400 1.84100 -10.52900 -10.12200 -7.21200 -4.15000 -10.71200 -8.17900
214.00000 17.28300 14.05800 8.75900 8.33100 9.52100 4.47600 -2.94000 -0.60000 0.85400 1.84100 -7.59900 -8.65700 -4.77100 -1.70900 -6.80500 -4.27200
215.00000 16.30700 13.57000 7.29400 7.35500 7.56800 0.57000 -3.42800 -0.60000 -0.12200 -1.57700 -9.06400 -9.14500 -4.77100 -3.66200 -8.27000 -5.24900
216.00000 13.86500 12.59400 4.85200 5.89000 5.12700 -4.80100 -6.35800 -1.57700 -1.58700 -6.94800 -13.45800 -12.07500 -7.21200 -9.03300 -14.13000 -10.13200
217.00000 11.42400 11.12900 2.41100 4.42500 4.15000 -7.73100 -10.26400 -3.04200 -2.56300 -11.83100 -17.85300 -14.51600 -10.63000 -14.40400 -20.47700 -16.47900
218.00000 10.44700 11.61700 2.41100 4.91300 5.12700 -6.75500 -12.21700 -4.01800 -2.56300 -13.78400 -19.31800 -15.49300 -12.09500 -16.84600 -22.43000 -19.40900
219.00000 12.40000 14.54700 4.85200 6.86600 8.05700 -1.38300 -10.75200 -3.53000 -1.09900 -10.36600 -15.41100 -13.54000 -11.60700 -14.40400 -18.52400 -16.47900
220.00000 16.30700 18.94100 9.73500 8.82000 10.98600 5.45200 -5.87000 -1.57700 0.36600 -3.04200 -9.06400 -9.63300 -9.16500 -7.56800 -11.68800 -10.62000
221.00000 20.21300 22.84700 14.61800 10.28400 12.93900 10.82400 -0.49800 0.37600 1.83100 5.25900 -2.71600 -6.70400 -5.25900 0.24400 -4.85200 -3.78400
222.00000 22.65400 24.31200 16.57100 10.77300 12.93900 12.28800 3.40800 1.84100 2.80800 10.63000 -0.27500 -5.23900 -2.81800 5.61500 -2.41100 0.12200
223.00000 21.18900 22.35900 15.10600 9.30800 10.98600 9.84700 2.92000 1.84100 2.31900 10.14200 -3.20400 -6.21500 -2.81800 6.10400 -4.36400 -0.36600
224.00000 16.30700 18.45300 11.20000 6.86600 9.03300 5.94100 -0.98700 0.86500 1.83100 4.77100 -8.08700 -8.65700 -4.28300 1.22100 -9.73500 -4.27200
225.00000 12.88900 14.54700 6.80500 4.91300 8.05700 2.52300 -6.84600 -1.08800 1.34300 -3.04200 -12.97000 -10.61000 -6.72400 -5.61500 -15.10600 -9.64400
226.00000 10.93500 13.57000 4.85200 4.42500 8.54500 1.05800 -10.75200 -2.06500 1.34300 -8.41300 -15.41100 -11.58700 -7.70100 -10.49800 -18.52400 -13.06200
227.00000 12.40000 15.03500 5.82900 5.89000 10.49800 1.54600 -11.24100 -3.04200 2.31900 -8.90100 -14.43500 -11.58700 -7.70100 -11.96300 -18.03600 -13.55000
228.00000 16.30700 17.96500 7.78200 7.35500 12.45100 3.01100 -8.79900 -3.53000 3.29600 -4.99500 -11.50500 -9.63300 -6.23600 -8.54500 -15.59400 -11.59700
229.00000 20.21300 20.40600 10.22300 8.33100 13.42800 4.96400 -5.87000 -3.04200 4.27200 0.86500 -8.08700 -8.65700 -3.79400 -2.68600 -11.68800 -7.69000
230.00000 22.16600 20.89400 10.71200 8.33100 13.42800 6.91700 -3.91600 -2.55300 4.27200 5.25900 -6.13400 -8.16900 -2.81800 2.68600 -8.27000 -4.76100
231.00000 21.67800 19.43000 9.73500 7.35500 11.96300 7.89400 -3.42800 -1.57700 3.78400 7.21200 -6.13400 -8.65700 -2.81800 6.10400 -7.29400 -3.29600
232.00000 19.23600 16.98800 9.24700 6.37800 9.52100 8.87000 -3.42800 -0.60000 2.80800 6.72400 -7.59900 -8.65700 -4.28300 6.10400 -8.27000 -4.27200
233.00000 16.79500 15.03500 9.73500 6.86600 7.56800 8.87000 -3.91600 0.37600 1.83100 4.77100 -9.06400 -9.14500 -5.74700 3.66200 -9.73500 -6.71400
234.00000 15.81800 14.54700 11.20000 8.82000 7.08000 8.38200 -3.91600 0.86500 1.34300 2.81800 -11.01700 -9.14500 -6.72400 0.24400 -12.17700 -9.15500
235.00000 16.79500 16.01200 12.66500 10.28400 8.54500 7.40600 -4.40500 0.86500 1.34300 0.37600 -11.99300 -9.14500 -7.70100 -3.66200 -13.64100 -10.62000
236.00000 19.72500 17.96500 12.66500 11.74900 12.45100 7.89400 -5.38100 -0.60000 2.31900 -1.57700 -12.48200 -9.63300 -8.18900 -5.61500 -14.61800 -11.59700
237.00000 23.14200 21.38300 11.20000 12.23800 16.84600 9.84700 -6.84600 -2.55300 3.29600 -2.55300 -11.99300 -10.61000 -8.67700 -7.08000 -14.61800 -11.59700
238.00000 26.07200 23.82400 9.24700 11.74900 20.75200 11.80000 -8.31100 -3.53000 3.78400 -2.55300 -11.01700 -11.09800 -8.67700 -5.61500 -13.15300 -10.13200
239.00000 27.53700 24.80100 8.27000 11.26100 21.72900 13.26500 -7.33400 -3.53000 3.78400 -0.11200 -9.06400 -10.12200 -7.70100 -3.17400 -10.71200 -7.69000
240.00000 27.53700 23.33600 8.75900 9.79600 19.28700 11.80000 -4.89300 -2.06500 2.80800 3.30600 -7.11100 -7.68000 -5.74700 -0.24400 -7.78200 -4.76100
241.00000 25.09600 18.94100 9.73500 8.33100 13.91600 8.87000 -1.96300 0.86500 1.83100 5.74700 -4.18100 -5.23900 -3.79400 2.19700 -4.85200 -1.83100
242.00000 21.67800 13.57000 10.22300 6.37800 8.54500 4.47600 0.47800 2.33000 0.36600 6.23600 -3.69300 -3.77400 -2.81800 2.68600 -3.38700 -0.85400
243.00000 19.23600 9.17600 10.22300 5.40200 6.10400 2.03500 -0.01000 2.81800 0.36600 3.79400 -4.66900 -4.26200 -3.30600 0.73200 -4.36400 -1.83100
244.00000 18.74800 8.68700 9.24700 5.89000 6.59200 2.52300 -1.96300 1.35300 0.36600 0.37600 -7.11100 -6.70400 -4.77100 -1.22100 -7.29400 -4.76100
245.00000 21.18900 12.10500 8.75900 7.84300 9.52100 5.45200 -4.40500 -1.08800 1.83100 -0.60000 -9.06400 -9.63300 -6.23600 -3.66200 -10.22300 -7.69000
246.00000 25.58400 17.47600 8.75900 10.28400 13.91600 9.35900 -6.35800 -2.55300 3.29600 0.37600 -10.52900 -12.07500 -6.23600 -3.66200 -11.68800 -9.64400
247.00000 29.49000 21.87100 9.73500 12.23800 17.33400 11.80000 -6.84600 -3.04200 4.76100 3.30600 -11.01700 -12.56300 -5.74700 -2.68600 -11.68800 -8.66700
248.00000 31.44300 22.84700 10.22300 12.23800 18.79900 11.80000 -6.84600 -2.55300 4.27200 4.77100 -10.04000 -11.09800 -5.25900 -1.70900 -10.71200 -6.71400
249.00000 29.97800 20.40600 10.71200 11.26100 17.33400 9.35900 -5.87000 -0.60000 2.31900 3.30600 -9.06400 -8.65700 -6.23600 -1.22100 -9.24700 -4.76100
250.00000 26.56000 15.03500 10.71200 9.30800 13.91600 5.45200 -4.40500 1.35300 -0.61000 -1.57700 -7.59900 -5.72700 -8.18900 -2.19700 -8.75900 -4.76100
251.00000 23.14200 10.15200 11.68800 8.82000 9.52100 1.05800 -1.96300 3.30600 -3.54000 -6.94800 -6.13400 -3.77400 -10.14200 -4.15000 -9.73500 -6.22600
252.00000 20.70100 6.24600 13.15300 8.82000 6.10400 -2.84800 0.47800 4.28300 -5.00500 -10.36600 -5.15700 -3.28600 -11.60700 -6.10400 -10.71200 -8.17900
253.00000 20.21300 5.26900 14.13000 9.79600 5.12700 -4.31300 1.45500 3.79400 -4.02800 -10.85400 -4.66900 -4.26200 -11.60700 -6.59200 -12.17700 -10.13200
254.00000 21.18900 6.24600 13.64100 11.26100 6.59200 -3.33700 0.96600 2.33000 -2.07500 -8.41300 -6.13400 -6.70400 -10.14200 -6.10400 -13.15300 -10.62000
255.00000 21.67800 8.68700 12.17700 11.74900 10.01000 -0.89500 -1.96300 -0.60000 0.85400 -5.48300 -9.55200 -10.61000 -8.67700 -5.12700 -14.61800 -10.62000
256.00000 22.16600 11.61700 10.22300 11.26100 12.93900 3.01100 -5.38100 -2.55300 3.29600 -3.04200 -13.94700 -14.02800 -7.70100 -4.15000 -16.08300 -11.10800
