1.00000 4.48600 1.14900 5.06600 4.12000 -4.07900 0.65100 4.58800 3.21500 -2.64500 0.87500 2.19700 1.20000 1.14900 -0.54900 4.72000 3.87600
2.00000 3.99800 1.14900 4.57800 2.65500 -0.17300 2.11600 5.07600 2.72600 -1.18000 2.82800 3.66200 2.66500 2.61400 1.89200 6.67300 6.31700
3.00000 4.48600 2.12600 3.60100 1.19000 3.73300 5.04600 4.58800 2.23800 0.28500 4.78100 3.66200 3.15300 3.59100 3.35700 7.16100 6.80500
4.00000 5.46300 4.07900 3.60100 2.16700 6.66300 7.97500 4.58800 2.23800 1.26100 6.24600 3.66200 3.15300 3.59100 4.33300 6.18500 5.82900
5.00000 6.92700 5.05600 4.57800 3.63200 7.15100 9.44000 4.58800 2.23800 0.77300 6.24600 3.17400 2.17700 2.12600 2.86900 4.72000 3.87600
6.00000 6.92700 5.54400 6.04200 4.60800 5.68600 9.92800 4.10000 2.23800 0.28500 5.26900 2.19700 0.71200 0.66100 0.91600 2.76700 1.43400
7.00000 5.46300 4.56700 6.04200 4.60800 2.26800 8.46400 3.61100 2.23800 -1.18000 3.31600 1.70900 -0.26400 -0.31500 -2.01400 1.79000 0.45800
8.00000 2.04500 2.12600 4.08900 2.16700 -1.63800 6.02200 3.12300 2.23800 -2.15700 0.38700 0.73200 -0.75300 -1.29200 -3.96700 1.30200 -0.51900
9.00000 -1.86200 -0.31500 1.16000 -0.76300 -4.56700 3.58100 1.65800 1.75000 -2.15700 -1.07800 0.24400 -0.26400 -0.80400 -4.94400 0.32600 -0.03100
10.00000 -5.28000 -1.78000 -1.28200 -3.20400 -6.03200 2.60400 1.65800 1.26100 -1.66800 -0.59000 0.73200 0.71200 -0.31500 -4.94400 0.81400 0.45800
11.00000 -6.25600 -2.75700 -1.28200 -3.69300 -4.07900 3.58100 3.12300 1.75000 -0.20300 1.85100 2.19700 2.17700 1.14900 -4.45600 0.81400 0.94600
12.00000 -5.76800 -1.78000 1.64800 -2.22800 -0.66100 6.51000 5.07600 2.23800 1.26100 4.78100 4.15000 2.66500 2.12600 -2.50200 2.27900 1.92300
13.00000 -3.32600 -0.31500 5.55400 -0.27500 2.75700 9.92800 7.51700 2.23800 2.72600 6.73400 5.61500 2.66500 2.61400 -1.52600 2.76700 2.41100
14.00000 -0.88500 1.14900 8.48400 2.16700 4.71000 12.37000 8.00600 2.72600 3.70300 7.22200 5.61500 1.68900 2.12600 -0.54900 2.76700 1.92300
15.00000 1.06800 1.63800 8.48400 3.14300 4.22200 11.88200 7.02900 1.75000 3.21500 5.75800 4.15000 0.71200 1.14900 -0.06100 2.27900 0.94600
16.00000 0.58000 1.63800 5.55400 2.65500 1.29200 9.44000 4.58800 0.77300 1.75000 4.29300 1.70900 -0.75300 -0.31500 -0.54900 0.81400 -0.03100
17.00000 -2.35000 1.14900 1.64800 1.19000 -1.14900 6.02200 2.14600 -0.20300 0.28500 3.80500 -0.24400 -2.21800 -0.31500 -0.54900 0.32600 -1.00700
18.00000 -6.74400 0.17300 -1.28200 -0.76300 -3.10300 4.55700 0.68200 -1.18000 -0.69200 3.80500 -0.73200 -2.21800 0.17300 0.42700 0.32600 -1.00700
19.00000 -9.67400 0.66100 -2.25800 -2.71600 -2.61400 5.53400 0.68200 -1.66800 -0.20300 5.26900 -0.24400 -2.21800 1.14900 2.38000 1.30200 -0.03100
20.00000 -10.16200 1.63800 -0.79300 -3.69300 -0.66100 7.97500 2.14600 -1.66800 0.77300 6.24600 1.22100 -1.72900 2.12600 4.82200 2.76700 1.92300
21.00000 -7.72100 3.10300 1.64800 -3.20400 2.26800 11.39300 3.61100 -1.18000 1.75000 6.73400 2.19700 -0.75300 3.10300 6.28700 3.74300 3.38700
22.00000 -3.81500 5.05600 3.60100 -1.25100 5.19800 13.83500 4.10000 -0.69200 2.72600 7.22200 2.68600 -0.75300 2.61400 6.28700 4.23200 3.87600
23.00000 0.58000 7.49700 5.06600 1.19000 7.15100 15.78800 4.58800 -0.69200 2.23800 8.19900 2.68600 -0.75300 1.63800 5.31000 3.25500 3.38700
24.00000 3.02100 8.96200 5.06600 3.63200 7.64000 16.27600 3.12300 -0.20300 1.26100 9.17600 1.70900 -2.21800 0.17300 3.35700 1.30200 1.92300
25.00000 3.99800 9.93900 5.06600 4.12000 6.17500 16.27600 1.17000 -0.20300 0.28500 9.66400 0.24400 -3.68200 -0.80400 1.40400 -0.16300 0.45800
26.00000 3.99800 9.45000 4.08900 2.65500 3.24500 14.32300 -0.29500 -0.69200 -0.69200 9.17600 -1.70900 -5.14700 -1.29200 0.42700 -1.62800 -0.51900
27.00000 3.02100 6.52100 3.11300 -0.27500 0.31500 11.88200 -1.27200 -0.69200 -0.69200 7.71100 -2.68600 -5.63600 -0.80400 1.40400 -2.11600 -0.51900
28.00000 2.04500 3.59100 2.62500 -2.22800 -1.63800 8.95200 -1.76000 -0.69200 -0.69200 5.75800 -2.68600 -4.17100 -0.31500 2.38000 -1.62800 0.45800
29.00000 1.06800 1.63800 2.13600 -3.20400 -1.14900 7.97500 -1.27200 -0.20300 -0.20300 4.78100 -1.22100 -2.21800 1.14900 3.84500 0.32600 1.92300
30.00000 0.09200 2.12600 2.13600 -1.74000 2.26800 9.92800 -0.78300 -0.20300 -0.20300 4.78100 1.22100 -1.24100 2.12600 4.33300 2.27900 2.89900
31.00000 -0.39700 5.05600 2.13600 0.21400 6.17500 13.34600 -0.29500 0.28500 -0.20300 4.78100 2.68600 -0.75300 2.12600 3.84500 3.25500 3.87600
32.00000 0.58000 8.47400 2.62500 2.16700 8.12800 15.78800 -1.27200 0.28500 -0.69200 4.78100 2.68600 -1.24100 1.63800 2.38000 2.76700 3.38700
33.00000 2.53300 9.93900 3.11300 2.65500 7.15100 15.78800 -2.24800 -0.20300 -2.15700 2.82800 1.22100 -2.70600 0.17300 -0.06100 0.81400 1.92300
34.00000 3.99800 8.47400 2.62500 1.67800 3.24500 11.88200 -3.71300 -1.18000 -3.13300 -0.59000 -1.70900 -4.65900 -1.78000 -2.01400 -1.62800 -0.51900
35.00000 3.99800 5.05600 1.64800 0.21400 -0.66100 6.99900 -5.66600 -1.66800 -3.62100 -3.52000 -4.15000 -6.61200 -2.75700 -2.99100 -4.55700 -2.96000
36.00000 1.55600 1.14900 0.67100 -0.76300 -2.12600 4.06900 -6.15400 -2.15700 -3.62100 -4.49600 -6.59200 -8.07700 -3.24500 -2.99100 -6.51000 -3.93700
37.00000 -1.37300 -0.31500 -0.79300 -1.25100 -1.14900 4.06900 -6.64300 -2.15700 -2.15700 -3.03100 -7.56800 -8.56500 -2.75700 -2.50200 -7.48700 -4.42500
38.00000 -3.32600 0.66100 -1.28200 -0.76300 1.29200 6.02200 -5.66600 -1.66800 -1.18000 -0.59000 -8.05700 -8.56500 -2.26800 -2.01400 -6.99900 -3.93700
39.00000 -2.83800 3.10300 -0.30500 -0.27500 3.73300 7.97500 -4.69000 -1.18000 -1.18000 1.36300 -8.05700 -8.07700 -2.75700 -2.01400 -6.51000 -3.93700
40.00000 0.09200 5.05600 1.16000 0.21400 4.22200 8.95200 -4.20100 -0.69200 -2.15700 1.85100 -8.54500 -7.58900 -3.73300 -2.99100 -5.53400 -4.42500
41.00000 3.51000 5.54400 3.60100 1.67800 3.24500 8.95200 -3.71300 -0.69200 -3.62100 0.38700 -9.03300 -7.58900 -5.19800 -4.45600 -6.02200 -5.89000
42.00000 6.92700 5.54400 6.04200 2.65500 1.78000 8.95200 -3.22500 -0.20300 -4.59800 -1.07800 -9.03300 -7.58900 -6.17500 -5.43200 -6.99900 -7.35500
43.00000 8.88100 5.54400 8.48400 4.12000 0.80400 9.44000 -2.24800 -0.20300 -4.59800 -1.07800 -9.03300 -8.07700 -6.17500 -4.45600 -7.48700 -7.35500
44.00000 9.85700 6.52100 9.46000 5.09600 1.29200 10.90500 -1.27200 -0.20300 -4.11000 0.38700 -8.54500 -7.58900 -5.68600 -2.99100 -6.99900 -6.86600
45.00000 9.36900 7.49700 8.97200 4.60800 1.29200 11.39300 -0.78300 -0.69200 -3.13300 1.85100 -8.54500 -7.58900 -5.19800 -2.01400 -6.02200 -5.40200
46.00000 7.90400 7.98500 7.01900 3.14300 0.80400 10.41700 -2.24800 -1.66800 -3.13300 1.85100 -9.03300 -8.07700 -4.71000 -2.99100 -5.04600 -5.40200
47.00000 4.97400 6.03200 4.57800 1.19000 0.31500 8.46400 -4.69000 -2.15700 -3.13300 0.87500 -10.49800 -8.56500 -5.19800 -4.94400 -5.04600 -5.40200
48.00000 1.06800 2.61400 2.13600 -0.27500 -0.17300 6.99900 -7.13100 -3.13300 -3.62100 -1.07800 -12.45100 -9.54200 -5.19800 -6.40900 -6.51000 -6.37800
49.00000 -2.35000 0.17300 0.67100 -1.25100 -0.17300 6.51000 -8.10800 -3.13300 -3.62100 -2.05500 -13.42800 -10.03000 -5.19800 -6.89700 -7.97500 -6.86600
50.00000 -2.83800 -0.80400 0.18300 -0.27500 -0.17300 6.51000 -7.61900 -2.15700 -3.13300 -2.05500 -12.93900 -10.03000 -4.71000 -5.92000 -7.97500 -6.37800
51.00000 -0.88500 0.17300 0.67100 1.19000 0.31500 6.51000 -6.64300 -1.18000 -2.15700 -0.10200 -11.47500 -8.56500 -3.24500 -4.45600 -6.99900 -4.91300
52.00000 2.53300 1.63800 0.67100 2.16700 0.80400 6.99900 -4.69000 -0.69200 -1.18000 1.85100 -9.52100 -7.10000 -1.78000 -3.47900 -5.04600 -2.96000
53.00000 4.97400 2.61400 0.67100 3.14300 0.80400 6.99900 -4.20100 -0.69200 -0.69200 2.82800 -8.54500 -5.63600 -1.29200 -3.47900 -3.58100 -1.98400
54.00000 5.46300 2.61400 -0.79300 3.14300 0.80400 6.51000 -5.17800 -1.18000 -1.18000 2.82800 -8.05700 -5.14700 -1.29200 -3.96700 -2.60400 -1.98400
55.00000 4.97400 1.63800 -1.77000 2.65500 0.80400 6.51000 -6.64300 -1.66800 -2.15700 1.85100 -8.54500 -5.63600 -1.78000 -3.96700 -3.09200 -2.47200
56.00000 4.48600 1.63800 -2.74700 1.67800 0.80400 6.99900 -8.59600 -2.64500 -3.13300 0.87500 -9.52100 -6.12400 -2.75700 -4.45600 -4.55700 -3.93700
57.00000 5.46300 3.59100 -2.74700 1.19000 0.31500 6.99900 -9.57200 -2.64500 -4.11000 0.38700 -10.01000 -6.61200 -3.24500 -4.94400 -6.51000 -4.91300
58.00000 6.92700 6.03200 -1.77000 1.67800 0.31500 6.99900 -9.57200 -2.15700 -4.59800 -0.59000 -10.49800 -6.61200 -4.22200 -6.40900 -7.97500 -6.37800
59.00000 6.92700 7.49700 -0.30500 2.16700 0.31500 6.51000 -9.08400 -1.18000 -4.59800 -1.07800 -10.01000 -6.61200 -4.71000 -7.87400 -8.95200 -6.86600
60.00000 4.97400 6.03200 0.18300 2.65500 0.80400 4.55700 -8.10800 -0.20300 -4.11000 -2.05500 -9.03300 -6.12400 -4.22200 -9.33800 -8.46400 -7.35500
61.00000 1.55600 1.14900 -0.30500 2.16700 1.29200 2.11600 -7.13100 0.28500 -3.62100 -2.54300 -8.05700 -5.63600 -4.22200 -10.31500 -7.48700 -7.35500
62.00000 -2.35000 -4.22200 -2.74700 1.19000 0.80400 -0.32600 -7.13100 -0.20300 -3.62100 -2.54300 -7.56800 -5.63600 -3.73300 -8.85000 -6.02200 -6.37800
63.00000 -4.30300 -7.64000 -5.18800 -0.76300 1.29200 -1.79000 -7.61900 -0.20300 -3.13300 -3.03100 -7.56800 -5.63600 -3.24500 -7.87400 -5.04600 -5.89000
64.00000 -4.79100 -8.61600 -7.62900 -1.74000 1.29200 -2.27900 -8.10800 -0.69200 -2.64500 -3.52000 -8.54500 -5.14700 -3.24500 -7.38500 -5.04600 -5.89000
65.00000 -3.32600 -7.15100 -8.11800 -2.22800 1.78000 -1.79000 -8.59600 -0.69200 -2.64500 -4.00800 -9.03300 -5.14700 -3.24500 -7.38500 -6.02200 -6.37800
66.00000 -1.37300 -5.68600 -7.14100 -1.74000 2.26800 -0.81400 -8.10800 -0.69200 -2.64500 -4.98500 -9.52100 -5.14700 -3.24500 -7.87400 -7.48700 -7.35500
67.00000 1.06800 -3.73300 -4.70000 -0.27500 2.75700 0.65100 -7.13100 -0.20300 -2.64500 -4.49600 -9.52100 -5.14700 -3.24500 -7.38500 -8.95200 -8.33100
68.00000 2.53300 -2.75700 -2.74700 1.67800 2.75700 2.11600 -5.66600 0.28500 -3.13300 -3.52000 -9.03300 -5.14700 -3.24500 -6.40900 -9.44000 -9.30800
69.00000 3.02100 -1.29200 -2.25800 2.65500 2.75700 4.06900 -4.69000 0.28500 -3.62100 -2.54300 -8.54500 -5.14700 -3.73300 -5.92000 -8.95200 -9.30800
70.00000 1.55600 -0.80400 -3.23500 2.65500 2.75700 5.04600 -4.69000 0.28500 -3.62100 -2.05500 -8.54500 -5.63600 -4.22200 -6.40900 -8.46400 -8.82000
71.00000 -1.37300 -0.80400 -5.67600 1.19000 2.26800 5.04600 -5.17800 -0.20300 -4.11000 -2.54300 -8.54500 -5.63600 -4.71000 -7.38500 -8.46400 -8.82000
72.00000 -4.79100 -2.26800 -7.62900 -0.27500 1.78000 4.06900 -6.15400 -1.18000 -3.62100 -3.52000 -8.54500 -5.63600 -4.22200 -8.36200 -7.97500 -7.84300
73.00000 -6.25600 -4.22200 -8.11800 -1.25100 1.29200 3.09200 -6.64300 -2.15700 -3.62100 -3.52000 -8.54500 -5.63600 -2.75700 -6.89700 -6.99900 -6.86600
74.00000 -4.30300 -3.73300 -6.16500 -1.25100 0.80400 3.58100 -5.66600 -2.64500 -2.64500 -2.54300 -7.56800 -5.63600 -1.78000 -4.45600 -6.02200 -5.40200
75.00000 1.06800 -1.29200 -2.25800 -0.27500 1.78000 6.02200 -3.71300 -2.15700 -1.66800 0.38700 -7.08000 -5.14700 -0.31500 -1.52600 -5.04600 -3.44800
76.00000 7.41600 3.59100 1.64800 2.65500 3.73300 9.92800 -1.76000 -1.18000 -0.20300 3.80500 -6.10400 -5.14700 -0.31500 -0.06100 -4.55700 -2.96000
77.00000 11.81000 8.47400 4.57800 5.09600 6.66300 12.85800 0.19300 0.28500 0.28500 6.24600 -6.59200 -5.14700 -0.80400 -0.54900 -5.53400 -2.96000
78.00000 12.78700 10.91500 5.55400 6.56100 8.61600 13.83500 1.17000 1.75000 0.77300 6.24600 -7.08000 -5.14700 -1.78000 -1.03800 -6.51000 -3.44800
79.00000 10.83400 10.42700 4.57800 7.05000 8.61600 11.88200 0.68200 2.23800 -0.20300 5.26900 -7.08000 -5.14700 -2.26800 -1.52600 -6.02200 -3.93700
80.00000 7.90400 7.49700 3.11300 5.58500 8.61600 8.95200 1.17000 2.23800 -0.69200 3.80500 -6.10400 -4.17100 -2.26800 0.42700 -4.55700 -3.44800
81.00000 5.46300 5.05600 2.62500 4.12000 8.12800 6.51000 1.17000 1.75000 -1.18000 3.80500 -4.15000 -3.19400 -1.29200 2.86900 -2.11600 -1.49500
82.00000 5.95100 4.07900 2.62500 4.12000 8.61600 6.99900 2.14600 1.75000 -0.69200 5.75800 -2.19700 -2.21800 -0.31500 4.33300 0.32600 0.45800
83.00000 6.92700 6.03200 3.11300 5.09600 9.10400 9.44000 3.12300 1.75000 0.28500 9.17600 -1.70900 -2.21800 0.17300 5.31000 0.81400 1.92300
84.00000 9.36900 9.93900 3.60100 7.05000 9.59300 12.37000 3.12300 1.75000 0.77300 10.64000 -2.68600 -3.19400 0.17300 4.33300 -0.65100 1.43400
85.00000 11.32200 13.35700 4.08900 8.51400 9.10400 14.32300 2.63500 1.75000 1.26100 9.66400 -4.63900 -4.17100 0.17300 3.35700 -2.60400 0.45800
86.00000 12.78700 14.82100 3.11300 9.49100 8.12800 13.83500 1.65800 1.75000 0.28500 6.24600 -6.59200 -5.63600 -1.29200 1.89200 -5.53400 -1.98400
87.00000 13.27500 13.35700 2.13600 9.49100 7.15100 11.39300 -0.78300 1.75000 -1.18000 2.34000 -8.05700 -6.12400 -3.24500 -0.06100 -6.99900 -3.93700
88.00000 12.78700 10.42700 0.67100 8.02600 6.66300 7.97500 -3.22500 1.26100 -2.64500 -0.59000 -8.54500 -6.12400 -5.19800 -2.99100 -7.48700 -4.91300
89.00000 11.32200 6.52100 -1.28200 6.07300 6.66300 5.04600 -5.17800 0.77300 -3.13300 -2.05500 -9.52100 -6.61200 -5.68600 -6.40900 -7.97500 -5.89000
90.00000 8.88100 3.59100 -2.25800 4.60800 6.66300 3.09200 -6.64300 0.28500 -2.64500 -2.05500 -10.49800 -7.10000 -5.68600 -9.33800 -8.46400 -6.86600
91.00000 6.92700 2.61400 -3.23500 3.14300 6.66300 2.11600 -7.61900 -0.20300 -1.66800 -2.54300 -11.47500 -7.58900 -4.71000 -10.31500 -9.44000 -7.35500
92.00000 6.43900 2.12600 -3.23500 2.65500 6.17500 1.62800 -8.10800 -0.20300 -1.18000 -4.00800 -11.96300 -6.61200 -3.24500 -8.85000 -9.44000 -6.86600
93.00000 6.92700 1.63800 -3.72300 3.14300 6.17500 0.16300 -8.10800 0.77300 -1.66800 -6.44900 -11.47500 -6.12400 -3.24500 -6.89700 -9.44000 -6.86600
94.00000 8.39200 1.14900 -3.72300 4.12000 6.17500 -1.30200 -8.10800 1.26100 -2.64500 -8.40300 -11.47500 -5.63600 -3.73300 -6.40900 -9.44000 -6.86600
95.00000 9.85700 0.66100 -4.21100 5.09600 6.17500 -2.76700 -8.59600 1.75000 -4.11000 -8.89100 -11.47500 -5.63600 -4.22200 -6.89700 -9.92800 -6.86600
96.00000 10.34500 0.66100 -4.21100 5.09600 5.19800 -3.74300 -9.08400 0.77300 -5.08600 -8.40300 -11.96300 -7.10000 -5.19800 -8.85000 -10.90500 -7.35500
97.00000 10.34500 1.63800 -4.70000 5.58500 4.22200 -4.72000 -10.06100 0.28500 -5.08600 -7.42600 -12.93900 -8.07700 -5.19800 -9.82700 -11.88200 -7.84300
98.00000 9.85700 3.10300 -4.70000 5.09600 3.24500 -5.20800 -10.54900 -0.69200 -4.59800 -7.42600 -13.42800 -9.05400 -4.71000 -9.33800 -12.37000 -8.33100
99.00000 9.36900 4.07900 -4.70000 4.12000 2.75700 -5.69700 -10.06100 -1.18000 -4.59800 -8.40300 -13.42800 -9.05400 -5.19800 -8.36200 -12.37000 -8.33100
100.00000 7.90400 4.07900 -4.70000 3.63200 3.24500 -5.20800 -9.08400 -1.18000 -4.59800 -8.89100 -12.93900 -9.05400 -6.17500 -7.38500 -12.37000 -8.33100
101.00000 6.92700 3.10300 -4.21100 3.63200 4.71000 -4.23200 -7.13100 -1.18000 -5.08600 -8.40300 -13.42800 -9.54200 -7.15100 -7.87400 -12.37000 -9.30800
102.00000 6.43900 2.61400 -3.23500 4.60800 6.66300 -1.30200 -4.69000 -0.20300 -4.59800 -6.44900 -13.91600 -10.03000 -7.64000 -7.38500 -12.85800 -9.30800
103.00000 7.90400 2.61400 -0.79300 6.56100 8.61600 2.11600 -2.24800 0.77300 -3.62100 -3.52000 -13.42800 -9.54200 -6.66300 -5.92000 -12.85800 -8.82000
104.00000 10.34500 3.59100 2.13600 8.51400 10.56900 4.55700 1.17000 2.23800 -2.15700 -1.07800 -11.47500 -8.07700 -5.19800 -2.99100 -11.39300 -7.35500
105.00000 12.78700 4.56700 5.06600 9.97900 11.05800 5.53400 4.10000 4.19100 -0.69200 0.87500 -8.54500 -6.12400 -3.73300 0.42700 -8.95200 -5.40200
106.00000 13.76300 5.05600 6.04200 10.46800 9.59300 4.55700 6.05300 5.16800 0.28500 1.85100 -5.61500 -4.17100 -3.24500 1.89200 -7.48700 -3.93700
107.00000 13.27500 4.07900 6.04200 9.49100 7.15100 2.60400 6.05300 5.65600 0.28500 2.82800 -4.15000 -3.68200 -3.24500 1.40400 -6.51000 -3.93700
108.00000 10.83400 3.10300 4.08900 7.53800 4.71000 1.62800 5.07600 5.65600 0.28500 3.80500 -4.63900 -3.68200 -3.73300 -1.03800 -6.99900 -4.42500
109.00000 8.88100 2.61400 2.62500 5.58500 4.22200 2.60400 3.12300 4.19100 0.28500 4.78100 -6.10400 -5.14700 -3.24500 -2.99100 -7.48700 -4.91300
110.00000 8.88100 4.56700 2.13600 4.60800 6.17500 6.02200 2.14600 3.21500 0.77300 5.75800 -6.59200 -5.14700 -2.26800 -2.50200 -6.99900 -4.42500
111.00000 11.32200 7.49700 3.11300 5.09600 9.59300 10.41700 2.63500 2.72600 1.26100 7.22200 -5.61500 -4.65900 -1.29200 -0.54900 -5.53400 -2.47200
112.00000 14.74000 10.91500 5.06600 7.05000 12.52200 14.81100 4.58800 3.21500 1.75000 8.68700 -4.15000 -3.19400 -0.31500 2.38000 -3.09200 -0.51900
113.00000 17.18100 13.84500 7.01900 9.00300 13.98700 17.74100 6.05300 3.70300 1.75000 10.15200 -2.19700 -2.21800 -0.31500 4.33300 -2.11600 0.94600
114.00000 18.15800 15.31000 8.48400 10.46800 13.98700 18.71700 7.02900 4.19100 1.75000 12.10500 -2.19700 -2.21800 -0.80400 5.31000 -1.62800 0.94600
115.00000 17.18100 16.77400 8.97200 9.97900 13.49900 18.71700 6.05300 4.19100 1.75000 14.05800 -3.17400 -2.70600 -1.29200 5.31000 -2.60400 0.45800
116.00000 15.71700 17.26300 7.99600 7.53800 13.01100 17.25300 4.10000 4.19100 2.23800 15.03500 -4.63900 -2.70600 -1.29200 5.79800 -4.06900 -0.51900
117.00000 14.25200 17.26300 6.04200 5.09600 13.01100 15.78800 1.65800 3.70300 2.72600 15.03500 -5.61500 -2.70600 -0.31500 6.28700 -5.53400 -1.00700
118.00000 13.27500 16.28600 4.08900 3.63200 13.01100 13.83500 0.19300 3.21500 3.21500 13.57000 -6.59200 -2.70600 0.17300 5.79800 -6.99900 -0.51900
119.00000 12.78700 12.86800 2.13600 3.14300 12.03400 11.39300 -0.78300 2.72600 3.21500 11.61700 -8.05700 -4.17100 0.17300 3.84500 -8.95200 -1.49500
120.00000 12.29900 8.47400 0.18300 3.14300 9.59300 9.92800 -1.76000 1.26100 3.21500 9.17600 -9.03300 -5.63600 -0.31500 0.42700 -10.90500 -1.98400
121.00000 11.81000 6.03200 -0.79300 4.12000 7.64000 9.44000 -2.73600 -0.20300 2.72600 7.71100 -10.01000 -7.10000 -1.29200 -2.01400 -11.88200 -2.96000
122.00000 12.29900 6.03200 -1.28200 5.09600 7.15100 10.41700 -4.20100 -1.18000 2.23800 6.73400 -10.49800 -7.58900 -1.78000 -2.99100 -10.90500 -3.44800
123.00000 13.27500 7.98500 -0.79300 5.58500 8.61600 10.90500 -5.17800 -1.66800 1.26100 4.78100 -9.52100 -7.10000 -2.26800 -2.50200 -8.95200 -2.96000
124.00000 14.25200 10.42700 -0.79300 5.09600 11.05800 10.41700 -5.66600 -1.18000 -0.20300 1.85100 -7.56800 -6.12400 -2.75700 -2.50200 -6.51000 -1.98400
125.00000 13.27500 9.93900 -0.79300 4.60800 13.01100 7.97500 -6.15400 0.28500 -2.64500 -2.54300 -5.61500 -4.65900 -3.24500 -3.47900 -3.58100 -0.51900
126.00000 11.32200 7.00900 -2.25800 4.12000 12.52200 4.06900 -6.15400 1.26100 -4.11000 -6.93800 -4.63900 -3.19400 -4.22200 -6.40900 -2.11600 -0.03100
127.00000 8.88100 2.61400 -3.72300 3.63200 9.10400 0.16300 -6.64300 2.72600 -5.08600 -9.86700 -4.15000 -2.70600 -5.19800 -9.33800 -1.62800 0.45800
128.00000 6.92700 -0.80400 -5.18800 4.12000 5.68600 -1.30200 -7.13100 2.72600 -4.59800 -9.86700 -6.10400 -3.68200 -5.19800 -10.31500 -3.09200 -0.51900
129.00000 7.41600 -1.29200 -5.18800 4.12000 4.22200 0.16300 -8.59600 1.75000 -3.62100 -6.93800 -9.03300 -5.14700 -5.19800 -8.85000 -6.51000 -1.98400
130.00000 9.85700 1.63800 -4.70000 4.60800 5.19800 3.58100 -9.08400 0.77300 -1.66800 -2.54300 -11.96300 -7.58900 -5.19800 -6.40900 -10.90500 -4.42500
131.00000 13.27500 5.05600 -2.74700 4.12000 7.64000 6.51000 -8.10800 -0.20300 -0.69200 0.38700 -13.91600 -8.56500 -4.71000 -4.94400 -14.81100 -6.37800
132.00000 16.69300 7.98500 -0.30500 3.14300 9.59300 7.48700 -6.15400 0.28500 -1.18000 0.87500 -13.91600 -8.56500 -4.71000 -5.43200 -15.29900 -6.86600
133.00000 18.15800 8.96200 1.64800 3.14300 9.10400 6.02200 -3.22500 1.75000 -2.15700 -1.07800 -11.47500 -7.10000 -4.22200 -6.40900 -13.34600 -6.37800
134.00000 18.64600 7.98500 3.11300 3.63200 7.15100 3.09200 -0.29500 3.21500 -3.13300 -3.52000 -8.54500 -4.65900 -3.73300 -6.40900 -9.92800 -4.91300
135.00000 18.15800 6.52100 4.57800 6.07300 6.17500 1.62800 1.65800 4.67900 -3.13300 -4.98500 -6.10400 -3.19400 -3.24500 -4.94400 -6.99900 -3.44800
136.00000 17.67000 6.03200 5.06600 9.00300 7.15100 2.60400 2.14600 4.67900 -2.64500 -3.52000 -5.61500 -2.70600 -2.75700 -2.50200 -6.51000 -2.96000
137.00000 17.67000 7.00900 4.08900 10.46800 10.56900 6.51000 1.65800 4.19100 -1.66800 -0.59000 -7.08000 -3.68200 -2.26800 0.42700 -7.48700 -2.96000
138.00000 17.67000 9.45000 2.13600 9.97900 13.49900 10.41700 1.17000 2.72600 -0.69200 2.82800 -8.54500 -4.17100 -1.78000 1.40400 -7.97500 -2.96000
139.00000 19.13500 12.86800 0.67100 7.05000 14.47600 12.37000 1.65800 2.23800 -0.20300 4.78100 -8.54500 -3.68200 -0.80400 1.89200 -7.48700 -1.49500
140.00000 21.08800 15.31000 0.67100 3.63200 13.01100 12.85800 3.61100 3.21500 -0.20300 6.24600 -6.10400 -1.72900 0.66100 2.86900 -4.55700 0.94600
141.00000 23.04100 15.79800 2.62500 2.16700 10.08100 11.39300 6.05300 4.67900 0.28500 6.73400 -2.68600 1.20000 2.12600 3.84500 -1.62800 3.87600
142.00000 23.52900 13.35700 6.53100 3.63200 7.64000 10.41700 9.47100 6.14400 1.26100 6.73400 0.24400 3.15300 3.59100 5.31000 0.81400 5.82900
143.00000 23.52900 9.45000 9.94900 7.53800 7.64000 9.92800 11.42400 7.60900 1.75000 6.73400 1.22100 3.64200 3.10300 6.28700 0.81400 5.82900
144.00000 24.01700 6.52100 11.90200 11.44400 9.59300 9.44000 11.42400 7.60900 2.23800 6.73400 0.24400 2.66500 2.12600 5.79800 -1.13900 3.87600
145.00000 25.48200 6.52100 10.92500 13.39700 13.01100 8.46400 9.95900 6.63200 1.75000 6.73400 -2.19700 0.22400 0.17300 3.84500 -4.55700 0.94600
146.00000 27.92400 9.93900 7.99600 13.39700 15.94000 6.51000 6.54100 5.16800 1.26100 5.75800 -5.61500 -2.70600 -1.78000 1.89200 -7.48700 -1.98400
147.00000 29.38800 13.84500 5.06600 11.44400 17.40500 5.53400 4.10000 4.19100 0.77300 4.78100 -7.56800 -4.65900 -3.24500 -0.54900 -8.95200 -3.93700
148.00000 27.92400 14.82100 3.11300 9.00300 16.42900 6.02200 2.63500 4.67900 0.28500 3.80500 -7.56800 -4.17100 -3.24500 -2.01400 -8.95200 -3.93700
149.00000 24.50600 11.89200 2.62500 6.56100 13.01100 7.48700 3.12300 5.16800 -0.20300 3.80500 -5.61500 -2.21800 -2.75700 -2.99100 -7.48700 -2.47200
150.00000 20.59900 7.00900 2.62500 4.12000 8.61600 9.92800 4.58800 6.14400 -0.20300 4.29300 -3.17400 0.71200 -0.31500 -3.47900 -6.02200 -1.00700
151.00000 17.67000 2.61400 2.62500 2.16700 4.22200 11.39300 6.05300 7.12100 0.28500 5.75800 -2.19700 2.66500 1.14900 -2.50200 -5.53400 -0.03100
152.00000 17.67000 2.12600 1.64800 0.70200 3.24500 10.90500 5.56400 6.63200 0.77300 6.73400 -3.17400 2.17700 1.14900 -1.03800 -6.51000 -0.51900
153.00000 19.62300 6.52100 1.16000 1.19000 5.68600 9.92800 4.58800 5.65600 0.77300 6.73400 -5.12700 0.71200 0.66100 0.42700 -8.46400 -1.98400
154.00000 22.06400 12.86800 1.16000 3.63200 9.10400 8.46400 2.14600 5.16800 -0.20300 5.26900 -8.05700 -1.72900 -1.29200 0.42700 -9.92800 -3.93700
155.00000 23.04100 17.75100 1.64800 7.05000 12.03400 7.48700 0.19300 4.67900 -1.66800 2.82800 -9.52100 -3.19400 -3.24500 -2.01400 -11.39300 -5.89000
156.00000 24.01700 18.72800 2.62500 10.95600 13.01100 6.51000 -0.78300 4.67900 -3.62100 -0.59000 -10.49800 -4.17100 -5.19800 -6.89700 -11.88200 -7.35500
157.00000 24.50600 15.79800 2.13600 12.90900 11.05800 5.53400 -2.73600 4.67900 -5.08600 -4.00800 -11.96300 -4.65900 -6.66300 -11.78000 -13.34600 -8.82000
158.00000 25.48200 11.89200 1.16000 12.90900 9.59300 3.58100 -5.17800 4.67900 -5.57500 -6.44900 -13.91600 -5.63600 -7.64000 -14.70900 -16.27600 -10.28400
159.00000 25.48200 8.96200 -1.77000 10.95600 8.61600 2.11600 -8.59600 3.70300 -5.08600 -7.42600 -16.35700 -7.10000 -8.12800 -15.19800 -19.20600 -12.72600
160.00000 24.50600 8.47400 -5.18800 8.02600 10.08100 1.62800 -11.03700 3.21500 -4.59800 -7.42600 -19.28700 -8.56500 -7.64000 -13.24500 -21.64700 -13.70200
161.00000 22.55200 9.45000 -7.14100 5.58500 11.54600 2.11600 -12.50200 2.23800 -4.11000 -7.42600 -20.26400 -8.56500 -7.15100 -11.29200 -22.62400 -13.21400
162.00000 21.08800 9.93900 -8.11800 4.60800 11.54600 3.58100 -12.01400 1.75000 -4.11000 -7.42600 -19.28700 -7.58900 -6.66300 -10.80300 -21.15900 -12.23800
163.00000 21.57600 9.93900 -6.65300 5.09600 10.56900 5.04600 -9.57200 1.75000 -4.11000 -6.93800 -16.35700 -6.12400 -6.17500 -10.80300 -18.22900 -10.28400
164.00000 23.52900 8.96200 -5.18800 7.05000 9.10400 6.51000 -7.61900 1.75000 -4.59800 -6.44900 -13.42800 -5.63600 -6.66300 -11.78000 -16.27600 -9.30800
165.00000 26.94700 9.45000 -3.23500 9.49100 9.10400 7.97500 -6.15400 1.75000 -4.11000 -5.96100 -12.45100 -6.12400 -7.64000 -11.29200 -15.78800 -9.79600
166.00000 28.41200 10.91500 -2.25800 11.93200 11.54600 8.46400 -6.15400 1.75000 -3.62100 -5.47300 -13.42800 -7.58900 -8.12800 -10.80300 -17.25300 -11.74900
167.00000 27.43500 12.38000 -2.25800 13.39700 14.96400 8.46400 -7.13100 2.23800 -2.64500 -5.96100 -16.84600 -9.54200 -9.10400 -9.82700 -19.69400 -14.19100
168.00000 24.99400 13.84500 -2.74700 12.90900 16.91700 7.48700 -8.10800 2.72600 -2.64500 -6.44900 -19.28700 -10.51800 -9.59300 -9.82700 -21.64700 -16.14400
169.00000 24.50600 13.35700 -2.74700 11.44400 16.91700 6.99900 -7.61900 3.21500 -2.64500 -7.42600 -19.28700 -9.54200 -9.59300 -11.29200 -21.15900 -16.63200
170.00000 26.94700 11.89200 -1.77000 9.00300 15.45200 6.51000 -5.66600 3.70300 -2.15700 -6.93800 -16.84600 -8.07700 -9.10400 -11.78000 -18.71700 -15.16700
171.00000 31.83000 10.42700 -0.30500 6.56100 12.52200 6.99900 -2.73600 4.19100 -2.15700 -4.98500 -12.45100 -5.14700 -7.64000 -11.29200 -15.78800 -12.72600
172.00000 36.22400 10.42700 1.16000 5.58500 11.05800 7.97500 -0.29500 4.19100 -1.18000 -2.05500 -9.03300 -3.68200 -6.66300 -9.82700 -13.34600 -10.28400
173.00000 37.68900 13.84500 2.13600 6.07300 12.03400 9.92800 0.68200 4.19100 -0.69200 0.87500 -8.54500 -4.17100 -5.68600 -7.38500 -12.85800 -9.30800
174.00000 35.24800 19.70400 3.11300 8.02600 14.47600 11.88200 -0.29500 3.70300 -0.20300 2.82800 -10.49800 -6.12400 -6.17500 -5.92000 -15.29900 -10.28400
175.00000 31.34200 25.56400 3.11300 10.95600 17.40500 12.85800 -1.76000 3.21500 -0.20300 2.34000 -14.40400 -8.07700 -7.15100 -5.92000 -17.74100 -12.23800
176.00000 28.90000 28.00500 3.60100 14.37400 20.33500 13.34600 -2.73600 2.72600 -0.20300 0.38700 -16.84600 -9.54200 -8.61600 -7.38500 -19.69400 -14.19100
177.00000 29.38800 26.54000 5.06600 16.81500 21.31100 12.85800 -2.73600 3.21500 -0.69200 -1.56700 -16.35700 -9.54200 -9.10400 -8.36200 -19.69400 -14.19100
178.00000 32.80600 23.12200 7.01900 18.76800 19.84700 11.88200 -0.78300 4.19100 -1.18000 -1.56700 -13.42800 -7.58900 -8.61600 -8.36200 -16.76400 -12.72600
179.00000 36.22400 20.19200 9.46000 18.76800 17.40500 11.39300 1.65800 5.65600 -2.15700 -1.07800 -9.52100 -5.63600 -8.12800 -6.40900 -13.83500 -10.77300
180.00000 36.71300 19.70400 10.43700 17.79200 13.98700 11.39300 4.10000 6.63200 -3.62100 -0.59000 -6.59200 -3.19400 -7.15100 -4.45600 -11.39300 -9.30800
181.00000 34.76000 21.16900 10.43700 15.83900 11.54600 11.88200 5.07600 7.12100 -4.59800 -0.59000 -5.12700 -2.21800 -7.15100 -4.45600 -10.41700 -9.30800
182.00000 31.83000 21.65700 8.97200 13.39700 12.03400 12.37000 5.07600 6.63200 -4.59800 -2.05500 -5.61500 -1.72900 -7.15100 -5.92000 -10.41700 -9.79600
183.00000 29.38800 20.68100 7.99600 11.93200 14.47600 12.85800 3.61100 5.65600 -3.13300 -3.03100 -6.59200 -1.72900 -7.15100 -7.87400 -10.90500 -10.77300
184.00000 28.90000 19.21600 7.50700 11.93200 17.40500 13.34600 2.14600 4.67900 -0.69200 -3.52000 -7.08000 -1.72900 -5.68600 -8.36200 -11.39300 -10.77300
185.00000 30.36500 18.72800 7.99600 13.88500 18.87000 14.32300 0.68200 3.70300 0.28500 -2.05500 -7.56800 -2.21800 -4.71000 -7.38500 -11.39300 -9.79600
186.00000 31.34200 21.16900 8.48400 15.35000 18.38200 15.29900 -0.29500 3.70300 0.28500 -0.59000 -8.05700 -2.70600 -4.22200 -5.92000 -11.88200 -9.79600
187.00000 32.31800 24.09900 8.48400 15.83900 15.45200 14.81100 -1.27200 3.70300 -1.66800 -1.07800 -9.52100 -3.68200 -5.19800 -5.43200 -12.37000 -9.79600
188.00000 31.83000 24.58700 7.01900 14.37400 12.03400 12.37000 -2.73600 4.19100 -3.62100 -4.49600 -11.47500 -3.68200 -6.66300 -6.89700 -12.85800 -10.77300
189.00000 30.36500 20.19200 4.08900 11.44400 9.59300 8.46400 -4.20100 3.70300 -5.57500 -9.37900 -12.93900 -2.70600 -7.64000 -9.82700 -12.37000 -12.23800
190.00000 27.92400 13.35700 1.64800 8.02600 7.64000 4.55700 -6.15400 3.70300 -6.55100 -12.79700 -12.45100 -2.21800 -8.12800 -12.75600 -10.41700 -12.72600
191.00000 24.50600 7.98500 -0.30500 5.58500 6.17500 1.62800 -7.13100 2.72600 -5.57500 -13.28500 -10.98600 -1.24100 -7.15100 -13.73300 -8.95200 -12.23800
192.00000 21.57600 8.47400 -0.30500 5.09600 5.19800 1.62800 -7.13100 2.23800 -4.11000 -11.82000 -9.52100 -1.72900 -6.17500 -12.75600 -8.95200 -11.26100
193.00000 20.11100 14.82100 1.64800 6.07300 6.17500 3.58100 -6.15400 1.75000 -2.64500 -8.89100 -9.52100 -2.70600 -5.19800 -10.80300 -9.92800 -10.77300
194.00000 20.59900 22.14600 4.08900 8.51400 8.61600 6.51000 -4.69000 1.75000 -2.64500 -7.42600 -10.49800 -4.65900 -5.19800 -8.85000 -11.39300 -10.77300
195.00000 22.55200 25.07500 6.04200 10.95600 12.03400 7.48700 -3.71300 1.26100 -2.64500 -8.40300 -11.96300 -5.63600 -5.68600 -8.36200 -12.85800 -11.26100
196.00000 25.97000 22.63400 7.50700 11.93200 13.98700 6.51000 -2.73600 1.75000 -2.64500 -9.86700 -12.93900 -6.12400 -6.17500 -8.36200 -13.83500 -11.74900
197.00000 28.90000 16.77400 7.01900 11.44400 13.49900 4.06900 -3.22500 1.75000 -4.11000 -11.33200 -12.93900 -5.14700 -6.66300 -8.36200 -13.34600 -11.74900
198.00000 30.85300 12.38000 5.55400 9.00300 11.05800 2.60400 -3.22500 2.23800 -5.08600 -10.84400 -11.47500 -4.17100 -6.66300 -6.40900 -12.37000 -11.26100
199.00000 31.34200 13.35700 4.57800 6.07300 7.15100 3.09200 -2.73600 2.72600 -5.57500 -8.40300 -10.01000 -3.19400 -6.17500 -4.45600 -11.39300 -10.77300
200.00000 30.85300 17.75100 4.08900 4.12000 4.71000 5.04600 -1.76000 2.72600 -5.08600 -5.96100 -8.54500 -2.70600 -6.17500 -3.47900 -11.39300 -10.28400
201.00000 29.87700 22.63400 5.55400 4.12000 5.19800 7.48700 -0.29500 2.23800 -3.62100 -3.52000 -8.54500 -2.70600 -5.19800 -3.47900 -10.90500 -9.79600
202.00000 28.90000 24.58700 7.99600 6.56100 7.15100 9.92800 1.17000 1.75000 -1.18000 -1.07800 -9.03300 -3.68200 -4.71000 -3.47900 -10.41700 -9.30800
203.00000 29.38800 24.09900 9.94900 10.46800 10.08100 12.37000 1.65800 0.77300 0.77300 0.87500 -9.03300 -4.17100 -3.73300 -2.99100 -8.95200 -8.33100
204.00000 29.87700 24.09900 10.92500 13.39700 13.01100 14.81100 2.63500 0.77300 1.75000 3.80500 -9.03300 -4.65900 -2.75700 -1.03800 -7.97500 -7.35500
205.00000 30.85300 25.56400 11.41400 15.35000 14.96400 17.74100 2.14600 1.26100 1.75000 6.24600 -9.03300 -4.65900 -2.26800 1.89200 -7.48700 -6.37800
206.00000 31.34200 28.00500 11.41400 14.86200 16.42900 20.18200 2.14600 1.75000 1.26100 8.68700 -9.52100 -4.65900 -1.78000 2.86900 -8.46400 -6.37800
207.00000 30.85300 28.49300 11.41400 11.93200 16.91700 19.69400 1.17000 1.75000 1.26100 8.68700 -10.01000 -5.63600 -1.29200 2.38000 -9.44000 -7.35500
208.00000 28.90000 24.58700 11.41400 9.00300 14.96400 16.27600 0.19300 1.26100 1.75000 7.22200 -11.96300 -5.63600 -1.29200 1.40400 -10.90500 -8.33100
209.00000 25.97000 18.23900 10.92500 5.58500 11.05800 10.90500 -1.27200 0.77300 1.75000 4.78100 -12.93900 -5.63600 -0.80400 0.42700 -11.39300 -8.82000
210.00000 24.01700 12.86800 9.46000 3.14300 6.66300 6.51000 -2.73600 -0.20300 1.26100 3.31600 -13.42800 -4.65900 -0.31500 0.42700 -11.39300 -8.82000
211.00000 23.52900 12.38000 7.50700 3.14300 4.22200 5.04600 -3.22500 -1.18000 0.77300 3.31600 -13.42800 -3.68200 -0.31500 1.40400 -10.90500 -8.33100
212.00000 25.48200 16.28600 7.01900 5.09600 5.68600 7.97500 -3.71300 -1.18000 -0.20300 4.29300 -12.93900 -3.68200 -0.80400 1.40400 -10.41700 -8.33100
213.00000 29.87700 23.61000 8.48400 9.00300 10.08100 13.34600 -3.71300 -0.69200 -0.20300 5.75800 -12.93900 -4.17100 -2.26800 -0.54900 -10.90500 -9.30800
214.00000 35.24800 29.47000 11.90200 14.37400 14.96400 18.71700 -2.73600 0.28500 0.28500 6.73400 -13.42800 -5.14700 -3.73300 -3.47900 -11.39300 -10.77300
215.00000 39.15400 31.91100 15.80800 17.79200 17.89300 21.64700 -1.76000 1.26100 0.28500 6.24600 -13.91600 -5.63600 -4.71000 -5.43200 -11.39300 -12.23800
216.00000 40.61900 30.93500 18.25000 18.28000 18.38200 22.13500 -1.27200 2.23800 0.28500 5.26900 -14.40400 -5.63600 -5.19800 -6.40900 -11.39300 -12.72600
217.00000 38.17700 27.51700 17.76100 16.32700 16.42900 19.69400 -2.24800 2.72600 -0.69200 3.31600 -14.89300 -5.14700 -5.19800 -6.40900 -11.39300 -13.21400
218.00000 33.29500 23.61000 15.32000 11.93200 13.49900 16.76400 -3.71300 2.23800 -2.15700 0.38700 -15.86900 -4.65900 -5.68600 -6.89700 -12.85800 -14.19100
219.00000 27.43500 20.19200 12.39000 8.02600 10.08100 12.37000 -6.64300 1.26100 -3.13300 -2.54300 -17.82200 -5.63600 -6.17500 -8.85000 -15.29900 -16.14400
220.00000 23.52900 17.75100 8.97200 5.09600 7.64000 8.46400 -10.06100 -0.20300 -3.62100 -5.47300 -20.26400 -7.10000 -7.64000 -12.26800 -18.22900 -19.07300
221.00000 22.55200 15.79800 7.01900 5.09600 5.19800 6.02200 -12.50200 -2.15700 -3.62100 -7.91400 -22.70500 -9.54200 -9.10400 -15.19800 -21.15900 -21.02700
222.00000 24.01700 15.31000 6.53100 6.56100 4.22200 6.02200 -14.45500 -3.62100 -3.62100 -8.40300 -24.17000 -11.00700 -9.59300 -16.17400 -22.62400 -22.00300
223.00000 28.41200 16.28600 6.53100 9.00300 5.68600 7.97500 -15.43200 -4.11000 -4.11000 -7.42600 -24.65800 -11.98300 -10.08100 -14.70900 -22.13500 -21.02700
224.00000 32.31800 19.21600 6.53100 11.93200 9.59300 11.88200 -14.45500 -3.62100 -4.59800 -5.96100 -23.68200 -12.47200 -9.59300 -12.26800 -21.15900 -19.56200
225.00000 35.73600 23.12200 7.50700 14.37400 13.49900 14.32300 -13.47900 -2.64500 -5.08600 -5.47300 -22.70500 -12.47200 -9.59300 -10.31500 -20.18200 -18.58500
226.00000 37.68900 26.54000 8.48400 15.83900 15.94000 13.83500 -12.50200 -1.18000 -4.59800 -6.44900 -22.70500 -12.47200 -9.59300 -10.31500 -20.18200 -19.07300
227.00000 37.68900 28.49300 8.48400 16.32700 15.94000 9.92800 -12.01400 -0.20300 -4.59800 -8.40300 -23.19300 -12.96000 -10.08100 -11.78000 -21.15900 -20.53800
228.00000 36.22400 28.00500 7.99600 15.35000 13.49900 4.55700 -11.52500 -0.20300 -4.11000 -9.86700 -24.17000 -12.96000 -10.56900 -12.75600 -22.62400 -21.02700
229.00000 32.31800 25.07500 7.01900 12.90900 10.08100 1.13900 -11.03700 -0.69200 -4.11000 -9.37900 -24.17000 -12.96000 -10.56900 -13.24500 -23.11200 -21.02700
230.00000 27.92400 21.65700 5.55400 9.97900 7.64000 0.16300 -10.54900 -1.66800 -4.59800 -7.91400 -23.19300 -11.98300 -9.59300 -12.26800 -21.64700 -19.56200
231.00000 24.99400 19.21600 5.55400 8.02600 7.15100 2.11600 -8.59600 -2.15700 -4.11000 -5.47300 -21.24000 -10.51800 -8.12800 -10.31500 -18.71700 -17.12000
232.00000 25.48200 18.23900 6.53100 7.05000 7.64000 5.04600 -5.17800 -2.15700 -3.13300 -3.03100 -17.82200 -8.56500 -6.66300 -7.87400 -15.29900 -14.19100
233.00000 29.87700 19.70400 9.46000 8.02600 9.10400 7.48700 -1.76000 -1.18000 -2.15700 -1.07800 -13.91600 -5.14700 -4.71000 -5.43200 -11.39300 -11.74900
234.00000 36.22400 22.63400 12.87800 9.97900 11.05800 8.46400 1.65800 0.77300 -0.69200 1.36300 -10.49800 -2.21800 -3.73300 -3.96700 -8.46400 -10.28400
235.00000 41.10700 25.56400 15.32000 11.93200 13.01100 9.44000 4.10000 3.21500 -0.20300 3.31600 -9.03300 -0.75300 -3.24500 -2.01400 -6.99900 -8.82000
236.00000 42.57200 27.02800 16.29600 12.90900 15.45200 10.90500 5.07600 4.67900 -0.20300 5.26900 -7.56800 -0.75300 -3.73300 -0.54900 -6.51000 -8.82000
237.00000 39.15400 27.51700 15.32000 13.39700 17.40500 13.34600 5.07600 4.67900 -0.20300 5.75800 -8.05700 -2.21800 -4.71000 0.91600 -6.99900 -8.82000
238.00000 33.78300 26.05200 13.36700 12.42100 16.91700 14.32300 4.10000 3.70300 0.77300 5.26900 -9.52100 -4.65900 -5.68600 1.40400 -7.97500 -9.79600
239.00000 28.90000 23.12200 10.92500 9.97900 14.47600 13.83500 2.14600 1.75000 1.75000 4.29300 -11.47500 -7.10000 -6.17500 -0.06100 -9.44000 -11.26100
240.00000 26.45900 19.70400 8.48400 7.05000 10.08100 11.88200 0.19300 0.28500 1.75000 3.31600 -13.91600 -9.05400 -7.15100 -2.50200 -11.39300 -12.72600
241.00000 26.45900 17.26300 7.50700 4.60800 7.15100 9.44000 -0.78300 -0.69200 1.26100 2.34000 -15.38100 -9.54200 -7.15100 -4.45600 -12.85800 -13.70200
242.00000 27.92400 16.77400 7.99600 4.12000 6.17500 8.95200 -0.29500 -0.69200 -0.20300 2.34000 -15.38100 -9.05400 -7.15100 -4.94400 -13.34600 -14.19100
243.00000 29.87700 19.21600 10.43700 5.58500 8.12800 9.92800 0.68200 0.28500 -0.69200 3.31600 -13.42800 -7.10000 -6.17500 -3.47900 -12.37000 -13.21400
244.00000 31.34200 23.12200 13.36700 8.02600 11.54600 12.37000 2.14600 2.23800 -1.18000 4.29300 -10.98600 -4.65900 -4.71000 -1.03800 -10.90500 -11.26100
245.00000 32.31800 26.54000 15.80800 10.46800 13.98700 13.83500 2.63500 3.21500 -0.20300 5.75800 -9.52100 -3.19400 -3.24500 1.40400 -9.44000 -9.79600
246.00000 32.80600 28.00500 16.29600 10.95600 14.96400 14.32300 1.17000 3.70300 1.26100 6.24600 -10.01000 -2.70600 -3.24500 1.89200 -9.44000 -9.79600
247.00000 31.83000 27.02800 13.85500 9.49100 13.98700 12.37000 -1.76000 2.23800 0.77300 5.26900 -12.45100 -4.17100 -4.22200 -0.54900 -10.90500 -11.74900
248.00000 29.38800 25.07500 9.46000 7.05000 12.03400 9.92800 -5.66600 0.77300 0.28500 2.82800 -16.35700 -7.10000 -6.66300 -4.45600 -14.32300 -14.67900
249.00000 26.94700 23.61000 4.57800 4.60800 10.56900 7.97500 -9.08400 -1.66800 -1.66800 0.38700 -20.75200 -10.03000 -9.59300 -8.85000 -17.25300 -18.09700
250.00000 25.48200 24.09900 2.13600 3.14300 9.10400 6.99900 -11.52500 -3.13300 -3.13300 -2.05500 -24.17000 -12.47200 -11.05800 -12.26800 -19.69400 -20.53800
251.00000 26.45900 26.05200 3.60100 4.12000 8.12800 7.48700 -11.03700 -3.13300 -3.62100 -2.54300 -24.65800 -12.96000 -11.05800 -13.24500 -20.18200 -20.53800
252.00000 31.34200 28.49300 8.48400 6.07300 8.12800 8.46400 -9.57200 -2.15700 -3.13300 -1.56700 -23.68200 -11.49500 -9.59300 -11.78000 -18.22900 -18.09700
253.00000 36.71300 30.93500 13.85500 9.00300 9.59300 10.90500 -7.13100 -0.20300 -1.66800 -0.10200 -21.72900 -10.03000 -7.64000 -10.31500 -15.78800 -15.16700
254.00000 39.64200 32.39900 17.76100 10.95600 11.54600 12.85800 -5.17800 1.26100 -0.69200 0.87500 -20.26400 -8.56500 -6.66300 -8.85000 -14.32300 -13.70200
255.00000 38.66600 32.39900 17.76100 11.44400 13.98700 14.32300 -5.66600 1.75000 -0.69200 -0.10200 -20.75200 -8.56500 -7.15100 -9.82700 -15.29900 -15.16700
256.00000 34.27100 30.93500 14.34300 10.46800 15.45200 13.34600 -8.59600 1.26100 -2.15700 -4.00800 -23.19300 -10.03000 -9.59300 -13.24500 -18.71700 -19.07300
