1.00000 -3.29600 -0.44800 -0.03100 -0.47800 -2.77700 -3.85500 -0.13200 -5.19800 -3.19400 -4.03800 -5.50300 -1.05800 -3.28600 -4.14000 0.48800 -2.83800
2.00000 -1.83100 1.99400 -1.00700 1.47500 -2.28900 -1.41400 0.35600 -4.71000 -3.68200 -5.01500 -6.96800 -1.54600 -3.28600 -4.62800 0.48800 -2.83800
3.00000 -0.36600 3.45900 -1.00700 1.96300 -2.28900 1.51600 1.33300 -3.73300 -4.17100 -6.48000 -6.96800 -2.03500 -3.28600 -6.09300 0.48800 -3.81500
4.00000 1.09900 3.45900 -0.03100 2.45200 -2.28900 3.95700 1.82100 -3.24500 -4.17100 -6.96800 -5.99200 -2.52300 -3.77400 -8.04600 -0.48800 -4.79100
5.00000 2.07500 1.50600 1.43400 1.96300 -1.80100 4.93400 1.33300 -2.75700 -4.17100 -6.96800 -4.03800 -3.01100 -4.26200 -9.02300 -1.95300 -5.76800
6.00000 1.58700 -0.93600 1.92300 1.96300 -0.82400 4.44500 -0.13200 -3.73300 -3.68200 -5.01500 -1.59700 -3.01100 -4.26200 -8.53500 -3.41800 -6.25600
7.00000 -0.85400 -2.40100 -0.03100 2.45200 0.15300 2.98100 -2.57400 -4.71000 -2.70600 -3.06200 0.35600 -2.52300 -3.77400 -6.58200 -3.41800 -5.76800
8.00000 -2.80800 -2.88900 -2.47200 2.94000 1.12900 1.51600 -4.03800 -5.68600 -2.70600 -2.57400 0.35600 -2.52300 -3.77400 -4.62800 -3.41800 -5.28000
9.00000 -4.76100 -2.88900 -3.93700 3.42800 0.64100 0.53900 -4.03800 -6.17500 -4.17100 -5.01500 -1.59700 -3.01100 -4.26200 -5.11700 -3.90600 -6.25600
10.00000 -6.22600 -4.35400 -2.96000 2.94000 -0.82400 -0.92600 -3.55000 -5.68600 -6.12400 -9.89800 -4.52700 -3.98800 -6.21500 -7.55800 -4.88300 -8.69800
11.00000 -7.20200 -6.79500 -0.51900 0.98700 -3.26500 -2.39100 -3.55000 -4.71000 -7.10000 -13.80400 -6.96800 -4.96400 -8.16900 -10.97600 -6.83600 -10.65100
12.00000 -8.17900 -9.23700 0.94600 -0.47800 -5.21900 -3.85500 -4.03800 -3.73300 -7.58900 -15.75700 -7.45600 -4.96400 -9.14500 -13.41800 -7.32400 -12.11500
13.00000 -8.66700 -9.72500 0.45800 -0.47800 -5.21900 -5.32000 -5.01500 -2.75700 -6.61200 -14.29200 -5.99200 -3.98800 -8.65700 -13.90600 -7.32400 -11.13900
14.00000 -8.66700 -6.79500 -1.98400 0.98700 -3.75400 -5.32000 -5.01500 -1.78000 -5.63600 -10.87400 -4.03800 -3.01100 -7.68000 -12.44100 -6.34800 -9.18600
15.00000 -7.20200 -1.42400 -4.42500 4.40500 -1.31200 -4.34400 -3.55000 -0.80400 -5.14700 -8.92100 -2.57400 -2.52300 -6.70400 -10.48800 -5.85900 -7.23300
16.00000 -4.76100 3.94700 -5.40200 7.33400 0.15300 -1.90200 -0.62100 0.66100 -4.65900 -8.43300 -2.08500 -3.01100 -6.21500 -9.02300 -5.85900 -6.74400
17.00000 -2.31900 5.90000 -3.44800 8.31100 0.64100 0.05100 2.30900 1.63800 -3.68200 -8.92100 -2.08500 -3.01100 -6.21500 -7.55800 -6.34800 -6.74400
18.00000 -1.83100 3.45900 -0.03100 7.33400 0.15300 1.02700 4.26200 2.61400 -3.19400 -9.89800 -1.59700 -2.52300 -5.72700 -5.60500 -5.85900 -6.25600
19.00000 -3.29600 -1.42400 2.41100 4.40500 -1.31200 0.53900 4.75100 2.61400 -2.70600 -10.87400 -0.62100 -0.57000 -4.75100 -3.65200 -5.37100 -4.30300
20.00000 -5.24900 -5.81900 2.89900 1.96300 -3.26500 -1.90200 2.79700 2.12600 -2.70600 -11.36300 0.84400 0.89500 -3.77400 -1.21100 -4.39500 -1.86200
21.00000 -7.20200 -7.77200 1.43400 0.98700 -4.24200 -2.87900 0.35600 0.66100 -3.68200 -12.33900 0.35600 1.38300 -3.77400 -0.23400 -3.90600 0.58000
22.00000 -8.17900 -6.30700 -1.49500 0.98700 -4.73000 -2.87900 -2.57400 -0.80400 -5.14700 -12.82800 -2.08500 0.89500 -4.26200 -0.72200 -3.90600 1.55600
23.00000 -7.69000 -3.86600 -4.91300 1.47500 -4.24200 -1.41400 -4.03800 -2.26800 -5.63600 -12.33900 -5.01500 -1.05800 -5.23900 -2.18700 -4.39500 1.06800
24.00000 -6.71400 -1.42400 -7.84300 0.98700 -3.75400 -1.41400 -4.52700 -3.73300 -4.65900 -11.36300 -6.96800 -2.52300 -5.72700 -3.65200 -4.39500 -0.39700
25.00000 -6.22600 -0.44800 -9.79600 0.01000 -2.77700 -1.90200 -4.03800 -4.71000 -3.68200 -10.38600 -6.96800 -3.01100 -5.72700 -4.62800 -5.37100 -2.35000
26.00000 -6.71400 -0.93600 -9.79600 0.01000 -2.28900 -2.87900 -3.55000 -4.71000 -2.21800 -10.38600 -6.48000 -3.01100 -5.23900 -3.65200 -6.83600 -4.30300
27.00000 -7.69000 -2.40100 -9.79600 0.98700 -1.80100 -3.36700 -4.03800 -3.24500 -1.72900 -11.36300 -6.48000 -3.98800 -5.23900 -2.67500 -10.25400 -6.74400
28.00000 -8.66700 -4.35400 -8.33100 3.91600 -0.82400 -2.87900 -5.50300 -1.78000 -1.72900 -12.33900 -7.94500 -5.45200 -5.23900 -2.18700 -13.67200 -9.18600
29.00000 -9.15500 -6.30700 -7.84300 6.35800 -0.33600 -1.41400 -5.99200 0.17300 -2.21800 -13.31600 -10.38600 -7.40600 -5.72700 -2.67500 -16.11300 -11.13900
30.00000 -9.15500 -8.74800 -6.86600 7.82300 0.15300 -1.41400 -6.96800 0.17300 -1.72900 -12.82800 -12.82800 -8.87000 -7.19200 -3.65200 -17.09000 -12.60400
31.00000 -8.66700 -10.21300 -5.89000 7.33400 0.15300 -2.39100 -6.96800 -1.29200 -1.72900 -11.85100 -13.31600 -9.84700 -8.16900 -4.62800 -17.57800 -13.58000
32.00000 -8.17900 -10.21300 -4.91300 4.89300 0.15300 -3.85500 -6.96800 -2.75700 -1.72900 -11.85100 -12.82800 -10.33500 -8.65700 -5.60500 -18.06600 -14.55700
33.00000 -7.69000 -8.26000 -4.91300 2.94000 -0.82400 -5.32000 -7.94500 -4.22200 -2.21800 -13.80400 -13.31600 -10.82400 -9.63300 -6.58200 -19.53100 -15.04500
34.00000 -6.71400 -5.33000 -5.89000 2.45200 -1.80100 -4.83200 -9.41000 -4.22200 -3.19400 -16.73400 -13.80400 -11.80000 -9.63300 -7.55800 -21.48400 -16.02200
35.00000 -4.27200 -2.40100 -7.84300 3.91600 -3.26500 -3.36700 -10.38600 -2.75700 -4.65900 -18.19900 -14.78100 -12.77700 -10.12200 -8.53500 -22.94900 -16.02200
36.00000 -1.34300 -1.42400 -9.30800 5.87000 -4.24200 -0.92600 -10.38600 -1.78000 -5.63600 -17.71000 -14.78100 -13.26500 -10.12200 -8.53500 -22.94900 -15.53300
37.00000 1.58700 -0.44800 -8.82000 7.82300 -3.26500 2.00400 -8.43300 -0.80400 -6.12400 -14.29200 -13.31600 -11.80000 -9.63300 -8.04600 -21.48400 -14.55700
38.00000 4.51700 1.01700 -6.37800 9.28800 -0.33600 5.42200 -5.50300 -0.31500 -4.65900 -8.92100 -10.38600 -9.84700 -9.14500 -7.07000 -19.53100 -12.60400
39.00000 6.95800 4.43500 -2.47200 9.77600 5.03500 9.32800 -1.59700 0.17300 -2.70600 -5.50300 -7.94500 -7.89400 -8.16900 -6.58200 -18.06600 -11.62700
40.00000 8.42300 8.34100 1.43400 10.75200 8.94200 12.25800 0.84400 0.17300 -0.26400 -4.03800 -7.94500 -7.40600 -7.68000 -6.09300 -17.57800 -11.13900
41.00000 9.39900 10.78300 2.41100 12.21700 10.40600 13.23400 2.30900 0.66100 0.71200 -4.52700 -9.89800 -8.38200 -7.19200 -6.09300 -17.09000 -11.13900
42.00000 8.42300 9.80600 0.45800 12.70500 7.96500 10.79300 1.33300 0.66100 0.22400 -6.48000 -12.33900 -9.84700 -7.68000 -7.07000 -16.60200 -11.62700
43.00000 5.98100 4.43500 -3.93700 10.75200 3.57100 4.93400 -1.10900 -1.29200 -1.24100 -7.94500 -13.80400 -11.31200 -8.16900 -7.55800 -16.11300 -12.11500
44.00000 2.56300 -1.91200 -7.84300 7.33400 -0.82400 -1.41400 -5.01500 -3.73300 -3.19400 -8.92100 -14.29200 -12.28800 -8.65700 -9.02300 -16.60200 -13.09200
45.00000 -0.85400 -5.81900 -10.77300 2.94000 -2.28900 -4.83200 -8.92100 -7.15100 -4.17100 -10.38600 -14.29200 -12.28800 -9.63300 -10.48800 -17.57800 -13.58000
46.00000 -2.31900 -5.33000 -12.23800 0.01000 -1.31200 -5.32000 -11.85100 -9.59300 -4.17100 -12.82800 -14.29200 -12.28800 -9.63300 -11.46400 -18.55500 -14.55700
47.00000 -1.34300 -1.91200 -12.72600 0.49800 0.64100 -3.85500 -12.82800 -9.10400 -3.19400 -14.78100 -14.78100 -12.28800 -9.14500 -10.97600 -19.04300 -15.04500
48.00000 1.09900 1.99400 -12.72600 3.42800 2.10600 -2.39100 -11.36300 -7.15100 -1.24100 -14.78100 -13.80400 -11.31200 -8.16900 -9.02300 -18.06600 -14.55700
49.00000 2.56300 3.45900 -13.70200 6.84600 2.10600 -1.90200 -8.43300 -4.22200 0.71200 -11.85100 -12.33900 -9.35900 -5.72700 -5.11700 -15.13700 -12.60400
50.00000 3.54000 2.48200 -13.70200 9.28800 1.61700 -0.92600 -5.50300 -2.26800 2.17700 -5.99200 -8.92100 -6.42900 -2.79700 -0.23400 -11.71900 -9.18600
51.00000 2.56300 -0.44800 -12.72600 9.77600 1.12900 1.51600 -3.55000 -2.75700 2.66500 -0.62100 -5.99200 -3.01100 0.13200 2.69600 -8.78900 -5.76800
52.00000 2.07500 -1.91200 -10.28400 8.31100 2.10600 5.91000 -4.03800 -4.22200 3.15300 1.82100 -4.03800 -1.05800 1.10900 3.18400 -6.83600 -2.83800
53.00000 1.58700 -1.91200 -7.84300 7.82300 3.08200 9.81600 -5.50300 -6.17500 2.17700 -0.13200 -4.52700 -1.54600 0.62100 0.74300 -6.83600 -1.86200
54.00000 0.61000 -1.42400 -6.37800 7.33400 3.57100 9.81600 -6.96800 -7.15100 0.22400 -5.01500 -6.96800 -3.49900 -0.84400 -3.16400 -7.32400 -1.86200
55.00000 -0.85400 -2.40100 -6.86600 7.82300 3.08200 5.42200 -8.43300 -7.15100 -1.72900 -10.38600 -9.89800 -5.45200 -1.82100 -7.07000 -8.30100 -2.83800
56.00000 -3.29600 -4.84200 -8.33100 6.84600 1.12900 -1.41400 -9.41000 -6.66300 -2.21800 -13.31600 -10.87400 -5.94100 -1.82100 -7.55800 -8.78900 -2.83800
57.00000 -5.73700 -7.28400 -10.28400 4.40500 -0.33600 -5.80900 -9.89800 -6.17500 -1.72900 -12.82800 -9.89800 -4.47600 -0.84400 -5.60500 -8.30100 -2.83800
58.00000 -6.71400 -8.26000 -11.26100 2.45200 -1.31200 -5.32000 -9.89800 -5.68600 -0.26400 -9.89800 -7.94500 -1.05800 1.10900 -1.21100 -6.34800 -1.86200
59.00000 -5.24900 -6.30700 -10.77300 1.47500 -2.28900 -1.41400 -8.92100 -5.19800 1.68900 -7.94500 -5.50300 1.38300 3.06200 2.20700 -3.90600 -0.39700
60.00000 -2.31900 -3.37700 -9.30800 2.45200 -3.26500 2.49200 -6.48000 -3.73300 2.17700 -7.94500 -3.06200 3.33700 3.55000 4.16100 -0.48800 1.06800
61.00000 -0.85400 -1.42400 -7.84300 4.89300 -4.24200 2.98100 -4.03800 -2.75700 1.68900 -9.89800 -0.62100 3.82500 3.06200 3.18400 0.97700 1.06800
62.00000 -1.34300 -1.42400 -8.82000 6.84600 -4.73000 -0.92600 -2.57400 -2.26800 0.71200 -11.85100 -0.13200 2.84800 2.08500 1.71900 0.48800 0.58000
63.00000 -4.76100 -3.86600 -11.74900 7.33400 -4.24200 -5.80900 -4.03800 -3.24500 -0.26400 -12.33900 -1.10900 1.87200 1.10900 -0.23400 -3.41800 -1.86200
64.00000 -9.15500 -6.30700 -16.14400 5.87000 -2.77700 -9.71500 -7.45600 -5.68600 -0.26400 -11.85100 -4.03800 -0.08100 -0.35600 -1.69900 -7.81200 -5.28000
65.00000 -11.59700 -7.28400 -19.07300 3.91600 -0.82400 -10.69100 -10.87400 -8.61600 -0.26400 -10.87400 -8.43300 -2.52300 -1.82100 -2.67500 -12.20700 -7.72100
66.00000 -11.10800 -5.33000 -17.60900 2.94000 0.15300 -9.22600 -12.33900 -10.56900 0.22400 -9.89800 -11.85100 -4.47600 -2.79700 -3.16400 -13.18400 -8.69800
67.00000 -7.20200 -2.40100 -11.26100 3.91600 0.15300 -6.29700 -10.38600 -11.05800 -0.26400 -8.92100 -12.33900 -4.96400 -3.77400 -3.65200 -12.20700 -8.20900
68.00000 -1.83100 0.04100 -2.96000 4.89300 -0.33600 -2.87900 -6.96800 -10.56900 -0.75300 -7.94500 -10.38600 -3.98800 -3.77400 -3.16400 -10.25400 -6.25600
69.00000 1.58700 -0.44800 3.38700 6.35800 -0.33600 -0.43700 -3.06200 -9.10400 -1.24100 -6.96800 -7.94500 -2.03500 -3.28600 -2.67500 -9.76600 -4.79100
70.00000 1.58700 -2.40100 4.36400 6.84600 0.15300 1.02700 -2.08500 -8.61600 -0.75300 -6.48000 -6.48000 -0.57000 -2.30900 -2.67500 -11.23000 -4.79100
71.00000 -1.34300 -3.86600 0.94600 5.87000 1.12900 0.05100 -3.55000 -8.12800 0.22400 -6.96800 -7.94500 -0.57000 -1.82100 -3.65200 -14.64800 -7.23300
72.00000 -4.76100 -4.35400 -5.40200 5.38100 1.12900 -2.87900 -6.48000 -9.10400 1.20000 -8.92100 -11.85100 -2.52300 -1.82100 -5.60500 -18.06600 -10.65100
73.00000 -7.20200 -3.37700 -10.28400 5.87000 0.15300 -5.80900 -9.41000 -10.56900 1.68900 -10.38600 -15.26900 -5.94100 -2.79700 -7.07000 -20.02000 -13.09200
74.00000 -7.20200 -1.91200 -12.23800 6.35800 -0.82400 -6.29700 -11.85100 -12.03400 0.71200 -11.36300 -17.22200 -8.87000 -3.77400 -7.55800 -19.53100 -14.55700
75.00000 -6.22600 -1.42400 -11.74900 7.33400 -2.77700 -4.34400 -13.31600 -13.01100 -0.75300 -11.36300 -16.24600 -9.84700 -4.26200 -6.58200 -17.09000 -14.06900
76.00000 -5.24900 -2.40100 -11.26100 7.82300 -4.24200 -0.92600 -13.80400 -13.01100 -2.21800 -11.36300 -14.78100 -8.87000 -5.23900 -6.09300 -14.64800 -13.58000
77.00000 -5.73700 -3.37700 -10.77300 7.82300 -4.73000 1.02700 -14.29200 -12.03400 -3.68200 -11.36300 -12.82800 -6.91700 -5.72700 -6.09300 -12.69500 -13.58000
78.00000 -7.20200 -3.37700 -11.26100 7.33400 -4.24200 -0.92600 -14.29200 -10.56900 -4.17100 -12.33900 -11.85100 -5.45200 -6.21500 -7.55800 -13.18400 -14.06900
79.00000 -8.66700 -2.40100 -10.28400 6.84600 -2.77700 -5.32000 -14.29200 -10.56900 -4.17100 -13.80400 -11.85100 -4.96400 -6.70400 -9.51100 -14.16000 -15.04500
80.00000 -10.13200 -1.91200 -8.82000 6.35800 -1.31200 -8.73800 -13.31600 -10.56900 -3.19400 -14.29200 -12.82800 -5.94100 -6.70400 -10.48800 -15.62500 -15.53300
81.00000 -10.13200 -2.88900 -6.37800 6.35800 -1.31200 -8.73800 -11.85100 -12.03400 -1.72900 -14.29200 -14.29200 -6.91700 -6.21500 -10.00000 -16.60200 -15.53300
82.00000 -9.64400 -5.81900 -5.40200 6.35800 -2.28900 -5.80900 -10.38600 -12.52200 -1.24100 -13.80400 -15.26900 -7.40600 -5.23900 -8.04600 -17.09000 -15.04500
83.00000 -9.15500 -9.23700 -6.37800 5.87000 -4.73000 -2.39100 -9.89800 -12.52200 -1.24100 -12.82800 -16.24600 -7.40600 -4.75100 -6.58200 -17.09000 -14.55700
84.00000 -10.13200 -10.70100 -8.82000 5.38100 -6.19500 -0.43700 -10.87400 -11.54600 -2.21800 -12.33900 -16.24600 -7.40600 -5.23900 -6.09300 -17.09000 -15.04500
85.00000 -11.10800 -10.21300 -10.77300 4.89300 -6.68300 -1.41400 -11.85100 -10.08100 -2.70600 -10.87400 -15.26900 -6.91700 -5.72700 -7.55800 -17.57800 -16.51000
86.00000 -12.08500 -7.77200 -12.23800 5.38100 -6.19500 -3.36700 -13.31600 -9.10400 -2.70600 -8.92100 -13.31600 -6.91700 -6.21500 -9.02300 -18.06600 -17.48700
87.00000 -12.08500 -6.30700 -11.26100 5.87000 -4.73000 -4.34400 -14.29200 -8.12800 -2.21800 -7.45600 -11.36300 -6.91700 -5.72700 -10.48800 -18.55500 -17.48700
88.00000 -10.62000 -5.33000 -10.28400 7.33400 -3.75400 -3.85500 -14.29200 -7.64000 -0.75300 -6.96800 -9.41000 -6.42900 -4.75100 -10.00000 -18.06600 -16.02200
89.00000 -8.66700 -5.33000 -9.30800 8.31100 -3.26500 -2.87900 -13.31600 -6.66300 -0.26400 -7.94500 -8.43300 -5.45200 -3.77400 -8.04600 -17.09000 -14.06900
90.00000 -7.20200 -5.33000 -9.79600 8.31100 -3.26500 -2.39100 -12.33900 -5.68600 -0.26400 -9.41000 -8.92100 -4.96400 -3.28600 -5.60500 -15.62500 -12.60400
91.00000 -7.69000 -3.86600 -10.28400 7.82300 -3.26500 -3.36700 -11.85100 -5.68600 -1.24100 -11.36300 -10.38600 -4.96400 -3.28600 -4.14000 -15.62500 -12.60400
92.00000 -10.13200 -1.91200 -11.26100 6.84600 -3.26500 -5.32000 -11.85100 -6.17500 -2.21800 -11.85100 -11.36300 -5.94100 -3.77400 -4.62800 -15.62500 -14.55700
93.00000 -12.57300 -0.93600 -10.77300 5.38100 -2.77700 -7.27300 -10.87400 -7.15100 -2.70600 -10.87400 -12.33900 -7.40600 -3.77400 -5.60500 -16.60200 -16.02200
94.00000 -14.03800 -2.40100 -8.82000 5.38100 -2.77700 -7.76200 -9.89800 -7.15100 -2.21800 -8.92100 -12.82800 -7.89400 -3.77400 -6.58200 -17.09000 -16.51000
95.00000 -13.06200 -4.84200 -5.89000 5.87000 -2.77700 -7.27300 -8.92100 -6.17500 -1.72900 -7.45600 -12.33900 -7.40600 -3.77400 -7.55800 -16.60200 -15.53300
96.00000 -11.10800 -7.28400 -3.44800 6.35800 -2.77700 -6.29700 -7.45600 -4.71000 -1.24100 -7.45600 -11.85100 -5.45200 -2.79700 -7.55800 -15.62500 -13.58000
97.00000 -8.66700 -9.23700 -2.47200 7.33400 -1.80100 -5.32000 -6.48000 -3.24500 -1.72900 -8.92100 -10.87400 -3.49900 -2.30900 -7.07000 -14.64800 -11.62700
98.00000 -8.17900 -9.23700 -2.47200 7.82300 -1.31200 -3.85500 -6.48000 -2.75700 -2.21800 -10.38600 -9.89800 -3.01100 -2.30900 -6.58200 -14.64800 -11.62700
99.00000 -9.64400 -8.26000 -3.93700 8.31100 -0.82400 -1.90200 -7.45600 -3.73300 -2.21800 -10.38600 -8.92100 -3.49900 -1.82100 -6.09300 -15.13700 -12.11500
100.00000 -10.62000 -6.79500 -6.37800 8.31100 -0.33600 -0.43700 -9.89800 -5.68600 -1.24100 -8.92100 -8.43300 -4.96400 -1.82100 -6.58200 -16.11300 -13.09200
101.00000 -10.62000 -5.33000 -8.82000 7.82300 0.15300 0.05100 -12.82800 -7.15100 -0.26400 -6.48000 -8.92100 -6.42900 -2.30900 -7.07000 -16.60200 -13.09200
102.00000 -10.13200 -4.35400 -12.23800 7.82300 0.15300 -0.92600 -15.26900 -8.61600 -0.75300 -4.52700 -9.89800 -6.91700 -3.28600 -7.55800 -16.60200 -13.09200
103.00000 -9.15500 -3.37700 -14.67900 7.33400 0.15300 -2.39100 -15.75700 -8.61600 -1.72900 -4.52700 -10.87400 -7.40600 -3.28600 -8.53500 -15.62500 -12.60400
104.00000 -9.15500 -3.37700 -15.65600 7.82300 0.15300 -3.85500 -14.78100 -8.61600 -3.19400 -6.48000 -10.87400 -6.42900 -3.28600 -9.02300 -14.64800 -11.62700
105.00000 -10.13200 -4.84200 -14.19100 7.82300 -0.82400 -4.83200 -11.85100 -7.64000 -3.68200 -8.92100 -10.38600 -5.94100 -3.28600 -9.02300 -13.67200 -11.62700
106.00000 -11.10800 -6.79500 -9.79600 7.82300 -1.31200 -4.83200 -9.89800 -6.66300 -3.68200 -10.87400 -9.89800 -5.45200 -3.28600 -8.53500 -13.18400 -12.11500
107.00000 -12.08500 -8.26000 -4.91300 6.84600 -1.80100 -5.32000 -8.43300 -5.68600 -3.19400 -11.85100 -10.38600 -5.45200 -3.77400 -9.02300 -13.67200 -13.09200
108.00000 -11.59700 -8.74800 -2.96000 5.87000 -2.77700 -5.80900 -7.94500 -5.19800 -2.70600 -11.85100 -11.36300 -5.94100 -4.75100 -9.51100 -13.67200 -14.55700
109.00000 -11.59700 -7.77200 -3.93700 4.40500 -3.26500 -5.80900 -8.43300 -4.71000 -3.19400 -11.85100 -11.85100 -5.45200 -5.72700 -10.48800 -13.18400 -15.53300
110.00000 -11.59700 -7.28400 -6.86600 4.40500 -3.75400 -4.34400 -8.92100 -4.71000 -4.17100 -12.82800 -10.38600 -4.96400 -7.19200 -11.46400 -11.23000 -15.53300
111.00000 -12.08500 -7.28400 -9.79600 5.38100 -3.75400 -2.39100 -9.41000 -4.71000 -5.14700 -14.29200 -7.94500 -3.98800 -7.19200 -12.44100 -8.78900 -14.06900
112.00000 -12.57300 -8.26000 -10.28400 6.35800 -4.24200 -0.43700 -9.89800 -3.73300 -5.14700 -14.78100 -5.50300 -3.01100 -7.68000 -12.92900 -5.85900 -12.11500
113.00000 -12.08500 -9.23700 -7.84300 7.33400 -4.73000 -0.43700 -10.87400 -3.24500 -4.65900 -14.78100 -5.01500 -2.52300 -7.19200 -12.92900 -5.85900 -10.65100
114.00000 -11.10800 -8.26000 -4.91300 6.84600 -5.21900 -2.87900 -11.85100 -3.24500 -3.19400 -13.80400 -7.45600 -3.49900 -6.70400 -11.95300 -10.74200 -9.67400
115.00000 -10.13200 -6.30700 -4.42500 5.87000 -6.68300 -5.80900 -11.85100 -4.71000 -2.21800 -10.87400 -11.85100 -5.45200 -6.21500 -10.48800 -19.53100 -10.16200
116.00000 -11.10800 -4.84200 -6.37800 4.40500 -7.17200 -7.27300 -11.85100 -7.64000 -1.72900 -8.92100 -16.24600 -7.89400 -5.23900 -8.04600 -27.83200 -10.65100
117.00000 -13.06200 -5.33000 -9.30800 2.94000 -7.17200 -6.78500 -11.36300 -10.08100 -1.24100 -7.45600 -18.19900 -8.87000 -3.28600 -5.60500 -30.76200 -10.16200
118.00000 -15.01500 -7.28400 -11.26100 2.45200 -5.70700 -3.85500 -11.36300 -12.03400 -0.75300 -7.45600 -15.75700 -7.89400 -1.33300 -4.14000 -25.39100 -8.69800
119.00000 -16.47900 -9.23700 -11.26100 1.47500 -4.24200 -0.43700 -11.85100 -12.52200 -0.26400 -8.43300 -12.33900 -4.96400 0.13200 -3.65200 -15.13700 -6.25600
120.00000 -16.47900 -9.72500 -9.79600 0.98700 -2.77700 1.51600 -13.31600 -11.05800 -0.26400 -9.89800 -8.92100 -2.03500 0.13200 -4.62800 -5.85900 -4.79100
121.00000 -16.47900 -8.26000 -9.79600 0.01000 -2.77700 1.51600 -14.29200 -8.61600 -1.24100 -11.85100 -7.94500 -0.57000 -0.84400 -6.09300 -3.41800 -5.28000
122.00000 -15.99100 -6.79500 -11.26100 -0.47800 -3.75400 -0.43700 -15.26900 -7.15100 -2.70600 -13.31600 -9.89800 -1.05800 -1.82100 -7.55800 -8.30100 -7.72100
123.00000 -15.99100 -7.77200 -13.21400 -0.96600 -5.21900 -3.85500 -14.78100 -6.17500 -3.68200 -14.78100 -13.31600 -3.01100 -2.30900 -8.04600 -16.11300 -10.65100
124.00000 -15.99100 -10.21300 -14.67900 -0.96600 -5.70700 -6.29700 -13.80400 -6.66300 -4.65900 -15.26900 -15.26900 -4.47600 -2.30900 -8.53500 -21.48400 -12.60400
125.00000 -15.50300 -13.14300 -14.67900 -0.47800 -4.73000 -7.27300 -12.33900 -6.66300 -4.65900 -14.78100 -15.26900 -4.96400 -1.82100 -8.04600 -20.02000 -12.11500
126.00000 -15.01500 -13.63100 -14.67900 -0.47800 -3.75400 -6.78500 -11.85100 -7.15100 -4.17100 -14.29200 -13.80400 -4.47600 -1.82100 -8.04600 -14.64800 -9.18600
127.00000 -15.01500 -11.19000 -15.65600 0.01000 -3.75400 -6.29700 -12.33900 -7.15100 -3.68200 -13.31600 -11.85100 -3.49900 -1.33300 -8.04600 -9.27700 -5.76800
128.00000 -15.01500 -6.79500 -17.12000 -0.47800 -5.21900 -5.80900 -13.80400 -7.64000 -3.19400 -13.31600 -10.87400 -3.01100 -0.84400 -8.04600 -8.30100 -3.32600
129.00000 -14.52600 -2.40100 -17.60900 -1.45500 -6.68300 -6.29700 -15.26900 -7.64000 -3.19400 -14.29200 -10.87400 -3.49900 -0.84400 -9.02300 -12.20700 -2.83800
130.00000 -13.55000 -0.44800 -15.16700 -2.43100 -7.17200 -6.29700 -15.75700 -8.12800 -3.68200 -15.75700 -11.36300 -3.98800 -1.33300 -10.00000 -16.11300 -4.79100
131.00000 -12.08500 -0.44800 -11.26100 -2.43100 -7.17200 -5.80900 -15.75700 -8.12800 -4.17100 -17.71000 -12.82800 -3.98800 -2.30900 -11.95300 -18.06600 -6.74400
132.00000 -11.10800 -0.44800 -8.82000 -1.94300 -6.68300 -4.83200 -15.26900 -7.64000 -4.17100 -18.19900 -14.78100 -4.47600 -2.79700 -13.90600 -16.60200 -8.69800
133.00000 -12.08500 -0.93600 -9.79600 -0.47800 -6.68300 -3.36700 -14.78100 -7.15100 -4.17100 -17.71000 -16.24600 -4.96400 -3.28600 -14.39400 -14.16000 -10.16200
134.00000 -14.52600 -0.44800 -13.70200 0.01000 -7.66000 -2.39100 -15.26900 -7.15100 -3.19400 -16.24600 -17.71000 -5.94100 -2.30900 -13.90600 -14.16000 -10.16200
135.00000 -16.96800 -0.44800 -17.12000 0.01000 -9.12500 -2.87900 -16.24600 -7.64000 -2.21800 -14.78100 -18.68700 -7.89400 -1.33300 -13.41800 -16.11300 -10.16200
136.00000 -17.94400 -1.42400 -18.58500 0.01000 -9.12500 -4.34400 -17.22200 -8.61600 -1.72900 -14.29200 -18.19900 -9.35900 -0.84400 -13.41800 -19.04300 -11.13900
137.00000 -17.45600 -3.86600 -16.63200 -0.47800 -8.63600 -6.78500 -16.73400 -9.10400 -1.72900 -15.75700 -16.24600 -9.35900 -1.82100 -14.88200 -19.53100 -11.62700
138.00000 -15.99100 -6.79500 -13.70200 0.01000 -8.63600 -10.69100 -15.26900 -8.61600 -3.19400 -18.19900 -13.31600 -8.38200 -2.79700 -16.83600 -16.11300 -11.62700
139.00000 -15.01500 -9.23700 -12.72600 1.47500 -9.61300 -15.57400 -13.80400 -6.66300 -5.14700 -21.61700 -10.87400 -5.94100 -3.77400 -18.78900 -10.25400 -10.16200
140.00000 -16.47900 -9.72500 -14.19100 1.96300 -12.54300 -19.48000 -12.82800 -4.22200 -6.61200 -24.05800 -8.92100 -3.98800 -3.77400 -18.78900 -4.88300 -7.23300
141.00000 -18.92100 -9.72500 -17.12000 1.96300 -15.47200 -20.94500 -13.31600 -2.26800 -7.58900 -25.52300 -7.94500 -2.52300 -3.77400 -17.81200 -2.44100 -5.28000
142.00000 -21.36200 -9.72500 -19.07300 0.49800 -16.93700 -19.48000 -14.78100 -2.26800 -7.58900 -25.52300 -7.94500 -3.01100 -3.28600 -16.34700 -3.90600 -4.30300
143.00000 -21.36200 -10.21300 -19.56200 -0.47800 -16.93700 -15.57400 -15.75700 -3.73300 -7.10000 -25.03500 -9.41000 -4.96400 -3.77400 -15.37100 -7.32400 -5.76800
144.00000 -19.89700 -10.21300 -18.58500 -0.96600 -15.47200 -12.15600 -16.24600 -6.17500 -7.10000 -24.54600 -11.85100 -7.40600 -5.23900 -15.37100 -10.74200 -8.69800
145.00000 -17.94400 -10.21300 -17.60900 0.01000 -14.00800 -11.18000 -14.78100 -7.64000 -6.61200 -24.05800 -14.29200 -8.87000 -6.21500 -15.37100 -11.23000 -10.65100
146.00000 -15.99100 -7.28400 -17.12000 1.96300 -13.03100 -11.66800 -11.85100 -6.66300 -6.61200 -23.08100 -15.75700 -9.35900 -6.21500 -15.37100 -10.74200 -10.65100
147.00000 -15.50300 -4.35400 -15.65600 3.91600 -12.54300 -12.64400 -8.92100 -4.71000 -7.10000 -21.61700 -15.75700 -8.38200 -5.72700 -13.90600 -9.76600 -9.67400
148.00000 -15.50300 -2.88900 -14.19100 4.40500 -12.05400 -12.64400 -7.94500 -2.75700 -7.10000 -20.64000 -15.26900 -7.89400 -4.75100 -13.41800 -11.23000 -8.69800
149.00000 -15.99100 -3.86600 -12.72600 3.91600 -11.56600 -11.66800 -9.41000 -2.75700 -7.58900 -20.15200 -15.26900 -7.89400 -5.23900 -13.90600 -14.64800 -10.16200
150.00000 -16.96800 -7.28400 -12.23800 3.42800 -10.59000 -11.18000 -13.80400 -4.71000 -8.07700 -21.12800 -15.75700 -9.35900 -6.70400 -15.37100 -17.57800 -12.60400
151.00000 -17.45600 -10.21300 -14.19100 2.94000 -10.10100 -12.64400 -18.68700 -6.66300 -8.56500 -22.10500 -17.22200 -10.82400 -8.65700 -17.32400 -19.04300 -15.53300
152.00000 -16.47900 -10.21300 -16.63200 3.42800 -10.59000 -14.59800 -21.61700 -7.64000 -8.56500 -22.59300 -18.68700 -11.80000 -9.14500 -17.32400 -17.57800 -16.02200
153.00000 -15.50300 -7.77200 -18.09700 4.40500 -10.59000 -16.06200 -20.15200 -7.15100 -8.07700 -22.10500 -19.17500 -11.80000 -8.65700 -15.85900 -14.64800 -14.55700
154.00000 -14.03800 -4.84200 -16.63200 5.87000 -10.59000 -15.08600 -15.75700 -5.68600 -7.10000 -20.15200 -17.71000 -10.82400 -6.70400 -12.92900 -12.20700 -12.11500
155.00000 -13.55000 -4.35400 -13.70200 6.84600 -9.61300 -13.13300 -10.87400 -3.73300 -6.12400 -18.68700 -16.24600 -9.84700 -5.72700 -10.97600 -11.23000 -10.65100
156.00000 -14.03800 -6.30700 -11.26100 6.84600 -8.63600 -11.66800 -8.43300 -3.73300 -6.12400 -18.19900 -15.75700 -9.35900 -5.72700 -11.46400 -11.71900 -10.65100
157.00000 -15.50300 -8.74800 -11.74900 5.87000 -8.63600 -11.18000 -9.41000 -4.71000 -6.61200 -19.17500 -15.75700 -9.35900 -6.70400 -13.41800 -12.69500 -12.11500
158.00000 -16.96800 -9.23700 -14.67900 4.89300 -9.61300 -12.15600 -12.82800 -5.68600 -7.58900 -20.64000 -16.73400 -9.84700 -7.68000 -15.37100 -12.20700 -13.09200
159.00000 -17.94400 -6.30700 -18.58500 4.40500 -11.07800 -12.15600 -15.26900 -6.66300 -8.07700 -21.61700 -17.22200 -9.84700 -7.68000 -16.34700 -11.23000 -12.60400
160.00000 -17.45600 -2.40100 -20.05000 4.89300 -11.56600 -11.18000 -15.26900 -6.66300 -7.58900 -20.15200 -17.22200 -9.84700 -7.19200 -14.88200 -10.25400 -11.62700
161.00000 -16.47900 -0.44800 -19.07300 6.35800 -11.07800 -9.22600 -13.31600 -7.15100 -6.61200 -18.19900 -16.73400 -10.33500 -6.70400 -12.92900 -11.23000 -11.13900
162.00000 -15.99100 -1.91200 -17.12000 7.82300 -9.61300 -8.25000 -11.85100 -7.64000 -5.63600 -16.24600 -15.75700 -11.31200 -6.70400 -11.46400 -12.69500 -11.62700
163.00000 -16.47900 -6.30700 -16.63200 8.31100 -8.63600 -9.22600 -12.33900 -8.61600 -4.65900 -17.22200 -15.26900 -11.80000 -7.68000 -12.44100 -15.13700 -12.60400
164.00000 -18.43300 -10.21300 -18.09700 7.82300 -8.14800 -11.18000 -14.78100 -9.59300 -4.17100 -19.66300 -15.75700 -11.80000 -8.16900 -13.90600 -16.60200 -13.58000
165.00000 -20.87400 -11.67800 -22.00300 6.84600 -8.14800 -13.13300 -17.71000 -10.08100 -4.17100 -22.59300 -15.75700 -11.31200 -7.68000 -15.85900 -17.09000 -14.06900
166.00000 -22.82700 -11.19000 -24.93300 5.87000 -8.63600 -14.59800 -19.17500 -10.56900 -4.65900 -24.05800 -17.22200 -11.31200 -7.68000 -17.32400 -16.60200 -14.06900
167.00000 -23.31500 -10.21300 -25.42100 5.38100 -7.66000 -15.08600 -18.68700 -10.56900 -4.65900 -22.59300 -19.17500 -12.28800 -7.19200 -17.81200 -16.60200 -15.04500
168.00000 -23.31500 -11.19000 -23.46800 5.87000 -6.68300 -15.08600 -18.19900 -10.08100 -4.65900 -19.17500 -21.61700 -13.75300 -7.19200 -17.81200 -17.09000 -16.51000
169.00000 -22.33900 -12.65500 -21.02700 6.84600 -6.68300 -15.57400 -17.71000 -9.59300 -4.65900 -15.75700 -23.08100 -14.73000 -8.16900 -18.30000 -17.09000 -17.48700
170.00000 -21.85100 -14.11900 -19.56200 6.84600 -7.66000 -15.08600 -17.71000 -8.61600 -4.65900 -14.78100 -23.57000 -15.21800 -8.65700 -18.30000 -16.60200 -16.99800
171.00000 -21.85100 -13.63100 -20.05000 6.84600 -9.12500 -14.10900 -18.19900 -7.64000 -4.17100 -15.26900 -22.10500 -14.73000 -8.65700 -17.81200 -15.62500 -15.53300
172.00000 -21.36200 -11.19000 -21.51500 7.33400 -10.59000 -12.15600 -17.22200 -6.66300 -3.68200 -15.26900 -18.68700 -12.77700 -7.19200 -15.85900 -13.18400 -13.09200
173.00000 -20.87400 -8.26000 -22.49100 7.33400 -11.07800 -9.71500 -15.26900 -5.68600 -3.19400 -14.78100 -15.26900 -10.82400 -5.23900 -13.90600 -10.74200 -11.13900
174.00000 -19.89700 -7.28400 -22.00300 7.82300 -11.07800 -7.76200 -13.80400 -4.71000 -3.19400 -12.82800 -12.82800 -9.35900 -4.26200 -12.44100 -9.27700 -10.65100
175.00000 -19.89700 -8.74800 -21.51500 7.33400 -12.05400 -6.78500 -13.80400 -4.71000 -3.68200 -11.36300 -11.85100 -8.87000 -4.26200 -12.44100 -8.78900 -11.13900
176.00000 -21.36200 -12.16600 -21.51500 6.35800 -14.00800 -6.29700 -14.78100 -4.71000 -4.17100 -11.85100 -12.33900 -8.38200 -4.75100 -13.41800 -9.76600 -12.11500
177.00000 -23.31500 -16.07300 -23.46800 4.40500 -16.44900 -7.76200 -15.75700 -5.19800 -4.17100 -14.29200 -13.31600 -8.38200 -5.23900 -14.88200 -11.71900 -13.58000
178.00000 -25.26900 -17.53700 -25.90900 2.94000 -18.40200 -9.22600 -16.24600 -5.68600 -3.68200 -17.71000 -15.26900 -9.35900 -5.23900 -15.37100 -13.67200 -14.06900
179.00000 -26.73300 -17.04900 -27.37400 2.94000 -18.89000 -10.69100 -15.75700 -6.66300 -3.19400 -19.17500 -16.24600 -9.84700 -5.23900 -15.37100 -14.64800 -13.58000
180.00000 -26.24500 -14.60800 -26.39800 4.40500 -18.40200 -11.18000 -15.26900 -7.15100 -3.19400 -17.71000 -16.73400 -9.35900 -4.75100 -13.90600 -13.67200 -12.11500
181.00000 -25.26900 -12.16600 -22.98000 7.33400 -16.93700 -9.71500 -14.78100 -7.64000 -3.68200 -14.29200 -15.26900 -8.38200 -4.26200 -11.95300 -10.74200 -9.67400
182.00000 -24.29200 -10.70100 -18.58500 9.77600 -15.96100 -6.29700 -13.80400 -6.66300 -4.65900 -10.38600 -12.82800 -5.94100 -3.77400 -10.48800 -7.81200 -7.72100
183.00000 -23.80400 -11.67800 -15.65600 11.24100 -15.47200 -2.87900 -12.33900 -5.68600 -5.14700 -8.43300 -10.87400 -3.98800 -3.77400 -10.00000 -5.37100 -6.25600
184.00000 -24.29200 -13.63100 -15.16700 11.24100 -14.98400 0.05100 -10.38600 -5.19800 -5.14700 -8.92100 -9.41000 -3.49900 -3.28600 -10.48800 -5.37100 -6.74400
185.00000 -25.26900 -15.58400 -17.60900 10.26400 -14.49600 0.53900 -8.92100 -5.68600 -4.65900 -10.87400 -9.89800 -4.47600 -3.77400 -11.95300 -6.83600 -8.69800
186.00000 -26.24500 -16.56100 -21.02700 9.28800 -14.00800 -1.41400 -8.92100 -7.64000 -4.17100 -12.82800 -11.85100 -5.94100 -4.75100 -13.90600 -9.27700 -11.62700
187.00000 -27.22200 -17.04900 -22.98000 7.82300 -14.00800 -5.32000 -11.36300 -8.61600 -4.17100 -13.80400 -13.80400 -7.40600 -5.72700 -15.85900 -10.74200 -13.58000
188.00000 -28.19800 -18.51400 -22.98000 6.84600 -14.49600 -8.73800 -14.78100 -9.10400 -4.65900 -13.80400 -13.80400 -7.40600 -6.70400 -17.32400 -10.74200 -14.06900
189.00000 -28.68700 -20.46700 -22.00300 5.38100 -15.47200 -11.18000 -16.24600 -8.61600 -5.14700 -14.29200 -12.33900 -5.94100 -7.19200 -17.81200 -9.27700 -12.60400
190.00000 -28.68700 -21.93200 -21.02700 3.91600 -15.96100 -12.15600 -15.75700 -7.15100 -6.12400 -15.26900 -9.89800 -3.49900 -6.21500 -16.83600 -7.32400 -10.16200
191.00000 -28.19800 -21.93200 -21.51500 3.91600 -15.47200 -11.66800 -13.80400 -5.68600 -7.10000 -16.24600 -7.94500 -1.54600 -4.75100 -14.88200 -5.85900 -8.20900
192.00000 -26.73300 -19.97900 -22.00300 4.89300 -14.00800 -11.18000 -11.36300 -5.19800 -7.58900 -16.73400 -6.96800 -0.57000 -3.28600 -13.41800 -6.34800 -7.72100
193.00000 -24.78000 -16.56100 -22.00300 7.33400 -12.54300 -10.20300 -9.89800 -4.71000 -8.07700 -15.75700 -6.96800 -0.57000 -2.79700 -12.44100 -6.83600 -8.69800
194.00000 -23.80400 -15.09600 -19.56200 10.75200 -11.07800 -9.22600 -9.41000 -3.73300 -7.58900 -14.78100 -6.48000 -1.05800 -3.28600 -13.41800 -8.30100 -10.16200
195.00000 -23.80400 -15.09600 -16.14400 13.68200 -10.59000 -8.25000 -7.94500 -2.26800 -7.10000 -13.80400 -5.50300 -1.05800 -4.75100 -14.88200 -8.78900 -11.13900
196.00000 -24.78000 -15.58400 -14.19100 15.14700 -10.10100 -7.27300 -6.96800 -0.80400 -6.12400 -14.29200 -5.50300 -1.54600 -5.72700 -16.34700 -8.30100 -11.13900
197.00000 -25.75700 -16.07300 -15.16700 14.17000 -9.12500 -6.29700 -5.99200 0.17300 -5.14700 -14.78100 -6.96800 -2.03500 -6.21500 -16.34700 -6.83600 -9.67400
198.00000 -25.75700 -16.56100 -18.09700 12.21700 -7.17200 -6.29700 -5.99200 -0.31500 -5.14700 -15.75700 -9.89800 -3.01100 -5.72700 -16.34700 -4.88300 -7.72100
199.00000 -25.26900 -16.56100 -21.02700 10.75200 -5.21900 -8.25000 -7.45600 -1.29200 -5.63600 -15.75700 -12.82800 -3.49900 -4.26200 -15.85900 -3.90600 -5.76800
200.00000 -24.78000 -17.53700 -22.00300 9.77600 -4.24200 -10.20300 -9.41000 -2.26800 -6.12400 -15.26900 -15.26900 -3.49900 -3.77400 -15.37100 -4.39500 -4.79100
201.00000 -24.29200 -18.51400 -21.02700 10.26400 -4.73000 -12.64400 -10.87400 -3.24500 -6.12400 -14.29200 -15.26900 -3.98800 -4.26200 -15.85900 -6.83600 -5.28000
202.00000 -24.78000 -19.00200 -20.53800 11.72900 -5.70700 -14.10900 -11.85100 -3.73300 -6.12400 -13.80400 -13.31600 -3.98800 -5.23900 -15.85900 -9.76600 -5.76800
203.00000 -26.24500 -17.53700 -20.05000 12.21700 -7.17200 -13.62100 -12.33900 -5.19800 -5.63600 -13.31600 -11.36300 -4.96400 -5.72700 -14.88200 -12.69500 -6.74400
204.00000 -26.73300 -15.58400 -20.53800 12.21700 -7.66000 -12.15600 -13.31600 -6.66300 -5.63600 -13.80400 -9.89800 -6.42900 -5.23900 -13.41800 -13.67200 -6.74400
205.00000 -26.73300 -14.11900 -20.53800 11.24100 -7.66000 -9.71500 -13.80400 -7.15100 -5.14700 -15.26900 -10.38600 -7.40600 -4.26200 -11.46400 -13.18400 -6.25600
206.00000 -25.75700 -15.58400 -19.07300 9.77600 -7.66000 -8.25000 -12.82800 -6.66300 -4.65900 -17.71000 -10.38600 -7.40600 -3.28600 -10.97600 -11.23000 -5.76800
207.00000 -24.29200 -18.02600 -15.65600 8.79900 -8.14800 -7.27300 -10.38600 -6.66300 -4.17100 -19.66300 -10.87400 -6.91700 -2.79700 -10.97600 -9.76600 -5.28000
208.00000 -22.82700 -19.49100 -13.70200 9.28800 -8.14800 -7.27300 -7.45600 -6.17500 -3.68200 -20.15200 -10.87400 -6.42900 -3.28600 -11.95300 -9.76600 -5.76800
209.00000 -21.36200 -18.51400 -13.21400 9.77600 -8.14800 -7.76200 -5.99200 -6.17500 -3.19400 -18.68700 -10.87400 -6.42900 -4.26200 -13.90600 -9.76600 -6.25600
210.00000 -20.87400 -15.09600 -15.16700 10.75200 -8.14800 -8.25000 -6.48000 -5.68600 -4.17100 -16.24600 -10.87400 -5.94100 -5.72700 -16.34700 -10.25400 -7.23300
211.00000 -20.38600 -11.67800 -17.60900 10.75200 -7.66000 -8.25000 -8.92100 -4.71000 -5.14700 -13.80400 -10.87400 -5.45200 -6.70400 -18.30000 -9.76600 -7.72100
212.00000 -19.89700 -11.67800 -19.56200 10.26400 -8.14800 -7.76200 -12.33900 -4.22200 -7.10000 -14.29200 -10.87400 -4.47600 -7.19200 -19.27700 -9.27700 -7.72100
213.00000 -20.38600 -14.11900 -21.02700 9.28800 -8.63600 -6.78500 -14.29200 -3.73300 -8.07700 -15.75700 -11.36300 -3.49900 -7.19200 -20.25300 -8.30100 -7.72100
214.00000 -20.87400 -17.53700 -22.98000 7.82300 -9.61300 -5.80900 -14.78100 -4.22200 -8.07700 -18.19900 -11.85100 -3.01100 -6.21500 -20.74200 -8.30100 -7.72100
215.00000 -21.85100 -18.51400 -24.44500 6.84600 -9.61300 -5.80900 -14.29200 -5.19800 -6.61200 -19.17500 -13.31600 -3.49900 -5.23900 -20.74200 -9.27700 -7.72100
216.00000 -22.82700 -17.53700 -25.90900 6.84600 -9.12500 -6.29700 -13.80400 -5.68600 -4.65900 -18.19900 -14.78100 -4.96400 -4.75100 -20.25300 -10.74200 -8.20900
217.00000 -22.33900 -15.09600 -26.39800 7.82300 -9.12500 -6.78500 -13.80400 -4.71000 -3.19400 -17.22200 -14.78100 -6.42900 -4.26200 -19.27700 -12.69500 -8.20900
218.00000 -21.85100 -14.11900 -25.42100 9.28800 -9.61300 -7.76200 -13.80400 -2.75700 -3.19400 -16.73400 -13.31600 -6.42900 -4.75100 -18.30000 -12.69500 -9.18600
219.00000 -20.38600 -15.09600 -24.44500 10.26400 -10.10100 -8.73800 -13.80400 -0.31500 -4.65900 -18.19900 -10.38600 -5.45200 -5.23900 -17.81200 -12.20700 -9.67400
220.00000 -20.38600 -16.56100 -23.95600 10.75200 -10.59000 -10.69100 -12.82800 0.66100 -6.12400 -19.66300 -8.43300 -3.98800 -5.72700 -17.32400 -10.74200 -10.16200
221.00000 -20.87400 -17.04900 -23.95600 10.75200 -9.61300 -12.15600 -11.85100 0.17300 -6.61200 -20.64000 -7.94500 -3.01100 -4.75100 -17.32400 -9.76600 -10.16200
222.00000 -21.36200 -15.09600 -24.93300 10.26400 -7.66000 -12.64400 -12.33900 -1.29200 -5.63600 -18.68700 -9.89800 -3.49900 -4.26200 -16.83600 -8.30100 -9.18600
223.00000 -21.36200 -12.65500 -24.93300 10.26400 -5.21900 -11.66800 -13.80400 -2.75700 -3.68200 -15.75700 -13.80400 -4.96400 -3.77400 -16.83600 -7.32400 -8.69800
224.00000 -20.87400 -10.70100 -23.95600 11.24100 -3.75400 -9.22600 -15.75700 -4.22200 -2.70600 -12.82800 -16.73400 -6.91700 -3.77400 -15.85900 -6.34800 -8.69800
225.00000 -19.89700 -11.19000 -22.98000 11.24100 -4.24200 -7.76200 -16.24600 -5.19800 -2.70600 -12.82800 -19.17500 -7.89400 -4.75100 -15.37100 -6.83600 -10.16200
226.00000 -19.89700 -14.11900 -22.49100 11.24100 -6.68300 -8.25000 -14.78100 -5.68600 -4.65900 -15.26900 -20.15200 -8.87000 -7.19200 -15.37100 -8.78900 -13.09200
227.00000 -20.87400 -17.04900 -23.95600 10.75200 -9.61300 -11.18000 -13.31600 -5.68600 -7.10000 -19.17500 -20.15200 -9.35900 -9.14500 -16.83600 -12.69500 -16.02200
228.00000 -22.82700 -18.02600 -26.39800 10.26400 -12.54300 -13.62100 -13.31600 -6.17500 -8.56500 -22.10500 -20.15200 -10.82400 -11.09800 -18.30000 -15.62500 -18.46300
229.00000 -24.29200 -17.53700 -29.32700 10.26400 -13.51900 -13.62100 -15.26900 -6.17500 -9.54200 -22.59300 -20.15200 -11.80000 -11.58700 -19.76500 -16.60200 -17.97500
230.00000 -24.78000 -16.07300 -30.79200 11.24100 -13.51900 -11.18000 -17.71000 -6.17500 -9.54200 -20.15200 -18.68700 -11.80000 -10.61000 -19.76500 -14.64800 -15.04500
231.00000 -23.31500 -15.09600 -30.79200 12.70500 -13.03100 -8.73800 -19.17500 -6.17500 -8.56500 -16.73400 -16.73400 -10.33500 -8.65700 -18.30000 -10.74200 -11.13900
232.00000 -22.33900 -15.58400 -29.81600 14.65900 -12.54300 -7.76200 -18.68700 -6.17500 -7.10000 -13.80400 -15.26900 -7.89400 -6.21500 -15.85900 -7.81200 -7.23300
233.00000 -21.36200 -16.56100 -29.81600 15.63500 -11.56600 -9.22600 -16.73400 -6.66300 -6.12400 -13.31600 -14.78100 -6.91700 -4.75100 -14.39400 -7.32400 -6.25600
234.00000 -21.36200 -16.07300 -30.79200 16.12300 -11.07800 -11.18000 -15.75700 -7.64000 -5.63600 -15.26900 -15.75700 -7.40600 -4.75100 -14.88200 -9.27700 -7.23300
235.00000 -22.33900 -14.11900 -32.25700 15.14700 -12.05400 -11.18000 -18.19900 -9.10400 -6.61200 -17.22200 -17.71000 -9.35900 -6.21500 -16.83600 -12.69500 -9.67400
236.00000 -23.31500 -12.65500 -34.21000 14.17000 -14.49600 -8.73800 -22.10500 -10.08100 -8.07700 -19.17500 -18.19900 -11.31200 -7.68000 -18.78900 -14.64800 -11.62700
237.00000 -23.80400 -12.16600 -34.21000 12.70500 -16.44900 -6.78500 -24.54600 -10.08100 -9.54200 -19.66300 -17.22200 -11.80000 -8.65700 -20.25300 -14.16000 -12.11500
238.00000 -24.29200 -13.14300 -32.74500 11.72900 -17.42600 -8.25000 -23.08100 -9.10400 -9.54200 -19.17500 -15.26900 -10.33500 -9.14500 -20.25300 -12.69500 -11.62700
239.00000 -24.29200 -16.07300 -30.79200 11.72900 -16.93700 -12.15600 -18.19900 -6.66300 -9.05400 -18.19900 -14.29200 -8.87000 -8.65700 -19.76500 -10.74200 -11.13900
240.00000 -24.78000 -19.00200 -29.32700 12.21700 -15.47200 -16.06200 -13.31600 -4.22200 -7.58900 -17.71000 -15.26900 -7.40600 -7.68000 -19.27700 -10.25400 -11.13900
241.00000 -24.78000 -20.46700 -29.32700 13.68200 -13.51900 -17.03900 -10.87400 -2.26800 -6.12400 -17.71000 -17.22200 -7.40600 -7.68000 -19.27700 -11.23000 -11.62700
242.00000 -24.29200 -19.97900 -30.30400 14.65900 -12.54300 -15.08600 -12.82800 -2.26800 -6.12400 -17.22200 -17.71000 -7.89400 -7.68000 -19.27700 -12.69500 -11.62700
243.00000 -23.31500 -19.00200 -32.25700 15.63500 -14.00800 -13.13300 -16.73400 -3.73300 -6.61200 -17.22200 -16.24600 -7.89400 -7.68000 -18.78900 -13.18400 -10.65100
244.00000 -21.36200 -16.56100 -33.23400 16.61200 -16.44900 -13.13300 -19.66300 -6.17500 -7.58900 -17.22200 -14.29200 -6.91700 -7.19200 -17.81200 -13.18400 -9.18600
245.00000 -19.40900 -14.11900 -34.69800 16.61200 -18.40200 -15.57400 -19.66300 -7.64000 -8.56500 -16.73400 -13.31600 -6.91700 -6.70400 -17.32400 -12.69500 -8.69800
246.00000 -17.94400 -11.67800 -35.18700 17.10000 -18.40200 -18.01600 -18.19900 -9.10400 -8.56500 -16.24600 -14.78100 -6.91700 -6.70400 -16.83600 -13.18400 -8.69800
247.00000 -17.45600 -11.19000 -35.18700 17.58800 -17.42600 -17.03900 -17.22200 -9.59300 -8.56500 -16.73400 -18.19900 -8.38200 -7.19200 -16.83600 -13.67200 -10.16200
248.00000 -17.94400 -12.16600 -35.67500 18.07700 -16.44900 -12.64400 -17.71000 -9.59300 -8.07700 -17.22200 -21.12800 -9.35900 -7.68000 -16.34700 -14.64800 -11.62700
249.00000 -18.92100 -14.60800 -35.67500 18.56500 -15.96100 -7.27300 -19.66300 -9.59300 -8.56500 -18.68700 -21.61700 -9.84700 -8.16900 -15.85900 -15.13700 -12.11500
250.00000 -20.38600 -18.02600 -35.67500 17.58800 -16.44900 -5.32000 -21.12800 -9.59300 -9.05400 -21.12800 -19.66300 -9.35900 -7.68000 -15.85900 -15.62500 -12.60400
251.00000 -21.36200 -20.46700 -35.18700 16.61200 -16.93700 -7.76200 -20.64000 -8.61600 -9.54200 -23.08100 -16.73400 -8.38200 -7.68000 -16.83600 -16.11300 -13.09200
252.00000 -21.85100 -21.93200 -34.69800 15.63500 -17.42600 -12.64400 -19.17500 -8.12800 -9.54200 -24.05800 -16.73400 -7.89400 -7.68000 -19.27700 -17.57800 -14.06900
253.00000 -22.33900 -22.42000 -33.72200 15.14700 -17.42600 -16.55100 -17.71000 -7.64000 -9.05400 -23.57000 -19.17500 -7.89400 -8.65700 -21.23000 -19.53100 -16.02200
254.00000 -21.85100 -21.93200 -32.74500 15.14700 -17.42600 -16.55100 -17.22200 -7.64000 -8.56500 -22.10500 -22.59300 -8.87000 -9.63300 -22.20700 -20.99600 -16.99800
255.00000 -21.36200 -19.97900 -33.23400 15.63500 -18.89000 -14.10900 -17.71000 -7.64000 -7.58900 -20.15200 -25.03500 -8.87000 -9.63300 -21.23000 -20.99600 -16.51000
256.00000 -20.87400 -16.56100 -35.18700 16.12300 -21.33200 -11.66800 -18.19900 -8.61600 -7.10000 -19.17500 -24.05800 -7.89400 -9.63300 -19.27700 -19.53100 -14.06900
