1.00000 3.25500 5.59500 2.53300 5.53400 8.16900 6.73400 3.07200 3.25500 3.49900 2.54300 4.07900 3.09200 3.89600 3.21500 1.99400 7.95500
2.00000 1.79000 2.17700 0.58000 5.04600 7.19200 2.34000 4.53700 2.76700 3.01100 1.56700 1.63800 2.11600 2.43100 2.72600 -0.44800 7.95500
3.00000 -2.11600 -1.72900 -3.32600 4.06900 4.75100 -2.54300 4.53700 1.79000 1.54600 0.59000 -1.29200 0.16300 -0.01000 0.77300 -3.86600 5.51400
4.00000 -6.51000 -4.65900 -8.69800 2.60400 2.79700 -5.96100 1.60700 0.32600 0.08100 -0.38700 -3.73300 -2.27900 -3.42800 -1.18000 -7.77200 1.60700
5.00000 -9.44000 -6.12400 -12.11500 1.13900 1.82100 -7.91400 -1.81100 -1.13900 -1.38300 -3.80500 -5.19800 -4.23200 -6.35800 -4.11000 -10.70100 -2.29900
6.00000 -9.44000 -5.14700 -13.09200 -0.32600 1.82100 -7.91400 -4.25200 -1.13900 -1.87200 -7.71100 -4.71000 -5.20800 -7.82300 -6.06300 -12.16600 -4.74000
7.00000 -7.48700 -3.68200 -9.67400 -0.32600 3.28600 -5.96100 -4.74000 -1.13900 -2.36000 -10.15200 -3.73300 -4.72000 -8.31100 -7.03900 -12.16600 -5.71700
8.00000 -5.04600 -1.24100 -4.30300 1.13900 4.75100 -2.54300 -3.27600 -0.16300 -1.38300 -10.15200 -2.26800 -4.23200 -6.84600 -7.03900 -11.19000 -5.22900
9.00000 -3.09200 0.71200 0.58000 4.55700 6.21500 0.38700 -0.83400 0.81400 -0.89500 -6.24600 -0.31500 -3.25500 -5.38100 -7.03900 -9.72500 -4.25200
10.00000 -3.09200 1.20000 2.53300 6.99900 6.70400 2.82800 0.63100 1.30200 -0.40700 -1.85100 1.63800 -2.27900 -3.91600 -6.55100 -8.26000 -3.76400
11.00000 -3.58100 0.71200 1.06800 8.46400 6.21500 4.29300 1.60700 1.79000 0.08100 0.59000 4.07900 -0.81400 -2.45200 -6.06300 -6.79500 -3.27600
12.00000 -4.06900 0.22400 -0.88500 7.48700 5.72700 4.29300 2.58400 2.27900 0.08100 -0.38700 6.03200 1.62800 -1.96300 -5.57500 -5.33000 -2.29900
13.00000 -4.06900 0.22400 -1.86200 5.53400 5.72700 2.82800 3.56000 2.76700 0.57000 -2.82800 7.49700 3.58100 -0.49800 -4.11000 -1.91200 0.14200
14.00000 -4.06900 0.71200 -2.35000 3.09200 5.72700 -0.10200 4.04900 2.27900 0.08100 -5.75800 7.98500 5.04600 -0.01000 -2.64500 1.50600 2.58400
15.00000 -5.53400 -1.24100 -2.35000 1.13900 4.75100 -4.00800 2.58400 1.30200 0.08100 -7.22200 7.49700 5.04600 -0.01000 -2.15700 4.43500 5.02500
16.00000 -7.48700 -4.65900 -4.30300 -0.32600 4.75100 -7.42600 -0.34600 -0.16300 -1.38300 -7.22200 6.03200 4.06900 -0.98700 -2.15700 5.41200 5.51400
17.00000 -10.41700 -9.05400 -7.72100 -1.30200 3.77400 -9.37900 -3.27600 -2.11600 -3.33700 -7.22200 4.07900 1.62800 -2.45200 -3.13300 3.45900 4.53700
18.00000 -12.37000 -11.98300 -10.65100 -2.27900 2.30900 -9.86700 -4.25200 -2.60400 -3.82500 -8.19900 1.63800 0.16300 -3.42800 -3.62100 0.04100 2.09600
19.00000 -12.37000 -11.49500 -10.65100 -2.27900 1.33300 -7.42600 -3.27600 -2.11600 -3.82500 -8.68700 -0.31500 -1.30200 -3.91600 -4.11000 -3.37700 0.14200
20.00000 -9.92800 -7.58900 -7.72100 -0.32600 1.33300 -3.03100 -1.32200 -0.65100 -2.36000 -8.19900 -1.29200 -0.81400 -2.45200 -2.64500 -3.86600 0.63100
21.00000 -5.53400 -1.72900 -2.35000 3.09200 2.30900 2.34000 0.14200 1.30200 0.57000 -4.29300 -1.29200 -0.32600 -0.01000 -0.20300 -2.40100 3.56000
22.00000 -0.65100 4.13000 3.02100 6.51000 4.26200 7.71100 -0.34600 2.76700 3.01100 1.07800 0.66100 0.65100 2.43100 2.72600 0.52900 7.95500
23.00000 3.25500 7.54800 5.95100 7.97500 5.72700 11.12900 -2.29900 3.25500 4.47600 6.44900 3.10300 1.62800 4.38400 5.16800 2.97000 11.37300
24.00000 4.23200 8.03600 6.92700 6.99900 6.70400 11.61700 -3.76400 2.76700 4.96400 7.91400 5.54400 2.60400 4.87300 6.14400 2.97000 13.32600
25.00000 1.30200 4.61800 5.95100 2.60400 5.72700 7.71100 -3.76400 1.79000 4.47600 5.47300 7.00900 2.60400 3.89600 5.16800 1.50600 12.34900
26.00000 -3.58100 -0.26400 4.48600 -1.79000 3.77400 1.36300 -3.27600 -0.65100 3.49900 -0.87500 6.03200 1.62800 1.94300 2.72600 -0.93600 9.90800
27.00000 -9.44000 -6.12400 2.04500 -5.20800 0.84400 -6.93800 -3.27600 -2.11600 2.03500 -7.22200 3.10300 -0.32600 -0.49800 -0.20300 -3.37700 6.00200
28.00000 -12.85800 -11.00700 -0.88500 -5.69700 -2.08500 -11.33200 -4.74000 -3.58100 0.08100 -10.64000 -0.31500 -3.25500 -2.45200 -2.64500 -4.84200 3.07200
29.00000 -14.32300 -12.96000 -3.81500 -4.23200 -3.55000 -11.82000 -6.69400 -3.58100 -1.38300 -10.15200 -3.24500 -5.69700 -3.91600 -4.11000 -6.79500 0.63100
30.00000 -12.85800 -12.47200 -5.28000 -2.27900 -3.06200 -7.91400 -7.18200 -3.09200 -1.87200 -7.22200 -4.71000 -7.16100 -4.89300 -4.11000 -8.26000 -0.83400
31.00000 -9.92800 -9.54200 -4.30300 -1.30200 -1.10900 -2.54300 -5.22900 -1.62800 -1.38300 -4.78100 -4.71000 -7.16100 -4.40500 -3.62100 -9.72500 -1.32200
32.00000 -7.48700 -6.12400 -1.86200 -1.30200 0.84400 0.87500 -2.29900 -0.65100 -0.40700 -3.80500 -3.73300 -5.69700 -3.42800 -2.64500 -10.70100 -0.83400
33.00000 -5.53400 -3.68200 0.58000 -0.81400 1.82100 0.38700 0.14200 -0.16300 1.05800 -3.80500 -1.78000 -3.74300 -2.45200 -2.15700 -10.70100 -0.34600
34.00000 -5.04600 -2.70600 2.04500 -0.32600 1.33300 -2.05500 0.63100 -0.16300 2.03500 -3.80500 -0.80400 -2.76700 -1.47500 -2.15700 -10.21300 0.14200
35.00000 -5.04600 -3.19400 1.55600 0.65100 0.84400 -4.49600 -2.29900 -0.65100 2.52300 -2.82800 -0.80400 -2.76700 -1.47500 -2.64500 -10.21300 -0.34600
36.00000 -5.53400 -3.19400 0.58000 0.65100 0.84400 -4.98500 -5.71700 -1.62800 2.03500 -1.36300 -1.29200 -3.74300 -2.45200 -3.62100 -9.72500 -1.32200
37.00000 -6.02200 -2.70600 0.58000 -0.81400 1.33300 -2.54300 -8.64700 -2.11600 2.03500 -0.38700 -2.26800 -5.20800 -3.91600 -4.59800 -10.21300 -2.29900
38.00000 -6.51000 -0.75300 2.04500 -1.79000 2.79700 -0.10200 -8.64700 -2.11600 2.03500 -0.38700 -2.75700 -6.18500 -5.38100 -5.57500 -10.21300 -2.29900
39.00000 -6.51000 1.20000 3.51000 -2.27900 3.77400 0.87500 -6.69400 -2.11600 1.54600 -1.85100 -2.75700 -6.18500 -5.38100 -5.57500 -9.72500 -1.32200
40.00000 -5.04600 2.17700 3.99800 -0.32600 4.75100 -0.10200 -2.78700 -1.62800 1.54600 -2.34000 -1.78000 -5.20800 -4.89300 -4.59800 -9.72500 0.63100
41.00000 -3.09200 2.66500 3.99800 2.11600 6.21500 -1.07800 1.11900 -1.62800 2.03500 -1.85100 -0.80400 -3.74300 -4.40500 -3.62100 -9.23700 3.07200
42.00000 -1.13900 1.68900 3.51000 4.55700 7.19200 -0.59000 3.07200 -2.11600 2.03500 -0.38700 -0.31500 -2.76700 -3.42800 -3.13300 -8.26000 5.02500
43.00000 -0.16300 0.22400 4.48600 4.55700 7.68000 1.36300 3.56000 -4.06900 2.52300 0.59000 -0.31500 -2.76700 -3.91600 -3.62100 -7.77200 5.51400
44.00000 -0.16300 -1.24100 6.43900 3.58100 7.19200 3.80500 3.07200 -6.02200 2.03500 1.07800 -0.80400 -2.76700 -4.40500 -5.08600 -7.28400 6.00200
45.00000 -1.13900 -2.70600 7.90400 1.62800 5.23900 5.26900 1.60700 -7.97500 2.03500 0.59000 -0.80400 -3.25500 -4.89300 -6.55100 -7.28400 5.51400
46.00000 -2.60400 -3.68200 8.39200 0.16300 2.30900 3.80500 0.63100 -8.95200 2.03500 1.07800 -0.31500 -3.74300 -4.89300 -7.03900 -7.77200 4.53700
47.00000 -4.06900 -2.21800 7.41600 -0.32600 0.35600 0.87500 -0.83400 -8.46400 2.52300 2.54300 0.66100 -4.23200 -3.91600 -6.06300 -8.26000 4.04900
48.00000 -5.04600 0.22400 7.41600 0.16300 -0.13200 -2.54300 -1.81100 -7.48700 3.49900 4.98500 1.14900 -4.23200 -2.45200 -4.11000 -8.74800 4.04900
49.00000 -5.53400 3.64200 8.39200 0.16300 0.84400 -4.00800 -2.29900 -6.02200 4.47600 6.44900 0.66100 -4.23200 -1.47500 -2.15700 -8.26000 4.04900
50.00000 -4.06900 6.08300 11.32200 -0.81400 2.30900 -3.03100 -1.81100 -5.53400 3.98800 5.47300 -0.31500 -4.23200 -1.47500 -1.18000 -7.28400 5.02500
51.00000 -2.11600 5.59500 14.25200 -1.79000 2.79700 -1.56700 -0.34600 -5.53400 2.52300 2.54300 -1.29200 -4.23200 -2.45200 -1.66800 -6.30700 5.51400
52.00000 -1.13900 2.66500 14.74000 -1.79000 2.30900 -0.59000 1.11900 -6.02200 1.54600 0.59000 -0.31500 -3.74300 -3.42800 -2.64500 -6.30700 6.00200
53.00000 -1.13900 -0.75300 12.78700 -1.79000 1.33300 -0.10200 2.09600 -6.02200 1.05800 0.10200 1.63800 -3.25500 -3.42800 -3.13300 -6.79500 6.97800
54.00000 -2.60400 -2.21800 8.88100 -0.81400 0.84400 -0.59000 2.09600 -6.02200 2.03500 1.07800 4.07900 -2.27900 -2.94000 -2.15700 -6.79500 7.95500
55.00000 -4.55700 -1.72900 5.46300 -0.32600 1.82100 -0.10200 1.60700 -5.04600 3.01100 3.03100 5.54400 -1.30200 -0.98700 -0.20300 -6.30700 9.90800
56.00000 -6.02200 -0.26400 4.48600 -0.32600 3.28600 1.36300 1.11900 -3.58100 3.49900 3.52000 5.54400 -0.32600 -0.01000 1.26100 -4.84200 11.86100
57.00000 -6.51000 -0.75300 4.97400 -1.30200 3.28600 1.36300 1.60700 -3.09200 2.03500 2.54300 4.56700 -0.32600 0.47800 1.75000 -3.37700 12.34900
58.00000 -6.99900 -3.19400 5.46300 -1.79000 1.82100 -0.59000 1.60700 -2.60400 0.57000 1.56700 2.61400 -1.30200 -0.01000 0.77300 -2.40100 11.37300
59.00000 -7.48700 -7.10000 4.97400 -2.27900 -0.62100 -4.49600 1.60700 -2.11600 -1.38300 0.59000 1.63800 -2.27900 -1.47500 -1.18000 -2.40100 9.42000
60.00000 -9.44000 -9.54200 3.51000 -2.27900 -2.57400 -9.37900 0.63100 -1.62800 -1.38300 0.59000 1.14900 -2.76700 -2.94000 -3.13300 -3.86600 6.97800
61.00000 -10.41700 -8.07700 2.53300 -1.79000 -3.06200 -12.79700 -0.83400 -0.16300 -0.40700 1.56700 1.63800 -2.76700 -3.42800 -3.62100 -5.33000 6.49000
62.00000 -10.90500 -5.14700 3.51000 -0.81400 -0.62100 -12.30900 -1.81100 1.30200 0.57000 1.56700 3.10300 -1.79000 -2.94000 -3.13300 -5.81900 7.95500
63.00000 -9.44000 -1.24100 6.92700 0.65100 2.79700 -8.89100 -1.32200 3.25500 1.05800 1.07800 5.54400 0.16300 -2.45200 -1.66800 -4.84200 10.88500
64.00000 -7.48700 0.71200 10.83400 1.62800 6.21500 -4.00800 -0.34600 4.72000 1.05800 1.56700 7.49700 2.11600 -1.96300 -0.20300 -2.40100 13.32600
65.00000 -5.04600 1.20000 13.76300 3.09200 8.65700 -0.10200 1.11900 4.72000 0.57000 3.03100 8.96200 3.09200 -1.96300 0.77300 -0.44800 14.30300
66.00000 -5.04600 1.20000 14.25200 3.58100 9.63300 1.36300 1.11900 3.74300 0.57000 4.49600 8.47400 4.06900 -1.47500 0.28500 0.04100 12.83800
67.00000 -6.51000 1.20000 12.78700 3.58100 10.12200 -0.10200 0.63100 2.27900 1.54600 5.47300 6.03200 3.09200 -1.96300 -0.20300 -1.42400 11.37300
68.00000 -8.95200 0.22400 10.83400 2.11600 10.12200 -3.52000 -0.34600 0.81400 1.54600 4.00800 1.63800 1.62800 -2.45200 -1.18000 -4.35400 9.42000
69.00000 -10.90500 -1.72900 10.34500 1.13900 9.14500 -5.47300 -0.83400 -0.65100 1.54600 0.10200 -2.26800 0.16300 -2.94000 -0.69200 -7.28400 9.42000
70.00000 -11.88200 -5.63600 11.32200 -0.32600 7.68000 -5.96100 -1.81100 -2.11600 0.57000 -2.82800 -4.22200 -0.81400 -2.94000 0.28500 -7.77200 10.88500
71.00000 -11.88200 -8.56500 12.78700 -0.32600 5.23900 -4.49600 -2.29900 -3.58100 -0.40700 -3.31600 -2.75700 -0.32600 -1.96300 2.23800 -6.79500 12.34900
72.00000 -10.90500 -9.05400 12.78700 0.16300 3.28600 -3.52000 -3.76400 -5.04600 -0.40700 -1.36300 0.66100 0.65100 -0.49800 3.21500 -4.84200 13.81400
73.00000 -10.41700 -7.10000 11.32200 1.13900 2.30900 -4.00800 -4.74000 -5.53400 0.57000 1.56700 3.59100 1.62800 0.47800 3.21500 -3.86600 13.32600
74.00000 -10.41700 -4.65900 9.85700 1.62800 1.82100 -6.93800 -4.74000 -5.04600 1.54600 2.54300 4.56700 2.11600 0.96600 1.26100 -4.84200 11.37300
75.00000 -10.41700 -4.17100 9.36900 1.62800 2.30900 -10.84400 -2.78700 -3.58100 2.03500 1.07800 2.61400 2.11600 0.47800 -1.18000 -7.28400 9.42000
76.00000 -10.90500 -6.12400 9.36900 0.65100 2.79700 -12.79700 -0.83400 -2.60400 1.54600 -2.34000 -0.31500 1.13900 -0.49800 -3.13300 -9.72500 6.97800
77.00000 -11.88200 -9.54200 9.85700 -0.81400 2.30900 -12.79700 0.14200 -2.60400 1.54600 -5.75800 -2.75700 0.16300 -1.47500 -4.59800 -11.67800 6.00200
78.00000 -12.37000 -11.49500 9.36900 -1.79000 2.30900 -10.35600 -1.81100 -3.58100 2.03500 -6.24600 -3.24500 -0.32600 -1.47500 -5.08600 -11.67800 5.51400
79.00000 -13.34600 -10.51800 7.90400 -2.27900 2.30900 -7.42600 -4.25200 -5.53400 3.01100 -3.80500 -2.26800 -0.32600 -0.49800 -4.59800 -11.19000 5.51400
80.00000 -14.32300 -8.56500 6.92700 -1.79000 2.79700 -5.47300 -6.69400 -6.51000 3.98800 -1.85100 -1.29200 -0.32600 -0.01000 -4.11000 -10.21300 6.00200
81.00000 -13.83500 -7.10000 6.43900 -0.32600 3.77400 -4.98500 -6.69400 -6.99900 3.98800 -0.87500 -0.80400 0.16300 0.47800 -3.62100 -10.21300 6.00200
82.00000 -11.88200 -6.61200 7.41600 1.13900 4.75100 -4.98500 -4.74000 -6.02200 3.98800 -1.85100 -0.80400 0.16300 0.47800 -4.11000 -10.70100 6.00200
83.00000 -9.44000 -6.12400 8.88100 1.62800 5.72700 -4.98500 -2.29900 -4.55700 3.49900 -2.82800 -0.80400 0.65100 -0.49800 -4.59800 -11.67800 6.00200
84.00000 -7.48700 -5.14700 9.85700 1.62800 6.21500 -4.49600 -1.81100 -3.58100 3.49900 -3.31600 -0.80400 1.13900 -1.96300 -4.59800 -12.16600 6.49000
85.00000 -7.48700 -3.19400 10.34500 1.13900 6.70400 -4.49600 -3.27600 -3.58100 3.49900 -2.82800 -0.80400 1.13900 -2.45200 -4.59800 -13.14300 6.49000
86.00000 -9.44000 -1.72900 10.34500 1.13900 6.70400 -4.49600 -6.20500 -4.06900 3.49900 -1.36300 -1.78000 1.13900 -2.94000 -4.59800 -13.63100 6.49000
87.00000 -11.88200 -1.72900 10.83400 1.62800 6.21500 -4.00800 -8.15800 -4.55700 3.01100 -0.38700 -3.73300 0.65100 -2.45200 -3.62100 -13.63100 6.97800
88.00000 -13.83500 -3.19400 12.29900 2.60400 5.23900 -3.52000 -7.67000 -4.55700 2.03500 0.59000 -5.19800 0.65100 -1.47500 -2.15700 -12.65500 7.46700
89.00000 -14.81100 -5.14700 13.76300 3.09200 4.26200 -3.52000 -5.22900 -3.09200 1.54600 0.59000 -5.19800 1.13900 -0.49800 -1.18000 -10.70100 8.44300
90.00000 -14.81100 -7.10000 15.71700 2.60400 3.77400 -4.98500 -2.29900 -1.13900 1.54600 1.56700 -3.73300 2.11600 0.96600 -0.20300 -8.74800 9.42000
91.00000 -13.83500 -8.56500 16.20500 1.13900 3.28600 -8.40300 -1.32200 0.81400 2.03500 2.54300 -1.29200 2.60400 0.96600 -0.20300 -8.74800 9.90800
92.00000 -13.83500 -9.54200 15.22800 -1.30200 3.77400 -10.84400 -1.81100 2.27900 2.52300 1.56700 0.17300 2.11600 0.96600 -0.69200 -10.21300 9.90800
93.00000 -14.32300 -10.51800 12.29900 -3.25500 4.75100 -10.35600 -2.78700 1.79000 2.52300 -0.38700 0.17300 1.13900 -0.01000 -0.69200 -12.16600 9.42000
94.00000 -14.81100 -10.03000 8.88100 -3.74300 5.23900 -6.44900 -3.27600 0.32600 2.03500 -3.80500 -1.78000 0.16300 -0.49800 -0.69200 -13.14300 8.44300
95.00000 -15.29900 -8.07700 5.46300 -3.74300 5.72700 -1.07800 -3.76400 -1.62800 2.03500 -5.75800 -3.73300 -0.32600 -0.98700 -0.69200 -13.14300 8.44300
96.00000 -15.78800 -6.61200 3.99800 -3.74300 6.21500 0.87500 -5.22900 -3.58100 2.03500 -5.26900 -4.22200 -1.30200 -1.47500 -1.18000 -12.16600 7.95500
97.00000 -16.27600 -6.12400 3.51000 -4.23200 6.21500 -2.54300 -7.18200 -3.58100 2.03500 -2.34000 -3.73300 -1.30200 -1.47500 -2.15700 -11.19000 8.44300
98.00000 -16.76400 -8.07700 4.97400 -5.20800 5.72700 -8.89100 -10.11100 -2.60400 2.03500 0.10200 -2.75700 -0.32600 -0.98700 -3.13300 -11.67800 8.44300
99.00000 -17.25300 -11.00700 6.43900 -5.69700 4.75100 -13.77400 -11.08800 -0.65100 2.03500 1.56700 -2.26800 0.65100 -0.49800 -2.64500 -13.14300 9.42000
100.00000 -17.25300 -11.98300 8.39200 -5.69700 3.28600 -13.77400 -10.11100 0.81400 2.03500 1.07800 -2.26800 2.60400 0.47800 -1.66800 -14.11900 10.88500
101.00000 -16.27600 -8.56500 9.36900 -5.20800 2.30900 -9.37900 -7.67000 2.27900 1.54600 -0.38700 -2.75700 4.06900 0.96600 -0.20300 -13.63100 11.86100
102.00000 -14.81100 -4.17100 9.36900 -3.25500 2.30900 -4.49600 -5.71700 3.25500 2.03500 -0.38700 -3.24500 4.06900 1.45500 1.26100 -11.67800 13.32600
103.00000 -13.83500 -1.24100 7.41600 -3.25500 2.30900 -2.54300 -5.71700 2.76700 3.49900 1.07800 -3.24500 3.09200 1.94300 1.75000 -9.72500 13.32600
104.00000 -13.34600 -2.70600 4.97400 -4.23200 3.77400 -4.49600 -8.15800 1.79000 4.47600 2.54300 -3.24500 1.13900 1.45500 1.26100 -8.74800 13.32600
105.00000 -14.32300 -7.58900 2.04500 -6.18500 4.26200 -8.40300 -11.08800 0.32600 4.96400 3.03100 -3.24500 -0.32600 0.96600 -0.20300 -8.26000 13.32600
106.00000 -15.29900 -12.47200 0.58000 -8.13800 4.26200 -10.84400 -12.55300 -0.65100 4.47600 2.54300 -3.73300 -0.32600 0.47800 -1.66800 -8.74800 13.32600
107.00000 -16.27600 -13.93600 2.53300 -8.62600 3.28600 -9.86700 -11.57600 -0.65100 4.47600 0.59000 -3.73300 0.65100 -0.49800 -3.62100 -9.23700 13.32600
108.00000 -15.78800 -10.51800 5.95100 -7.16100 2.79700 -7.91400 -9.62300 0.32600 3.49900 -1.36300 -2.26800 1.62800 -1.47500 -5.57500 -9.23700 12.83800
109.00000 -14.32300 -5.14700 9.85700 -4.72000 1.33300 -5.47300 -6.69400 1.30200 3.49900 -1.85100 -0.80400 2.11600 -2.45200 -6.55100 -8.26000 12.83800
110.00000 -12.37000 -1.24100 11.81000 -1.30200 0.84400 -4.49600 -5.22900 2.27900 3.49900 -1.36300 0.17300 1.62800 -2.45200 -7.03900 -8.26000 11.86100
111.00000 -10.90500 -1.24100 11.32200 1.62800 -0.13200 -4.98500 -4.74000 2.27900 3.49900 -1.36300 -0.31500 0.65100 -2.45200 -6.06300 -8.74800 11.37300
112.00000 -9.92800 -3.19400 9.36900 2.60400 -1.10900 -5.47300 -5.22900 0.81400 3.49900 -2.82800 -2.75700 -0.32600 -1.47500 -4.59800 -10.70100 10.88500
113.00000 -9.92800 -5.14700 7.41600 2.60400 -2.08500 -5.47300 -6.69400 -1.62800 3.01100 -4.29300 -6.66300 -1.30200 -1.47500 -4.11000 -12.65500 9.90800
114.00000 -10.90500 -5.63600 6.92700 0.65100 -1.59700 -4.98500 -7.67000 -3.58100 2.52300 -5.75800 -10.08100 -1.79000 -2.94000 -4.11000 -14.11900 9.42000
115.00000 -12.37000 -5.14700 6.43900 -1.79000 -1.10900 -4.98500 -8.64700 -4.55700 3.01100 -5.26900 -11.05800 -2.27900 -3.91600 -5.08600 -14.11900 9.42000
116.00000 -12.85800 -4.65900 5.46300 -3.74300 0.35600 -4.98500 -8.64700 -4.55700 3.49900 -2.82800 -10.56900 -2.27900 -4.89300 -5.57500 -13.14300 10.88500
117.00000 -12.85800 -5.14700 4.48600 -4.23200 0.35600 -4.98500 -8.15800 -3.58100 4.47600 0.10200 -8.61600 -1.30200 -3.42800 -5.08600 -10.70100 13.32600
118.00000 -10.90500 -5.63600 3.99800 -2.76700 -0.13200 -4.98500 -7.18200 -2.60400 4.96400 2.54300 -5.68600 -0.32600 -1.96300 -2.64500 -8.26000 16.25600
119.00000 -8.46400 -4.65900 5.46300 -0.81400 -0.62100 -4.00800 -6.69400 -1.13900 5.45200 4.00800 -2.75700 1.13900 0.47800 -0.69200 -6.79500 18.69700
120.00000 -6.51000 -1.24100 7.90400 1.13900 -1.59700 -4.00800 -6.69400 0.32600 5.94100 4.00800 0.17300 3.09200 1.45500 0.77300 -5.33000 18.69700
121.00000 -6.02200 2.66500 10.83400 1.62800 -2.08500 -4.49600 -7.67000 1.30200 5.45200 3.52000 2.61400 4.55700 0.96600 1.26100 -2.88900 18.20900
122.00000 -6.99900 5.10700 11.81000 -0.32600 -2.57400 -5.96100 -8.15800 2.76700 4.96400 4.00800 4.56700 6.02200 0.96600 0.77300 0.04100 17.72100
123.00000 -9.92800 3.64200 11.32200 -2.76700 -3.55000 -7.42600 -8.15800 3.74300 4.47600 4.49600 5.54400 6.51000 0.47800 0.28500 2.97000 17.72100
124.00000 -13.34600 -0.75300 9.85700 -5.69700 -5.01500 -7.91400 -7.67000 3.74300 3.98800 4.49600 4.07900 5.53400 1.45500 -0.20300 3.94700 18.69700
125.00000 -15.29900 -5.14700 8.88100 -6.67300 -6.48000 -7.42600 -6.20500 2.76700 3.49900 2.54300 1.63800 4.06900 1.94300 -0.20300 2.48200 18.69700
126.00000 -15.29900 -8.56500 8.88100 -6.67300 -7.45600 -7.91400 -5.71700 1.79000 3.01100 0.10200 -1.29200 2.11600 1.94300 -0.69200 -1.42400 18.20900
127.00000 -13.34600 -8.56500 9.36900 -5.20800 -6.96800 -9.37900 -6.20500 0.81400 2.03500 -1.85100 -2.26800 0.65100 0.47800 -1.66800 -4.84200 16.25600
128.00000 -9.92800 -6.12400 9.36900 -2.76700 -5.50300 -11.82000 -5.71700 0.32600 1.54600 -2.34000 -1.78000 0.16300 -1.96300 -2.64500 -6.79500 14.30300
129.00000 -6.99900 -3.19400 9.85700 -0.81400 -4.52700 -13.77400 -4.74000 0.32600 1.54600 -1.36300 -0.31500 0.16300 -2.94000 -2.64500 -6.79500 13.32600
130.00000 -6.02200 -0.75300 10.34500 0.16300 -3.06200 -13.77400 -2.78700 0.32600 1.54600 1.07800 1.14900 1.13900 -2.94000 -1.18000 -5.33000 14.30300
131.00000 -7.48700 -0.75300 11.81000 0.65100 -1.59700 -12.30900 -0.34600 0.32600 1.54600 2.54300 0.66100 1.62800 -1.47500 1.75000 -3.86600 15.27900
132.00000 -9.92800 -2.21800 13.27500 1.13900 -0.62100 -10.84400 0.14200 1.30200 1.54600 3.03100 0.17300 2.11600 0.47800 4.19100 -3.37700 16.74400
133.00000 -12.37000 -4.17100 13.76300 0.65100 0.84400 -10.84400 -1.32200 1.79000 2.03500 3.03100 -0.80400 2.11600 1.45500 5.65600 -3.37700 16.74400
134.00000 -13.83500 -6.12400 12.78700 0.16300 0.84400 -12.79700 -4.74000 1.79000 2.03500 3.03100 -1.78000 1.13900 1.45500 4.19100 -4.35400 15.76700
135.00000 -13.83500 -6.61200 10.34500 -0.81400 -0.13200 -15.23800 -8.64700 1.79000 1.54600 3.03100 -2.75700 -0.32600 -0.01000 1.75000 -6.30700 13.81400
136.00000 -12.85800 -5.63600 8.39200 -2.27900 -1.10900 -16.21500 -11.08800 1.30200 1.05800 2.54300 -3.73300 -2.27900 -1.96300 -1.18000 -7.28400 11.86100
137.00000 -11.39300 -3.68200 7.90400 -2.76700 -2.08500 -14.75000 -11.08800 1.79000 1.05800 2.05500 -4.71000 -3.25500 -2.94000 -2.64500 -8.26000 10.88500
138.00000 -10.41700 -2.21800 9.36900 -2.76700 -2.08500 -11.82000 -8.15800 2.27900 1.54600 1.56700 -5.19800 -3.25500 -3.42800 -2.64500 -7.28400 10.39600
139.00000 -9.92800 -1.24100 10.83400 -2.27900 -0.62100 -10.35600 -5.22900 3.25500 2.03500 1.07800 -3.73300 -2.27900 -2.45200 -1.66800 -5.81900 11.37300
140.00000 -9.44000 -1.72900 10.83400 -1.30200 0.35600 -10.35600 -3.76400 4.23200 3.01100 1.07800 -2.26800 -0.32600 -1.96300 -0.69200 -4.35400 11.86100
141.00000 -9.44000 -2.21800 9.36900 -0.32600 1.33300 -11.82000 -4.25200 4.23200 3.49900 1.07800 -1.29200 0.65100 -1.96300 -0.20300 -5.33000 11.86100
142.00000 -9.44000 -2.70600 6.92700 0.65100 0.84400 -12.30900 -6.20500 3.25500 3.49900 1.56700 -2.26800 0.16300 -2.45200 -0.20300 -7.77200 10.88500
143.00000 -9.44000 -1.72900 5.95100 1.13900 -0.13200 -10.84400 -7.67000 2.76700 3.01100 0.59000 -4.71000 -1.30200 -3.42800 -1.18000 -10.70100 9.42000
144.00000 -9.44000 -0.75300 6.43900 1.13900 -1.10900 -8.40300 -7.18200 3.25500 2.52300 -0.38700 -7.15100 -2.76700 -4.40500 -1.18000 -11.67800 8.93100
145.00000 -9.44000 -1.24100 8.39200 0.65100 -2.08500 -7.42600 -5.71700 3.74300 2.52300 -0.87500 -7.64000 -2.76700 -4.40500 -1.18000 -10.70100 8.44300
146.00000 -9.44000 -2.70600 9.85700 -0.32600 -2.57400 -8.89100 -3.76400 5.20800 3.01100 -0.87500 -5.68600 -1.79000 -3.42800 -0.69200 -8.74800 8.44300
147.00000 -9.92800 -4.65900 10.34500 -1.30200 -3.55000 -12.30900 -3.27600 5.69700 3.49900 1.07800 -3.24500 -1.30200 -2.45200 0.28500 -7.77200 8.93100
148.00000 -10.90500 -6.61200 9.36900 -0.81400 -4.03800 -14.75000 -3.76400 5.69700 3.49900 2.05500 -1.78000 -1.30200 -2.45200 -0.20300 -8.74800 8.44300
149.00000 -12.37000 -6.61200 7.90400 0.16300 -4.03800 -14.26200 -4.74000 4.72000 3.01100 2.54300 -3.24500 -2.76700 -2.94000 -1.66800 -12.16600 8.44300
150.00000 -12.85800 -5.14700 6.92700 1.62800 -3.06200 -12.30900 -6.20500 3.74300 1.54600 1.07800 -5.68600 -4.72000 -4.40500 -3.62100 -15.09600 8.44300
151.00000 -12.37000 -2.21800 6.43900 2.60400 -2.08500 -9.86700 -6.20500 3.25500 0.08100 -0.87500 -7.64000 -5.69700 -5.38100 -5.57500 -15.09600 9.42000
152.00000 -11.39300 -0.75300 6.92700 3.58100 -1.10900 -9.86700 -6.20500 3.74300 -0.89500 -2.34000 -8.12800 -4.72000 -5.38100 -6.55100 -12.16600 10.39600
153.00000 -10.90500 -0.75300 5.95100 3.09200 -1.59700 -11.33200 -6.20500 4.72000 -0.40700 -3.80500 -7.64000 -3.25500 -5.38100 -6.55100 -8.26000 11.37300
154.00000 -11.39300 -1.72900 4.97400 2.60400 -2.57400 -13.28500 -6.69400 5.69700 0.57000 -3.80500 -6.66300 -2.27900 -4.89300 -5.08600 -6.79500 11.37300
155.00000 -12.37000 -3.68200 3.51000 2.11600 -3.06200 -13.77400 -7.67000 6.18500 1.54600 -3.80500 -7.15100 -2.27900 -4.89300 -3.62100 -8.26000 10.39600
156.00000 -13.83500 -4.65900 3.51000 2.11600 -3.55000 -12.30900 -8.15800 5.69700 2.03500 -3.80500 -8.12800 -4.23200 -5.87000 -3.13300 -12.16600 9.42000
157.00000 -13.83500 -4.65900 5.46300 3.58100 -2.57400 -10.84400 -8.64700 5.20800 2.03500 -3.31600 -9.59300 -6.18500 -6.84600 -3.13300 -16.07300 7.95500
158.00000 -11.88200 -3.19400 9.85700 6.02200 -1.59700 -9.37900 -8.64700 4.23200 1.54600 -1.85100 -10.56900 -8.13800 -8.31100 -3.62100 -19.00200 6.97800
159.00000 -8.46400 -1.24100 15.22800 7.97500 -0.62100 -8.89100 -8.15800 4.23200 1.54600 -0.38700 -11.05800 -9.11500 -8.79900 -3.62100 -20.46700 6.00200
160.00000 -5.04600 0.22400 18.64600 8.95200 0.35600 -8.40300 -8.15800 3.74300 1.54600 0.59000 -11.05800 -9.60300 -9.28800 -3.62100 -20.95500 5.02500
161.00000 -3.58100 0.71200 18.15800 8.46400 0.35600 -8.89100 -8.15800 3.74300 1.54600 0.10200 -12.03400 -10.09100 -9.28800 -3.13300 -21.44400 3.56000
162.00000 -6.51000 -0.75300 13.27500 6.99900 0.35600 -10.35600 -9.62300 3.74300 1.54600 -1.36300 -13.01100 -10.09100 -8.79900 -2.64500 -20.95500 2.09600
163.00000 -10.90500 -3.19400 6.92700 5.04600 -0.62100 -12.30900 -12.06500 3.25500 1.05800 -3.80500 -13.98700 -10.09100 -8.31100 -3.13300 -19.97900 1.60700
164.00000 -15.29900 -5.14700 2.53300 4.06900 -2.08500 -14.75000 -14.01800 2.76700 0.57000 -5.75800 -13.01100 -9.60300 -7.33400 -3.62100 -18.02600 2.58400
165.00000 -16.27600 -4.65900 2.04500 4.06900 -3.55000 -15.72700 -14.50600 2.76700 1.05800 -6.24600 -11.54600 -8.62600 -6.35800 -4.59800 -16.07300 4.53700
166.00000 -14.32300 -1.24100 4.97400 5.53400 -4.03800 -13.77400 -13.04100 3.25500 2.03500 -4.78100 -9.10400 -7.65000 -4.89300 -4.59800 -14.60800 6.97800
167.00000 -10.41700 3.15300 8.88100 7.97500 -4.52700 -10.35600 -9.62300 4.72000 3.49900 -1.36300 -6.17500 -6.67300 -3.91600 -3.13300 -14.60800 8.44300
168.00000 -6.99900 7.06000 11.32200 9.44000 -4.03800 -7.42600 -5.71700 6.67300 4.47600 1.56700 -3.73300 -6.18500 -3.91600 -1.18000 -15.58400 8.93100
169.00000 -5.53400 8.52500 11.81000 9.92800 -3.55000 -6.93800 -3.76400 8.13800 3.98800 3.03100 -2.75700 -5.69700 -4.40500 -0.20300 -17.04900 7.95500
170.00000 -6.02200 6.57100 9.85700 9.44000 -3.55000 -8.89100 -4.25200 9.11500 2.52300 3.03100 -2.75700 -5.69700 -5.87000 -1.18000 -18.51400 6.97800
171.00000 -7.97500 2.66500 7.90400 7.97500 -4.03800 -11.33200 -7.18200 7.65000 1.05800 1.07800 -4.71000 -6.18500 -7.33400 -3.13300 -19.49100 6.00200
172.00000 -10.41700 -1.72900 5.46300 6.51000 -4.52700 -12.30900 -11.08800 5.69700 0.08100 -1.36300 -7.64000 -7.16100 -7.82300 -5.57500 -19.97900 6.00200
173.00000 -12.85800 -5.14700 3.51000 5.04600 -4.03800 -11.33200 -14.50600 3.74300 0.57000 -2.82800 -10.56900 -7.65000 -7.33400 -6.55100 -19.00200 6.00200
174.00000 -14.32300 -7.10000 2.04500 3.09200 -3.06200 -9.37900 -15.48300 2.27900 1.54600 -2.82800 -13.01100 -8.62600 -6.35800 -6.06300 -18.02600 6.00200
175.00000 -14.81100 -7.58900 1.06800 1.62800 -1.10900 -9.37900 -14.50600 1.79000 3.01100 -1.36300 -14.47600 -8.62600 -5.38100 -3.62100 -16.07300 6.49000
176.00000 -14.32300 -7.58900 1.55600 0.65100 -0.13200 -11.33200 -12.55300 1.79000 3.49900 0.10200 -13.49900 -8.62600 -5.38100 -1.66800 -14.11900 6.97800
177.00000 -12.37000 -6.61200 2.53300 0.65100 0.35600 -13.77400 -11.08800 2.27900 3.49900 1.07800 -10.56900 -7.65000 -5.87000 -0.69200 -13.14300 7.95500
178.00000 -9.92800 -4.65900 3.51000 2.11600 -0.62100 -14.75000 -10.11100 2.76700 3.01100 0.10200 -8.12800 -7.16100 -6.84600 -1.18000 -12.65500 8.93100
179.00000 -8.46400 -1.24100 3.51000 4.55700 -2.57400 -13.28500 -10.60000 3.25500 2.03500 -0.87500 -5.68600 -6.18500 -7.82300 -2.15700 -13.63100 9.42000
180.00000 -8.46400 1.68900 3.02100 6.02200 -4.52700 -9.86700 -11.08800 3.74300 1.54600 -1.36300 -5.19800 -6.67300 -8.31100 -3.13300 -16.07300 9.42000
181.00000 -9.92800 2.66500 3.02100 6.51000 -5.99200 -7.91400 -10.60000 2.76700 1.54600 -0.87500 -6.17500 -7.16100 -7.82300 -3.62100 -19.00200 7.95500
182.00000 -11.88200 0.71200 3.02100 5.04600 -5.99200 -8.40300 -8.64700 1.79000 1.54600 -0.38700 -8.12800 -8.62600 -7.82300 -4.11000 -21.44400 6.00200
183.00000 -13.34600 -2.70600 3.51000 2.11600 -5.50300 -10.84400 -6.69400 0.32600 0.57000 0.10200 -9.59300 -9.11500 -7.82300 -5.08600 -23.39700 4.53700
184.00000 -13.83500 -5.63600 3.02100 -0.32600 -5.01500 -12.79700 -5.22900 0.32600 0.08100 -0.87500 -10.08100 -8.62600 -8.31100 -5.57500 -22.90900 4.04900
185.00000 -13.34600 -6.12400 1.55600 -0.32600 -5.01500 -12.79700 -4.74000 1.30200 0.08100 -2.34000 -9.10400 -6.67300 -8.31100 -6.06300 -19.97900 5.02500
186.00000 -12.37000 -5.63600 0.09200 1.62800 -5.01500 -9.86700 -5.22900 3.74300 0.57000 -3.31600 -6.66300 -4.23200 -7.33400 -5.08600 -16.56100 6.97800
187.00000 -11.88200 -4.65900 -0.88500 5.04600 -5.01500 -6.93800 -4.74000 5.69700 0.57000 -2.82800 -4.71000 -2.27900 -6.35800 -3.62100 -14.11900 8.93100
188.00000 -10.90500 -5.63600 0.58000 6.99900 -4.52700 -5.47300 -4.74000 7.16100 1.54600 -1.85100 -3.73300 -1.30200 -5.87000 -2.64500 -13.63100 9.42000
189.00000 -10.41700 -7.10000 2.53300 6.51000 -3.06200 -6.44900 -5.71700 7.65000 2.03500 -0.87500 -3.73300 -1.79000 -5.38100 -2.15700 -14.60800 8.93100
190.00000 -10.90500 -7.58900 3.99800 4.55700 -2.08500 -8.40300 -8.64700 7.16100 2.03500 -1.36300 -5.68600 -3.74300 -5.87000 -3.13300 -15.58400 7.95500
191.00000 -12.37000 -7.10000 3.51000 2.60400 -1.59700 -10.35600 -13.04100 7.16100 1.54600 -3.31600 -8.12800 -5.20800 -6.84600 -4.59800 -15.58400 6.97800
192.00000 -14.32300 -4.65900 0.58000 1.13900 -2.57400 -11.33200 -16.45900 8.13800 0.57000 -6.24600 -10.08100 -6.18500 -7.82300 -5.08600 -13.63100 6.97800
193.00000 -15.29900 -3.19400 -2.83800 1.62800 -4.52700 -12.30900 -16.45900 9.11500 0.08100 -8.68700 -10.56900 -5.69700 -7.82300 -4.59800 -10.70100 8.44300
194.00000 -15.78800 -3.68200 -3.81500 2.11600 -6.48000 -13.77400 -12.55300 10.09100 -0.40700 -9.66400 -9.10400 -3.74300 -7.82300 -3.62100 -8.26000 9.90800
195.00000 -14.81100 -5.63600 -2.83800 2.11600 -7.94500 -14.75000 -7.18200 9.60300 -1.38300 -8.68700 -7.15100 -1.79000 -6.84600 -2.15700 -7.28400 11.86100
196.00000 -13.34600 -9.05400 -0.88500 1.13900 -7.94500 -15.23800 -3.76400 8.62600 -0.40700 -6.73400 -4.71000 -0.81400 -5.38100 -1.18000 -7.77200 13.32600
197.00000 -12.85800 -11.00700 0.09200 0.65100 -6.96800 -14.26200 -3.27600 7.65000 0.57000 -3.80500 -3.73300 -0.32600 -4.40500 -0.20300 -8.74800 14.30300
198.00000 -13.34600 -11.00700 -0.88500 1.62800 -5.99200 -11.82000 -5.22900 8.13800 1.54600 -2.82800 -3.73300 -1.30200 -4.40500 0.28500 -9.72500 14.79100
199.00000 -13.83500 -9.54200 -2.35000 3.09200 -5.99200 -9.86700 -6.69400 8.62600 2.52300 -1.36300 -4.22200 -2.27900 -4.89300 0.77300 -9.72500 14.30300
200.00000 -13.83500 -7.10000 -2.35000 4.55700 -5.99200 -8.40300 -7.67000 10.09100 2.52300 -0.38700 -5.68600 -4.23200 -6.35800 0.28500 -10.70100 12.34900
201.00000 -12.85800 -4.17100 -0.39700 4.55700 -6.96800 -7.42600 -6.69400 10.57900 1.54600 -0.38700 -7.64000 -5.69700 -7.82300 -1.18000 -12.65500 9.90800
202.00000 -11.88200 -1.72900 1.55600 2.11600 -7.45600 -7.42600 -6.20500 9.60300 0.08100 -0.87500 -9.10400 -7.65000 -10.26400 -3.13300 -15.58400 6.97800
203.00000 -11.39300 -1.24100 1.55600 -1.30200 -6.96800 -7.91400 -8.15800 7.16100 -1.38300 -2.34000 -11.54600 -9.11500 -11.24100 -4.59800 -18.02600 5.02500
204.00000 -12.85800 -2.21800 -1.37300 -3.74300 -5.99200 -7.91400 -11.57600 4.72000 -1.87200 -4.29300 -13.49900 -10.09100 -11.24100 -5.08600 -19.00200 4.53700
205.00000 -14.81100 -5.14700 -5.76800 -4.23200 -4.52700 -8.89100 -14.99400 3.25500 -1.87200 -5.75800 -13.49900 -10.57900 -10.75200 -4.59800 -17.53700 6.00200
206.00000 -15.29900 -8.07700 -7.72100 -1.79000 -2.08500 -8.89100 -15.97100 3.74300 -0.40700 -4.78100 -12.03400 -10.09100 -9.77600 -3.13300 -14.60800 7.95500
207.00000 -13.34600 -9.54200 -6.25600 2.60400 0.35600 -8.40300 -14.99400 5.69700 1.54600 -1.85100 -8.12800 -8.62600 -8.31100 -1.66800 -11.67800 9.90800
208.00000 -8.95200 -7.58900 -0.88500 6.02200 2.79700 -7.91400 -12.55300 8.13800 3.49900 2.05500 -2.75700 -7.16100 -6.84600 -0.20300 -10.21300 10.88500
209.00000 -5.04600 -4.17100 4.97400 8.46400 4.26200 -6.93800 -9.62300 9.11500 4.96400 4.00800 0.66100 -6.18500 -6.35800 0.77300 -10.21300 11.37300
210.00000 -3.58100 -0.75300 9.36900 8.95200 5.23900 -5.96100 -7.18200 8.13800 4.96400 3.03100 2.12600 -5.69700 -6.35800 1.26100 -11.67800 11.37300
211.00000 -5.04600 1.20000 10.83400 8.46400 4.75100 -4.00800 -6.20500 5.69700 4.96400 0.59000 -0.80400 -6.67300 -6.84600 1.26100 -13.14300 11.86100
212.00000 -7.97500 1.20000 9.36900 7.48700 2.79700 -2.54300 -6.20500 3.74300 4.47600 -1.36300 -5.19800 -8.13800 -7.82300 0.28500 -14.60800 11.86100
213.00000 -10.41700 -0.75300 6.43900 6.51000 0.84400 -2.05500 -7.18200 2.27900 3.98800 -0.87500 -10.08100 -10.09100 -8.79900 -0.69200 -15.58400 11.37300
214.00000 -11.88200 -2.21800 3.51000 5.04600 -0.62100 -2.54300 -8.64700 2.27900 3.98800 1.56700 -12.52200 -11.55600 -8.79900 -1.66800 -16.56100 10.88500
215.00000 -11.88200 -2.70600 1.06800 3.09200 -0.62100 -4.98500 -10.11100 3.25500 3.98800 4.49600 -12.03400 -12.04400 -8.31100 -1.66800 -15.58400 10.88500
216.00000 -11.39300 -2.70600 0.09200 1.13900 0.35600 -7.91400 -9.62300 4.72000 3.98800 5.96100 -8.12800 -10.09100 -7.33400 -0.20300 -13.63100 11.86100
217.00000 -10.90500 -2.70600 1.06800 0.16300 2.30900 -9.86700 -6.20500 6.67300 3.98800 4.49600 -3.24500 -6.67300 -5.87000 2.72600 -10.70100 13.32600
218.00000 -10.41700 -2.21800 3.51000 1.62800 3.77400 -9.37900 -1.81100 7.16100 3.98800 1.56700 0.66100 -2.76700 -4.89300 5.65600 -7.28400 16.25600
219.00000 -8.46400 -1.72900 7.41600 4.06900 5.23900 -5.47300 2.09600 7.65000 4.47600 0.10200 4.07900 -0.32600 -3.91600 7.60900 -4.84200 18.20900
220.00000 -6.51000 -0.75300 11.32200 6.02200 5.72700 -1.56700 3.07200 7.65000 4.47600 1.07800 5.54400 0.65100 -3.42800 7.60900 -2.88900 20.16200
221.00000 -6.02200 -0.26400 13.27500 5.53400 5.23900 -0.10200 1.11900 7.16100 4.47600 3.03100 7.00900 0.65100 -2.94000 6.63200 -0.93600 21.62700
222.00000 -8.46400 -1.24100 12.29900 2.60400 4.75100 -3.03100 -2.78700 7.16100 4.47600 4.00800 8.47400 0.65100 -2.94000 5.16800 1.01700 23.09200
223.00000 -12.85800 -4.65900 8.39200 -2.27900 3.77400 -8.40300 -5.71700 6.67300 3.98800 3.03100 9.45000 0.65100 -3.42800 3.70300 2.48200 24.55600
224.00000 -17.25300 -8.56500 3.51000 -6.67300 1.82100 -13.28500 -6.20500 7.16100 3.49900 0.10200 8.96200 0.65100 -4.40500 3.21500 2.48200 25.53300
225.00000 -19.69400 -11.00700 0.09200 -8.62600 -0.13200 -15.23800 -5.22900 7.65000 3.01100 -1.36300 7.00900 -0.32600 -5.38100 3.70300 0.52900 25.04500
226.00000 -19.20600 -11.00700 -1.37300 -7.65000 -1.59700 -13.77400 -4.25200 8.13800 3.49900 -1.36300 3.59100 -2.27900 -6.35800 4.19100 -2.88900 22.60300
227.00000 -15.78800 -7.58900 -0.88500 -4.72000 -1.10900 -10.35600 -4.25200 8.13800 3.98800 1.07800 0.17300 -4.23200 -6.35800 4.67900 -6.79500 18.69700
228.00000 -11.88200 -3.68200 0.09200 -2.76700 0.84400 -7.91400 -6.69400 7.16100 4.47600 3.03100 -3.24500 -6.18500 -5.87000 4.67900 -9.72500 14.79100
229.00000 -9.44000 -1.24100 0.09200 -1.30200 3.28600 -6.44900 -10.11100 4.72000 4.96400 2.54300 -5.68600 -7.65000 -6.35800 3.21500 -12.65500 11.37300
230.00000 -8.95200 -1.24100 -0.39700 -0.81400 5.72700 -6.44900 -12.06500 2.27900 4.47600 0.10200 -7.64000 -8.13800 -6.84600 1.26100 -14.60800 8.44300
231.00000 -8.95200 -2.21800 -0.39700 0.16300 7.19200 -6.44900 -12.06500 0.32600 3.01100 -3.31600 -9.59300 -8.62600 -8.79900 -1.18000 -16.56100 6.49000
232.00000 -9.92800 -2.70600 0.58000 1.62800 6.70400 -7.42600 -10.60000 -0.16300 1.54600 -5.75800 -11.05800 -8.62600 -10.75200 -2.64500 -18.51400 5.51400
233.00000 -10.90500 -3.19400 2.04500 2.60400 5.72700 -9.86700 -8.15800 0.32600 0.57000 -6.24600 -11.54600 -8.13800 -12.70500 -2.64500 -19.00200 5.51400
234.00000 -12.85800 -4.17100 2.53300 1.62800 4.75100 -13.28500 -7.67000 0.81400 0.08100 -5.75800 -10.08100 -7.16100 -13.19400 -1.18000 -18.02600 6.49000
235.00000 -14.81100 -7.10000 0.58000 -0.32600 4.26200 -15.23800 -8.64700 1.79000 -0.40700 -4.78100 -7.15100 -5.69700 -12.21700 0.77300 -15.58400 7.95500
236.00000 -15.78800 -11.49500 -3.32600 -2.76700 3.77400 -15.72700 -11.08800 2.27900 0.57000 -4.78100 -3.73300 -4.23200 -10.75200 2.72600 -13.63100 9.42000
237.00000 -16.27600 -13.93600 -6.74400 -5.20800 2.30900 -13.28500 -12.55300 1.79000 1.05800 -6.24600 -2.26800 -3.74300 -8.79900 3.70300 -13.14300 10.88500
238.00000 -15.29900 -14.42500 -7.72100 -5.69700 0.84400 -10.84400 -12.55300 1.79000 1.54600 -8.19900 -2.75700 -4.23200 -7.82300 3.21500 -14.11900 10.88500
239.00000 -14.81100 -12.47200 -6.74400 -5.20800 -0.62100 -10.35600 -11.08800 1.30200 2.03500 -9.66400 -5.19800 -5.20800 -7.33400 1.75000 -16.07300 10.88500
240.00000 -15.29900 -10.03000 -5.28000 -3.25500 -1.59700 -11.82000 -9.13500 1.79000 1.54600 -11.12900 -8.61600 -6.18500 -8.31100 -0.69200 -18.51400 8.93100
241.00000 -15.78800 -8.56500 -4.30300 -1.79000 -1.59700 -15.23800 -8.15800 2.27900 1.05800 -11.61700 -10.08100 -7.16100 -10.26400 -3.13300 -19.97900 6.97800
242.00000 -15.29900 -8.56500 -2.83800 0.65100 -1.10900 -17.19200 -8.15800 4.23200 -0.40700 -11.61700 -9.59300 -7.65000 -12.21700 -5.57500 -20.46700 4.53700
243.00000 -13.34600 -9.54200 -0.88500 3.09200 -1.59700 -17.68000 -8.15800 6.67300 -1.38300 -11.61700 -7.15100 -7.16100 -14.17000 -7.03900 -19.49100 3.56000
244.00000 -10.90500 -10.51800 1.55600 4.55700 -3.55000 -16.70300 -8.15800 8.62600 -1.87200 -12.10500 -3.73300 -6.18500 -14.65900 -8.01600 -16.56100 3.56000
245.00000 -8.95200 -10.51800 3.02100 5.04600 -5.99200 -14.75000 -6.69400 9.60300 -1.87200 -12.10500 -0.80400 -4.72000 -14.17000 -7.03900 -13.14300 5.51400
246.00000 -9.92800 -10.51800 1.06800 2.60400 -7.94500 -13.77400 -5.22900 8.62600 -1.38300 -11.61700 0.17300 -3.25500 -12.70500 -4.59800 -9.23700 8.44300
247.00000 -11.88200 -10.51800 -3.32600 -0.32600 -8.43300 -12.79700 -3.76400 6.67300 -0.40700 -10.64000 -0.31500 -2.76700 -10.26400 -0.69200 -7.77200 10.88500
248.00000 -13.34600 -9.54200 -8.69800 -3.74300 -7.45600 -11.33200 -3.76400 4.72000 0.08100 -9.17600 -1.78000 -3.25500 -8.79900 1.75000 -8.26000 12.34900
249.00000 -13.34600 -8.07700 -11.62700 -5.20800 -5.99200 -9.86700 -6.20500 4.23200 0.08100 -7.22200 -3.24500 -5.20800 -8.31100 2.72600 -11.67800 11.86100
250.00000 -12.37000 -6.61200 -11.13900 -5.20800 -3.55000 -8.89100 -9.62300 4.23200 0.08100 -6.24600 -4.71000 -7.65000 -9.28800 1.26100 -15.58400 10.88500
251.00000 -10.41700 -5.63600 -8.69800 -3.25500 -2.08500 -8.89100 -11.57600 4.72000 -0.40700 -5.75800 -5.19800 -9.60300 -10.75200 -1.66800 -18.51400 9.42000
252.00000 -10.41700 -5.14700 -5.76800 -2.27900 -1.59700 -9.86700 -11.57600 5.20800 -0.40700 -5.26900 -5.68600 -10.09100 -12.21700 -4.59800 -19.49100 8.93100
253.00000 -10.90500 -5.63600 -5.28000 -2.27900 -1.10900 -10.84400 -10.60000 5.20800 -0.40700 -4.29300 -5.68600 -10.09100 -12.21700 -5.08600 -19.49100 8.93100
254.00000 -12.37000 -6.12400 -5.76800 -3.25500 -1.10900 -12.30900 -8.15800 4.72000 0.08100 -3.31600 -5.19800 -8.62600 -11.72900 -5.08600 -18.02600 9.42000
255.00000 -13.34600 -7.58900 -6.74400 -5.20800 -1.59700 -13.28500 -7.18200 4.23200 0.57000 -2.34000 -3.73300 -7.16100 -10.75200 -3.62100 -17.04900 10.39600
256.00000 -13.83500 -8.56500 -6.25600 -5.20800 -2.57400 -14.26200 -7.18200 3.74300 0.57000 -1.85100 -2.75700 -6.18500 -10.26400 -3.13300 -16.56100 11.37300
