1.00000 -2.86900 -5.57500 -0.45800 -0.98700 -7.57900 -8.45300 -0.17300 3.64200 -2.95000 0.78300 2.73600 4.26200 2.33000 5.57500 4.60800 5.94100
2.00000 -2.38000 -8.01600 -0.94600 -1.47500 -9.04300 -13.33600 -4.07900 2.66500 -4.41500 -3.61100 0.29500 2.30900 -0.11200 2.64500 2.65500 3.49900
3.00000 0.06100 -8.01600 -0.94600 -0.98700 -10.02000 -17.24200 -5.05600 2.17700 -7.34500 -7.02900 -1.17000 0.84400 -2.06500 -0.77300 0.70200 2.03500
4.00000 2.99100 -6.06300 -0.94600 -0.49800 -10.99700 -18.70700 -3.10300 2.17700 -9.29800 -8.98200 -2.14600 0.35600 -3.53000 -3.21500 -0.27500 1.05800
5.00000 3.47900 -4.11000 0.03100 0.47800 -10.99700 -18.21900 0.31500 2.17700 -9.78600 -9.95900 -1.65800 0.84400 -3.53000 -3.70300 -1.25100 1.54600
6.00000 1.03800 -3.13300 1.49500 1.45500 -10.99700 -17.24200 2.75700 1.68900 -8.80900 -10.44700 -0.19300 1.82100 -2.06500 -2.72600 -0.76300 3.01100
7.00000 -3.35700 -4.59800 1.00700 1.45500 -10.99700 -16.26600 3.24500 1.20000 -6.85600 -10.44700 0.29500 2.79700 0.37600 -1.26100 0.70200 4.96400
8.00000 -6.28700 -6.55100 -1.92300 -0.01000 -11.97300 -16.75400 2.26800 0.71200 -5.39100 -10.93500 -0.19300 3.28600 2.33000 -0.28500 2.65500 6.42900
9.00000 -6.28700 -8.50400 -6.80500 -1.47500 -13.43800 -18.21900 -0.17300 0.22400 -4.90300 -11.91200 -2.14600 2.30900 3.30600 -0.28500 3.63200 7.40600
10.00000 -2.86900 -8.99300 -10.22300 -2.94000 -14.90300 -19.19600 -2.12600 0.22400 -5.39100 -12.40000 -3.61100 1.82100 3.79400 -0.28500 4.12000 7.40600
11.00000 2.01400 -7.52800 -9.24700 -3.91600 -15.39100 -19.68400 -4.07900 0.71200 -5.88000 -11.91200 -4.58800 1.33300 3.79400 0.20300 3.63200 7.40600
12.00000 4.94400 -5.57500 -3.87600 -3.42800 -13.92600 -18.70700 -6.03200 0.71200 -4.90300 -10.44700 -3.12300 2.30900 4.28300 1.66800 4.12000 7.89400
13.00000 4.94400 -4.59800 3.44800 -2.45200 -10.50800 -17.24200 -6.52100 1.20000 -2.46200 -7.02900 -0.19300 3.77400 5.25900 3.62100 5.58500 8.87000
14.00000 2.99100 -4.11000 7.84300 -0.01000 -6.11400 -14.31300 -5.54400 1.68900 -0.02000 -3.12300 3.71300 6.21500 6.23600 6.06300 8.51400 10.33500
15.00000 0.06100 -4.11000 7.84300 1.45500 -2.20700 -9.43000 -1.14900 2.17700 2.42100 1.76000 7.13100 8.16900 7.70100 8.50400 12.42100 11.80000
16.00000 -1.40400 -2.64500 4.42500 2.43100 0.23400 -4.05900 5.19800 3.15300 3.88600 6.15400 10.06100 9.14500 8.67700 11.43400 14.86200 13.26500
17.00000 -0.91600 -0.20300 1.49500 2.43100 0.23400 0.33600 11.54600 3.64200 4.37400 10.06100 11.52500 10.12200 10.14200 14.85200 15.35000 14.73000
18.00000 1.52600 2.72600 1.00700 1.94300 -0.25400 2.28900 14.96400 4.61800 4.86200 12.50200 12.50200 10.61000 11.60700 18.27000 15.35000 17.66000
19.00000 3.96700 4.19100 2.47200 2.43100 -2.20700 0.82400 14.47600 4.61800 4.86200 13.96700 12.01400 9.63300 12.09500 20.71100 14.37400 20.10100
20.00000 4.94400 2.72600 2.47200 3.40800 -5.13700 -1.61700 11.05800 5.10700 3.88600 12.50200 11.03700 8.65700 11.60700 20.71100 12.90900 21.56600
21.00000 3.96700 0.28500 0.51900 4.87300 -7.57900 -4.54700 7.15100 4.61800 1.93300 9.57200 9.57200 6.70400 9.65400 18.27000 11.93200 20.58900
22.00000 2.01400 -2.64500 -2.41100 5.36100 -10.02000 -6.01200 4.22200 4.13000 -0.99700 4.69000 8.59600 4.75100 6.72400 14.36400 10.95600 18.63600
23.00000 -0.42700 -4.59800 -3.38700 3.40800 -11.48500 -6.98900 2.26800 3.64200 -3.43800 0.29500 7.61900 3.28600 3.79400 10.45700 9.97900 15.70600
24.00000 -1.89200 -5.08600 -1.43400 0.47800 -11.48500 -9.43000 0.80400 2.66500 -5.39100 -3.61100 7.13100 2.79700 1.84100 8.50400 8.51400 13.75300
25.00000 -1.40400 -4.59800 3.44800 -2.94000 -10.99700 -12.84800 -1.14900 2.17700 -5.39100 -6.54100 6.64300 2.79700 1.84100 7.52800 7.05000 12.77700
26.00000 0.06100 -4.59800 7.35500 -5.38100 -10.50800 -17.24200 -2.12600 1.68900 -5.39100 -8.98200 5.17800 2.79700 2.33000 7.03900 4.60800 11.80000
27.00000 1.03800 -5.57500 7.35500 -6.35800 -10.99700 -19.68400 -1.14900 1.68900 -4.90300 -11.42400 3.71300 3.28600 2.81800 5.57500 2.65500 10.33500
28.00000 0.54900 -7.52800 4.42500 -5.87000 -12.46100 -20.66000 1.29200 1.68900 -4.90300 -13.86500 1.27200 2.79700 1.35300 3.62100 0.21400 7.89400
29.00000 -1.89200 -8.50400 -0.45800 -4.89300 -14.41400 -19.68400 3.73300 1.68900 -4.90300 -15.81800 -0.19300 2.30900 -0.60000 0.69200 -0.76300 5.94100
30.00000 -4.33300 -7.52800 -4.85200 -3.91600 -15.87900 -18.21900 4.22200 1.20000 -5.39100 -16.79500 -1.17000 1.82100 -2.06500 -1.26100 -1.25100 3.98800
31.00000 -6.77500 -6.06300 -7.29400 -3.42800 -15.87900 -17.73100 1.78000 1.20000 -5.39100 -15.33000 -0.68200 1.82100 -3.04200 -2.23800 -0.27500 3.49900
32.00000 -7.26300 -4.11000 -7.29400 -2.45200 -13.92600 -17.73100 -2.12600 1.20000 -5.39100 -13.37700 0.78300 1.82100 -2.55300 -2.72600 0.70200 3.49900
33.00000 -5.79800 -2.64500 -6.80500 -0.49800 -11.97300 -17.24200 -5.54400 1.20000 -3.92700 -11.42400 2.24800 1.82100 -1.08800 -1.75000 2.16700 4.96400
34.00000 -3.35700 -1.66800 -4.85200 1.45500 -9.53200 -13.82400 -6.52100 0.22400 -2.46200 -8.98200 3.71300 1.33300 1.35300 0.69200 3.14300 6.42900
35.00000 -0.42700 -0.20300 -1.92300 2.43100 -8.06700 -9.91800 -5.54400 -0.75300 -0.02000 -6.05300 3.71300 0.84400 3.79400 4.11000 3.63200 9.35900
36.00000 2.50200 1.26100 1.49500 2.92000 -7.09000 -6.50000 -3.10300 -1.24100 1.44400 -3.61100 3.22500 0.84400 6.72400 7.52800 4.12000 11.31200
37.00000 4.94400 2.23800 4.91300 1.94300 -7.57900 -5.52400 -0.17300 -1.24100 1.44400 -1.65800 1.76000 0.84400 7.21200 8.99300 3.63200 12.28800
38.00000 5.43200 0.77300 7.35500 -0.01000 -8.06700 -8.94200 2.26800 -0.26400 -0.02000 -1.65800 -0.68200 0.35600 6.72400 7.52800 2.65500 10.82400
39.00000 4.45600 -2.15700 7.84300 -2.45200 -10.02000 -14.80100 3.73300 0.71200 -2.46200 -4.10000 -4.10000 -2.08500 3.79400 3.13300 -0.76300 5.94100
40.00000 2.01400 -5.08600 5.89000 -4.40500 -10.50800 -18.70700 3.73300 0.22400 -4.41500 -7.02900 -8.49400 -5.99200 0.37600 -1.75000 -6.62200 0.08100
41.00000 -0.91600 -6.55100 1.49500 -5.38100 -10.02000 -18.70700 1.29200 -3.19400 -4.41500 -8.98200 -14.35300 -11.85100 -2.55300 -6.14400 -13.45800 -6.75500
42.00000 -2.38000 -4.59800 -3.87600 -5.87000 -8.06700 -15.28900 -4.07900 -7.10000 -1.97300 -9.47100 -20.21300 -17.22200 -4.50600 -7.60900 -20.29400 -11.63700
43.00000 -1.89200 0.77300 -7.29400 -5.38100 -5.62500 -8.94200 -9.93900 -10.51800 1.44400 -7.02900 -24.11900 -21.12800 -3.53000 -6.63200 -23.71200 -12.61400
44.00000 0.54900 6.63200 -6.31700 -4.40500 -3.18400 -3.08200 -14.33300 -11.49500 5.35100 -2.14600 -24.60700 -21.61700 -1.08800 -4.19100 -22.73600 -11.14900
45.00000 4.45600 11.02700 -0.94600 -1.96300 -1.23100 0.82400 -14.33300 -9.05400 7.30400 2.24800 -21.67800 -19.17500 1.84100 -1.26100 -17.85300 -7.24300
46.00000 6.89700 13.95700 6.86600 0.96600 -0.25400 3.75400 -10.91500 -4.17100 8.28000 5.17800 -15.33000 -13.80400 3.79400 1.66800 -10.52900 -2.36000
47.00000 8.36200 14.93300 12.23800 4.87300 0.23400 6.19500 -4.56700 0.71200 6.81600 7.13100 -8.49400 -7.45600 4.77100 3.13300 -4.18100 1.54600
48.00000 7.87400 14.44500 12.23800 8.29100 0.23400 8.14800 2.75700 5.59500 4.86200 7.13100 -2.14600 -1.10900 4.77100 3.13300 0.21400 4.47600
49.00000 7.38500 12.49200 9.30800 10.73200 0.23400 9.12500 8.12800 9.01300 2.42100 5.17800 2.73600 3.77400 3.30600 2.64500 2.65500 4.96400
50.00000 7.87400 9.07400 5.40200 10.24400 -1.23100 7.17200 11.54600 11.45400 0.46800 2.24800 5.66600 7.19200 2.33000 1.18000 2.65500 4.96400
51.00000 8.36200 3.70300 4.91300 7.31400 -4.16100 2.28900 12.52200 12.43100 -0.99700 -1.65800 6.64300 9.63300 2.33000 0.20300 3.14300 4.96400
52.00000 7.38500 -1.18000 6.37800 2.43100 -7.09000 -4.05900 11.05800 10.47800 -0.99700 -4.10000 7.13100 10.61000 2.81800 -0.28500 4.60800 5.45200
53.00000 2.99100 -3.62100 7.84300 -2.94000 -9.53200 -9.43000 8.61600 6.57100 0.46800 -5.56400 7.13100 10.61000 4.77100 1.18000 7.05000 7.40600
54.00000 -2.86900 -3.62100 6.86600 -5.87000 -10.50800 -11.87100 5.19800 1.20000 2.90900 -5.07600 7.13100 9.63300 7.21200 4.11000 9.97900 9.84700
55.00000 -7.75100 -1.66800 4.42500 -7.33400 -9.53200 -10.89500 3.24500 -3.19400 5.35100 -3.12300 6.64300 8.16900 10.14200 8.01600 12.42100 12.28800
56.00000 -8.72800 0.77300 1.98400 -6.84600 -7.57900 -7.96500 3.24500 -5.63600 7.79200 -0.19300 6.15400 7.19200 13.07200 12.41000 13.88500 14.73000
57.00000 -6.77500 1.75000 1.00700 -5.87000 -6.11400 -4.54700 5.19800 -7.10000 8.76900 2.73600 5.17800 5.23900 15.02500 15.82800 13.39700 16.68300
58.00000 -3.35700 0.77300 0.51900 -5.87000 -5.62500 -2.10600 7.15100 -7.58900 9.25700 5.66600 4.69000 3.77400 16.49000 18.27000 12.90900 18.14800
59.00000 -0.91600 0.77300 -1.43400 -5.87000 -4.64900 -0.64100 7.15100 -8.56500 9.25700 8.10800 4.69000 1.82100 16.97800 20.71100 12.90900 19.61300
60.00000 0.06100 3.21500 -3.87600 -5.87000 -2.69600 3.26500 5.19800 -9.05400 10.72200 11.52500 5.66600 1.33300 17.46600 23.15300 15.35000 21.56600
61.00000 2.99100 9.07400 -4.36400 -3.91600 1.21100 9.61300 3.24500 -7.58900 13.65200 17.38500 8.59600 3.28600 20.39600 27.05900 20.23300 25.47200
62.00000 8.85000 17.37500 -0.94600 -0.98700 6.58200 19.37900 3.73300 -4.17100 18.53400 24.70900 13.96700 8.65700 24.30200 32.43000 27.06900 31.33100
63.00000 16.17400 23.72200 7.84300 2.43100 11.46400 28.16800 8.61600 0.71200 22.92900 32.03300 20.80300 15.98100 29.67300 38.28900 34.88200 38.16700
64.00000 20.56900 25.67500 17.12000 4.38400 14.39400 32.56200 14.96400 5.59500 25.37000 36.91600 26.66200 23.30500 34.55600 43.17200 40.25300 43.53800
65.00000 19.59200 21.76900 20.53800 4.38400 13.41800 29.63300 19.35800 8.52500 24.39400 37.89300 29.10400 27.21200 36.50900 45.12500 41.71800 45.49200
66.00000 11.29200 14.93300 15.65600 2.43100 9.02300 20.35500 18.87000 8.52500 20.97600 33.49800 26.17400 26.72300 34.55600 42.68400 37.81100 42.07400
67.00000 1.03800 7.60900 3.93700 -0.49800 3.65200 10.10100 12.03400 6.08300 16.09300 26.66200 17.87300 21.84000 30.16200 36.82500 29.51000 34.26100
68.00000 -7.75100 3.21500 -7.78200 -3.42800 -0.25400 2.77700 1.78000 2.66500 12.18700 19.82600 7.13100 15.00400 24.79000 29.01200 19.74500 24.98400
69.00000 -11.65800 1.75000 -13.64100 -5.38100 -1.71900 0.82400 -7.49700 -1.24100 10.23400 14.94300 -2.63500 9.14500 20.39600 22.66400 11.44400 17.66000
70.00000 -12.14600 2.23800 -12.17700 -6.84600 -1.71900 2.28900 -12.38000 -4.17100 9.74500 13.47900 -7.51700 6.21500 17.95500 19.24600 7.05000 14.24200
71.00000 -11.16900 2.23800 -7.29400 -7.82300 -1.71900 3.75400 -11.40300 -6.61200 10.23400 13.96700 -8.00600 5.72700 17.46600 19.24600 7.05000 14.73000
72.00000 -11.65800 0.28500 -4.85200 -9.28800 -2.69600 2.28900 -8.96200 -8.07700 10.72200 13.96700 -5.07600 6.70400 17.95500 20.71100 9.00300 16.68300
73.00000 -12.63400 -2.15700 -7.29400 -11.24100 -4.64900 -1.61700 -8.47400 -9.05400 10.23400 13.96700 -2.63500 7.19200 17.95500 21.68800 10.46800 17.66000
74.00000 -12.63400 -4.59800 -12.17700 -13.19400 -6.60200 -5.03500 -11.40300 -10.03000 10.23400 12.50200 -1.17000 6.70400 17.95500 21.20000 10.95600 15.70600
75.00000 -11.16900 -5.57500 -15.59400 -15.14700 -6.60200 -6.01200 -16.77400 -11.00700 10.23400 11.52500 -1.17000 5.72700 16.97800 19.24600 10.46800 13.26500
76.00000 -8.72800 -5.57500 -13.64100 -16.12300 -6.11400 -3.57100 -19.21600 -10.51800 11.21000 11.52500 -0.68200 5.23900 16.00100 17.29300 9.49100 11.80000
77.00000 -7.75100 -4.59800 -8.27000 -16.12300 -4.16100 0.82400 -16.77400 -8.07700 11.69800 12.99000 1.27200 6.21500 16.00100 16.80500 9.49100 11.80000
78.00000 -7.75100 -3.13300 -2.41100 -14.65900 -2.69600 4.73000 -8.96200 -4.17100 12.18700 15.92000 4.20100 8.16900 16.00100 17.78200 10.95600 13.26500
79.00000 -8.24000 -1.18000 -0.94600 -12.21700 -1.71900 7.17200 -0.17300 0.71200 11.69800 17.87300 7.13100 9.63300 16.00100 19.24600 11.44400 15.21800
80.00000 -8.72800 0.77300 -3.87600 -9.77600 -0.74300 8.14800 5.68600 4.13000 10.72200 18.36100 8.10800 10.12200 15.51300 19.73500 11.44400 15.70600
81.00000 -9.70500 2.23800 -9.24700 -7.82300 -0.25400 7.66000 6.17500 5.10700 9.25700 17.38500 7.13100 9.63300 14.53700 18.27000 9.97900 14.73000
82.00000 -11.16900 0.77300 -12.66500 -7.33400 -0.25400 6.19500 2.75700 3.15300 8.28000 14.45500 4.69000 7.68000 13.07200 16.31700 8.02600 12.77700
83.00000 -14.09900 -2.64500 -13.64100 -7.82300 -1.71900 4.24200 -2.61400 -0.26400 7.79200 11.03700 1.27200 5.72700 12.09500 14.36400 6.56100 10.82400
84.00000 -17.51700 -7.03900 -13.64100 -9.28800 -3.67200 2.28900 -7.00900 -3.68200 7.79200 8.59600 -2.14600 3.77400 11.11900 12.89900 4.60800 9.35900
85.00000 -19.47000 -10.45700 -14.13000 -10.26400 -6.11400 0.33600 -9.93900 -5.63600 7.79200 7.61900 -5.56400 2.30900 11.11900 11.92200 2.65500 8.38200
86.00000 -18.49400 -10.45700 -14.61800 -10.75200 -7.09000 -0.15300 -10.91500 -5.63600 8.28000 8.10800 -7.02900 2.30900 11.60700 11.92200 1.19000 8.38200
87.00000 -14.58700 -8.50400 -13.64100 -10.75200 -6.11400 0.82400 -10.42700 -3.68200 8.28000 9.57200 -6.54100 4.26200 13.07200 12.41000 1.67800 8.87000
88.00000 -9.21600 -5.08600 -9.24700 -11.24100 -4.16100 3.26500 -8.47400 -1.72900 9.74500 12.01400 -3.61100 7.68000 15.02500 13.87500 4.60800 10.82400
89.00000 -4.82200 -3.13300 -1.92300 -12.21700 -2.20700 6.19500 -5.54400 0.22400 11.69800 13.96700 0.78300 11.58700 16.97800 15.34000 8.51400 14.24200
90.00000 -2.86900 -3.13300 4.91300 -13.68200 -1.23100 7.66000 -2.61400 1.20000 13.16300 14.94300 4.69000 14.02800 18.93100 17.29300 11.44400 16.68300
91.00000 -3.84500 -4.11000 7.35500 -15.14700 -2.69600 6.19500 -1.14900 0.71200 13.16300 13.96700 5.66600 14.51600 18.93100 18.27000 11.93200 17.66000
92.00000 -6.77500 -5.08600 5.40200 -15.63500 -6.11400 1.80100 -1.14900 0.22400 11.21000 12.01400 5.17800 13.05100 17.95500 17.78200 9.49100 16.19500
93.00000 -9.70500 -5.57500 1.00700 -14.65900 -10.02000 -3.08200 -1.63800 -0.26400 7.79200 8.59600 4.20100 11.58700 15.51300 15.34000 7.05000 13.75300
94.00000 -11.16900 -5.57500 -1.92300 -13.19400 -12.95000 -6.98900 -1.63800 -0.26400 3.88600 5.66600 5.17800 11.58700 13.07200 12.41000 7.05000 12.77700
95.00000 -10.68100 -5.57500 -2.41100 -11.24100 -13.92600 -7.96500 0.31500 0.71200 2.42100 3.71300 8.59600 13.05100 11.60700 9.96900 10.46800 13.75300
96.00000 -8.72800 -6.55100 -0.94600 -10.26400 -12.95000 -5.52400 3.24500 3.15300 2.90900 3.71300 12.99000 15.98100 11.60700 9.48100 15.35000 16.19500
97.00000 -8.24000 -8.01600 -0.94600 -9.77600 -10.02000 -2.59400 6.17500 4.61800 5.83900 4.69000 16.89700 17.44600 12.58300 10.45700 19.25700 19.12400
98.00000 -9.70500 -8.50400 -2.89900 -9.28800 -6.60200 -0.64100 7.15100 5.59500 8.28000 5.66600 17.87300 16.46900 14.04800 11.92200 19.74500 20.10100
99.00000 -12.14600 -8.50400 -4.85200 -8.79900 -4.64900 -1.12900 7.64000 5.59500 9.25700 6.64300 15.43200 13.54000 14.53700 12.89900 16.32700 19.12400
100.00000 -13.61100 -8.50400 -3.87600 -7.33400 -4.16100 -3.08200 8.12800 4.13000 8.28000 6.15400 12.01400 10.12200 13.56000 12.41000 12.42100 16.68300
101.00000 -12.63400 -8.50400 1.49500 -5.38100 -4.64900 -4.54700 8.61600 1.20000 6.81600 5.66600 9.08400 7.19200 11.60700 10.45700 9.00300 14.24200
102.00000 -9.70500 -8.99300 8.33100 -3.91600 -5.13700 -4.05900 8.61600 -0.75300 5.83900 5.17800 6.64300 5.72700 9.16500 8.01600 8.51400 12.28800
103.00000 -5.79800 -8.01600 13.21400 -3.42800 -5.13700 -2.10600 6.17500 -1.72900 5.35100 4.69000 5.66600 4.75100 7.70100 6.55100 9.00300 11.80000
104.00000 -2.86900 -6.55100 12.72600 -4.40500 -4.64900 0.33600 0.80400 -1.72900 5.83900 4.20100 5.17800 4.75100 6.72400 5.57500 9.00300 11.80000
105.00000 -2.38000 -3.62100 6.86600 -5.38100 -3.18400 1.80100 -5.54400 -0.75300 5.83900 3.71300 3.71300 4.75100 6.23600 5.57500 7.05000 11.31200
106.00000 -3.35700 -1.66800 -0.45800 -5.87000 -2.69600 0.82400 -10.42700 -0.26400 5.35100 3.71300 1.76000 5.23900 6.23600 5.08600 4.12000 9.84700
107.00000 -5.31000 -0.69200 -5.34100 -5.87000 -3.18400 -1.12900 -12.38000 -0.75300 4.37400 3.71300 -0.19300 5.72700 5.74700 4.59800 1.19000 7.89400
108.00000 -6.77500 -1.66800 -6.31700 -5.87000 -4.16100 -2.10600 -10.91500 -2.21800 3.39800 4.20100 -2.14600 6.21500 5.25900 3.13300 -0.27500 5.94100
109.00000 -8.24000 -3.62100 -5.34100 -6.35800 -5.13700 -1.61700 -8.96200 -3.68200 2.42100 4.69000 -3.12300 6.21500 4.28300 1.66800 0.21400 5.45200
110.00000 -8.72800 -5.08600 -4.85200 -8.31100 -5.62500 -0.15300 -8.47400 -4.65900 2.42100 5.17800 -3.61100 5.72700 3.30600 1.18000 1.67800 5.94100
111.00000 -8.24000 -5.57500 -6.80500 -10.26400 -5.13700 1.31200 -9.45000 -4.65900 2.90900 4.69000 -3.61100 5.23900 2.81800 1.66800 3.14300 6.91700
112.00000 -7.26300 -5.57500 -9.73500 -12.21700 -4.64900 1.31200 -10.91500 -4.17100 4.37400 4.69000 -3.12300 4.75100 3.30600 2.64500 2.65500 7.40600
113.00000 -5.79800 -4.59800 -11.20000 -13.19400 -3.67200 -0.15300 -9.93900 -3.68200 5.35100 4.20100 -2.14600 4.75100 4.28300 3.62100 0.70200 6.42900
114.00000 -5.31000 -4.59800 -10.22300 -12.21700 -3.67200 -2.10600 -7.98500 -4.17100 5.83900 3.71300 -2.63500 4.26200 5.25900 3.62100 -2.71600 4.47600
115.00000 -6.77500 -5.08600 -8.27000 -10.75200 -4.16100 -3.57100 -6.52100 -5.63600 5.83900 3.22500 -4.10000 3.28600 5.74700 3.13300 -5.15700 2.52300
116.00000 -10.19300 -7.03900 -7.78200 -9.77600 -4.64900 -5.03500 -9.93900 -7.58900 4.86200 2.73600 -6.05300 1.33300 5.25900 1.66800 -6.62200 1.05800
117.00000 -13.61100 -8.50400 -10.22300 -11.24100 -4.64900 -5.52400 -17.75100 -9.05400 2.42100 1.27200 -7.51700 -0.13200 4.28300 1.18000 -6.13400 1.05800
118.00000 -15.07600 -8.99300 -14.13000 -13.68200 -5.13700 -5.52400 -26.05200 -9.54200 0.46800 0.78300 -8.49400 -1.10900 2.33000 0.69200 -4.66900 1.54600
119.00000 -14.58700 -8.99300 -17.54800 -17.10000 -5.62500 -4.54700 -30.93500 -9.54200 -0.99700 0.29500 -8.00600 -1.59700 0.86500 0.69200 -4.18100 2.03500
120.00000 -12.63400 -8.01600 -17.05900 -19.05300 -6.60200 -4.05900 -28.49300 -9.54200 -0.50900 1.27200 -8.00600 -1.59700 0.37600 0.69200 -4.18100 1.54600
121.00000 -11.65800 -7.52800 -13.64100 -18.56500 -8.06700 -3.57100 -21.16900 -8.56500 1.93300 2.73600 -8.00600 -0.62100 1.35300 1.66800 -4.18100 2.03500
122.00000 -12.63400 -7.03900 -9.24700 -16.12300 -9.53200 -4.05900 -12.86800 -7.58900 4.37400 4.20100 -7.02900 0.84400 3.30600 3.13300 -2.71600 3.49900
123.00000 -14.58700 -7.03900 -5.82900 -12.21700 -10.50800 -6.50000 -7.49700 -5.14700 6.32700 5.66600 -4.10000 3.28600 6.23600 5.08600 0.70200 7.40600
124.00000 -16.05200 -7.03900 -3.87600 -9.77600 -10.99700 -8.45300 -6.52100 -1.72900 7.30400 6.15400 0.29500 6.21500 8.67700 8.01600 6.07300 11.80000
125.00000 -14.58700 -7.52800 -2.41100 -9.28800 -10.99700 -9.43000 -7.49700 2.17700 7.30400 6.15400 5.17800 9.14500 10.14200 9.96900 10.95600 15.70600
126.00000 -10.68100 -8.01600 0.03100 -10.26400 -11.48500 -9.43000 -7.00900 4.13000 5.35100 5.17800 9.08400 11.09800 10.14200 10.45700 12.42100 17.17100
127.00000 -6.28700 -9.48100 2.96000 -12.21700 -12.95000 -8.94200 -4.56700 4.13000 2.90900 2.73600 10.06100 11.58700 9.16500 9.96900 10.95600 16.19500
128.00000 -3.84500 -11.43400 4.42500 -13.19400 -15.39100 -9.43000 0.31500 2.17700 0.46800 0.29500 9.08400 11.09800 7.21200 8.01600 7.53800 14.24200
129.00000 -4.33300 -13.38700 4.91300 -13.19400 -17.34400 -11.87100 4.22200 0.22400 -2.46200 -1.65800 8.10800 10.12200 5.74700 7.03900 4.60800 12.77700
130.00000 -7.26300 -15.34000 4.91300 -12.21700 -18.80900 -14.31300 6.66300 -0.75300 -3.92700 -2.14600 8.10800 10.61000 5.25900 6.55100 4.12000 13.26500
131.00000 -11.65800 -16.31700 5.40200 -10.75200 -19.29700 -15.28900 7.15100 1.20000 -3.43800 -0.68200 10.06100 12.56300 6.72400 7.03900 6.56100 14.73000
132.00000 -14.58700 -16.31700 6.37800 -10.26400 -18.32100 -13.82400 7.15100 3.64200 -1.97300 1.27200 12.50200 14.51600 8.18900 8.01600 8.51400 15.70600
133.00000 -16.54100 -15.82800 7.35500 -11.24100 -17.83200 -10.89500 7.64000 6.08300 0.95600 2.24800 13.96700 15.49300 9.65400 8.50400 9.97900 15.70600
134.00000 -17.02900 -15.34000 6.37800 -13.19400 -16.85600 -7.96500 8.61600 6.57100 2.90900 2.73600 13.96700 15.00400 9.16500 7.03900 9.49100 13.75300
135.00000 -17.02900 -13.87500 3.44800 -15.14700 -15.87900 -6.01200 9.59300 5.59500 4.37400 2.73600 12.99000 13.54000 8.67700 6.06300 8.02600 11.80000
136.00000 -15.56400 -10.94600 0.51900 -16.12300 -13.43800 -4.05900 10.56900 4.13000 4.86200 3.71300 12.01400 12.07500 7.21200 5.57500 7.05000 10.82400
137.00000 -13.12300 -6.55100 0.51900 -15.63500 -10.02000 -2.10600 12.03400 4.13000 5.35100 5.66600 12.50200 11.58700 6.23600 6.06300 7.53800 10.82400
138.00000 -9.21600 -1.66800 4.42500 -14.17000 -6.11400 0.82400 13.01100 5.10700 6.81600 8.10800 12.99000 12.07500 6.72400 7.52800 8.51400 11.80000
139.00000 -4.82200 0.77300 11.26100 -12.21700 -3.18400 3.26500 13.49900 5.59500 8.76900 10.06100 12.99000 12.07500 7.70100 8.50400 9.00300 12.28800
140.00000 -3.35700 -0.20300 14.67900 -11.72900 -2.69600 3.26500 11.54600 4.13000 10.23400 9.08400 11.52500 11.58700 8.67700 8.99300 7.53800 11.31200
141.00000 -4.82200 -4.11000 13.21400 -12.21700 -4.64900 -0.15300 7.15100 0.22400 10.23400 5.66600 7.61900 9.14500 8.67700 7.52800 4.60800 9.84700
142.00000 -9.21600 -8.99300 5.89000 -14.17000 -9.04300 -6.01200 0.31500 -5.14700 8.76900 0.29500 1.27200 5.23900 7.21200 5.08600 0.70200 6.91700
143.00000 -13.12300 -12.89900 -3.38700 -15.63500 -12.95000 -12.36000 -6.03200 -9.05400 5.35100 -5.07600 -4.10000 1.82100 5.74700 2.15700 -2.71600 4.96400
144.00000 -14.58700 -14.36400 -10.22300 -16.12300 -15.87900 -16.75400 -10.42700 -9.54200 2.42100 -8.49400 -7.51700 0.35600 4.28300 0.20300 -3.20400 3.98800
145.00000 -12.63400 -13.38700 -11.68800 -15.63500 -15.87900 -18.21900 -11.40300 -6.61200 0.95600 -8.98200 -7.02900 2.30900 4.77100 0.20300 -1.25100 4.96400
146.00000 -8.72800 -9.96900 -8.27000 -13.68200 -13.92600 -16.26600 -9.45000 -2.21800 1.44400 -8.00600 -2.14600 6.21500 6.72400 2.64500 3.14300 7.89400
147.00000 -3.84500 -6.06300 -2.89900 -11.24100 -10.99700 -11.87100 -5.54400 0.71200 2.90900 -5.07600 4.69000 11.09800 9.16500 6.06300 9.49100 12.28800
148.00000 -0.42700 -1.18000 0.03100 -8.79900 -8.06700 -7.96500 -2.12600 2.66500 4.37400 -2.63500 11.52500 15.00400 11.60700 9.96900 15.83900 17.17100
149.00000 0.54900 2.23800 -0.45800 -6.35800 -6.11400 -5.52400 -0.17300 2.66500 5.83900 0.29500 15.92000 16.95800 12.58300 11.92200 19.74500 20.58900
150.00000 0.54900 4.19100 -2.41100 -4.40500 -5.62500 -5.52400 -0.17300 2.66500 5.35100 1.76000 16.89700 16.46900 12.09500 11.92200 20.72100 21.56600
151.00000 0.54900 4.67900 -3.38700 -2.94000 -4.64900 -6.50000 -0.17300 3.64200 5.35100 2.73600 15.92000 15.00400 9.65400 10.94600 17.79200 19.61300
152.00000 1.03800 3.70300 -1.43400 -1.96300 -4.16100 -6.98900 0.80400 4.61800 4.37400 3.22500 13.96700 13.05100 7.21200 8.50400 13.39700 15.70600
153.00000 2.99100 3.70300 3.93700 -0.98700 -2.69600 -5.52400 3.73300 5.10700 4.86200 3.22500 13.47900 12.07500 5.25900 7.03900 9.49100 12.77700
154.00000 4.94400 3.70300 11.26100 0.47800 -1.23100 -2.59400 8.61600 5.10700 5.83900 3.71300 13.47900 11.58700 4.77100 6.06300 8.02600 11.31200
155.00000 6.89700 5.16800 17.12000 1.94300 -0.25400 0.33600 13.49900 5.10700 8.28000 4.69000 13.96700 11.09800 4.77100 6.55100 8.51400 11.80000
156.00000 7.87400 7.12100 20.53800 3.40800 -0.25400 0.82400 17.40500 5.59500 9.25700 5.66600 13.96700 10.61000 5.25900 7.03900 9.49100 12.77700
157.00000 8.85000 8.09700 20.53800 3.89600 -0.74300 -0.15300 18.87000 7.06000 9.74500 6.15400 12.50200 9.14500 5.25900 7.03900 9.00300 12.28800
158.00000 10.31500 8.58600 17.60900 3.40800 -1.71900 -1.61700 17.40500 8.03600 8.76900 6.15400 9.08400 6.21500 4.28300 5.57500 6.07300 10.82400
159.00000 11.78000 7.60900 13.21400 2.43100 -1.71900 -1.61700 14.47600 7.06000 6.81600 4.69000 4.20100 2.30900 2.81800 3.13300 2.65500 7.89400
160.00000 12.75600 6.63200 8.82000 0.96600 -1.23100 -0.64100 10.56900 4.13000 4.37400 3.22500 -0.19300 -1.59700 0.86500 1.18000 -1.25100 4.96400
161.00000 13.24500 5.65600 4.42500 1.45500 -0.25400 0.82400 5.68600 1.20000 2.90900 1.76000 -3.61100 -4.52700 -0.60000 -0.28500 -3.20400 3.49900
162.00000 12.26800 5.65600 2.47200 3.40800 2.18700 2.28900 1.29200 -0.75300 2.42100 1.76000 -4.58800 -5.99200 -2.06500 0.20300 -3.20400 3.98800
163.00000 11.29200 6.63200 2.96000 6.33700 4.14000 2.28900 -1.14900 0.22400 3.88600 4.20100 -3.12300 -4.52700 -1.08800 1.66800 -2.22800 5.45200
164.00000 10.80300 8.58600 4.91300 8.77900 5.60500 0.33600 -1.14900 3.15300 6.32700 6.64300 0.29500 -1.10900 0.86500 4.11000 0.21400 8.38200
165.00000 10.31500 10.53900 6.86600 8.29100 5.11700 -2.59400 1.29200 5.59500 9.25700 9.08400 5.17800 3.77400 3.79400 6.06300 4.60800 11.80000
166.00000 9.33800 9.56200 7.35500 5.36100 2.18700 -6.01200 5.19800 5.59500 11.21000 8.59600 10.54900 8.65700 7.21200 7.52800 10.46800 15.21800
167.00000 7.38500 5.65600 4.42500 0.47800 -2.20700 -8.94200 7.15100 4.61800 10.72200 6.15400 14.94300 12.07500 10.63000 8.50400 15.83900 17.66000
168.00000 2.50200 0.28500 -1.92300 -3.91600 -7.57900 -11.38300 5.19800 3.15300 9.74500 3.22500 17.87300 14.02800 12.58300 9.48100 18.76800 19.12400
169.00000 -2.38000 -4.11000 -9.24700 -7.82300 -11.48500 -12.36000 0.31500 2.66500 7.30400 0.78300 17.87300 14.51600 13.56000 9.96900 19.25700 19.12400
170.00000 -6.77500 -5.57500 -16.57100 -9.77600 -11.97300 -11.38300 -5.05600 3.15300 5.83900 0.78300 16.40800 14.02800 13.56000 10.94600 17.30300 19.12400
171.00000 -8.24000 -3.13300 -21.45400 -10.75200 -9.53200 -8.94200 -7.98500 3.15300 5.83900 2.24800 13.96700 14.02800 13.56000 12.41000 15.83900 20.10100
172.00000 -8.24000 0.28500 -24.38400 -11.24100 -5.13700 -6.01200 -7.98500 2.17700 6.81600 4.20100 12.01400 14.02800 14.04800 13.38700 17.30300 21.56600
173.00000 -6.77500 1.75000 -25.36000 -11.72900 -1.71900 -4.54700 -6.03200 0.22400 8.76900 5.17800 11.52500 14.02800 15.02500 13.87500 19.74500 23.03100
174.00000 -6.28700 -0.20300 -27.31300 -12.21700 -1.23100 -6.01200 -6.03200 -1.72900 8.76900 4.69000 11.03700 13.05100 15.02500 12.89900 20.72100 23.03100
175.00000 -6.28700 -5.08600 -29.75500 -11.72900 -4.16100 -9.43000 -9.45000 -2.21800 7.79200 3.22500 10.06100 11.09800 13.56000 10.45700 17.79200 20.10100
176.00000 -7.26300 -8.99300 -33.66100 -10.75200 -8.55500 -13.33600 -14.82100 -1.72900 5.35100 2.24800 6.15400 7.68000 11.11900 7.03900 10.46800 15.21800
177.00000 -7.75100 -9.48100 -37.56700 -10.26400 -11.97300 -15.77800 -19.70400 -2.21800 4.37400 1.76000 0.29500 3.77400 8.67700 5.08600 1.67800 10.82400
178.00000 -8.24000 -6.55100 -39.52000 -10.26400 -12.46100 -13.82400 -22.14600 -3.68200 4.37400 2.24800 -5.07600 1.33300 8.18900 5.08600 -4.18100 8.87000
179.00000 -8.24000 -2.15700 -40.00900 -10.75200 -10.02000 -9.43000 -20.19200 -6.12400 5.83900 2.73600 -8.00600 0.84400 9.65400 6.55100 -4.66900 8.87000
180.00000 -8.72800 0.77300 -37.56700 -11.24100 -6.11400 -4.54700 -15.79800 -7.58900 7.30400 3.71300 -7.02900 2.30900 11.11900 8.50400 -1.25100 11.31200
181.00000 -8.72800 -0.69200 -34.63700 -10.26400 -3.18400 -2.59400 -11.89200 -7.10000 8.28000 3.71300 -4.58800 4.26200 12.09500 8.99300 2.65500 12.77700
182.00000 -9.70500 -5.57500 -32.19600 -8.79900 -4.16100 -4.54700 -10.91500 -4.17100 6.81600 2.73600 -2.63500 4.26200 10.63000 7.03900 3.14300 12.28800
183.00000 -10.68100 -10.45700 -30.73100 -7.33400 -7.57900 -9.43000 -11.89200 -1.24100 4.37400 -0.68200 -3.12300 2.79700 7.21200 3.13300 -0.76300 9.84700
184.00000 -12.14600 -12.89900 -29.26600 -7.33400 -11.48500 -13.82400 -12.86800 0.22400 2.42100 -4.58800 -6.05300 -0.62100 3.30600 -1.26100 -6.62200 5.94100
185.00000 -13.61100 -12.89900 -26.33700 -7.82300 -13.92600 -16.26600 -11.89200 -0.26400 1.44400 -8.00600 -8.00600 -2.08500 1.84100 -4.67900 -10.52900 2.52300
186.00000 -14.09900 -10.94600 -21.94200 -9.28800 -14.41400 -16.75400 -7.49700 -1.24100 2.42100 -10.93500 -7.02900 -1.10900 2.33000 -5.65600 -10.52900 1.54600
187.00000 -13.12300 -9.48100 -17.05900 -9.28800 -13.43800 -16.26600 -1.14900 0.22400 3.39800 -11.91200 -3.12300 2.30900 5.25900 -4.67900 -6.62200 3.01100
188.00000 -11.16900 -8.99300 -13.15300 -7.82300 -12.46100 -17.24200 4.22200 3.15300 3.39800 -10.44700 1.76000 6.70400 8.18900 -1.75000 -1.25100 5.94100
189.00000 -9.70500 -9.96900 -11.68800 -5.38100 -12.95000 -18.70700 7.64000 6.57100 2.42100 -8.00600 6.15400 10.61000 11.11900 2.15700 2.65500 10.33500
190.00000 -10.19300 -9.96900 -12.17700 -3.91600 -13.43800 -19.19600 7.64000 7.54800 0.95600 -5.07600 7.13100 12.07500 12.09500 6.06300 4.60800 13.75300
191.00000 -11.65800 -8.99300 -13.64100 -3.91600 -14.41400 -18.21900 5.68600 6.08300 -0.02000 -2.63500 5.66600 11.58700 12.58300 8.50400 4.60800 15.70600
192.00000 -13.12300 -7.52800 -15.10600 -5.38100 -14.90300 -16.75400 3.24500 2.17700 -0.50900 -2.63500 2.73600 10.12200 11.11900 8.50400 4.60800 15.21800
193.00000 -13.61100 -7.52800 -16.57100 -8.31100 -14.90300 -15.77800 0.80400 -1.24100 -0.50900 -5.07600 0.78300 9.14500 8.67700 5.57500 5.09600 12.77700
194.00000 -12.63400 -8.99300 -17.54800 -9.77600 -15.39100 -16.75400 -2.12600 -2.21800 -0.50900 -8.49400 -1.17000 8.16900 5.25900 1.18000 5.09600 8.87000
195.00000 -12.14600 -11.43400 -19.01200 -9.28800 -15.39100 -19.68400 -5.54400 -0.75300 -1.48500 -11.91200 -2.63500 7.19200 2.33000 -3.21500 4.12000 6.42900
196.00000 -13.12300 -12.89900 -21.45400 -6.84600 -15.39100 -21.63700 -8.47400 1.20000 -1.48500 -13.37700 -3.12300 7.19200 1.35300 -4.19100 2.65500 6.42900
197.00000 -15.07600 -11.92200 -22.91900 -3.91600 -14.90300 -21.14900 -9.45000 3.15300 -0.99700 -11.42400 -3.12300 7.68000 3.30600 -1.26100 2.65500 9.35900
198.00000 -16.54100 -9.48100 -23.40700 -2.45200 -13.92600 -18.21900 -8.47400 4.13000 0.95600 -7.02900 -1.65800 9.14500 8.18900 5.08600 4.60800 14.73000
199.00000 -16.54100 -7.52800 -22.91900 -4.40500 -13.92600 -15.28900 -6.03200 4.13000 3.39800 -1.17000 0.78300 11.09800 14.04800 12.41000 8.02600 20.58900
200.00000 -16.05200 -8.01600 -21.45400 -8.79900 -14.41400 -13.33600 -4.56700 3.15300 5.83900 3.71300 3.71300 13.05100 19.41900 18.27000 11.44400 25.47200
201.00000 -16.54100 -10.94600 -22.91900 -14.17000 -14.90300 -12.84800 -5.05600 1.68900 8.28000 6.64300 4.69000 13.05100 21.86100 20.71100 12.90900 27.42500
202.00000 -19.47000 -13.38700 -27.31300 -19.05300 -14.90300 -12.84800 -8.96200 -1.24100 9.74500 7.61900 3.71300 11.09800 21.37200 19.73500 12.42100 26.93700
203.00000 -21.91200 -13.87500 -35.12600 -21.49500 -13.43800 -12.36000 -14.33300 -4.65900 10.72200 7.13100 1.27200 7.68000 18.93100 17.29300 10.46800 24.98400
204.00000 -23.37600 -11.43400 -42.93800 -20.51800 -11.48500 -10.89500 -19.70400 -7.58900 11.21000 5.66600 -2.63500 4.26200 16.49000 13.87500 8.02600 22.54200
205.00000 -21.91200 -8.01600 -47.82100 -18.07700 -9.04300 -8.45300 -22.14600 -8.07700 10.72200 4.20100 -6.05300 1.82100 14.04800 9.96900 5.58500 19.61300
206.00000 -18.49400 -5.57500 -48.30900 -14.17000 -8.06700 -6.50000 -21.65700 -6.61200 9.74500 2.73600 -8.00600 0.35600 12.58300 7.03900 2.65500 16.19500
207.00000 -15.56400 -4.59800 -45.38000 -11.72900 -8.06700 -5.03500 -18.72800 -3.19400 8.28000 1.76000 -8.98200 0.35600 11.60700 4.59800 0.21400 13.26500
208.00000 -15.07600 -4.59800 -42.45000 -9.77600 -9.53200 -4.54700 -14.82100 -0.75300 7.79200 1.76000 -8.98200 1.33300 11.60700 3.62100 -1.25100 11.80000
209.00000 -16.54100 -5.08600 -40.00900 -9.77600 -10.02000 -5.03500 -11.89200 0.22400 7.79200 2.73600 -8.00600 2.30900 13.07200 5.08600 -0.76300 13.26500
210.00000 -18.00500 -5.08600 -39.52000 -10.26400 -10.50800 -5.03500 -10.42700 -0.26400 8.28000 3.71300 -5.07600 5.23900 15.51300 8.01600 3.63200 17.66000
211.00000 -18.00500 -4.59800 -38.05500 -11.24100 -10.50800 -5.52400 -10.42700 -0.26400 9.25700 4.20100 -1.17000 9.14500 19.41900 12.89900 9.97900 23.51900
212.00000 -16.54100 -3.62100 -34.14900 -12.21700 -10.02000 -5.52400 -10.42700 0.71200 9.25700 3.71300 3.71300 13.05100 22.34900 17.29300 16.32700 28.89000
213.00000 -12.63400 -3.13300 -27.80200 -13.19400 -10.50800 -5.52400 -9.93900 2.66500 8.28000 2.73600 7.61900 15.49300 23.32600 20.22300 19.25700 31.82000
214.00000 -8.72800 -3.13300 -20.96600 -12.70500 -10.99700 -5.52400 -6.52100 4.61800 6.81600 1.76000 9.57200 16.46900 22.83700 21.68800 18.76800 32.30800
215.00000 -5.31000 -2.64500 -16.08300 -11.72900 -11.48500 -5.03500 -2.12600 5.10700 5.35100 2.24800 9.57200 15.49300 20.88400 21.68800 16.32700 30.84300
216.00000 -4.33300 -1.66800 -14.13000 -9.77600 -11.97300 -5.03500 2.75700 4.13000 4.37400 3.22500 9.08400 14.51600 18.44300 21.68800 14.37400 29.86700
217.00000 -5.31000 -1.18000 -15.59400 -8.79900 -12.46100 -5.52400 6.66300 2.17700 4.37400 3.71300 9.08400 14.51600 17.46600 21.20000 14.86200 29.86700
218.00000 -7.75100 -2.15700 -18.03600 -8.31100 -11.97300 -6.01200 8.12800 1.20000 4.86200 3.22500 10.06100 15.49300 16.49000 20.22300 16.81500 29.86700
219.00000 -10.68100 -2.64500 -19.50100 -9.28800 -12.46100 -7.96500 7.15100 1.20000 5.35100 1.76000 11.03700 16.95800 15.51300 18.75800 18.76800 29.86700
220.00000 -11.16900 -3.13300 -21.45400 -11.24100 -12.46100 -9.43000 5.68600 2.17700 5.35100 0.29500 12.50200 17.93400 15.02500 16.80500 19.25700 28.89000
221.00000 -9.70500 -3.13300 -22.91900 -12.21700 -12.46100 -9.43000 4.71000 2.66500 5.35100 -0.68200 12.01400 17.93400 14.53700 15.82800 18.28000 26.93700
222.00000 -6.77500 -3.13300 -24.87200 -12.21700 -12.46100 -8.94200 3.73300 1.68900 5.83900 -0.19300 10.54900 16.95800 14.53700 14.85200 15.83900 24.98400
223.00000 -5.79800 -3.13300 -26.82500 -12.70500 -11.97300 -7.96500 2.75700 0.71200 6.32700 1.27200 8.59600 15.98100 15.51300 14.85200 14.37400 24.00700
224.00000 -7.75100 -4.59800 -27.31300 -12.70500 -12.46100 -7.47700 0.80400 0.22400 6.81600 2.24800 7.61900 15.49300 16.97800 14.85200 12.90900 23.51900
225.00000 -11.65800 -7.03900 -25.36000 -12.70500 -14.41400 -9.43000 -1.14900 0.71200 6.32700 1.27200 7.61900 15.49300 17.95500 14.85200 12.90900 23.51900
226.00000 -14.58700 -8.50400 -20.47700 -13.19400 -16.36800 -11.87100 -1.63800 1.68900 5.35100 0.29500 9.08400 16.46900 18.93100 14.36400 12.90900 24.49500
227.00000 -14.09900 -7.52800 -15.10600 -12.21700 -18.32100 -14.80100 0.80400 2.66500 4.37400 -0.68200 11.03700 16.95800 19.41900 14.85200 14.37400 25.47200
228.00000 -9.70500 -5.08600 -11.20000 -10.75200 -17.83200 -15.77800 5.68600 2.66500 4.86200 -0.19300 12.50200 17.93400 19.90800 16.31700 15.35000 27.42500
229.00000 -4.82200 -1.66800 -10.22300 -8.31100 -15.87900 -13.33600 10.56900 1.20000 5.83900 1.76000 12.99000 17.93400 20.88400 17.29300 16.32700 29.37800
230.00000 -1.89200 0.28500 -11.20000 -6.84600 -12.46100 -10.89500 13.01100 0.22400 7.79200 3.71300 12.50200 17.44600 21.37200 17.29300 16.32700 29.37800
231.00000 -2.86900 0.77300 -12.17700 -7.33400 -10.02000 -8.45300 12.03400 -0.26400 9.25700 3.22500 11.03700 16.46900 20.88400 15.82800 13.88500 27.42500
232.00000 -5.79800 -0.69200 -11.68800 -9.77600 -9.53200 -8.45300 9.59300 0.22400 9.74500 0.78300 8.59600 15.00400 18.93100 12.41000 10.95600 24.49500
233.00000 -8.24000 -3.13300 -10.22300 -12.70500 -11.97300 -11.38300 6.66300 1.20000 8.76900 -3.12300 6.15400 13.05100 16.97800 8.50400 8.51400 20.58900
234.00000 -8.72800 -5.57500 -10.71200 -15.14700 -14.90300 -14.80100 4.22200 2.17700 5.83900 -6.54100 2.73600 11.09800 14.53700 5.57500 7.05000 18.14800
235.00000 -7.75100 -7.03900 -14.13000 -15.63500 -17.83200 -16.75400 0.80400 1.68900 2.42100 -8.49400 -1.17000 9.14500 11.60700 3.13300 6.56100 16.19500
236.00000 -7.26300 -8.99300 -21.45400 -13.68200 -18.80900 -16.75400 -4.56700 0.71200 -0.02000 -9.47100 -4.58800 6.70400 9.65400 0.69200 5.09600 14.24200
237.00000 -8.24000 -9.96900 -28.77800 -10.75200 -19.29700 -17.24200 -10.91500 -0.75300 -1.48500 -10.93500 -8.98200 3.77400 6.72400 -2.72600 1.19000 10.33500
238.00000 -10.68100 -11.43400 -33.17300 -8.79900 -20.27400 -18.70700 -15.31000 -2.21800 -2.46200 -12.40000 -12.40000 -0.13200 3.79400 -6.14400 -5.15700 5.94100
239.00000 -12.14600 -11.92200 -32.19600 -7.82300 -20.76200 -22.61400 -16.28600 -2.70600 -2.46200 -14.84200 -14.84200 -3.55000 1.35300 -9.07400 -11.50500 1.05800
240.00000 -11.65800 -11.92200 -27.31300 -7.82300 -21.73900 -27.00800 -12.86800 -2.70600 -2.46200 -15.81800 -14.84200 -5.99200 -0.11200 -10.05000 -14.43500 -0.89500
241.00000 -8.72800 -9.96900 -21.45400 -8.31100 -21.25000 -29.44900 -6.52100 -1.72900 -1.97300 -14.84200 -12.88900 -5.99200 0.37600 -9.07400 -12.97000 1.05800
242.00000 -4.33300 -6.55100 -17.05900 -8.79900 -20.27400 -27.49600 -2.12600 -0.26400 -0.99700 -11.91200 -9.47100 -3.55000 2.33000 -6.14400 -8.08700 4.47600
243.00000 -0.42700 -3.13300 -15.59400 -8.31100 -17.34400 -22.12500 0.31500 1.20000 0.95600 -8.00600 -4.58800 -0.62100 4.77100 -2.23800 -2.71600 8.87000
244.00000 2.01400 0.28500 -14.61800 -8.31100 -14.90300 -16.75400 0.80400 1.68900 2.90900 -5.07600 -0.19300 1.82100 7.70100 1.66800 0.70200 12.28800
245.00000 4.45600 3.21500 -12.17700 -8.79900 -12.46100 -12.36000 1.29200 1.20000 4.37400 -3.12300 3.22500 3.77400 9.16500 5.08600 2.65500 15.21800
246.00000 6.40900 5.65600 -7.78200 -8.31100 -10.99700 -10.89500 3.24500 -0.26400 5.83900 -1.17000 6.15400 4.75100 12.09500 9.48100 5.09600 19.12400
247.00000 8.36200 8.58600 -4.36400 -7.82300 -9.53200 -9.43000 6.17500 -2.21800 6.81600 1.27200 8.10800 6.21500 15.51300 13.87500 9.97900 24.49500
248.00000 8.85000 11.51500 -4.36400 -6.84600 -7.57900 -7.47700 8.12800 -4.17100 8.28000 5.17800 11.03700 8.16900 19.90800 18.27000 16.32700 29.86700
249.00000 5.92000 12.98000 -9.73500 -5.87000 -6.60200 -4.54700 7.64000 -5.14700 9.74500 9.57200 13.47900 10.61000 23.81400 21.20000 22.18600 33.77300
250.00000 0.54900 11.51500 -17.54800 -7.33400 -6.60200 -2.10600 5.19800 -4.65900 11.69800 11.52500 14.94300 12.07500 25.27900 22.66400 24.13900 34.74900
251.00000 -5.79800 7.60900 -24.87200 -9.77600 -8.55500 -3.57100 2.26800 -3.68200 12.18700 10.06100 13.96700 13.05100 25.27900 21.20000 22.18600 32.30800
252.00000 -9.21600 2.23800 -27.80200 -12.70500 -10.50800 -7.96500 -0.17300 -1.72900 11.21000 6.15400 10.54900 12.56300 22.83700 17.78200 18.28000 28.40200
253.00000 -8.24000 -2.15700 -25.84800 -13.68200 -12.46100 -13.82400 -1.14900 0.71200 8.28000 1.27200 7.13100 11.58700 19.41900 13.87500 15.35000 25.96000
254.00000 -3.84500 -4.59800 -21.94200 -11.72900 -13.43800 -17.73100 -1.14900 3.15300 4.37400 -1.65800 4.69000 11.09800 15.51300 10.94600 14.37400 24.98400
255.00000 1.03800 -4.11000 -18.52400 -8.31100 -12.95000 -18.21900 0.31500 4.61800 1.44400 -3.12300 4.69000 11.09800 13.56000 9.48100 14.86200 24.98400
256.00000 2.99100 -2.64500 -16.57100 -5.38100 -12.46100 -15.77800 3.24500 5.10700 0.95600 -2.14600 7.13100 11.58700 12.58300 8.99300 16.32700 24.49500
