1.00000 7.47700 12.87800 -2.59400 1.86200 5.21900 9.17600 -6.52100 -4.08900 -1.99400 0.38700 -8.88100 -6.94800 -6.46000 -4.97400 -5.77800 -7.13100
2.00000 6.50000 11.90200 -4.05900 0.88500 4.24200 9.66400 -7.00900 -4.57800 -1.01700 0.38700 -10.83400 -8.41300 -5.97100 -4.48600 -6.75500 -7.13100
3.00000 4.54700 7.01900 -4.54700 -1.06800 2.28900 7.71100 -6.03200 -4.08900 -0.52900 0.38700 -10.34500 -7.43600 -4.50600 -3.02100 -5.77800 -6.15400
4.00000 2.59400 2.62500 -3.08200 -2.53300 1.31200 4.78100 -4.56700 -3.11300 0.44800 0.38700 -7.41600 -5.97100 -3.04200 -2.04500 -3.33700 -4.69000
5.00000 3.08200 1.64800 -0.15300 -2.04500 2.77700 3.80500 -1.63800 -2.13600 0.93600 0.38700 -3.99800 -3.53000 -2.55300 -2.53300 -1.38300 -3.71300
6.00000 5.52400 4.57800 4.24200 1.37300 6.68300 5.26900 0.80400 -0.67100 2.40100 1.36300 -0.58000 -2.55300 -2.55300 -2.04500 0.08100 -3.22500
7.00000 8.45300 10.43700 9.12500 5.28000 10.59000 9.17600 2.26800 1.28200 3.86600 3.31600 1.37300 -1.57700 -2.06500 -1.55600 1.54600 -2.24800
8.00000 11.87100 15.32000 12.54300 8.69800 13.03100 13.57000 3.73300 1.77000 4.84200 6.24600 2.35000 -1.08800 -0.11200 1.37300 3.49900 0.19300
9.00000 12.84800 17.27300 14.49600 10.65100 12.54300 16.01200 4.71000 2.25800 6.30700 9.66400 4.30300 0.37600 2.81800 5.28000 7.40600 4.10000
10.00000 12.84800 15.32000 14.00800 10.16200 9.61300 16.50000 7.15100 1.77000 6.30700 12.59400 5.76800 2.33000 5.74700 9.18600 11.31200 8.49400
11.00000 11.87100 11.90200 12.54300 8.20900 6.68300 15.03500 9.10400 1.77000 5.81900 13.57000 6.74400 4.28300 8.18900 11.62700 14.24200 11.42400
12.00000 10.89500 7.99600 10.59000 5.76800 3.75400 11.61700 9.59300 2.25800 4.84200 12.10500 6.25600 5.25900 8.18900 11.13900 15.21800 11.91200
13.00000 9.43000 5.55400 8.14800 3.81500 1.80100 8.19900 7.64000 2.25800 3.86600 8.19900 3.81500 5.25900 7.21200 9.18600 14.24200 9.95900
14.00000 6.98900 4.08900 5.21900 2.35000 0.33600 4.78100 4.22200 3.23500 2.40100 4.29300 0.88500 4.28300 5.25900 6.25600 11.80000 7.02900
15.00000 3.57100 3.11300 2.77700 1.37300 -0.64100 2.34000 1.78000 3.72300 1.42400 1.36300 -0.58000 3.30600 3.30600 3.81500 9.35900 4.10000
16.00000 -0.33600 1.64800 0.82400 -0.09200 -2.59400 0.38700 2.26800 4.21100 0.44800 0.38700 0.39700 3.79400 1.84100 2.83800 7.89400 2.14600
17.00000 -2.77700 -0.30500 0.82400 -1.55600 -4.05900 -0.59000 5.68600 5.67600 -1.01700 1.36300 4.30300 5.25900 1.35300 2.35000 8.38200 1.65800
18.00000 -2.28900 -0.30500 3.75400 -1.55600 -4.54700 -0.59000 10.08100 6.65300 -1.99400 2.34000 9.18600 7.70100 0.86500 2.35000 9.84700 2.14600
19.00000 1.61700 1.64800 9.12500 0.39700 -3.57100 1.85100 12.52200 7.62900 -2.48200 3.31600 13.09200 9.16500 0.86500 2.83800 11.80000 3.61100
20.00000 7.47700 6.04200 14.98400 3.81500 -0.64100 6.73400 12.52200 7.62900 -1.99400 4.78100 14.06900 9.65400 0.86500 3.81500 13.26500 4.58800
21.00000 13.82400 10.92500 19.37900 7.72100 3.75400 12.59400 10.08100 6.16500 -0.04100 7.22200 12.60400 7.70100 1.35300 5.76800 13.75300 5.56400
22.00000 18.21900 14.34300 20.35500 9.67400 8.14800 17.47600 8.12800 3.72300 1.91200 10.15200 9.67400 4.77100 2.81800 8.20900 12.28800 6.05300
23.00000 18.21900 15.32000 17.91400 9.18600 10.59000 18.94100 7.64000 1.28200 3.86600 12.10500 6.74400 1.35300 3.30600 9.67400 10.33500 6.05300
24.00000 15.77800 14.83200 12.54300 6.25600 10.59000 17.47600 8.61600 -1.16000 4.35400 13.08200 5.28000 -0.60000 4.28300 10.16200 8.38200 5.56400
25.00000 11.87100 13.36700 7.66000 3.32600 9.12500 14.05800 9.10400 -1.64800 4.84200 12.10500 4.79100 -1.08800 4.28300 10.16200 7.89400 5.56400
26.00000 8.94200 12.87800 4.73000 2.35000 7.66000 12.10500 8.12800 -1.64800 4.35400 10.64000 4.79100 0.37600 4.77100 9.18600 8.87000 6.05300
27.00000 8.94200 13.85500 5.70700 3.32600 7.17200 12.59400 5.19800 -0.67100 4.35400 10.15200 4.30300 1.35300 5.25900 9.18600 10.33500 6.54100
28.00000 10.89500 14.83200 9.12500 5.76800 8.14800 14.05800 1.78000 -0.18300 4.84200 10.15200 2.83800 0.37600 4.77100 8.20900 10.82400 6.05300
29.00000 12.84800 14.83200 12.54300 8.20900 10.10100 15.03500 -1.14900 -0.67100 4.84200 10.64000 -0.58000 -2.06500 3.79400 7.23300 8.38200 4.10000
30.00000 13.33600 13.36700 12.54300 9.18600 11.56600 14.54700 -2.61400 -1.64800 4.84200 9.66400 -4.97400 -5.97100 1.35300 4.30300 3.01100 0.19300
31.00000 12.36000 11.41400 10.10100 8.69800 11.56600 11.61700 -2.61400 -2.62500 4.35400 7.22200 -8.39200 -9.38900 -1.08800 1.37300 -2.84800 -3.71300
32.00000 11.38300 9.94900 6.19500 6.25600 10.10100 8.68700 -1.14900 -3.11300 3.37700 4.29300 -9.36900 -10.85400 -3.53000 -1.55600 -6.26600 -7.13100
33.00000 10.89500 9.94900 3.75400 4.79100 7.17200 6.24600 0.80400 -3.11300 1.42400 0.87500 -7.41600 -9.38900 -4.50600 -3.51000 -5.77800 -7.61900
34.00000 10.89500 9.94900 4.24200 4.30300 4.24200 4.29300 2.75700 -2.13600 -0.52900 -1.07800 -4.97400 -6.94800 -4.50600 -4.48600 -3.82500 -7.61900
35.00000 10.40600 8.48400 6.19500 4.79100 2.28900 2.82800 2.26800 -1.16000 -1.99400 -1.56700 -3.51000 -5.48300 -5.48300 -5.46300 -2.84800 -7.13100
36.00000 8.45300 5.06600 7.66000 4.79100 1.31200 0.87500 -0.66100 -1.16000 -2.97000 -2.54300 -4.97400 -5.97100 -5.97100 -6.43900 -4.31300 -8.59600
37.00000 5.52400 1.16000 7.17200 3.81500 2.28900 -0.10200 -5.54400 -1.64800 -2.48200 -3.52000 -9.36900 -8.90100 -7.43600 -8.88100 -8.21900 -11.03700
38.00000 2.59400 -0.79300 4.73000 2.83800 2.77700 0.87500 -9.93900 -2.62500 -1.01700 -3.52000 -13.76300 -12.31900 -8.90100 -11.32200 -11.63700 -12.99000
39.00000 1.61700 0.18300 2.28900 1.37300 2.28900 2.82800 -10.42700 -2.62500 -0.04100 -3.03100 -15.71700 -13.29500 -9.38900 -11.81000 -12.61400 -13.96700
40.00000 3.57100 4.08900 2.28900 1.37300 1.80100 4.78100 -6.52100 -1.16000 -0.52900 -1.56700 -13.76300 -11.34200 -8.90100 -11.32200 -10.66100 -12.50200
41.00000 6.98900 8.97200 4.73000 2.83800 1.31200 6.73400 0.31500 0.79300 -1.99400 -0.10200 -9.85700 -8.90100 -8.41300 -9.36900 -7.24300 -10.54900
42.00000 9.43000 11.90200 7.66000 4.79100 1.80100 6.73400 5.68600 1.77000 -3.45900 -0.10200 -7.90400 -7.43600 -8.41300 -7.90400 -5.29000 -9.57200
43.00000 9.91800 11.90200 9.12500 6.74400 3.26500 5.75800 5.68600 1.28200 -4.43500 -1.56700 -9.85700 -8.90100 -9.38900 -7.90400 -6.75500 -10.54900
44.00000 8.94200 9.46000 8.14800 6.74400 5.70700 5.75800 1.78000 -0.67100 -4.92400 -3.03100 -14.25200 -11.83100 -10.85400 -9.85700 -9.68400 -12.50200
45.00000 7.96500 7.50700 6.68300 6.25600 7.17200 6.24600 -4.07900 -2.13600 -3.94700 -3.03100 -17.67000 -13.78400 -11.34200 -10.83400 -11.63700 -13.96700
46.00000 7.96500 6.53100 6.19500 5.76800 6.68300 7.71100 -7.49700 -2.13600 -2.97000 -0.59000 -15.71700 -12.80700 -9.87800 -8.88100 -9.68400 -12.01400
47.00000 9.43000 7.01900 6.68300 5.28000 4.24200 8.19900 -6.52100 -1.16000 -1.99400 3.80500 -10.34500 -9.38900 -6.94800 -5.46300 -5.29000 -8.10800
48.00000 10.89500 7.99600 7.17200 5.28000 2.28900 8.19900 -3.59100 -0.18300 -0.52900 6.73400 -3.99800 -5.48300 -3.53000 -0.58000 0.57000 -3.22500
49.00000 10.89500 8.97200 5.70700 5.76800 2.77700 7.22200 -2.12600 -1.16000 0.44800 7.22200 -1.06800 -4.01800 -1.08800 1.86200 3.49900 -0.78300
50.00000 9.91800 10.43700 3.75400 6.74400 6.19500 6.73400 -3.59100 -3.60100 1.91200 6.24600 -3.02100 -5.48300 -0.60000 1.86200 2.52300 -0.78300
51.00000 9.91800 11.90200 2.77700 7.23300 10.59000 8.68700 -5.54400 -6.53100 2.88900 4.29300 -6.92700 -7.92400 -1.57700 -0.09200 0.57000 -2.73600
52.00000 11.87100 14.34300 4.24200 8.69800 14.00800 12.10500 -6.03200 -7.01900 3.86600 4.29300 -8.88100 -8.90100 -2.06500 -1.06800 -0.89500 -4.20100
53.00000 13.82400 14.83200 8.14800 8.69800 14.00800 14.05800 -2.61400 -5.06600 4.35400 5.75800 -5.95100 -6.94800 -1.08800 -0.09200 0.08100 -2.73600
54.00000 13.82400 12.39000 11.07800 7.23300 10.59000 13.57000 1.78000 -2.13600 4.35400 7.22200 -1.06800 -4.01800 0.86500 2.35000 2.03500 -0.78300
55.00000 9.91800 7.50700 9.12500 4.79100 6.19500 9.66400 4.22200 0.30500 3.37700 6.24600 1.86200 -1.57700 1.84100 3.32600 3.01100 0.19300
56.00000 3.57100 1.64800 3.75400 2.83800 2.28900 3.31600 2.26800 1.28200 1.91200 3.31600 -0.09200 -2.55300 0.86500 1.37300 1.54600 -1.27200
57.00000 -2.28900 -1.77000 -2.10600 1.86200 0.33600 -2.05500 -3.10300 0.30500 0.93600 -1.07800 -6.43900 -5.48300 -1.57700 -3.02100 -2.36000 -6.15400
58.00000 -3.75400 -1.77000 -5.03500 1.86200 0.82400 -4.49600 -8.47400 -1.64800 0.44800 -4.00800 -13.76300 -9.38900 -4.01800 -7.41600 -6.75500 -10.54900
59.00000 -0.33600 1.16000 -2.59400 2.83800 2.28900 -3.52000 -9.45000 -2.13600 0.93600 -4.49600 -16.69300 -10.36600 -4.50600 -8.88100 -8.70800 -12.50200
60.00000 4.54700 3.60100 1.31200 2.83800 2.77700 -1.07800 -6.52100 -2.13600 1.91200 -2.05500 -13.76300 -9.38900 -3.04200 -6.92700 -7.73100 -11.52500
61.00000 6.50000 4.08900 3.26500 1.37300 3.26500 1.85100 -1.63800 -1.16000 2.88900 0.87500 -7.90400 -6.94800 -1.08800 -3.51000 -5.29000 -8.10800
62.00000 4.54700 1.64800 2.28900 -0.58000 2.77700 4.29300 0.31500 -1.16000 3.37700 2.82800 -3.99800 -4.99500 0.37600 -0.58000 -3.33700 -5.17800
63.00000 0.64100 -1.77000 -0.64100 -1.55600 2.77700 4.78100 -1.14900 -1.64800 2.88900 2.82800 -4.48600 -5.48300 -0.11200 -0.09200 -2.36000 -3.71300
64.00000 -2.28900 -3.23500 -2.10600 -1.06800 2.28900 3.80500 -3.59100 -2.13600 1.42400 1.85100 -7.41600 -6.46000 -1.08800 -1.06800 -1.87200 -3.71300
65.00000 -0.82400 -1.28200 0.33600 1.37300 3.26500 3.31600 -4.07900 -1.64800 0.44800 1.85100 -10.34500 -7.43600 -2.06500 -1.55600 -1.38300 -3.71300
66.00000 3.57100 3.60100 5.21900 3.81500 4.24200 4.78100 -1.14900 -0.18300 -0.52900 4.29300 -9.36900 -6.46000 -1.57700 -0.58000 0.08100 -2.24800
67.00000 8.94200 9.46000 10.10100 5.28000 5.70700 8.19900 2.75700 1.28200 0.93600 7.22200 -4.48600 -4.01800 -0.11200 2.35000 2.03500 -0.29500
68.00000 11.87100 14.34300 11.56600 5.28000 8.14800 13.08200 4.71000 2.25800 3.37700 10.15200 1.37300 -2.06500 1.35300 5.28000 2.52300 1.17000
69.00000 11.38300 16.78500 9.12500 4.30300 10.59000 17.96500 3.24500 0.30500 5.81900 12.10500 3.32600 -2.55300 1.35300 6.74400 2.03500 0.68200
70.00000 9.91800 16.78500 5.21900 4.30300 12.54300 20.40600 -0.17300 -2.13600 7.28400 12.10500 0.88500 -5.48300 0.37600 6.25600 -0.40700 -0.78300
71.00000 7.96500 15.32000 1.80100 4.30300 13.51900 18.94100 -3.10300 -4.57800 7.77200 11.12900 -4.97400 -8.41300 -0.60000 4.79100 -2.36000 -2.73600
72.00000 6.98900 11.90200 -0.15300 4.79100 12.54300 15.03500 -3.59100 -6.04200 7.28400 9.66400 -10.83400 -10.85400 -1.57700 3.32600 -3.33700 -4.20100
73.00000 6.01200 7.50700 -1.61700 3.81500 10.59000 11.12900 -3.10300 -6.53100 6.30700 8.19900 -13.27500 -10.85400 -1.57700 2.35000 -2.84800 -4.20100
74.00000 4.05900 4.08900 -2.10600 1.86200 8.63600 8.19900 -3.59100 -6.53100 5.81900 6.73400 -11.81000 -9.87800 -1.08800 1.37300 -2.84800 -4.20100
75.00000 1.61700 1.16000 -3.08200 -0.58000 6.68300 7.71100 -5.05600 -5.55400 4.84200 5.26900 -8.88100 -8.41300 -1.08800 0.39700 -3.33700 -4.69000
76.00000 -1.31200 0.18300 -3.57100 -2.53300 4.73000 6.73400 -7.00900 -4.57800 3.86600 2.82800 -5.95100 -7.43600 -2.06500 -1.55600 -5.29000 -6.64300
77.00000 -3.26500 -0.30500 -3.57100 -3.51000 2.77700 5.75800 -7.00900 -3.60100 2.40100 0.87500 -5.46300 -7.43600 -3.53000 -3.51000 -7.24300 -8.59600
78.00000 -4.24200 -0.79300 -2.59400 -3.51000 1.31200 4.78100 -4.56700 -2.62500 0.93600 -0.10200 -5.95100 -6.94800 -4.50600 -3.99800 -7.73100 -9.57200
79.00000 -4.24200 -1.28200 -1.61700 -3.51000 -0.15300 3.80500 -1.14900 -1.16000 0.93600 0.87500 -5.95100 -5.97100 -3.53000 -3.02100 -6.26600 -8.59600
80.00000 -3.26500 -1.28200 -0.64100 -3.99800 -0.64100 4.29300 0.80400 -0.18300 1.42400 3.80500 -3.99800 -4.01800 -1.57700 -0.58000 -3.33700 -5.66600
81.00000 -1.31200 -0.79300 0.82400 -3.99800 -0.15300 5.75800 0.80400 0.30500 1.91200 6.73400 -1.06800 -1.57700 0.86500 2.35000 0.08100 -2.24800
82.00000 2.10600 0.67100 1.80100 -3.51000 0.82400 7.22200 -0.17300 0.30500 2.40100 8.68700 0.88500 -0.11200 1.84100 3.81500 2.03500 -0.29500
83.00000 4.54700 2.62500 3.75400 -1.55600 1.31200 7.71100 -0.17300 0.79300 1.91200 8.19900 1.37300 0.37600 1.84100 4.30300 2.52300 -0.29500
84.00000 5.52400 4.08900 5.70700 0.39700 1.31200 8.68700 1.29200 0.79300 0.44800 6.24600 -1.06800 -1.08800 0.86500 3.32600 1.54600 -0.78300
85.00000 4.54700 4.57800 6.68300 1.86200 2.28900 9.66400 2.75700 0.30500 -0.04100 4.29300 -3.51000 -2.55300 -0.11200 2.35000 0.57000 -1.76000
86.00000 3.08200 6.04200 7.17200 2.83800 4.24200 11.12900 3.73300 0.30500 0.44800 4.29300 -4.48600 -3.04200 -0.11200 2.35000 1.05800 -1.27200
87.00000 2.59400 7.50700 5.21900 2.35000 6.68300 13.08200 2.75700 -0.18300 1.42400 5.75800 -3.51000 -2.06500 0.86500 3.32600 2.03500 -0.29500
88.00000 3.08200 8.97200 2.28900 1.86200 9.12500 14.54700 0.80400 -0.67100 3.37700 8.19900 -1.55600 -1.08800 2.33000 4.79100 4.47600 1.17000
89.00000 4.54700 9.46000 -0.64100 1.86200 10.10100 14.54700 -1.14900 -1.64800 4.35400 9.66400 0.39700 -0.60000 2.81800 5.28000 5.45200 1.65800
90.00000 5.03500 8.97200 -2.59400 2.35000 10.10100 13.57000 -2.61400 -2.62500 4.84200 8.68700 -0.09200 -1.57700 2.33000 4.30300 4.47600 0.19300
91.00000 5.03500 7.01900 -2.59400 2.35000 9.12500 11.61700 -4.56700 -3.60100 5.33000 5.75800 -2.53300 -4.01800 0.86500 1.37300 1.54600 -2.24800
92.00000 4.54700 5.55400 -1.12900 2.35000 9.12500 10.15200 -7.00900 -5.06600 5.33000 2.34000 -6.43900 -6.94800 -1.08800 -2.53300 -2.84800 -6.15400
93.00000 4.05900 3.60100 0.82400 1.86200 9.61300 9.17600 -9.45000 -5.55400 5.33000 -0.10200 -9.36900 -8.90100 -2.55300 -5.46300 -7.24300 -9.57200
94.00000 3.57100 4.08900 1.31200 2.35000 10.59000 8.68700 -9.93900 -5.55400 4.84200 -0.59000 -10.34500 -8.90100 -3.53000 -6.43900 -9.19600 -11.52500
95.00000 3.08200 5.06600 -0.15300 3.32600 11.07800 8.19900 -8.47400 -4.57800 4.35400 0.87500 -9.36900 -7.43600 -3.53000 -5.95100 -9.19600 -11.52500
96.00000 2.10600 5.55400 -1.61700 4.30300 10.10100 8.19900 -4.56700 -3.11300 4.35400 2.82800 -6.92700 -5.48300 -2.06500 -3.51000 -6.75500 -9.57200
97.00000 1.61700 5.55400 -1.61700 5.28000 9.12500 8.19900 -2.12600 -2.13600 3.86600 4.29300 -6.43900 -3.53000 -0.60000 -0.58000 -3.33700 -6.64300
98.00000 2.59400 5.55400 0.82400 5.28000 7.66000 8.19900 -1.63800 -2.13600 3.37700 4.29300 -6.92700 -3.53000 -0.11200 0.39700 -1.87200 -5.66600
99.00000 5.03500 6.53100 3.75400 5.28000 7.66000 8.19900 -3.59100 -2.62500 3.37700 3.31600 -7.90400 -4.99500 -0.60000 -0.58000 -1.87200 -6.64300
100.00000 8.45300 7.50700 5.70700 4.79100 8.63600 9.17600 -7.00900 -3.60100 3.37700 1.36300 -8.88100 -6.46000 -2.55300 -3.51000 -4.80100 -9.57200
101.00000 10.89500 9.46000 4.73000 4.79100 10.59000 11.12900 -7.98500 -4.08900 3.37700 0.38700 -8.88100 -7.92400 -4.50600 -5.95100 -7.24300 -12.50200
102.00000 11.38300 10.43700 1.80100 5.28000 12.05400 12.59400 -7.00900 -4.08900 2.40100 -0.10200 -7.90400 -7.92400 -5.48300 -7.41600 -7.73100 -13.96700
103.00000 10.40600 10.92500 -0.15300 5.28000 12.05400 13.08200 -4.07900 -3.11300 1.91200 0.87500 -5.95100 -6.46000 -5.48300 -6.43900 -5.77800 -12.50200
104.00000 8.94200 11.41400 -0.15300 4.79100 10.59000 12.59400 -2.12600 -2.13600 0.93600 2.34000 -4.48600 -4.50600 -3.53000 -3.51000 -2.84800 -9.57200
105.00000 6.98900 9.94900 1.80100 3.81500 8.63600 11.61700 -2.12600 -1.16000 0.93600 4.78100 -3.51000 -2.06500 -1.08800 -0.09200 0.08100 -6.15400
106.00000 5.03500 8.48400 3.75400 2.35000 6.68300 11.12900 -3.59100 -1.16000 1.91200 7.22200 -3.02100 -1.08800 1.35300 2.35000 2.03500 -3.71300
107.00000 2.59400 6.04200 3.75400 0.39700 5.21900 11.12900 -4.56700 -1.64800 3.37700 8.68700 -3.51000 -0.60000 2.81800 3.81500 2.52300 -2.73600
108.00000 0.15300 4.08900 1.31200 -0.09200 4.73000 11.61700 -4.07900 -2.13600 5.33000 9.17600 -3.51000 -1.08800 3.79400 3.81500 2.03500 -3.71300
109.00000 -0.82400 3.11300 -2.10600 -0.09200 6.19500 12.59400 -2.12600 -3.11300 6.30700 8.68700 -4.48600 -2.06500 2.81800 2.35000 -0.40700 -6.15400
110.00000 0.15300 4.08900 -3.08200 -0.09200 8.14800 12.59400 -1.63800 -3.60100 7.28400 7.71100 -6.43900 -4.50600 1.35300 0.39700 -3.82500 -8.59600
111.00000 3.57100 6.53100 -2.59400 0.39700 10.10100 13.08200 -3.10300 -4.57800 7.28400 7.22200 -8.39200 -6.94800 -0.60000 -2.53300 -7.24300 -12.01400
112.00000 6.01200 8.97200 -1.12900 0.39700 11.07800 14.05800 -7.00900 -5.06600 7.28400 6.24600 -10.34500 -8.41300 -2.06500 -3.99800 -10.66100 -13.96700
113.00000 6.50000 9.94900 -1.61700 -0.58000 10.59000 14.05800 -11.40300 -5.55400 6.79500 6.24600 -11.32200 -9.38900 -2.55300 -4.48600 -11.63700 -14.45500
114.00000 4.54700 8.48400 -4.05900 -2.53300 8.14800 12.10500 -13.35700 -5.55400 5.81900 6.24600 -12.29900 -8.41300 -2.06500 -3.99800 -11.14900 -13.47900
115.00000 1.61700 6.04200 -6.50000 -4.48600 4.73000 9.17600 -11.89200 -5.06600 4.84200 5.75800 -12.29900 -7.43600 -1.57700 -3.51000 -8.70800 -11.52500
116.00000 0.15300 3.60100 -6.01200 -5.46300 2.28900 4.78100 -8.96200 -4.57800 3.37700 4.29300 -12.78700 -6.46000 -1.57700 -3.51000 -6.75500 -10.54900
117.00000 1.12900 2.13600 -3.08200 -4.97400 1.31200 2.82800 -6.52100 -4.08900 2.40100 1.85100 -13.27500 -6.46000 -2.55300 -4.48600 -6.26600 -11.03700
118.00000 3.57100 2.13600 0.82400 -3.02100 1.80100 3.80500 -6.03200 -4.08900 1.91200 0.38700 -14.25200 -7.43600 -4.01800 -6.43900 -6.75500 -12.50200
119.00000 5.03500 3.11300 2.77700 -0.58000 3.26500 7.22200 -7.00900 -4.08900 1.42400 -0.59000 -14.74000 -8.41300 -5.48300 -7.41600 -8.70800 -13.47900
120.00000 5.03500 4.57800 1.80100 0.88500 4.73000 11.12900 -7.98500 -4.57800 0.93600 0.38700 -14.25200 -9.38900 -5.97100 -7.41600 -9.68400 -13.47900
121.00000 3.57100 6.04200 -0.64100 1.37300 5.70700 13.08200 -7.49700 -5.06600 0.44800 1.85100 -12.78700 -9.38900 -4.99500 -5.46300 -9.19600 -11.52500
122.00000 3.08200 7.50700 -0.64100 1.37300 5.70700 12.10500 -5.54400 -5.06600 0.44800 3.80500 -10.34500 -7.92400 -3.04200 -3.02100 -7.73100 -8.59600
123.00000 5.03500 8.97200 2.28900 1.37300 5.70700 10.15200 -3.10300 -5.06600 -0.04100 4.78100 -8.39200 -5.97100 -1.57700 -0.58000 -5.29000 -6.15400
124.00000 8.45300 10.92500 7.66000 2.35000 6.68300 8.68700 -1.14900 -4.08900 -0.04100 4.78100 -5.95100 -4.01800 -0.60000 -0.09200 -3.33700 -4.69000
125.00000 12.36000 12.39000 11.07800 3.81500 7.17200 9.17600 -0.66100 -2.62500 -0.04100 4.78100 -3.99800 -3.53000 -1.08800 -0.09200 -2.36000 -4.69000
126.00000 14.31300 12.87800 10.59000 5.28000 8.14800 10.64000 -0.17300 -1.64800 0.44800 4.78100 -3.02100 -3.04200 -1.57700 -0.58000 -1.87200 -4.69000
127.00000 14.31300 11.90200 7.17200 5.76800 8.63600 13.08200 -0.17300 -1.16000 1.42400 4.78100 -1.55600 -3.04200 -1.57700 -0.58000 -1.87200 -4.69000
128.00000 12.84800 10.92500 3.26500 5.28000 9.12500 14.54700 0.31500 -1.16000 2.40100 5.26900 -1.06800 -3.04200 -1.57700 0.39700 -1.87200 -4.20100
129.00000 10.89500 11.41400 2.28900 4.79100 10.10100 15.52300 -0.17300 -2.13600 3.37700 5.75800 -1.55600 -3.53000 -1.08800 0.88500 -2.36000 -3.71300
130.00000 9.91800 12.39000 4.24200 5.28000 11.07800 15.52300 -1.63800 -3.11300 4.84200 6.24600 -3.51000 -4.50600 -0.60000 0.88500 -3.33700 -3.71300
131.00000 9.91800 13.36700 7.17200 6.25600 12.54300 16.01200 -2.61400 -3.60100 5.33000 7.22200 -6.43900 -5.97100 -0.60000 -0.09200 -3.82500 -4.69000
132.00000 10.89500 13.85500 8.63600 7.23300 13.51900 16.01200 -2.61400 -4.08900 5.33000 7.22200 -8.39200 -5.97100 -0.60000 -1.06800 -2.84800 -4.69000
133.00000 10.89500 13.36700 8.63600 7.23300 13.03100 14.54700 -0.66100 -3.60100 5.33000 6.73400 -7.41600 -5.48300 -0.11200 -1.55600 -0.40700 -3.71300
134.00000 10.89500 11.41400 7.66000 5.76800 11.56600 12.10500 2.26800 -3.11300 4.35400 5.26900 -3.51000 -3.53000 0.37600 -1.06800 2.52300 -1.76000
135.00000 9.91800 9.94900 6.19500 3.32600 9.61300 9.66400 3.73300 -2.62500 3.86600 3.80500 2.35000 -1.08800 1.35300 -0.09200 6.42900 0.68200
136.00000 8.94200 9.46000 4.73000 1.86200 8.63600 7.71100 3.24500 -2.13600 3.37700 2.82800 5.76800 0.37600 1.35300 1.37300 8.38200 2.63500
137.00000 8.94200 10.43700 3.75400 1.86200 8.14800 7.71100 0.31500 -2.62500 3.37700 3.31600 5.28000 0.37600 1.35300 2.35000 7.40600 3.61100
138.00000 10.40600 12.39000 2.77700 3.32600 8.63600 10.64000 -2.61400 -2.62500 3.37700 6.24600 1.37300 -1.08800 1.35300 2.83800 4.47600 2.14600
139.00000 11.38300 13.85500 2.77700 5.28000 9.12500 14.54700 -4.07900 -2.62500 3.37700 9.17600 -3.51000 -3.53000 0.86500 3.32600 0.57000 0.19300
140.00000 10.89500 13.36700 3.26500 6.74400 8.63600 17.96500 -2.61400 -2.62500 3.37700 11.61700 -6.43900 -4.50600 0.86500 3.81500 -2.36000 -1.27200
141.00000 9.91800 11.90200 6.19500 6.25600 7.66000 18.45300 1.29200 -1.16000 3.86600 11.61700 -4.97400 -3.53000 1.35300 3.81500 -3.33700 -1.76000
142.00000 7.96500 9.46000 9.12500 4.79100 6.19500 16.98800 5.19800 -0.18300 3.37700 10.15200 0.39700 -0.60000 2.33000 3.81500 -1.87200 -0.78300
143.00000 6.98900 7.99600 11.56600 2.83800 4.73000 14.05800 7.15100 1.28200 3.37700 8.19900 5.76800 1.84100 2.81800 3.81500 1.05800 1.17000
144.00000 7.47700 7.50700 13.03100 1.86200 4.24200 11.12900 6.66300 1.77000 2.88900 6.73400 8.20900 3.79400 3.79400 4.30300 3.49900 2.63500
145.00000 8.45300 7.99600 12.54300 1.37300 4.24200 10.15200 4.71000 1.77000 2.88900 7.22200 6.74400 3.79400 4.77100 5.28000 5.45200 4.10000
146.00000 8.45300 8.48400 10.10100 1.86200 4.24200 10.64000 3.73300 1.28200 3.37700 8.68700 2.83800 2.33000 5.25900 6.25600 5.45200 4.10000
147.00000 6.50000 6.53100 6.68300 0.88500 4.24200 11.12900 3.24500 0.30500 2.88900 9.17600 -1.06800 -0.11200 3.79400 6.25600 3.98800 3.61100
148.00000 2.59400 3.60100 2.77700 -0.09200 3.26500 11.12900 3.73300 -0.67100 2.40100 8.19900 -3.99800 -1.57700 1.35300 3.81500 0.57000 0.68200
149.00000 -0.33600 1.64800 0.33600 -1.55600 2.28900 9.66400 3.24500 -1.16000 1.42400 5.26900 -4.97400 -3.53000 -1.08800 -0.09200 -3.33700 -3.22500
150.00000 -1.31200 0.67100 0.82400 -2.04500 2.28900 8.19900 1.78000 -1.64800 0.93600 1.85100 -5.95100 -5.48300 -4.01800 -3.99800 -6.75500 -7.13100
151.00000 0.15300 1.64800 2.77700 -0.58000 3.26500 7.71100 -1.14900 -2.13600 1.42400 -0.10200 -7.90400 -6.94800 -5.97100 -6.92700 -9.68400 -10.06100
152.00000 2.10600 4.08900 4.73000 0.88500 4.73000 8.68700 -4.07900 -2.13600 2.40100 -0.10200 -9.85700 -7.92400 -5.97100 -7.41600 -10.66100 -11.03700
153.00000 3.57100 5.06600 5.21900 1.86200 5.70700 10.15200 -4.56700 -2.62500 3.37700 1.85100 -10.83400 -8.41300 -4.01800 -6.43900 -10.66100 -10.54900
154.00000 1.61700 3.60100 3.26500 0.88500 5.70700 10.64000 -4.56700 -3.11300 4.35400 3.31600 -10.83400 -7.92400 -2.55300 -4.97400 -10.17300 -10.06100
155.00000 -1.80100 -0.30500 -0.15300 -1.06800 4.24200 8.19900 -4.56700 -3.11300 3.86600 3.31600 -9.36900 -7.43600 -1.57700 -4.48600 -10.66100 -10.06100
156.00000 -4.73000 -5.18800 -4.54700 -3.99800 1.31200 3.31600 -6.03200 -3.60100 2.88900 0.38700 -7.41600 -6.94800 -2.55300 -6.43900 -11.63700 -11.52500
157.00000 -6.68300 -8.60600 -6.98900 -4.48600 -1.12900 -2.54300 -7.98500 -3.60100 0.93600 -3.03100 -6.43900 -6.94800 -4.01800 -9.36900 -13.10200 -13.96700
158.00000 -7.66000 -10.55900 -7.47700 -4.48600 -3.08200 -7.91400 -9.93900 -3.60100 -0.52900 -6.93800 -7.41600 -7.43600 -5.97100 -11.81000 -14.07900 -15.43200
159.00000 -7.17200 -10.07100 -6.50000 -3.99800 -4.05900 -9.86700 -10.42700 -3.60100 -1.50600 -8.89100 -8.88100 -7.92400 -6.94800 -12.78700 -14.07900 -15.43200
160.00000 -7.17200 -8.60600 -5.03500 -3.51000 -3.57100 -8.40300 -9.45000 -3.60100 -1.01700 -8.89100 -10.83400 -8.41300 -6.94800 -11.81000 -13.59000 -14.45500
161.00000 -6.68300 -6.65300 -4.05900 -4.48600 -2.10600 -4.49600 -8.47400 -4.57800 -0.04100 -7.91400 -12.29900 -8.41300 -5.97100 -10.34500 -13.10200 -12.99000
162.00000 -6.19500 -4.70000 -4.54700 -5.46300 0.33600 -0.59000 -7.49700 -5.55400 0.44800 -5.96100 -13.27500 -8.41300 -5.97100 -9.36900 -13.10200 -12.50200
163.00000 -4.73000 -2.25800 -5.03500 -5.95100 2.28900 2.82800 -7.49700 -5.55400 0.44800 -4.49600 -12.29900 -8.41300 -5.97100 -8.88100 -12.12600 -12.01400
164.00000 -2.77700 0.18300 -5.03500 -4.97400 3.75400 3.80500 -6.52100 -5.55400 -0.52900 -3.03100 -11.32200 -7.92400 -5.97100 -8.39200 -10.66100 -11.03700
165.00000 -1.31200 1.16000 -4.05900 -3.02100 3.75400 3.31600 -5.05600 -4.08900 -1.50600 -1.56700 -8.88100 -6.94800 -5.48300 -7.41600 -7.73100 -8.59600
166.00000 -0.33600 0.67100 -1.61700 -0.58000 2.28900 1.36300 -3.10300 -2.62500 -1.99400 -0.59000 -6.43900 -5.48300 -4.50600 -5.46300 -4.80100 -6.15400
167.00000 -0.33600 -0.79300 0.82400 0.88500 1.31200 -0.10200 -2.12600 -1.64800 -1.99400 0.38700 -4.97400 -4.50600 -2.55300 -3.02100 -3.33700 -3.71300
168.00000 -1.31200 -2.74700 1.80100 0.88500 0.33600 -0.10200 -2.12600 -1.16000 -1.01700 0.38700 -3.99800 -4.01800 -1.57700 -1.55600 -3.33700 -3.71300
169.00000 -2.77700 -3.72300 -0.15300 -0.58000 1.31200 0.38700 -4.56700 -2.13600 -0.04100 -0.59000 -4.48600 -4.99500 -1.57700 -2.04500 -5.29000 -5.17800
170.00000 -5.21900 -4.70000 -4.05900 -3.02100 3.26500 1.36300 -8.47400 -3.60100 0.93600 -1.07800 -5.95100 -6.46000 -2.55300 -3.99800 -7.73100 -7.61900
171.00000 -8.14800 -5.67600 -8.94200 -5.95100 4.24200 1.36300 -11.89200 -5.55400 0.93600 -2.05500 -8.39200 -8.41300 -4.01800 -6.92700 -10.66100 -10.54900
172.00000 -11.07800 -6.65300 -12.84800 -7.90400 3.75400 -0.59000 -13.35700 -7.01900 0.44800 -3.03100 -12.29900 -9.87800 -5.48300 -10.34500 -12.61400 -12.50200
173.00000 -13.51900 -9.09400 -14.80100 -9.36900 1.31200 -4.00800 -13.35700 -8.48400 -1.01700 -4.98500 -16.20500 -11.34200 -7.43600 -12.78700 -15.05500 -14.94300
174.00000 -14.98400 -10.55900 -14.80100 -9.36900 -1.61700 -7.42600 -12.86800 -8.48400 -1.99400 -6.93800 -19.62300 -12.31900 -8.41300 -13.76300 -17.49700 -16.89700
175.00000 -14.49600 -11.53600 -13.33600 -8.39200 -3.57100 -8.89100 -11.89200 -7.99600 -2.48200 -8.40300 -20.11100 -12.80700 -8.90100 -14.25200 -18.47300 -17.87300
176.00000 -13.51900 -11.04700 -11.87100 -6.92700 -3.08200 -7.91400 -11.40300 -7.01900 -2.48200 -8.89100 -17.67000 -11.83100 -8.41300 -13.27500 -17.98500 -16.89700
177.00000 -12.05400 -10.55900 -11.38300 -4.97400 -1.61700 -6.44900 -10.42700 -5.55400 -1.50600 -7.42600 -12.29900 -9.38900 -6.46000 -10.83400 -14.56700 -13.96700
178.00000 -10.59000 -10.07100 -10.89500 -4.48600 -0.64100 -4.98500 -8.47400 -5.06600 -1.01700 -5.96100 -5.46300 -6.46000 -4.50600 -8.39200 -10.66100 -11.03700
179.00000 -10.10100 -10.07100 -9.43000 -4.48600 -0.64100 -4.98500 -6.03200 -4.57800 -0.04100 -4.98500 -0.58000 -4.01800 -3.53000 -7.41600 -7.24300 -9.08400
180.00000 -10.10100 -11.04700 -7.47700 -4.97400 -2.10600 -5.96100 -4.56700 -4.08900 -0.52900 -5.47300 1.37300 -3.04200 -4.01800 -8.39200 -6.26600 -9.57200
181.00000 -10.10100 -10.55900 -5.03500 -4.97400 -3.57100 -6.93800 -5.54400 -4.08900 -1.50600 -6.93800 -0.58000 -4.01800 -6.46000 -10.83400 -7.73100 -12.01400
182.00000 -10.10100 -9.58300 -2.59400 -4.97400 -3.08200 -6.93800 -7.00900 -4.57800 -2.48200 -8.40300 -5.95100 -6.94800 -9.38900 -13.27500 -10.17300 -14.94300
183.00000 -9.12500 -7.62900 -1.61700 -3.99800 -1.12900 -5.96100 -8.96200 -5.55400 -2.97000 -8.89100 -11.81000 -10.36600 -11.34200 -14.25200 -12.12600 -15.92000
184.00000 -6.19500 -6.16500 -1.12900 -2.53300 0.82400 -4.49600 -8.96200 -6.04200 -2.48200 -7.42600 -16.69300 -12.31900 -10.36600 -13.27500 -12.12600 -15.43200
185.00000 -3.75400 -6.16500 -0.64100 -1.06800 1.80100 -4.00800 -7.49700 -6.53100 -1.99400 -5.47300 -18.15800 -12.31900 -8.41300 -10.34500 -10.66100 -12.50200
186.00000 -1.80100 -7.62900 -0.15300 -0.09200 0.82400 -3.52000 -6.03200 -5.55400 -1.50600 -4.00800 -15.71700 -10.85400 -5.48300 -7.41600 -8.70800 -10.06100
187.00000 -2.28900 -8.60600 -0.64100 -0.58000 -1.12900 -3.52000 -5.54400 -4.08900 -1.50600 -4.00800 -10.83400 -7.92400 -4.01800 -6.43900 -7.24300 -8.59600
188.00000 -3.75400 -8.11800 -2.10600 -1.06800 -2.59400 -4.00800 -6.03200 -2.62500 -1.99400 -4.00800 -4.97400 -5.48300 -3.53000 -6.92700 -6.26600 -9.08400
189.00000 -5.21900 -6.65300 -4.05900 -2.04500 -2.10600 -4.00800 -6.03200 -2.13600 -1.99400 -4.00800 -2.04500 -4.01800 -4.50600 -8.39200 -6.26600 -10.54900
190.00000 -5.70700 -3.72300 -5.52400 -2.04500 -0.64100 -3.52000 -4.56700 -2.62500 -1.99400 -3.52000 -2.53300 -4.50600 -5.97100 -10.34500 -6.26600 -12.01400
191.00000 -4.73000 -1.77000 -5.03500 -1.55600 0.82400 -2.54300 -2.12600 -3.11300 -1.50600 -2.54300 -5.46300 -6.46000 -6.94800 -11.32200 -7.24300 -12.99000
192.00000 -4.24200 -2.74700 -3.57100 -1.55600 1.31200 -1.07800 -1.14900 -3.60100 -1.50600 -2.05500 -9.36900 -7.92400 -7.43600 -11.81000 -8.70800 -13.96700
193.00000 -4.73000 -5.18800 -1.61700 -2.53300 0.82400 -0.59000 -3.10300 -4.08900 -1.50600 -3.03100 -11.81000 -9.38900 -7.92400 -11.81000 -10.66100 -14.45500
194.00000 -7.17200 -8.11800 -0.64100 -3.51000 -0.64100 -1.56700 -7.49700 -4.57800 -1.99400 -4.98500 -12.78700 -10.36600 -7.92400 -11.81000 -12.12600 -14.45500
195.00000 -8.63600 -10.07100 -0.64100 -4.48600 -2.10600 -3.52000 -10.91500 -5.06600 -1.99400 -6.93800 -12.78700 -10.36600 -7.43600 -11.32200 -12.61400 -13.96700
196.00000 -8.14800 -9.09400 -0.64100 -4.48600 -2.59400 -5.47300 -10.91500 -5.06600 -1.99400 -7.91400 -12.29900 -9.87800 -7.43600 -11.32200 -11.63700 -13.47900
197.00000 -4.73000 -6.65300 -1.12900 -3.02100 -1.61700 -5.96100 -7.00900 -4.57800 -2.48200 -7.91400 -11.32200 -8.41300 -6.94800 -11.32200 -10.17300 -13.47900
198.00000 -1.31200 -4.21100 -1.12900 -1.06800 -1.12900 -4.98500 -2.12600 -3.11300 -2.48200 -7.42600 -9.85700 -7.43600 -7.43600 -11.81000 -8.70800 -13.47900
199.00000 0.15300 -3.23500 -1.61700 -0.09200 -0.15300 -3.52000 -0.17300 -2.13600 -3.45900 -7.91400 -7.41600 -5.97100 -8.41300 -13.27500 -7.73100 -13.47900
200.00000 -0.82400 -3.72300 -2.59400 0.39700 0.33600 -3.03100 -2.12600 -1.64800 -3.45900 -8.89100 -6.43900 -5.97100 -9.87800 -14.25200 -6.75500 -13.47900
201.00000 -3.26500 -4.21100 -4.05900 -0.58000 0.33600 -4.00800 -7.98500 -3.11300 -3.94700 -8.40300 -6.43900 -6.94800 -10.36600 -14.74000 -6.26600 -12.99000
202.00000 -5.21900 -4.21100 -5.03500 -1.55600 0.82400 -4.49600 -12.38000 -5.06600 -3.94700 -7.42600 -8.39200 -7.92400 -9.87800 -13.27500 -5.29000 -11.52500
203.00000 -4.73000 -3.23500 -5.03500 -2.04500 1.31200 -3.03100 -12.86800 -6.53100 -2.97000 -4.00800 -10.83400 -8.90100 -7.43600 -9.36900 -4.31300 -8.59600
204.00000 -2.77700 -1.77000 -3.57100 -2.04500 2.28900 0.87500 -9.93900 -6.53100 -1.50600 -0.10200 -12.29900 -9.38900 -4.01800 -4.97400 -3.82500 -6.64300
205.00000 -0.82400 -0.30500 -1.61700 -1.06800 3.26500 4.78100 -6.03200 -6.04200 -0.04100 2.82800 -13.27500 -8.90100 -1.57700 -1.06800 -4.80100 -5.17800
206.00000 0.64100 0.67100 -0.64100 -0.09200 4.73000 7.22200 -5.54400 -5.06600 1.42400 2.82800 -13.27500 -8.41300 -0.11200 -0.09200 -6.26600 -6.15400
207.00000 1.12900 1.16000 -0.64100 0.88500 5.70700 6.73400 -7.49700 -4.57800 1.91200 1.36300 -13.27500 -8.41300 -0.11200 -1.06800 -7.24300 -7.61900
208.00000 0.64100 1.64800 -1.61700 0.39700 5.70700 3.80500 -10.91500 -5.06600 2.40100 -0.59000 -12.78700 -8.90100 -1.08800 -3.51000 -7.24300 -9.57200
209.00000 0.64100 1.64800 -1.61700 -0.09200 3.75400 0.87500 -10.91500 -5.06600 1.91200 -1.56700 -11.81000 -8.90100 -2.55300 -5.46300 -5.77800 -10.54900
210.00000 1.12900 0.67100 -0.64100 -0.09200 1.80100 -0.10200 -7.98500 -5.06600 0.93600 -1.56700 -10.34500 -7.92400 -4.01800 -6.92700 -4.31300 -11.52500
211.00000 0.64100 -0.30500 2.28900 0.39700 1.31200 0.38700 -2.61400 -3.60100 -1.01700 -1.07800 -7.90400 -6.46000 -5.48300 -7.41600 -2.84800 -11.52500
212.00000 0.15300 -0.30500 4.24200 2.35000 1.80100 2.34000 -0.17300 -2.13600 -2.48200 -0.59000 -5.46300 -5.48300 -6.46000 -8.39200 -3.82500 -12.01400
213.00000 0.15300 1.16000 5.70700 4.30300 3.75400 4.29300 -1.63800 -1.64800 -3.45900 -1.56700 -4.97400 -5.48300 -7.43600 -9.36900 -5.29000 -12.99000
214.00000 1.61700 3.60100 4.73000 5.76800 6.68300 6.24600 -5.54400 -1.64800 -3.45900 -2.05500 -5.95100 -7.43600 -7.92400 -9.85700 -7.73100 -13.96700
215.00000 3.57100 5.55400 3.26500 5.76800 7.66000 7.71100 -8.96200 -3.11300 -1.99400 -1.56700 -8.39200 -8.90100 -6.94800 -8.88100 -9.68400 -13.47900
216.00000 5.52400 5.55400 2.28900 4.30300 7.17200 8.68700 -8.96200 -4.08900 -0.04100 0.87500 -10.83400 -10.36600 -4.50600 -6.43900 -9.19600 -12.01400
217.00000 6.01200 3.11300 1.80100 2.35000 4.73000 9.17600 -6.03200 -5.06600 1.91200 3.31600 -12.29900 -10.36600 -2.06500 -3.51000 -6.75500 -9.57200
218.00000 4.54700 0.18300 1.80100 -0.09200 3.26500 7.71100 -3.10300 -5.06600 3.37700 5.26900 -13.27500 -8.90100 -0.11200 -1.06800 -3.33700 -7.13100
219.00000 2.10600 -1.28200 1.31200 -1.06800 2.77700 6.24600 -3.59100 -4.57800 3.86600 5.75800 -12.78700 -7.43600 -0.11200 -1.06800 -0.89500 -6.15400
220.00000 0.15300 -0.30500 0.82400 -0.09200 3.75400 4.78100 -7.00900 -4.08900 3.37700 3.80500 -11.81000 -6.46000 -1.57700 -3.02100 0.08100 -6.64300
221.00000 -0.33600 2.62500 0.33600 1.86200 5.21900 3.31600 -10.42700 -3.60100 1.91200 0.87500 -10.34500 -5.48300 -4.01800 -5.46300 -0.89500 -8.10800
222.00000 1.12900 5.55400 -0.15300 3.32600 5.70700 2.82800 -10.42700 -3.11300 0.44800 -1.56700 -8.88100 -5.48300 -5.97100 -7.90400 -1.87200 -9.57200
223.00000 2.10600 6.04200 -0.15300 3.32600 5.21900 3.80500 -7.98500 -2.62500 -0.52900 -2.05500 -7.41600 -5.48300 -6.94800 -8.88100 -2.36000 -10.06100
224.00000 2.10600 4.08900 -0.64100 1.86200 4.24200 4.78100 -4.07900 -3.11300 -0.52900 -1.56700 -6.43900 -4.99500 -5.97100 -7.41600 -1.87200 -8.59600
225.00000 1.61700 1.64800 -1.12900 -0.09200 3.75400 6.24600 -2.61400 -3.11300 -0.04100 0.87500 -6.43900 -4.99500 -3.04200 -4.97400 -0.89500 -6.64300
226.00000 0.64100 0.18300 -0.64100 -0.58000 4.24200 6.73400 -3.59100 -3.11300 0.93600 3.31600 -6.43900 -4.99500 -0.60000 -2.04500 -0.89500 -4.20100
227.00000 1.12900 0.67100 1.31200 0.39700 5.21900 7.22200 -6.03200 -3.11300 1.91200 4.78100 -6.92700 -4.99500 1.35300 -0.09200 -1.38300 -3.71300
228.00000 2.59400 2.62500 4.24200 2.35000 6.68300 6.24600 -6.52100 -2.62500 1.91200 4.78100 -6.92700 -5.97100 1.84100 0.39700 -2.36000 -4.20100
229.00000 3.57100 4.08900 5.70700 3.81500 6.68300 5.26900 -4.56700 -2.62500 1.91200 3.31600 -7.41600 -6.46000 0.37600 -1.55600 -2.84800 -5.66600
230.00000 2.59400 4.08900 4.24200 3.32600 6.19500 4.78100 -2.12600 -2.62500 0.93600 1.36300 -7.90400 -7.43600 -1.57700 -4.48600 -3.82500 -8.10800
231.00000 0.15300 2.13600 0.82400 1.86200 5.21900 3.80500 -1.63800 -4.08900 -0.04100 -1.56700 -9.36900 -8.41300 -4.50600 -7.90400 -4.80100 -10.54900
232.00000 -2.28900 0.18300 -3.08200 0.39700 4.73000 3.31600 -4.56700 -5.06600 -1.01700 -4.00800 -11.32200 -9.38900 -7.43600 -11.81000 -7.24300 -13.47900
233.00000 -3.26500 -1.28200 -5.03500 -0.58000 4.24200 2.82800 -9.93900 -6.04200 -1.99400 -5.96100 -13.76300 -10.85400 -10.36600 -14.74000 -10.17300 -16.40800
234.00000 -0.82400 -0.30500 -4.05900 0.39700 5.21900 2.82800 -15.31000 -6.04200 -2.48200 -6.93800 -17.18100 -12.31900 -11.83100 -16.69300 -13.10200 -18.36100
235.00000 3.08200 2.13600 -0.64100 1.86200 6.68300 3.31600 -17.26300 -5.55400 -2.48200 -6.93800 -20.59900 -14.27200 -11.83100 -16.69300 -15.05500 -19.33800
236.00000 5.52400 5.06600 1.80100 2.83800 7.66000 4.29300 -16.28600 -5.55400 -2.48200 -5.47300 -22.06400 -14.76000 -10.85400 -15.71700 -14.56700 -17.87300
237.00000 5.52400 6.53100 2.28900 1.86200 7.66000 4.78100 -13.84500 -6.04200 -1.50600 -4.00800 -21.08800 -14.76000 -8.90100 -13.27500 -12.61400 -16.40800
238.00000 2.59400 5.55400 0.33600 -0.09200 6.68300 4.78100 -11.40300 -6.53100 -0.04100 -2.54300 -17.67000 -12.80700 -5.97100 -10.34500 -10.17300 -13.96700
239.00000 -1.31200 2.62500 -2.10600 -2.04500 4.73000 2.82800 -10.42700 -6.53100 1.42400 -1.56700 -13.27500 -10.36600 -3.04200 -7.41600 -7.24300 -12.01400
240.00000 -4.24200 -1.77000 -4.05900 -3.51000 3.26500 0.87500 -9.45000 -5.55400 1.91200 -1.56700 -9.85700 -7.43600 -1.08800 -5.46300 -5.29000 -10.54900
241.00000 -4.24200 -4.21100 -4.54700 -3.02100 1.31200 -0.10200 -7.98500 -3.60100 2.40100 -1.07800 -7.90400 -5.97100 -0.11200 -3.51000 -3.33700 -8.59600
242.00000 -1.80100 -4.21100 -2.59400 -0.58000 1.31200 0.38700 -5.05600 -2.13600 1.91200 -0.10200 -8.39200 -5.48300 -0.11200 -3.02100 -2.84800 -6.64300
243.00000 1.61700 -1.77000 0.82400 1.86200 1.80100 1.85100 -1.63800 -1.16000 0.44800 0.38700 -9.85700 -6.46000 -1.08800 -3.51000 -2.36000 -5.17800
244.00000 4.54700 1.64800 4.24200 4.30300 2.77700 3.31600 0.31500 -0.67100 -1.01700 0.38700 -10.83400 -6.94800 -3.53000 -4.97400 -2.36000 -5.17800
245.00000 5.52400 3.60100 7.17200 5.28000 4.24200 4.29300 -0.66100 -0.67100 -1.99400 -0.59000 -11.32200 -7.43600 -5.48300 -7.41600 -3.82500 -7.13100
246.00000 4.05900 3.60100 7.17200 4.79100 4.73000 4.78100 -4.07900 -1.64800 -2.48200 -2.54300 -11.81000 -8.41300 -7.43600 -10.34500 -5.77800 -10.06100
247.00000 0.64100 1.64800 3.75400 2.35000 4.73000 3.31600 -8.47400 -3.60100 -1.99400 -4.98500 -12.29900 -9.38900 -7.43600 -12.29900 -7.73100 -12.99000
248.00000 -3.26500 -1.28200 -1.12900 -0.58000 4.24200 1.85100 -12.38000 -5.06600 -1.50600 -6.44900 -12.78700 -9.87800 -6.46000 -13.27500 -9.19600 -14.94300
249.00000 -6.68300 -4.70000 -6.01200 -3.02100 2.28900 -1.07800 -14.82100 -5.55400 -0.52900 -6.44900 -12.29900 -8.90100 -4.50600 -12.78700 -9.19600 -14.45500
250.00000 -9.12500 -7.62900 -8.45300 -4.97400 -1.12900 -4.98500 -14.82100 -5.06600 -0.52900 -5.47300 -9.85700 -6.46000 -2.55300 -9.85700 -7.24300 -12.99000
251.00000 -11.07800 -10.55900 -8.45300 -5.95100 -5.52400 -8.40300 -12.38000 -4.08900 -1.01700 -4.49600 -5.46300 -3.53000 -0.11200 -6.43900 -3.33700 -9.57200
252.00000 -11.07800 -13.00000 -7.47700 -7.41600 -8.94200 -9.86700 -8.96200 -3.11300 -1.01700 -4.00800 -2.04500 -0.60000 1.35300 -3.02100 0.57000 -6.15400
253.00000 -10.10100 -13.00000 -6.50000 -8.39200 -9.43000 -7.42600 -5.05600 -3.11300 -1.01700 -3.52000 -1.06800 -0.11200 1.84100 -0.58000 3.49900 -3.71300
254.00000 -8.14800 -10.55900 -6.01200 -7.41600 -6.01200 -2.54300 -2.61400 -3.60100 -0.52900 -2.05500 -2.53300 -1.57700 1.35300 -0.09200 4.47600 -3.71300
255.00000 -5.21900 -5.18800 -4.54700 -4.97400 -0.15300 3.80500 -2.12600 -4.57800 0.44800 -1.56700 -5.95100 -4.50600 -0.11200 -1.55600 2.52300 -5.66600
256.00000 -1.80100 1.16000 -1.61700 -1.06800 5.70700 7.22200 -4.07900 -5.55400 0.93600 -1.07800 -8.88100 -8.41300 -3.04200 -4.48600 -1.38300 -9.08400
