1.00000 1.31200 1.63800 0.57000 0.82400 -0.78300 -6.61200 -2.41100 -3.33700 -0.79300 -3.39800 -3.75400 -3.74300 -3.45900 -11.14900 -0.91600 -1.78000
2.00000 -0.64100 -5.68600 -2.84800 -1.61700 -3.22500 -8.07700 -2.41100 -2.84800 -2.25800 -5.83900 -4.24200 -4.23200 -4.43500 -11.14900 -1.40400 -1.29200
3.00000 -4.54700 -9.10400 -8.21900 -4.05900 -5.17800 -9.54200 -2.41100 -0.89500 -2.74700 -7.79200 -4.24200 -5.20800 -4.92400 -10.17300 -0.91600 0.17300
4.00000 -7.96500 -8.12800 -10.66100 -5.52400 -6.64300 -9.54200 -2.41100 2.03500 -2.25800 -8.28000 -3.75400 -5.20800 -3.94700 -8.21900 0.06100 2.61400
5.00000 -9.43000 -5.68600 -9.19600 -5.52400 -6.64300 -8.07700 -0.94600 3.49900 -0.79300 -7.30400 -2.77700 -4.23200 -2.48200 -6.26600 0.54900 4.56700
6.00000 -8.45300 -4.71000 -5.29000 -5.03500 -6.64300 -7.10000 1.49500 3.01100 0.67100 -5.83900 -1.31200 -2.27900 -0.52900 -4.80100 1.03800 5.54400
7.00000 -6.98900 -6.66300 -2.84800 -4.05900 -6.64300 -7.10000 3.44800 1.54600 0.67100 -4.86200 -0.82400 -0.81400 0.93600 -4.31300 0.06100 6.03200
8.00000 -6.01200 -10.08100 -4.31300 -3.57100 -7.13100 -8.56500 3.93700 0.57000 0.18300 -4.86200 -0.82400 0.16300 1.42400 -4.31300 -0.42700 5.54400
9.00000 -7.47700 -13.01100 -8.70800 -4.05900 -8.10800 -10.03000 2.47200 0.08100 -0.30500 -4.86200 -1.80100 0.65100 1.91200 -4.31300 -0.91600 5.05600
10.00000 -9.43000 -13.98700 -11.14900 -5.52400 -8.59600 -10.51800 1.00700 0.08100 0.18300 -5.35100 -1.80100 0.65100 1.42400 -4.31300 0.06100 4.56700
11.00000 -11.38300 -13.01100 -9.19600 -6.50000 -8.10800 -9.54200 1.00700 1.05800 1.16000 -4.86200 -0.82400 1.13900 0.93600 -4.31300 2.01400 5.05600
12.00000 -11.87100 -12.03400 -3.33700 -7.47700 -6.64300 -7.58900 2.96000 1.54600 2.62500 -4.86200 1.12900 2.11600 0.44800 -3.82500 4.45600 5.54400
13.00000 -11.38300 -12.03400 2.03500 -7.47700 -6.15400 -5.63600 5.89000 2.03500 3.11300 -4.86200 2.59400 3.58100 -0.04100 -4.31300 6.40900 6.52100
14.00000 -10.89500 -14.47600 3.01100 -7.96500 -6.15400 -5.63600 7.84300 2.03500 2.62500 -5.35100 3.08200 4.55700 0.44800 -5.77800 7.38500 7.00900
15.00000 -11.87100 -17.40500 -1.38300 -7.96500 -6.64300 -7.10000 7.84300 3.01100 1.16000 -6.32700 3.08200 5.53400 0.93600 -8.21900 7.87400 7.49700
16.00000 -13.33600 -20.82300 -8.21900 -8.94200 -9.08400 -9.54200 6.37800 2.52300 -0.30500 -6.81600 2.59400 4.55700 0.44800 -10.66100 7.38500 7.00900
17.00000 -15.77800 -23.26500 -13.10200 -9.43000 -11.52500 -11.98300 3.93700 2.03500 -1.77000 -7.79200 2.10600 3.09200 -0.04100 -12.12600 5.92000 5.54400
18.00000 -19.19600 -26.19400 -13.59000 -9.91800 -13.47900 -14.42500 1.00700 1.05800 -3.23500 -8.76900 0.64100 0.16300 -1.01700 -12.61400 3.96700 3.59100
19.00000 -22.61400 -29.12400 -10.66100 -9.91800 -14.94300 -15.40100 -0.45800 -0.40700 -3.72300 -10.72200 -0.82400 -2.27900 -1.50600 -11.63700 1.52600 2.12600
20.00000 -26.03100 -31.07700 -7.73100 -9.91800 -14.94300 -15.40100 -1.92300 -1.38300 -3.72300 -12.67500 -2.28900 -3.25500 -0.52900 -10.66100 0.06100 2.12600
21.00000 -27.49600 -31.07700 -6.75500 -9.43000 -13.47900 -14.91300 -1.92300 -1.38300 -3.23500 -14.14000 -3.75400 -3.25500 -0.04100 -10.17300 -0.42700 3.10300
22.00000 -26.03100 -29.12400 -8.70800 -8.94200 -11.03700 -13.44800 -1.43400 -0.40700 -2.74700 -14.14000 -4.24200 -1.30200 0.93600 -9.68400 0.54900 4.07900
23.00000 -21.63700 -26.68300 -10.66100 -8.45300 -9.57200 -12.96000 -0.94600 0.57000 -2.74700 -13.16300 -4.24200 0.65100 0.93600 -10.17300 1.52600 4.07900
24.00000 -16.75400 -25.70600 -11.63700 -8.45300 -9.08400 -13.93600 -1.43400 1.05800 -3.23500 -12.18700 -5.21900 1.13900 -1.01700 -10.17300 1.52600 2.61400
25.00000 -14.31300 -27.17100 -11.63700 -8.94200 -10.54900 -15.88900 -3.38700 1.54600 -4.21100 -12.18700 -6.68300 1.13900 -2.97000 -9.19600 0.54900 0.66100
26.00000 -15.77800 -31.07700 -11.63700 -9.91800 -13.47900 -17.84300 -5.82900 1.05800 -4.70000 -12.67500 -8.63600 -0.32600 -4.43500 -7.73100 -0.91600 -1.78000
27.00000 -20.66000 -35.96000 -12.61400 -11.87100 -15.92000 -19.79600 -8.27000 0.57000 -4.21100 -14.62800 -9.61300 -2.27900 -4.92400 -6.26600 -1.89200 -1.78000
28.00000 -26.52000 -40.84300 -16.03200 -13.82400 -17.87300 -20.77200 -10.22300 -0.40700 -3.23500 -16.09300 -10.10100 -3.74300 -4.43500 -6.26600 -1.89200 -1.78000
29.00000 -30.91400 -42.30800 -19.45000 -15.77800 -18.36100 -20.77200 -10.22300 -2.36000 -2.25800 -17.06900 -9.61300 -4.23200 -3.94700 -7.73100 -1.89200 -1.78000
30.00000 -32.37900 -41.81900 -20.91500 -16.75400 -17.38500 -20.28400 -10.22300 -2.84800 -2.25800 -17.06900 -8.63600 -5.20800 -3.94700 -10.66100 -0.91600 -1.78000
31.00000 -32.37900 -38.89000 -19.93800 -15.77800 -16.40800 -18.81900 -10.71200 -1.87200 -3.23500 -16.09300 -7.66000 -5.69700 -3.45900 -13.10200 0.06100 -2.26800
32.00000 -31.40300 -34.98300 -16.52000 -12.84800 -14.94300 -17.84300 -9.73500 0.57000 -4.21100 -13.65200 -6.68300 -4.72000 -2.48200 -13.10200 1.52600 -1.29200
33.00000 -29.93800 -32.54200 -13.59000 -9.91800 -12.99000 -16.37800 -8.27000 2.52300 -4.21100 -11.21000 -4.73000 -2.76700 -1.01700 -10.66100 3.96700 2.12600
34.00000 -27.49600 -31.56500 -13.59000 -8.45300 -12.50200 -15.40100 -5.34100 3.49900 -3.72300 -8.76900 -2.28900 0.16300 -0.04100 -6.75500 5.92000 7.00900
35.00000 -25.54300 -32.05400 -15.54400 -8.94200 -11.52500 -14.91300 -2.41100 2.03500 -2.74700 -7.30400 -0.82400 2.60400 0.93600 -2.84800 7.38500 11.40300
36.00000 -24.07800 -33.03000 -19.45000 -11.38300 -11.52500 -14.91300 -1.92300 -0.40700 -1.77000 -6.81600 -0.82400 3.58100 0.44800 -1.38300 6.40900 13.35700
37.00000 -25.05500 -34.98300 -21.89100 -13.82400 -12.01400 -14.91300 -4.36400 -3.33700 -1.77000 -6.81600 -3.75400 2.11600 -1.01700 -1.38300 4.45600 12.38000
38.00000 -27.49600 -36.44800 -23.35600 -15.28900 -12.50200 -14.91300 -8.75900 -4.80100 -2.25800 -7.30400 -7.66000 -0.32600 -1.99400 -3.33700 2.50200 9.45000
39.00000 -28.96100 -37.42500 -23.35600 -14.80100 -12.99000 -13.93600 -13.15300 -4.31300 -2.25800 -7.79200 -11.07800 -2.76700 -2.48200 -4.80100 1.03800 7.00900
40.00000 -27.98500 -36.93600 -22.38000 -12.84800 -12.50200 -11.98300 -14.61800 -2.84800 -1.28200 -7.30400 -12.54300 -4.23200 -1.50600 -4.80100 0.54900 5.54400
41.00000 -24.56700 -34.98300 -20.42600 -10.40600 -12.01400 -9.54200 -12.66500 -1.87200 0.67100 -6.32700 -11.56600 -4.72000 -0.52900 -3.82500 1.03800 6.52100
42.00000 -20.66000 -31.07700 -18.47300 -7.96500 -10.06100 -7.58900 -9.24700 -0.89500 2.62500 -5.35100 -9.61300 -5.20800 -0.04100 -2.36000 0.54900 7.98500
43.00000 -19.68400 -27.65900 -17.00800 -6.98900 -9.08400 -7.58900 -7.29400 0.08100 3.11300 -4.86200 -8.14800 -5.20800 -0.52900 -1.38300 0.54900 8.96200
44.00000 -21.63700 -26.19400 -17.00800 -7.96500 -8.59600 -9.54200 -7.29400 0.57000 2.13600 -5.35100 -6.68300 -5.69700 -1.01700 -2.36000 0.54900 8.47400
45.00000 -26.03100 -27.65900 -18.47300 -9.91800 -9.08400 -12.96000 -8.75900 0.08100 0.18300 -7.79200 -5.21900 -4.72000 -1.99400 -5.77800 2.01400 7.98500
46.00000 -28.96100 -30.58900 -22.86800 -13.33600 -10.06100 -16.86600 -10.22300 -1.38300 -1.77000 -10.23400 -4.73000 -3.74300 -2.97000 -9.19600 3.96700 7.49700
47.00000 -29.93800 -33.03000 -27.75100 -16.75400 -11.03700 -19.30700 -11.68800 -3.33700 -2.25800 -12.18700 -4.24200 -2.27900 -3.45900 -12.12600 4.94400 7.49700
48.00000 -29.44900 -34.00700 -31.65700 -19.19600 -11.52500 -20.28400 -13.15300 -5.77800 -2.25800 -13.16300 -6.19500 -2.76700 -3.94700 -12.61400 3.47900 7.00900
49.00000 -29.44900 -33.03000 -32.63300 -20.66000 -11.52500 -19.30700 -15.59400 -7.24300 -2.25800 -11.69800 -10.10100 -4.72000 -4.92400 -11.63700 0.06100 6.03200
50.00000 -29.44900 -32.05400 -30.68000 -20.17200 -11.03700 -17.35400 -17.54800 -6.26600 -2.25800 -9.25700 -14.49600 -8.13800 -5.90000 -10.17300 -4.33300 3.59100
51.00000 -29.44900 -33.03000 -27.75100 -18.70700 -10.06100 -15.40100 -18.52400 -3.82500 -2.74700 -7.30400 -17.42600 -10.09100 -6.38800 -10.17300 -7.26300 1.63800
52.00000 -27.49600 -35.47200 -25.30900 -17.24200 -9.57200 -13.93600 -18.03600 -1.38300 -2.25800 -7.30400 -16.93700 -10.09100 -5.41200 -11.14900 -7.75100 1.14900
53.00000 -23.59000 -38.89000 -23.35600 -16.26600 -9.57200 -13.44800 -15.59400 1.05800 -0.30500 -7.79200 -12.54300 -7.16100 -3.94700 -12.12600 -5.31000 2.12600
54.00000 -19.68400 -40.35400 -23.35600 -15.28900 -10.06100 -13.44800 -13.64100 1.54600 1.64800 -9.74500 -7.17200 -4.23200 -2.48200 -12.12600 -2.86900 4.07900
55.00000 -19.19600 -39.86600 -23.35600 -15.28900 -10.06100 -13.44800 -13.15300 1.54600 3.60100 -10.72200 -3.75400 -2.76700 -1.50600 -11.14900 -0.42700 5.05600
56.00000 -23.10200 -36.93600 -23.84400 -15.77800 -10.06100 -12.96000 -13.15300 1.05800 4.57800 -10.23400 -3.26500 -3.25500 -1.50600 -10.17300 0.54900 5.05600
57.00000 -28.96100 -34.49500 -23.84400 -16.75400 -10.06100 -11.98300 -12.66500 1.05800 4.57800 -8.28000 -5.21900 -4.72000 -1.50600 -9.68400 0.06100 4.07900
58.00000 -33.84400 -33.51800 -23.84400 -17.73100 -10.06100 -11.49500 -10.71200 0.57000 4.08900 -6.81600 -7.66000 -5.69700 -1.99400 -10.66100 -0.42700 3.59100
59.00000 -34.33200 -34.00700 -23.84400 -18.21900 -10.06100 -11.49500 -8.27000 1.05800 3.60100 -6.32700 -8.63600 -5.69700 -1.99400 -12.61400 -0.42700 3.59100
60.00000 -31.40300 -36.44800 -23.84400 -17.24200 -11.03700 -14.42500 -6.80500 1.54600 2.62500 -7.30400 -8.14800 -5.20800 -1.99400 -14.56700 0.06100 4.56700
61.00000 -27.49600 -38.89000 -24.33300 -15.77800 -12.99000 -18.81900 -8.27000 1.54600 0.67100 -10.23400 -7.17200 -5.69700 -1.99400 -16.03200 -0.42700 4.07900
62.00000 -25.54300 -41.33100 -24.82100 -14.80100 -15.43200 -23.21400 -10.71200 1.05800 -1.28200 -12.67500 -7.17200 -6.67300 -1.99400 -16.52000 -0.91600 2.12600
63.00000 -25.54300 -43.77200 -24.82100 -15.28900 -17.87300 -26.14300 -12.66500 1.54600 -2.74700 -14.62800 -7.66000 -7.65000 -1.99400 -16.03200 -2.38000 -0.31500
64.00000 -27.49600 -46.21400 -24.33300 -16.75400 -19.82600 -26.63200 -12.17700 2.03500 -2.74700 -15.11600 -8.14800 -7.16100 -2.48200 -15.05500 -2.86900 -2.75700
65.00000 -29.44900 -47.67900 -23.35600 -18.21900 -19.82600 -24.19000 -9.73500 2.52300 -0.79300 -14.14000 -7.66000 -4.23200 -2.48200 -15.05500 -2.38000 -3.24500
66.00000 -30.91400 -47.19000 -22.38000 -17.73100 -18.36100 -20.77200 -6.80500 3.98800 1.64800 -12.18700 -5.21900 -0.32600 -1.50600 -14.56700 -0.42700 -1.29200
67.00000 -31.89100 -44.26100 -20.42600 -15.77800 -15.43200 -16.86600 -5.34100 5.45200 3.60100 -9.74500 -2.28900 3.09200 0.44800 -14.07900 1.52600 1.63800
68.00000 -32.37900 -39.86600 -18.96200 -13.33600 -12.01400 -14.42500 -4.85200 6.42900 4.57800 -7.30400 0.64100 4.06900 2.88900 -11.63700 3.47900 4.07900
69.00000 -31.40300 -37.42500 -17.00800 -11.38300 -10.06100 -12.96000 -4.36400 6.91700 4.57800 -5.35100 2.10600 3.09200 5.81900 -8.70800 3.96700 6.03200
70.00000 -30.42600 -37.91300 -15.05500 -11.38300 -10.06100 -13.44800 -2.41100 6.91700 3.60100 -3.88600 2.59400 2.11600 8.26000 -5.29000 4.45600 6.52100
71.00000 -28.96100 -40.84300 -14.07900 -13.82400 -12.01400 -14.91300 -0.94600 6.42900 2.62500 -3.88600 2.59400 2.60400 9.23700 -3.33700 3.96700 6.03200
72.00000 -27.98500 -44.74900 -16.03200 -15.77800 -14.45500 -17.84300 -0.94600 6.42900 1.16000 -4.86200 2.10600 3.58100 7.77200 -3.82500 3.96700 5.05600
73.00000 -28.47300 -46.70200 -19.93800 -16.75400 -16.40800 -20.28400 -3.38700 6.42900 -0.79300 -6.32700 1.12900 4.55700 5.33000 -5.77800 3.96700 3.59100
74.00000 -29.93800 -46.70200 -24.82100 -16.26600 -17.38500 -21.74900 -6.80500 5.45200 -2.25800 -7.30400 -0.33600 3.58100 2.88900 -7.24300 3.47900 2.61400
75.00000 -30.42600 -46.21400 -27.75100 -15.28900 -17.38500 -21.74900 -9.24700 3.98800 -2.74700 -7.79200 -1.80100 0.65100 0.93600 -8.21900 2.01400 2.12600
76.00000 -30.42600 -46.70200 -27.26200 -14.31300 -16.89700 -20.28400 -9.24700 2.03500 -1.77000 -8.28000 -3.26500 -3.25500 -0.04100 -7.73100 0.54900 2.12600
77.00000 -29.93800 -48.16700 -24.33300 -14.31300 -17.38500 -18.33100 -7.29400 1.05800 -0.30500 -8.76900 -3.75400 -5.69700 -0.04100 -6.26600 -0.91600 3.10300
78.00000 -30.42600 -49.14300 -21.40300 -15.77800 -17.38500 -17.35400 -5.34100 1.54600 1.64800 -9.74500 -2.77700 -5.20800 0.44800 -5.29000 -0.91600 5.05600
79.00000 -31.89100 -49.14300 -19.93800 -17.24200 -16.89700 -16.37800 -4.85200 2.52300 3.11300 -10.23400 -0.33600 -2.27900 0.93600 -5.29000 0.06100 7.49700
80.00000 -33.35600 -47.19000 -21.40300 -17.24200 -15.43200 -15.88900 -5.82900 3.98800 3.60100 -9.74500 2.59400 1.13900 1.42400 -6.26600 1.03800 9.93900
81.00000 -33.84400 -44.26100 -22.38000 -16.75400 -13.47900 -14.91300 -6.31700 4.47600 3.60100 -8.76900 4.54700 2.60400 1.91200 -7.24300 2.50200 11.89200
82.00000 -32.86700 -42.79600 -22.38000 -15.77800 -11.52500 -13.44800 -5.82900 3.01100 3.60100 -7.79200 5.52400 2.11600 1.91200 -9.19600 2.99100 12.38000
83.00000 -31.40300 -42.30800 -19.93800 -15.28900 -10.54900 -12.47200 -4.85200 1.05800 4.08900 -7.79200 5.03500 -0.32600 1.42400 -11.14900 2.50200 11.89200
84.00000 -30.91400 -42.30800 -17.00800 -14.80100 -10.06100 -12.96000 -4.85200 -0.40700 4.08900 -8.28000 4.05900 -2.27900 0.93600 -12.12600 1.52600 9.93900
85.00000 -30.42600 -41.33100 -16.52000 -14.31300 -11.03700 -13.44800 -6.31700 -0.89500 3.11300 -8.76900 4.05900 -2.76700 -0.04100 -12.12600 1.52600 8.47400
86.00000 -30.42600 -39.86600 -18.47300 -13.82400 -12.01400 -13.93600 -7.78200 0.08100 2.13600 -8.28000 4.54700 -1.79000 -0.04100 -11.14900 2.50200 7.98500
87.00000 -28.96100 -38.40100 -21.89100 -13.33600 -12.50200 -13.93600 -8.75900 0.57000 1.64800 -7.30400 5.52400 -0.81400 0.44800 -9.68400 3.47900 8.96200
88.00000 -27.98500 -38.40100 -22.86800 -12.84800 -12.01400 -13.93600 -7.29400 0.57000 1.16000 -6.81600 6.01200 0.16300 1.42400 -8.70800 4.94400 10.91500
89.00000 -27.00800 -39.86600 -20.91500 -12.84800 -11.52500 -13.93600 -4.36400 -0.40700 1.64800 -6.81600 6.98900 -0.32600 2.40100 -8.70800 5.43200 12.86800
90.00000 -27.49600 -42.30800 -17.00800 -13.33600 -11.52500 -15.40100 -1.92300 -0.89500 1.64800 -7.79200 7.47700 -1.30200 4.35400 -9.19600 5.92000 13.35700
91.00000 -29.93800 -44.26100 -14.07900 -13.82400 -12.01400 -17.84300 -1.92300 -0.40700 1.64800 -8.76900 7.96500 -1.79000 5.33000 -8.70800 6.40900 13.35700
92.00000 -32.86700 -45.72600 -14.56700 -13.33600 -12.99000 -19.30700 -3.87600 1.05800 1.64800 -9.74500 7.96500 -1.30200 5.81900 -7.24300 5.92000 12.86800
93.00000 -34.82100 -46.70200 -17.49700 -12.84800 -14.45500 -18.81900 -6.80500 2.52300 1.64800 -9.74500 7.47700 -0.32600 4.84200 -5.29000 5.92000 12.38000
94.00000 -35.79700 -47.67900 -20.42600 -13.33600 -14.94300 -17.84300 -8.27000 2.03500 1.64800 -9.74500 6.01200 -0.32600 2.88900 -4.31300 4.94400 11.40300
95.00000 -36.28500 -49.63200 -20.91500 -14.31300 -15.43200 -16.86600 -7.78200 0.57000 2.62500 -10.72200 4.05900 -1.79000 0.44800 -5.29000 3.47900 9.93900
96.00000 -37.26200 -51.58500 -19.45000 -15.77800 -15.92000 -17.84300 -6.80500 -1.38300 3.60100 -12.18700 2.59400 -4.72000 -2.48200 -7.24300 2.50200 7.98500
97.00000 -38.72700 -52.56100 -17.00800 -16.75400 -16.89700 -20.77200 -6.80500 -2.84800 3.11300 -15.11600 1.61700 -7.65000 -4.43500 -11.14900 1.03800 5.05600
98.00000 -40.19200 -52.07300 -17.49700 -16.26600 -18.36100 -23.70200 -8.75900 -2.84800 1.16000 -18.04600 1.12900 -9.11500 -5.41200 -14.56700 0.06100 3.10300
99.00000 -39.70300 -50.12000 -19.93800 -14.31300 -19.33800 -25.65500 -10.71200 -1.87200 -0.79300 -20.48700 0.15300 -9.60300 -5.90000 -16.52000 -1.40400 1.63800
100.00000 -37.26200 -48.16700 -23.84400 -12.36000 -19.33800 -25.16700 -12.17700 -0.40700 -2.25800 -20.97600 -0.82400 -9.11500 -5.90000 -17.00800 -2.86900 1.63800
101.00000 -33.84400 -47.67900 -25.79800 -11.38300 -18.36100 -23.70200 -12.66500 -0.40700 -2.25800 -20.48700 -1.31200 -8.62600 -5.90000 -16.03200 -3.84500 2.12600
102.00000 -31.89100 -48.16700 -25.79800 -12.36000 -16.89700 -22.23700 -11.68800 -0.40700 -0.79300 -19.02300 -1.31200 -8.62600 -5.41200 -14.56700 -3.84500 3.10300
103.00000 -32.37900 -49.14300 -24.33300 -13.33600 -15.92000 -22.72500 -10.71200 -0.40700 0.18300 -18.04600 -0.82400 -8.13800 -4.43500 -13.10200 -3.35700 3.59100
104.00000 -35.30900 -49.63200 -23.35600 -13.33600 -15.92000 -23.70200 -10.22300 0.57000 1.64800 -17.55800 0.15300 -8.13800 -3.45900 -12.12600 -2.38000 3.59100
105.00000 -38.23900 -48.65500 -23.35600 -12.36000 -15.92000 -24.67900 -10.71200 2.03500 1.64800 -18.04600 0.15300 -7.65000 -3.45900 -11.63700 -3.35700 3.10300
106.00000 -38.72700 -47.67900 -22.86800 -10.89500 -15.43200 -23.70200 -11.20000 3.49900 1.64800 -19.02300 0.15300 -6.67300 -3.94700 -11.63700 -4.33300 1.63800
107.00000 -37.26200 -47.67900 -22.86800 -10.40600 -13.96700 -21.74900 -10.71200 3.49900 1.16000 -20.48700 0.15300 -5.69700 -5.41200 -11.63700 -5.79800 0.17300
108.00000 -35.30900 -49.14300 -23.35600 -10.89500 -12.01400 -19.79600 -10.71200 2.52300 0.67100 -21.46400 0.15300 -5.69700 -6.38800 -12.61400 -5.79800 -0.80400
109.00000 -35.79700 -50.60800 -24.33300 -12.36000 -11.03700 -20.28400 -10.71200 2.03500 -0.30500 -22.44100 0.64100 -5.20800 -7.36500 -14.07900 -5.31000 -2.26800
110.00000 -39.21500 -51.58500 -27.26200 -12.84800 -11.52500 -22.23700 -12.17700 2.03500 -1.28200 -22.92900 0.64100 -5.69700 -7.36500 -15.54400 -4.82200 -3.73300
111.00000 -42.63300 -51.58500 -30.68000 -13.33600 -12.99000 -25.65500 -13.64100 2.03500 -2.25800 -23.41700 -0.82400 -6.18500 -6.38800 -16.52000 -4.82200 -5.19800
112.00000 -44.58600 -51.58500 -33.12200 -12.84800 -15.43200 -29.07300 -15.59400 2.52300 -3.23500 -24.39400 -2.77700 -7.65000 -6.38800 -17.00800 -6.77500 -6.66300
113.00000 -44.09800 -52.07300 -34.09800 -13.82400 -17.38500 -30.53800 -16.57100 1.54600 -3.23500 -25.85900 -4.73000 -8.62600 -5.90000 -17.00800 -8.72800 -7.64000
114.00000 -42.14500 -53.05000 -35.07500 -14.80100 -18.85000 -31.02600 -16.57100 1.05800 -2.25800 -27.32300 -5.70700 -9.11500 -5.41200 -16.52000 -9.70500 -7.15100
115.00000 -40.19200 -53.53800 -35.56300 -15.77800 -18.85000 -31.02600 -15.10600 1.05800 -1.28200 -28.30000 -4.73000 -8.13800 -4.92400 -17.00800 -8.72800 -4.71000
116.00000 -39.21500 -54.02600 -35.56300 -14.80100 -18.36100 -30.53800 -13.64100 2.03500 -0.30500 -29.27700 -3.26500 -6.67300 -4.43500 -17.49700 -6.77500 -1.78000
117.00000 -39.21500 -54.02600 -34.58700 -12.84800 -17.38500 -30.05000 -12.17700 3.98800 0.18300 -28.78800 -1.80100 -4.23200 -3.45900 -17.00800 -5.31000 0.66100
118.00000 -39.21500 -54.51500 -32.14500 -10.40600 -16.40800 -29.56100 -12.17700 5.45200 0.18300 -27.32300 -1.80100 -2.76700 -1.99400 -15.54400 -4.82200 2.12600
119.00000 -38.72700 -56.46800 -28.72700 -8.94200 -15.92000 -28.58500 -12.17700 6.42900 -0.30500 -25.85900 -2.77700 -2.27900 -1.50600 -12.61400 -5.31000 2.12600
120.00000 -38.72700 -56.95600 -26.77400 -9.91800 -15.43200 -27.12000 -12.17700 5.45200 -0.79300 -24.39400 -2.77700 -2.27900 -1.50600 -9.68400 -5.79800 1.63800
121.00000 -39.70300 -55.49100 -27.26200 -11.38300 -15.92000 -27.12000 -11.68800 3.98800 -0.30500 -22.44100 -2.28900 -3.25500 -1.50600 -7.24300 -5.79800 1.14900
122.00000 -41.16800 -52.56100 -29.70400 -12.84800 -16.40800 -27.12000 -10.71200 2.03500 0.67100 -21.46400 -0.82400 -3.25500 -1.99400 -6.26600 -4.82200 1.14900
123.00000 -43.12100 -48.65500 -31.65700 -13.33600 -16.40800 -27.60800 -10.22300 0.57000 2.13600 -20.97600 0.15300 -2.76700 -2.48200 -7.73100 -4.33300 1.63800
124.00000 -43.61000 -47.67900 -31.16900 -13.82400 -16.89700 -27.60800 -10.22300 -0.40700 3.11300 -20.48700 -0.33600 -2.27900 -2.48200 -10.66100 -4.82200 1.63800
125.00000 -43.61000 -50.12000 -28.72700 -15.28900 -17.38500 -27.12000 -11.20000 -1.87200 2.62500 -20.97600 -2.28900 -2.27900 -2.97000 -13.59000 -6.77500 -0.31500
126.00000 -42.63300 -54.02600 -25.79800 -16.75400 -17.87300 -26.14300 -11.68800 -2.36000 1.64800 -20.97600 -4.24200 -3.74300 -2.97000 -15.05500 -8.24000 -2.75700
127.00000 -42.63300 -57.44400 -25.30900 -17.73100 -18.85000 -24.67900 -11.20000 -2.36000 -0.30500 -19.99900 -6.68300 -5.20800 -3.45900 -15.05500 -9.21600 -3.73300
128.00000 -43.61000 -57.93300 -27.75100 -17.73100 -18.36100 -23.21400 -9.73500 -0.89500 -2.25800 -19.51100 -6.68300 -6.67300 -2.97000 -13.59000 -8.24000 -3.73300
129.00000 -45.07400 -55.97900 -30.68000 -15.77800 -17.87300 -22.23700 -7.78200 1.54600 -3.23500 -18.53400 -6.19500 -6.18500 -2.97000 -11.63700 -5.79800 -1.29200
130.00000 -45.56300 -53.05000 -31.65700 -13.82400 -16.89700 -21.74900 -7.29400 3.49900 -3.23500 -18.53400 -4.73000 -4.72000 -1.99400 -10.66100 -3.35700 2.61400
131.00000 -46.53900 -50.60800 -30.68000 -12.84800 -16.40800 -22.23700 -8.27000 3.98800 -2.25800 -19.51100 -4.24200 -2.27900 -1.01700 -11.14900 -0.91600 5.05600
132.00000 -46.05100 -50.60800 -28.23900 -13.82400 -17.38500 -23.21400 -10.71200 3.49900 -1.77000 -21.46400 -4.24200 -1.30200 -0.52900 -11.63700 -0.42700 6.03200
133.00000 -46.53900 -52.56100 -26.77400 -15.77800 -19.33800 -24.67900 -12.66500 2.52300 -1.28200 -23.41700 -5.21900 -0.81400 -0.04100 -12.12600 -0.91600 5.05600
134.00000 -46.05100 -55.00300 -28.23900 -17.73100 -21.77900 -26.63200 -12.66500 1.54600 -1.28200 -24.88200 -5.70700 -1.30200 -0.04100 -12.61400 -0.91600 4.07900
135.00000 -46.05100 -56.95600 -31.65700 -19.19600 -23.73300 -27.12000 -9.73500 1.54600 -2.25800 -25.85900 -6.19500 -1.30200 -0.52900 -12.61400 -1.89200 3.10300
136.00000 -46.05100 -57.44400 -35.07500 -20.17200 -24.70900 -27.12000 -6.31700 1.54600 -2.74700 -25.37000 -5.70700 -1.30200 -1.50600 -13.10200 -2.38000 3.10300
137.00000 -46.53900 -56.46800 -36.05100 -21.14900 -24.70900 -26.63200 -4.36400 1.54600 -3.23500 -23.90500 -5.21900 -0.32600 -1.99400 -13.59000 -3.84500 3.59100
138.00000 -48.00400 -55.00300 -36.05100 -22.12500 -23.73300 -26.14300 -5.82900 1.54600 -3.23500 -22.92900 -4.73000 0.65100 -1.99400 -13.59000 -4.33300 3.59100
139.00000 -49.95700 -53.05000 -35.07500 -22.61400 -23.24400 -25.65500 -10.22300 1.05800 -2.74700 -21.46400 -4.73000 1.62800 -1.50600 -13.10200 -4.33300 3.10300
140.00000 -51.91000 -51.58500 -34.58700 -22.12500 -22.26800 -25.65500 -14.61800 1.05800 -2.25800 -20.97600 -5.21900 2.11600 -0.04100 -11.63700 -3.84500 2.61400
141.00000 -52.88700 -52.56100 -34.58700 -21.14900 -21.77900 -25.16700 -17.54800 1.05800 -1.77000 -20.48700 -6.19500 1.62800 0.93600 -10.66100 -2.86900 3.10300
142.00000 -51.42200 -55.00300 -34.09800 -19.68400 -21.29100 -24.19000 -19.01200 0.57000 -1.28200 -20.48700 -8.14800 1.13900 0.44800 -10.17300 -2.86900 3.59100
143.00000 -49.95700 -58.42100 -33.61000 -18.70700 -22.26800 -23.21400 -19.50100 -0.40700 -1.77000 -21.46400 -9.61300 0.16300 -1.01700 -10.66100 -4.33300 3.59100
144.00000 -48.00400 -61.35100 -33.12200 -18.70700 -23.24400 -23.21400 -19.01200 -1.38300 -2.74700 -22.44100 -11.07800 -0.81400 -2.48200 -11.63700 -7.26300 2.12600
145.00000 -48.00400 -62.32700 -33.12200 -19.19600 -24.70900 -24.19000 -19.01200 -1.87200 -4.21100 -23.41700 -11.56600 -1.30200 -3.45900 -12.12600 -9.21600 0.17300
146.00000 -48.98100 -60.37400 -33.61000 -19.19600 -25.19700 -25.65500 -18.03600 -0.89500 -4.70000 -23.41700 -11.07800 -1.30200 -3.45900 -12.12600 -9.70500 -1.29200
147.00000 -49.95700 -58.42100 -33.61000 -19.68400 -25.68600 -27.60800 -16.08300 0.08100 -4.70000 -23.41700 -9.61300 -0.32600 -1.99400 -11.63700 -8.72800 -1.78000
148.00000 -50.44600 -56.95600 -33.12200 -19.68400 -25.68600 -28.58500 -14.61800 0.08100 -5.18800 -22.92900 -9.61300 0.16300 -0.52900 -11.14900 -7.26300 -1.29200
149.00000 -50.93400 -57.44400 -32.14500 -20.17200 -25.68600 -30.05000 -14.61800 -1.38300 -5.18800 -23.41700 -10.10100 0.16300 -1.01700 -11.63700 -6.77500 -0.31500
150.00000 -50.93400 -58.42100 -31.65700 -21.14900 -25.68600 -29.56100 -16.08300 -2.84800 -6.16500 -23.41700 -11.07800 -0.81400 -1.99400 -12.61400 -7.75100 0.17300
151.00000 -50.93400 -58.42100 -32.14500 -21.14900 -25.19700 -29.07300 -17.54800 -3.82500 -6.65300 -23.41700 -12.54300 -1.30200 -2.97000 -13.59000 -9.70500 -0.80400
152.00000 -51.42200 -56.46800 -33.61000 -20.66000 -23.73300 -27.12000 -17.54800 -3.33700 -6.16500 -22.92900 -13.03100 -1.79000 -3.94700 -13.59000 -11.16900 -2.75700
153.00000 -51.42200 -54.51500 -34.09800 -19.68400 -22.75600 -26.63200 -16.08300 -2.36000 -5.18800 -21.95200 -12.05400 -2.76700 -5.41200 -13.10200 -11.16900 -4.22200
154.00000 -50.93400 -54.51500 -33.61000 -19.19600 -22.75600 -27.60800 -14.61800 -1.87200 -4.70000 -22.44100 -11.56600 -3.25500 -6.38800 -12.61400 -10.19300 -4.71000
155.00000 -51.42200 -57.93300 -32.63300 -19.68400 -24.70900 -30.05000 -14.61800 -2.36000 -5.18800 -23.41700 -11.07800 -4.23200 -7.85300 -13.59000 -9.70500 -4.71000
156.00000 -52.88700 -61.35100 -31.16900 -21.63700 -27.15000 -33.46800 -16.08300 -3.82500 -7.14100 -25.85900 -12.05400 -5.69700 -8.83000 -15.54400 -9.70500 -3.73300
157.00000 -54.84000 -63.79200 -31.65700 -23.10200 -29.59200 -35.42100 -18.52400 -5.29000 -8.11800 -27.32300 -13.03100 -6.67300 -9.31800 -17.98500 -11.16900 -2.26800
158.00000 -55.81700 -62.81500 -33.61000 -24.07800 -31.05700 -35.42100 -20.47700 -5.77800 -8.11800 -27.81200 -14.00800 -7.16100 -8.83000 -19.93800 -11.65800 -1.29200
159.00000 -55.32800 -59.88600 -35.56300 -24.07800 -30.56800 -34.44400 -19.50100 -5.29000 -7.14100 -26.83500 -14.98400 -7.16100 -7.85300 -20.42600 -10.68100 -0.31500
160.00000 -52.88700 -57.44400 -36.54000 -23.10200 -28.61500 -33.46800 -17.54800 -4.80100 -5.67600 -25.37000 -14.98400 -6.18500 -6.38800 -19.45000 -8.24000 0.17300
161.00000 -49.95700 -56.46800 -35.56300 -21.63700 -26.17400 -32.49100 -15.10600 -3.82500 -5.18800 -23.41700 -14.49600 -5.69700 -5.41200 -17.98500 -7.26300 0.17300
162.00000 -48.00400 -56.46800 -32.63300 -19.68400 -23.73300 -31.02600 -14.13000 -3.33700 -5.67600 -22.44100 -14.00800 -4.72000 -5.90000 -16.52000 -7.26300 -0.31500
163.00000 -48.00400 -55.49100 -29.70400 -18.70700 -21.77900 -29.56100 -14.13000 -3.33700 -6.65300 -21.95200 -14.00800 -4.23200 -6.87700 -16.03200 -9.70500 -1.78000
164.00000 -49.46900 -54.02600 -29.21500 -18.21900 -21.29100 -27.12000 -15.59400 -3.82500 -7.62900 -21.95200 -14.00800 -4.23200 -7.85300 -16.52000 -12.63400 -2.75700
165.00000 -51.42200 -53.05000 -31.16900 -18.21900 -21.77900 -26.14300 -16.57100 -4.31300 -8.60600 -22.44100 -14.49600 -4.72000 -9.31800 -18.47300 -15.56400 -4.22200
166.00000 -52.39900 -53.53800 -34.09800 -19.19600 -23.24400 -26.63200 -17.54800 -5.29000 -9.09400 -23.90500 -14.49600 -5.69700 -9.80600 -20.42600 -16.05200 -5.19800
167.00000 -51.91000 -55.49100 -35.56300 -20.17200 -24.70900 -28.58500 -17.54800 -5.77800 -9.58300 -24.88200 -14.00800 -6.18500 -9.80600 -22.38000 -15.07600 -6.17500
168.00000 -50.44600 -57.44400 -33.12200 -19.68400 -24.70900 -29.56100 -16.57100 -4.80100 -9.58300 -25.37000 -12.54300 -5.69700 -8.34100 -22.86800 -12.63400 -5.68600
169.00000 -48.49200 -56.46800 -27.75100 -17.24200 -23.73300 -28.58500 -14.61800 -2.84800 -9.09400 -24.88200 -10.59000 -3.74300 -6.87700 -21.89100 -10.19300 -4.71000
170.00000 -46.05100 -52.56100 -21.40300 -13.82400 -21.77900 -26.14300 -11.68800 0.08100 -8.11800 -23.41700 -8.14800 -1.79000 -4.43500 -18.96200 -8.24000 -2.26800
171.00000 -43.61000 -47.19000 -17.49700 -10.40600 -20.31500 -24.19000 -7.78200 2.03500 -7.14100 -21.46400 -6.68300 -0.32600 -2.97000 -15.05500 -6.77500 -0.31500
172.00000 -42.14500 -44.26100 -17.98500 -8.45300 -19.82600 -23.70200 -4.36400 2.03500 -6.65300 -20.48700 -6.68300 0.16300 -2.48200 -11.63700 -6.77500 1.14900
173.00000 -40.68000 -45.23700 -21.89100 -9.43000 -19.82600 -25.16700 -3.87600 0.57000 -6.65300 -19.99900 -8.14800 0.16300 -2.97000 -9.19600 -7.75100 1.14900
174.00000 -40.19200 -48.16700 -26.77400 -12.36000 -19.82600 -26.63200 -5.82900 -1.38300 -7.14100 -20.48700 -9.61300 -0.32600 -3.94700 -7.73100 -8.24000 0.66100
175.00000 -40.68000 -51.58500 -30.19200 -15.77800 -19.82600 -26.14300 -9.24700 -1.87200 -7.14100 -20.48700 -9.12500 0.65100 -4.43500 -7.73100 -8.24000 1.14900
176.00000 -42.63300 -52.56100 -31.16900 -17.73100 -19.33800 -25.16700 -12.66500 -1.38300 -6.65300 -19.99900 -7.66000 1.62800 -4.43500 -8.21900 -7.26300 2.61400
177.00000 -44.09800 -51.58500 -29.21500 -18.70700 -19.82600 -24.67900 -13.64100 0.08100 -6.16500 -19.02300 -5.70700 3.09200 -4.43500 -8.21900 -5.79800 4.56700
178.00000 -44.58600 -49.63200 -26.77400 -17.24200 -19.33800 -24.67900 -13.15300 1.05800 -6.16500 -19.02300 -4.73000 3.09200 -3.94700 -8.21900 -5.79800 5.05600
179.00000 -42.14500 -48.65500 -23.35600 -15.28900 -19.33800 -25.65500 -10.71200 1.05800 -6.16500 -19.02300 -5.21900 2.11600 -4.43500 -8.21900 -7.26300 3.59100
180.00000 -38.23900 -48.16700 -20.91500 -12.84800 -18.85000 -26.14300 -8.75900 0.08100 -5.67600 -19.51100 -6.19500 0.16300 -4.92400 -8.21900 -9.70500 0.66100
181.00000 -33.84400 -48.65500 -19.45000 -11.87100 -18.36100 -25.16700 -7.29400 -0.40700 -4.70000 -19.99900 -7.17200 -0.81400 -4.92400 -9.19600 -12.14600 -2.75700
182.00000 -32.37900 -47.67900 -19.45000 -11.38300 -17.87300 -23.70200 -5.82900 -0.40700 -3.23500 -19.99900 -6.19500 -1.30200 -5.41200 -9.68400 -13.12300 -4.22200
183.00000 -34.82100 -46.21400 -21.40300 -12.84800 -17.87300 -21.74900 -4.85200 -0.40700 -2.74700 -19.99900 -4.73000 -1.30200 -5.41200 -11.14900 -13.12300 -4.71000
184.00000 -40.19200 -44.26100 -24.33300 -14.31300 -18.36100 -20.28400 -3.87600 -0.40700 -3.23500 -19.99900 -2.77700 -0.81400 -6.38800 -12.12600 -12.63400 -5.19800
185.00000 -47.02800 -43.77200 -27.26200 -15.77800 -18.36100 -20.28400 -3.87600 -1.38300 -3.72300 -20.48700 -1.80100 -0.81400 -7.36500 -12.12600 -13.12300 -7.15100
186.00000 -50.93400 -44.26100 -29.21500 -16.26600 -18.36100 -20.77200 -4.85200 -2.36000 -4.21100 -20.97600 -1.31200 -1.30200 -8.34100 -12.61400 -14.09900 -10.08100
187.00000 -51.42200 -44.74900 -29.21500 -16.26600 -18.36100 -21.74900 -5.82900 -3.33700 -3.72300 -21.46400 -1.80100 -2.27900 -8.83000 -12.12600 -14.09900 -13.01100
188.00000 -48.98100 -45.23700 -27.26200 -15.77800 -19.33800 -24.19000 -7.29400 -3.33700 -2.74700 -22.44100 -2.77700 -2.76700 -9.31800 -11.63700 -13.61100 -14.47600
189.00000 -46.05100 -45.72600 -25.30900 -15.77800 -20.80300 -27.12000 -8.75900 -3.33700 -2.74700 -23.90500 -4.24200 -3.25500 -9.80600 -11.63700 -12.14600 -13.98700
190.00000 -44.58600 -46.70200 -24.82100 -16.26600 -22.75600 -30.53800 -11.20000 -3.33700 -4.21100 -25.85900 -6.19500 -4.23200 -10.78300 -12.12600 -11.16900 -13.01100
191.00000 -44.58600 -49.63200 -26.28600 -17.24200 -24.70900 -32.49100 -13.15300 -3.33700 -6.65300 -27.81200 -8.14800 -4.72000 -11.27100 -13.10200 -11.65800 -12.52200
192.00000 -45.07400 -53.05000 -28.72700 -18.70700 -25.19700 -32.49100 -13.64100 -3.82500 -8.60600 -29.27700 -8.63600 -5.69700 -11.75900 -15.05500 -13.12300 -13.98700
193.00000 -45.07400 -55.00300 -29.70400 -20.17200 -25.19700 -31.02600 -12.17700 -4.31300 -9.09400 -29.27700 -7.17200 -6.18500 -11.75900 -17.49700 -14.09900 -14.96400
194.00000 -44.58600 -55.00300 -29.21500 -19.68400 -23.24400 -29.07300 -9.24700 -4.80100 -7.62900 -27.32300 -4.73000 -6.18500 -11.27100 -18.96200 -14.58700 -14.47600
195.00000 -43.61000 -52.56100 -27.26200 -18.70700 -21.77900 -27.60800 -6.31700 -4.80100 -6.16500 -25.85900 -3.26500 -6.67300 -11.27100 -19.93800 -13.61100 -13.49900
196.00000 -43.12100 -48.65500 -25.79800 -17.73100 -19.82600 -27.12000 -5.34100 -4.31300 -5.67600 -24.39400 -2.28900 -7.65000 -12.24800 -19.45000 -12.63400 -12.52200
197.00000 -43.61000 -46.70200 -26.28600 -17.24200 -19.33800 -27.12000 -7.29400 -3.82500 -6.65300 -23.41700 -3.75400 -9.60300 -14.20100 -17.98500 -13.12300 -12.03400
198.00000 -43.61000 -47.67900 -28.23900 -18.21900 -19.33800 -27.60800 -8.75900 -3.33700 -7.62900 -21.95200 -5.21900 -11.55600 -15.17700 -15.54400 -14.58700 -12.52200
199.00000 -43.61000 -50.12000 -31.16900 -19.19600 -19.82600 -27.12000 -9.24700 -1.87200 -8.60600 -20.48700 -4.73000 -11.06800 -14.68900 -13.59000 -16.05200 -12.52200
200.00000 -43.12100 -52.56100 -32.14500 -19.19600 -20.31500 -26.14300 -6.80500 0.57000 -8.11800 -18.53400 -3.75400 -9.60300 -12.73600 -13.10200 -16.05200 -11.54600
201.00000 -42.63300 -52.56100 -31.16900 -18.21900 -20.80300 -25.16700 -4.36400 3.01100 -7.14100 -18.04600 -2.77700 -7.65000 -10.78300 -13.10200 -14.58700 -9.10400
202.00000 -42.14500 -50.12000 -28.72700 -16.26600 -20.31500 -24.19000 -3.87600 4.47600 -5.67600 -18.53400 -2.28900 -5.69700 -9.80600 -14.07900 -13.12300 -7.64000
203.00000 -40.68000 -46.70200 -26.28600 -14.80100 -19.82600 -23.21400 -6.31700 3.98800 -5.18800 -19.99900 -3.75400 -5.69700 -10.29500 -15.05500 -11.65800 -7.15100
204.00000 -38.23900 -43.28400 -24.33300 -14.31300 -18.36100 -23.21400 -10.22300 2.03500 -4.70000 -22.44100 -5.21900 -7.65000 -12.24800 -16.52000 -12.14600 -8.61600
205.00000 -34.82100 -42.30800 -24.33300 -14.31300 -16.89700 -23.21400 -13.15300 -0.40700 -4.21100 -23.41700 -6.19500 -9.11500 -13.71300 -17.98500 -13.61100 -11.05800
206.00000 -31.89100 -42.79600 -26.28600 -14.80100 -15.92000 -24.19000 -12.66500 -2.84800 -3.23500 -22.92900 -6.19500 -11.06800 -14.20100 -19.93800 -14.58700 -12.52200
207.00000 -30.42600 -44.26100 -28.72700 -14.80100 -15.43200 -25.16700 -10.22300 -3.82500 -2.25800 -22.44100 -5.70700 -11.55600 -13.71300 -20.91500 -14.58700 -12.52200
208.00000 -31.89100 -46.21400 -30.68000 -14.80100 -15.92000 -26.63200 -8.27000 -3.82500 -1.77000 -21.95200 -5.70700 -11.55600 -12.24800 -20.42600 -14.58700 -11.54600
209.00000 -34.82100 -47.67900 -30.68000 -15.77800 -17.87300 -28.58500 -8.27000 -3.33700 -1.77000 -22.44100 -7.17200 -11.55600 -11.75900 -18.47300 -14.58700 -10.56900
210.00000 -38.72700 -49.63200 -29.70400 -16.26600 -19.82600 -29.56100 -11.20000 -2.84800 -1.28200 -23.90500 -9.12500 -11.06800 -11.27100 -15.05500 -15.07600 -10.56900
211.00000 -41.65600 -51.58500 -28.72700 -17.73100 -20.80300 -30.05000 -14.13000 -2.36000 -0.79300 -24.39400 -10.59000 -10.09100 -10.78300 -12.12600 -15.07600 -10.56900
212.00000 -42.14500 -52.56100 -29.21500 -18.70700 -20.80300 -30.05000 -15.59400 -1.87200 -0.30500 -23.90500 -11.07800 -9.11500 -9.80600 -11.14900 -14.58700 -10.56900
213.00000 -40.68000 -51.09700 -32.14500 -19.68400 -19.33800 -29.56100 -15.10600 -1.38300 0.18300 -22.44100 -10.10100 -7.16100 -7.85300 -12.12600 -13.61100 -10.56900
214.00000 -38.72700 -48.16700 -35.56300 -19.68400 -16.89700 -29.07300 -13.64100 -0.40700 -0.30500 -20.97600 -10.10100 -5.69700 -6.87700 -14.56700 -12.63400 -10.08100
215.00000 -37.75000 -45.23700 -37.02800 -19.68400 -15.43200 -28.58500 -12.17700 -1.38300 -1.28200 -20.97600 -11.56600 -5.69700 -6.38800 -17.00800 -12.63400 -10.56900
216.00000 -38.23900 -44.26100 -35.56300 -20.66000 -14.94300 -28.09700 -12.66500 -3.33700 -2.74700 -21.46400 -14.00800 -7.16100 -7.85300 -17.49700 -13.61100 -11.54600
217.00000 -39.70300 -45.23700 -32.63300 -21.63700 -15.92000 -28.58500 -14.13000 -6.75500 -2.74700 -22.92900 -16.44900 -9.60300 -8.83000 -16.03200 -15.07600 -12.52200
218.00000 -40.19200 -46.70200 -31.16900 -22.61400 -16.89700 -29.07300 -15.59400 -9.19600 -2.25800 -23.41700 -17.91400 -11.55600 -8.83000 -14.07900 -16.05200 -13.49900
219.00000 -40.19200 -47.19000 -33.61000 -23.10200 -17.87300 -29.56100 -16.08300 -10.17300 -0.79300 -23.41700 -17.42600 -12.04400 -8.34100 -11.63700 -16.05200 -13.49900
220.00000 -39.21500 -46.70200 -39.46900 -23.10200 -18.85000 -30.53800 -16.08300 -9.19600 -0.30500 -22.44100 -14.98400 -12.04400 -6.87700 -10.17300 -15.56400 -13.01100
221.00000 -38.72700 -45.23700 -44.35200 -23.10200 -19.82600 -31.51400 -15.10600 -7.24300 -0.79300 -21.46400 -12.54300 -11.06800 -6.38800 -9.68400 -15.07600 -12.03400
222.00000 -38.23900 -44.74900 -44.84000 -22.61400 -20.80300 -31.51400 -14.61800 -5.77800 -1.77000 -20.97600 -9.61300 -10.57900 -6.87700 -8.70800 -14.58700 -11.54600
223.00000 -37.26200 -45.72600 -40.93400 -21.63700 -21.77900 -30.53800 -13.15300 -3.82500 -1.77000 -20.48700 -7.17200 -10.57900 -8.34100 -7.24300 -14.58700 -11.54600
224.00000 -36.77400 -47.19000 -34.58700 -21.14900 -22.26800 -29.56100 -11.68800 -2.84800 -1.28200 -19.99900 -5.21900 -9.60300 -8.83000 -5.77800 -14.58700 -12.03400
225.00000 -35.79700 -50.12000 -30.19200 -20.66000 -21.77900 -28.09700 -10.71200 -2.36000 0.67100 -19.51100 -4.24200 -7.65000 -8.83000 -4.80100 -14.58700 -11.54600
226.00000 -37.26200 -52.56100 -29.70400 -20.66000 -21.29100 -28.58500 -10.71200 -1.87200 2.62500 -20.48700 -3.26500 -5.20800 -7.85300 -6.26600 -14.58700 -10.56900
227.00000 -39.70300 -54.02600 -31.16900 -21.63700 -21.77900 -30.05000 -11.20000 -2.36000 3.11300 -21.95200 -4.24200 -3.74300 -7.36500 -8.70800 -14.58700 -10.08100
228.00000 -44.09800 -54.51500 -32.63300 -22.61400 -23.24400 -32.00300 -13.15300 -3.33700 2.13600 -23.90500 -7.17200 -3.74300 -7.85300 -12.12600 -15.07600 -9.59300
229.00000 -47.51600 -54.02600 -31.16900 -23.59000 -25.19700 -33.95600 -14.61800 -4.80100 0.18300 -25.37000 -10.59000 -5.20800 -8.34100 -14.07900 -16.05200 -9.59300
230.00000 -48.98100 -52.56100 -29.21500 -23.10200 -26.17400 -34.44400 -15.59400 -4.80100 -1.28200 -25.37000 -13.51900 -7.16100 -8.83000 -14.07900 -16.05200 -9.59300
231.00000 -48.00400 -51.09700 -30.19200 -22.61400 -26.17400 -34.44400 -15.10600 -4.31300 -2.25800 -24.39400 -14.98400 -8.62600 -8.34100 -12.61400 -15.56400 -9.59300
232.00000 -45.56300 -50.12000 -35.07500 -22.61400 -25.19700 -33.46800 -13.64100 -3.33700 -2.25800 -23.90500 -14.49600 -9.11500 -7.36500 -9.68400 -14.58700 -9.10400
233.00000 -43.12100 -50.60800 -42.39900 -23.10200 -24.70900 -33.46800 -12.66500 -3.33700 -2.74700 -24.39400 -13.51900 -9.11500 -6.87700 -8.70800 -14.58700 -10.08100
234.00000 -42.63300 -52.56100 -47.28200 -24.56700 -25.19700 -34.93200 -12.17700 -4.31300 -3.72300 -26.34700 -12.54300 -8.62600 -7.85300 -8.70800 -15.56400 -11.05800
235.00000 -43.12100 -55.49100 -46.79400 -26.03100 -26.66200 -36.88600 -13.64100 -6.26600 -6.16500 -29.27700 -12.54300 -8.62600 -9.31800 -10.66100 -17.02900 -13.49900
236.00000 -45.07400 -56.95600 -40.93400 -26.52000 -28.12700 -38.35000 -15.10600 -8.21900 -8.11800 -31.23000 -12.54300 -8.13800 -11.27100 -13.59000 -18.49400 -15.94000
237.00000 -45.56300 -55.97900 -34.58700 -26.03100 -28.12700 -38.83900 -16.57100 -9.68400 -9.58300 -32.20600 -12.54300 -8.13800 -12.73600 -16.52000 -19.47000 -17.40500
238.00000 -45.07400 -52.56100 -31.65700 -24.07800 -26.66200 -36.88600 -16.08300 -10.66100 -9.58300 -31.23000 -11.56600 -8.62600 -13.71300 -17.98500 -19.47000 -18.38200
239.00000 -42.14500 -47.19000 -33.12200 -22.61400 -24.22100 -33.46800 -13.64100 -10.66100 -8.60600 -29.76500 -10.59000 -10.09100 -13.71300 -17.98500 -19.47000 -18.87000
240.00000 -38.72700 -43.77200 -35.56300 -20.66000 -21.77900 -30.05000 -11.68800 -11.14900 -7.62900 -28.78800 -10.59000 -12.04400 -13.22400 -15.54400 -18.98200 -18.87000
241.00000 -35.30900 -43.77200 -36.05100 -19.19600 -20.31500 -27.12000 -10.71200 -10.66100 -7.14100 -29.27700 -11.56600 -14.97400 -12.24800 -11.63700 -19.47000 -19.35800
242.00000 -33.84400 -46.70200 -33.61000 -18.70700 -21.29100 -26.14300 -12.17700 -11.14900 -7.14100 -29.76500 -13.03100 -16.43900 -11.27100 -8.21900 -18.98200 -19.35800
243.00000 -33.84400 -49.63200 -29.21500 -19.19600 -22.75600 -26.14300 -14.61800 -10.66100 -7.14100 -29.76500 -14.00800 -16.43900 -10.29500 -5.77800 -18.00500 -18.38200
244.00000 -34.33200 -49.63200 -26.28600 -19.68400 -23.73300 -26.14300 -16.08300 -9.68400 -6.16500 -28.78800 -14.00800 -14.48600 -8.83000 -5.77800 -17.02900 -16.42900
245.00000 -34.82100 -47.19000 -27.26200 -20.17200 -24.22100 -25.16700 -15.10600 -7.73100 -4.21100 -26.83500 -12.54300 -11.55600 -8.34100 -7.24300 -16.05200 -13.98700
246.00000 -33.84400 -42.30800 -30.19200 -20.17200 -23.73300 -23.70200 -11.20000 -4.80100 -1.28200 -24.88200 -10.59000 -9.11500 -7.36500 -9.19600 -15.07600 -11.54600
247.00000 -31.40300 -38.89000 -32.14500 -18.70700 -22.26800 -22.72500 -6.80500 -1.38300 0.67100 -22.92900 -9.12500 -7.65000 -6.38800 -10.17300 -13.12300 -9.59300
248.00000 -27.98500 -37.91300 -31.16900 -17.73100 -20.80300 -22.72500 -3.87600 0.57000 1.64800 -21.95200 -8.63600 -7.65000 -5.90000 -10.17300 -11.16900 -8.61600
249.00000 -25.05500 -38.89000 -28.72700 -17.24200 -20.31500 -23.70200 -3.38700 0.08100 1.16000 -21.46400 -8.63600 -8.13800 -6.38800 -10.17300 -10.19300 -8.61600
250.00000 -24.07800 -40.84300 -27.26200 -18.21900 -19.82600 -25.65500 -5.82900 -2.84800 -0.79300 -21.95200 -9.61300 -9.60300 -7.36500 -11.14900 -11.16900 -10.08100
251.00000 -25.54300 -42.30800 -28.72700 -20.17200 -20.80300 -27.60800 -9.24700 -7.73100 -3.23500 -23.41700 -11.56600 -12.53300 -9.80600 -13.59000 -14.58700 -12.03400
252.00000 -28.96100 -43.28400 -33.12200 -23.10200 -22.75600 -29.07300 -13.15300 -12.12600 -5.67600 -25.37000 -14.49600 -14.48600 -11.75900 -17.49700 -19.47000 -14.47600
253.00000 -32.86700 -45.23700 -37.51600 -25.54300 -24.70900 -30.53800 -16.57100 -14.56700 -7.62900 -27.81200 -17.91400 -15.95100 -13.22400 -21.40300 -24.35300 -16.91700
254.00000 -34.82100 -47.19000 -38.49300 -26.52000 -26.66200 -32.00300 -19.01200 -14.56700 -8.60600 -29.76500 -20.84400 -15.95100 -13.22400 -23.84400 -26.79400 -18.87000
255.00000 -34.33200 -49.14300 -37.02800 -27.00800 -28.12700 -33.95600 -19.98900 -12.61400 -9.09400 -30.74100 -23.28500 -14.97400 -12.73600 -24.82100 -26.79400 -20.33500
256.00000 -32.37900 -49.14300 -33.61000 -26.03100 -28.61500 -35.90900 -18.52400 -9.68400 -9.58300 -30.74100 -23.77300 -13.50900 -12.24800 -25.30900 -25.33000 -20.33500
