1.00000 7.78200 2.69600 -2.53300 4.05900 7.92400 4.13000 -5.23900 2.01400 0.38700 -0.06100 -2.70600 0.50900 2.64500 2.35000 -0.79300 3.10300
2.00000 9.73500 8.06700 1.37300 3.08200 7.92400 7.06000 -1.82100 0.06100 3.31600 3.35700 -3.68200 2.46200 6.55100 3.81500 5.06600 7.49700
3.00000 10.71200 11.48500 5.28000 3.08200 4.50600 8.03600 4.52700 -1.40400 5.26900 6.77500 -1.24100 4.90300 10.45700 5.76800 10.43700 11.40300
4.00000 9.73500 9.53200 6.74400 3.57100 -0.37600 6.57100 9.41000 -2.38000 5.26900 7.26300 3.15300 6.85600 12.89900 8.20900 12.39000 12.38000
5.00000 7.29400 3.18400 4.30300 5.52400 -2.33000 4.61800 8.92100 -2.38000 3.80500 4.33300 6.57100 6.36800 11.92200 10.16200 9.94900 9.93900
6.00000 5.34100 -2.18700 0.39700 7.47700 -0.86500 2.66500 4.03800 -1.40400 2.34000 0.42700 7.06000 4.41500 8.01600 10.16200 4.57800 4.56700
7.00000 5.82900 -2.18700 -1.06800 9.43000 3.53000 2.66500 -1.33300 0.54900 1.36300 -2.01400 4.13000 1.48500 3.13300 7.72100 0.18300 -0.80400
8.00000 8.75900 4.16100 2.35000 10.40600 8.41300 3.15300 -1.82100 2.01400 1.36300 -1.03800 0.71200 0.99700 0.20300 3.81500 -1.77000 -3.73300
9.00000 12.17700 13.43800 7.23300 10.40600 10.36600 5.10700 3.06200 2.99100 2.34000 1.89200 -1.24100 1.97300 -0.28500 0.88500 0.18300 -2.26800
10.00000 13.64100 19.78600 10.16200 8.45300 9.38900 8.03600 8.92100 2.50200 2.82800 5.79800 0.22400 3.92700 1.66800 -0.58000 3.60100 1.14900
11.00000 10.71200 19.78600 8.69800 5.52400 5.97100 10.96600 11.36300 1.52600 2.34000 7.75100 2.17700 4.90300 4.59800 -0.09200 6.04200 4.56700
12.00000 3.38700 13.92600 2.83800 1.12900 3.04200 12.43100 7.45600 0.06100 1.85100 7.75100 3.64200 4.41500 6.55100 1.37300 6.04200 5.54400
13.00000 -4.91300 6.60200 -3.51000 -2.77700 2.06500 11.45400 1.10900 -1.40400 1.85100 6.77500 3.15300 3.43800 7.52800 3.81500 4.57800 4.56700
14.00000 -9.30800 1.71900 -5.95100 -5.70700 3.53000 8.52500 -3.28600 -2.38000 3.31600 6.28700 3.15300 3.43800 8.01600 7.72100 4.08900 4.07900
15.00000 -7.84300 2.20700 -4.48600 -5.70700 5.48300 5.59500 -0.35600 -1.89200 4.78100 7.26300 5.59500 5.88000 8.99300 12.11500 5.55400 5.05600
16.00000 -1.00700 5.62500 -0.09200 -4.24200 6.46000 5.10700 6.48000 -0.42700 5.75800 8.72800 9.98900 8.32100 9.96900 15.53300 8.48400 7.49700
17.00000 7.29400 9.04300 3.32600 -1.31200 5.48300 7.54800 12.82800 1.52600 5.75800 8.72800 13.89600 10.27400 10.45700 15.04500 10.43700 9.45000
18.00000 11.68800 10.02000 3.32600 -0.33600 3.04200 11.45400 12.33900 2.50200 4.78100 7.75100 13.89600 8.80900 8.50400 10.16200 9.46000 7.98500
19.00000 10.22300 8.06700 0.88500 -0.82400 2.06500 13.40700 4.52700 1.03800 4.29300 6.28700 8.52500 5.39100 5.57500 2.83800 5.55400 4.07900
20.00000 4.85200 5.62500 -3.51000 -3.75400 3.04200 11.94300 -5.23900 -1.40400 4.78100 6.28700 1.20000 1.97300 3.13300 -3.51000 2.13600 0.66100
21.00000 -0.51900 4.16100 -6.92700 -5.70700 5.97100 7.54800 -10.12200 -3.84500 6.24600 7.26300 -3.68200 0.50900 2.64500 -4.97400 1.16000 0.66100
22.00000 -2.47200 4.64900 -8.39200 -6.19500 7.92400 4.61800 -7.68000 -4.33300 7.22200 9.21600 -4.65900 1.48500 4.59800 -0.58000 4.08900 4.07900
23.00000 -0.51900 5.13700 -6.92700 -4.24200 7.92400 4.61800 -1.33300 -3.35700 7.71100 10.19300 -1.72900 3.92700 8.01600 6.74400 7.99600 8.96200
24.00000 2.89900 6.11400 -3.51000 -0.82400 5.97100 8.03600 3.06200 -1.40400 6.73400 9.70500 1.20000 4.41500 9.96900 12.11500 9.46000 10.91500
25.00000 4.85200 6.11400 -0.58000 2.10600 4.01800 10.47800 3.06200 -0.42700 4.78100 7.26300 1.68900 2.95000 8.50400 12.60400 7.01900 8.96200
26.00000 4.36400 6.60200 2.35000 3.08200 4.01800 10.47800 -0.84400 -0.91600 3.31600 3.84500 -0.26400 0.99700 5.57500 8.69800 3.11300 5.05600
27.00000 3.38700 7.57900 2.83800 3.08200 5.48300 8.52500 -3.77400 -1.89200 2.82800 1.89200 -2.70600 0.02000 2.15700 3.81500 -0.30500 2.12600
28.00000 3.87600 8.06700 1.37300 1.61700 7.43600 5.10700 -3.28600 -2.86900 2.82800 -0.06100 -2.70600 0.99700 0.69200 -0.58000 -0.30500 1.14900
29.00000 5.34100 6.60200 -0.58000 1.12900 7.43600 3.15300 -0.84400 -1.89200 2.82800 -2.01400 -0.26400 3.92700 1.18000 -2.04500 1.64800 2.12600
30.00000 7.29400 2.69600 -1.55600 1.12900 4.99500 2.17700 0.62100 -0.91600 1.85100 -3.47900 3.15300 6.36800 2.15700 -2.53300 4.08900 3.10300
31.00000 7.29400 -1.69900 -1.06800 2.10600 1.08800 1.68900 0.13200 1.03800 0.38700 -4.45600 5.10700 6.36800 3.13300 -1.55600 4.08900 2.12600
32.00000 5.34100 -3.65200 1.37300 3.08200 -0.37600 0.71200 -1.82100 2.01400 0.38700 -3.47900 6.57100 5.39100 3.62100 0.39700 2.62500 0.66100
33.00000 2.89900 0.25400 3.81500 3.08200 0.60000 0.22400 -0.84400 2.01400 1.36300 1.40400 7.54800 4.90300 4.59800 4.30300 2.13600 0.66100
34.00000 4.85200 8.06700 5.28000 3.08200 4.01800 2.17700 3.06200 1.52600 3.31600 7.26300 8.52500 5.39100 6.55100 10.16200 2.62500 3.59100
35.00000 10.22300 16.36800 6.25600 3.57100 6.94800 5.59500 8.92100 1.52600 4.78100 12.14600 8.52500 6.85600 8.01600 13.58000 5.55400 7.49700
36.00000 17.05900 20.27400 7.23300 5.03500 7.92400 9.50100 12.33900 1.03800 5.26900 13.12300 6.08300 7.83300 8.99300 13.09200 8.48400 9.93900
37.00000 22.43000 18.32100 8.20900 7.47700 6.46000 11.94300 11.85100 1.03800 3.80500 9.70500 1.68900 7.34500 8.01600 7.23300 8.97200 9.93900
38.00000 21.94200 12.95000 9.67400 9.43000 4.01800 10.96600 7.94500 0.54900 1.85100 3.84500 -2.70600 5.88000 5.57500 -0.09200 7.50700 8.47400
39.00000 17.05900 8.55500 10.16200 8.94200 2.55300 8.03600 3.55000 0.06100 -0.10200 -1.03800 -3.19400 4.90300 3.13300 -5.46300 4.57800 6.52100
40.00000 9.73500 6.11400 8.69800 5.52400 2.06500 4.13000 1.10900 -0.91600 -0.10200 -2.50200 -0.75300 4.90300 2.64500 -4.97400 2.13600 5.05600
41.00000 2.89900 6.60200 5.28000 0.64100 2.06500 1.68900 0.62100 -1.40400 0.87500 -0.54900 2.66500 4.90300 3.62100 -0.09200 1.16000 4.07900
42.00000 -1.00700 6.11400 2.35000 -3.75400 1.08800 0.22400 0.62100 -2.86900 1.85100 1.40400 2.66500 4.90300 5.08600 5.28000 1.16000 2.61400
43.00000 -1.98400 4.16100 -0.09200 -4.73000 -0.37600 -0.26400 -0.35600 -3.84500 1.36300 1.40400 -1.24100 2.95000 6.06300 7.23300 1.16000 0.66100
44.00000 -0.03100 0.74300 -0.58000 -2.77700 -1.84100 -0.26400 -1.82100 -4.33300 0.38700 -0.06100 -6.61200 0.99700 5.57500 4.79100 0.67100 -1.29200
45.00000 2.89900 -1.21100 -0.09200 0.15300 -2.81800 -0.75300 -1.82100 -4.33300 -1.07800 -2.01400 -9.54200 -0.46800 4.11000 0.39700 -1.28200 -2.26800
46.00000 5.82900 -1.69900 -0.09200 1.12900 -2.81800 -1.72900 -0.35600 -3.35700 -2.54300 -3.47900 -8.07700 -0.95600 2.64500 -4.48600 -3.72300 -2.75700
47.00000 5.82900 -0.72200 -1.55600 -0.82400 -2.33000 -3.19400 1.10900 -2.38000 -3.03100 -4.45600 -5.63600 -0.46800 0.69200 -7.41600 -6.16500 -4.22200
48.00000 2.89900 -0.72200 -3.99800 -4.73000 -2.33000 -5.63600 0.62100 -2.38000 -3.52000 -5.92000 -4.65900 -1.44400 -1.26100 -9.36900 -8.11800 -6.66300
49.00000 -1.98400 -1.69900 -6.92700 -8.63600 -3.30600 -8.07700 -4.26200 -3.35700 -4.00800 -8.85000 -8.56500 -2.42100 -3.70300 -10.83400 -10.07100 -10.08100
50.00000 -6.86600 -3.16400 -9.36900 -9.61300 -3.79400 -9.54200 -10.61000 -4.82200 -4.49600 -10.80300 -14.42500 -4.86200 -5.16800 -12.29900 -10.55900 -12.52200
51.00000 -7.84300 -3.16400 -9.85700 -8.14800 -3.30600 -8.07700 -15.98100 -6.28700 -3.52000 -10.80300 -18.81900 -6.32700 -4.67900 -11.81000 -11.04700 -12.03400
52.00000 -5.40200 -0.72200 -9.36900 -5.70700 -1.35300 -4.17100 -17.44600 -6.77500 -2.05500 -8.36200 -18.33100 -6.32700 -2.72600 -9.36900 -10.55900 -9.59300
53.00000 -1.00700 1.23100 -8.39200 -3.75400 0.60000 -0.26400 -15.49300 -6.28700 -0.59000 -5.43200 -14.91300 -5.83900 -0.77300 -6.43900 -10.07100 -7.64000
54.00000 0.94600 2.69600 -6.92700 -3.75400 1.57700 1.20000 -12.07500 -5.79800 0.38700 -4.45600 -11.00700 -4.86200 -0.77300 -4.97400 -9.58300 -8.61600
55.00000 -1.49500 1.71900 -5.46300 -3.75400 0.60000 -0.75300 -9.63300 -4.82200 -0.59000 -5.43200 -9.54200 -4.37400 -3.21500 -6.43900 -9.58300 -12.03400
56.00000 -5.89000 0.25400 -3.99800 -3.75400 -0.86500 -4.65900 -7.19200 -3.84500 -2.05500 -7.87400 -10.51800 -4.37400 -6.63200 -10.83400 -10.07100 -15.94000
57.00000 -7.84300 -0.72200 -2.53300 -2.77700 -0.86500 -6.61200 -5.23900 -2.86900 -3.03100 -8.85000 -12.96000 -3.88600 -9.07400 -15.22800 -10.07100 -17.40500
58.00000 -4.42500 0.74300 -2.04500 -2.28900 1.08800 -5.14700 -3.77400 -2.86900 -2.54300 -7.38500 -14.42500 -2.90900 -8.58600 -18.15800 -9.58300 -14.96400
59.00000 2.41100 3.67200 -3.02100 -2.77700 4.99500 0.22400 -3.77400 -3.84500 -0.59000 -5.43200 -14.42500 -2.42100 -6.63200 -19.13500 -8.60600 -11.05800
60.00000 7.78200 6.60200 -4.97400 -3.26500 8.41300 5.59500 -5.23900 -4.82200 1.85100 -3.96700 -13.93600 -3.39800 -5.16800 -18.15800 -8.11800 -8.61600
61.00000 9.24700 8.06700 -6.43900 -3.26500 10.85400 8.03600 -8.65700 -6.28700 3.31600 -4.94400 -12.96000 -4.86200 -4.67900 -16.69300 -8.60600 -9.10400
62.00000 6.31700 8.55500 -6.43900 -2.28900 11.34200 6.57100 -11.09800 -6.77500 3.80500 -5.92000 -12.96000 -6.32700 -5.65600 -14.74000 -9.09400 -11.05800
63.00000 2.41100 8.06700 -4.97400 -0.82400 10.85400 3.15300 -10.61000 -6.28700 3.80500 -4.94400 -11.98300 -6.81600 -5.65600 -10.83400 -9.58300 -11.05800
64.00000 0.45800 7.57900 -3.02100 0.15300 8.90100 1.68900 -8.16900 -5.79800 4.29300 -1.52600 -10.03000 -5.83900 -4.67900 -4.97400 -8.60600 -9.10400
65.00000 0.94600 6.11400 -2.04500 -0.82400 5.97100 1.20000 -5.23900 -5.31000 4.29300 1.40400 -8.56500 -3.88600 -1.75000 -0.09200 -7.14100 -5.68600
66.00000 0.94600 3.67200 -2.53300 -3.26500 2.06500 2.17700 -3.28600 -4.33300 3.80500 2.38000 -6.61200 -1.93300 0.20300 1.37300 -5.67600 -3.24500
67.00000 -1.00700 0.25400 -3.99800 -4.73000 -1.84100 1.68900 -4.26200 -3.84500 2.34000 -0.06100 -5.63600 -0.95600 0.20300 -1.06800 -4.70000 -4.22200
68.00000 -5.89000 -2.67500 -5.46300 -4.24200 -4.28300 -0.26400 -5.72700 -3.35700 0.87500 -3.47900 -5.14700 -0.46800 -0.77300 -5.46300 -4.70000 -6.17500
69.00000 -10.28400 -4.14000 -4.97400 -2.28900 -3.30600 -1.24100 -6.70400 -2.38000 0.87500 -3.96700 -4.17100 0.02000 -1.75000 -8.39200 -4.70000 -7.15100
70.00000 -11.26100 -2.18700 -2.53300 -0.33600 1.08800 -0.26400 -5.72700 -1.89200 1.36300 -0.54900 -4.17100 0.50900 -0.28500 -6.43900 -3.72300 -5.68600
71.00000 -8.82000 0.74300 -0.09200 0.15300 5.48300 2.17700 -4.26200 -2.38000 1.85100 3.84500 -4.65900 1.48500 2.15700 -2.04500 -1.77000 -2.26800
72.00000 -4.42500 3.67200 2.35000 -1.31200 6.94800 5.10700 -2.30900 -3.35700 1.85100 5.79800 -5.63600 1.48500 3.62100 2.35000 -0.79300 0.17300
73.00000 -0.03100 4.16100 3.32600 -3.75400 4.01800 4.61800 -1.33300 -3.84500 0.87500 3.35700 -6.61200 1.97300 3.62100 3.32600 -1.28200 -0.80400
74.00000 3.38700 2.69600 3.32600 -5.21900 -1.35300 1.68900 -1.33300 -3.84500 -0.10200 -2.01400 -6.12400 1.48500 1.18000 -0.09200 -2.25800 -4.22200
75.00000 5.82900 1.23100 2.35000 -5.21900 -4.77100 -0.75300 -1.33300 -3.35700 -0.59000 -5.43200 -4.65900 1.48500 -1.75000 -4.97400 -3.72300 -7.64000
76.00000 7.29400 0.74300 1.37300 -3.75400 -4.77100 -0.75300 -1.33300 -3.35700 -0.10200 -4.45600 -3.68200 0.99700 -2.23800 -7.41600 -4.21100 -8.61600
77.00000 6.31700 1.71900 0.39700 -2.28900 -1.84100 2.17700 -1.33300 -2.86900 0.87500 0.91600 -2.70600 0.50900 -0.77300 -5.95100 -3.23500 -6.17500
78.00000 3.38700 3.67200 0.39700 -0.82400 1.57700 5.10700 -0.84400 -2.86900 1.36300 5.31000 -3.19400 0.99700 1.18000 -1.06800 -1.77000 -2.26800
79.00000 -1.49500 4.64900 1.37300 -1.31200 2.06500 5.10700 -0.35600 -2.86900 0.87500 6.77500 -3.19400 1.48500 2.64500 3.81500 -0.79300 0.17300
80.00000 -5.40200 4.16100 3.32600 -2.28900 0.11200 1.20000 1.59700 -2.38000 -0.10200 3.35700 -1.24100 2.46200 2.15700 5.28000 -0.30500 0.66100
81.00000 -5.40200 4.16100 5.76800 -2.77700 -2.33000 -1.72900 3.55000 -2.38000 -0.59000 -0.06100 2.66500 3.92700 1.18000 2.83800 0.67100 0.17300
82.00000 -1.98400 5.13700 7.72100 -3.75400 -3.30600 -0.75300 5.99200 -1.89200 -0.59000 -2.01400 7.06000 4.90300 -0.28500 -1.55600 2.62500 0.17300
83.00000 2.41100 6.60200 8.69800 -4.24200 -1.84100 3.15300 7.45600 -1.89200 -0.10200 -1.03800 9.98900 5.88000 -0.28500 -4.48600 6.04200 2.12600
84.00000 4.85200 7.57900 8.69800 -3.75400 -0.37600 8.03600 7.45600 -0.42700 0.38700 1.40400 10.47800 6.85600 0.69200 -4.48600 9.46000 4.56700
85.00000 5.34100 7.09000 9.18600 -2.28900 -0.37600 9.01300 7.45600 2.50200 0.87500 3.35700 9.01300 8.32100 2.15700 -0.58000 12.39000 6.52100
86.00000 5.34100 6.11400 10.16200 0.15300 -2.33000 6.08300 9.41000 4.94400 0.87500 3.35700 8.52500 10.27400 3.62100 4.79100 13.36700 7.98500
87.00000 7.78200 5.13700 12.11500 2.10600 -4.77100 1.68900 12.33900 6.89700 0.38700 2.86900 9.50100 11.73900 4.59800 9.18600 13.85500 8.96200
88.00000 10.22300 5.62500 14.06900 3.08200 -4.77100 1.68900 15.75700 6.89700 0.87500 4.33300 11.45400 12.22700 6.06300 10.65100 13.85500 9.45000
89.00000 11.68800 8.06700 14.06900 3.08200 -3.30600 5.59500 17.22200 4.94400 0.87500 7.75100 12.91900 11.25100 7.03900 10.16200 13.85500 10.42700
90.00000 9.73500 10.50800 12.60400 1.61700 0.11200 10.96600 14.78100 2.50200 0.87500 10.68100 11.94300 9.78600 7.52800 9.18600 13.85500 10.91500
91.00000 5.34100 11.97300 10.65100 -0.33600 2.06500 13.89600 10.38600 0.06100 0.87500 11.65800 9.50100 8.32100 7.03900 8.20900 12.87800 10.42700
92.00000 2.41100 10.99700 9.18600 -1.31200 2.06500 11.94300 5.99200 -0.91600 0.87500 9.21600 6.08300 7.83300 6.55100 7.23300 11.41400 8.47400
93.00000 2.41100 9.53200 8.69800 -1.31200 0.11200 8.03600 4.52700 -1.40400 1.36300 6.28700 3.64200 8.32100 6.06300 6.25600 9.94900 6.52100
94.00000 5.34100 6.60200 9.67400 -0.82400 -2.33000 4.61800 5.50300 -1.40400 1.85100 3.84500 3.64200 9.29800 6.55100 5.28000 8.97200 6.03200
95.00000 7.29400 3.67200 10.16200 -0.33600 -3.30600 4.61800 8.43300 -1.40400 2.82800 3.35700 5.59500 9.78600 7.52800 4.79100 9.46000 6.03200
96.00000 6.31700 2.20700 9.67400 -0.33600 -3.30600 6.08300 9.41000 -0.91600 2.82800 4.82200 8.03600 10.27400 8.01600 4.79100 9.94900 6.52100
97.00000 2.89900 1.23100 8.69800 -0.33600 -2.33000 7.54800 8.92100 0.54900 1.85100 5.31000 9.50100 10.76300 7.52800 5.28000 10.92500 7.00900
98.00000 0.45800 1.23100 7.72100 0.15300 -1.35300 7.06000 5.99200 2.01400 0.38700 4.82200 9.98900 11.73900 7.03900 4.79100 11.41400 7.00900
99.00000 1.43400 2.69600 9.18600 0.15300 -0.86500 6.08300 3.55000 3.47900 -0.10200 2.86900 8.52500 12.71600 6.06300 2.83800 12.39000 7.49700
100.00000 4.36400 3.67200 11.13900 1.12900 -0.86500 5.10700 3.55000 3.96700 0.38700 1.40400 7.06000 14.18100 6.06300 -0.58000 13.36700 8.47400
101.00000 5.82900 5.13700 13.58000 2.10600 -1.35300 5.10700 5.99200 3.47900 1.36300 0.91600 6.08300 14.66900 6.55100 -3.51000 13.36700 9.45000
102.00000 3.38700 6.11400 14.06900 2.59400 -1.84100 5.10700 9.89800 3.47900 1.36300 1.40400 6.08300 13.69200 7.03900 -3.99800 12.39000 9.93900
103.00000 -1.00700 6.60200 13.58000 2.59400 -2.81800 4.61800 11.85100 4.45600 0.38700 1.40400 6.57100 12.71600 7.03900 -2.53300 10.92500 8.47400
104.00000 -2.47200 7.09000 12.60400 2.59400 -2.81800 5.10700 11.36300 5.92000 -1.07800 1.89200 7.06000 11.73900 6.06300 0.39700 9.94900 7.00900
105.00000 2.89900 8.06700 13.09200 2.59400 -2.81800 6.57100 8.92100 7.38500 -2.05500 1.89200 8.03600 12.71600 6.06300 3.32600 9.94900 6.52100
106.00000 13.15300 9.04300 15.04500 2.59400 -1.84100 9.01300 5.99200 8.36200 -2.54300 3.84500 9.50100 13.69200 7.03900 5.28000 11.90200 8.47400
107.00000 21.94200 9.53200 16.99800 3.57100 -1.35300 10.96600 5.99200 9.33800 -1.56700 5.31000 11.45400 15.15700 8.50400 6.25600 13.36700 11.40300
108.00000 23.89500 8.55500 16.99800 5.52400 -0.37600 9.98900 8.92100 9.33800 -1.07800 6.77500 13.89600 15.15700 9.96900 7.72100 14.83200 13.84500
109.00000 17.05900 6.11400 15.04500 7.47700 -0.86500 5.59500 13.31600 8.36200 -0.59000 5.79800 14.87200 14.18100 9.96900 10.65100 13.36700 14.33300
110.00000 6.31700 4.16100 12.11500 8.45300 -2.33000 0.71200 16.24600 5.92000 -1.07800 3.35700 13.40700 11.25100 8.99300 13.09200 10.43700 11.89200
111.00000 -0.03100 3.18400 9.67400 6.98900 -4.28300 -1.24100 15.75700 2.01400 -1.07800 0.42700 8.03600 7.83300 7.52800 13.09200 7.50700 8.47400
112.00000 0.94600 3.18400 9.18600 3.08200 -4.77100 0.22400 12.33900 -1.89200 -1.07800 -0.54900 1.20000 4.90300 7.03900 10.16200 6.04200 6.03200
113.00000 6.80500 4.64900 10.65100 -0.82400 -3.79400 4.61800 7.94500 -4.82200 -0.10200 0.42700 -4.17100 2.46200 7.03900 3.32600 6.04200 5.54400
114.00000 12.66500 6.11400 12.11500 -2.77700 -0.86500 7.06000 5.50300 -4.82200 0.87500 2.38000 -5.14700 1.97300 7.03900 -3.51000 7.50700 6.52100
115.00000 13.64100 7.57900 13.09200 -2.28900 1.57700 6.57100 5.50300 -2.86900 1.36300 2.86900 -1.24100 2.46200 7.03900 -7.41600 8.48400 7.49700
116.00000 9.73500 8.06700 13.09200 0.64100 2.55300 3.15300 7.94500 0.54900 1.36300 0.91600 4.61800 3.43800 6.06300 -7.90400 8.97200 7.00900
117.00000 4.36400 7.57900 12.60400 4.05900 1.08800 -1.24100 10.38600 2.99100 0.38700 -2.50200 9.01300 4.90300 4.59800 -6.43900 8.48400 5.54400
118.00000 0.45800 5.62500 12.60400 5.52400 -2.33000 -3.68200 11.36300 3.47900 -1.56700 -5.92000 9.50100 5.39100 3.13300 -4.97400 7.50700 3.59100
119.00000 -0.51900 3.67200 13.09200 4.54700 -4.77100 -4.17100 9.89800 2.99100 -2.05500 -6.89700 5.59500 4.41500 1.66800 -6.43900 5.55400 1.14900
120.00000 -0.51900 1.23100 12.60400 2.10600 -5.25900 -3.68200 6.96800 1.52600 -2.05500 -5.92000 0.22400 1.97300 0.69200 -8.88100 2.62500 -0.80400
121.00000 0.94600 -0.23400 10.16200 0.15300 -4.28300 -4.17100 3.55000 -0.42700 -0.59000 -3.96700 -3.68200 -0.95600 -0.28500 -10.83400 -1.28200 -2.26800
122.00000 3.87600 -0.72200 7.23300 -0.33600 -2.81800 -4.17100 1.10900 -2.38000 1.36300 -2.01400 -6.12400 -2.90900 -0.28500 -9.36900 -3.72300 -3.73300
123.00000 8.27000 0.25400 4.79100 0.15300 -1.84100 -2.70600 0.13200 -3.84500 2.82800 -0.54900 -5.63600 -3.39800 0.69200 -5.95100 -4.70000 -4.22200
124.00000 13.64100 2.20700 4.30300 1.12900 -2.33000 0.22400 1.10900 -4.82200 2.82800 0.42700 -4.17100 -1.44400 1.66800 -1.55600 -3.23500 -3.73300
125.00000 15.59400 5.62500 6.74400 1.12900 -2.81800 4.61800 2.57400 -4.33300 1.85100 1.40400 -2.21800 1.48500 2.15700 0.39700 -0.30500 -1.78000
126.00000 14.13000 10.99700 9.67400 0.64100 -2.33000 8.03600 3.55000 -2.86900 -0.10200 2.86900 -0.75300 4.90300 1.66800 -1.06800 2.13600 -0.31500
127.00000 9.73500 14.90300 12.11500 0.15300 -1.35300 9.01300 3.55000 -0.42700 -1.56700 2.86900 -0.26400 6.36800 0.20300 -4.97400 2.62500 -0.31500
128.00000 6.31700 16.85600 11.62700 1.12900 0.11200 7.54800 3.06200 1.52600 -2.54300 1.89200 -1.72900 6.36800 -1.26100 -8.88100 1.64800 -1.29200
129.00000 6.80500 13.92600 10.16200 3.57100 1.08800 5.10700 2.08500 2.99100 -2.54300 -0.54900 -3.68200 5.39100 -2.23800 -11.32200 -0.79300 -2.75700
130.00000 9.73500 7.57900 8.20900 6.50000 2.06500 2.66500 1.10900 2.99100 -1.56700 -2.99100 -6.12400 3.92700 -1.75000 -11.32200 -2.25800 -4.22200
131.00000 12.17700 1.71900 6.74400 8.45300 3.04200 1.68900 0.13200 1.52600 -0.10200 -3.47900 -7.10000 2.46200 -0.28500 -10.34500 -2.25800 -3.73300
132.00000 10.71200 0.25400 5.76800 8.94200 4.99500 3.15300 -0.84400 0.54900 1.85100 -2.50200 -7.10000 0.99700 1.66800 -8.88100 -1.28200 -1.29200
133.00000 6.80500 4.16100 4.79100 8.45300 6.94800 6.08300 -0.84400 -1.40400 3.31600 -0.06100 -6.61200 -0.46800 3.13300 -5.95100 -0.30500 1.63800
134.00000 2.89900 10.50800 4.79100 6.98900 8.41300 8.03600 0.13200 -2.86900 4.29300 2.38000 -6.61200 -1.44400 4.11000 -2.53300 0.18300 3.10300
135.00000 2.89900 14.41400 6.25600 5.52400 7.92400 9.01300 1.10900 -3.84500 4.78100 4.82200 -8.07700 -1.44400 4.59800 0.88500 -0.30500 2.12600
136.00000 7.29400 14.41400 8.20900 4.05900 6.94800 9.01300 2.57400 -4.82200 5.26900 5.79800 -10.03000 -1.44400 4.11000 2.83800 -1.77000 -0.31500
137.00000 13.15300 10.50800 10.65100 2.59400 5.97100 8.03600 3.06200 -4.82200 4.78100 6.77500 -11.00700 -0.95600 3.13300 1.86200 -3.72300 -2.26800
138.00000 18.03600 7.09000 12.60400 2.10600 4.99500 7.54800 3.55000 -4.82200 4.29300 6.77500 -10.51800 -0.95600 2.64500 -0.09200 -6.16500 -3.73300
139.00000 19.50100 7.09000 13.58000 2.59400 5.97100 9.01300 3.06200 -3.84500 4.78100 6.77500 -8.07700 -1.44400 2.64500 -1.55600 -6.16500 -2.26800
140.00000 19.50100 10.50800 14.55700 5.03500 7.43600 12.43100 2.57400 -2.86900 5.75800 6.77500 -5.14700 -1.44400 4.11000 -1.06800 -4.70000 0.66100
141.00000 19.98900 15.39100 16.02200 7.96500 8.90100 16.33700 3.55000 -1.89200 7.71100 7.75100 -2.70600 -0.46800 6.06300 1.37300 -2.25800 2.61400
142.00000 21.45400 19.29700 18.46300 10.89500 10.36600 19.75500 5.01500 -0.42700 9.17600 9.70500 -1.72900 1.48500 6.55100 3.81500 -0.30500 2.61400
143.00000 23.89500 21.25000 19.92800 13.33600 11.83100 21.22000 7.94500 1.03800 9.17600 11.16900 -2.21800 2.95000 5.57500 3.32600 -0.30500 0.17300
144.00000 25.84800 21.25000 19.92800 13.82400 12.31900 20.73200 10.38600 2.99100 7.22200 12.14600 -3.19400 3.43800 2.15700 -1.06800 -3.23500 -3.73300
145.00000 24.87200 20.27400 17.97500 12.36000 12.80700 19.26700 11.36300 4.45600 3.80500 11.16900 -4.17100 1.48500 -1.75000 -5.95100 -6.65300 -7.15100
146.00000 21.94200 18.80900 16.51000 10.40600 11.83100 18.29000 11.36300 4.45600 0.38700 8.72800 -4.17100 0.02000 -5.65600 -9.36900 -10.07100 -9.59300
147.00000 18.03600 17.34400 16.02200 8.45300 10.85400 17.80200 10.87400 3.96700 -1.56700 5.79800 -3.68200 -0.95600 -6.63200 -9.36900 -11.04700 -10.56900
148.00000 15.10600 16.85600 16.99800 7.47700 9.87800 17.31400 10.87400 2.01400 -0.59000 4.33300 -3.68200 -1.44400 -5.65600 -6.92700 -10.55900 -10.56900
149.00000 13.64100 17.34400 17.97500 7.96500 9.38900 16.33700 11.85100 0.06100 1.36300 3.84500 -6.12400 -1.44400 -3.70300 -3.99800 -8.11800 -10.08100
150.00000 14.13000 17.83200 18.46300 9.91800 9.38900 13.40700 13.31600 -1.40400 3.80500 4.82200 -9.54200 -1.44400 -2.23800 -3.51000 -6.16500 -9.10400
151.00000 14.61800 17.34400 18.46300 11.87100 9.87800 11.45400 13.31600 -1.89200 4.78100 5.79800 -12.47200 -1.44400 -2.23800 -5.95100 -4.70000 -8.12800
152.00000 16.57100 14.90300 18.95100 14.31300 9.38900 9.98900 11.85100 -0.91600 4.29300 6.28700 -12.47200 -0.95600 -2.72600 -8.39200 -3.72300 -7.15100
153.00000 19.98900 11.48500 20.90500 15.28900 7.92400 10.96600 10.38600 1.03800 3.31600 5.79800 -8.56500 0.99700 -2.72600 -9.36900 -3.23500 -6.17500
154.00000 23.40700 9.04300 22.85800 15.77800 6.46000 12.43100 9.89800 2.01400 2.82800 4.82200 -3.68200 2.95000 -1.75000 -7.90400 -3.23500 -5.19800
155.00000 24.87200 9.53200 22.85800 14.31300 5.48300 12.43100 10.87400 1.52600 2.82800 4.33300 -1.24100 3.92700 -0.77300 -6.43900 -3.72300 -4.71000
156.00000 24.38400 12.95000 19.92800 12.36000 5.97100 10.96600 10.38600 0.06100 2.82800 3.84500 -3.19400 2.95000 0.20300 -7.41600 -4.70000 -5.19800
157.00000 20.96600 16.85600 14.55700 10.89500 5.97100 8.52500 7.94500 -1.40400 1.85100 3.35700 -8.07700 0.02000 0.20300 -10.83400 -6.16500 -6.17500
158.00000 16.57100 18.32100 10.65100 9.91800 5.97100 7.06000 3.55000 -2.38000 0.87500 1.89200 -12.47200 -2.90900 -1.75000 -14.25200 -8.11800 -8.12800
159.00000 14.13000 15.87900 9.67400 8.94200 4.50600 8.03600 -0.35600 -1.40400 -1.07800 0.91600 -12.47200 -2.90900 -3.21500 -15.71700 -9.09400 -10.08100
160.00000 14.13000 10.99700 11.62700 8.45300 4.01800 9.98900 -0.35600 0.06100 -1.07800 1.40400 -8.56500 -0.95600 -3.21500 -12.78700 -9.09400 -10.08100
161.00000 14.61800 8.06700 15.04500 7.96500 4.50600 10.96600 3.55000 1.52600 -0.59000 2.86900 -4.17100 2.46200 -1.26100 -7.90400 -8.11800 -7.64000
162.00000 14.61800 7.57900 16.02200 6.98900 5.97100 10.47800 8.92100 1.52600 1.36300 4.82200 -2.70600 4.41500 1.18000 -3.99800 -7.14100 -4.71000
163.00000 12.17700 10.02000 13.58000 6.50000 8.41300 9.50100 11.36300 -0.91600 2.82800 5.31000 -6.12400 2.46200 2.15700 -3.02100 -7.62900 -2.75700
164.00000 8.75900 11.48500 9.18600 6.01200 9.38900 8.52500 9.41000 -2.86900 3.31600 4.33300 -12.96000 -1.44400 1.18000 -3.99800 -9.09400 -4.22200
165.00000 4.85200 10.99700 5.76800 6.01200 8.41300 9.01300 4.03800 -4.33300 2.82800 2.38000 -17.84300 -6.32700 -0.77300 -5.46300 -11.53600 -7.64000
166.00000 3.38700 8.06700 5.28000 6.01200 6.46000 9.98900 -0.35600 -4.33300 2.82800 1.40400 -18.33100 -7.79200 -1.75000 -4.48600 -11.53600 -10.08100
167.00000 3.87600 5.13700 6.25600 6.01200 4.50600 10.96600 -0.84400 -3.35700 2.82800 3.35700 -13.93600 -5.35100 -0.28500 -1.55600 -9.09400 -8.12800
168.00000 6.31700 5.13700 8.20900 6.50000 4.50600 11.45400 3.06200 -1.89200 3.80500 6.77500 -7.58900 0.02000 3.62100 1.86200 -4.21100 -1.78000
169.00000 9.73500 7.57900 8.20900 6.01200 5.97100 11.94300 7.45600 -1.40400 4.78100 9.70500 -2.21800 5.39100 7.03900 2.83800 1.16000 6.03200
170.00000 13.15300 10.99700 7.72100 6.01200 7.43600 12.91900 9.41000 -1.89200 5.26900 10.19300 -0.26400 7.34500 8.01600 0.88500 3.60100 9.45000
171.00000 15.10600 12.46100 6.74400 5.52400 7.43600 13.89600 8.43300 -2.38000 4.29300 7.26300 0.71200 6.36800 5.08600 -3.02100 3.11300 6.52100
172.00000 12.66500 11.48500 6.25600 5.03500 5.97100 13.89600 5.01500 -1.89200 3.31600 3.35700 0.71200 3.92700 0.69200 -7.41600 0.18300 -0.31500
173.00000 8.75900 9.53200 5.76800 4.05900 3.53000 10.96600 3.06200 -1.40400 2.34000 -0.06100 1.68900 2.46200 -3.21500 -8.88100 -1.77000 -6.66300
174.00000 4.36400 8.06700 4.30300 3.08200 1.57700 7.54800 2.57400 -0.42700 1.36300 -1.03800 2.66500 3.43800 -3.70300 -7.41600 -1.77000 -8.12800
175.00000 2.89900 8.55500 2.83800 2.10600 1.08800 5.59500 3.55000 0.54900 1.85100 0.91600 3.15300 6.36800 -1.26100 -3.99800 1.16000 -4.22200
176.00000 5.82900 9.53200 3.81500 1.61700 3.53000 7.54800 5.01500 0.06100 2.82800 4.33300 2.17700 9.29800 3.13300 0.39700 5.55400 2.61400
177.00000 10.22300 10.50800 6.25600 2.10600 5.97100 11.94300 5.99200 -0.91600 4.29300 8.24000 1.20000 10.76300 6.55100 3.81500 8.97200 7.49700
178.00000 12.66500 10.02000 9.67400 3.08200 8.41300 14.87200 6.48000 -1.40400 5.75800 11.16900 1.20000 10.27400 7.52800 5.28000 9.94900 7.49700
179.00000 10.71200 8.55500 11.13900 3.57100 7.92400 15.36100 7.45600 -1.89200 5.75800 11.65800 2.17700 9.29800 5.08600 3.81500 8.48400 3.59100
180.00000 5.34100 7.57900 9.18600 3.57100 4.99500 12.43100 8.92100 -2.38000 4.29300 9.70500 2.17700 7.34500 2.15700 0.88500 6.04200 -1.29200
181.00000 -0.03100 9.04300 5.28000 3.08200 1.57700 9.01300 9.41000 -2.86900 2.34000 6.28700 1.20000 6.36800 0.20300 -2.04500 3.60100 -4.22200
182.00000 -1.49500 11.48500 1.37300 1.61700 -1.35300 8.03600 9.41000 -3.35700 0.38700 2.38000 -0.75300 5.39100 0.20300 -3.51000 2.13600 -3.73300
183.00000 1.92300 13.43800 0.88500 -0.33600 -1.84100 9.50100 8.92100 -3.84500 -0.10200 -0.06100 -0.75300 5.39100 1.66800 -3.02100 1.64800 -0.31500
184.00000 7.29400 12.95000 3.32600 -1.31200 -0.86500 10.96600 9.41000 -3.35700 -0.10200 -0.54900 2.17700 5.88000 3.13300 -1.06800 1.16000 2.12600
185.00000 9.73500 9.53200 5.28000 -1.80100 0.60000 9.98900 9.89800 -2.86900 0.87500 0.42700 6.08300 5.88000 2.64500 -0.09200 0.18300 2.61400
186.00000 8.27000 5.13700 4.79100 -1.80100 1.08800 7.06000 8.92100 -2.38000 1.85100 2.38000 7.54800 5.39100 1.18000 -1.06800 -1.77000 0.17300
187.00000 2.41100 1.71900 0.39700 -1.80100 1.57700 3.64200 5.01500 -2.86900 2.82800 2.86900 4.61800 4.41500 -0.77300 -3.99800 -3.72300 -3.73300
188.00000 -2.96000 0.25400 -4.48600 -2.28900 1.08800 2.66500 -0.84400 -4.33300 3.31600 2.38000 -2.70600 3.43800 -1.75000 -7.41600 -5.18800 -7.15100
189.00000 -4.91300 0.25400 -6.92700 -3.26500 1.08800 4.61800 -6.21500 -6.28700 3.80500 1.40400 -10.51800 2.46200 -0.28500 -9.36900 -5.67600 -7.64000
190.00000 -2.47200 1.71900 -5.46300 -4.24200 0.60000 7.54800 -7.68000 -7.26300 3.80500 0.91600 -13.93600 2.95000 2.15700 -8.88100 -4.70000 -6.17500
191.00000 1.92300 2.69600 -1.55600 -4.73000 0.11200 8.52500 -5.23900 -6.77500 3.31600 1.89200 -11.98300 4.41500 4.11000 -6.43900 -2.74700 -3.73300
192.00000 5.82900 3.67200 1.86200 -4.24200 -0.86500 7.06000 0.13200 -5.31000 2.34000 3.35700 -7.10000 5.88000 4.11000 -3.51000 -1.28200 -1.29200
193.00000 5.82900 5.13700 2.83800 -3.26500 -2.81800 5.10700 4.52700 -4.33300 1.36300 3.84500 -2.21800 6.36800 2.64500 -2.04500 -0.79300 -0.31500
194.00000 2.89900 5.62500 1.37300 -2.77700 -3.79400 5.10700 6.48000 -3.84500 1.85100 4.33300 -1.24100 6.36800 0.20300 -2.53300 -1.28200 -0.80400
195.00000 -0.51900 5.13700 -1.06800 -2.77700 -3.30600 7.06000 5.99200 -3.84500 2.82800 3.84500 -2.70600 5.39100 -1.26100 -3.99800 -2.74700 -2.75700
196.00000 -1.98400 4.16100 -2.04500 -3.75400 -1.84100 10.47800 5.50300 -3.35700 3.80500 4.33300 -3.19400 5.39100 -0.77300 -5.46300 -4.21100 -4.71000
197.00000 -1.49500 3.18400 -2.04500 -4.73000 -0.37600 11.94300 5.01500 -2.86900 3.80500 4.82200 -1.72900 6.36800 1.18000 -6.43900 -5.18800 -5.68600
198.00000 -1.49500 2.69600 -1.55600 -5.21900 -0.86500 9.98900 5.01500 -1.89200 2.34000 5.31000 1.20000 7.83300 2.64500 -6.43900 -3.72300 -4.71000
199.00000 -2.47200 3.18400 -1.55600 -4.24200 -2.33000 5.10700 3.55000 -1.89200 0.38700 4.33300 3.15300 9.29800 4.59800 -5.46300 -0.79300 -2.26800
200.00000 -2.96000 4.16100 -2.04500 -2.77700 -3.79400 1.20000 1.10900 -1.89200 -0.59000 2.38000 2.17700 9.29800 5.57500 -3.99800 2.62500 1.14900
201.00000 -1.98400 5.13700 -2.04500 -1.80100 -4.28300 1.20000 0.13200 -2.38000 -0.10200 1.40400 0.71200 8.80900 6.06300 -0.58000 5.55400 4.07900
202.00000 2.41100 5.62500 -1.06800 -0.82400 -2.81800 5.10700 0.62100 -2.38000 1.85100 1.40400 0.22400 7.83300 7.03900 3.32600 6.53100 5.54400
203.00000 8.27000 6.11400 1.37300 0.15300 -0.86500 9.50100 2.57400 -1.89200 3.31600 3.84500 0.71200 6.36800 7.03900 7.23300 5.55400 4.56700
204.00000 12.17700 6.60200 2.35000 0.64100 1.57700 10.96600 3.06200 -1.40400 4.29300 6.28700 2.17700 4.90300 6.06300 9.18600 3.11300 2.12600
205.00000 12.17700 7.09000 1.37300 1.61700 2.06500 8.03600 0.62100 -1.40400 3.31600 5.79800 0.71200 3.43800 4.11000 6.74400 -0.30500 -0.31500
206.00000 8.27000 6.60200 -0.58000 2.10600 1.08800 2.66500 -3.28600 -1.89200 0.87500 2.38000 -3.19400 2.46200 1.66800 0.88500 -2.25800 -1.78000
207.00000 3.87600 6.11400 -2.04500 1.61700 -0.86500 -0.26400 -5.23900 -2.86900 -1.07800 -2.50200 -7.10000 2.95000 0.69200 -5.46300 -2.74700 -1.29200
208.00000 1.92300 5.13700 -1.55600 0.15300 -1.84100 0.71200 -2.79700 -3.84500 -2.54300 -4.94400 -7.58900 5.39100 2.15700 -7.41600 -0.79300 2.12600
209.00000 2.41100 5.62500 -0.09200 -2.28900 -2.33000 6.57100 4.52700 -5.79800 -2.54300 -2.99100 -3.68200 8.32100 6.06300 -3.51000 2.62500 7.00900
210.00000 4.36400 7.09000 1.37300 -4.73000 -1.84100 11.94300 11.36300 -7.26300 -0.59000 3.84500 1.68900 10.76300 10.45700 4.79100 6.04200 11.40300
211.00000 6.31700 9.53200 1.37300 -6.19500 -0.86500 14.38400 13.80400 -7.75100 1.85100 10.68100 5.10700 10.76300 12.41000 12.11500 7.99600 12.38000
212.00000 7.78200 12.46100 0.88500 -5.21900 1.08800 13.89600 10.38600 -6.77500 4.29300 14.58700 4.61800 8.32100 10.94600 14.06900 7.50700 9.45000
213.00000 10.71200 13.92600 1.37300 -2.77700 2.55300 11.45400 4.52700 -5.31000 5.26900 13.61100 2.17700 5.39100 7.03900 9.18600 4.57800 4.56700
214.00000 13.15300 13.43800 3.81500 1.61700 3.53000 10.96600 1.10900 -3.35700 4.78100 10.19300 -0.26400 4.41500 3.13300 0.88500 2.13600 0.17300
215.00000 14.13000 12.46100 7.72100 3.57100 4.01800 11.45400 2.08500 -2.38000 4.29300 7.26300 0.22400 5.39100 1.66800 -4.97400 1.16000 -1.29200
216.00000 11.20000 10.02000 9.18600 3.08200 3.04200 11.45400 6.48000 -2.86900 3.80500 6.28700 2.17700 7.83300 3.13300 -4.97400 1.64800 -0.31500
217.00000 5.34100 8.06700 7.23300 0.64100 1.57700 9.98900 8.92100 -4.82200 3.80500 7.75100 2.66500 8.80900 6.06300 0.39700 2.13600 2.12600
218.00000 -1.00700 7.09000 2.83800 -2.77700 0.60000 8.03600 7.94500 -6.28700 5.26900 9.70500 0.71200 7.83300 8.99300 7.23300 2.13600 4.07900
219.00000 -1.98400 8.55500 0.39700 -4.73000 1.57700 9.50100 4.52700 -6.77500 6.73400 11.16900 -1.72900 5.39100 10.45700 11.62700 0.18300 5.54400
220.00000 4.36400 12.46100 2.83800 -2.28900 4.50600 15.36100 3.06200 -4.82200 8.68700 13.61100 -2.70600 3.43800 9.96900 12.60400 -0.30500 5.54400
221.00000 14.13000 17.83200 10.16200 1.61700 8.90100 23.17300 6.48000 -2.38000 10.15200 17.02900 1.20000 3.43800 8.99300 11.62700 1.16000 6.03200
222.00000 22.43000 21.73900 17.97500 5.52400 11.83100 28.54400 13.80400 0.06100 10.15200 19.47000 8.52500 6.36800 7.52800 10.16200 4.57800 6.03200
223.00000 22.91900 21.73900 20.41600 6.98900 10.85400 26.59100 20.15200 1.52600 8.19900 18.98200 14.38400 9.78600 6.06300 7.23300 7.01900 5.05600
224.00000 16.08300 17.34400 16.99800 5.52400 6.94800 17.31400 21.12800 2.50200 4.78100 13.12300 14.38400 10.27400 3.62100 3.32600 5.06600 1.63800
225.00000 6.31700 10.99700 9.18600 4.05900 2.06500 7.54800 15.26900 2.01400 1.36300 4.33300 6.57100 7.83300 0.20300 -2.04500 -0.30500 -2.75700
226.00000 0.45800 6.60200 3.32600 3.57100 -1.35300 2.66500 6.48000 1.03800 -0.59000 -2.50200 -5.14700 2.95000 -3.21500 -5.95100 -6.65300 -7.15100
227.00000 0.94600 8.06700 2.83800 5.52400 -0.37600 5.59500 -0.35600 -0.42700 -0.10200 -3.96700 -14.91300 -0.46800 -4.67900 -6.92700 -10.07100 -9.10400
228.00000 5.34100 12.95000 5.76800 7.47700 3.53000 14.38400 -2.30900 -1.89200 3.31600 2.38000 -18.33100 -0.46800 -2.72600 -3.02100 -7.62900 -7.15100
229.00000 9.24700 17.34400 9.67400 7.47700 7.43600 21.22000 0.62100 -2.38000 7.22200 10.68100 -13.93600 3.43800 1.18000 3.32600 -1.77000 -2.26800
230.00000 8.75900 15.87900 9.67400 4.05900 7.43600 21.70800 5.50300 -2.38000 9.17600 16.54100 -4.65900 9.78600 5.57500 7.72100 4.08900 2.61400
231.00000 4.85200 9.53200 5.76800 0.15300 4.01800 15.36100 8.43300 -0.91600 7.71100 15.07600 3.64200 14.66900 8.01600 6.25600 6.04200 4.56700
232.00000 1.92300 0.25400 1.86200 -2.28900 -1.35300 7.06000 8.43300 1.03800 3.31600 7.75100 7.54800 16.62200 7.03900 0.39700 3.60100 3.10300
233.00000 1.92300 -5.60500 0.88500 -1.31200 -4.77100 1.20000 6.48000 2.01400 -0.59000 -0.06100 5.59500 15.15700 4.11000 -5.95100 -0.30500 -0.31500
234.00000 4.85200 -5.60500 2.83800 1.61700 -4.77100 0.71200 4.52700 1.52600 -2.54300 -3.47900 0.71200 11.73900 2.15700 -7.41600 -2.74700 -2.75700
235.00000 6.80500 -1.69900 4.79100 3.08200 -1.84100 2.66500 2.57400 -0.91600 -1.56700 -1.03800 -4.65900 8.32100 2.64500 -2.04500 -1.77000 -2.26800
236.00000 4.85200 2.20700 4.30300 1.61700 0.60000 5.59500 1.10900 -3.84500 1.85100 4.82200 -7.10000 7.34500 5.57500 6.74400 1.64800 1.63800
237.00000 0.45800 4.16100 0.88500 -2.77700 0.11200 6.57100 0.13200 -5.79800 4.78100 9.21600 -7.10000 8.80900 9.96900 13.09200 5.06600 7.00900
238.00000 -2.47200 5.13700 -2.04500 -6.68300 -1.84100 7.54800 0.13200 -6.28700 5.75800 10.68100 -4.17100 10.76300 12.41000 13.58000 7.01900 10.91500
239.00000 0.94600 6.60200 -1.06800 -6.68300 -3.79400 10.47800 2.57400 -4.82200 5.26900 10.19300 0.22400 12.71600 12.41000 9.67400 7.99600 12.86800
240.00000 8.75900 11.97300 4.30300 -2.28900 -3.79400 14.38400 6.48000 -2.86900 3.80500 8.72800 5.10700 13.20400 10.45700 5.28000 8.97200 12.38000
241.00000 16.57100 15.87900 10.65100 2.59400 -0.86500 18.77800 10.87400 -0.91600 2.82800 8.72800 9.50100 12.22700 8.50400 3.81500 10.92500 11.40300
242.00000 17.05900 16.36800 14.06900 6.01200 3.04200 19.75500 12.33900 0.06100 2.34000 10.19300 12.43100 10.27400 6.55100 6.25600 11.41400 10.91500
243.00000 10.22300 11.48500 12.11500 5.52400 4.50600 16.33700 10.87400 0.06100 1.85100 10.68100 10.96600 8.80900 5.08600 8.20900 11.41400 10.42700
244.00000 -0.51900 3.67200 6.74400 2.59400 3.04200 9.98900 7.94500 0.06100 0.38700 8.72800 7.06000 7.83300 3.13300 7.23300 8.97200 8.47400
245.00000 -7.35500 -1.69900 1.37300 0.15300 -0.37600 3.64200 5.50300 0.06100 -1.07800 4.33300 0.22400 7.83300 0.20300 1.37300 4.57800 4.56700
246.00000 -5.89000 -2.18700 0.39700 0.64100 -3.79400 0.71200 5.99200 0.54900 -3.03100 -0.54900 -5.63600 5.88000 -3.21500 -5.46300 0.18300 -1.29200
247.00000 3.87600 2.69600 2.83800 4.54700 -5.25900 1.68900 8.92100 1.52600 -3.52000 -3.47900 -7.58900 4.41500 -5.65600 -7.90400 -2.25800 -6.17500
248.00000 14.61800 9.04300 5.76800 8.94200 -4.28300 4.13000 11.36300 2.01400 -3.03100 -3.47900 -4.65900 2.95000 -5.65600 -4.97400 -2.74700 -9.10400
249.00000 19.50100 12.95000 6.74400 10.89500 -1.84100 6.08300 11.85100 2.01400 -2.05500 -1.03800 -0.26400 2.95000 -3.70300 0.88500 -2.25800 -7.64000
250.00000 16.08300 12.95000 5.28000 8.94200 0.11200 5.59500 8.43300 1.52600 -1.56700 0.91600 2.66500 2.95000 -1.26100 5.28000 -1.77000 -4.22200
251.00000 8.27000 10.02000 2.35000 4.54700 0.11200 3.15300 4.52700 0.54900 -2.05500 0.42700 1.68900 4.41500 0.69200 4.30300 -1.28200 -0.31500
252.00000 1.43400 6.11400 0.88500 0.15300 -1.35300 -0.75300 1.10900 0.06100 -3.03100 -3.47900 -0.75300 6.36800 1.18000 -0.58000 -0.79300 2.12600
253.00000 -0.51900 2.20700 0.39700 -2.28900 -3.79400 -4.17100 0.13200 0.06100 -4.49600 -7.87400 -2.21800 8.32100 0.69200 -7.41600 0.18300 2.61400
254.00000 0.94600 -0.72200 0.39700 -1.31200 -6.23600 -6.61200 0.62100 0.06100 -5.47300 -10.31500 -0.26400 10.76300 0.20300 -10.34500 1.64800 2.61400
255.00000 3.38700 -3.65200 0.39700 0.64100 -7.70100 -6.61200 1.59700 1.52600 -4.98500 -9.33800 4.61800 12.22700 1.18000 -7.41600 3.60100 3.10300
256.00000 3.87600 -5.11700 -0.09200 2.59400 -7.70100 -3.68200 2.08500 2.01400 -3.52000 -4.45600 9.01300 13.69200 4.11000 -0.58000 5.06600 5.05600
