1.00000 2.64500 8.85000 0.12200 -2.52300 0.61000 4.27200 -0.38700 1.95300 0.63100 1.67800 3.34700 5.17800 -1.91200 -5.04600 7.76200 5.62500
2.00000 -7.12100 2.50200 1.58700 -1.05800 -0.85400 2.80800 0.59000 1.46500 1.11900 0.70200 4.32300 2.73600 -2.40100 -6.51000 5.32000 3.67200
3.00000 -12.98000 -1.89200 2.07500 0.89500 -2.31900 2.80800 2.05500 1.46500 0.14200 -0.76300 4.81200 0.78300 -2.40100 -6.02200 2.39100 1.23100
4.00000 -9.56200 -1.89200 1.09900 1.87200 -2.31900 4.76100 2.54300 1.46500 0.14200 -0.27500 5.30000 -0.19300 -0.93600 -1.62800 -0.05100 -0.23400
5.00000 -0.77300 1.03800 0.12200 0.40700 -0.85400 7.20200 2.54300 0.48800 0.63100 1.67800 6.76500 -0.19300 1.01700 3.25500 -0.53900 0.74300
6.00000 7.52800 4.45600 1.09900 -1.05800 1.09900 7.20200 3.03100 -0.48800 1.60700 3.63200 8.23000 -0.19300 3.45900 7.65000 -0.53900 2.69600
7.00000 9.96900 5.43200 3.54000 -1.54600 1.58700 6.22600 4.49600 -0.48800 2.09600 5.09600 8.23000 -0.68200 4.43500 10.09100 0.43700 5.13700
8.00000 8.01600 5.43200 7.44600 -0.08100 1.09900 5.24900 6.44900 -0.48800 2.09600 6.56100 6.76500 -0.68200 4.92400 11.55600 1.41400 7.09000
9.00000 4.59800 5.92000 9.39900 1.38300 0.61000 7.69000 7.91400 0.00000 2.09600 9.00300 3.83500 -0.19300 6.38800 12.04400 2.39100 8.06700
10.00000 4.59800 8.36200 9.39900 1.38300 1.09900 13.06200 8.40300 0.00000 3.56000 13.39700 1.39400 0.29500 8.34100 12.53300 3.85500 9.53200
11.00000 8.01600 10.80300 7.93500 -0.08100 3.05200 18.43300 6.44900 -0.97700 5.02500 16.81500 0.41700 0.78300 10.29500 13.02100 4.83200 11.97300
12.00000 11.43400 11.78000 6.95800 -1.54600 5.49300 20.38600 4.49600 -1.46500 6.00200 18.28000 1.39400 0.29500 10.78300 12.04400 5.32000 13.43800
13.00000 11.43400 10.31500 8.91100 -1.05800 6.95800 18.43300 2.54300 -0.97700 5.02500 15.35000 2.37000 -1.17000 9.31800 10.57900 3.85500 13.43800
14.00000 7.52800 6.89700 11.35300 0.89500 6.47000 14.52600 2.05500 -0.48800 2.58400 9.97900 2.37000 -2.63500 6.38800 9.11500 1.90200 10.99700
15.00000 2.15700 3.96700 12.32900 4.31300 4.51700 11.10800 2.05500 0.48800 -0.34600 5.09600 0.90500 -3.61100 2.97000 7.65000 -0.05100 8.55500
16.00000 -1.75000 2.01400 10.37600 5.77800 2.56300 9.15500 2.05500 1.95300 -2.29900 1.67800 -1.04800 -2.63500 0.52900 6.18500 -0.53900 6.11400
17.00000 -2.23800 1.52600 6.47000 5.29000 2.07500 8.66700 2.54300 2.44100 -2.29900 1.19000 -2.02400 -1.17000 -0.93600 3.74300 -0.05100 4.16100
18.00000 1.18000 2.99100 4.51700 2.84800 3.54000 7.69000 2.54300 3.41800 -1.32200 1.67800 -1.53600 0.29500 -2.88900 0.81400 0.43700 2.20700
19.00000 6.06300 3.96700 5.00500 1.87200 5.49300 6.22600 4.49600 3.90600 -0.34600 2.16700 0.41700 1.27200 -5.33000 -1.62800 0.43700 -1.21100
20.00000 9.96900 6.40900 7.93500 1.87200 6.47000 4.27200 7.91400 3.41800 -0.83400 1.67800 2.85800 1.27200 -7.77200 -4.06900 0.92600 -5.11700
21.00000 10.45700 6.40900 9.39900 2.36000 5.98100 4.27200 10.84400 2.44100 -1.81100 0.70200 5.30000 1.76000 -10.21300 -5.53400 2.39100 -8.04600
22.00000 6.55100 3.96700 7.93500 3.33700 3.54000 6.71400 11.82000 1.46500 -3.76400 -0.27500 7.74100 3.71300 -10.70100 -6.51000 4.83200 -8.53500
23.00000 1.18000 0.06100 4.51700 3.33700 1.58700 9.64400 8.89100 0.97700 -5.22900 -1.25100 10.18300 6.15400 -9.72500 -7.97500 7.27300 -7.07000
24.00000 -2.72600 -2.86900 2.07500 2.84800 1.09900 10.62000 4.00800 0.97700 -6.20500 -2.22800 11.64800 7.61900 -8.74800 -10.41700 8.25000 -4.14000
25.00000 -2.72600 -2.38000 2.56300 2.84800 1.58700 8.17900 -0.87500 1.95300 -6.69400 -3.20400 11.15900 7.13100 -8.26000 -12.85800 6.78500 -2.67500
26.00000 0.20300 1.03800 5.49300 3.33700 1.58700 3.29600 -1.85100 2.44100 -6.69400 -3.69300 9.69400 5.17800 -9.23700 -13.34600 3.85500 -3.16400
27.00000 2.64500 4.94400 6.95800 2.36000 0.61000 -0.61000 -0.87500 1.46500 -6.69400 -3.20400 5.78800 1.76000 -9.72500 -12.37000 0.43700 -5.11700
28.00000 0.20300 5.43200 4.02800 -0.57000 -1.83100 -2.07500 1.07800 -0.97700 -5.22900 -1.74000 1.88200 -1.65800 -8.74800 -8.95200 -2.49200 -7.07000
29.00000 -5.16800 3.47900 -2.31900 -4.47600 -2.80800 0.36600 -0.38700 -3.90600 -3.27600 -0.76300 -2.02400 -4.58800 -6.79500 -5.04600 -3.95700 -7.55800
30.00000 -9.07400 0.54900 -8.66700 -7.40600 -0.36600 4.76100 -4.78100 -5.85900 -0.34600 0.21400 -5.93100 -6.05300 -4.35400 -1.13900 -4.44500 -6.09300
31.00000 -7.60900 0.54900 -10.13200 -7.40600 4.02800 8.17900 -9.17600 -6.34800 1.11900 0.70200 -8.37200 -6.05300 -2.88900 0.32600 -3.95700 -3.16400
32.00000 -1.26100 2.99100 -5.73700 -4.47600 7.93500 9.15500 -9.66400 -4.88300 0.63100 1.67800 -8.37200 -5.07600 -2.40100 0.32600 -2.49200 0.25400
33.00000 5.57500 4.94400 1.09900 -1.05800 8.42300 6.71400 -6.24600 -1.95300 -1.32200 2.65500 -6.41900 -2.63500 -1.91200 -0.16300 -0.05100 3.18400
34.00000 6.55100 3.47900 5.98100 0.40700 4.51700 2.80800 -1.85100 0.00000 -3.27600 3.63200 -4.46600 -0.19300 -0.44800 0.32600 1.90200 5.62500
35.00000 1.18000 -1.89200 5.49300 -1.05800 -0.85400 -0.12200 -0.38700 0.48800 -3.76400 3.14300 -3.97700 -0.19300 1.50600 2.76700 1.90200 6.60200
36.00000 -6.14400 -7.26300 -0.36600 -3.98800 -4.76100 -0.12200 -3.80500 -1.46500 -2.78700 2.16700 -5.44200 -2.63500 3.94700 6.67300 -0.05100 6.11400
37.00000 -10.05000 -8.72800 -6.71400 -5.45200 -4.76100 2.31900 -9.17600 -4.39500 -0.34600 1.19000 -8.37200 -7.02900 4.92400 9.60300 -3.95700 4.64900
38.00000 -7.60900 -4.82200 -9.15500 -5.45200 -1.83100 6.71400 -12.10500 -6.83600 1.11900 2.16700 -10.81300 -10.44700 4.43500 9.60300 -7.37500 2.69600
39.00000 -2.23800 1.03800 -6.71400 -3.98800 1.09900 10.62000 -10.64000 -7.81200 1.60700 4.12000 -10.81300 -11.42400 2.48200 4.72000 -9.32800 1.71900
40.00000 -0.77300 4.94400 -1.34300 -4.47600 2.56300 12.08500 -6.24600 -7.32400 1.11900 6.07300 -9.83700 -9.47100 0.52900 -3.09200 -9.81600 0.25400
41.00000 -4.19100 4.94400 2.56300 -5.94100 3.05200 11.59700 -2.82800 -5.37100 1.11900 6.56100 -8.86000 -7.02900 -1.42400 -10.41700 -10.30500 -2.67500
42.00000 -9.07400 2.50200 2.56300 -7.40600 4.02800 9.64400 -1.85100 -3.41800 1.60700 5.09600 -9.34900 -6.05300 -3.37700 -14.32300 -11.77000 -7.55800
43.00000 -10.53900 1.03800 0.61000 -5.94100 5.98100 7.20200 -2.34000 -2.44100 2.09600 2.16700 -11.30200 -7.02900 -5.81900 -13.83500 -14.21100 -14.39400
44.00000 -4.67900 1.52600 -0.85400 -1.05800 7.93500 4.76100 -0.87500 -1.95300 2.09600 -0.27500 -11.79000 -8.98200 -9.23700 -10.41700 -16.65200 -20.74200
45.00000 5.57500 2.99100 0.12200 3.82500 7.44600 2.31900 3.03100 -1.95300 0.14200 -1.74000 -10.81300 -9.95900 -11.67800 -8.46400 -18.11700 -24.64800
46.00000 12.41000 2.99100 3.54000 6.75500 4.02800 0.85400 4.98500 -1.46500 -2.29900 -1.74000 -7.88400 -8.98200 -13.63100 -9.92800 -18.11700 -25.62500
47.00000 11.92200 2.01400 5.00500 5.29000 0.12200 -0.12200 3.03100 -0.97700 -4.74000 -2.22800 -6.90700 -7.02900 -14.60800 -14.32300 -18.11700 -25.62500
48.00000 4.11000 1.03800 3.54000 1.87200 -1.83100 0.36600 -3.80500 -0.48800 -5.22900 -2.71600 -9.83700 -6.05300 -14.11900 -18.71700 -18.60600 -25.13600
49.00000 -3.70300 2.01400 0.12200 -1.05800 0.12200 1.83100 -12.10500 -0.97700 -4.74000 -3.69300 -15.69600 -6.05300 -14.11900 -20.67100 -18.60600 -24.64800
50.00000 -6.14400 4.45600 -2.80800 -0.57000 4.02800 3.29600 -16.01200 -1.95300 -3.76400 -4.66900 -20.57900 -7.51700 -14.11900 -20.67100 -18.11700 -24.16000
51.00000 -1.26100 6.89700 -2.80800 1.87200 6.47000 4.76100 -13.08200 -2.44100 -2.78700 -5.15700 -20.57900 -7.51700 -13.14300 -20.18200 -16.16400 -22.69500
52.00000 6.06300 6.89700 -0.36600 3.82500 5.49300 4.76100 -6.24600 -1.95300 -3.27600 -7.11100 -16.67300 -7.02900 -12.65500 -22.13500 -13.72300 -20.74200
53.00000 9.96900 4.94400 2.07500 3.82500 2.07500 2.80800 -1.85100 -0.48800 -4.25200 -10.04000 -10.81300 -5.56400 -12.65500 -26.04200 -13.72300 -20.25300
54.00000 8.50400 2.99100 2.07500 1.87200 -1.83100 -0.61000 -3.31600 0.48800 -6.20500 -13.45800 -8.86000 -5.07600 -13.63100 -30.92400 -16.16400 -22.69500
55.00000 3.62100 2.50200 -1.34300 -0.57000 -2.80800 -4.02800 -8.68700 0.48800 -7.67000 -16.87600 -10.81300 -6.54100 -15.09600 -33.36600 -20.07000 -25.62500
56.00000 0.69200 3.96700 -5.24900 -1.54600 -1.34300 -5.98100 -13.08200 -0.97700 -9.13500 -17.85300 -15.69600 -8.00600 -16.56100 -30.92400 -22.02400 -26.60100
57.00000 1.18000 4.94400 -6.22600 -2.03500 0.61000 -6.47000 -12.10500 -2.93000 -9.62300 -15.90000 -18.62600 -8.00600 -15.09600 -26.04200 -20.07000 -23.67100
58.00000 3.62100 3.96700 -4.27200 -2.52300 0.61000 -5.98100 -5.26900 -4.39500 -9.13500 -12.48200 -17.16100 -6.05300 -12.16600 -20.67100 -14.21100 -16.34700
59.00000 5.08600 1.03800 -0.36600 -3.01100 -1.83100 -5.49300 2.54300 -3.41800 -7.67000 -8.57500 -12.76700 -2.14600 -8.26000 -17.74100 -7.86300 -9.51100
60.00000 4.11000 -2.38000 2.07500 -3.01100 -4.76100 -5.49300 5.96100 -1.95300 -6.69400 -6.62200 -6.90700 0.78300 -5.81900 -17.25300 -3.95700 -7.07000
61.00000 1.66800 -2.86900 3.05200 -1.54600 -6.71400 -5.49300 4.49600 0.48800 -5.71700 -7.11100 -3.00100 2.24800 -5.33000 -16.27600 -3.46900 -8.53500
62.00000 -0.28500 -0.42700 2.56300 1.87200 -5.24900 -3.54000 0.59000 1.95300 -4.74000 -7.11100 -0.55900 0.78300 -5.81900 -12.85800 -4.44500 -11.95300
63.00000 0.20300 4.45600 3.05200 4.80100 -1.83100 0.36600 -1.85100 2.44100 -3.27600 -5.64600 0.90500 -0.68200 -5.33000 -6.99900 -4.93400 -12.44100
64.00000 1.66800 8.36200 3.54000 6.26600 1.58700 4.76100 -0.87500 2.44100 -0.83400 -2.71600 3.34700 -1.65800 -3.37700 -1.13900 -3.46900 -8.04600
65.00000 2.64500 8.85000 3.05200 4.31300 3.05200 7.20200 1.56700 2.44100 0.63100 0.70200 4.81200 -1.65800 -0.44800 1.30200 -1.02700 -2.18700
66.00000 2.15700 5.92000 0.61000 1.38300 2.07500 4.76100 1.56700 2.44100 1.11900 1.67800 4.32300 -1.65800 0.04100 -1.13900 -1.02700 1.23100
67.00000 2.15700 2.99100 -3.29600 -0.08100 0.61000 -0.61000 -0.87500 2.44100 0.63100 -0.27500 0.41700 -2.63500 -1.91200 -6.99900 -2.98100 -0.72200
68.00000 4.11000 3.47900 -4.27200 1.87200 0.61000 -5.00500 -3.31600 1.95300 -0.34600 -4.18100 -4.46600 -4.58800 -6.30700 -11.39300 -6.39900 -6.09300
69.00000 8.50400 6.40900 -0.85400 7.24300 3.05200 -4.02800 -1.85100 2.44100 -2.29900 -6.13400 -6.41900 -5.07600 -9.23700 -12.37000 -6.88700 -10.00000
70.00000 13.38700 9.82700 5.98100 11.63700 5.98100 1.83100 4.98500 3.90600 -2.78700 -4.18100 -3.00100 -3.12300 -8.74800 -8.46400 -2.98100 -8.53500
71.00000 16.80500 10.80300 12.32900 13.10200 5.98100 9.64400 13.77400 6.34800 -2.78700 1.19000 3.34700 1.27200 -4.84200 -2.60400 2.87900 -2.67500
72.00000 15.82800 7.87400 13.30600 10.66100 2.07500 12.08500 19.63300 8.78900 -1.81100 6.07300 8.71800 6.64300 -0.44800 0.81400 7.27300 2.20700
73.00000 10.94600 3.96700 8.42300 5.77800 -3.78400 8.17900 18.16800 9.76600 -1.32200 6.56100 9.20600 8.59600 1.50600 -1.13900 6.78500 1.71900
74.00000 5.08600 1.52600 1.09900 2.84800 -7.20200 -0.12200 10.84400 7.81200 -1.32200 1.67800 3.83500 6.64300 -1.42400 -7.97500 -0.53900 -5.11700
75.00000 0.20300 2.99100 -2.80800 3.33700 -5.73700 -5.98100 2.05500 4.88300 -2.78700 -4.66900 -3.48900 0.78300 -7.28400 -15.29900 -9.81600 -14.39400
76.00000 -1.26100 8.36200 -1.34300 7.24300 1.58700 -4.02800 -3.31600 1.46500 -3.76400 -8.08700 -8.37200 -5.56400 -12.16600 -19.69400 -17.14100 -21.23000
77.00000 0.69200 14.22100 4.02800 11.63700 8.91100 3.29600 -2.82800 0.97700 -4.25200 -6.62200 -8.37200 -8.49400 -13.63100 -18.71700 -19.09400 -21.23000
78.00000 5.08600 16.17400 7.93500 13.10200 10.86400 10.13200 -0.38700 2.44100 -3.76400 -2.22800 -5.93100 -8.00600 -11.67800 -14.32300 -16.16400 -16.34700
79.00000 8.99300 13.73300 6.95800 10.66100 5.98100 11.10800 1.56700 4.88300 -3.76400 0.70200 -4.95400 -5.56400 -7.28400 -10.90500 -11.77000 -10.97600
80.00000 11.43400 7.38500 2.56300 5.77800 -3.29600 5.73700 0.10200 5.85900 -4.25200 -0.27500 -7.39500 -2.14600 -3.86600 -9.44000 -9.81600 -9.51100
81.00000 10.94600 1.03800 -2.31900 -0.08100 -10.62000 -2.56300 -2.82800 5.37100 -4.74000 -4.18100 -10.81300 -0.68200 -3.37700 -9.92800 -11.77000 -11.95300
82.00000 8.99300 -1.89200 -4.27200 -2.52300 -10.13200 -7.44600 -3.80500 2.93000 -5.22900 -8.08700 -12.27800 -1.17000 -4.84200 -10.90500 -15.18800 -15.37100
83.00000 7.52800 0.54900 -1.83100 -0.08100 -3.29600 -5.49300 -1.36300 0.97700 -4.74000 -7.59900 -9.83700 -2.14600 -6.79500 -10.41700 -17.62900 -17.32400
84.00000 8.99300 7.87400 2.07500 4.80100 6.47000 1.83100 3.03100 0.48800 -3.76400 -4.66900 -5.93100 -4.10000 -8.26000 -8.95200 -16.65200 -15.85900
85.00000 13.87500 16.17400 5.00500 11.63700 12.32900 9.15500 5.96100 0.97700 -2.29900 -0.76300 -4.95400 -5.56400 -7.77200 -7.97500 -12.74600 -11.95300
86.00000 19.24600 21.05700 5.00500 15.54400 11.35300 13.06200 4.00800 0.97700 -1.32200 0.21400 -8.37200 -7.02900 -6.30700 -8.95200 -9.32800 -8.04600
87.00000 20.71100 19.59200 2.07500 14.56700 6.47000 12.08500 -1.36300 0.97700 -0.83400 -1.25100 -14.23100 -7.02900 -4.84200 -11.39300 -7.37500 -6.09300
88.00000 15.82800 13.24500 -0.85400 8.70800 0.61000 7.69000 -6.73400 0.48800 -0.34600 -3.69300 -18.13800 -5.56400 -3.37700 -12.37000 -7.86300 -6.09300
89.00000 7.52800 5.43200 -3.78400 -0.08100 -2.31900 3.29600 -8.68700 0.00000 0.14200 -3.69300 -15.69600 -2.63500 -1.91200 -10.90500 -8.84000 -6.58200
90.00000 -0.28500 2.50200 -5.24900 -5.45200 -1.83100 1.34300 -6.73400 0.48800 0.63100 -0.76300 -6.90700 0.29500 -0.44800 -6.99900 -8.84000 -6.58200
91.00000 -3.21500 4.94400 -4.27200 -5.45200 0.61000 1.83100 -0.87500 1.95300 1.11900 3.14300 1.88200 2.24800 0.04100 -3.09200 -6.88700 -5.11700
92.00000 -0.77300 9.82700 -2.31900 -0.08100 2.07500 3.29600 4.49600 2.44100 0.63100 4.60800 5.78800 2.24800 -0.44800 -1.62800 -3.46900 -3.65200
93.00000 4.11000 13.73300 0.12200 6.75500 1.58700 3.78400 5.96100 2.93000 -1.32200 2.65500 3.83500 0.29500 -1.91200 -3.09200 -0.53900 -2.18700
94.00000 7.52800 12.26800 3.05200 10.17300 0.61000 2.80800 4.00800 2.44100 -3.27600 -1.74000 -1.04800 -1.17000 -3.86600 -6.02200 -0.05100 -1.69900
95.00000 8.99300 8.85000 4.51700 9.19600 -0.36600 1.34300 0.10200 1.95300 -5.22900 -5.64600 -4.46600 -1.65800 -5.81900 -7.97500 -1.02700 -2.67500
96.00000 10.45700 5.92000 5.49300 5.29000 0.12200 1.83100 -2.34000 1.46500 -5.71700 -6.62200 -3.48900 -0.68200 -6.79500 -8.46400 -2.98100 -4.14000
97.00000 13.38700 7.38500 5.00500 2.36000 1.58700 3.29600 -0.87500 1.95300 -5.71700 -5.15700 0.41700 0.29500 -7.28400 -6.99900 -5.42200 -6.58200
98.00000 16.31700 12.26800 5.00500 3.33700 3.54000 6.71400 3.03100 2.44100 -5.22900 -1.74000 3.34700 -0.19300 -8.26000 -6.51000 -5.91000 -9.51100
99.00000 17.29300 16.66300 5.49300 6.26600 4.02800 9.64400 6.93800 3.41800 -4.25200 0.70200 2.37000 -1.17000 -8.74800 -7.48700 -5.91000 -11.95300
100.00000 14.85200 17.15100 5.00500 7.24300 3.54000 11.10800 6.93800 2.44100 -3.76400 1.67800 -3.00100 -2.63500 -8.74800 -9.44000 -5.42200 -11.95300
101.00000 8.99300 13.24500 3.54000 3.82500 2.07500 10.62000 3.03100 0.97700 -2.78700 0.70200 -9.83700 -3.61100 -7.77200 -11.39300 -4.93400 -10.97600
102.00000 3.13300 7.87400 0.61000 -2.52300 0.12200 7.69000 -4.29300 0.00000 -2.78700 -1.25100 -14.72000 -4.10000 -6.30700 -12.37000 -5.42200 -8.53500
103.00000 1.18000 4.45600 -2.31900 -7.40600 -1.34300 4.27200 -10.15200 -0.48800 -2.29900 -3.20400 -16.18400 -3.61100 -3.86600 -12.85800 -6.88700 -6.58200
104.00000 1.66800 2.99100 -3.29600 -6.91700 -1.34300 1.83100 -12.10500 0.00000 -2.78700 -5.15700 -14.72000 -3.61100 -2.40100 -12.37000 -9.32800 -6.58200
105.00000 3.13300 3.96700 -2.31900 -1.54600 -0.36600 1.83100 -8.68700 1.46500 -3.27600 -4.66900 -12.27800 -3.61100 -1.91200 -10.90500 -11.77000 -8.04600
106.00000 3.62100 5.43200 0.12200 5.77800 1.58700 3.78400 -2.82800 3.41800 -2.78700 -3.20400 -8.86000 -4.10000 -2.40100 -9.44000 -13.23400 -10.00000
107.00000 1.18000 6.89700 1.58700 9.19600 3.54000 6.71400 2.05500 3.90600 -2.29900 0.21400 -5.93100 -4.10000 -3.37700 -8.46400 -13.72300 -11.46400
108.00000 -1.75000 8.85000 0.61000 6.75500 5.00500 8.66700 2.05500 2.93000 -0.34600 3.63200 -3.97700 -4.58800 -4.84200 -8.46400 -14.21100 -11.95300
109.00000 -2.23800 9.82700 -1.83100 0.40700 5.98100 9.64400 -1.85100 0.97700 0.63100 5.09600 -4.95400 -6.05300 -5.81900 -9.92800 -14.69900 -11.95300
110.00000 0.20300 9.82700 -4.27200 -4.96400 5.49300 8.66700 -7.71100 -1.95300 1.11900 5.09600 -9.34900 -8.00600 -6.79500 -11.39300 -15.67600 -12.44100
111.00000 5.57500 8.36200 -5.24900 -5.94100 5.00500 7.69000 -12.59400 -2.93000 0.63100 3.14300 -15.20800 -9.95900 -7.77200 -12.37000 -16.65200 -13.41800
112.00000 9.48100 4.94400 -5.24900 -3.49900 4.02800 7.69000 -13.08200 -2.93000 0.14200 0.70200 -20.57900 -10.93500 -8.26000 -11.88200 -17.62900 -14.39400
113.00000 8.99300 1.52600 -5.73700 -0.57000 3.54000 7.20200 -10.64000 -0.97700 -0.83400 -1.25100 -23.02000 -10.44700 -8.74800 -11.88200 -17.14100 -14.88200
114.00000 4.59800 0.06100 -7.20200 -0.08100 3.05200 6.22600 -7.22200 0.97700 -1.81100 -2.71600 -20.57900 -8.00600 -8.74800 -11.88200 -15.67600 -14.39400
115.00000 -1.26100 1.03800 -9.15500 -3.01100 2.56300 4.76100 -4.78100 2.93000 -2.78700 -3.69300 -14.72000 -5.56400 -8.26000 -13.34600 -14.21100 -13.41800
116.00000 -3.21500 4.94400 -10.13200 -6.91700 2.07500 4.27200 -3.80500 2.93000 -3.76400 -3.69300 -8.86000 -3.12300 -6.79500 -13.83500 -12.25800 -11.95300
117.00000 -0.28500 9.82700 -7.69000 -7.89400 3.05200 5.24900 -3.31600 2.44100 -3.27600 -3.20400 -4.95400 -1.65800 -4.84200 -12.37000 -10.30500 -10.00000
118.00000 6.06300 13.73300 -4.27200 -3.49900 5.00500 8.17900 -1.36300 2.44100 -0.83400 -0.76300 -3.97700 -1.17000 -3.37700 -8.95200 -8.84000 -8.04600
119.00000 10.94600 16.17400 -0.36600 3.82500 6.47000 10.62000 2.05500 3.41800 1.11900 2.16700 -3.48900 -1.17000 -1.91200 -3.58100 -6.88700 -7.07000
120.00000 11.92200 16.17400 2.07500 10.66100 7.44600 11.10800 4.98500 4.39500 3.07200 4.60800 -2.51300 -1.17000 -1.42400 1.30200 -5.42200 -7.07000
121.00000 9.48100 14.22100 2.07500 12.61400 5.98100 10.13200 4.98500 4.39500 3.07200 6.07300 -0.55900 -1.17000 -1.91200 3.74300 -4.93400 -7.55800
122.00000 7.52800 10.80300 1.58700 8.70800 3.05200 8.66700 2.54300 2.93000 2.09600 6.07300 -0.55900 -1.17000 -1.91200 3.25500 -5.42200 -7.55800
123.00000 7.52800 8.85000 1.09900 2.36000 0.12200 7.69000 -1.85100 0.97700 0.63100 3.63200 -3.97700 -2.14600 -1.91200 -1.13900 -7.37500 -7.55800
124.00000 9.48100 8.36200 0.61000 -1.05800 -1.34300 7.69000 -5.75800 -0.48800 -1.32200 1.19000 -10.81300 -3.12300 -2.88900 -8.46400 -9.32800 -7.55800
125.00000 11.43400 10.80300 0.12200 -0.08100 -0.36600 7.20200 -6.73400 0.00000 -3.27600 -2.22800 -17.16100 -4.10000 -5.33000 -17.25300 -12.25800 -9.51100
126.00000 11.92200 15.19800 0.12200 4.80100 1.58700 5.73700 -5.26900 1.95300 -5.22900 -5.64600 -20.09100 -4.10000 -9.23700 -25.06500 -15.18800 -13.90600
127.00000 10.94600 19.10400 -0.36600 9.68400 4.02800 3.78400 -2.34000 4.39500 -7.67000 -7.59900 -18.62600 -5.07600 -13.14300 -28.48300 -18.11700 -19.27700
128.00000 11.43400 21.05700 0.61000 11.14900 5.49300 2.80800 -0.38700 5.37100 -9.62300 -8.57500 -14.72000 -6.05300 -16.07300 -27.99500 -20.07000 -23.67100
129.00000 12.89900 19.59200 1.58700 9.19600 5.49300 3.78400 -0.38700 4.88300 -9.62300 -8.57500 -13.25500 -7.02900 -16.07300 -25.06500 -20.55900 -24.64800
130.00000 13.87500 15.68600 3.05200 6.26600 4.02800 5.73700 -1.85100 3.41800 -8.64700 -8.08700 -13.74300 -8.00600 -14.11900 -20.67100 -18.60600 -21.71800
131.00000 11.92200 11.78000 2.56300 5.29000 2.07500 6.71400 -3.31600 2.93000 -6.69400 -7.11100 -15.69600 -7.51700 -11.67800 -18.71700 -16.16400 -17.32400
132.00000 7.52800 9.33800 1.09900 7.73100 0.12200 4.76100 -2.82800 4.39500 -5.22900 -6.13400 -15.69600 -6.05300 -10.21300 -19.20600 -14.69900 -13.90600
133.00000 5.08600 9.82700 -0.36600 10.66100 -1.83100 1.83100 -0.87500 6.34800 -4.74000 -6.13400 -13.25500 -5.07600 -10.21300 -19.69400 -14.69900 -13.90600
134.00000 6.55100 11.29200 -0.36600 12.12600 -2.31900 -0.12200 1.07800 7.81200 -5.22900 -6.62200 -10.32500 -5.56400 -10.70100 -19.20600 -17.14100 -15.85900
135.00000 12.41000 12.26800 1.09900 10.66100 -1.34300 0.36600 1.56700 7.32400 -5.22900 -6.62200 -9.34900 -7.51700 -10.70100 -16.76400 -20.55900 -18.78900
136.00000 17.29300 11.29200 2.56300 8.21900 0.12200 2.31900 -0.87500 5.85900 -3.76400 -6.13400 -12.76700 -10.44700 -10.21300 -13.34600 -23.00000 -20.25300
137.00000 16.80500 9.33800 2.07500 5.77800 1.58700 3.78400 -4.29300 3.90600 -2.29900 -4.66900 -17.64900 -12.40000 -9.23700 -10.41700 -23.48800 -19.76500
138.00000 10.94600 8.85000 0.61000 6.26600 2.07500 3.29600 -6.24600 2.44100 -1.32200 -4.18100 -20.09100 -11.91200 -8.26000 -9.92800 -21.04700 -18.30000
139.00000 5.57500 10.31500 0.61000 8.21900 1.09900 1.83100 -4.29300 1.95300 -1.81100 -4.18100 -18.13800 -8.98200 -7.28400 -11.39300 -16.16400 -15.85900
140.00000 5.57500 13.73300 3.05200 9.68400 0.61000 0.85400 1.07800 2.44100 -3.27600 -5.15700 -12.27800 -4.58800 -7.28400 -14.81100 -11.28100 -13.41800
141.00000 11.43400 15.19800 5.98100 9.19600 0.61000 2.31900 5.96100 3.41800 -4.25200 -6.13400 -6.41900 -0.68200 -7.77200 -17.74100 -7.86300 -11.46400
142.00000 17.78200 14.22100 6.95800 7.24300 1.09900 3.78400 6.93800 3.41800 -4.74000 -5.15700 -4.95400 0.78300 -7.28400 -20.18200 -7.86300 -10.00000
143.00000 17.29300 10.80300 3.54000 4.80100 2.07500 4.27200 3.03100 2.93000 -4.74000 -3.69300 -7.39500 -0.19300 -7.28400 -20.67100 -10.30500 -10.97600
144.00000 8.50400 6.89700 -3.29600 3.82500 2.56300 2.31900 -3.80500 1.95300 -3.76400 -2.71600 -11.79000 -2.63500 -7.77200 -19.69400 -13.72300 -13.90600
145.00000 -2.23800 4.94400 -10.13200 4.31300 2.07500 -0.61000 -8.19900 0.97700 -3.27600 -3.20400 -13.74300 -5.07600 -8.26000 -19.20600 -16.16400 -17.81200
146.00000 -7.12100 4.94400 -12.08500 4.31300 1.58700 -1.58700 -8.68700 0.97700 -2.29900 -5.15700 -13.25500 -5.56400 -8.26000 -19.20600 -16.65200 -20.25300
147.00000 -2.23800 6.89700 -8.66700 3.82500 2.07500 1.34300 -6.24600 1.46500 -1.32200 -7.11100 -11.30200 -4.58800 -7.77200 -19.69400 -15.18800 -19.76500
148.00000 8.50400 8.85000 -3.29600 1.87200 3.54000 6.71400 -3.80500 1.95300 0.14200 -7.59900 -9.83700 -3.12300 -7.28400 -19.69400 -13.72300 -17.32400
149.00000 16.80500 11.78000 1.09900 0.89500 5.49300 10.62000 -3.80500 2.44100 1.60700 -5.64600 -10.81300 -3.12300 -6.30700 -18.71700 -12.74600 -15.37100
150.00000 18.27000 16.17400 2.56300 1.87200 6.47000 12.08500 -4.29300 1.95300 2.09600 -2.71600 -13.25500 -4.58800 -6.30700 -17.25300 -13.23400 -14.88200
151.00000 13.87500 21.05700 1.58700 3.82500 6.47000 9.64400 -3.80500 0.00000 0.63100 -0.27500 -15.69600 -6.54100 -7.28400 -15.78800 -13.72300 -15.85900
152.00000 8.01600 23.98700 1.09900 6.26600 5.98100 6.71400 -1.36300 -0.97700 -1.81100 0.21400 -15.69600 -8.00600 -8.74800 -14.81100 -13.72300 -17.32400
153.00000 4.59800 22.52200 0.61000 6.26600 5.49300 5.24900 2.05500 -0.97700 -3.27600 -1.25100 -14.23100 -8.00600 -9.72500 -15.29900 -13.72300 -17.32400
154.00000 3.13300 15.68600 -0.85400 4.31300 5.98100 6.22600 3.03100 -0.97700 -3.76400 -3.20400 -12.76700 -8.00600 -10.21300 -17.25300 -13.72300 -16.34700
155.00000 0.20300 7.38500 -3.29600 1.38300 5.98100 7.69000 0.10200 0.00000 -2.78700 -3.69300 -13.25500 -8.00600 -10.21300 -19.20600 -16.16400 -15.85900
156.00000 -3.70300 1.52600 -6.22600 -0.57000 5.49300 8.17900 -4.78100 -0.48800 -0.83400 -3.20400 -14.23100 -9.47100 -10.21300 -19.20600 -19.58200 -15.85900
157.00000 -5.16800 2.50200 -7.20200 -0.57000 4.02800 7.20200 -7.22200 -1.95300 0.14200 -2.22800 -15.20800 -11.42400 -10.21300 -17.25300 -23.00000 -16.34700
158.00000 -1.75000 6.89700 -5.73700 1.38300 2.56300 5.73700 -6.24600 -2.44100 0.63100 -1.25100 -15.20800 -12.40000 -10.21300 -14.32300 -23.97700 -17.32400
159.00000 7.03900 10.80300 -2.31900 4.31300 1.58700 4.27200 -2.82800 -1.95300 0.63100 -1.25100 -14.23100 -11.42400 -10.21300 -12.85800 -23.00000 -18.78900
160.00000 15.34000 9.82700 -0.36600 5.77800 2.07500 3.29600 -0.87500 0.97700 0.14200 -3.20400 -13.25500 -9.47100 -10.70100 -13.83500 -21.04700 -19.76500
161.00000 16.31700 3.47900 -1.34300 5.77800 1.58700 0.36600 -2.34000 3.90600 -0.83400 -5.64600 -14.23100 -8.00600 -11.67800 -17.74100 -21.04700 -22.20700
162.00000 9.48100 -2.86900 -5.73700 3.82500 0.12200 -3.05200 -7.71100 4.88300 -2.29900 -8.57500 -16.18400 -8.00600 -12.65500 -22.62400 -22.51200 -24.16000
163.00000 -0.28500 -4.82200 -9.64400 1.38300 -1.83100 -5.98100 -12.10500 2.44100 -3.27600 -11.01700 -20.09100 -9.95900 -13.14300 -26.04200 -24.46500 -25.62500
164.00000 -5.65600 -0.42700 -10.62000 0.40700 -3.29600 -5.49300 -11.61700 -0.97700 -3.76400 -11.01700 -23.02000 -12.88900 -13.14300 -26.04200 -24.95300 -25.13600
165.00000 -3.21500 6.40900 -7.69000 1.38300 -2.80800 -1.58700 -7.22200 -3.41800 -3.27600 -10.04000 -24.48500 -13.86500 -12.65500 -24.57700 -23.48800 -23.18300
166.00000 5.08600 10.80300 -3.78400 4.31300 0.61000 2.80800 -0.87500 -3.90600 -2.29900 -8.08700 -22.53200 -13.37700 -11.67800 -22.62400 -21.53500 -21.23000
167.00000 10.94600 10.31500 -1.83100 7.24300 4.51700 4.76100 2.54300 -0.97700 -1.32200 -6.13400 -19.11400 -11.42400 -11.67800 -22.13500 -19.58200 -20.25300
168.00000 10.94600 6.89700 -2.31900 9.19600 6.95800 3.78400 1.07800 2.44100 -1.32200 -5.64600 -14.72000 -8.98200 -12.16600 -22.62400 -18.60600 -20.74200
169.00000 6.55100 3.47900 -4.76100 8.70800 6.47000 0.36600 -3.80500 4.88300 -3.27600 -5.64600 -12.27800 -7.51700 -12.65500 -23.60000 -17.62900 -20.74200
170.00000 1.18000 3.47900 -6.22600 7.24300 3.54000 -1.58700 -8.19900 4.88300 -4.74000 -6.13400 -12.27800 -7.02900 -11.67800 -22.62400 -15.67600 -19.27700
171.00000 -0.77300 5.43200 -4.76100 5.77800 -0.85400 -1.09900 -8.68700 2.93000 -5.71700 -6.62200 -14.23100 -7.02900 -10.70100 -21.15900 -12.74600 -16.83600
172.00000 0.69200 7.38500 -1.83100 5.29000 -3.78400 1.34300 -6.24600 0.97700 -5.71700 -6.62200 -15.69600 -7.51700 -10.21300 -20.18200 -10.79300 -14.88200
173.00000 5.08600 7.38500 1.58700 6.26600 -3.29600 3.78400 -2.82800 -0.48800 -3.76400 -6.62200 -14.72000 -7.51700 -10.21300 -18.71700 -11.28100 -13.90600
174.00000 8.99300 6.89700 2.07500 7.24300 -0.36600 5.24900 -1.36300 0.00000 -1.81100 -5.64600 -10.81300 -7.02900 -10.21300 -17.25300 -14.21100 -15.37100
175.00000 12.41000 6.89700 1.09900 7.24300 3.54000 5.73700 -2.82800 0.97700 -0.34600 -3.69300 -6.41900 -7.02900 -10.70100 -14.32300 -17.62900 -17.32400
176.00000 14.85200 8.36200 -0.36600 5.29000 6.95800 6.71400 -6.24600 1.46500 0.14200 -0.27500 -4.46600 -7.02900 -10.70100 -10.41700 -19.09400 -17.32400
177.00000 14.85200 10.80300 -0.85400 3.82500 7.93500 7.69000 -7.71100 2.44100 0.14200 2.16700 -5.44200 -6.54100 -9.23700 -8.46400 -16.65200 -15.85900
178.00000 11.92200 11.78000 0.61000 2.84800 6.95800 7.69000 -5.26900 2.93000 -0.34600 2.65500 -8.37200 -5.07600 -7.28400 -8.95200 -12.25800 -12.92900
179.00000 7.52800 10.80300 3.54000 2.84800 4.02800 7.20200 0.10200 2.93000 -0.83400 1.19000 -11.30200 -3.61100 -6.30700 -13.34600 -8.84000 -10.48800
180.00000 4.11000 9.82700 5.49300 3.82500 2.07500 6.22600 5.47300 1.95300 -0.34600 -0.76300 -11.79000 -2.63500 -5.33000 -17.74100 -7.37500 -10.00000
181.00000 3.13300 9.33800 5.49300 5.29000 2.07500 6.71400 7.42600 0.97700 -0.34600 -1.74000 -11.30200 -3.61100 -5.81900 -18.22900 -9.81600 -10.48800
182.00000 7.03900 11.29200 4.51700 5.77800 4.02800 9.64400 4.49600 0.00000 0.14200 -0.27500 -10.81300 -6.05300 -5.33000 -13.34600 -12.74600 -11.46400
183.00000 12.41000 14.22100 2.56300 5.29000 6.47000 13.55000 -1.36300 0.00000 1.60700 2.65500 -10.81300 -8.49400 -4.35400 -5.04600 -15.18800 -11.46400
184.00000 15.82800 16.17400 1.09900 3.82500 8.42300 16.47900 -6.73400 -0.48800 3.07200 6.07300 -12.27800 -10.93500 -2.88900 1.79000 -15.18800 -10.00000
185.00000 15.82800 15.68600 -0.36600 2.36000 8.91100 17.45600 -7.71100 -0.48800 4.53700 8.02600 -12.27800 -11.42400 -0.93600 3.74300 -13.72300 -8.04600
186.00000 12.89900 13.24500 -1.34300 2.84800 8.42300 15.50300 -4.29300 -0.48800 5.51400 8.02600 -10.32500 -9.95900 -0.44800 0.81400 -12.25800 -7.07000
187.00000 9.48100 10.80300 -0.36600 4.31300 7.93500 13.06200 0.10200 0.00000 6.49000 8.02600 -7.88400 -8.00600 0.04100 -4.06900 -11.77000 -7.55800
188.00000 8.01600 9.33800 1.58700 6.75500 7.44600 12.08500 3.52000 1.46500 6.49000 8.51400 -5.93100 -7.02900 0.04100 -7.48700 -12.25800 -8.04600
189.00000 8.50400 10.31500 4.02800 8.21900 7.44600 12.57300 3.52000 2.44100 6.00200 9.00300 -6.90700 -7.02900 -0.44800 -7.97500 -12.74600 -8.53500
190.00000 9.96900 11.78000 5.98100 7.24300 6.95800 12.57300 1.07800 2.44100 6.00200 9.97900 -9.83700 -8.00600 -0.44800 -6.02200 -12.25800 -7.55800
191.00000 9.96900 12.26800 5.00500 3.82500 5.98100 11.59700 -1.36300 0.97700 6.49000 9.49100 -13.74300 -9.47100 -0.44800 -4.06900 -11.77000 -6.58200
192.00000 8.01600 11.78000 1.58700 -0.08100 5.00500 9.64400 -2.82800 -1.46500 6.49000 8.02600 -16.18400 -9.95900 -0.44800 -3.58100 -11.28100 -6.09300
193.00000 5.57500 11.78000 -2.31900 -2.03500 5.49300 7.69000 -2.82800 -2.44100 6.49000 6.56100 -16.18400 -9.95900 -1.42400 -4.06900 -11.77000 -7.07000
194.00000 4.59800 12.75600 -3.29600 -1.05800 6.95800 8.17900 -2.82800 -1.46500 6.00200 4.60800 -13.74300 -8.98200 -2.40100 -5.04600 -12.74600 -8.53500
195.00000 5.57500 14.70900 -1.34300 2.36000 8.91100 11.10800 -2.82800 0.97700 5.02500 3.14300 -10.81300 -8.49400 -3.37700 -6.51000 -13.23400 -9.51100
196.00000 6.06300 15.68600 1.58700 5.29000 9.39900 13.55000 -1.85100 3.41800 3.56000 2.16700 -6.90700 -7.51700 -3.37700 -8.46400 -12.74600 -9.51100
197.00000 5.57500 13.24500 3.54000 6.75500 6.95800 13.55000 -0.38700 3.90600 1.60700 0.21400 -3.48900 -6.54100 -4.35400 -11.39300 -11.28100 -10.00000
198.00000 2.64500 8.36200 2.56300 4.80100 3.05200 9.64400 1.56700 3.90600 -0.83400 -3.20400 -1.04800 -5.07600 -5.81900 -15.29900 -9.81600 -11.46400
199.00000 -0.28500 1.52600 -0.36600 2.84800 -1.34300 2.80800 3.03100 2.44100 -3.27600 -7.11100 0.41700 -3.61100 -7.77200 -19.20600 -9.81600 -14.39400
200.00000 -2.23800 -3.84500 -1.83100 2.36000 -2.80800 -3.05200 3.03100 1.95300 -4.25200 -10.04000 -0.07100 -3.12300 -9.72500 -21.15900 -10.79300 -17.81200
201.00000 -1.75000 -5.31000 0.12200 4.31300 -2.80800 -5.49300 2.05500 2.44100 -3.76400 -10.52900 -2.02400 -4.10000 -10.70100 -20.18200 -10.79300 -18.78900
202.00000 1.18000 -3.35700 3.54000 6.75500 -0.85400 -4.51700 1.56700 3.41800 -3.27600 -9.55200 -3.97700 -5.07600 -9.72500 -18.22900 -9.32800 -16.34700
203.00000 4.59800 0.54900 6.47000 7.73100 -0.36600 -2.07500 3.03100 3.90600 -2.78700 -8.08700 -4.95400 -5.56400 -7.77200 -16.76400 -5.91000 -11.95300
204.00000 7.03900 4.94400 5.49300 6.26600 -2.31900 -1.09900 5.47300 3.90600 -3.76400 -8.57500 -4.95400 -4.58800 -6.79500 -17.74100 -2.98100 -8.53500
205.00000 7.52800 7.38500 1.58700 2.36000 -5.73700 -2.07500 7.91400 3.41800 -5.71700 -10.52900 -2.51300 -3.12300 -6.79500 -19.69400 -2.00400 -8.04600
206.00000 6.06300 7.87400 -2.31900 -0.57000 -8.66700 -4.02800 7.91400 2.93000 -7.18200 -13.45800 -0.07100 -2.14600 -8.74800 -22.13500 -4.44500 -10.97600
207.00000 2.64500 6.40900 -2.80800 -0.57000 -8.66700 -5.00500 5.47300 2.44100 -7.18200 -14.92300 0.90500 -3.12300 -10.70100 -22.13500 -8.35200 -14.39400
208.00000 0.20300 3.96700 -0.36600 1.87200 -5.73700 -2.56300 1.56700 2.93000 -5.22900 -13.45800 -1.04800 -5.07600 -11.67800 -18.71700 -12.25800 -16.83600
209.00000 -1.26100 2.50200 2.56300 5.29000 -0.85400 1.83100 -1.36300 3.41800 -2.78700 -9.06400 -4.95400 -7.51700 -10.70100 -14.81100 -15.18800 -16.34700
210.00000 -0.28500 2.50200 3.54000 7.24300 3.54000 6.22600 -1.85100 2.44100 -0.83400 -3.20400 -8.37200 -9.47100 -9.23700 -11.39300 -15.67600 -14.88200
211.00000 1.66800 4.45600 1.58700 6.26600 5.98100 9.15500 -0.38700 0.97700 0.63100 1.19000 -9.34900 -10.44700 -7.77200 -9.44000 -14.69900 -11.95300
212.00000 2.64500 6.89700 -1.83100 2.84800 6.47000 9.15500 -0.38700 -1.46500 1.60700 3.63200 -7.88400 -10.93500 -6.30700 -8.46400 -13.72300 -10.00000
213.00000 1.66800 8.85000 -4.27200 -0.57000 6.47000 8.66700 -1.36300 -3.41800 2.58400 4.60800 -4.46600 -10.44700 -4.35400 -6.99900 -12.74600 -8.04600
214.00000 0.20300 9.33800 -4.27200 -3.01100 5.49300 8.66700 -3.31600 -4.88300 4.04900 5.09600 -3.48900 -11.42400 -2.88900 -4.55700 -11.77000 -6.09300
215.00000 -0.28500 8.36200 -1.34300 -2.52300 5.00500 9.15500 -5.26900 -4.88300 5.51400 5.58500 -6.41900 -12.40000 -0.93600 -2.11600 -11.28100 -4.62800
216.00000 1.66800 7.38500 1.58700 -1.05800 3.54000 9.15500 -4.78100 -4.39500 6.00200 5.09600 -12.76700 -13.86500 -0.44800 -0.65100 -10.79300 -4.14000
217.00000 5.57500 6.89700 3.05200 0.89500 2.07500 8.17900 -3.31600 -3.41800 4.53700 4.12000 -18.62600 -14.35300 -1.91200 -1.13900 -10.30500 -4.62800
218.00000 9.48100 7.38500 2.07500 1.87200 0.12200 7.20200 -1.36300 -2.44100 2.09600 2.16700 -20.09100 -12.88900 -3.37700 -3.09200 -9.81600 -6.09300
219.00000 10.45700 7.87400 -0.36600 1.87200 -1.34300 7.20200 -0.38700 -1.46500 0.63100 0.70200 -15.69600 -9.95900 -3.86600 -4.55700 -8.84000 -6.09300
220.00000 8.01600 7.87400 -2.31900 1.87200 -1.34300 8.66700 -1.36300 -0.48800 -0.34600 1.19000 -7.39500 -6.05300 -3.37700 -4.06900 -6.88700 -4.62800
221.00000 3.62100 5.92000 -2.80800 2.84800 0.61000 10.62000 -2.34000 1.46500 0.14200 2.65500 -1.04800 -2.63500 -0.44800 -2.11600 -4.44500 -1.69900
222.00000 0.69200 3.47900 -2.31900 4.31300 2.07500 11.10800 -2.82800 2.93000 1.11900 4.60800 -0.07100 -1.17000 1.50600 -1.13900 -2.49200 -0.23400
223.00000 0.20300 1.03800 -1.34300 3.82500 3.54000 8.17900 -1.85100 3.41800 1.60700 5.09600 -3.97700 -2.14600 1.50600 -1.62800 -2.98100 -0.72200
224.00000 1.66800 -0.42700 -0.36600 1.87200 3.05200 3.78400 -0.87500 2.44100 1.11900 3.14300 -8.86000 -3.61100 0.04100 -4.55700 -4.93400 -3.65200
225.00000 1.66800 -0.91600 -0.85400 -1.54600 1.09900 -0.12200 -0.38700 0.48800 -0.34600 0.21400 -10.32500 -4.10000 -1.91200 -7.97500 -7.37500 -6.58200
226.00000 -0.28500 -0.91600 -1.83100 -4.47600 -2.31900 -1.58700 -0.87500 -0.48800 -1.81100 -3.69300 -6.90700 -3.12300 -3.86600 -10.90500 -8.84000 -8.53500
227.00000 -3.70300 -0.91600 -2.80800 -4.96400 -4.76100 -0.12200 -2.34000 0.00000 -2.78700 -6.62200 -1.53600 -1.65800 -4.35400 -12.37000 -9.32800 -8.04600
228.00000 -6.14400 0.06100 -3.29600 -3.01100 -6.22600 2.31900 -3.80500 1.46500 -3.27600 -8.57500 0.41700 -0.68200 -3.86600 -13.83500 -9.81600 -8.53500
229.00000 -4.19100 2.50200 -2.80800 0.89500 -5.73700 3.78400 -5.26900 3.41800 -2.29900 -10.04000 -3.00100 -2.14600 -3.86600 -14.81100 -10.79300 -10.48800
230.00000 1.18000 4.94400 -1.34300 3.82500 -3.78400 3.29600 -4.78100 2.44100 -2.29900 -10.04000 -10.32500 -5.56400 -4.84200 -15.78800 -13.23400 -13.41800
231.00000 7.52800 5.43200 -0.85400 5.29000 -1.83100 1.34300 -3.80500 0.97700 -2.29900 -9.06400 -16.18400 -8.49400 -5.81900 -16.27600 -15.18800 -15.85900
232.00000 10.45700 3.47900 -0.85400 4.31300 0.12200 -1.09900 -2.34000 -0.48800 -3.27600 -7.59900 -17.16100 -8.98200 -6.30700 -15.78800 -15.18800 -15.85900
233.00000 8.50400 -0.91600 -1.83100 2.84800 1.09900 -3.54000 -1.85100 -0.97700 -4.74000 -5.64600 -13.74300 -8.00600 -5.33000 -14.32300 -13.23400 -12.92900
234.00000 3.13300 -3.84500 -2.80800 1.38300 0.61000 -4.02800 -1.85100 0.48800 -5.71700 -5.15700 -8.86000 -6.05300 -4.35400 -13.34600 -9.81600 -9.51100
235.00000 -0.28500 -2.86900 -1.83100 1.38300 0.12200 -2.07500 -3.31600 1.95300 -5.71700 -5.64600 -5.93100 -5.07600 -3.86600 -13.34600 -7.86300 -7.07000
236.00000 1.18000 3.47900 1.09900 2.36000 0.61000 2.80800 -3.31600 2.44100 -4.74000 -5.15700 -6.90700 -6.05300 -4.84200 -13.83500 -7.86300 -6.58200
237.00000 7.03900 12.26800 5.98100 4.31300 2.07500 9.15500 -1.36300 1.46500 -3.27600 -3.69300 -9.34900 -8.00600 -5.33000 -13.83500 -8.84000 -6.58200
238.00000 12.41000 17.15100 9.88800 5.77800 4.02800 15.01500 2.05500 -0.97700 -1.81100 -0.27500 -10.32500 -10.44700 -5.33000 -11.88200 -10.30500 -6.09300
239.00000 12.41000 15.19800 10.37600 6.26600 5.49300 15.50300 4.00800 -1.95300 -0.83400 1.67800 -9.83700 -12.40000 -4.35400 -8.46400 -11.28100 -4.62800
240.00000 8.01600 7.87400 7.44600 5.77800 5.49300 11.59700 3.03100 -1.46500 -0.83400 1.67800 -9.83700 -13.37700 -2.88900 -5.53400 -11.77000 -4.14000
241.00000 2.15700 1.03800 2.56300 4.31300 3.54000 4.76100 -0.38700 -0.97700 -1.32200 -0.27500 -11.79000 -13.86500 -1.91200 -3.58100 -12.25800 -4.14000
242.00000 0.69200 -0.91600 -0.36600 2.84800 0.61000 -0.12200 -4.29300 0.00000 -2.29900 -3.20400 -14.72000 -14.35300 -2.40100 -2.60400 -13.72300 -6.58200
243.00000 3.13300 2.99100 0.12200 2.36000 -1.34300 -0.61000 -5.75800 0.00000 -3.27600 -4.66900 -17.16100 -13.86500 -3.37700 -3.58100 -15.67600 -9.02300
244.00000 6.55100 7.87400 3.05200 1.87200 -2.31900 2.31900 -3.80500 0.00000 -4.25200 -5.15700 -15.69600 -11.91200 -4.84200 -5.04600 -16.65200 -10.48800
245.00000 6.06300 9.33800 5.98100 2.84800 -1.34300 4.76100 -0.38700 0.48800 -5.71700 -5.64600 -10.32500 -9.95900 -5.81900 -6.99900 -17.14100 -10.97600
246.00000 2.64500 6.40900 5.49300 3.33700 0.12200 4.76100 0.59000 1.95300 -6.20500 -6.62200 -4.46600 -7.51700 -6.30700 -9.44000 -17.14100 -11.46400
247.00000 -1.26100 1.52600 2.07500 2.84800 0.61000 2.31900 -2.82800 3.90600 -6.69400 -8.08700 -2.02400 -7.02900 -6.79500 -12.37000 -16.16400 -11.95300
248.00000 -0.77300 -1.89200 -0.36600 2.36000 0.12200 0.36600 -7.71100 4.39500 -5.71700 -8.08700 -3.00100 -6.54100 -6.79500 -14.81100 -13.72300 -10.97600
249.00000 3.13300 -1.40400 -1.34300 1.87200 -1.83100 0.85400 -10.15200 3.41800 -5.22900 -6.62200 -5.93100 -6.54100 -6.30700 -16.27600 -10.30500 -9.02300
250.00000 5.57500 0.06100 1.09900 1.38300 -3.78400 2.80800 -7.22200 0.00000 -5.22900 -5.15700 -7.39500 -5.56400 -4.35400 -16.27600 -5.42200 -5.60500
251.00000 3.62100 -0.91600 2.07500 -0.08100 -6.71400 3.78400 -0.87500 -3.41800 -5.22900 -5.64600 -6.90700 -5.07600 -2.88900 -14.81100 -2.00400 -3.16400
252.00000 -1.75000 -4.82200 0.61000 -2.03500 -8.17900 0.85400 3.52000 -5.85900 -5.22900 -8.57500 -6.41900 -5.56400 -2.40100 -12.85800 -2.00400 -3.65200
253.00000 -4.67900 -8.24000 -4.27200 -3.98800 -7.20200 -4.51700 2.05500 -6.83600 -4.25200 -12.48200 -8.37200 -7.02900 -3.37700 -11.88200 -5.91000 -7.55800
254.00000 -2.72600 -7.26300 -9.15500 -5.45200 -5.73700 -8.42300 -4.29300 -5.85900 -3.76400 -13.45800 -12.76700 -8.98200 -5.33000 -11.88200 -11.28100 -12.92900
255.00000 4.11000 -2.38000 -10.13200 -4.47600 -3.29600 -7.93500 -10.15200 -3.41800 -3.27600 -11.01700 -16.18400 -9.95900 -6.79500 -12.37000 -14.21100 -16.34700
256.00000 9.48100 3.96700 -6.71400 -2.03500 -1.83100 -3.54000 -10.64000 -0.48800 -3.76400 -6.13400 -15.20800 -8.49400 -7.77200 -13.34600 -13.23400 -15.37100
