1.00000 6.30700 7.82300 6.04200 3.18400 0.90500 2.58400 -1.07800 -3.55000 -0.36600 0.63100 -0.58000 -4.40500 -3.96700 -3.63200 7.40600 6.90700
2.00000 3.86600 5.38100 2.13600 1.23100 -0.07100 0.63100 -4.00800 -4.52700 -1.83100 -2.29900 -5.46300 -7.82300 -7.38500 -9.00300 3.49900 1.53600
3.00000 1.91200 3.91600 -0.79300 -0.23400 -1.53600 -1.32200 -5.47300 -4.52700 -2.31900 -4.25200 -7.90400 -8.31100 -8.36200 -11.93200 0.08100 -1.39400
4.00000 0.93600 3.42800 -2.25800 -1.21100 -3.00100 -2.29900 -4.98500 -3.55000 -2.80800 -5.22900 -7.41600 -7.33400 -7.87400 -13.88500 -1.38300 -1.39400
5.00000 0.93600 4.40500 -1.28200 -0.72200 -2.51300 -1.81100 -2.54300 -2.08500 -1.83100 -3.76400 -4.97400 -5.38100 -7.38500 -14.37400 -0.89500 0.55900
6.00000 2.40100 5.87000 1.64800 1.23100 -1.04800 -0.34600 -0.10200 -1.59700 -0.85400 -1.81100 -2.04500 -4.40500 -6.40900 -13.39700 1.05800 3.00100
7.00000 4.84200 7.33400 5.06600 4.64900 1.39400 2.09600 0.87500 -1.10900 -0.36600 -0.83400 -1.06800 -4.89300 -6.89700 -12.42100 3.01100 4.46600
8.00000 6.79500 8.31100 7.99600 7.57900 3.83500 3.07200 0.87500 -1.59700 -0.36600 -0.83400 -1.55600 -6.35800 -7.38500 -11.44400 4.47600 5.44200
9.00000 6.79500 7.82300 8.97200 9.04300 4.32300 2.58400 -0.10200 -2.08500 -1.83100 -2.78700 -3.51000 -7.33400 -7.87400 -10.95600 3.98800 6.41900
10.00000 5.33000 6.35800 7.99600 8.06700 2.37000 0.63100 -0.59000 -1.59700 -3.29600 -5.22900 -4.48600 -6.35800 -7.38500 -10.95600 2.52300 6.41900
11.00000 1.42400 3.42800 4.57800 4.64900 -1.04800 -2.29900 -0.59000 -0.62100 -4.76100 -7.67000 -3.51000 -3.91600 -6.89700 -11.44400 -0.40700 5.44200
12.00000 -2.48200 0.98700 1.16000 0.25400 -4.46600 -4.74000 -0.59000 -0.62100 -5.73700 -8.64700 -1.55600 -0.98700 -5.92000 -10.46800 -3.33700 1.53600
13.00000 -4.92400 0.49800 -0.79300 -3.16400 -5.93100 -4.25200 -0.10200 -0.62100 -5.24900 -7.67000 1.37300 1.45500 -4.45600 -8.51400 -4.80100 -3.34700
14.00000 -3.94700 1.47500 0.18300 -3.65200 -5.44200 -2.29900 -0.10200 -1.59700 -4.27200 -4.74000 3.81500 2.92000 -1.52600 -5.58500 -3.82500 -6.76500
15.00000 -0.04100 4.89300 4.08900 -1.21100 -2.02400 1.60700 1.36300 -1.59700 -2.31900 -1.32200 5.76800 2.92000 0.91600 -1.19000 0.08100 -6.76500
16.00000 5.33000 8.31100 9.46000 2.20700 1.39400 5.02500 3.80500 -0.62100 0.12200 2.09600 7.23300 3.40800 3.35700 2.22800 4.96400 -1.88200
17.00000 9.72500 12.21700 14.34300 6.11400 3.34700 7.46700 7.22200 1.33300 1.09900 4.53700 8.69800 4.38400 5.31000 4.66900 9.84700 4.95400
18.00000 12.16600 14.17000 17.76100 8.06700 3.34700 7.95500 11.12900 3.28600 1.58700 5.51400 10.16200 5.36100 5.79800 6.13400 12.28800 10.32500
19.00000 11.67800 14.65900 18.25000 8.06700 1.88200 6.97800 14.05800 4.26200 0.61000 6.49000 11.13900 6.33700 5.31000 6.62200 12.28800 11.30200
20.00000 9.72500 13.19400 17.76100 6.11400 -0.07100 5.51400 14.05800 3.77400 -0.85400 6.00200 11.13900 6.33700 4.33300 6.62200 10.33500 8.86000
21.00000 7.77200 10.26400 15.80800 4.64900 -1.53600 4.04900 12.10500 1.82100 -2.31900 4.53700 10.16200 4.38400 2.38000 5.15700 6.91700 4.46600
22.00000 5.81900 7.33400 13.36700 3.67200 -2.02400 2.58400 9.17600 0.35600 -3.29600 2.09600 8.20900 1.94300 0.91600 3.20400 3.49900 0.55900
23.00000 4.35400 3.91600 10.92500 2.69600 -2.51300 1.11900 5.75800 -1.10900 -3.29600 0.14200 6.25600 -0.98700 -0.54900 0.27500 0.57000 -1.39400
24.00000 2.40100 0.98700 8.48400 1.71900 -3.00100 0.14200 3.80500 -1.10900 -2.80800 -0.83400 5.28000 -2.45200 -1.52600 -2.65500 -1.87200 -2.37000
25.00000 0.93600 -0.96600 7.01900 1.23100 -3.48900 -1.32200 3.31600 -0.62100 -2.31900 -0.34600 5.28000 -1.96300 -2.01400 -4.60800 -2.84800 -2.37000
26.00000 0.44800 -1.45500 7.01900 0.74300 -4.46600 -1.81100 4.29300 0.84400 -2.31900 0.14200 6.74400 -0.49800 -2.50200 -6.07300 -2.36000 -1.39400
27.00000 1.42400 -1.45500 7.50700 0.74300 -4.95400 -2.78700 5.75800 1.82100 -2.80800 0.14200 9.18600 1.45500 -2.50200 -6.56100 -0.89500 0.07100
28.00000 2.40100 0.01000 7.99600 1.23100 -5.44200 -3.27600 6.73400 2.30900 -3.78400 -0.83400 10.65100 2.92000 -2.50200 -7.53800 0.57000 2.02400
29.00000 4.35400 1.47500 7.99600 2.20700 -4.46600 -3.27600 7.22200 2.79700 -4.27200 -3.27600 10.16200 2.43100 -3.96700 -9.97900 1.05800 3.48900
30.00000 4.84200 2.45200 7.50700 3.67200 -3.97700 -4.25200 5.75800 2.30900 -4.27200 -5.71700 7.72100 0.47800 -5.92000 -12.42100 0.08100 2.51300
31.00000 4.35400 2.94000 6.04200 4.64900 -3.48900 -5.22900 3.80500 1.82100 -4.27200 -7.67000 3.81500 -1.96300 -7.87400 -14.86200 -1.38300 0.55900
32.00000 2.40100 2.94000 5.06600 4.64900 -3.97700 -6.69400 1.36300 1.33300 -4.27200 -8.15800 1.37300 -2.94000 -8.85000 -14.86200 -3.33700 -2.85800
33.00000 0.44800 1.96300 4.57800 3.67200 -4.95400 -7.67000 0.38700 1.82100 -4.27200 -7.67000 1.37300 -1.96300 -7.38500 -12.90900 -4.31300 -4.81200
34.00000 -0.04100 0.49800 5.06600 2.20700 -5.44200 -7.18200 0.87500 2.30900 -3.78400 -5.71700 4.30300 1.45500 -4.45600 -9.00300 -4.31300 -4.81200
35.00000 -0.04100 -0.47800 5.55400 0.74300 -5.44200 -5.71700 2.34000 2.30900 -2.80800 -3.76400 8.20900 5.36100 -0.06100 -4.60800 -3.33700 -3.34700
36.00000 0.44800 -0.47800 5.55400 -0.23400 -4.46600 -3.27600 3.80500 2.30900 -1.83100 -2.29900 11.13900 7.80200 2.38000 -2.16700 -2.36000 -1.39400
37.00000 0.93600 0.01000 4.57800 -0.23400 -3.48900 -2.29900 3.80500 1.82100 -1.34300 -1.81100 11.13900 7.80200 2.86900 -1.67800 -2.84800 0.55900
38.00000 0.93600 0.49800 2.62500 0.25400 -3.00100 -2.29900 2.34000 0.84400 -1.83100 -2.78700 8.20900 5.36100 1.40400 -2.65500 -4.31300 1.04800
39.00000 0.44800 0.01000 1.16000 1.23100 -3.00100 -4.25200 0.38700 -0.13200 -2.80800 -3.76400 3.81500 1.94300 -0.06100 -4.12000 -6.26600 1.53600
40.00000 0.44800 -0.47800 0.67100 2.20700 -3.48900 -4.74000 -1.56700 -1.10900 -3.29600 -3.76400 0.39700 -0.01000 -0.54900 -4.60800 -6.75500 3.00100
41.00000 1.42400 0.49800 2.62500 2.69600 -3.48900 -3.76400 -1.07800 -1.10900 -3.29600 -2.29900 -1.06800 -1.47500 0.42700 -3.14300 -4.80100 4.95400
42.00000 4.84200 2.94000 6.53100 3.67200 -2.51300 -0.34600 0.87500 -0.62100 -2.31900 0.14200 -1.55600 -0.98700 1.89200 -1.19000 0.57000 7.88400
43.00000 8.26000 6.35800 9.94900 5.62500 -0.55900 3.56000 3.31600 -0.13200 -0.85400 3.07200 -1.06800 -0.98700 2.86900 -0.21400 6.91700 10.32500
44.00000 11.67800 8.31100 12.39000 7.09000 0.90500 5.02500 4.78100 0.84400 -0.36600 4.04900 -1.55600 -1.47500 1.40400 -0.70200 10.33500 11.30200
45.00000 11.67800 7.33400 11.41400 8.06700 1.39400 3.56000 4.29300 1.33300 -1.83100 3.07200 -3.02100 -3.42800 -1.52600 -3.14300 9.84700 9.83700
46.00000 9.72500 3.42800 8.48400 8.06700 -0.07100 -0.83400 2.82800 1.33300 -3.78400 -0.83400 -4.48600 -4.89300 -4.94400 -7.53800 5.45200 6.90700
47.00000 6.30700 -0.96600 5.06600 7.09000 -3.00100 -5.71700 1.36300 0.84400 -6.22600 -5.22900 -5.46300 -5.38100 -8.36200 -11.93200 0.08100 3.00100
48.00000 4.35400 -3.40800 3.60100 6.11400 -4.95400 -8.64700 0.87500 1.33300 -8.17900 -8.64700 -3.99800 -4.89300 -9.82700 -15.83900 -3.33700 1.04800
49.00000 3.86600 -2.92000 5.06600 6.11400 -5.44200 -8.64700 2.34000 1.82100 -8.66700 -10.60000 -1.55600 -3.42800 -10.31500 -17.30300 -3.33700 1.04800
50.00000 5.33000 -0.96600 7.99600 6.60200 -4.95400 -7.18200 4.78100 3.28600 -8.66700 -10.60000 1.37300 -1.47500 -10.31500 -17.79200 -0.89500 3.97700
51.00000 6.79500 0.98700 11.90200 8.06700 -3.97700 -5.22900 6.24600 4.26200 -7.69000 -9.13500 3.32600 -0.98700 -9.82700 -17.30300 0.57000 6.90700
52.00000 7.28400 0.98700 14.34300 9.04300 -2.51300 -4.25200 6.73400 4.75100 -7.20200 -7.67000 3.81500 -0.98700 -9.82700 -16.32700 1.05800 7.88400
53.00000 6.79500 0.01000 13.85500 9.53200 -1.53600 -4.25200 5.26900 3.77400 -6.22600 -6.20500 2.35000 -1.47500 -9.82700 -16.32700 -0.40700 5.93100
54.00000 5.81900 -0.47800 11.90200 8.55500 -0.55900 -4.25200 3.80500 2.30900 -5.73700 -5.71700 0.88500 -2.45200 -9.82700 -15.83900 -1.38300 2.02400
55.00000 5.81900 0.98700 9.46000 7.57900 -0.07100 -3.27600 2.34000 1.33300 -4.76100 -4.74000 -0.58000 -2.45200 -8.36200 -14.86200 -1.38300 -1.39400
56.00000 5.81900 2.94000 7.99600 7.09000 -0.07100 -2.29900 2.82800 1.82100 -3.29600 -3.27600 -0.58000 -1.47500 -6.89700 -12.42100 0.57000 -0.90500
57.00000 6.79500 4.89300 7.99600 7.09000 0.41700 -1.32200 4.29300 2.30900 -1.83100 -1.32200 1.37300 -0.01000 -4.45600 -9.00300 2.52300 2.51300
58.00000 6.30700 5.38100 7.99600 7.57900 0.41700 -0.83400 5.26900 3.28600 -0.85400 0.14200 3.32600 1.45500 -2.01400 -6.07300 2.52300 5.93100
59.00000 4.35400 3.42800 8.48400 7.09000 -0.55900 -1.81100 5.75800 2.79700 -0.36600 0.63100 4.30300 1.94300 -0.54900 -4.60800 0.08100 5.93100
60.00000 1.42400 0.01000 7.99600 6.11400 -2.02400 -3.27600 4.78100 1.33300 -0.36600 0.63100 3.81500 0.47800 0.42700 -5.09600 -3.82500 1.04800
61.00000 -1.50600 -2.92000 6.53100 3.67200 -3.48900 -5.71700 2.34000 -0.62100 -0.85400 -0.34600 2.35000 -0.98700 0.42700 -6.07300 -7.73100 -6.27600
62.00000 -3.45900 -5.36100 4.57800 1.23100 -4.95400 -7.18200 -0.10200 -2.08500 -0.85400 -0.83400 1.86200 -1.96300 0.42700 -6.56100 -10.66100 -11.64800
63.00000 -4.92400 -6.82600 3.11300 -0.72200 -5.93100 -7.18200 -0.10200 -2.08500 -0.36600 0.14200 3.32600 -0.49800 1.40400 -5.09600 -11.63700 -11.64800
64.00000 -4.92400 -6.82600 3.11300 -0.72200 -5.44200 -5.71700 1.85100 -1.10900 -0.36600 1.11900 6.74400 2.92000 3.35700 -2.65500 -11.14900 -5.78800
65.00000 -4.43500 -6.82600 4.08900 0.25400 -4.95400 -5.22900 5.26900 0.84400 0.12200 2.58400 11.13900 6.82600 5.31000 -0.21400 -10.66100 0.55900
66.00000 -4.43500 -7.31400 5.55400 1.71900 -4.95400 -5.71700 8.19900 2.79700 -0.36600 3.07200 15.04500 10.24400 6.28700 0.76300 -11.14900 2.02400
67.00000 -5.41200 -9.26700 4.57800 1.71900 -5.93100 -8.15800 9.17600 2.79700 -1.34300 1.60700 16.99800 11.22000 6.28700 0.27500 -13.59000 -2.85800
68.00000 -8.83000 -12.68500 0.67100 -0.72200 -7.88400 -11.57600 8.19900 1.33300 -2.31900 0.14200 16.99800 11.22000 5.31000 -0.21400 -17.98500 -12.62400
69.00000 -13.71300 -16.59100 -5.18800 -4.14000 -10.32500 -14.50600 5.75800 -0.62100 -2.31900 -1.32200 16.02200 10.73200 4.82200 0.27500 -22.86800 -21.41300
70.00000 -17.13100 -19.03300 -10.07100 -7.07000 -12.27800 -15.97100 3.31600 -2.08500 -1.83100 -0.34600 15.53300 10.24400 5.31000 1.74000 -26.28600 -26.29600
71.00000 -19.08400 -19.52100 -12.02400 -8.53500 -12.27800 -14.99400 1.36300 -2.57400 -1.83100 2.09600 14.55700 10.24400 5.79800 3.69300 -27.75100 -24.83100
72.00000 -17.13100 -17.56800 -10.07100 -8.04600 -10.81300 -12.06500 0.87500 -1.59700 -1.34300 5.02500 13.09200 10.24400 5.79800 4.18100 -26.28600 -19.94800
73.00000 -14.20100 -15.12700 -5.67600 -5.60500 -9.34900 -8.64700 0.87500 -0.62100 -1.34300 7.46700 10.16200 8.77900 4.33300 2.71600 -22.38000 -16.04200
74.00000 -11.27100 -14.15000 -1.77000 -2.67500 -7.88400 -7.18200 0.87500 0.84400 -1.83100 7.95500 6.74400 6.82600 1.40400 -0.21400 -17.98500 -14.57700
75.00000 -10.29500 -15.12700 1.16000 -1.21100 -7.88400 -7.67000 1.85100 1.33300 -2.31900 6.97800 3.81500 4.38400 -1.52600 -3.63200 -14.56700 -15.06600
76.00000 -10.78300 -16.59100 2.13600 -0.72200 -8.86000 -8.64700 2.34000 1.33300 -2.31900 5.51400 2.83800 2.43100 -2.99100 -6.07300 -13.10200 -15.55400
77.00000 -11.27100 -16.59100 3.11300 -0.72200 -9.34900 -9.13500 2.82800 0.35600 -2.31900 4.04900 2.83800 1.94300 -2.50200 -6.07300 -12.12600 -14.08900
78.00000 -9.31800 -13.66200 4.57800 0.25400 -7.88400 -7.18200 2.82800 -0.62100 -1.83100 4.53700 2.83800 1.45500 -1.03800 -5.09600 -10.66100 -9.20600
79.00000 -5.90000 -8.77900 6.04200 1.23100 -4.95400 -3.76400 1.85100 -1.59700 -0.85400 5.51400 2.35000 0.47800 -0.06100 -4.12000 -8.21900 -4.32300
80.00000 -1.99400 -4.38400 6.04200 2.69600 -2.02400 -0.34600 0.87500 -3.06200 0.12200 7.46700 0.39700 -1.47500 0.42700 -4.12000 -6.26600 0.07100
81.00000 -0.52900 -2.92000 4.57800 3.18400 -0.55900 0.14200 0.38700 -3.55000 1.09900 7.95500 -1.06800 -2.45200 -0.06100 -4.60800 -6.26600 1.04800
82.00000 -2.48200 -5.36100 2.13600 1.71900 -2.02400 -1.81100 0.38700 -3.55000 1.09900 7.95500 -1.55600 -2.45200 -0.54900 -5.09600 -8.70800 -1.39400
83.00000 -5.41200 -9.75500 0.18300 -0.23400 -5.44200 -5.71700 0.38700 -2.57400 -0.36600 6.00200 -0.58000 -0.98700 -0.54900 -5.09600 -13.59000 -6.27600
84.00000 -7.85300 -12.68500 0.18300 -1.21100 -8.37200 -9.13500 1.36300 -1.59700 -2.31900 3.56000 1.37300 0.96600 -0.06100 -5.09600 -17.98500 -11.15900
85.00000 -7.85300 -13.17300 1.64800 -1.69900 -9.34900 -10.11100 2.34000 -0.13200 -4.27200 2.58400 2.35000 2.92000 0.42700 -5.09600 -19.45000 -13.60100
86.00000 -5.90000 -10.73200 3.11300 -0.23400 -8.86000 -9.13500 2.34000 0.35600 -4.76100 2.58400 2.83800 3.89600 0.91600 -5.09600 -17.98500 -13.11200
87.00000 -4.43500 -8.29100 3.60100 1.71900 -6.41900 -6.20500 2.82800 0.84400 -3.78400 4.04900 2.83800 3.40800 0.91600 -4.60800 -15.05500 -11.15900
88.00000 -3.94700 -6.33700 2.62500 3.18400 -3.97700 -3.76400 2.34000 0.35600 -1.83100 6.00200 2.83800 2.92000 0.42700 -3.63200 -13.59000 -8.23000
89.00000 -3.94700 -5.36100 1.16000 3.18400 -3.00100 -1.81100 1.85100 0.35600 -0.36600 7.95500 2.83800 1.94300 0.91600 -2.65500 -14.07900 -6.27600
90.00000 -3.94700 -5.36100 0.67100 3.18400 -2.02400 -0.83400 2.34000 0.35600 0.12200 9.42000 3.81500 2.43100 1.40400 -1.19000 -14.07900 -4.32300
91.00000 -2.48200 -4.38400 1.64800 3.67200 -2.02400 0.14200 2.82800 0.84400 -0.36600 11.37300 4.30300 3.40800 1.89200 -0.70200 -14.07900 -2.37000
92.00000 -0.04100 -3.40800 4.08900 3.67200 -2.02400 1.11900 3.31600 1.33300 -0.36600 12.34900 4.79100 4.38400 1.89200 -0.21400 -12.12600 0.07100
93.00000 1.42400 -2.92000 5.55400 3.67200 -1.53600 1.11900 4.29300 1.82100 -0.36600 12.34900 5.76800 5.36100 1.89200 -0.21400 -9.68400 1.53600
94.00000 1.42400 -3.40800 6.53100 3.18400 -1.53600 -0.34600 4.29300 1.82100 -0.36600 11.86100 6.74400 5.36100 0.42700 -1.67800 -8.21900 2.02400
95.00000 -0.04100 -3.89600 7.01900 2.69600 -2.02400 -2.29900 4.78100 1.33300 0.12200 10.39600 7.72100 5.36100 -0.06100 -3.14300 -8.70800 -0.90500
96.00000 -1.01700 -3.89600 7.01900 2.20700 -2.02400 -3.76400 4.78100 0.84400 -0.36600 8.93100 8.20900 4.87300 -0.54900 -4.12000 -9.68400 -4.81200
97.00000 -1.01700 -2.92000 7.99600 2.69600 -1.53600 -3.27600 4.78100 0.84400 -0.36600 8.44300 7.23300 4.87300 -0.06100 -4.60800 -10.66100 -8.23000
98.00000 0.44800 -0.96600 8.48400 3.67200 -0.55900 -2.29900 4.78100 0.35600 -0.36600 9.90800 5.76800 4.38400 0.91600 -3.63200 -10.17300 -9.20600
99.00000 1.42400 0.49800 8.97200 4.64900 0.90500 -0.34600 4.29300 0.35600 0.12200 11.86100 3.81500 3.89600 2.38000 -2.16700 -8.70800 -7.25300
100.00000 1.91200 0.98700 8.48400 5.13700 1.88200 0.63100 3.80500 -0.13200 1.09900 12.83800 2.35000 2.43100 2.86900 -1.67800 -7.24300 -5.30000
101.00000 1.91200 0.98700 7.50700 5.13700 2.37000 0.63100 2.34000 -1.10900 1.58700 12.83800 0.39700 0.96600 1.89200 -2.65500 -6.26600 -4.32300
102.00000 0.93600 0.98700 7.01900 5.13700 2.37000 -0.34600 1.36300 -2.08500 2.07500 10.88500 -1.55600 -0.98700 0.91600 -5.09600 -6.26600 -5.78800
103.00000 0.44800 1.47500 6.53100 4.64900 2.85800 -0.34600 -0.10200 -2.57400 1.58700 8.93100 -3.51000 -1.47500 -0.54900 -8.02600 -6.75500 -7.74100
104.00000 0.44800 2.94000 7.01900 4.64900 2.85800 -0.34600 -0.10200 -2.57400 0.61000 7.46700 -4.97400 -1.47500 -1.03800 -9.97900 -7.73100 -9.69400
105.00000 1.42400 4.40500 7.50700 5.13700 3.34700 0.14200 -0.10200 -2.08500 0.61000 6.97800 -5.95100 -1.47500 -1.03800 -9.97900 -8.21900 -9.20600
106.00000 2.40100 5.38100 8.48400 5.62500 3.83500 0.63100 0.38700 -2.08500 0.61000 7.46700 -5.95100 -1.47500 -0.54900 -9.00300 -8.21900 -6.76500
107.00000 3.37700 6.35800 10.43700 6.60200 3.83500 1.11900 0.87500 -1.59700 0.61000 8.44300 -4.97400 -1.96300 -0.54900 -7.53800 -6.75500 -3.34700
108.00000 5.33000 7.33400 12.39000 7.57900 3.83500 0.63100 0.87500 -1.59700 0.12200 8.44300 -4.48600 -2.45200 -1.52600 -7.53800 -4.80100 0.07100
109.00000 6.79500 8.31100 14.34300 9.53200 4.32300 1.11900 1.36300 -1.59700 -0.36600 8.44300 -3.99800 -3.42800 -2.99100 -8.02600 -2.36000 2.51300
110.00000 8.26000 8.79900 15.80800 10.99700 4.81200 1.11900 2.34000 -1.10900 -0.85400 8.44300 -3.99800 -3.42800 -3.47900 -8.51400 -0.40700 3.48900
111.00000 8.26000 8.79900 16.29600 11.97300 5.78800 1.11900 3.80500 -1.10900 -0.36600 8.93100 -3.51000 -2.94000 -3.96700 -8.02600 0.08100 3.00100
112.00000 6.79500 8.31100 15.80800 11.48500 5.78800 2.09600 5.75800 -0.62100 0.12200 10.39600 -2.53300 -1.96300 -3.47900 -6.56100 -1.87200 2.51300
113.00000 5.81900 7.82300 15.32000 10.50800 5.78800 2.58400 6.73400 -1.10900 1.09900 11.86100 -0.58000 -0.98700 -2.50200 -3.63200 -4.80100 2.51300
114.00000 5.81900 7.82300 15.32000 10.02000 5.78800 3.56000 7.22200 -1.10900 2.07500 13.32600 1.86200 -0.01000 -1.52600 -1.67800 -8.21900 3.97700
115.00000 6.30700 7.82300 15.80800 9.53200 4.81200 4.04900 6.73400 -1.10900 2.56300 13.81400 4.30300 0.96600 -0.54900 -0.70200 -9.68400 5.44200
116.00000 6.79500 8.31100 16.78500 9.04300 3.83500 3.56000 6.24600 -1.10900 2.56300 14.30300 6.74400 1.94300 0.91600 0.27500 -8.21900 6.90700
117.00000 7.28400 8.31100 17.76100 9.04300 3.34700 2.58400 5.75800 -1.10900 2.07500 13.32600 8.20900 3.40800 2.86900 0.27500 -5.77800 6.90700
118.00000 6.79500 8.31100 17.76100 9.04300 2.85800 0.14200 5.75800 -0.62100 2.07500 12.83800 9.18600 4.38400 3.84500 0.27500 -4.31300 5.44200
119.00000 5.81900 7.82300 16.29600 8.06700 2.85800 -1.32200 5.26900 -1.10900 2.56300 11.86100 9.18600 4.87300 4.33300 0.27500 -4.31300 3.00100
120.00000 4.84200 7.82300 14.34300 7.57900 2.85800 -1.81100 4.29300 -2.08500 3.54000 11.37300 8.20900 3.89600 4.33300 -0.21400 -6.26600 1.53600
121.00000 3.37700 7.33400 11.90200 6.11400 3.34700 -1.32200 1.36300 -3.55000 4.02800 10.88500 6.74400 2.43100 3.84500 -0.70200 -8.70800 0.55900
122.00000 2.40100 6.84600 9.94900 5.62500 2.85800 -0.83400 -2.05500 -5.01500 4.51700 10.88500 4.30300 0.47800 3.35700 -2.16700 -11.14900 0.07100
123.00000 0.93600 5.38100 8.48400 4.64900 2.37000 -1.81100 -4.00800 -5.99200 4.51700 10.39600 2.35000 -1.47500 3.35700 -3.14300 -12.12600 -1.39400
124.00000 -1.01700 3.42800 6.53100 3.67200 0.90500 -2.78700 -4.98500 -6.48000 4.02800 9.90800 0.88500 -2.45200 2.86900 -4.60800 -13.10200 -3.34700
125.00000 -2.48200 1.96300 4.08900 2.20700 -0.07100 -4.74000 -4.98500 -6.96800 3.54000 8.44300 -0.09200 -2.45200 2.38000 -5.58500 -14.56700 -4.32300
126.00000 -3.94700 0.49800 2.13600 1.23100 -1.04800 -6.20500 -4.49600 -6.48000 2.56300 6.97800 -0.09200 -2.94000 0.91600 -7.05000 -16.52000 -4.81200
127.00000 -4.92400 0.01000 1.16000 0.74300 -1.04800 -6.69400 -4.49600 -5.99200 1.58700 5.02500 -0.58000 -3.91600 -0.54900 -8.51400 -17.98500 -3.83500
128.00000 -5.90000 0.49800 1.16000 0.25400 -1.04800 -7.18200 -5.47300 -5.99200 0.61000 4.04900 -0.58000 -4.40500 -2.01400 -9.97900 -18.96200 -3.34700
129.00000 -6.38800 0.49800 2.13600 0.25400 -1.04800 -7.67000 -6.44900 -5.99200 -0.36600 3.07200 -0.58000 -5.38100 -2.99100 -11.44400 -18.96200 -4.32300
130.00000 -7.36500 0.49800 3.11300 0.25400 -1.53600 -8.15800 -6.44900 -5.99200 -1.83100 2.58400 -0.58000 -5.38100 -3.47900 -12.42100 -17.98500 -7.25300
131.00000 -7.36500 -0.47800 3.60100 -0.23400 -3.00100 -9.13500 -5.96100 -5.50300 -2.31900 2.58400 -0.09200 -5.38100 -4.45600 -12.42100 -17.98500 -10.67100
132.00000 -7.36500 -0.96600 3.60100 0.25400 -3.97700 -9.62300 -4.98500 -5.01500 -2.31900 1.60700 0.88500 -4.40500 -4.94400 -12.90900 -17.98500 -13.11200
133.00000 -6.38800 -1.45500 3.60100 0.25400 -4.46600 -9.13500 -4.00800 -4.03800 -2.31900 1.11900 1.86200 -3.42800 -5.43200 -13.39700 -17.98500 -14.08900
134.00000 -5.41200 -1.45500 3.60100 0.25400 -4.46600 -7.67000 -3.03100 -4.03800 -1.83100 1.11900 2.83800 -3.42800 -5.92000 -13.88500 -17.49700 -13.60100
135.00000 -4.43500 -0.96600 3.11300 0.25400 -3.48900 -6.20500 -3.03100 -4.03800 -1.34300 1.60700 3.32600 -3.42800 -5.43200 -13.39700 -16.52000 -14.08900
136.00000 -4.43500 -0.47800 2.13600 -0.72200 -2.51300 -5.22900 -2.54300 -4.03800 -0.85400 3.07200 3.32600 -3.42800 -3.96700 -12.42100 -14.56700 -14.08900
137.00000 -4.92400 0.98700 1.16000 -2.18700 -1.53600 -3.76400 -2.54300 -4.52700 0.12200 4.53700 4.30300 -2.94000 -2.50200 -10.46800 -13.10200 -13.60100
138.00000 -5.90000 1.47500 0.18300 -3.65200 -1.04800 -1.81100 -2.54300 -5.01500 0.61000 6.49000 5.28000 -1.96300 -1.52600 -8.02600 -12.12600 -11.64800
139.00000 -6.38800 2.45200 0.18300 -4.62800 -0.55900 0.14200 -3.52000 -5.99200 1.09900 6.97800 5.76800 -0.98700 -0.06100 -6.56100 -11.63700 -8.71800
140.00000 -6.38800 2.94000 1.16000 -5.11700 0.41700 2.09600 -4.00800 -6.96800 2.07500 7.95500 6.25600 -0.01000 0.42700 -5.58500 -12.12600 -6.27600
141.00000 -6.38800 2.94000 1.64800 -5.11700 0.90500 3.07200 -4.98500 -6.96800 2.56300 8.93100 6.25600 0.47800 1.40400 -4.60800 -12.12600 -5.78800
142.00000 -5.41200 2.94000 2.13600 -4.62800 1.39400 3.56000 -4.98500 -6.48000 3.05200 9.42000 6.74400 0.47800 2.86900 -4.12000 -11.63700 -6.27600
143.00000 -3.94700 3.42800 2.62500 -3.16400 1.39400 3.56000 -3.52000 -5.50300 3.54000 10.88500 7.23300 0.47800 3.84500 -2.65500 -10.66100 -7.25300
144.00000 -1.99400 5.38100 4.08900 -1.69900 2.37000 4.04900 -1.07800 -4.03800 3.54000 12.83800 8.20900 0.96600 4.33300 -1.19000 -9.19600 -6.76500
145.00000 0.44800 7.82300 6.53100 0.25400 3.34700 5.51400 1.85100 -2.08500 3.54000 14.79100 9.67400 0.96600 4.82200 -0.21400 -6.26600 -3.83500
146.00000 2.88900 10.26400 9.94900 1.71900 4.81200 7.46700 4.29300 -1.10900 4.02800 16.74400 12.11500 1.94300 4.82200 0.76300 -2.36000 1.53600
147.00000 5.81900 12.21700 13.36700 2.69600 5.78800 9.90800 6.24600 -1.10900 4.02800 18.69700 14.55700 2.92000 4.82200 1.74000 1.54600 6.41900
148.00000 7.28400 13.19400 15.32000 4.16100 6.27600 10.88500 6.73400 -1.10900 4.02800 19.18500 16.99800 2.92000 4.82200 1.74000 3.49900 9.34900
149.00000 7.77200 12.70500 15.80800 4.64900 6.27600 10.88500 6.73400 -1.59700 3.05200 18.20900 18.46300 2.92000 4.82200 1.74000 4.47600 9.83700
150.00000 7.77200 12.21700 15.80800 5.62500 6.76500 9.42000 5.75800 -1.59700 2.07500 16.25600 17.48700 1.94300 3.35700 0.27500 3.49900 8.37200
151.00000 8.26000 12.70500 15.80800 6.60200 7.25300 8.44300 5.75800 -1.10900 1.09900 14.30300 15.53300 0.96600 1.40400 -1.67800 3.01100 6.90700
152.00000 9.72500 14.65900 17.27300 8.06700 8.71800 7.46700 5.75800 -1.10900 0.61000 13.32600 13.58000 -0.01000 -1.52600 -4.60800 3.49900 5.93100
153.00000 11.67800 16.61200 20.20300 9.53200 9.69400 7.46700 5.75800 -1.10900 0.12200 12.34900 12.60400 -0.98700 -2.99100 -6.56100 4.96400 5.93100
154.00000 12.16600 17.10000 22.15600 10.02000 9.69400 7.46700 6.24600 -1.10900 0.61000 12.34900 12.11500 -1.47500 -3.47900 -7.53800 7.40600 6.90700
155.00000 11.67800 16.12300 23.13200 10.02000 8.71800 6.97800 6.24600 -1.10900 0.61000 11.86100 12.60400 -0.98700 -2.99100 -8.02600 8.87000 7.88400
156.00000 9.23700 14.17000 22.64400 9.53200 7.25300 6.49000 6.24600 -0.62100 0.12200 10.88500 12.11500 -0.49800 -2.01400 -8.02600 7.89400 9.83700
157.00000 7.28400 12.70500 21.66700 9.04300 6.27600 5.51400 7.22200 -0.62100 -0.36600 9.42000 11.62700 -0.49800 -1.52600 -8.51400 5.45200 11.30200
158.00000 6.30700 12.70500 21.66700 9.04300 5.78800 5.51400 7.22200 -0.13200 -1.34300 9.42000 11.13900 -0.49800 -2.01400 -8.51400 3.49900 12.76700
159.00000 6.79500 13.68200 22.64400 9.04300 6.27600 6.49000 7.71100 -0.13200 -1.34300 10.39600 11.13900 -0.98700 -2.99100 -8.02600 2.52300 13.74300
160.00000 7.28400 15.14700 23.13200 9.04300 6.76500 7.46700 7.22200 -0.13200 -0.36600 11.86100 11.13900 -1.47500 -3.96700 -8.02600 3.01100 13.74300
161.00000 7.28400 14.65900 22.15600 8.55500 6.76500 7.95500 6.24600 -0.62100 0.12200 12.34900 11.13900 -1.96300 -3.96700 -8.02600 3.01100 12.76700
162.00000 5.33000 12.21700 19.71400 7.09000 6.27600 6.49000 5.26900 -1.10900 1.09900 11.37300 11.62700 -1.47500 -2.50200 -8.02600 1.54600 10.32500
163.00000 3.37700 9.77600 17.76100 5.62500 5.30000 4.53700 4.29300 -2.08500 1.09900 9.90800 11.62700 -0.49800 -0.54900 -8.02600 -0.40700 7.88400
164.00000 1.91200 8.31100 16.78500 4.64900 5.30000 4.04900 3.80500 -2.57400 2.07500 8.93100 11.13900 0.47800 1.89200 -6.56100 -1.87200 4.95400
165.00000 1.91200 9.28800 17.27300 4.64900 5.30000 4.53700 3.31600 -3.06200 3.05200 9.90800 10.65100 0.96600 3.35700 -4.60800 -1.38300 2.02400
166.00000 3.37700 11.24100 18.73800 5.13700 6.27600 6.00200 2.82800 -3.55000 4.51700 12.83800 10.16200 1.45500 4.33300 -1.67800 -0.40700 -0.41700
167.00000 4.35400 13.19400 19.71400 6.11400 7.25300 7.95500 2.34000 -3.55000 5.00500 15.76700 10.16200 0.96600 5.31000 0.76300 1.05800 -2.37000
168.00000 5.33000 13.19400 19.22600 6.60200 7.74100 8.93100 1.85100 -3.55000 5.49300 17.72100 10.65100 0.96600 5.79800 2.71600 1.54600 -3.34700
169.00000 5.33000 12.70500 18.73800 6.60200 8.23000 9.42000 2.82800 -2.57400 5.49300 18.69700 12.11500 1.45500 7.26300 4.18100 1.05800 -2.85800
170.00000 5.81900 12.70500 18.25000 7.09000 7.74100 9.90800 5.26900 -1.59700 5.00500 18.69700 13.58000 2.92000 8.24000 5.15700 0.57000 -1.39400
171.00000 7.28400 13.68200 19.22600 7.09000 8.23000 9.90800 8.19900 -0.62100 5.00500 18.69700 15.04500 4.38400 8.72800 5.64600 0.57000 1.04800
172.00000 9.23700 15.63500 20.69100 7.57900 8.71800 10.88500 10.15200 -0.13200 4.51700 19.67400 15.53300 5.36100 9.21600 6.62200 1.54600 4.95400
173.00000 10.70100 17.10000 21.66700 8.06700 9.20600 11.37300 11.12900 0.35600 5.00500 20.16200 15.53300 5.84900 7.75100 7.11100 2.52300 7.88400
174.00000 10.21300 17.10000 21.66700 8.55500 9.20600 11.86100 10.64000 0.35600 4.51700 20.65000 15.53300 5.36100 6.28700 7.11100 2.03500 9.34900
175.00000 9.23700 15.63500 21.17900 8.55500 8.71800 11.37300 9.66400 -0.13200 4.02800 20.16200 15.53300 4.38400 4.82200 6.13400 1.05800 9.34900
176.00000 7.77200 14.65900 21.17900 8.55500 8.23000 11.86100 8.68700 -0.62100 3.54000 19.67400 15.53300 3.40800 3.84500 5.64600 0.08100 8.37200
177.00000 7.77200 14.65900 20.69100 8.55500 8.23000 11.86100 8.19900 -0.62100 3.05200 19.18500 15.53300 2.92000 3.35700 4.18100 1.05800 7.39500
178.00000 8.74800 15.63500 20.69100 8.55500 8.71800 12.34900 8.68700 -0.62100 3.05200 18.69700 15.04500 1.94300 2.38000 3.20400 2.52300 7.39500
179.00000 10.70100 16.12300 20.69100 9.04300 9.20600 12.34900 9.17600 -0.62100 2.56300 18.69700 13.58000 0.96600 1.40400 1.74000 3.49900 7.39500
180.00000 11.67800 16.12300 20.69100 9.53200 9.20600 11.37300 9.17600 -0.13200 2.07500 17.23200 12.60400 -0.01000 -0.06100 0.27500 3.49900 6.90700
181.00000 11.19000 14.65900 20.20300 9.53200 8.23000 9.42000 8.68700 -0.13200 1.09900 15.27900 12.11500 -0.49800 -2.01400 -2.16700 1.54600 5.93100
182.00000 9.23700 12.21700 19.71400 8.55500 6.76500 6.97800 7.71100 0.35600 0.61000 12.83800 11.62700 -0.01000 -2.99100 -4.12000 -0.40700 4.95400
183.00000 6.79500 9.28800 19.71400 7.57900 4.81200 5.02500 7.22200 -0.13200 0.12200 10.39600 12.11500 -0.01000 -2.99100 -6.07300 -1.38300 3.97700
184.00000 3.86600 7.33400 18.73800 6.60200 2.85800 3.56000 6.24600 -0.13200 0.61000 9.42000 12.11500 0.47800 -2.01400 -7.05000 -0.89500 2.51300
185.00000 2.40100 6.35800 17.27300 5.62500 1.88200 3.07200 5.75800 -0.62100 1.58700 9.90800 11.62700 0.96600 -0.54900 -7.05000 -0.89500 -0.41700
186.00000 0.93600 5.87000 15.32000 5.13700 1.39400 2.58400 4.78100 -0.62100 2.07500 11.37300 11.13900 0.96600 0.91600 -6.56100 -2.36000 -4.81200
187.00000 0.93600 5.38100 13.85500 4.64900 2.37000 2.58400 3.80500 -0.62100 2.56300 12.83800 10.16200 0.47800 1.40400 -5.09600 -5.29000 -10.18300
188.00000 1.42400 5.38100 13.36700 5.13700 2.85800 2.58400 2.82800 -0.62100 2.07500 12.83800 8.69800 -0.01000 1.40400 -4.60800 -8.70800 -13.60100
189.00000 2.40100 4.89300 14.34300 5.62500 3.83500 2.58400 1.85100 -0.62100 2.07500 12.83800 7.72100 -0.49800 0.42700 -4.12000 -10.66100 -13.11200
190.00000 4.35400 4.89300 16.29600 6.11400 4.81200 2.58400 2.34000 -0.62100 1.58700 12.34900 6.74400 -0.98700 -0.06100 -3.63200 -9.68400 -9.69400
191.00000 5.81900 4.40500 17.76100 6.60200 4.81200 2.09600 2.82800 -0.13200 1.58700 12.34900 6.74400 -0.98700 -0.06100 -3.14300 -7.73100 -6.76500
192.00000 5.81900 4.40500 17.76100 7.09000 4.81200 1.11900 3.80500 -0.13200 2.07500 12.34900 7.23300 -0.01000 0.91600 -2.65500 -5.29000 -7.25300
193.00000 5.33000 4.89300 16.78500 7.57900 4.32300 0.63100 4.29300 -0.13200 3.05200 12.34900 9.18600 0.96600 2.38000 -1.67800 -4.31300 -10.18300
194.00000 3.86600 5.38100 14.83200 7.57900 3.83500 0.14200 3.80500 0.35600 3.54000 12.34900 10.65100 1.94300 3.84500 -1.19000 -4.31300 -14.08900
195.00000 3.37700 6.35800 13.36700 7.09000 3.83500 0.63100 2.82800 -0.13200 3.54000 12.34900 12.11500 2.43100 4.33300 -0.70200 -4.80100 -14.57700
196.00000 3.37700 7.33400 13.36700 6.60200 4.32300 1.11900 2.82800 -0.62100 3.05200 12.34900 13.09200 2.92000 3.84500 -0.21400 -4.31300 -10.67100
197.00000 3.37700 7.82300 13.85500 6.60200 4.32300 2.09600 3.80500 -0.13200 2.07500 13.32600 14.06900 2.92000 3.35700 0.27500 -3.82500 -3.34700
198.00000 3.86600 7.33400 14.83200 7.57900 4.32300 3.07200 6.24600 0.84400 1.58700 14.30300 15.53300 3.89600 2.86900 0.27500 -3.33700 3.00100
199.00000 3.86600 6.84600 15.80800 7.57900 3.83500 3.56000 8.68700 1.82100 1.58700 15.27900 17.48700 4.38400 2.86900 0.27500 -2.84800 6.41900
200.00000 3.86600 7.33400 16.29600 8.55500 4.32300 4.04900 10.64000 2.30900 1.09900 15.27900 18.95100 4.87300 2.38000 0.27500 -2.84800 6.90700
201.00000 5.33000 9.28800 17.27300 10.02000 4.81200 4.53700 12.10500 2.79700 0.61000 14.79100 19.92800 4.87300 1.40400 -0.70200 -2.84800 6.90700
202.00000 6.79500 12.70500 18.73800 10.50800 5.78800 5.02500 12.10500 2.79700 0.12200 13.81400 19.44000 3.89600 -0.54900 -2.16700 -2.36000 6.90700
203.00000 7.77200 14.65900 18.73800 10.99700 6.27600 5.02500 11.61700 2.30900 -1.34300 13.32600 18.46300 2.92000 -2.99100 -4.12000 -2.84800 7.88400
204.00000 6.79500 15.14700 17.76100 10.50800 5.78800 4.04900 9.66400 1.82100 -2.31900 12.34900 16.99800 1.94300 -5.43200 -6.07300 -3.82500 8.86000
205.00000 5.33000 13.68200 15.32000 9.53200 5.30000 2.58400 7.71100 0.84400 -3.29600 11.86100 15.53300 0.96600 -7.38500 -8.02600 -4.31300 9.83700
206.00000 3.86600 12.21700 13.85500 8.55500 4.32300 1.11900 5.75800 -0.13200 -3.78400 10.88500 15.04500 -0.01000 -8.36200 -9.97900 -3.33700 10.32500
207.00000 3.86600 12.21700 14.34300 8.06700 4.32300 0.63100 4.78100 -0.13200 -3.29600 9.90800 15.04500 -0.49800 -8.36200 -11.44400 -0.40700 12.27800
208.00000 6.30700 14.17000 17.27300 9.04300 4.81200 2.09600 6.24600 -0.13200 -2.31900 9.42000 16.02200 -0.01000 -7.87400 -11.44400 3.01100 14.23100
209.00000 8.74800 16.61200 21.17900 10.50800 5.78800 4.04900 8.68700 1.33300 -0.85400 10.39600 16.99800 1.45500 -5.92000 -10.46800 5.94100 15.20800
210.00000 9.72500 17.58800 23.13200 10.99700 6.27600 6.49000 11.61700 2.79700 0.12200 12.34900 18.95100 3.40800 -3.96700 -7.53800 5.94100 12.27800
211.00000 8.26000 16.12300 22.64400 10.50800 5.30000 7.46700 13.57000 3.28600 0.61000 14.79100 19.92800 5.36100 -1.52600 -4.12000 3.01100 6.41900
212.00000 4.35400 13.68200 19.22600 8.06700 3.83500 6.49000 13.57000 2.79700 1.09900 16.25600 19.92800 6.33700 0.91600 -1.19000 -0.40700 1.04800
213.00000 1.42400 11.72900 14.83200 6.11400 2.85800 5.51400 11.61700 1.33300 1.58700 16.74400 18.46300 6.33700 2.86900 0.27500 -2.36000 -0.90500
214.00000 -0.04100 11.72900 11.90200 4.16100 3.34700 5.02500 8.19900 -1.10900 2.07500 16.25600 16.51000 4.87300 3.35700 0.27500 -1.87200 3.00100
215.00000 0.44800 12.70500 10.92500 3.67200 4.32300 5.51400 5.26900 -2.57400 3.05200 16.25600 14.55700 2.43100 3.35700 -0.21400 -0.40700 8.37200
216.00000 2.40100 13.68200 11.90200 4.64900 5.78800 7.46700 3.31600 -3.06200 4.02800 16.74400 13.58000 0.96600 2.86900 -0.21400 1.54600 12.27800
217.00000 3.86600 14.17000 14.34300 5.62500 6.76500 8.93100 3.80500 -2.57400 4.51700 18.20900 13.58000 -0.01000 2.86900 -0.21400 2.52300 12.27800
218.00000 5.81900 14.17000 16.29600 6.60200 6.76500 9.42000 5.26900 -1.59700 4.02800 18.69700 13.58000 0.47800 2.38000 0.27500 3.01100 9.34900
219.00000 7.28400 14.65900 17.76100 7.09000 6.27600 9.42000 7.71100 -0.62100 2.56300 18.20900 14.06900 0.96600 1.89200 -0.21400 3.98800 7.39500
220.00000 9.23700 16.12300 18.73800 8.06700 5.30000 7.95500 8.68700 0.35600 0.61000 15.76700 13.09200 0.96600 0.42700 -2.16700 4.47600 7.39500
221.00000 10.21300 17.58800 19.22600 8.55500 4.32300 6.00200 8.19900 0.35600 -1.83100 13.32600 11.13900 -0.01000 -2.01400 -5.09600 3.98800 9.34900
222.00000 10.70100 17.58800 18.25000 9.04300 3.83500 4.04900 6.24600 0.35600 -3.29600 10.39600 8.69800 -1.96300 -5.43200 -9.00300 2.52300 10.81300
223.00000 10.21300 17.10000 18.25000 10.02000 3.34700 2.58400 4.29300 0.35600 -4.76100 8.93100 6.74400 -3.42800 -8.85000 -11.93200 1.05800 10.32500
224.00000 10.21300 17.10000 18.73800 10.02000 3.34700 3.07200 3.31600 0.35600 -5.24900 8.93100 6.25600 -4.40500 -10.80300 -12.90900 1.05800 8.37200
225.00000 11.67800 19.54100 21.17900 10.99700 4.81200 5.51400 4.78100 1.33300 -5.24900 9.90800 6.74400 -4.40500 -11.78000 -12.42100 4.47600 7.88400
226.00000 14.11900 23.44800 24.59700 11.97300 6.27600 8.93100 7.22200 2.30900 -4.76100 11.86100 8.69800 -3.91600 -10.80300 -10.46800 10.82400 10.32500
227.00000 17.04900 27.35400 28.50300 13.43800 8.23000 12.83800 9.66400 3.28600 -3.29600 14.79100 11.13900 -1.96300 -8.85000 -7.53800 17.17100 14.23100
228.00000 18.02600 29.30700 29.96800 14.41400 9.69400 14.30300 11.12900 3.77400 -1.83100 17.23200 13.58000 -0.98700 -5.43200 -5.09600 21.07700 17.16100
229.00000 16.07300 27.35400 28.50300 13.92600 9.69400 13.32600 10.64000 3.77400 0.12200 18.20900 15.53300 0.47800 -2.99100 -2.65500 20.10100 16.18400
230.00000 11.67800 22.95900 24.59700 11.97300 7.74100 10.39600 8.68700 2.79700 0.61000 17.72100 16.02200 1.45500 -0.54900 -1.67800 15.21800 11.79000
231.00000 7.28400 17.58800 20.20300 9.53200 5.30000 6.00200 6.24600 1.82100 0.61000 15.76700 16.02200 1.45500 0.42700 -1.19000 8.87000 6.41900
232.00000 4.84200 13.19400 15.80800 6.60200 3.34700 2.09600 3.80500 0.84400 0.12200 13.32600 16.02200 1.94300 0.42700 -1.67800 3.98800 2.51300
233.00000 3.86600 11.24100 12.39000 5.13700 1.88200 0.14200 2.82800 0.35600 -0.36600 11.86100 15.04500 1.94300 0.91600 -2.16700 1.54600 1.53600
234.00000 4.84200 11.24100 11.41400 4.16100 1.88200 0.14200 2.34000 -0.13200 0.12200 12.34900 14.55700 1.94300 1.89200 -1.19000 2.03500 2.51300
235.00000 5.33000 12.70500 10.92500 4.64900 2.37000 1.60700 2.82800 -0.13200 1.09900 14.79100 14.55700 2.43100 4.33300 0.76300 3.49900 3.97700
236.00000 5.81900 14.17000 11.90200 5.13700 3.83500 3.56000 4.29300 0.35600 2.56300 17.23200 15.04500 3.40800 6.77500 4.18100 4.96400 4.95400
237.00000 5.33000 14.65900 13.85500 5.62500 3.83500 4.53700 5.75800 1.82100 3.54000 19.18500 15.53300 4.87300 8.72800 6.62200 4.96400 5.93100
238.00000 4.35400 14.17000 14.83200 5.62500 3.34700 4.04900 6.24600 2.30900 3.54000 19.18500 16.02200 5.84900 9.21600 7.11100 3.49900 6.90700
239.00000 2.88900 11.24100 16.29600 4.64900 1.39400 2.09600 5.26900 2.30900 3.05200 17.23200 16.02200 5.84900 8.24000 6.13400 1.05800 7.88400
240.00000 1.42400 8.31100 16.29600 2.69600 -1.04800 -0.34600 3.31600 1.82100 1.58700 14.79100 15.04500 4.87300 5.79800 2.22800 -0.89500 8.86000
241.00000 -0.04100 5.38100 15.80800 1.71900 -2.51300 -1.81100 1.36300 0.84400 0.12200 12.34900 13.09200 2.43100 2.86900 -1.67800 -1.87200 8.37200
242.00000 -0.04100 4.40500 14.83200 1.71900 -2.02400 -1.81100 0.87500 0.35600 -0.36600 11.37300 11.62700 -0.01000 -0.54900 -4.60800 -1.87200 7.88400
243.00000 1.42400 5.87000 15.32000 3.18400 0.41700 0.63100 1.85100 -0.13200 -0.85400 11.37300 10.65100 -2.45200 -3.47900 -6.56100 -0.89500 6.41900
244.00000 4.35400 8.79900 16.29600 5.62500 3.34700 4.04900 4.78100 0.84400 -0.85400 12.34900 11.13900 -3.91600 -5.92000 -8.02600 0.57000 5.44200
245.00000 6.79500 12.21700 17.76100 7.57900 5.78800 7.46700 8.19900 1.82100 -0.85400 13.32600 12.11500 -3.91600 -8.36200 -9.49100 1.05800 5.44200
246.00000 8.26000 14.17000 19.22600 9.04300 6.76500 8.93100 10.15200 2.79700 -1.83100 13.32600 13.58000 -4.40500 -10.31500 -12.42100 1.54600 6.90700
247.00000 8.26000 14.17000 19.71400 9.53200 6.27600 7.95500 10.15200 2.79700 -2.80800 11.86100 13.09200 -5.38100 -12.75600 -16.32700 1.05800 9.34900
248.00000 6.79500 12.70500 18.73800 9.53200 4.81200 4.53700 7.71100 2.30900 -4.27200 9.42000 10.65100 -7.82300 -15.19800 -20.72100 1.05800 12.27800
249.00000 5.81900 10.75200 18.25000 9.04300 2.85800 0.63100 3.80500 1.33300 -5.24900 6.49000 6.74400 -11.24100 -17.63900 -24.13900 1.54600 13.25500
250.00000 5.81900 9.77600 18.25000 9.53200 1.39400 -1.81100 1.36300 0.35600 -6.71400 4.04900 1.86200 -14.17000 -20.56900 -26.58100 2.03500 11.79000
251.00000 6.30700 9.77600 18.73800 10.50800 0.90500 -2.78700 0.38700 0.35600 -7.20200 2.09600 -1.55600 -16.61200 -21.54500 -27.55700 2.03500 8.37200
252.00000 7.28400 11.24100 19.71400 11.97300 1.39400 -2.29900 1.85100 0.84400 -7.20200 1.60700 -2.04500 -16.12300 -21.05700 -26.58100 2.03500 5.44200
253.00000 8.26000 12.21700 20.69100 12.95000 2.37000 -1.32200 3.80500 1.82100 -6.22600 3.07200 -0.58000 -14.17000 -17.63900 -23.65100 1.54600 4.46600
254.00000 8.74800 12.70500 20.20300 12.95000 2.85800 0.63100 5.75800 2.30900 -5.24900 5.02500 3.81500 -10.26400 -13.24500 -19.25700 1.54600 6.41900
255.00000 9.23700 12.70500 19.22600 12.46100 3.83500 2.58400 7.22200 3.28600 -2.80800 7.95500 8.20900 -5.87000 -7.87400 -13.88500 2.52300 8.86000
256.00000 9.23700 12.70500 18.25000 10.50800 3.83500 4.04900 7.22200 3.28600 -0.85400 11.37300 12.60400 -0.49800 -2.99100 -9.49100 3.49900 10.81300
