1.00000 -7.06000 -7.43600 -6.44900 -8.26000 -6.81600 -4.37400 3.73300 2.43100 -3.02100 -5.74700 12.90900 15.22800 7.07000 7.18200 17.64900 15.41100
2.00000 -6.57100 -9.38900 -10.35600 -8.74800 -9.25700 -9.25700 2.26800 2.92000 -3.51000 -8.67700 12.42100 12.78700 4.62800 4.25200 14.23100 11.99300
3.00000 -4.13000 -6.46000 -10.84400 -6.79500 -8.76900 -11.21000 3.73300 2.92000 -3.02100 -9.65400 9.97900 8.88100 1.69900 0.83400 9.34900 7.59900
4.00000 -1.68900 -2.06500 -7.42600 -3.86600 -5.83900 -7.79200 5.68600 2.43100 -2.53300 -7.21200 6.07300 4.97400 -0.25400 -1.11900 5.44200 4.18100
5.00000 -1.68900 0.86500 -2.54300 -1.42400 -1.93300 0.50900 7.15100 1.94300 -0.58000 -2.33000 3.14300 2.04500 -0.74300 -0.63100 3.00100 3.20400
6.00000 -2.17700 1.35300 2.34000 0.04100 1.48500 7.83300 6.17500 0.96600 1.37300 3.04200 2.16700 1.06800 -0.74300 0.83400 2.51300 2.71600
7.00000 -2.66500 -0.11200 4.78100 1.01700 2.46200 10.76300 3.73300 0.96600 2.83800 4.99500 2.65500 0.09200 -1.23100 1.81100 1.53600 2.22800
8.00000 -2.17700 -1.08800 5.26900 1.99400 1.97300 6.85600 -0.17300 1.45500 3.32600 2.55300 3.14300 -1.37300 -2.20700 1.81100 -0.41700 0.27500
9.00000 -2.66500 -1.08800 3.31600 1.50600 0.02000 -1.44400 -2.61400 1.94300 2.35000 -2.33000 2.16700 -2.35000 -2.69600 -0.14200 -2.37000 -1.19000
10.00000 -4.13000 -2.06500 -1.56700 -1.42400 -2.42100 -9.74500 -3.59100 1.94300 0.39700 -5.25900 0.70200 -2.35000 -1.23100 -1.11900 -1.88200 -1.19000
11.00000 -7.54800 -4.50600 -6.93800 -5.81900 -4.86200 -12.67500 -2.61400 -0.01000 -0.58000 -2.81800 1.19000 0.09200 2.18700 0.34600 0.55900 1.74000
12.00000 -9.98900 -8.41300 -10.35600 -10.70100 -6.81600 -9.25700 -0.66100 -2.45200 -0.09200 4.50600 3.63200 2.53300 5.60500 3.76400 4.46600 6.13400
13.00000 -9.01300 -9.87800 -9.37900 -11.67800 -6.32700 -0.95600 1.29200 -4.40500 1.37300 11.83100 6.07300 4.48600 7.55800 7.18200 7.88400 9.55200
14.00000 -4.13000 -6.94800 -4.00800 -8.26000 -3.88600 7.34500 3.24500 -5.38100 2.83800 14.27200 6.56100 3.02100 6.58200 8.64700 7.39500 9.55200
15.00000 1.24100 -1.08800 3.31600 -1.91200 -0.46800 11.25100 6.17500 -4.40500 3.81500 10.36600 3.14300 -0.39700 4.14000 7.67000 4.46600 7.59900
16.00000 4.65900 3.30600 9.17600 2.97000 1.97300 10.27400 9.10400 -1.47500 3.81500 3.53000 -1.25100 -3.32600 1.69900 4.25200 1.53600 4.18100
17.00000 3.68200 2.81800 10.15200 3.94700 1.48500 4.90300 11.05800 1.94300 2.83800 -1.35300 -3.20400 -2.83800 0.72200 1.81100 0.55900 2.71600
18.00000 -1.20000 -3.53000 7.71100 1.01700 -2.42100 -1.93300 10.56900 4.87300 1.37300 -2.33000 -0.27500 1.06800 1.69900 0.83400 2.51300 3.69300
19.00000 -6.08300 -11.83100 4.78100 -2.88900 -8.28000 -6.81600 8.61600 7.31400 -0.58000 -0.37600 7.53800 6.92700 3.16400 1.81100 5.93100 5.64600
20.00000 -7.54800 -14.76000 4.29300 -3.37700 -11.69800 -9.25700 6.17500 8.77900 -2.04500 0.11200 15.35000 11.81000 3.65200 2.29900 9.34900 7.59900
21.00000 -3.64200 -9.87800 8.68700 -0.44800 -10.72200 -8.28000 5.19800 9.75500 -3.02100 -1.84100 19.25700 13.27500 2.67500 2.78700 11.30200 8.57500
22.00000 4.17100 2.33000 14.05800 4.92400 -4.86200 -4.86200 6.66300 10.24400 -3.51000 -4.77100 18.76800 12.29900 1.69900 1.81100 11.79000 9.06400
23.00000 12.96000 14.04800 17.47600 10.78300 3.43800 0.02000 11.54600 9.75500 -3.51000 -5.74700 14.37400 10.34500 1.69900 1.32200 11.79000 9.55200
24.00000 18.81900 19.41900 17.47600 13.71300 9.78600 4.90300 15.94000 8.29100 -3.51000 -2.81800 10.46800 7.90400 2.18700 1.32200 10.81300 9.55200
25.00000 19.30700 16.49000 13.57000 13.22400 12.22700 9.29800 17.89300 5.84900 -3.51000 2.55300 8.02600 5.95100 2.67500 1.81100 8.86000 9.06400
26.00000 14.42500 8.67700 9.17600 11.27100 10.27400 10.27400 14.96400 3.40800 -3.99800 6.46000 7.05000 3.99800 2.67500 1.32200 6.41900 6.62200
27.00000 7.10000 1.84100 7.22200 8.83000 5.39100 7.83300 8.61600 1.94300 -3.99800 5.97100 6.07300 2.53300 2.18700 -0.14200 4.46600 4.18100
28.00000 1.72900 -0.11200 8.68700 6.38800 0.02000 2.46200 2.26800 1.94300 -3.99800 1.57700 4.60800 2.53300 1.69900 -1.60700 3.00100 2.71600
29.00000 -0.71200 0.37600 11.61700 3.94700 -3.39800 -4.37400 -0.66100 2.43100 -3.51000 -4.28300 3.63200 3.02100 2.67500 -2.58400 3.48900 3.20400
30.00000 -0.22400 -0.11200 12.59400 1.99400 -4.86200 -10.72200 1.29200 2.92000 -1.55600 -8.18900 4.12000 4.48600 4.62800 -1.60700 4.46600 4.66900
31.00000 1.24100 -4.01800 10.15200 -0.93600 -5.35100 -13.16300 6.66300 2.92000 0.88500 -8.67700 5.09600 5.95100 7.07000 0.83400 5.44200 6.62200
32.00000 0.26400 -10.85400 5.26900 -2.40100 -6.32700 -12.67500 11.54600 1.94300 2.35000 -6.23600 7.05000 6.43900 8.53500 3.27600 5.93100 7.59900
33.00000 -2.66500 -16.22500 -0.10200 -4.35400 -7.79200 -9.74500 12.03400 -0.01000 2.35000 -2.81800 9.00300 6.43900 9.51100 5.22900 7.39500 8.57500
34.00000 -7.54800 -17.20200 -4.00800 -7.28400 -9.25700 -7.30400 8.61600 -1.47500 1.86200 -0.37600 11.93200 6.92700 9.51100 6.69400 10.32500 10.04000
35.00000 -11.94300 -13.78400 -4.98500 -9.72500 -10.23400 -7.30400 3.73300 -2.45200 0.39700 0.60000 15.83900 9.36900 9.51100 8.15800 15.20800 13.45800
36.00000 -14.38400 -9.38900 -4.98500 -12.16600 -9.74500 -10.23400 0.80400 -2.94000 -0.09200 -0.37600 21.21000 12.29900 10.97600 9.62300 21.06700 17.85300
37.00000 -13.89600 -7.43600 -3.03100 -12.65500 -8.28000 -12.67500 2.75700 -2.45200 -0.58000 -3.30600 25.60400 15.22800 11.95300 11.08800 25.95000 21.75900
38.00000 -11.94300 -9.38900 -0.59000 -10.70100 -6.81600 -13.16300 8.61600 -0.01000 -0.58000 -5.74700 27.06900 16.69300 11.46400 11.08800 27.90300 22.73600
39.00000 -8.52500 -12.31900 2.82800 -6.79500 -5.83900 -8.76900 15.94000 3.89600 -0.09200 -6.23600 25.11600 16.69300 9.51100 8.64700 26.43800 21.27100
40.00000 -5.10700 -12.80700 6.73400 -3.37700 -6.32700 -1.44400 20.33500 7.80200 -0.58000 -2.33000 20.72100 15.71700 6.58200 5.22900 22.53200 18.34100
41.00000 -3.15300 -9.38900 10.15200 -0.93600 -6.81600 6.36800 19.35800 11.22000 -1.06800 4.99500 16.32700 14.25200 4.14000 3.27600 18.13800 13.94700
42.00000 -2.66500 -4.01800 10.64000 -0.44800 -6.81600 10.76300 13.98700 12.19700 -0.58000 13.29500 14.37400 13.27500 3.65200 3.27600 13.25500 10.04000
43.00000 -2.17700 -0.11200 8.19900 -0.44800 -5.83900 9.29800 7.64000 11.22000 0.88500 17.69000 13.88500 11.32200 4.14000 4.25200 8.86000 7.11100
44.00000 -0.71200 1.84100 5.26900 0.04100 -3.88600 4.41500 5.19800 9.75500 2.35000 16.71300 12.90900 9.36900 4.62800 5.71700 5.93100 4.66900
45.00000 3.19400 1.35300 4.29300 1.01700 -1.44400 0.02000 9.10400 7.80200 3.32600 10.85400 10.46800 6.43900 3.65200 5.71700 4.46600 3.69300
46.00000 9.05400 1.84100 7.22200 1.99400 0.50900 -0.95600 16.91700 6.33700 2.83800 5.97100 8.51400 5.46300 1.69900 4.74000 5.44200 4.18100
47.00000 13.93600 4.77100 13.08200 2.97000 2.46200 2.46200 22.77600 5.36100 1.37300 4.50600 7.53800 5.46300 0.72200 3.76400 6.90700 6.13400
48.00000 15.40100 8.67700 17.96500 3.94700 3.92700 7.34500 21.80000 3.89600 -1.55600 7.43600 8.02600 5.46300 0.23400 2.78700 7.88400 7.59900
49.00000 13.44800 10.63000 18.94100 5.41200 5.88000 10.27400 13.98700 2.43100 -3.02100 10.85400 8.02600 4.48600 0.23400 3.27600 6.90700 7.59900
50.00000 8.07700 10.14200 15.52300 6.87700 7.83300 10.27400 2.75700 0.47800 -3.51000 8.90100 5.09600 1.55600 -0.25400 2.78700 3.00100 4.66900
51.00000 2.70600 7.21200 9.66400 7.85300 8.80900 6.36800 -5.54400 -1.47500 -2.04500 1.08800 -1.74000 -2.83800 -1.71900 0.83400 -1.88200 0.27500
52.00000 -1.20000 2.81800 3.31600 6.38800 8.32100 1.97300 -8.47400 -3.91600 -1.06800 -10.63000 -9.55200 -7.23300 -3.18400 -2.58400 -5.78800 -3.63200
53.00000 -3.15300 -1.08800 -2.05500 2.97000 5.88000 -1.93300 -8.96200 -5.38100 -0.58000 -19.90800 -14.92300 -9.67400 -4.64900 -6.49000 -7.74100 -5.09600
54.00000 -4.61800 -4.01800 -6.93800 -1.91200 2.46200 -3.88600 -9.45000 -6.84600 -1.06800 -22.83700 -16.38800 -10.16200 -5.13700 -8.93100 -8.23000 -5.58500
55.00000 -7.54800 -6.94800 -11.82000 -5.81900 -0.95600 -5.83900 -12.86800 -8.31100 -2.04500 -18.93100 -14.43500 -9.18600 -5.13700 -10.39600 -8.23000 -5.58500
56.00000 -10.96600 -10.85400 -16.70300 -7.77200 -3.39800 -8.76900 -18.23900 -9.77600 -2.04500 -13.07200 -11.99300 -8.20900 -4.64900 -10.39600 -8.71800 -5.58500
57.00000 -13.40700 -14.27200 -20.61000 -7.28400 -5.35100 -12.67500 -21.65700 -9.77600 -2.04500 -7.70100 -11.50500 -7.72100 -3.18400 -9.90800 -9.20600 -6.56100
58.00000 -14.38400 -15.73700 -21.58600 -6.30700 -6.81600 -16.58100 -22.14600 -9.77600 -2.04500 -5.25900 -12.48200 -7.23300 -1.23100 -8.44300 -8.71800 -6.56100
59.00000 -12.91900 -14.76000 -19.14500 -5.81900 -8.28000 -18.04600 -18.72800 -8.31100 -2.04500 -3.79400 -12.48200 -4.79100 0.72200 -6.49000 -6.27600 -4.60800
60.00000 -9.98900 -10.85400 -15.23800 -6.79500 -8.76900 -16.58100 -15.31000 -6.35800 -2.04500 -1.84100 -9.06400 -1.86200 3.16400 -4.04900 -2.85800 -1.19000
61.00000 -9.01300 -6.94800 -12.30900 -9.23700 -9.25700 -14.14000 -13.35700 -4.89300 -1.55600 0.60000 -3.20400 2.04500 4.62800 -1.60700 0.55900 2.22800
62.00000 -10.47800 -4.99500 -10.84400 -12.16600 -9.25700 -12.67500 -12.38000 -3.91600 -0.58000 0.60000 3.14300 4.48600 5.60500 -0.14200 3.00100 3.69300
63.00000 -12.91900 -5.97100 -10.84400 -13.14300 -9.25700 -12.18700 -10.42700 -2.45200 0.39700 -2.33000 6.56100 4.97400 4.62800 -0.63100 3.97700 4.18100
64.00000 -15.36100 -8.90100 -9.86700 -12.65500 -8.28000 -11.21000 -5.54400 -0.49800 0.39700 -6.72400 6.07300 4.48600 3.16400 -1.60700 3.48900 2.71600
65.00000 -16.33700 -10.85400 -6.44900 -9.23700 -7.79200 -8.76900 1.78000 1.45500 -0.09200 -9.16500 3.14300 3.02100 1.69900 -2.58400 3.00100 1.74000
66.00000 -14.87200 -11.83100 -1.07800 -6.79500 -7.30400 -3.88600 10.08100 2.92000 -1.55600 -7.21200 0.21400 2.53300 0.72200 -2.09600 2.51300 1.25100
67.00000 -12.43100 -12.80700 4.29300 -3.86600 -7.30400 0.50900 15.45200 3.89600 -1.55600 -2.33000 1.19000 2.53300 1.21100 0.83400 3.00100 3.20400
68.00000 -9.98900 -14.76000 7.22200 -3.37700 -7.79200 1.97300 16.91700 4.38400 0.39700 2.06500 5.09600 4.48600 3.16400 5.22900 4.46600 5.64600
69.00000 -8.03600 -18.17800 5.75800 -3.86600 -8.28000 -0.46800 13.98700 4.38400 3.32600 2.06500 10.46800 6.92700 5.11700 8.64700 6.41900 7.59900
70.00000 -5.59500 -20.62000 1.85100 -4.84200 -8.28000 -5.83900 9.10400 4.87300 4.79100 -0.86500 13.88500 8.88100 6.58200 9.62300 7.39500 8.57500
71.00000 -2.66500 -17.69000 -2.54300 -3.86600 -7.30400 -10.23400 4.22200 5.36100 4.79100 -2.81800 13.88500 9.85700 6.09300 8.15800 7.88400 8.57500
72.00000 0.26400 -9.87800 -4.98500 -1.91200 -5.35100 -10.23400 1.78000 5.84900 2.35000 0.60000 11.44400 8.88100 3.65200 5.71700 7.39500 8.08700
73.00000 2.70600 0.37600 -4.98500 0.04100 -3.39800 -5.35100 1.78000 5.36100 -0.58000 7.43600 9.00300 7.90400 1.21100 3.76400 7.88400 7.59900
74.00000 3.19400 8.67700 -2.54300 0.04100 -2.90900 1.48500 4.22200 4.38400 -3.02100 14.27200 8.02600 6.92700 0.72200 4.74000 7.88400 8.57500
75.00000 2.21800 11.11900 0.38700 -1.42400 -2.42100 6.36800 7.15100 2.43100 -3.02100 16.22500 9.49100 6.92700 2.67500 8.15800 8.86000 10.04000
76.00000 -0.22400 6.72400 3.31600 -3.86600 -2.90900 7.83300 8.61600 -0.49800 -1.55600 12.31900 10.46800 6.43900 4.62800 11.08800 9.34900 11.50500
77.00000 -3.15300 0.37600 3.80500 -6.30700 -2.42100 5.39100 8.12800 -2.45200 0.88500 5.48300 10.95600 5.95100 5.60500 11.57600 8.86000 11.01700
78.00000 -6.08300 -4.99500 2.34000 -7.77200 -1.44400 1.48500 4.71000 -3.42800 2.83800 0.11200 9.49100 4.97400 4.62800 9.62300 6.90700 9.06400
79.00000 -7.54800 -6.94800 -0.59000 -7.77200 -0.95600 -1.93300 0.80400 -4.40500 3.32600 -0.37600 7.05000 3.99800 2.67500 6.20500 3.97700 6.13400
80.00000 -7.54800 -6.46000 -3.52000 -6.79500 -0.46800 -2.90900 -2.12600 -4.40500 3.81500 2.55300 5.09600 3.02100 1.21100 3.27600 2.02400 3.69300
81.00000 -5.10700 -4.99500 -4.98500 -5.81900 -0.46800 -1.93300 -2.12600 -4.40500 3.81500 6.46000 4.60800 2.53300 1.69900 2.78700 1.04800 2.71600
82.00000 -1.20000 -2.55300 -4.49600 -5.33000 0.02000 0.99700 0.31500 -4.89300 4.30300 8.41300 4.60800 2.53300 3.65200 4.74000 1.53600 3.20400
83.00000 2.21800 0.86500 -2.05500 -4.84200 -0.46800 4.41500 3.24500 -4.89300 4.79100 8.90100 4.60800 2.53300 5.11700 6.69400 2.51300 4.66900
84.00000 4.65900 3.79400 -0.59000 -4.35400 -0.95600 6.85600 5.19800 -3.91600 4.30300 7.92400 4.12000 2.04500 5.11700 7.67000 3.00100 4.66900
85.00000 4.17100 6.23600 -0.10200 -3.37700 -2.42100 8.32100 3.73300 -2.45200 3.81500 5.48300 4.12000 2.04500 4.62800 7.18200 2.51300 4.18100
86.00000 2.21800 4.77100 -0.59000 -2.88900 -3.39800 8.32100 0.31500 -0.01000 2.83800 2.55300 4.60800 3.02100 3.65200 5.71700 2.51300 2.71600
87.00000 -0.71200 -0.60000 -1.07800 -2.40100 -2.90900 7.83300 -4.07900 1.45500 2.35000 0.11200 7.05000 4.48600 2.67500 3.76400 2.02400 1.74000
88.00000 -3.15300 -6.46000 -0.59000 -2.40100 -0.46800 6.85600 -5.05600 2.43100 2.35000 -1.35300 9.49100 6.43900 2.18700 1.81100 2.51300 1.74000
89.00000 -4.61800 -9.87800 0.38700 -2.40100 2.46200 5.88000 -2.12600 2.92000 2.83800 0.11200 10.95600 7.41600 1.21100 0.83400 3.00100 2.71600
90.00000 -5.10700 -7.92400 1.85100 -1.91200 3.43800 5.39100 4.71000 2.92000 2.35000 2.55300 9.00300 6.43900 -0.25400 0.83400 3.48900 3.20400
91.00000 -5.59500 -3.04200 2.34000 -0.93600 2.46200 5.39100 12.52200 3.40800 1.86200 5.48300 5.58500 4.97400 -0.25400 2.29900 3.97700 4.18100
92.00000 -5.10700 1.35300 3.31600 0.04100 -0.95600 5.39100 18.38200 4.38400 0.39700 6.46000 3.14300 4.48600 1.21100 4.25200 4.95400 5.15700
93.00000 -4.61800 2.33000 4.78100 0.04100 -3.88600 5.39100 19.84700 5.36100 -0.58000 7.43600 5.09600 6.43900 3.65200 5.71700 6.41900 6.62200
94.00000 -2.66500 1.35300 7.22200 0.04100 -4.86200 4.90300 18.38200 5.84900 -0.58000 8.90100 11.44400 10.34500 6.58200 7.18200 9.34900 9.55200
95.00000 0.75300 0.37600 10.15200 -0.44800 -4.86200 4.90300 15.94000 5.84900 -0.58000 11.83100 18.76800 15.22800 8.04600 7.67000 13.25500 12.48200
96.00000 5.14700 1.35300 12.10500 -0.44800 -3.88600 4.41500 14.47600 6.33700 -0.58000 14.27200 24.62800 17.67000 8.04600 8.15800 16.18400 15.41100
97.00000 9.54200 2.33000 12.59400 1.01700 -2.90900 4.41500 14.96400 6.33700 -1.06800 14.27200 25.60400 18.15800 8.53500 9.62300 18.13800 17.36500
98.00000 11.00700 1.84100 11.61700 2.48200 -1.93300 3.43800 14.96400 6.82600 -1.55600 10.36600 22.67500 16.69300 9.02300 11.57600 19.11400 17.85300
99.00000 8.56500 -2.55300 9.66400 2.97000 -0.95600 1.97300 13.01100 5.84900 -1.06800 3.04200 18.76800 14.25200 9.51100 13.04100 18.13800 17.36500
100.00000 1.72900 -7.92400 6.73400 1.01700 0.50900 0.99700 7.15100 3.89600 0.88500 -2.81800 15.35000 12.29900 10.48800 13.04100 16.18400 15.90000
101.00000 -7.06000 -9.38900 3.80500 -1.91200 1.97300 1.48500 0.31500 0.47800 3.32600 -5.25900 12.90900 9.85700 10.48800 11.57600 13.74300 13.94700
102.00000 -13.89600 -6.46000 0.38700 -5.33000 1.97300 4.41500 -3.59100 -2.45200 4.79100 -2.81800 10.46800 7.41600 10.48800 10.11100 10.81300 11.99300
103.00000 -15.84900 -0.60000 -2.54300 -6.79500 0.02000 7.83300 -2.61400 -4.89300 5.28000 2.55300 7.53800 5.46300 9.51100 9.62300 9.34900 11.50500
104.00000 -12.43100 3.79400 -4.49600 -5.81900 -2.42100 9.29800 2.26800 -4.40500 3.81500 7.92400 5.58500 4.48600 8.04600 8.64700 9.34900 11.99300
105.00000 -7.06000 2.33000 -4.98500 -3.37700 -4.86200 7.34500 7.15100 -2.45200 1.37300 9.38900 5.09600 5.46300 6.58200 6.69400 9.83700 12.48200
106.00000 -3.64200 -4.50600 -5.47300 -0.93600 -6.32700 1.97300 8.12800 0.96600 -1.06800 7.92400 7.05000 7.90400 4.14000 3.27600 10.32500 11.99300
107.00000 -3.64200 -12.31900 -5.47300 0.04100 -6.81600 -2.90900 4.22200 3.40800 -2.04500 3.04200 9.49100 9.36900 1.21100 -1.60700 9.34900 9.55200
108.00000 -7.06000 -16.71300 -4.49600 0.04100 -6.32700 -5.35100 -0.66100 4.38400 -2.04500 -1.35300 9.97900 9.36900 -0.74300 -5.02500 7.39500 7.11100
109.00000 -9.50100 -16.71300 -2.05500 -0.44800 -5.35100 -5.35100 -3.10300 4.38400 -1.55600 -2.81800 9.00300 7.41600 -0.74300 -5.02500 5.44200 5.64600
110.00000 -8.52500 -13.78400 1.36300 -0.44800 -2.90900 -3.39800 -0.17300 3.40800 -0.58000 -0.37600 7.05000 5.95100 0.72200 -1.60700 4.95400 6.13400
111.00000 -4.61800 -11.83100 5.75800 1.01700 0.02000 -1.93300 5.68600 3.40800 -0.09200 4.01800 7.05000 6.43900 2.67500 2.29900 6.90700 8.08700
112.00000 1.24100 -10.36600 8.68700 3.45900 2.95000 0.02000 10.08100 4.87300 0.88500 8.90100 10.46800 8.88100 3.65200 4.74000 9.34900 10.52900
113.00000 4.17100 -7.92400 9.66400 5.90000 4.90300 2.46200 9.59300 7.31400 1.86200 10.36600 15.83900 11.81000 4.14000 5.22900 12.27800 12.48200
114.00000 4.17100 -2.06500 7.22200 6.38800 5.39100 5.39100 6.66300 7.80200 2.83800 8.90100 19.74500 13.76300 4.62800 4.25200 13.25500 13.45800
115.00000 1.72900 5.74700 4.29300 4.92400 4.90300 7.83300 3.73300 6.33700 2.83800 4.99500 20.23300 13.76300 5.60500 3.76400 13.74300 13.94700
116.00000 -0.22400 11.60700 1.85100 1.50600 2.95000 8.80900 4.22200 2.92000 2.35000 1.08800 15.83900 11.32200 7.07000 4.74000 13.25500 14.43500
117.00000 -0.71200 12.09500 1.36300 -1.42400 0.99700 7.83300 8.61600 -0.49800 2.35000 -0.86500 9.00300 8.88100 9.02300 6.69400 13.25500 14.92300
118.00000 -0.71200 6.72400 1.85100 -2.88900 -0.46800 7.34500 12.52200 -1.96300 2.83800 -0.37600 4.12000 7.41600 10.48800 8.64700 13.74300 15.41100
119.00000 -1.68900 -1.57700 1.36300 -3.37700 -1.44400 8.32100 12.03400 -1.96300 3.32600 1.57700 2.16700 7.41600 10.48800 9.62300 13.74300 15.41100
120.00000 -4.61800 -7.43600 -0.59000 -3.37700 -2.42100 9.78600 6.66300 -0.01000 3.81500 4.01800 4.12000 7.90400 9.02300 8.64700 13.74300 14.43500
121.00000 -9.01300 -9.38900 -4.00800 -3.86600 -2.90900 8.32100 -0.66100 0.96600 2.83800 5.97100 7.05000 8.39200 7.07000 6.20500 13.25500 12.97000
122.00000 -11.45400 -8.41300 -6.93800 -4.84200 -3.88600 3.43800 -4.56700 1.45500 0.39700 7.43600 8.51400 8.39200 4.62800 2.78700 11.79000 11.50500
123.00000 -11.45400 -7.92400 -8.40300 -5.81900 -4.37400 -3.88600 -3.10300 0.96600 -1.55600 8.41300 7.05000 7.41600 2.67500 -0.14200 10.81300 10.04000
124.00000 -9.50100 -9.87800 -8.40300 -5.81900 -4.37400 -8.28000 0.80400 -0.01000 -2.04500 7.43600 4.60800 6.43900 3.16400 -1.11900 9.83700 9.55200
125.00000 -8.03600 -13.29500 -7.91400 -6.30700 -3.88600 -6.81600 4.22200 -0.01000 -1.06800 5.48300 2.65500 6.43900 5.11700 -0.14200 8.37200 9.06400
126.00000 -8.52500 -15.24900 -8.40300 -6.79500 -2.90900 -0.46800 3.24500 -0.01000 1.37300 2.55300 2.16700 6.43900 7.07000 2.29900 6.90700 8.57500
127.00000 -11.45400 -14.27200 -9.37900 -8.26000 -2.90900 5.88000 -1.63800 -0.01000 3.32600 1.08800 3.14300 6.92700 8.04600 4.74000 5.44200 8.08700
128.00000 -14.38400 -9.38900 -10.35600 -9.72500 -3.39800 6.85600 -6.52100 -0.01000 3.32600 1.57700 4.60800 7.41600 8.04600 6.20500 5.44200 7.59900
129.00000 -15.36100 -4.50600 -11.82000 -10.70100 -4.86200 1.97300 -7.49700 -0.01000 2.35000 3.04200 5.09600 7.90400 7.07000 6.20500 5.93100 7.59900
130.00000 -14.38400 -2.06500 -12.79700 -10.21300 -7.79200 -4.37400 -4.56700 0.47800 0.39700 4.99500 4.60800 7.90400 6.58200 5.71700 7.88400 8.08700
131.00000 -13.40700 -4.50600 -13.77400 -10.21300 -10.23400 -8.28000 -0.17300 1.45500 -1.06800 5.97100 4.12000 8.39200 7.07000 6.20500 9.34900 9.06400
132.00000 -13.89600 -10.36600 -13.77400 -11.19000 -12.67500 -7.30400 2.26800 1.94300 -1.55600 5.97100 4.60800 8.39200 7.55800 7.18200 9.83700 10.04000
133.00000 -16.82500 -17.69000 -13.28500 -12.65500 -13.65200 -5.35100 1.78000 1.45500 -1.55600 4.50600 5.58500 8.88100 7.55800 8.15800 9.83700 9.55200
134.00000 -20.24300 -22.08500 -11.82000 -14.60800 -13.16300 -4.86200 -0.17300 0.47800 -0.58000 2.55300 7.53800 9.36900 6.58200 7.67000 8.37200 8.57500
135.00000 -23.66100 -23.06100 -9.86700 -15.09600 -11.69800 -7.30400 -1.63800 -0.49800 -0.09200 0.60000 8.02600 9.36900 5.11700 6.20500 7.88400 7.11100
136.00000 -24.15000 -21.59600 -8.89100 -13.63100 -10.23400 -10.23400 -1.63800 -0.98700 0.39700 -0.86500 8.02600 9.36900 4.62800 5.22900 7.39500 6.13400
137.00000 -23.17300 -21.10800 -10.35600 -11.19000 -9.74500 -10.23400 -1.14900 -0.49800 -0.09200 -3.30600 6.07300 8.88100 5.60500 5.22900 6.90700 5.64600
138.00000 -21.70800 -22.57300 -13.28500 -9.23700 -8.76900 -8.28000 -2.61400 -0.49800 -0.09200 -5.74700 3.63200 7.41600 6.58200 5.22900 5.44200 4.18100
139.00000 -19.75500 -25.01400 -16.70300 -8.26000 -7.79200 -7.30400 -5.54400 -0.98700 -0.09200 -8.18900 1.19000 5.95100 6.09300 4.25200 2.51300 1.74000
140.00000 -17.31400 -24.52600 -18.16800 -8.74800 -7.30400 -8.76900 -8.96200 -1.96300 -0.58000 -10.14200 0.21400 4.48600 3.65200 1.32200 -0.41700 -1.67800
141.00000 -14.38400 -19.15500 -17.19200 -9.72500 -7.30400 -11.69800 -10.42700 -2.45200 -2.04500 -8.18900 1.19000 4.48600 0.72200 -3.07200 -1.88200 -4.12000
142.00000 -12.43100 -10.85400 -12.79700 -10.21300 -9.25700 -13.16300 -8.47400 -1.47500 -3.99800 -4.77100 5.09600 6.43900 -1.23100 -6.00200 0.07100 -4.12000
143.00000 -11.94300 -4.50600 -7.42600 -9.72500 -12.18700 -11.69800 -4.07900 0.47800 -5.95100 -0.37600 9.49100 10.34500 -0.25400 -6.49000 3.97700 -0.70200
144.00000 -13.89600 -4.01800 -3.52000 -9.23700 -15.11600 -8.28000 1.29200 3.40800 -6.92700 1.57700 13.39700 13.27500 2.67500 -3.07200 8.37200 4.18100
145.00000 -16.82500 -10.85400 -3.03100 -9.23700 -16.58100 -5.83900 4.22200 4.87300 -6.43900 0.60000 12.90900 13.76300 5.11700 1.32200 10.81300 8.08700
146.00000 -18.29000 -19.64300 -5.47300 -8.74800 -15.60500 -7.30400 4.71000 4.87300 -5.46300 -1.84100 9.97900 12.29900 6.58200 4.74000 10.81300 10.04000
147.00000 -16.33700 -25.50300 -8.40300 -8.26000 -12.67500 -10.23400 4.22200 3.89600 -3.51000 -3.79400 6.56100 10.34500 6.58200 4.74000 9.34900 9.55200
148.00000 -12.43100 -25.01400 -9.86700 -7.77200 -10.72200 -11.69800 3.24500 2.92000 -2.04500 -3.79400 5.09600 9.36900 6.09300 3.27600 8.37200 8.57500
149.00000 -10.47800 -20.62000 -9.37900 -8.26000 -9.74500 -9.25700 2.26800 1.45500 -1.06800 -1.35300 7.05000 9.85700 6.58200 1.32200 8.37200 8.08700
150.00000 -11.45400 -17.69000 -8.40300 -9.23700 -10.23400 -4.37400 0.80400 0.47800 -0.58000 0.11200 9.97900 10.34500 7.55800 1.32200 9.34900 9.06400
151.00000 -15.84900 -18.17800 -8.40300 -10.70100 -10.72200 -1.93300 -1.14900 -1.47500 0.88500 -0.86500 9.97900 9.85700 8.04600 2.78700 9.34900 9.55200
152.00000 -20.24300 -20.13100 -10.35600 -12.16600 -10.23400 -4.37400 -3.10300 -3.91600 1.86200 -3.79400 6.07300 7.41600 7.55800 4.25200 7.88400 8.08700
153.00000 -22.19600 -19.64300 -12.79700 -12.65500 -9.25700 -10.72200 -4.56700 -5.87000 2.83800 -7.70100 1.19000 5.46300 7.55800 5.71700 5.44200 6.13400
154.00000 -20.73200 -15.24900 -14.26200 -11.67800 -9.25700 -15.60500 -5.05600 -6.35800 2.35000 -8.18900 -1.25100 4.97400 7.55800 5.22900 3.97700 4.66900
155.00000 -16.82500 -8.90100 -15.23800 -10.21300 -9.74500 -14.14000 -5.05600 -4.89300 1.37300 -4.77100 0.21400 6.43900 8.04600 4.74000 4.95400 5.64600
156.00000 -13.40700 -4.99500 -14.75000 -9.23700 -11.69800 -7.30400 -5.05600 -3.42800 -0.58000 2.55300 5.09600 9.85700 9.02300 4.74000 7.39500 7.59900
157.00000 -11.45400 -6.94800 -15.23800 -10.21300 -12.67500 0.50900 -6.03200 -2.45200 -2.04500 9.38900 8.02600 10.83400 8.53500 4.74000 9.34900 10.04000
158.00000 -12.91900 -13.29500 -16.21500 -12.16600 -11.69800 2.95000 -7.49700 -2.45200 -2.53300 11.34200 6.56100 9.36900 7.07000 5.22900 8.86000 10.52900
159.00000 -16.33700 -20.13100 -17.68000 -15.09600 -10.23400 -1.93300 -9.45000 -4.40500 -2.53300 6.94800 1.19000 5.95100 5.11700 4.74000 5.44200 8.57500
160.00000 -19.75500 -24.03800 -18.65600 -16.56100 -8.76900 -9.74500 -9.45000 -6.35800 -2.04500 -1.35300 -4.18100 2.04500 4.14000 3.76400 1.04800 4.66900
161.00000 -21.70800 -23.54900 -18.16800 -15.58400 -8.76900 -14.62800 -8.47400 -6.84600 -1.55600 -8.67700 -6.62200 0.09200 3.65200 1.81100 -1.39400 1.74000
162.00000 -21.70800 -22.08500 -15.72700 -13.14300 -10.23400 -11.69800 -5.54400 -5.38100 -1.55600 -9.65400 -4.18100 1.06800 4.14000 -0.14200 -1.39400 0.27500
163.00000 -19.26700 -21.10800 -12.79700 -10.21300 -12.18700 -2.90900 -1.63800 -2.45200 -2.04500 -4.28300 1.19000 3.51000 3.65200 -0.63100 1.53600 1.25100
164.00000 -16.82500 -21.59600 -9.37900 -7.77200 -12.18700 4.90300 0.80400 -0.01000 -2.53300 4.01800 5.58500 5.46300 3.16400 -0.63100 3.97700 3.20400
165.00000 -15.36100 -21.59600 -6.44900 -6.79500 -10.72200 6.85600 1.78000 1.45500 -3.02100 10.36600 7.05000 6.43900 2.67500 0.34600 5.93100 4.66900
166.00000 -14.38400 -18.17800 -4.98500 -5.81900 -8.76900 0.50900 0.80400 1.45500 -2.53300 9.87800 6.07300 6.43900 3.65200 1.81100 5.93100 6.13400
167.00000 -13.89600 -11.34200 -4.49600 -5.81900 -7.30400 -8.76900 -1.63800 -0.01000 -1.06800 3.04200 4.12000 5.95100 5.11700 2.78700 5.93100 6.13400
168.00000 -12.91900 -5.48300 -5.47300 -5.81900 -7.30400 -15.11600 -4.07900 -0.98700 -0.09200 -5.74700 4.12000 6.43900 7.07000 3.27600 6.41900 7.11100
169.00000 -11.45400 -4.01800 -7.91400 -5.81900 -8.28000 -14.14000 -6.52100 -1.47500 0.88500 -11.11900 6.07300 7.41600 9.51100 3.76400 7.88400 7.59900
170.00000 -11.45400 -7.92400 -9.86700 -6.30700 -9.25700 -8.28000 -7.98500 -0.98700 0.88500 -10.14200 9.00300 8.88100 10.48800 4.74000 9.34900 8.57500
171.00000 -12.43100 -13.78400 -10.35600 -6.79500 -9.74500 -1.93300 -7.49700 -0.01000 0.39700 -3.79400 10.95600 11.32200 10.97600 6.69400 11.79000 10.52900
172.00000 -13.40700 -17.20200 -9.37900 -6.30700 -9.25700 1.97300 -4.56700 0.96600 -0.58000 4.99500 11.93200 12.78700 10.97600 8.64700 13.25500 12.48200
173.00000 -13.89600 -15.73700 -7.42600 -5.81900 -8.76900 1.48500 -0.17300 1.45500 -1.06800 11.34200 10.95600 13.27500 10.48800 9.62300 14.23100 14.43500
174.00000 -11.94300 -12.31900 -4.49600 -4.84200 -8.76900 -1.93300 5.68600 0.96600 -0.58000 12.31900 9.00300 12.29900 9.51100 9.62300 14.72000 15.41100
175.00000 -9.01300 -10.36600 -2.54300 -4.84200 -9.25700 -5.35100 10.56900 -0.49800 -0.09200 7.92400 6.07300 10.34500 8.04600 7.18200 14.23100 14.43500
176.00000 -7.54800 -12.80700 -1.56700 -5.33000 -9.74500 -7.30400 12.52200 -0.98700 0.39700 2.06500 4.12000 8.39200 7.07000 4.25200 12.76700 12.48200
177.00000 -9.01300 -17.20200 -1.56700 -5.81900 -9.25700 -8.28000 10.56900 -1.47500 -0.09200 -2.33000 3.63200 7.41600 6.09300 2.78700 10.32500 10.04000
178.00000 -12.43100 -18.66700 -2.05500 -5.81900 -7.79200 -8.28000 5.68600 -0.98700 -0.58000 -1.35300 5.09600 7.90400 6.09300 2.78700 8.86000 9.06400
179.00000 -14.87200 -15.24900 -3.03100 -5.33000 -5.35100 -6.81600 0.80400 -0.49800 -0.58000 3.53000 7.53800 8.88100 6.09300 3.27600 8.37200 9.06400
180.00000 -14.38400 -8.41300 -4.00800 -4.84200 -3.39800 -3.88600 -1.14900 -0.49800 -0.09200 9.38900 9.00300 9.36900 6.09300 4.74000 7.88400 9.06400
181.00000 -10.96600 -2.55300 -4.00800 -4.35400 -3.39800 0.50900 -0.17300 -0.49800 0.88500 11.83100 8.02600 7.90400 5.60500 5.22900 7.88400 9.55200
182.00000 -7.06000 -1.57700 -4.49600 -4.84200 -5.35100 5.39100 2.26800 -0.98700 1.37300 8.90100 5.58500 6.43900 5.11700 5.71700 7.39500 8.57500
183.00000 -4.61800 -4.01800 -5.96100 -5.81900 -7.79200 8.80900 4.22200 -1.47500 1.37300 3.53000 4.60800 5.46300 5.60500 6.69400 7.39500 7.59900
184.00000 -5.59500 -6.46000 -7.42600 -6.30700 -9.74500 9.29800 4.22200 -1.47500 -0.09200 -0.86500 5.58500 6.43900 6.09300 8.15800 8.37200 8.08700
185.00000 -8.03600 -6.46000 -7.91400 -6.30700 -10.23400 6.85600 2.26800 -0.98700 -1.06800 -0.86500 7.53800 7.41600 7.07000 10.60000 9.34900 10.04000
186.00000 -9.50100 -4.01800 -6.44900 -5.33000 -9.74500 3.92700 0.31500 -0.01000 -2.04500 3.53000 9.00300 8.39200 7.55800 12.55300 10.32500 11.99300
187.00000 -8.52500 -1.57700 -4.00800 -3.86600 -7.79200 1.48500 -1.14900 -0.01000 -1.55600 9.38900 9.00300 7.41600 7.07000 13.04100 9.83700 12.97000
188.00000 -6.08300 -1.57700 -2.05500 -3.37700 -6.32700 0.02000 -1.14900 -0.01000 -1.55600 12.80700 7.53800 5.95100 6.09300 11.57600 8.37200 11.99300
189.00000 -3.64200 -4.99500 -2.05500 -4.84200 -6.81600 -0.46800 -0.17300 -1.47500 -1.06800 11.34200 5.09600 4.48600 3.65200 7.18200 6.41900 9.55200
190.00000 -4.13000 -9.87800 -3.52000 -8.26000 -9.25700 -2.42100 1.29200 -2.94000 -1.55600 5.97100 4.12000 3.51000 2.67500 2.29900 4.95400 7.11100
191.00000 -8.03600 -14.27200 -4.98500 -12.16600 -13.16300 -6.32700 1.78000 -4.40500 -2.04500 -0.86500 3.14300 3.51000 2.18700 -1.60700 4.46600 6.13400
192.00000 -12.43100 -16.71300 -5.47300 -13.14300 -15.60500 -11.21000 1.29200 -4.89300 -2.04500 -6.72400 2.65500 3.51000 2.67500 -4.04900 4.95400 6.13400
193.00000 -14.38400 -17.69000 -4.00800 -11.67800 -16.09300 -15.11600 0.31500 -4.40500 -1.55600 -9.16500 1.19000 3.51000 3.16400 -3.56000 4.95400 7.11100
194.00000 -11.94300 -17.69000 -1.56700 -8.26000 -13.65200 -15.11600 -1.63800 -2.45200 -1.06800 -8.67700 0.70200 3.02100 3.65200 -1.11900 4.95400 7.59900
195.00000 -6.08300 -15.73700 0.87500 -4.35400 -9.25700 -10.72200 -2.61400 -0.98700 -0.58000 -5.74700 1.67800 3.99800 3.16400 1.32200 5.44200 7.59900
196.00000 1.24100 -11.83100 2.82800 -1.91200 -4.37400 -3.39800 -2.61400 -0.01000 -0.58000 -2.33000 4.12000 5.46300 1.69900 1.81100 5.44200 6.62200
197.00000 6.61200 -4.50600 5.26900 -0.93600 -1.44400 4.41500 -1.63800 0.47800 -0.58000 -0.37600 7.05000 6.92700 -0.25400 -0.63100 4.46600 4.18100
198.00000 9.54200 6.23600 7.22200 -0.93600 -0.46800 10.27400 0.31500 -0.49800 -1.55600 -0.37600 6.56100 5.95100 -2.69600 -4.53700 1.53600 0.76300
199.00000 11.49500 17.46600 8.19900 -0.44800 -0.95600 13.69200 2.75700 -1.47500 -2.04500 -1.35300 2.16700 3.02100 -4.64900 -7.46700 -2.37000 -2.65500
200.00000 13.93600 26.74400 8.19900 0.52900 -1.93300 15.15700 3.73300 -1.96300 -2.04500 -1.84100 -5.15700 -0.88500 -5.13700 -7.95500 -5.30000 -4.60800
201.00000 19.30700 33.09100 6.24600 1.50600 -1.93300 15.15700 1.78000 -2.45200 -1.55600 -0.86500 -10.52900 -2.83800 -4.16100 -5.02500 -6.27600 -5.09600
202.00000 25.65500 34.06800 4.29300 1.50600 0.50900 14.18100 -3.59100 -2.94000 -0.09200 1.08800 -10.52900 -1.37300 -1.23100 -1.11900 -4.81200 -3.14300
203.00000 32.49100 32.60300 4.78100 1.99400 3.92700 14.18100 -9.45000 -2.94000 1.86200 2.55300 -6.62200 1.06800 1.69900 1.81100 -2.37000 -0.70200
204.00000 36.88600 31.13800 7.71100 3.45900 7.34500 15.64500 -11.89200 -2.94000 3.81500 3.53000 -2.22800 2.53300 4.14000 2.29900 -0.90500 0.76300
205.00000 38.35000 30.65000 13.08200 5.90000 9.29800 19.06300 -10.42700 -2.45200 5.28000 4.50600 -0.76300 2.04500 4.14000 0.34600 -1.39400 0.76300
206.00000 37.37400 31.62600 17.47600 8.83000 7.83300 23.45800 -4.07900 -1.96300 4.30300 4.99500 -3.69300 -0.88500 1.69900 -3.56000 -3.34700 -1.67800
207.00000 34.93200 32.60300 18.94100 8.34100 3.92700 24.92300 2.26800 -1.96300 1.86200 5.48300 -7.59900 -3.32600 -1.71900 -6.49000 -5.30000 -4.12000
208.00000 31.51400 33.09100 16.50000 4.92400 -2.42100 22.97000 4.71000 -2.45200 -2.04500 4.01800 -9.06400 -3.81500 -4.16100 -8.44300 -6.27600 -5.58500
209.00000 28.58500 34.55600 11.61700 -0.93600 -7.30400 18.08700 3.73300 -3.42800 -4.97400 0.11200 -5.64600 -0.88500 -4.64900 -8.93100 -4.32300 -5.09600
210.00000 26.63200 36.02100 7.71100 -5.33000 -8.76900 13.20400 -0.17300 -3.91600 -5.95100 -4.77100 -0.76300 2.53300 -2.20700 -7.46700 -1.39400 -2.65500
211.00000 27.60800 38.95100 7.22200 -4.84200 -4.86200 12.71600 -1.63800 -3.42800 -3.99800 -7.70100 4.12000 5.46300 0.72200 -4.53700 2.02400 0.76300
212.00000 32.00300 41.88000 10.64000 0.52900 1.97300 17.11000 0.80400 -1.96300 -0.58000 -5.74700 6.56100 6.92700 3.16400 -1.11900 4.46600 3.69300
213.00000 38.35000 43.34500 17.47600 7.85300 9.29800 22.97000 6.17500 0.47800 2.35000 0.60000 7.05000 6.92700 4.14000 2.78700 6.90700 6.13400
214.00000 44.69800 42.36900 24.31200 13.22400 13.20400 25.41100 11.54600 2.43100 3.81500 6.94800 7.05000 6.92700 3.65200 5.71700 8.86000 8.57500
215.00000 47.13900 38.95100 27.24200 13.71300 12.22700 23.45800 13.49900 3.40800 2.83800 9.87800 7.53800 7.41600 3.65200 7.67000 9.34900 9.55200
216.00000 43.72200 33.58000 25.77700 9.80600 8.32100 17.59800 11.54600 1.94300 1.37300 8.41300 7.53800 7.41600 4.62800 9.13500 9.34900 10.04000
217.00000 36.39700 28.20800 20.40600 4.92400 2.95000 13.20400 6.66300 0.47800 -0.58000 4.50600 6.56100 5.95100 5.60500 9.62300 7.39500 9.06400
218.00000 29.07300 25.27900 14.54700 1.99400 0.50900 12.71600 2.26800 -0.49800 -1.55600 3.04200 3.14300 3.51000 6.58200 9.62300 3.97700 7.11100
219.00000 25.16700 27.72000 12.10500 2.48200 0.99700 16.13400 0.31500 -0.49800 -1.06800 4.50600 0.21400 1.06800 6.09300 8.64700 0.55900 4.18100
220.00000 26.14300 33.58000 12.59400 5.41200 2.95000 20.04000 -0.17300 0.96600 0.39700 7.92400 -1.25100 0.09200 4.62800 7.18200 -1.39400 1.74000
221.00000 28.58500 39.92700 14.54700 7.85300 4.41500 21.50500 0.80400 2.43100 2.35000 11.34200 0.21400 1.55600 3.65200 6.69400 -0.41700 1.25100
222.00000 29.56100 40.90400 15.52300 7.36500 4.41500 19.06300 1.29200 2.92000 3.32600 11.83100 4.12000 3.99800 3.16400 6.20500 2.51300 2.22800
223.00000 26.63200 33.58000 13.08200 3.45900 2.46200 15.64500 -0.17300 2.43100 2.83800 10.36600 7.53800 6.43900 4.14000 6.20500 5.44200 4.18100
224.00000 21.74900 20.39600 7.71100 -2.40100 0.50900 13.69200 -2.61400 0.47800 1.37300 7.92400 9.97900 7.90400 5.11700 5.71700 6.90700 5.15700
225.00000 17.84300 7.70100 1.36300 -7.28400 -0.95600 13.69200 -6.03200 -1.96300 -0.58000 4.01800 9.49100 7.41600 5.11700 4.74000 6.41900 4.18100
226.00000 17.84300 2.81800 -3.03100 -8.26000 -1.93300 15.15700 -8.47400 -3.91600 -2.53300 -0.37600 7.53800 6.43900 3.65200 2.78700 4.46600 1.74000
227.00000 21.26100 8.67700 -3.03100 -5.33000 -2.42100 14.66900 -7.98500 -3.91600 -3.51000 -3.79400 6.07300 4.97400 1.69900 0.34600 2.51300 -1.19000
228.00000 25.16700 21.37200 1.85100 -0.93600 -3.39800 12.22700 -3.10300 -2.45200 -3.99800 -5.74700 5.09600 4.97400 0.72200 -1.60700 2.02400 -3.14300
229.00000 26.63200 34.06800 8.68700 2.97000 -4.37400 8.80900 4.22200 -0.49800 -3.51000 -4.77100 4.12000 5.95100 -0.25400 -2.58400 2.51300 -2.65500
230.00000 25.16700 38.95100 15.03500 4.92400 -4.37400 6.36800 11.54600 1.45500 -3.51000 -1.84100 3.14300 6.43900 0.23400 -3.07200 2.51300 -2.16700
231.00000 21.26100 33.58000 17.47600 4.92400 -3.88600 5.39100 13.49900 2.43100 -3.51000 0.11200 1.19000 5.46300 -0.25400 -4.53700 1.53600 -2.65500
232.00000 17.35400 20.88400 15.03500 3.94700 -2.90900 5.88000 9.10400 1.94300 -3.99800 -0.86500 -0.76300 3.51000 -1.71900 -7.95500 -1.88200 -5.58500
233.00000 15.40100 7.70100 9.66400 2.97000 -1.93300 4.90300 0.31500 -0.49800 -4.48600 -5.25900 -1.74000 1.55600 -4.16100 -11.86100 -5.78800 -9.49100
234.00000 14.91300 -0.11200 2.34000 1.99400 -2.42100 3.92700 -7.98500 -2.45200 -4.97400 -10.14200 -1.74000 0.58000 -5.62500 -14.30300 -7.25300 -11.44400
235.00000 15.88900 0.37600 -2.54300 0.52900 -3.88600 2.95000 -10.42700 -3.42800 -3.99800 -12.09500 -0.76300 1.55600 -3.67200 -11.86100 -4.81200 -9.97900
236.00000 17.84300 7.70100 -3.52000 -0.93600 -5.35100 4.90300 -6.03200 -2.45200 -2.04500 -9.16500 1.19000 4.48600 2.18700 -5.51400 0.55900 -3.63200
237.00000 19.30700 18.44300 -1.07800 -1.42400 -5.35100 9.29800 2.75700 -0.01000 0.39700 -2.81800 2.65500 7.90400 9.51100 3.76400 6.90700 4.18100
238.00000 20.77200 26.25500 3.80500 -0.93600 -3.88600 13.69200 9.10400 1.94300 2.83800 4.50600 4.60800 10.34500 14.88200 11.57600 11.30200 11.01700
239.00000 20.28400 28.20800 9.66400 0.52900 -1.44400 15.15700 11.05800 2.43100 3.32600 9.87800 7.05000 11.32200 16.34700 14.01800 12.27800 13.45800
240.00000 17.84300 24.79000 14.05800 0.04100 0.02000 12.71600 8.12800 1.45500 3.32600 11.34200 8.51400 10.34500 12.92900 11.57600 10.81300 12.48200
241.00000 13.44800 17.95500 15.03500 -1.91200 -0.95600 8.32100 3.24500 -0.49800 0.88500 9.87800 9.00300 8.39200 7.55800 7.67000 8.37200 9.55200
242.00000 9.05400 11.11900 12.10500 -4.35400 -4.37400 6.36800 0.31500 -1.96300 -1.06800 5.48300 8.02600 5.95100 4.14000 4.74000 6.90700 6.62200
243.00000 6.12400 6.72400 6.73400 -5.81900 -7.30400 6.85600 -0.17300 -1.96300 -3.02100 1.57700 6.56100 4.48600 3.65200 5.71700 6.90700 6.13400
244.00000 7.10000 5.74700 1.85100 -3.86600 -8.76900 8.80900 1.29200 -0.01000 -3.99800 -2.33000 6.07300 4.48600 5.11700 7.67000 8.37200 7.11100
245.00000 10.51800 7.21200 -0.59000 0.04100 -8.28000 9.78600 2.75700 2.43100 -3.51000 -4.77100 7.53800 5.95100 6.58200 8.64700 10.32500 7.11100
246.00000 13.93600 8.67700 -0.10200 2.97000 -6.81600 7.83300 2.75700 3.89600 -3.99800 -5.74700 9.49100 8.39200 5.60500 6.69400 10.81300 6.62200
247.00000 15.40100 9.16500 2.34000 2.97000 -6.32700 3.43800 0.31500 3.89600 -3.99800 -5.74700 10.95600 9.36900 2.67500 1.81100 10.32500 4.66900
248.00000 13.44800 9.16500 2.82800 0.04100 -7.79200 -0.95600 -4.56700 1.45500 -4.48600 -5.25900 9.97900 8.39200 -0.25400 -3.07200 8.37200 1.74000
249.00000 9.05400 9.16500 0.38700 -3.86600 -10.23400 -3.39800 -8.47400 -1.96300 -4.97400 -4.28300 6.07300 5.95100 -1.23100 -5.02500 5.93100 -0.70200
250.00000 4.17100 9.65400 -3.03100 -6.30700 -11.69800 -4.37400 -9.93900 -5.38100 -4.97400 -3.79400 1.67800 3.02100 0.23400 -4.04900 3.97700 -1.19000
251.00000 1.24100 9.65400 -4.98500 -6.79500 -10.72200 -4.86200 -7.98500 -7.33400 -4.48600 -4.77100 -0.27500 1.55600 2.67500 -1.11900 3.48900 -0.70200
252.00000 -0.22400 9.16500 -4.00800 -5.33000 -8.76900 -4.37400 -4.56700 -6.84600 -3.02100 -6.23600 1.67800 2.53300 5.11700 1.32200 4.95400 1.25100
253.00000 0.26400 6.23600 -1.56700 -3.86600 -5.83900 -1.93300 -2.12600 -4.89300 -1.06800 -7.21200 6.56100 5.46300 7.07000 2.29900 7.39500 3.20400
254.00000 2.21800 2.81800 -0.59000 -3.86600 -3.39800 3.92700 -2.61400 -2.45200 1.37300 -6.23600 12.42100 8.88100 7.55800 2.29900 10.32500 5.64600
255.00000 4.17100 0.86500 -2.54300 -5.33000 -2.42100 10.76300 -5.05600 -0.49800 3.32600 -2.33000 14.86200 10.34500 8.53500 2.29900 11.30200 7.11100
256.00000 6.12400 1.35300 -6.44900 -6.79500 -2.42100 15.64500 -6.52100 -0.49800 4.79100 3.04200 12.42100 8.88100 9.02300 2.78700 10.32500 7.59900
