1.00000 -2.46200 -2.76700 -5.09600 -4.93400 -3.87600 -4.04900 -3.63200 -2.11600 7.31400 -6.77500 7.06000 4.85200 -0.43700 -1.63800 6.84600 -3.08200
2.00000 61.50300 -3.74300 -6.07300 -6.88700 -4.36400 -5.51400 -3.63200 2.27900 6.82600 -5.79800 10.47800 8.27000 2.00400 1.29200 12.70500 0.33600
3.00000 17.55800 -8.13800 -4.12000 -8.35200 -4.85200 -5.51400 -2.16700 1.79000 3.40800 -2.38000 10.96600 11.20000 4.93400 6.66300 16.12300 5.21900
4.00000 -70.33300 -9.60300 -1.67800 -7.86300 -4.85200 -4.53700 -1.19000 5.20800 -0.49800 -0.91600 10.47800 12.66500 8.35200 11.54600 17.10000 10.10100
5.00000 -73.26300 -4.72000 0.27500 -6.39900 -4.36400 -2.58400 -2.16700 2.76700 -0.01000 -2.38000 9.98900 13.15300 11.28100 14.96400 16.12300 13.03100
6.00000 27.81200 3.58100 0.27500 -4.44500 -4.36400 -1.11900 -2.65500 4.23200 -3.91600 -3.84500 9.01300 11.68800 11.77000 14.47600 13.68200 13.03100
7.00000 114.23700 7.97500 0.76300 -3.46900 -4.85200 -0.63100 0.27500 6.18500 -0.98700 -1.89200 7.54800 9.24700 11.28100 12.03400 9.77600 11.56600
8.00000 77.61600 4.06900 2.22800 -3.46900 -6.31700 -0.63100 6.13400 4.72000 -1.47500 4.45600 5.10700 7.29400 9.32800 9.59300 5.87000 8.63600
9.00000 -33.71200 -5.69700 4.66900 -3.46900 -8.27000 -2.09600 10.52900 1.79000 -3.42800 10.80300 2.66500 5.82900 6.39900 7.64000 3.42800 6.68300
10.00000 -79.12200 -16.43900 5.64600 -2.49200 -8.75900 -4.53700 10.52900 2.27900 -1.96300 11.29200 2.17700 5.34100 4.44500 6.17500 3.91600 5.70700
11.00000 2.90900 -20.83300 4.66900 -0.53900 -7.78200 -6.49000 6.62200 2.27900 -1.47500 3.96700 4.13000 5.34100 2.98100 3.73300 7.33400 5.70700
12.00000 107.89000 -15.95100 2.71600 2.87900 -4.36400 -6.00200 1.25100 5.69700 -0.01000 -6.28700 7.54800 5.34100 1.51600 -0.17300 10.26400 5.21900
13.00000 100.07700 -5.20800 1.74000 4.83200 -1.43400 -3.56000 -0.21400 1.30200 0.47800 -13.12300 9.50100 4.85200 -0.43700 -3.10300 10.75200 2.77700
14.00000 -15.15700 6.02200 2.71600 5.32000 0.51900 -0.63100 2.71600 -0.16300 -2.45200 -10.19300 8.52500 3.38700 -1.41400 -3.59100 7.33400 -1.12900
15.00000 -99.63000 12.37000 6.13400 4.34400 1.00700 0.83400 7.11100 -1.62800 2.43100 -0.91600 4.61800 1.43400 -2.39100 -2.61400 0.98700 -4.54700
16.00000 -57.14900 11.39300 8.57500 3.36700 -0.45800 1.32200 8.57500 -7.48700 4.38400 7.38500 1.20000 -1.00700 -2.39100 -0.17300 -4.38400 -5.52400
17.00000 44.90200 6.51000 9.55200 2.39100 -0.45800 0.83400 6.62200 -5.04600 5.84900 8.36200 0.22400 -1.49500 -1.41400 0.80400 -5.84900 -2.10600
18.00000 68.82700 2.11600 8.08700 2.87900 0.51900 1.81100 3.20400 -10.41700 6.33700 2.01400 2.66500 -0.51900 -0.43700 -0.17300 -2.92000 3.26500
19.00000 -18.08700 2.60400 5.15700 2.39100 2.96000 3.76400 0.27500 -11.39300 3.89600 -4.82200 5.59500 1.43400 0.05100 -2.12600 2.45200 7.17200
20.00000 -95.23500 7.48700 2.22800 0.92600 5.40200 5.71700 -1.19000 -7.48700 5.84900 -6.28700 5.10700 1.92300 -0.92600 -2.12600 4.89300 6.19500
21.00000 -49.33700 12.37000 0.76300 -2.00400 6.37800 6.20500 -2.65500 -2.60400 2.92000 0.06100 1.20000 -0.51900 -1.41400 -0.66100 2.94000 2.28900
22.00000 76.15200 13.34600 0.27500 -4.93400 6.37800 5.71700 -4.60800 -7.48700 0.96600 8.85000 -4.65900 -4.91300 -2.39100 0.31500 -3.40800 -3.08200
23.00000 132.30400 9.92800 0.27500 -6.39900 6.37800 4.74000 -7.05000 1.30200 6.33700 12.75600 -8.07700 -9.79600 -2.39100 -0.17300 -9.75500 -7.47700
24.00000 51.24900 5.04600 -0.21400 -5.42200 5.40200 4.25200 -6.56100 -2.11600 1.45500 8.36200 -8.07700 -11.74900 -1.90200 -2.61400 -12.19700 -8.45300
25.00000 -71.30900 1.13900 -1.19000 -3.46900 3.93700 5.22900 -3.14300 2.76700 -0.01000 -0.42700 -5.14700 -10.77300 -1.41400 -4.07900 -9.26700 -6.98900
26.00000 -92.79400 -0.81400 -1.67800 -1.02700 2.47200 5.71700 1.25100 3.74300 -0.98700 -6.28700 -3.68200 -7.84300 -0.43700 -3.59100 -4.87300 -4.54700
27.00000 -4.90300 -0.81400 -1.19000 0.92600 1.00700 6.20500 3.20400 4.23200 -0.98700 -4.33300 -4.65900 -4.91300 1.02700 -0.17300 -2.92000 -2.59400
28.00000 65.40900 -0.32600 0.76300 2.39100 0.51900 5.22900 1.74000 7.65000 -0.01000 2.99100 -7.10000 -4.42500 2.00400 3.24500 -4.87300 -1.61700
29.00000 23.90500 1.13900 2.71600 3.36700 1.00700 2.78700 -1.67800 6.18500 -4.89300 7.87400 -7.10000 -4.91300 2.49200 3.73300 -9.75500 -1.61700
30.00000 -67.89100 3.58100 3.69300 4.34400 1.98400 -0.14200 -4.60800 7.65000 -2.94000 5.43200 -4.17100 -5.40200 2.00400 0.31500 -11.70900 -3.08200
31.00000 -76.68100 6.99900 3.20400 5.32000 2.47200 -2.58400 -3.14300 7.16100 -1.47500 -3.35700 1.68900 -3.44800 0.05100 -4.56700 -8.77900 -5.03500
32.00000 24.88200 10.41700 4.18100 5.32000 2.47200 -2.58400 2.22800 7.65000 0.47800 -13.12300 7.06000 0.45800 -1.90200 -7.49700 -1.45500 -6.01200
33.00000 121.07300 13.34600 6.62200 5.32000 2.47200 -0.63100 8.08700 7.65000 4.38400 -16.05200 10.47800 4.85200 -1.90200 -6.03200 6.35800 -4.54700
34.00000 94.70600 16.27600 10.04000 5.32000 1.98400 2.29900 12.48200 4.23200 4.38400 -9.21600 11.94300 8.27000 0.05100 -1.63800 10.75200 -0.15300
35.00000 -18.57500 18.71700 12.48200 5.32000 1.49500 4.25200 12.97000 -0.65100 2.92000 2.01400 12.43100 9.24700 3.46900 4.22200 11.24100 5.70700
36.00000 -74.23900 19.20600 11.50500 5.32000 1.49500 5.71700 10.04000 2.27900 3.40800 11.78000 11.45400 8.75900 6.88700 8.12800 8.79900 10.10100
37.00000 -5.39100 17.25300 7.11100 5.32000 1.49500 6.20500 5.64600 -0.16300 2.92000 15.68600 8.52500 6.80500 8.35200 10.08100 5.87000 11.56600
38.00000 93.73000 13.34600 2.22800 4.83200 1.49500 7.18200 1.74000 4.72000 1.45500 13.73300 2.66500 4.36400 7.86300 9.10400 2.94000 9.12500
39.00000 91.28800 10.41700 -0.21400 4.34400 2.47200 8.64700 -0.21400 4.23200 1.45500 7.87400 -1.24100 2.41100 6.39900 7.64000 0.01000 3.75400
40.00000 -15.64500 10.41700 0.76300 3.36700 3.93700 8.64700 -0.70200 2.27900 -2.45200 2.01400 -2.21800 0.94600 4.44500 5.68600 -2.43100 -0.15300
41.00000 -95.72300 12.85800 3.20400 2.39100 4.91300 7.18200 -0.21400 4.23200 -0.49800 -3.35700 0.71200 -0.51900 2.49200 3.73300 -4.38400 -2.10600
42.00000 -53.24300 13.34600 5.64600 2.87900 4.91300 4.25200 -1.19000 4.23200 -0.01000 -8.24000 4.13000 -1.00700 0.05100 1.78000 -3.89600 -1.12900
43.00000 47.83100 10.90500 6.62200 4.83200 4.42500 1.81100 -3.14300 11.55600 -1.96300 -10.68100 5.59500 -1.00700 -1.41400 -0.66100 -1.94300 1.31200
44.00000 69.31600 6.51000 6.13400 7.76200 3.93700 1.32200 -4.60800 3.74300 0.96600 -10.68100 4.61800 -0.51900 -2.87900 -2.12600 0.98700 1.80100
45.00000 -18.08700 4.55700 7.11100 10.69100 3.93700 3.27600 -1.67800 -1.13900 0.47800 -5.79800 4.61800 -0.03100 -3.85500 -2.61400 3.42800 0.33600
46.00000 -97.18800 6.51000 10.04000 11.66800 4.42500 5.71700 6.13400 0.81400 0.96600 1.52600 7.54800 0.94600 -3.85500 -2.61400 5.87000 -2.59400
47.00000 -53.24300 11.39300 14.92300 11.18000 3.93700 7.18200 16.87600 2.27900 2.92000 8.85000 11.45400 1.92300 -3.36700 -2.12600 7.33400 -5.52400
48.00000 74.19800 14.81100 20.78200 8.73800 2.96000 6.69400 24.68900 -3.58100 -2.94000 12.75600 13.40700 2.41100 -2.87900 -2.12600 7.33400 -6.50000
49.00000 134.74500 13.83500 23.22400 5.80900 1.49500 6.69400 24.68900 6.18500 3.40800 12.26800 9.98900 2.41100 -2.87900 -2.12600 5.87000 -4.05900
50.00000 54.17900 11.39300 21.27100 3.85500 1.00700 7.18200 16.38800 4.23200 -0.98700 8.85000 3.64200 1.43400 -2.39100 -1.14900 2.45200 -0.15300
51.00000 -70.33300 9.44000 15.41100 3.36700 1.98400 8.64700 6.13400 6.67300 -0.01000 5.92000 -0.75300 0.45800 -1.41400 1.78000 -0.47800 3.75400
52.00000 -95.23500 10.41700 9.55200 4.34400 3.93700 9.62300 -0.21400 4.23200 4.87300 5.92000 0.71200 -0.03100 -0.43700 5.19800 -1.45500 6.19500
53.00000 -7.83300 11.39300 6.62200 5.80900 5.89000 10.11100 2.71600 4.72000 3.40800 6.89700 8.03600 0.94600 1.02700 7.15100 1.47500 6.68300
54.00000 66.38600 10.90500 8.08700 7.27300 7.35500 10.11100 9.55200 6.67300 5.84900 7.87400 15.84900 3.38700 1.02700 7.15100 6.84600 5.21900
55.00000 28.30000 8.95200 11.50500 8.25000 7.35500 11.08800 14.43500 6.18500 5.84900 5.92000 19.75500 5.82900 0.53900 5.19800 11.24100 3.75400
56.00000 -65.45000 6.51000 12.97000 8.25000 6.86600 13.04100 12.48200 1.79000 3.89600 2.99100 17.31400 6.31700 0.53900 4.22200 12.70500 4.24200
57.00000 -80.09800 5.53400 12.48200 7.76200 5.40200 14.50600 7.11100 2.76700 6.82600 2.99100 12.91900 5.82900 2.49200 6.17500 10.26400 7.17200
58.00000 21.46400 6.99900 10.52900 6.29700 3.44800 13.52900 2.22800 2.27900 7.80200 6.40900 9.50100 3.87600 5.91000 11.54600 6.84600 11.56600
59.00000 120.09700 6.99900 9.55200 3.85500 1.49500 10.60000 3.20400 4.72000 7.31400 12.26800 9.50100 3.38700 10.79300 17.89300 7.33400 16.44900
60.00000 95.68300 4.55700 9.55200 1.90200 -0.45800 5.22900 8.08700 -0.16300 6.82600 16.17400 12.91900 4.85200 14.69900 21.80000 11.24100 19.37900
61.00000 -22.48100 0.65100 9.06400 -1.02700 -1.92300 0.83400 13.94700 -3.09200 5.36100 16.66300 16.33700 7.29400 17.14100 21.80000 16.61200 19.86700
62.00000 -93.77000 -4.23200 6.13400 -2.98100 -1.92300 -0.63100 15.41100 -3.58100 6.33700 14.70900 18.77800 9.73500 17.62900 20.33500 19.54100 17.42600
63.00000 -42.50100 -7.16100 2.22800 -3.95700 -1.43400 1.81100 12.97000 -2.11600 4.38400 13.24500 18.29000 10.71200 16.65200 17.89300 19.54100 13.51900
64.00000 50.27300 -8.13800 0.27500 -3.95700 0.51900 6.20500 8.08700 -0.16300 7.31400 13.73300 15.84900 9.73500 14.69900 16.91700 16.61200 10.10100
65.00000 55.15500 -6.18500 1.25100 -3.46900 1.98400 9.62300 3.69300 -2.60400 4.38400 14.70900 12.43100 7.29400 13.72300 16.42900 13.68200 8.63600
66.00000 -33.71200 -2.76700 3.20400 -3.46900 2.47200 10.11100 0.76300 -4.55700 4.38400 13.24500 8.52500 4.85200 13.23400 14.96400 11.72900 8.63600
67.00000 -93.28200 1.13900 3.69300 -3.95700 1.98400 8.64700 -1.67800 0.81400 5.36100 8.36200 4.61800 2.89900 12.74600 12.03400 9.28800 9.12500
68.00000 -38.10600 2.60400 1.25100 -4.93400 1.00700 6.69400 -4.12000 0.81400 7.80200 2.99100 1.68900 1.43400 11.77000 9.59300 6.35800 9.12500
69.00000 64.43300 2.11600 -2.65500 -5.42200 1.00700 6.20500 -5.58500 9.60300 4.87300 0.54900 0.22400 0.94600 11.28100 8.12800 3.42800 8.63600
70.00000 79.56900 0.16300 -4.60800 -4.93400 1.49500 7.67000 -5.58500 7.65000 7.80200 2.50200 0.71200 0.94600 11.28100 9.59300 2.45200 8.14800
71.00000 -19.55200 -0.81400 -3.14300 -3.46900 2.47200 10.11100 -3.14300 3.25500 5.36100 6.40900 2.66500 1.92300 12.25800 11.54600 5.38100 8.14800
72.00000 -106.46600 1.13900 2.22800 -0.05100 3.93700 12.06500 1.74000 5.20800 4.87300 8.36200 6.08300 2.89900 12.74600 12.03400 10.26400 9.12500
73.00000 -61.05600 4.55700 9.55200 2.87900 5.89000 13.04100 8.08700 5.20800 2.43100 6.89700 10.47800 3.87600 12.25800 11.05800 16.12300 11.07800
74.00000 74.19800 8.46400 16.87600 7.27300 8.82000 14.99400 14.92300 -4.06900 0.47800 3.96700 14.38400 4.36400 12.25800 9.59300 19.05300 14.49600
75.00000 141.58100 12.37000 21.75900 11.66800 12.23800 17.43600 19.80600 4.72000 4.38400 4.94400 16.82500 3.87600 10.79300 9.59300 17.58800 16.93700
76.00000 61.99100 15.78800 23.71200 14.10900 14.19100 19.38900 22.24700 -2.60400 4.38400 11.29200 16.33700 2.41100 9.81600 10.56900 12.70500 17.91400
77.00000 -69.35600 18.71700 22.73600 14.10900 14.67900 19.87700 20.78200 -0.16300 6.33700 19.59200 12.43100 -0.03100 7.37500 10.56900 6.35800 15.47200
78.00000 -102.55900 20.18200 18.82900 12.15600 12.23800 17.43600 16.38800 5.20800 6.33700 23.01000 7.06000 -2.96000 3.95700 8.61600 1.96300 9.12500
79.00000 -13.69200 18.22900 13.94700 8.73800 8.82000 14.01800 10.52900 4.72000 6.33700 17.63900 4.13000 -4.42500 0.05100 3.73300 0.98700 2.28900
80.00000 68.33900 11.88200 9.55200 5.80900 5.89000 11.08800 5.64600 7.65000 5.84900 6.89700 4.61800 -3.93700 -2.39100 0.31500 3.91600 -2.10600
81.00000 35.13600 5.04600 7.11100 4.34400 4.91300 9.62300 3.69300 10.09100 8.29100 -2.38000 7.54800 -1.98400 -1.41400 0.31500 8.31100 -0.64100
82.00000 -61.54400 2.11600 6.62200 4.83200 5.40200 9.13500 4.18100 1.79000 4.87300 -2.86900 9.98900 0.45800 2.00400 3.24500 11.24100 5.21900
83.00000 -82.54000 3.09200 7.59900 5.32000 5.40200 9.13500 7.59900 3.74300 5.84900 4.45600 11.94300 2.41100 6.39900 7.15100 11.24100 11.56600
84.00000 13.16300 6.51000 9.55200 5.80900 5.89000 9.13500 11.99300 4.23200 3.40800 13.24500 13.40700 3.87600 8.84000 9.59300 9.28800 14.00800
85.00000 116.67900 7.97500 11.50500 5.32000 5.40200 8.64700 16.87600 6.18500 5.84900 15.68600 14.87200 4.85200 8.35200 9.59300 8.31100 11.07800
86.00000 102.51900 5.04600 12.48200 4.34400 4.91300 7.67000 20.29400 3.25500 4.87300 11.29200 15.36100 5.34100 4.93400 9.59300 8.31100 5.70700
87.00000 -9.78600 -0.32600 11.50500 2.87900 3.44800 6.20500 20.29400 1.30200 3.40800 5.43200 13.89600 5.82900 2.00400 11.54600 8.79900 1.80100
88.00000 -78.14500 -5.69700 8.57500 1.90200 1.49500 5.22900 16.87600 6.18500 0.47800 4.94400 11.45400 5.34100 2.00400 13.98700 7.82300 2.28900
89.00000 -22.48100 -7.65000 6.62200 1.41400 -0.94600 4.25200 11.50500 5.69700 1.94300 11.78000 9.50100 4.36400 3.95700 15.45200 5.87000 6.19500
90.00000 76.15200 -4.72000 7.11100 1.41400 -2.89900 5.22900 7.59900 7.65000 4.87300 20.08100 9.98900 3.38700 6.88700 15.45200 4.40500 10.59000
91.00000 83.96400 0.16300 9.55200 2.39100 -3.38700 7.18200 6.62200 0.81400 1.45500 22.52200 13.89600 3.87600 8.84000 14.47600 6.35800 13.03100
92.00000 -12.22700 4.55700 11.99300 3.85500 -1.43400 9.62300 7.11100 0.32600 -1.96300 16.17400 18.29000 5.82900 8.84000 13.49900 12.21700 12.54300
93.00000 -91.32900 6.99900 11.50500 6.29700 1.00700 10.11100 7.11100 1.79000 -1.47500 5.43200 19.26700 7.78200 6.88700 12.03400 18.07700 10.10100
94.00000 -53.73100 6.99900 8.57500 7.27300 3.44800 9.13500 5.64600 0.81400 -1.47500 -1.40400 15.84900 7.78200 4.93400 11.05800 18.56500 6.68300
95.00000 46.36600 5.53400 5.15700 7.76200 3.93700 7.67000 4.18100 6.18500 -4.40500 1.03800 9.98900 4.85200 2.98100 9.59300 12.21700 4.24200
96.00000 71.75700 2.60400 3.69300 5.80900 3.44800 6.69400 5.64600 5.69700 -3.42800 9.33800 4.61800 -0.51900 2.49200 7.64000 1.47500 2.77700
97.00000 -14.18100 0.16300 4.66900 3.85500 1.49500 6.20500 10.04000 1.79000 -4.89300 16.66300 2.17700 -4.91300 2.49200 7.15100 -7.80200 3.26500
98.00000 -97.67700 -1.30200 6.62200 1.41400 0.03100 5.22900 14.43500 3.25500 -2.45200 14.70900 1.68900 -6.37800 2.49200 6.17500 -9.75500 3.75400
99.00000 -59.59100 -1.30200 6.62200 -0.05100 -0.45800 2.78700 14.43500 2.76700 -3.42800 4.45600 2.66500 -4.91300 1.51600 3.73300 -2.43100 3.26500
100.00000 67.85100 0.65100 5.15700 0.92600 -0.45800 -0.14200 9.06400 -4.55700 -5.87000 -7.75100 3.64200 -0.51900 1.02700 -0.66100 9.28800 1.80100
101.00000 135.72200 4.55700 3.20400 2.87900 0.51900 -2.58400 0.76300 3.25500 -1.47500 -15.56400 3.64200 3.38700 0.53900 -6.03200 18.56500 0.33600
102.00000 61.50300 8.95200 3.69300 5.80900 1.00700 -3.07200 -6.07300 -2.11600 -6.35800 -17.02900 4.13000 4.85200 1.02700 -9.93900 21.00600 0.82400
103.00000 -65.93800 9.44000 6.13400 7.76200 0.51900 -2.58400 -6.56100 0.81400 -6.35800 -15.07600 4.61800 2.89900 1.02700 -9.93900 15.63500 2.77700
104.00000 -98.16500 6.02200 8.57500 6.78500 -0.45800 -3.07200 -1.67800 -0.16300 -4.40500 -12.63400 4.61800 -0.51900 0.05100 -7.49700 7.33400 5.21900
105.00000 -13.69200 -0.81400 9.55200 3.85500 -1.92300 -5.02500 5.15700 0.32600 -3.91600 -10.68100 4.61800 -3.93700 -1.90200 -4.56700 -0.47800 5.21900
106.00000 65.40900 -8.62600 6.62200 0.43700 -3.87600 -7.46700 9.55200 0.81400 1.45500 -8.24000 3.64200 -5.40200 -3.85500 -2.12600 -3.89600 3.26500
107.00000 34.15900 -13.02100 1.74000 -2.49200 -6.31700 -9.42000 9.06400 7.16100 3.89600 -4.82200 2.17700 -5.40200 -3.85500 -1.63800 -3.40800 1.31200
108.00000 -61.54400 -13.50900 -3.14300 -4.44500 -8.27000 -11.37300 4.18100 0.81400 -0.01000 -2.86900 1.20000 -3.93700 -2.87900 -1.63800 0.01000 1.80100
109.00000 -83.02800 -12.04400 -6.07300 -5.42200 -10.22300 -12.83800 -1.19000 -0.16300 1.45500 -4.82200 2.17700 -2.47200 0.53900 -0.17300 5.38100 5.70700
110.00000 13.65200 -11.06800 -6.07300 -5.42200 -10.22300 -13.32600 -3.63200 -2.11600 2.92000 -10.19300 5.10700 -0.03100 4.44500 1.78000 11.72900 11.07800
111.00000 117.16700 -10.57900 -4.12000 -4.93400 -8.27000 -12.34900 -1.67800 0.32600 4.38400 -13.61100 8.52500 2.41100 6.88700 2.75700 17.58800 12.54300
112.00000 100.56600 -9.11500 -1.19000 -3.95700 -4.85200 -8.93100 2.71600 -2.11600 3.89600 -11.65800 9.98900 4.85200 7.86300 3.24500 19.54100 9.12500
113.00000 -16.62200 -6.18500 0.27500 -2.49200 -1.92300 -5.02500 4.66900 -3.58100 0.96600 -4.33300 8.03600 4.85200 6.88700 1.78000 16.61200 3.26500
114.00000 -95.72300 -4.23200 0.27500 -1.51600 -1.43400 -3.56000 2.22800 -0.16300 2.92000 3.96700 3.64200 3.38700 5.91000 1.29200 8.31100 -0.64100
115.00000 -52.26600 -6.18500 -0.70200 -2.00400 -3.38700 -5.02500 -2.16700 -0.65100 2.43100 7.38500 -0.75300 -0.03100 6.39900 1.78000 -1.94300 0.33600
116.00000 41.97200 -12.04400 -1.67800 -4.44500 -6.31700 -8.44300 -5.09600 4.23200 4.38400 2.99100 -2.21800 -2.47200 7.37500 4.22200 -9.26700 4.73000
117.00000 55.15500 -18.39200 -1.67800 -7.86300 -8.27000 -10.88500 -3.14300 0.81400 3.89600 -5.31000 -0.26400 -3.44800 7.86300 5.68600 -9.75500 8.63600
118.00000 -28.34100 -20.34500 -2.65500 -10.30500 -8.27000 -10.88500 1.25100 -3.58100 3.89600 -12.63400 3.64200 -1.49500 7.86300 5.19800 -3.40800 7.66000
119.00000 -88.88800 -15.46200 -4.60800 -11.77000 -7.78200 -7.95500 5.64600 -0.65100 3.89600 -14.09900 6.08300 1.43400 6.39900 2.26800 5.38100 1.31200
120.00000 -32.73500 -7.65000 -7.53800 -10.79300 -5.34100 -3.56000 6.13400 1.79000 2.92000 -9.70500 7.06000 4.36400 4.44500 -0.66100 12.70500 -5.03500
121.00000 81.03400 -2.76700 -9.00300 -8.35200 -3.87600 -0.63100 3.69300 3.74300 1.94300 -1.40400 7.06000 5.82900 3.46900 -2.12600 15.63500 -6.50000
122.00000 113.74900 -2.76700 -8.51400 -5.91000 -2.41100 0.34600 1.74000 1.79000 3.89600 6.40900 8.52500 5.82900 4.44500 -0.17300 16.12300 -2.59400
123.00000 21.95200 -6.18500 -5.09600 -3.95700 -1.43400 -0.63100 2.22800 -2.11600 0.47800 11.29200 10.96600 6.31700 7.37500 4.71000 16.12300 4.73000
124.00000 -82.54000 -10.57900 -1.67800 -2.49200 -1.43400 -1.60700 4.66900 1.30200 3.40800 12.26800 13.40700 6.80500 9.81600 8.61600 17.10000 11.07800
125.00000 -72.28600 -13.02100 0.76300 -2.49200 -1.92300 -1.60700 5.15700 -2.11600 3.40800 9.82700 12.43100 6.31700 10.30500 10.08100 16.12300 12.05400
126.00000 32.69400 -14.97400 1.74000 -2.49200 -2.89900 -1.11900 1.74000 -3.58100 0.47800 4.45600 7.06000 3.38700 8.35200 8.12800 10.26400 8.63600
127.00000 92.26500 -14.48600 1.74000 -2.49200 -3.38700 -0.14200 -4.60800 -1.13900 5.36100 -2.38000 -0.75300 -1.49500 3.95700 4.22200 -0.96600 4.24200
128.00000 29.27700 -11.06800 0.76300 -2.98100 -2.41100 0.34600 -9.97900 -7.97500 5.84900 -7.26300 -7.58900 -6.86600 -0.43700 0.80400 -12.19700 1.80100
129.00000 -74.23900 -4.72000 -1.67800 -3.95700 -0.94600 -0.14200 -11.44400 -5.04600 6.33700 -9.70500 -10.03000 -10.28400 -2.39100 -0.17300 -18.05600 1.31200
130.00000 -84.49300 1.13900 -5.09600 -5.42200 -0.45800 -1.60700 -7.05000 -1.13900 3.40800 -6.77500 -6.12400 -9.79600 -0.92600 1.29200 -14.63800 3.26500
131.00000 11.69800 3.09200 -7.53800 -8.35200 -0.94600 -2.58400 1.74000 0.32600 3.40800 1.03800 0.71200 -5.40200 2.49200 4.71000 -3.89600 4.73000
132.00000 87.87000 0.16300 -8.02600 -10.30500 -1.43400 -0.63100 9.55200 2.27900 7.80200 11.78000 6.57100 -0.03100 6.39900 7.15100 7.82300 6.68300
133.00000 42.46000 -3.25500 -5.09600 -10.30500 -1.43400 2.78700 13.45800 5.20800 7.31400 19.59200 10.47800 4.36400 9.32800 8.61600 16.61200 8.14800
134.00000 -66.42700 -4.23200 -1.19000 -8.35200 -0.45800 6.20500 11.50500 -1.62800 1.94300 20.56900 10.96600 6.31700 9.81600 7.64000 20.51800 9.12500
135.00000 -92.30600 -1.30200 1.74000 -4.93400 0.51900 8.64700 4.66900 -0.65100 1.94300 14.22100 9.01300 5.82900 8.35200 4.71000 21.00600 9.12500
136.00000 9.25700 2.11600 2.71600 -1.51600 1.98400 9.13500 -2.16700 -2.60400 -0.01000 3.96700 5.59500 3.87600 5.91000 1.29200 17.58800 6.68300
137.00000 121.07300 1.13900 3.20400 0.92600 1.98400 7.67000 -7.05000 1.79000 2.43100 -4.33300 1.20000 1.43400 2.98100 -1.14900 10.75200 2.28900
138.00000 108.37800 -3.25500 3.69300 1.41400 1.49500 5.22900 -8.51400 0.81400 1.45500 -6.77500 -4.17100 -1.98400 1.51600 -1.63800 -0.47800 -1.61700
139.00000 -15.15700 -8.62600 3.69300 -0.53900 -0.94600 1.32200 -7.05000 -0.16300 -0.98700 -4.82200 -7.10000 -4.91300 0.53900 -0.66100 -10.73200 -3.57100
140.00000 -102.07100 -11.06800 1.25100 -4.44500 -3.38700 -4.04900 -4.60800 0.32600 0.96600 -2.86900 -7.10000 -5.89000 1.51600 -0.66100 -15.61500 -2.59400
141.00000 -58.12600 -10.09100 -3.63200 -8.35200 -6.31700 -8.44300 -0.70200 -1.13900 2.92000 -2.86900 -2.21800 -3.93700 3.46900 -1.63800 -9.26700 1.31200
142.00000 42.46000 -9.11500 -8.02600 -10.79300 -8.75900 -11.86100 3.20400 3.25500 1.45500 -5.79800 5.10700 0.94600 6.39900 -2.61400 5.87000 5.21900
143.00000 62.48000 -9.11500 -9.00300 -10.79300 -9.73500 -12.34900 6.62200 -1.13900 3.40800 -7.75100 11.45400 6.80500 8.35200 -3.10300 21.98300 7.17200
144.00000 -20.52800 -9.60300 -6.07300 -8.84000 -9.24700 -9.90800 6.62200 -6.02200 0.96600 -6.77500 13.40700 10.22300 8.84000 -2.61400 29.79500 6.19500
145.00000 -89.37600 -9.60300 -1.67800 -6.39900 -7.78200 -5.02500 2.71600 -2.60400 0.47800 -2.86900 9.98900 9.24700 6.39900 -2.61400 24.91300 2.77700
146.00000 -39.08300 -8.13800 1.74000 -4.44500 -5.34100 0.34600 -3.63200 -1.13900 -0.98700 2.01400 3.64200 3.87600 3.46900 -3.59100 9.28800 -0.64100
147.00000 81.52300 -6.67300 0.27500 -4.44500 -3.38700 3.76400 -8.51400 2.27900 -1.96300 3.96700 -2.70600 -3.44800 0.53900 -5.54400 -9.75500 -4.54700
148.00000 124.98000 -7.16100 -3.63200 -5.91000 -3.38700 2.29900 -8.51400 3.25500 1.94300 2.01400 -6.12400 -9.30800 -0.92600 -6.52100 -22.93900 -6.50000
149.00000 38.06600 -9.60300 -6.56100 -7.37500 -4.85200 -2.58400 -4.12000 -5.04600 2.43100 -2.38000 -6.61200 -10.77300 0.53900 -4.56700 -25.38000 -6.01200
150.00000 -74.72700 -13.02100 -6.56100 -8.84000 -7.29400 -8.93100 0.76300 0.81400 2.92000 -5.79800 -4.17100 -8.33100 2.49200 -0.66100 -17.08000 -5.03500
151.00000 -84.00500 -14.97400 -5.09600 -9.32800 -9.24700 -13.32600 3.69300 -0.16300 6.33700 -5.31000 -0.75300 -3.44800 4.93400 3.73300 -4.87300 -3.57100
152.00000 3.88600 -14.97400 -3.14300 -8.35200 -8.75900 -12.34900 3.20400 -1.13900 4.87300 -0.91600 2.66500 0.45800 6.39900 6.17500 5.87000 -2.10600
153.00000 63.45600 -13.02100 -2.16700 -5.91000 -5.82900 -6.97800 1.74000 -2.60400 8.77900 3.96700 5.59500 2.89900 7.37500 6.17500 10.26400 -0.64100
154.00000 12.67500 -8.62600 -2.65500 -2.98100 -1.43400 -0.14200 0.76300 -5.04600 6.82600 6.89700 7.54800 3.38700 8.84000 5.68600 9.77600 1.80100
155.00000 -74.72700 -2.76700 -2.65500 -1.02700 1.49500 4.25200 1.74000 -1.62800 4.87300 6.40900 8.52500 2.89900 10.30500 5.68600 7.82300 4.73000
156.00000 -70.82100 3.09200 -1.67800 -1.51600 2.47200 4.25200 4.66900 1.79000 1.94300 3.96700 8.52500 2.89900 12.25800 5.68600 7.33400 7.17200
157.00000 34.64800 5.53400 -0.21400 -3.46900 0.51900 1.32200 6.13400 -0.16300 2.43100 1.52600 8.03600 3.38700 12.74600 5.19800 7.33400 8.14800
158.00000 116.19100 4.06900 -0.21400 -4.93400 -1.43400 -1.60700 5.64600 2.76700 4.38400 1.03800 6.57100 2.41100 11.77000 3.73300 5.87000 6.19500
159.00000 73.71000 -0.81400 -0.70200 -5.42200 -2.41100 -4.04900 2.71600 10.09100 3.89600 1.03800 4.61800 0.94600 10.30500 2.26800 2.45200 2.28900
160.00000 -39.08300 -7.16100 -2.65500 -4.93400 -2.89900 -5.02500 -0.70200 2.27900 -3.91600 0.54900 3.15300 -1.00700 7.86300 1.29200 -1.94300 -1.12900
161.00000 -78.14500 -12.53300 -3.14300 -3.46900 -2.89900 -5.02500 -3.14300 2.27900 -5.87000 -1.40400 2.17700 -1.98400 6.88700 1.29200 -3.89600 -3.08200
162.00000 9.25700 -15.95100 -2.16700 -2.00400 -3.87600 -5.51400 -4.12000 5.20800 -6.35800 -3.84500 1.68900 -1.49500 6.39900 1.78000 -0.96600 -3.57100
163.00000 111.30800 -17.41500 -0.21400 -2.49200 -5.34100 -6.49000 -4.12000 1.79000 -0.01000 -6.28700 2.66500 0.94600 6.39900 0.31500 5.87000 -1.61700
164.00000 96.17100 -15.46200 0.27500 -3.46900 -6.80500 -8.44300 -5.09600 -0.65100 -3.91600 -9.21600 3.64200 3.87600 6.39900 -2.61400 13.19400 -0.15300
165.00000 -21.50500 -12.04400 -2.65500 -4.93400 -7.78200 -11.37300 -6.56100 -6.51000 -1.96300 -14.09900 4.61800 6.80500 4.93400 -7.49700 18.07700 1.31200
166.00000 -100.60600 -7.65000 -7.53800 -5.91000 -8.27000 -14.79100 -8.02600 -3.09200 -1.96300 -18.98200 5.10700 7.78200 3.46900 -11.40300 20.03000 1.31200
167.00000 -53.24300 -5.69700 -11.93200 -5.42200 -7.78200 -16.74400 -7.53800 -3.58100 -0.01000 -22.88800 4.61800 8.27000 1.51600 -13.84500 18.56500 -0.64100
168.00000 48.80800 -6.67300 -12.42100 -4.44500 -6.80500 -16.25600 -4.60800 2.27900 -2.45200 -21.91200 3.64200 6.80500 0.05100 -13.84500 14.17000 -3.08200
169.00000 66.38600 -7.16100 -9.49100 -3.95700 -5.34100 -12.34900 0.76300 0.81400 -5.38100 -16.05200 2.17700 3.87600 -0.43700 -12.86800 5.38100 -5.03500
170.00000 -23.94600 -4.72000 -4.60800 -3.95700 -3.87600 -7.46700 5.15700 -2.60400 -7.33400 -7.26300 0.71200 0.45800 -0.92600 -10.42700 -5.36100 -5.52400
171.00000 -95.72300 1.13900 -1.67800 -4.44500 -2.89900 -5.02500 6.13400 -1.13900 -3.42800 -0.91600 0.22400 -2.47200 -0.92600 -8.96200 -13.66200 -3.57100
172.00000 -43.47700 6.02200 -2.16700 -5.42200 -3.38700 -6.49000 3.69300 -2.60400 -4.89300 0.06100 0.71200 -3.44800 -0.92600 -8.47400 -14.15000 -1.12900
173.00000 82.01100 5.04600 -4.60800 -6.39900 -4.85200 -10.88500 -1.19000 -2.11600 -8.31100 -4.33300 1.68900 -1.98400 -0.92600 -9.45000 -7.31400 -1.12900
174.00000 131.32700 -2.76700 -5.58500 -5.91000 -6.31700 -14.30300 -6.07300 1.30200 -2.45200 -11.65800 1.68900 0.94600 -0.92600 -10.91500 2.45200 -3.08200
175.00000 44.41300 -13.02100 -7.05000 -4.93400 -7.29400 -15.27900 -9.00300 -4.06900 -4.89300 -18.98200 0.71200 1.92300 -1.41400 -11.89200 6.84600 -5.52400
176.00000 -75.21600 -20.34500 -8.51400 -4.44500 -8.27000 -14.79100 -9.00300 0.32600 -1.47500 -24.35300 -0.75300 0.45800 -1.90200 -11.89200 2.45200 -6.01200
177.00000 -89.37600 -20.83300 -10.95600 -4.44500 -9.24700 -14.30300 -6.56100 4.23200 -1.96300 -25.33000 -0.26400 -1.98400 -2.39100 -10.91500 -5.36100 -3.08200
178.00000 0.95600 -17.41500 -13.39700 -5.42200 -10.71200 -15.76700 -1.19000 5.69700 -0.98700 -20.93500 3.64200 -2.47200 -0.92600 -8.47400 -9.26700 0.82400
179.00000 65.89800 -13.99700 -12.42100 -5.91000 -11.68800 -17.23200 5.64600 8.62600 1.94300 -11.16900 9.50100 0.45800 2.00400 -5.05600 -3.40800 2.77700
180.00000 19.02300 -11.55600 -7.53800 -6.39900 -12.17700 -17.23200 10.04000 3.74300 1.94300 -0.91600 14.87200 5.34100 4.44500 -2.12600 8.79900 1.80100
181.00000 -71.30900 -10.09100 -0.21400 -4.93400 -11.20000 -13.81400 12.48200 5.20800 1.45500 6.40900 16.82500 10.22300 6.39900 -0.66100 20.03000 -0.64100
182.00000 -73.75100 -6.67300 5.64600 -2.49200 -7.78200 -7.46700 11.50500 2.76700 3.40800 5.92000 16.82500 13.15300 5.91000 -1.63800 24.91300 -2.59400
183.00000 32.20600 -2.27900 8.08700 -0.53900 -4.36400 -1.11900 10.52900 1.30200 3.89600 -0.42700 17.31400 13.15300 4.44500 -3.10300 24.42400 -1.61700
184.00000 123.02700 1.13900 6.62200 0.92600 -1.43400 3.27600 11.50500 5.69700 3.89600 -5.79800 18.29000 11.68800 2.98100 -3.10300 21.49500 2.28900
185.00000 85.91700 1.62800 4.66900 0.43700 0.03100 3.27600 14.43500 8.62600 4.87300 -4.82200 18.29000 10.71200 3.46900 0.31500 19.05300 6.68300
186.00000 -34.68800 -0.81400 4.18100 -1.02700 -0.45800 0.34600 15.90000 1.79000 -1.96300 1.03800 15.36100 9.24700 4.93400 5.19800 15.14700 10.10100
187.00000 -95.72300 -5.69700 4.66900 -2.49200 -0.94600 -2.58400 13.94700 2.76700 -3.91600 6.89700 9.98900 6.31700 6.88700 8.12800 7.82300 11.07800
188.00000 -36.15300 -9.60300 5.15700 -2.49200 -0.94600 -3.07200 8.57500 4.23200 -2.94000 6.40900 6.08300 2.89900 7.37500 7.15100 -0.96600 9.61300
189.00000 51.73700 -11.55600 3.69300 -2.00400 -1.92300 -1.60700 4.66900 8.62600 0.47800 0.54900 6.08300 -0.03100 5.91000 3.24500 -5.36100 6.68300
190.00000 47.34300 -9.60300 0.76300 -1.02700 -2.41100 0.83400 3.69300 8.13800 -1.96300 -5.79800 9.98900 0.45800 3.46900 -1.63800 -1.45500 2.77700
191.00000 -43.47700 -5.20800 -2.16700 -0.53900 -4.36400 0.83400 6.13400 1.30200 -2.94000 -6.77500 13.40700 3.87600 1.51600 -4.07900 8.79900 -0.15300
192.00000 -93.28200 1.13900 -2.65500 -1.02700 -6.31700 -1.60700 8.08700 3.74300 -1.96300 -2.86900 12.43100 8.27000 1.02700 -4.07900 16.12300 -0.64100
193.00000 -27.85200 5.04600 -0.70200 -1.02700 -6.80500 -4.53700 6.62200 0.81400 -1.47500 1.52600 7.06000 9.73500 2.00400 -2.61400 14.17000 0.82400
194.00000 72.24500 6.51000 2.71600 0.43700 -4.36400 -4.04900 1.25100 6.67300 -0.98700 2.01400 1.68900 7.29400 2.98100 -1.14900 2.45200 3.26500
195.00000 73.22200 6.02200 5.15700 2.87900 -1.43400 -0.63100 -3.14300 -2.11600 -1.96300 -1.89200 1.20000 3.38700 2.98100 -0.66100 -8.77900 4.73000
196.00000 -32.24700 5.04600 5.64600 4.34400 1.49500 3.27600 -4.12000 -4.06900 -0.49800 -6.77500 4.61800 0.45800 1.51600 -1.14900 -10.73200 2.77700
197.00000 -111.34800 3.58100 4.18100 3.85500 1.49500 4.25200 -0.70200 0.81400 0.47800 -8.24000 7.54800 0.45800 -0.43700 -2.12600 -2.43100 -0.64100
198.00000 -53.24300 1.13900 2.22800 0.92600 -1.43400 0.83400 3.69300 1.30200 -0.49800 -6.28700 7.06000 2.41100 -2.39100 -4.07900 8.79900 -4.54700
199.00000 85.42900 -3.25500 0.76300 -2.98100 -4.36400 -5.51400 5.64600 0.32600 -2.45200 -4.82200 2.66500 3.38700 -2.87900 -6.03200 12.21700 -5.52400
200.00000 142.55800 -7.65000 -0.21400 -5.91000 -6.31700 -10.39600 4.66900 6.67300 0.47800 -5.79800 -1.24100 1.92300 -1.41400 -7.00900 5.38100 -3.57100
201.00000 50.76100 -10.09100 -2.16700 -6.39900 -6.80500 -11.86100 3.20400 2.27900 0.47800 -6.77500 -0.26400 -1.00700 1.02700 -6.03200 -4.87300 -0.15300
202.00000 -79.61000 -8.62600 -3.14300 -5.42200 -6.80500 -9.42000 3.69300 3.74300 4.38400 -5.31000 5.59500 -1.00700 3.95700 -2.12600 -6.82600 3.26500
203.00000 -99.63000 -5.69700 -2.65500 -3.95700 -6.80500 -4.53700 6.13400 2.27900 2.92000 0.54900 12.91900 2.41100 6.39900 2.26800 2.94000 5.21900
204.00000 -5.39100 -3.25500 -0.21400 -2.98100 -6.80500 -0.63100 8.57500 2.76700 3.40800 6.89700 15.36100 8.27000 8.35200 5.68600 18.56500 6.68300
205.00000 70.29200 -3.25500 5.15700 -1.51600 -5.82900 2.29900 9.06400 4.23200 5.36100 10.80300 13.40700 12.66500 9.32800 7.15100 27.35400 7.17200
206.00000 29.27700 -5.20800 9.55200 0.43700 -3.38700 4.25200 7.11100 -1.13900 7.31400 8.85000 8.52500 12.66500 9.32800 7.64000 23.44800 7.66000
207.00000 -67.40300 -5.69700 11.01700 2.39100 0.03100 4.74000 4.66900 2.27900 3.89600 3.96700 5.59500 8.27000 9.32800 8.12800 9.77600 8.14800
208.00000 -78.63400 -4.72000 9.06400 2.87900 1.49500 3.76400 3.20400 3.74300 3.40800 0.06100 5.59500 1.92300 9.32800 8.61600 -3.40800 8.14800
209.00000 24.39400 -2.27900 5.64600 0.92600 0.51900 2.29900 4.18100 4.72000 4.38400 0.06100 6.08300 -1.98400 9.81600 9.10400 -7.31400 7.66000
210.00000 120.58500 0.16300 3.69300 -2.00400 -1.92300 0.34600 7.11100 4.23200 8.29100 2.99100 6.08300 -1.00700 10.79300 8.61600 -1.45500 7.17200
211.00000 95.68300 0.65100 3.20400 -5.42200 -4.85200 -0.14200 10.52900 4.72000 5.84900 4.94400 5.59500 2.41100 11.77000 6.66300 8.31100 5.70700
212.00000 -14.66900 -0.81400 2.22800 -6.39900 -5.82900 -0.14200 12.48200 2.27900 2.92000 4.45600 7.54800 6.31700 11.77000 5.19800 13.68200 4.73000
213.00000 -69.35600 -3.25500 0.27500 -5.91000 -5.82900 0.34600 13.45800 3.25500 3.40800 2.99100 11.45400 8.75900 11.28100 5.68600 13.19400 4.73000
214.00000 -0.50900 -7.16100 -1.67800 -4.44500 -5.34100 0.34600 13.45800 3.25500 2.92000 3.47900 16.33700 9.24700 10.79300 7.64000 9.28800 6.68300
215.00000 98.12400 -10.09100 -0.70200 -2.98100 -4.36400 0.34600 11.99300 9.11500 2.92000 6.40900 18.29000 9.24700 10.79300 10.08100 6.84600 10.59000
216.00000 93.73000 -11.06800 3.69300 -2.00400 -3.87600 -0.63100 10.52900 2.76700 3.40800 9.82700 16.33700 9.24700 11.77000 11.05800 7.82300 14.49600
217.00000 -14.66900 -8.62600 8.57500 -1.02700 -3.87600 -2.58400 8.57500 -2.60400 3.40800 10.80300 11.45400 9.24700 12.74600 10.56900 9.28800 15.96100
218.00000 -94.25900 -3.25500 10.52900 -0.05100 -3.38700 -4.04900 7.11100 3.74300 2.43100 7.87400 7.06000 8.27000 12.25800 8.61600 9.28800 14.00800
219.00000 -53.73100 1.62800 7.11100 0.43700 -2.89900 -4.53700 6.13400 1.79000 1.94300 3.96700 4.61800 6.31700 9.81600 7.15100 6.84600 8.63600
220.00000 44.41300 3.58100 2.22800 0.43700 -2.41100 -2.09600 6.13400 5.69700 1.94300 2.01400 4.61800 3.87600 6.39900 6.66300 3.91600 3.75400
221.00000 65.40900 2.11600 -0.70200 -0.05100 -2.41100 1.81100 5.15700 2.76700 2.43100 2.50200 6.08300 2.41100 4.44500 6.17500 3.42800 0.82400
222.00000 -20.04000 -1.79000 -1.67800 -1.51600 -2.89900 4.25200 2.71600 2.27900 -3.42800 2.50200 7.54800 2.89900 3.46900 5.19800 8.31100 1.31200
223.00000 -94.25900 -7.16100 -0.21400 -2.49200 -3.38700 3.27600 -0.70200 4.23200 -3.91600 -0.42700 9.50100 5.82900 4.44500 3.24500 17.10000 3.75400
224.00000 -46.89500 -10.57900 0.27500 -2.98100 -3.38700 -0.63100 -4.12000 1.30200 -1.96300 -5.31000 11.45400 8.75900 5.42200 1.29200 25.40100 5.70700
225.00000 77.12800 -10.09100 -0.21400 -2.00400 -3.38700 -3.56000 -2.65500 -4.06900 -12.21700 -9.70500 11.94300 10.71200 4.93400 -1.14900 27.84200 6.19500
226.00000 131.32700 -3.25500 0.76300 0.92600 -2.41100 -3.07200 2.71600 0.32600 -3.91600 -8.72800 10.47800 9.73500 3.46900 -3.10300 20.51800 4.24200
227.00000 49.29600 7.48700 4.18100 3.85500 -0.94600 0.83400 9.55200 -7.48700 -4.89300 -1.40400 6.08300 6.31700 1.02700 -3.59100 6.35800 0.82400
228.00000 -72.28600 16.76400 8.57500 4.83200 -0.94600 5.22900 13.45800 -2.11600 -5.87000 6.89700 1.20000 1.92300 -1.41400 -3.10300 -9.26700 -2.59400
229.00000 -92.30600 17.25300 10.04000 3.85500 -1.43400 5.22900 10.52900 -3.09200 -4.89300 10.31500 -3.19400 -2.47200 -2.87900 -3.10300 -19.03300 -5.52400
230.00000 -3.43800 6.51000 5.64600 -0.05100 -3.38700 -0.14200 2.71600 -0.65100 -2.45200 5.92000 -5.63600 -3.93700 -2.87900 -4.07900 -19.52100 -7.96500
231.00000 65.89800 -9.60300 -2.65500 -3.95700 -5.82900 -8.44300 -5.58500 2.76700 0.47800 -4.82200 -6.12400 -3.93700 -2.39100 -7.49700 -14.63800 -9.43000
232.00000 22.92900 -20.34500 -9.97900 -7.37500 -7.78200 -14.79100 -9.97900 3.25500 2.92000 -15.56400 -5.63600 -2.47200 -2.39100 -10.91500 -9.26700 -10.40600
233.00000 -69.35600 -20.83300 -12.90900 -8.84000 -9.24700 -17.72100 -8.51400 4.23200 1.45500 -20.44700 -4.65900 -1.98400 -2.39100 -13.84500 -7.80200 -9.43000
234.00000 -78.14500 -13.02100 -9.97900 -8.84000 -9.24700 -17.23200 -4.60800 5.69700 3.89600 -18.49400 -3.19400 -1.49500 -1.90200 -13.35700 -8.29100 -6.50000
235.00000 25.37000 -4.72000 -5.58500 -7.86300 -9.24700 -14.79100 -1.19000 6.67300 3.40800 -13.12300 -0.26400 0.45800 0.53900 -9.93900 -5.36100 -1.61700
236.00000 122.53800 -2.76700 -1.67800 -6.39900 -8.75900 -11.86100 -0.70200 5.20800 8.77900 -7.26300 4.61800 4.36400 4.93400 -4.56700 3.42800 3.26500
237.00000 95.68300 -6.18500 -0.70200 -3.46900 -7.78200 -8.44300 -0.70200 2.76700 3.89600 -4.33300 10.47800 9.73500 9.81600 -0.66100 16.61200 7.66000
238.00000 -18.08700 -8.62600 -0.21400 -0.05100 -5.34100 -5.02500 0.27500 -3.09200 -0.01000 -2.86900 14.87200 14.61800 13.23400 1.29200 26.86600 8.14800
239.00000 -74.72700 -6.67300 2.71600 3.36700 -2.89900 -1.60700 3.20400 -4.06900 1.94300 -1.89200 17.31400 16.57100 13.23400 3.24500 27.35400 5.21900
240.00000 -5.39100 -1.79000 7.59900 5.80900 0.03100 1.32200 7.59900 -3.58100 -1.96300 0.54900 15.84900 14.13000 10.30500 4.22200 16.61200 0.33600
241.00000 94.70600 2.60400 11.99300 6.78500 1.98400 2.29900 11.50500 -4.55700 1.45500 3.96700 10.96600 8.27000 6.88700 5.68600 1.47500 -3.57100
242.00000 93.24100 2.60400 11.99300 4.34400 1.98400 1.81100 12.97000 -6.51000 -3.42800 6.40900 4.61800 2.41100 3.95700 5.68600 -10.73200 -4.54700
243.00000 -14.18100 0.16300 5.64600 0.43700 0.03100 -1.11900 11.50500 -7.48700 -6.35800 4.94400 -1.24100 -1.49500 3.46900 2.26800 -13.17300 -3.08200
244.00000 -95.23500 -2.76700 -3.63200 -4.44500 -3.38700 -5.02500 5.64600 0.32600 -7.82300 -1.89200 -5.63600 -2.96000 3.46900 -3.10300 -8.77900 -1.61700
245.00000 -50.80200 -4.72000 -10.95600 -8.35200 -7.29400 -9.42000 -3.14300 0.32600 -5.87000 -9.70500 -8.07700 -2.96000 2.98100 -9.45000 -1.45500 -3.08200
246.00000 54.66700 -6.18500 -11.93200 -9.32800 -8.75900 -12.83800 -12.90900 5.20800 -0.98700 -16.05200 -9.54200 -1.98400 2.00400 -12.86800 2.45200 -7.47700
247.00000 82.01100 -7.16100 -8.51400 -6.88700 -8.27000 -14.79100 -20.23300 2.76700 -0.98700 -17.02900 -9.05400 -2.47200 0.05100 -13.35700 1.47500 -12.36000
248.00000 -2.95000 -7.16100 -4.60800 -2.98100 -6.31700 -14.30300 -20.23300 0.32600 -2.94000 -13.61100 -7.10000 -3.44800 -1.41400 -11.40300 -1.94300 -15.77800
249.00000 -84.49300 -3.74300 -2.65500 0.92600 -4.36400 -10.88500 -12.42100 1.79000 -0.49800 -7.75100 -3.19400 -3.93700 -2.39100 -7.98500 -6.33700 -15.77800
250.00000 -48.36000 1.13900 -2.16700 3.36700 -2.89900 -6.00200 -0.21400 -0.16300 -0.01000 -2.86900 0.22400 -3.93700 -1.90200 -5.05600 -9.26700 -13.33600
251.00000 70.78000 5.04600 -0.21400 3.85500 -2.89900 -0.63100 10.04000 -6.51000 -5.87000 1.03800 0.71200 -4.42500 0.05100 -2.12600 -12.19700 -8.94200
252.00000 126.93300 5.04600 3.69300 2.87900 -3.38700 2.29900 12.97000 0.32600 0.47800 2.99100 -3.19400 -5.40200 2.00400 0.80400 -15.12700 -5.52400
253.00000 47.83100 0.16300 7.11100 0.43700 -4.36400 1.81100 7.11100 -1.62800 -2.94000 2.99100 -8.56500 -6.37800 3.95700 2.26800 -17.08000 -2.10600
254.00000 -71.30900 -6.18500 5.64600 -1.51600 -6.31700 -3.56000 -4.60800 0.81400 -0.01000 1.52600 -11.98300 -6.37800 5.42200 2.26800 -15.61500 -0.15300
255.00000 -91.32900 -10.57900 -0.21400 -3.46900 -8.75900 -10.39600 -15.35000 3.25500 -1.47500 -3.35700 -11.49500 -4.91300 5.42200 0.31500 -9.75500 0.82400
256.00000 -3.43800 -13.50900 -6.56100 -4.93400 -10.71200 -15.76700 -19.25700 1.79000 0.96600 -8.24000 -6.61200 -1.49500 4.93400 -2.12600 -2.43100 0.33600
