1.00000 8.92100 9.86700 4.48600 4.81200 3.79400 5.83900 -0.77300 -2.03500 1.42400 2.78700 -3.36700 -4.28300 -1.60700 -0.74300 -3.56000 -1.77000
2.00000 7.45600 8.40300 2.53300 2.85800 2.81800 5.35100 -1.75000 -2.52300 0.93600 3.27600 -3.36700 -4.28300 -0.63100 0.23400 -3.07200 -0.79300
3.00000 5.99200 6.44900 0.58000 1.39400 1.35300 5.35100 -2.72600 -3.01100 0.93600 3.27600 -3.36700 -3.30600 -0.14200 0.72200 -2.58400 -0.30500
4.00000 5.01500 4.98500 -0.39700 -0.55900 -0.11200 4.37400 -2.72600 -2.03500 -0.04100 1.81100 -2.87900 -1.84100 0.34600 -0.25400 -2.09600 -0.30500
5.00000 3.55000 4.00800 -1.37300 -1.53600 -0.60000 3.39800 -2.23800 -1.05800 -0.04100 -0.14200 -1.90200 -0.37600 -0.14200 -1.23100 -0.63100 0.18300
6.00000 3.06200 3.03100 -1.86200 -2.02400 -1.08800 2.90900 -1.75000 0.40700 -0.04100 -1.60700 -0.92600 0.60000 -0.14200 -1.71900 0.83400 0.18300
7.00000 2.08500 2.54300 -1.86200 -1.53600 -0.11200 3.39800 -1.26100 1.38300 -0.04100 -1.11900 0.05100 1.08800 -0.14200 -1.71900 0.83400 0.18300
8.00000 2.57400 2.05500 -1.37300 -0.55900 0.37600 4.86200 -0.77300 1.87200 0.44800 -0.14200 -0.43700 1.57700 -0.14200 -1.23100 -0.14200 -0.79300
9.00000 3.06200 2.05500 -1.37300 0.41700 0.37600 6.32700 -0.77300 1.87200 0.93600 1.32200 -0.92600 1.08800 -0.14200 -1.23100 -1.60700 -2.25800
10.00000 3.06200 1.56700 -0.88500 0.41700 -0.11200 6.81600 -1.26100 1.38300 0.93600 1.81100 -1.90200 1.57700 -0.14200 -1.23100 -3.07200 -3.72300
11.00000 2.57400 0.10200 -1.37300 -0.55900 -0.60000 5.83900 -1.75000 0.89500 0.44800 1.32200 -2.87900 1.57700 -0.14200 -1.23100 -3.56000 -3.72300
12.00000 2.08500 -1.36300 -1.86200 -1.53600 -1.57700 3.88600 -2.23800 0.89500 0.44800 0.34600 -3.36700 1.57700 -0.14200 -0.74300 -3.56000 -3.23500
13.00000 2.08500 -2.34000 -1.86200 -1.53600 -1.08800 2.42100 -2.23800 0.40700 -0.04100 -0.14200 -3.36700 1.57700 -0.14200 -0.25400 -3.56000 -2.25800
14.00000 2.57400 -1.85100 -0.88500 -0.55900 -0.11200 2.42100 -1.75000 0.40700 0.44800 0.34600 -3.36700 0.60000 -0.14200 -0.25400 -4.53700 -2.25800
15.00000 4.03800 -0.38700 0.58000 1.39400 1.84100 3.88600 -0.77300 0.89500 0.93600 1.32200 -3.85500 -0.37600 -1.11900 -0.25400 -6.00200 -3.72300
16.00000 5.99200 2.05500 2.04500 3.34700 3.30600 6.32700 0.20300 0.89500 0.93600 2.29900 -4.34400 -1.84100 -2.09600 -1.23100 -7.46700 -6.16500
17.00000 7.45600 4.49600 3.02100 4.32300 3.79400 7.79200 0.20300 0.89500 1.42400 2.29900 -5.32000 -3.30600 -3.07200 -2.69600 -8.93100 -8.11800
18.00000 8.43300 5.96100 2.53300 4.81200 4.77100 8.28000 0.20300 0.40700 1.42400 2.78700 -6.78500 -4.28300 -4.04900 -3.18400 -9.90800 -9.09400
19.00000 8.92100 5.96100 2.04500 4.32300 5.25900 8.28000 -0.77300 -0.08100 1.91200 2.78700 -7.76200 -5.74700 -4.04900 -2.69600 -10.39600 -8.60600
20.00000 9.41000 5.96100 1.55600 4.32300 6.23600 8.28000 -1.75000 -1.54600 1.91200 3.27600 -9.22600 -6.72400 -3.56000 -1.71900 -10.39600 -7.14100
21.00000 10.38600 5.96100 2.53300 4.81200 7.21200 9.74500 -2.23800 -2.03500 2.40100 4.74000 -9.71500 -7.21200 -3.07200 -0.74300 -9.90800 -6.16500
22.00000 11.85100 6.93800 3.51000 5.78800 7.70100 11.69800 -1.75000 -2.03500 2.88900 5.71700 -8.73800 -7.21200 -2.09600 0.23400 -9.42000 -5.18800
23.00000 13.31600 7.91400 4.97400 6.27600 7.70100 13.16300 -0.77300 -1.54600 3.86600 6.20500 -7.76200 -6.72400 -1.60700 1.21100 -8.44300 -4.70000
24.00000 13.31600 8.40300 4.97400 6.27600 7.70100 13.65200 0.20300 -1.05800 3.86600 5.71700 -6.29700 -5.74700 -0.63100 1.69900 -7.46700 -3.72300
25.00000 11.85100 7.42600 3.51000 5.30000 6.23600 11.69800 0.20300 -1.05800 3.37700 5.22900 -5.32000 -5.25900 -0.14200 2.67500 -6.49000 -2.25800
26.00000 9.41000 5.47300 1.55600 2.85800 4.28300 9.25700 -0.28500 -1.54600 3.37700 4.25200 -3.85500 -4.28300 0.83400 3.65200 -5.02500 -0.30500
27.00000 6.96800 1.56700 -0.39700 0.90500 2.33000 6.32700 -0.77300 -2.03500 2.40100 3.76400 -2.39100 -2.81800 1.32200 4.14000 -3.07200 1.16000
28.00000 5.01500 -1.36300 -0.88500 -1.04800 0.37600 4.86200 -0.28500 -1.54600 1.91200 3.27600 0.05100 -0.86500 1.81100 5.11700 -0.63100 2.13600
29.00000 5.01500 -2.82800 0.09200 -1.53600 -1.57700 4.37400 1.18000 -1.05800 1.42400 3.27600 2.98100 1.57700 1.81100 5.11700 1.32200 2.62500
30.00000 5.99200 -1.85100 1.55600 -1.04800 -2.06500 4.86200 3.62100 0.89500 0.93600 3.76400 5.91000 4.01800 2.29900 6.09300 3.27600 3.11300
31.00000 7.45600 -0.38700 3.51000 0.41700 -1.57700 5.83900 6.06300 2.36000 0.44800 4.74000 7.37500 5.48300 2.29900 7.07000 5.22900 4.57800
32.00000 8.43300 1.07800 4.97400 1.39400 -1.08800 6.32700 7.52800 3.82500 0.44800 5.71700 7.37500 6.46000 2.78700 8.53500 5.22900 5.55400
33.00000 8.43300 1.07800 5.46300 1.88200 -1.08800 5.35100 8.01600 4.80100 -0.04100 6.20500 6.39900 6.46000 2.78700 9.02300 5.22900 6.04200
34.00000 7.94500 0.10200 5.46300 1.88200 -1.57700 3.88600 7.52800 5.29000 -0.04100 5.71700 4.93400 6.46000 2.78700 8.04600 4.74000 6.04200
35.00000 7.45600 0.10200 5.46300 1.39400 -2.06500 2.90900 6.55100 5.29000 -0.52900 5.22900 3.95700 6.46000 2.78700 7.55800 4.25200 5.55400
36.00000 7.94500 0.59000 5.46300 1.39400 -2.06500 3.39800 6.06300 5.29000 -0.52900 4.74000 3.95700 6.46000 2.78700 7.07000 4.25200 4.57800
37.00000 8.43300 2.54300 5.46300 1.39400 -1.08800 4.86200 6.06300 4.80100 -0.04100 5.22900 3.95700 6.46000 2.78700 7.07000 4.25200 4.57800
38.00000 9.89800 4.98500 5.95100 1.88200 0.37600 7.30400 6.06300 4.80100 0.93600 5.71700 3.95700 5.97100 2.78700 7.55800 4.25200 5.06600
39.00000 10.87400 6.44900 6.43900 2.85800 1.84100 8.76900 5.57500 4.31300 1.42400 6.69400 2.00400 4.99500 3.27600 8.04600 3.76400 5.55400
40.00000 11.85100 6.44900 7.41600 3.83500 2.81800 9.74500 4.59800 3.33700 1.91200 6.69400 -0.43700 3.04200 2.29900 7.07000 1.81100 4.08900
41.00000 13.31600 5.96100 8.39200 4.81200 3.79400 9.25700 3.62100 2.36000 1.42400 6.20500 -3.85500 0.11200 0.83400 4.62800 -1.11900 1.16000
42.00000 15.26900 5.96100 9.36900 6.27600 4.28300 9.25700 2.15700 1.38300 1.42400 4.74000 -6.78500 -3.30600 -1.11900 1.69900 -5.02500 -3.72300
43.00000 17.22200 7.42600 9.85700 8.23000 5.25900 9.74500 0.69200 0.89500 0.93600 3.76400 -9.71500 -6.23600 -4.04900 -1.71900 -9.42000 -8.11800
44.00000 19.17500 10.84400 10.34500 9.69400 6.72400 11.21000 0.20300 0.40700 0.93600 3.27600 -11.66800 -8.18900 -5.51400 -3.67200 -12.34900 -11.04700
45.00000 20.15200 13.77400 10.83400 11.15900 7.70100 13.65200 -0.28500 -0.08100 0.93600 3.76400 -12.64400 -8.67700 -6.49000 -5.13700 -14.30300 -12.51200
46.00000 21.12800 16.21500 11.81000 12.13600 9.16500 15.11600 0.20300 -0.08100 0.93600 3.76400 -13.62100 -9.16500 -7.95500 -6.60200 -15.27900 -13.00000
47.00000 20.64000 16.70300 12.78700 13.11200 9.65400 15.11600 -0.28500 -0.08100 0.93600 2.78700 -14.59800 -9.65400 -8.93100 -8.06700 -16.25600 -14.46500
48.00000 20.15200 16.21500 12.78700 13.11200 9.65400 13.16300 -0.77300 -0.57000 0.44800 0.83400 -15.08600 -10.14200 -10.39600 -10.50800 -17.72100 -17.39500
49.00000 19.66300 15.23800 11.81000 12.13600 9.16500 10.72200 -2.23800 -1.54600 -0.04100 -1.11900 -16.06200 -10.63000 -12.34900 -13.43800 -19.18500 -20.81300
50.00000 19.17500 13.77400 9.36900 11.15900 8.67700 9.25700 -4.19100 -2.52300 -0.52900 -2.58400 -17.03900 -11.11900 -13.32600 -15.39100 -20.65000 -22.76600
51.00000 18.68700 13.28500 6.92700 9.20600 7.70100 7.79200 -6.14400 -3.49900 -1.01700 -3.56000 -17.03900 -10.63000 -13.32600 -15.87900 -20.65000 -22.76600
52.00000 17.71000 13.28500 4.48600 7.74100 7.21200 6.81600 -7.60900 -3.98800 -1.01700 -4.04900 -16.55100 -10.14200 -12.34900 -15.39100 -19.67400 -21.30100
53.00000 17.22200 12.79700 3.02100 6.27600 5.74700 5.35100 -8.09700 -3.49900 -1.99400 -4.53700 -15.57400 -8.18900 -11.37300 -14.41400 -18.20900 -19.83600
54.00000 15.75700 11.33200 2.04500 5.78800 3.79400 3.39800 -7.12100 -2.52300 -2.97000 -5.51400 -13.13300 -6.72400 -10.88500 -13.92600 -16.25600 -17.88300
55.00000 15.26900 9.37900 2.04500 5.30000 1.35300 0.95600 -5.65600 -1.05800 -3.94700 -6.97800 -10.20300 -4.77100 -10.39600 -13.92600 -14.30300 -16.90700
56.00000 14.29200 6.93800 2.04500 4.81200 -0.60000 -0.50900 -3.70300 0.40700 -4.92400 -7.95500 -7.27300 -3.30600 -9.90800 -13.92600 -12.34900 -15.44200
57.00000 13.31600 5.47300 2.04500 4.32300 -1.57700 -1.48500 -1.75000 1.87200 -4.92400 -7.95500 -4.34400 -1.35300 -8.44300 -11.97300 -9.42000 -13.00000
58.00000 12.82800 4.98500 2.04500 3.83500 -1.57700 -0.02000 -0.28500 3.33700 -3.94700 -6.49000 -1.41400 0.60000 -6.49000 -8.55500 -6.00200 -9.09400
59.00000 12.33900 5.96100 3.51000 3.34700 -0.60000 1.44400 1.18000 4.31300 -2.48200 -4.53700 1.02700 2.55300 -4.04900 -5.13700 -3.07200 -5.67600
60.00000 11.85100 6.93800 4.48600 3.34700 -0.60000 2.90900 1.66800 4.80100 -1.50600 -2.58400 2.00400 4.01800 -2.09600 -2.20700 -0.63100 -3.23500
61.00000 12.33900 8.40300 5.46300 3.83500 -0.11200 3.88600 2.15700 5.29000 -0.52900 -1.60700 2.98100 4.99500 -0.14200 -0.74300 0.34600 -1.77000
62.00000 12.33900 8.89100 5.46300 3.34700 0.37600 3.39800 2.15700 5.77800 -0.04100 -1.11900 3.46900 5.48300 0.83400 0.23400 1.32200 -1.28200
63.00000 12.33900 8.89100 4.97400 3.34700 0.37600 3.39800 2.15700 5.77800 0.93600 -0.63100 3.95700 6.46000 2.29900 0.72200 2.29900 0.67100
64.00000 12.33900 8.89100 3.99800 2.85800 0.86500 3.39800 1.66800 5.77800 1.42400 -0.63100 3.95700 6.94800 3.27600 2.18700 2.78700 2.13600
65.00000 12.33900 8.89100 3.51000 2.85800 1.84100 3.39800 1.18000 6.26600 1.91200 -0.63100 3.46900 6.94800 4.25200 3.16400 2.29900 3.60100
66.00000 12.33900 8.89100 3.99800 3.34700 1.84100 3.88600 0.69200 5.77800 2.40100 -0.63100 2.00400 6.46000 3.76400 3.16400 0.34600 2.13600
67.00000 12.33900 7.91400 4.97400 3.83500 1.35300 3.39800 0.20300 4.80100 1.91200 -1.60700 0.05100 4.99500 2.29900 2.18700 -2.58400 -0.79300
68.00000 11.85100 7.42600 4.97400 3.83500 -0.11200 2.42100 -0.77300 4.31300 0.44800 -2.09600 -1.41400 4.01800 0.83400 0.23400 -5.51400 -4.70000
69.00000 10.87400 6.44900 3.99800 3.34700 -1.57700 1.44400 -1.26100 3.82500 -0.04100 -3.07200 -2.39100 3.04200 -0.14200 -1.23100 -6.97800 -6.65300
70.00000 9.89800 5.47300 3.02100 2.37000 -3.04200 -0.02000 -1.26100 3.33700 -0.52900 -3.07200 -2.39100 2.55300 -0.14200 -2.20700 -6.97800 -6.16500
71.00000 9.89800 5.47300 2.04500 1.39400 -3.04200 -0.02000 -1.26100 2.84800 -0.04100 -3.07200 -2.39100 2.55300 0.83400 -2.20700 -6.00200 -5.18800
72.00000 9.89800 5.47300 2.53300 1.39400 -2.55300 0.95600 -0.77300 1.87200 0.93600 -2.09600 -2.39100 1.57700 1.32200 -1.71900 -6.49000 -4.21100
73.00000 10.87400 5.96100 2.53300 1.39400 -1.57700 2.42100 -0.28500 0.89500 1.91200 -1.60700 -3.36700 0.11200 0.83400 -1.71900 -7.95500 -5.67600
74.00000 11.85100 6.44900 3.02100 0.90500 -0.60000 3.39800 -0.77300 -0.57000 2.40100 -0.63100 -5.32000 -2.33000 -0.63100 -2.20700 -10.88500 -8.11800
75.00000 11.36300 5.96100 2.53300 0.90500 -0.60000 3.39800 -2.23800 -2.03500 1.91200 -0.14200 -8.25000 -5.74700 -2.09600 -3.18400 -13.81400 -11.53600
76.00000 10.87400 5.47300 1.55600 -0.07100 -1.08800 1.93300 -3.70300 -3.49900 1.42400 -0.63100 -11.18000 -8.67700 -4.04900 -4.16100 -16.25600 -13.48900
77.00000 9.41000 4.49600 0.58000 -0.55900 -1.57700 0.95600 -6.14400 -4.96400 0.44800 -1.11900 -13.62100 -11.60700 -5.51400 -5.62500 -18.20900 -14.95400
78.00000 8.92100 4.00800 0.09200 -0.07100 -1.57700 0.46800 -7.60900 -5.45200 -0.04100 -1.60700 -15.57400 -13.56000 -7.95500 -7.09000 -20.16200 -15.44200
79.00000 9.41000 4.49600 0.58000 0.41700 -0.60000 1.44400 -7.60900 -5.45200 -0.04100 -1.60700 -16.06200 -14.53700 -8.93100 -8.06700 -20.65000 -15.44200
80.00000 10.38600 5.47300 1.55600 0.90500 0.86500 3.88600 -7.12100 -4.47600 -0.04100 -0.63100 -15.08600 -14.04800 -9.42000 -7.09000 -19.67400 -14.95400
81.00000 11.85100 7.91400 3.02100 2.37000 1.84100 6.32700 -4.67900 -3.01100 0.93600 1.81100 -13.13300 -12.09500 -7.95500 -5.62500 -17.23200 -13.00000
82.00000 13.80400 10.35600 3.99800 3.34700 2.81800 8.76900 -2.72600 -1.05800 1.42400 4.25200 -10.20300 -9.16500 -6.97800 -3.18400 -13.81400 -10.55900
83.00000 14.78100 12.30900 4.48600 4.32300 3.30600 10.23400 -0.77300 0.89500 1.42400 6.20500 -7.76200 -6.72400 -6.00200 -1.23100 -11.37300 -8.60600
84.00000 15.26900 13.77400 5.46300 5.30000 3.30600 10.72200 0.20300 1.87200 1.42400 7.18200 -6.78500 -4.77100 -6.00200 -1.23100 -9.90800 -7.62900
85.00000 14.78100 13.28500 5.46300 5.78800 3.30600 10.23400 0.69200 2.36000 0.44800 6.20500 -6.29700 -3.30600 -6.00200 -2.69600 -9.90800 -8.11800
86.00000 13.80400 11.82000 5.46300 5.30000 2.81800 8.76900 0.69200 2.84800 0.44800 4.25200 -6.29700 -1.84100 -6.00200 -4.64900 -9.90800 -8.60600
87.00000 11.85100 9.37900 4.97400 4.32300 1.84100 6.32700 0.69200 3.33700 -0.04100 2.29900 -6.29700 -0.37600 -6.00200 -5.62500 -10.39600 -9.09400
88.00000 9.89800 6.93800 3.99800 3.34700 -0.11200 3.88600 0.69200 3.82500 -0.52900 0.83400 -6.29700 0.60000 -5.02500 -5.62500 -10.39600 -9.58300
89.00000 7.94500 4.49600 3.51000 2.37000 -1.57700 2.42100 0.69200 4.80100 -0.52900 -0.14200 -6.29700 1.08800 -5.02500 -6.11400 -10.88500 -10.55900
90.00000 6.48000 3.03100 3.51000 2.37000 -2.55300 0.95600 0.69200 5.29000 -1.01700 -1.60700 -7.27300 0.11200 -5.51400 -7.09000 -13.32600 -12.51200
91.00000 5.50300 2.05500 3.51000 2.85800 -3.04200 0.95600 -0.28500 5.29000 -1.50600 -2.58400 -8.73800 -0.86500 -6.49000 -8.55500 -15.76700 -14.95400
92.00000 4.52700 1.56700 2.53300 2.85800 -2.55300 -0.02000 -1.26100 4.31300 -2.48200 -4.53700 -10.69100 -1.84100 -7.46700 -10.50800 -17.72100 -16.90700
93.00000 3.06200 1.07800 0.58000 2.37000 -2.55300 -1.48500 -2.72600 3.82500 -2.48200 -6.49000 -12.15600 -2.33000 -7.95500 -11.97300 -18.20900 -17.39500
94.00000 2.08500 0.59000 -1.86200 1.39400 -3.04200 -3.92700 -4.19100 3.33700 -2.97000 -8.44300 -12.64400 -2.33000 -7.46700 -12.95000 -17.72100 -16.90700
95.00000 1.10900 0.59000 -3.32600 0.90500 -3.04200 -6.36800 -5.16800 2.36000 -2.97000 -9.90800 -13.13300 -2.81800 -6.97800 -12.46100 -16.74400 -15.44200
96.00000 1.59700 1.56700 -2.35000 1.39400 -3.04200 -6.85600 -5.65600 1.87200 -2.97000 -9.90800 -13.13300 -3.30600 -6.97800 -11.97300 -16.74400 -15.44200
97.00000 4.03800 3.52000 0.58000 3.34700 -1.57700 -4.90300 -5.16800 1.38300 -2.48200 -9.42000 -13.13300 -4.77100 -6.97800 -11.97300 -17.72100 -15.44200
98.00000 6.96800 6.44900 3.99800 4.81200 0.37600 -1.97300 -4.67900 0.40700 -1.50600 -8.44300 -13.62100 -6.23600 -6.97800 -11.97300 -18.20900 -15.93000
99.00000 9.41000 8.40300 5.46300 5.30000 1.35300 -0.02000 -4.67900 -0.57000 -1.01700 -7.46700 -14.59800 -7.21200 -6.97800 -11.48500 -18.20900 -15.93000
100.00000 8.92100 8.40300 3.51000 3.83500 1.84100 -0.02000 -6.14400 -2.03500 -0.04100 -7.46700 -15.08600 -7.70100 -6.00200 -10.99700 -17.23200 -14.46500
101.00000 5.50300 4.98500 -1.37300 1.39400 0.37600 -1.97300 -9.07400 -3.01100 -0.04100 -7.95500 -15.57400 -7.21200 -5.02500 -10.02000 -16.25600 -13.48900
102.00000 1.10900 1.07800 -6.25600 -1.53600 -1.08800 -4.41500 -11.51500 -4.47600 0.44800 -7.95500 -15.08600 -6.23600 -4.53700 -9.04300 -15.27900 -12.51200
103.00000 -2.30900 -1.85100 -9.18600 -3.48900 -1.57700 -5.88000 -12.98000 -4.47600 0.44800 -8.44300 -14.10900 -4.77100 -4.04900 -8.06700 -14.30300 -12.02400
104.00000 -2.79700 -1.85100 -9.67400 -4.46600 -1.57700 -5.39100 -12.49200 -3.98800 0.44800 -7.46700 -13.13300 -3.79400 -3.07200 -7.09000 -13.81400 -11.53600
105.00000 -2.30900 -0.87500 -9.18600 -4.46600 -1.08800 -3.92700 -11.51500 -3.49900 0.44800 -6.49000 -12.15600 -2.81800 -2.58400 -6.60200 -13.32600 -11.04700
106.00000 -1.82100 1.07800 -8.69800 -4.46600 -1.08800 -2.46200 -10.53900 -3.01100 -0.04100 -5.51400 -11.66800 -2.81800 -2.58400 -5.62500 -12.83800 -10.07100
107.00000 -2.79700 1.07800 -9.67400 -4.95400 -1.57700 -2.46200 -10.05000 -3.01100 -0.52900 -5.02500 -11.66800 -3.30600 -3.07200 -5.13700 -12.83800 -9.58300
108.00000 -4.26200 0.59000 -10.65100 -5.44200 -2.55300 -2.95000 -10.05000 -3.01100 -1.50600 -5.02500 -12.64400 -3.79400 -3.56000 -5.13700 -13.81400 -10.07100
109.00000 -4.75100 0.10200 -10.65100 -5.44200 -3.04200 -3.43800 -9.56200 -2.52300 -1.50600 -5.02500 -13.13300 -3.79400 -3.56000 -4.64900 -14.30300 -10.07100
110.00000 -4.26200 1.07800 -8.69800 -4.46600 -3.04200 -2.46200 -8.58600 -2.03500 -1.50600 -5.02500 -13.13300 -3.79400 -3.07200 -4.16100 -14.79100 -9.58300
111.00000 -2.79700 2.54300 -6.74400 -4.46600 -2.06500 -0.50900 -7.60900 -1.05800 -1.01700 -4.04900 -12.15600 -2.81800 -2.09600 -3.18400 -14.30300 -9.09400
112.00000 -1.82100 4.49600 -4.79100 -4.46600 -2.06500 1.44400 -6.14400 -0.57000 -0.52900 -2.58400 -11.18000 -2.33000 -1.60700 -2.69600 -13.32600 -8.60600
113.00000 -1.33300 4.49600 -5.28000 -5.44200 -2.55300 1.93300 -5.65600 -0.08100 -0.52900 -2.09600 -10.20300 -1.84100 -1.60700 -3.18400 -13.32600 -9.58300
114.00000 -2.79700 3.03100 -6.74400 -5.93100 -3.53000 0.46800 -6.14400 -0.08100 -1.50600 -2.58400 -10.20300 -2.33000 -2.09600 -4.64900 -13.32600 -11.53600
115.00000 -4.26200 1.56700 -8.20900 -6.41900 -4.99500 -1.97300 -7.12100 -0.08100 -2.48200 -4.53700 -10.69100 -2.33000 -3.56000 -7.09000 -14.30300 -13.00000
116.00000 -4.26200 0.59000 -8.20900 -5.93100 -5.97100 -3.92700 -8.09700 -0.08100 -3.45900 -6.49000 -11.66800 -2.81800 -4.53700 -9.53200 -14.79100 -14.46500
117.00000 -3.77400 1.07800 -7.23300 -5.44200 -5.97100 -4.41500 -8.09700 -0.08100 -3.94700 -8.44300 -12.64400 -3.30600 -5.02500 -11.48500 -14.79100 -14.46500
118.00000 -2.30900 3.03100 -5.76800 -4.46600 -4.99500 -3.92700 -8.09700 -0.08100 -3.94700 -8.93100 -12.64400 -2.81800 -5.02500 -11.97300 -14.30300 -13.97700
119.00000 -0.35600 5.47300 -4.79100 -3.97700 -3.53000 -2.46200 -7.60900 -0.57000 -2.97000 -8.93100 -12.15600 -2.33000 -5.02500 -12.46100 -13.81400 -14.46500
120.00000 1.10900 7.91400 -3.81500 -3.00100 -1.57700 -0.50900 -6.63200 -1.05800 -2.48200 -7.95500 -11.18000 -1.84100 -5.51400 -11.97300 -13.32600 -14.95400
121.00000 3.06200 10.84400 -2.35000 -1.04800 0.37600 1.93300 -5.65600 -1.05800 -1.50600 -6.97800 -10.69100 -1.35300 -5.51400 -11.97300 -13.32600 -16.41800
122.00000 5.50300 13.77400 0.09200 1.39400 2.33000 4.37400 -4.67900 -1.54600 -0.52900 -5.51400 -10.69100 -1.84100 -5.51400 -10.99700 -13.81400 -16.41800
123.00000 8.43300 16.70300 3.51000 3.83500 5.25900 6.81600 -3.70300 -1.54600 0.44800 -4.04900 -10.69100 -2.33000 -5.02500 -10.02000 -13.32600 -14.95400
124.00000 10.87400 18.65600 5.95100 5.30000 7.21200 8.28000 -3.21500 -1.54600 1.91200 -2.58400 -10.69100 -2.81800 -4.04900 -8.55500 -11.86100 -13.00000
125.00000 12.82800 19.14500 7.90400 6.27600 7.70100 8.76900 -2.23800 -1.05800 2.40100 -1.11900 -9.71500 -2.81800 -3.07200 -6.60200 -10.39600 -11.04700
126.00000 13.31600 18.65600 8.88100 7.25300 8.18900 8.28000 -1.26100 -0.57000 2.88900 -0.14200 -8.25000 -2.33000 -3.07200 -4.64900 -9.42000 -9.58300
127.00000 13.80400 17.68000 9.36900 8.23000 8.18900 7.30400 0.20300 0.40700 2.88900 0.34600 -6.78500 -1.35300 -3.07200 -4.16100 -8.93100 -9.09400
128.00000 14.78100 18.16800 10.83400 9.69400 8.67700 7.30400 2.15700 1.38300 2.40100 0.83400 -4.83200 -0.86500 -3.56000 -3.67200 -8.93100 -9.09400
129.00000 16.24600 20.12100 12.29900 10.67100 10.14200 8.28000 4.11000 2.84800 2.40100 1.32200 -2.87900 0.11200 -4.04900 -4.16100 -7.46700 -9.09400
130.00000 16.73400 22.56300 13.27500 10.67100 10.63000 9.74500 5.57500 3.82500 2.88900 2.29900 -0.43700 1.57700 -4.04900 -4.16100 -6.00200 -8.60600
131.00000 16.73400 23.53900 13.27500 9.69400 10.14200 10.23400 6.55100 4.80100 2.40100 2.78700 2.00400 3.53000 -3.07200 -3.18400 -2.58400 -6.65300
132.00000 15.26900 22.56300 12.29900 8.23000 9.16500 10.23400 7.52800 5.29000 2.40100 3.76400 4.44500 5.48300 -1.60700 -1.23100 0.34600 -3.72300
133.00000 14.29200 20.61000 10.83400 7.25300 7.21200 9.74500 8.01600 5.77800 2.40100 4.74000 5.91000 6.46000 -0.14200 0.72200 2.78700 -0.79300
134.00000 13.80400 18.65600 10.34500 6.27600 5.25900 9.25700 8.01600 5.77800 2.88900 5.71700 6.88700 6.94800 1.32200 3.16400 4.25200 1.16000
135.00000 14.29200 17.68000 10.34500 6.27600 5.25900 9.25700 8.01600 5.77800 3.86600 6.20500 6.39900 6.46000 1.81100 4.62800 4.25200 2.13600
136.00000 14.29200 16.70300 10.34500 5.78800 5.25900 9.25700 8.01600 5.29000 4.35400 6.69400 5.42200 5.48300 1.81100 4.62800 3.27600 1.16000
137.00000 13.31600 16.21500 9.85700 5.30000 5.74700 8.76900 7.52800 4.80100 4.35400 6.69400 4.44500 4.01800 1.32200 3.65200 1.81100 0.18300
138.00000 11.85100 14.75000 8.88100 3.83500 4.77100 7.30400 7.03900 4.31300 3.86600 5.71700 3.46900 3.53000 0.83400 2.18700 0.34600 -0.79300
139.00000 9.41000 12.30900 6.92700 2.85800 3.30600 4.86200 6.06300 3.33700 2.88900 4.25200 2.98100 3.04200 0.34600 1.21100 -0.14200 -1.77000
140.00000 6.96800 9.86700 5.46300 1.39400 0.86500 2.42100 5.08600 2.84800 1.91200 2.29900 2.49200 3.53000 0.34600 0.72200 -1.11900 -1.77000
141.00000 5.50300 7.42600 3.51000 -0.07100 -1.08800 0.95600 4.59800 2.84800 0.93600 0.83400 2.49200 4.01800 -0.14200 0.23400 -2.09600 -2.74700
142.00000 4.03800 5.96100 2.04500 -0.55900 -2.55300 -0.02000 4.11000 2.84800 -0.04100 -0.14200 2.00400 4.50600 -0.63100 -0.74300 -2.58400 -3.72300
143.00000 2.08500 4.49600 0.09200 -2.51300 -4.01800 -1.48500 3.13300 2.36000 -0.04100 -0.63100 1.51600 4.99500 -1.11900 -1.71900 -3.56000 -4.70000
144.00000 0.13200 2.54300 -2.35000 -4.46600 -4.99500 -1.97300 1.66800 1.87200 -0.04100 -1.11900 1.02700 4.99500 -1.11900 -3.18400 -3.56000 -5.18800
145.00000 -2.30900 0.59000 -5.28000 -6.90700 -6.46000 -4.41500 -0.77300 -0.08100 -0.04100 -2.09600 -1.41400 3.53000 -1.60700 -4.64900 -5.02500 -6.16500
146.00000 -5.23900 -0.87500 -8.69800 -9.34900 -7.43600 -5.88000 -3.70300 -2.03500 -1.01700 -4.04900 -4.34400 1.57700 -3.07200 -6.60200 -6.97800 -7.62900
147.00000 -7.19200 -1.85100 -11.62700 -11.30200 -8.90100 -7.34500 -6.63200 -3.49900 -1.50600 -5.51400 -8.73800 -1.35300 -4.04900 -9.04300 -10.39600 -10.55900
148.00000 -8.65700 -2.34000 -13.09200 -11.79000 -9.38900 -7.83300 -9.07400 -4.96400 -2.48200 -6.97800 -12.15600 -3.30600 -5.51400 -10.99700 -13.81400 -14.46500
149.00000 -9.63300 -2.82800 -13.09200 -12.27800 -9.38900 -7.83300 -11.02700 -5.45200 -2.97000 -7.95500 -14.59800 -4.77100 -6.97800 -12.46100 -16.25600 -17.88300
150.00000 -10.61000 -3.80500 -13.09200 -12.76700 -9.87800 -8.32100 -11.51500 -5.45200 -2.97000 -8.44300 -15.57400 -5.25900 -7.46700 -13.43800 -17.72100 -20.32500
151.00000 -11.09800 -5.26900 -13.09200 -13.25500 -9.87800 -8.80900 -12.49200 -5.45200 -2.97000 -8.93100 -15.57400 -5.25900 -7.46700 -13.43800 -17.72100 -20.32500
152.00000 -12.07500 -6.73400 -14.06900 -13.25500 -10.36600 -10.27400 -12.98000 -5.94100 -2.97000 -10.39600 -15.57400 -5.74700 -7.95500 -13.92600 -17.72100 -19.83600
153.00000 -13.54000 -8.19900 -15.04500 -13.74300 -10.36600 -12.22700 -13.95700 -5.94100 -3.94700 -11.86100 -16.55100 -6.23600 -7.95500 -14.41400 -18.20900 -19.83600
154.00000 -14.02800 -8.19900 -16.51000 -13.74300 -10.85400 -13.69200 -14.93300 -6.42900 -4.92400 -13.32600 -18.01600 -6.72400 -8.93100 -15.87900 -19.18500 -19.83600
155.00000 -13.54000 -7.71100 -16.51000 -13.25500 -10.85400 -14.18100 -15.91000 -6.91700 -5.41200 -14.30300 -18.99200 -7.21200 -9.42000 -16.36800 -19.67400 -20.32500
156.00000 -12.07500 -6.73400 -16.02200 -12.27800 -10.85400 -13.69200 -15.91000 -6.42900 -5.90000 -14.30300 -18.99200 -7.21200 -9.42000 -15.87900 -19.67400 -19.83600
157.00000 -10.61000 -6.24600 -15.04500 -11.30200 -10.36600 -12.22700 -14.93300 -5.94100 -5.90000 -13.32600 -17.52700 -6.23600 -8.44300 -13.92600 -17.72100 -17.88300
158.00000 -8.65700 -5.75800 -13.58000 -9.83700 -9.87800 -10.27400 -13.46800 -4.96400 -5.90000 -11.86100 -15.57400 -5.25900 -7.95500 -11.97300 -15.76700 -15.44200
159.00000 -7.68000 -5.26900 -12.11500 -8.86000 -9.38900 -8.80900 -11.51500 -4.47600 -5.41200 -10.88500 -13.62100 -4.77100 -7.95500 -10.50800 -14.30300 -13.97700
160.00000 -6.70400 -4.78100 -10.65100 -7.88400 -8.41300 -7.83300 -10.05000 -3.98800 -5.41200 -9.90800 -12.64400 -4.28300 -7.95500 -10.02000 -13.81400 -13.48900
161.00000 -6.21500 -3.80500 -9.18600 -7.39500 -7.92400 -7.34500 -9.56200 -3.49900 -4.92400 -9.42000 -12.64400 -4.28300 -7.95500 -10.50800 -14.30300 -14.46500
162.00000 -5.72700 -3.31600 -8.20900 -7.39500 -6.94800 -7.34500 -9.07400 -3.01100 -4.43500 -8.93100 -13.13300 -3.30600 -7.95500 -10.50800 -14.79100 -15.44200
163.00000 -4.75100 -2.34000 -7.72100 -6.90700 -6.46000 -7.34500 -9.07400 -3.01100 -3.45900 -7.95500 -12.64400 -2.33000 -7.46700 -10.02000 -14.30300 -14.95400
164.00000 -3.77400 -1.85100 -7.23300 -6.41900 -5.97100 -7.34500 -9.07400 -2.52300 -2.48200 -7.46700 -12.15600 -1.35300 -6.97800 -9.04300 -13.81400 -13.97700
165.00000 -3.77400 -2.34000 -7.72100 -6.90700 -5.97100 -7.83300 -9.07400 -2.52300 -2.48200 -7.95500 -12.15600 -1.35300 -6.49000 -9.04300 -13.81400 -13.00000
166.00000 -3.77400 -3.31600 -8.20900 -6.90700 -5.97100 -8.32100 -9.56200 -2.52300 -2.48200 -8.93100 -12.64400 -1.84100 -6.49000 -9.53200 -14.30300 -13.00000
167.00000 -4.75100 -4.78100 -8.69800 -6.90700 -5.97100 -8.32100 -10.53900 -2.52300 -2.48200 -10.39600 -13.13300 -1.84100 -6.97800 -10.02000 -15.27900 -13.97700
168.00000 -5.23900 -5.75800 -8.69800 -7.39500 -5.97100 -7.83300 -11.02700 -2.52300 -2.97000 -10.88500 -13.13300 -1.84100 -6.49000 -10.99700 -15.76700 -14.95400
169.00000 -4.26200 -6.24600 -7.72100 -6.90700 -5.48300 -6.85600 -10.53900 -2.03500 -2.48200 -10.88500 -12.15600 -0.86500 -6.00200 -10.99700 -15.27900 -15.44200
170.00000 -2.79700 -5.26900 -6.25600 -5.93100 -5.48300 -6.36800 -9.07400 -1.05800 -2.97000 -10.39600 -9.22600 0.60000 -6.00200 -10.50800 -12.83800 -14.46500
171.00000 -0.84400 -3.80500 -4.79100 -4.95400 -5.48300 -6.36800 -6.63200 -0.08100 -2.97000 -10.39600 -5.32000 1.57700 -5.51400 -10.50800 -9.42000 -12.51200
172.00000 -0.35600 -3.31600 -4.30300 -4.46600 -5.97100 -7.34500 -4.19100 0.40700 -2.97000 -11.37300 -1.90200 3.04200 -5.02500 -10.02000 -6.00200 -10.07100
173.00000 -0.84400 -3.31600 -4.79100 -4.46600 -6.94800 -8.32100 -2.23800 0.89500 -2.97000 -12.34900 1.51600 4.01800 -4.04900 -9.04300 -2.58400 -6.65300
174.00000 -1.82100 -3.80500 -5.76800 -4.95400 -6.94800 -9.78600 -1.26100 0.40700 -2.97000 -12.34900 2.98100 4.50600 -2.58400 -7.09000 0.83400 -2.74700
175.00000 -2.30900 -3.31600 -6.74400 -5.44200 -6.46000 -9.78600 -1.26100 0.40700 -1.50600 -11.37300 2.98100 4.50600 -1.11900 -4.64900 3.27600 0.18300
176.00000 -1.33300 -0.87500 -6.74400 -4.95400 -4.99500 -8.80900 -2.23800 -0.08100 -0.52900 -10.39600 2.49200 4.01800 0.34600 -2.69600 3.76400 1.64800
177.00000 1.10900 3.52000 -5.28000 -3.97700 -3.53000 -7.83300 -2.72600 -1.05800 -0.04100 -8.93100 1.02700 3.04200 -0.14200 -2.20700 2.29900 0.67100
178.00000 3.06200 8.40300 -3.32600 -2.51300 -2.55300 -6.36800 -3.70300 -1.05800 -0.04100 -7.95500 -0.92600 1.57700 -1.11900 -3.18400 -0.14200 -2.25800
179.00000 4.52700 12.30900 -1.37300 -1.53600 -2.55300 -6.36800 -4.19100 -1.54600 -1.01700 -7.95500 -3.85500 1.08800 -3.07200 -5.62500 -3.56000 -6.16500
180.00000 5.01500 14.75000 0.09200 -1.04800 -2.55300 -4.90300 -4.67900 -1.05800 -1.01700 -7.95500 -5.80900 -0.37600 -4.04900 -7.57900 -7.46700 -9.58300
181.00000 5.99200 16.70300 1.55600 -0.55900 -2.55300 -3.43800 -4.67900 -0.57000 -1.01700 -7.46700 -7.76200 -0.37600 -5.02500 -8.55500 -9.90800 -11.53600
182.00000 7.94500 18.65600 3.02100 0.41700 -1.08800 -0.99700 -4.19100 0.40700 -1.01700 -6.49000 -8.25000 -0.37600 -5.51400 -8.55500 -11.37300 -12.51200
183.00000 10.87400 21.09800 4.97400 1.88200 0.37600 0.95600 -3.21500 1.38300 -0.52900 -5.02500 -8.25000 0.11200 -5.51400 -8.06700 -12.34900 -13.00000
184.00000 13.80400 24.02800 6.92700 3.34700 1.84100 2.42100 -1.75000 2.36000 -0.04100 -4.53700 -7.27300 1.08800 -6.00200 -8.06700 -12.34900 -13.48900
185.00000 15.26900 26.46900 8.39200 4.81200 3.30600 2.90900 -0.77300 3.33700 -0.52900 -4.53700 -6.29700 1.57700 -6.49000 -8.06700 -12.34900 -13.97700
186.00000 15.26900 27.93400 8.39200 5.78800 3.79400 2.90900 -0.28500 4.31300 -1.01700 -5.02500 -5.80900 2.06500 -6.00200 -8.55500 -11.37300 -13.48900
187.00000 14.29200 29.39900 8.39200 6.27600 4.28300 2.90900 -0.28500 4.80100 -1.50600 -5.51400 -5.32000 2.55300 -5.51400 -8.06700 -10.39600 -12.02400
188.00000 13.31600 29.88700 7.90400 6.76500 4.77100 3.88600 -0.28500 4.80100 -1.50600 -5.51400 -4.83200 3.04200 -5.02500 -7.57900 -8.93100 -10.07100
189.00000 14.29200 30.37500 8.88100 7.25300 5.25900 5.35100 0.69200 5.77800 -1.50600 -5.51400 -2.87900 4.01800 -5.02500 -6.60200 -7.46700 -8.60600
190.00000 16.24600 30.86300 10.83400 8.23000 5.74700 6.32700 3.13300 6.75500 -1.50600 -5.51400 -0.92600 4.99500 -4.53700 -6.11400 -5.02500 -7.14100
191.00000 17.71000 30.86300 12.78700 9.69400 5.74700 6.81600 5.08600 7.73100 -1.50600 -5.51400 0.53900 4.99500 -4.53700 -5.62500 -3.56000 -6.16500
192.00000 19.17500 29.88700 14.25200 10.67100 5.25900 5.83900 7.03900 7.73100 -1.50600 -5.51400 1.51600 5.48300 -4.04900 -5.62500 -2.58400 -6.65300
193.00000 18.68700 28.91000 13.76300 10.67100 5.25900 4.86200 6.55100 6.75500 -1.50600 -6.00200 1.02700 4.50600 -4.04900 -6.11400 -3.07200 -7.14100
194.00000 16.73400 27.93400 11.81000 9.69400 4.77100 3.88600 4.59800 5.29000 -1.01700 -6.00200 0.05100 3.04200 -4.04900 -5.62500 -3.56000 -7.62900
195.00000 15.26900 26.46900 8.88100 7.74100 4.28300 3.88600 1.66800 2.84800 -0.52900 -6.00200 -1.90200 1.57700 -4.53700 -6.11400 -4.53700 -8.11800
196.00000 13.31600 25.98100 5.95100 5.78800 3.79400 3.88600 -0.77300 0.89500 -0.52900 -6.00200 -3.36700 0.11200 -5.51400 -6.11400 -6.00200 -9.09400
197.00000 11.36300 25.00400 3.51000 4.32300 3.79400 3.88600 -2.72600 -0.08100 -0.52900 -6.00200 -5.80900 -0.86500 -6.49000 -7.09000 -7.46700 -10.07100
198.00000 9.89800 24.02800 1.06800 2.85800 2.81800 2.90900 -4.19100 -1.05800 -1.01700 -6.49000 -7.76200 -2.33000 -7.95500 -8.55500 -9.42000 -12.02400
199.00000 8.92100 23.05100 0.09200 2.37000 1.84100 2.42100 -5.65600 -1.54600 -1.99400 -7.46700 -10.20300 -3.79400 -8.93100 -10.02000 -11.86100 -13.48900
200.00000 8.43300 22.07400 -0.88500 2.37000 1.35300 2.42100 -6.63200 -2.03500 -2.48200 -7.95500 -12.64400 -5.25900 -9.90800 -11.48500 -14.30300 -15.44200
201.00000 8.92100 22.07400 -0.39700 3.34700 1.35300 2.90900 -7.60900 -2.03500 -2.97000 -8.44300 -14.59800 -6.72400 -10.88500 -12.46100 -16.74400 -16.90700
202.00000 9.41000 21.58600 0.09200 3.83500 0.86500 3.88600 -7.60900 -2.52300 -3.45900 -8.44300 -16.55100 -8.18900 -11.86100 -13.43800 -19.67400 -18.86000
203.00000 9.41000 21.09800 0.58000 3.83500 -0.11200 3.39800 -7.60900 -2.52300 -3.94700 -8.93100 -17.52700 -9.65400 -12.34900 -13.92600 -22.11500 -20.81300
204.00000 7.94500 20.12100 0.09200 3.34700 -1.57700 1.93300 -7.12100 -2.03500 -4.92400 -8.93100 -18.01600 -10.14200 -13.32600 -14.90300 -24.06800 -23.25400
205.00000 6.48000 18.65600 -1.37300 1.88200 -3.53000 -0.99700 -6.63200 -1.05800 -5.90000 -10.39600 -18.01600 -9.65400 -14.30300 -16.36800 -25.04500 -25.69600
206.00000 4.52700 17.19200 -2.35000 0.41700 -4.99500 -3.92700 -6.63200 -0.57000 -7.36500 -11.86100 -16.55100 -7.70100 -14.79100 -17.83200 -24.55600 -26.18400
207.00000 3.55000 16.70300 -2.83800 -0.55900 -5.48300 -4.90300 -6.14400 0.40700 -7.85300 -12.83800 -14.59800 -5.74700 -14.30300 -17.83200 -23.09200 -25.69600
208.00000 4.03800 17.19200 -1.86200 -0.07100 -4.50600 -4.41500 -4.67900 1.38300 -7.36500 -12.34900 -12.15600 -3.30600 -13.32600 -16.85600 -20.65000 -23.74300
209.00000 5.01500 18.16800 -0.39700 0.41700 -3.04200 -2.46200 -3.21500 1.87200 -6.38800 -10.88500 -9.71500 -1.35300 -11.86100 -13.92600 -18.69700 -21.30100
210.00000 5.99200 19.14500 1.06800 0.90500 -2.06500 -0.02000 -1.75000 2.36000 -5.41200 -7.95500 -7.76200 -0.37600 -9.90800 -10.50800 -16.74400 -18.86000
211.00000 5.99200 19.14500 1.55600 0.41700 -1.57700 0.46800 -0.28500 2.84800 -4.43500 -5.51400 -6.78500 0.11200 -7.95500 -7.57900 -14.30300 -16.41800
212.00000 5.50300 18.65600 2.04500 -0.07100 -2.06500 0.95600 0.69200 2.36000 -3.45900 -3.56000 -5.80900 0.60000 -6.49000 -5.13700 -11.86100 -14.46500
213.00000 5.01500 18.16800 2.04500 -1.04800 -3.04200 0.95600 1.18000 1.87200 -2.97000 -2.09600 -4.34400 1.08800 -5.51400 -4.16100 -9.90800 -12.02400
214.00000 5.50300 18.16800 3.02100 -1.04800 -3.04200 1.44400 2.15700 1.87200 -2.48200 -1.60700 -2.87900 2.06500 -5.02500 -4.16100 -7.95500 -10.55900
215.00000 6.96800 18.65600 4.48600 -0.07100 -2.06500 2.90900 3.13300 2.84800 -1.50600 -1.11900 -1.90200 2.55300 -4.04900 -4.16100 -6.49000 -10.07100
216.00000 8.43300 20.12100 6.43900 0.90500 -1.08800 4.37400 4.59800 2.84800 -1.01700 -0.63100 -1.41400 2.06500 -4.04900 -4.64900 -6.49000 -10.07100
217.00000 9.89800 21.58600 7.90400 1.88200 -0.11200 5.35100 5.08600 3.33700 -0.04100 -0.63100 -1.90200 1.57700 -3.56000 -4.64900 -6.49000 -9.58300
218.00000 10.38600 22.56300 8.39200 1.88200 -0.11200 5.35100 4.59800 2.84800 0.44800 -0.63100 -2.39100 1.08800 -3.56000 -5.13700 -6.49000 -9.58300
219.00000 9.89800 23.05100 7.90400 1.88200 -0.11200 4.37400 2.64500 2.36000 0.44800 -1.11900 -2.87900 0.60000 -3.56000 -5.62500 -6.49000 -9.09400
220.00000 9.41000 23.53900 6.92700 0.90500 -0.60000 4.37400 0.69200 1.38300 -0.04100 -1.11900 -3.85500 0.11200 -4.53700 -6.11400 -6.97800 -9.58300
221.00000 8.92100 23.53900 5.46300 0.41700 -0.60000 4.86200 -1.75000 0.40700 -0.04100 -1.60700 -4.83200 0.11200 -5.51400 -7.57900 -8.44300 -11.53600
222.00000 8.43300 23.53900 3.51000 -0.07100 -0.11200 5.35100 -3.21500 -0.08100 -0.52900 -1.60700 -6.29700 -0.37600 -6.97800 -8.55500 -10.39600 -13.97700
223.00000 7.94500 23.05100 1.55600 -0.07100 0.37600 5.35100 -5.16800 -1.05800 -1.01700 -1.60700 -8.25000 -1.35300 -7.95500 -10.02000 -11.86100 -15.44200
224.00000 6.96800 23.05100 -0.39700 -0.07100 1.35300 5.83900 -6.63200 -1.54600 -1.50600 -2.09600 -9.71500 -1.84100 -8.93100 -10.99700 -11.86100 -15.93000
225.00000 6.48000 23.05100 -0.88500 -0.07100 2.33000 6.32700 -7.60900 -2.03500 -1.50600 -2.58400 -10.69100 -2.33000 -8.93100 -10.99700 -11.37300 -14.95400
226.00000 7.45600 24.51600 -0.39700 0.90500 3.79400 7.30400 -7.60900 -2.52300 -1.01700 -2.58400 -10.69100 -2.81800 -8.44300 -10.50800 -10.39600 -13.97700
227.00000 8.92100 26.46900 1.06800 1.88200 5.25900 9.25700 -7.12100 -3.01100 -0.52900 -1.60700 -10.20300 -3.30600 -7.95500 -9.04300 -9.90800 -13.48900
228.00000 10.87400 27.93400 2.53300 2.37000 6.23600 10.72200 -5.65600 -3.49900 -0.04100 0.34600 -10.69100 -4.28300 -7.95500 -7.57900 -10.39600 -14.46500
229.00000 11.85100 29.39900 3.02100 2.37000 6.23600 11.21000 -5.16800 -3.49900 -0.04100 1.81100 -11.18000 -5.25900 -7.95500 -6.60200 -11.86100 -15.44200
230.00000 11.85100 29.39900 2.04500 1.88200 5.74700 10.23400 -5.16800 -3.98800 -0.52900 2.29900 -12.64400 -7.21200 -8.93100 -6.11400 -13.81400 -16.41800
231.00000 11.36300 29.39900 1.55600 1.39400 5.25900 9.25700 -5.65600 -3.98800 -1.01700 1.32200 -13.62100 -8.67700 -10.39600 -6.60200 -15.27900 -16.90700
232.00000 10.87400 29.39900 0.58000 1.88200 4.77100 7.79200 -6.63200 -3.98800 -1.50600 -0.14200 -14.10900 -9.65400 -11.37300 -8.06700 -15.76700 -16.41800
233.00000 10.87400 29.39900 1.06800 2.37000 4.28300 6.81600 -6.63200 -3.01100 -1.50600 -2.09600 -13.62100 -9.65400 -12.34900 -9.53200 -16.25600 -17.39500
234.00000 11.36300 29.39900 1.06800 3.34700 4.28300 5.83900 -7.12100 -2.52300 -1.99400 -4.04900 -13.62100 -9.16500 -12.83800 -11.97300 -16.74400 -18.37200
235.00000 10.87400 27.93400 1.06800 3.83500 3.79400 3.88600 -7.60900 -2.03500 -2.48200 -6.00200 -13.62100 -8.67700 -12.83800 -13.43800 -17.23200 -19.34800
236.00000 9.41000 25.00400 -0.39700 3.34700 2.33000 1.93300 -8.09700 -2.03500 -2.97000 -7.95500 -13.13300 -7.21200 -12.34900 -14.41400 -16.74400 -19.34800
237.00000 7.45600 21.58600 -2.35000 1.88200 0.86500 -0.50900 -8.58600 -1.54600 -2.97000 -9.42000 -12.64400 -5.74700 -10.88500 -13.92600 -15.27900 -17.39500
238.00000 5.50300 19.14500 -3.32600 0.90500 -0.60000 -2.95000 -8.09700 -1.05800 -2.48200 -10.39600 -10.20300 -3.30600 -7.95500 -12.46100 -12.34900 -13.97700
239.00000 4.52700 18.65600 -3.81500 0.41700 -0.60000 -3.92700 -7.12100 -0.57000 -1.99400 -10.39600 -6.78500 -0.37600 -4.53700 -9.04300 -8.93100 -10.07100
240.00000 4.52700 19.63300 -3.32600 -0.07100 -0.60000 -3.92700 -4.67900 0.40700 -1.01700 -8.93100 -3.36700 3.04200 -1.60700 -5.62500 -5.51400 -6.65300
241.00000 5.01500 21.58600 -2.83800 -0.07100 -0.11200 -2.95000 -2.72600 1.38300 -0.04100 -7.46700 -0.92600 5.48300 0.83400 -2.69600 -1.60700 -3.72300
242.00000 5.50300 22.56300 -2.83800 0.41700 0.37600 -1.97300 -1.26100 1.87200 0.44800 -5.51400 1.02700 6.94800 2.29900 -0.74300 0.83400 -0.79300
243.00000 6.48000 23.53900 -2.35000 0.41700 0.86500 -1.48500 0.20300 2.84800 0.93600 -4.53700 2.00400 7.92400 3.76400 0.72200 3.27600 1.16000
244.00000 7.94500 24.02800 -1.37300 1.39400 1.35300 -0.50900 1.18000 3.33700 1.91200 -3.07200 2.98100 8.41300 4.74000 2.18700 5.22900 3.60100
245.00000 9.89800 24.51600 1.06800 2.37000 2.33000 0.46800 3.13300 4.31300 3.37700 -1.60700 3.95700 8.41300 5.22900 3.65200 5.71700 5.06600
246.00000 12.33900 26.46900 3.99800 3.83500 2.33000 2.42100 5.08600 4.80100 3.86600 0.34600 4.44500 8.41300 5.22900 5.60500 6.20500 6.04200
247.00000 14.78100 28.91000 7.41600 5.30000 2.81800 4.86200 7.03900 4.80100 3.86600 2.29900 4.93400 8.41300 4.74000 6.58200 6.20500 6.04200
248.00000 17.71000 30.86300 10.34500 5.78800 2.81800 7.30400 8.99300 5.29000 3.37700 4.25200 4.93400 8.41300 4.25200 6.58200 5.71700 6.04200
249.00000 19.17500 32.81700 11.81000 5.30000 2.33000 9.25700 9.48100 5.29000 2.88900 5.22900 4.44500 7.92400 2.78700 6.58200 5.22900 5.06600
250.00000 19.66300 32.81700 12.29900 4.81200 1.84100 9.74500 9.48100 5.29000 2.40100 6.20500 3.95700 6.94800 1.81100 5.60500 4.25200 3.60100
251.00000 19.17500 31.84000 11.81000 4.32300 1.84100 8.76900 9.48100 5.29000 2.40100 5.71700 3.46900 5.97100 0.83400 4.62800 2.78700 1.64800
252.00000 18.19900 30.37500 10.83400 3.83500 1.35300 7.30400 8.50400 4.80100 1.91200 4.74000 2.98100 5.48300 -1.11900 3.16400 1.32200 -0.30500
253.00000 16.73400 28.42200 10.83400 3.83500 0.37600 5.35100 8.01600 4.80100 0.93600 2.78700 1.51600 3.53000 -3.07200 1.21100 -1.11900 -3.23500
254.00000 15.26900 26.95700 10.34500 4.81200 -0.11200 3.88600 7.03900 4.80100 -0.52900 0.83400 0.05100 2.06500 -5.02500 -1.23100 -4.04900 -6.16500
255.00000 14.29200 26.46900 10.34500 4.81200 -0.60000 3.39800 6.06300 5.29000 -1.99400 -1.11900 -1.41400 1.08800 -6.97800 -4.16100 -6.97800 -9.58300
256.00000 13.31600 25.49200 9.85700 5.30000 -0.60000 3.39800 5.08600 5.77800 -2.48200 -2.09600 -2.87900 1.08800 -7.95500 -6.11400 -9.42000 -12.02400
