1.00000 -3.55000 -2.34000 -5.18800 -1.47500 -1.02700 -4.53700 -1.33300 -0.30500 -4.11000 -4.56700 -0.94600 -1.05800 -6.99900 -10.81300 -3.54000 -8.82000
2.00000 -4.52700 -2.34000 -5.67600 -2.45200 -1.51600 -5.02500 -0.84400 0.18300 -3.13300 -4.07900 -0.45800 -0.57000 -5.04600 -8.86000 -3.54000 -7.35500
3.00000 -4.52700 -2.34000 -6.16500 -2.94000 -1.51600 -5.02500 -0.35600 0.67100 -2.15700 -4.56700 0.03100 0.40700 -3.09200 -6.90700 -2.56300 -5.40200
4.00000 -4.52700 -2.34000 -6.16500 -3.42800 -1.51600 -4.53700 0.13200 0.67100 -0.20300 -4.56700 1.00700 0.89500 -0.65100 -3.97700 -2.07500 -3.93700
5.00000 -4.52700 -2.82800 -5.67600 -3.91600 -2.00400 -4.53700 0.13200 0.67100 1.75000 -4.07900 1.98400 1.87200 1.79000 -1.04800 -0.61000 -1.49500
6.00000 -5.50300 -4.78100 -6.16500 -4.40500 -2.98100 -5.51400 0.13200 0.67100 2.72600 -3.59100 3.93700 3.82500 4.23200 1.88200 1.83100 1.43400
7.00000 -7.45600 -6.24600 -6.65300 -5.38100 -4.44500 -7.46700 0.62100 1.64800 3.21500 -1.63800 5.89000 6.26600 7.16100 4.81200 4.76100 5.34100
8.00000 -9.41000 -8.19900 -8.11800 -6.84600 -6.88700 -10.39600 0.62100 2.13600 3.21500 -0.17300 7.84300 9.19600 10.09100 7.25300 7.69000 8.75900
9.00000 -11.85100 -9.66400 -9.58300 -8.31100 -8.84000 -13.81400 1.10900 2.13600 2.72600 0.31500 8.82000 10.17300 12.04400 8.71800 9.15500 11.20000
10.00000 -14.78100 -11.61700 -11.04700 -9.28800 -10.30500 -16.74400 0.62100 2.13600 2.72600 0.31500 8.33100 10.17300 12.53300 9.69400 8.17900 11.20000
11.00000 -15.75700 -13.57000 -12.02400 -9.77600 -10.79300 -18.20900 -0.35600 1.64800 3.21500 -1.14900 6.37800 8.21900 12.04400 9.20600 5.73700 9.73500
12.00000 -15.26900 -14.05800 -11.04700 -8.79900 -9.32800 -16.74400 -0.84400 0.67100 4.19100 -2.12600 4.42500 6.26600 10.57900 9.20600 2.80800 7.29400
13.00000 -11.85100 -11.61700 -8.60600 -6.35800 -6.39900 -13.32600 -0.84400 0.18300 4.67900 -1.63800 2.47200 4.31300 8.62600 8.23000 0.85400 4.85200
14.00000 -5.99200 -6.24600 -4.21100 -2.94000 -2.00400 -8.44300 0.13200 0.18300 5.65600 -0.17300 1.98400 2.84800 7.65000 7.25300 0.85400 3.87600
15.00000 0.35600 1.07800 -0.30500 0.47800 1.90200 -3.07200 2.57400 0.67100 5.16800 1.78000 2.47200 2.36000 6.18500 6.27600 1.34300 3.87600
16.00000 5.23900 7.42600 2.62500 3.40800 5.32000 1.32200 4.03800 1.16000 5.65600 3.24500 2.96000 1.87200 5.20800 5.30000 2.31900 4.36400
17.00000 7.19200 10.84400 4.08900 4.87300 6.78500 3.27600 5.01500 0.67100 4.67900 3.24500 3.44800 0.89500 3.74300 3.83500 2.80800 4.36400
18.00000 8.16900 12.30900 4.08900 5.36100 6.78500 3.27600 5.01500 0.18300 3.70300 3.24500 3.44800 0.40700 2.76700 2.85800 2.80800 3.87600
19.00000 8.16900 13.28500 4.57800 5.36100 6.78500 3.27600 5.01500 -0.30500 3.21500 3.24500 3.44800 -0.08100 1.30200 1.88200 3.29600 3.38700
20.00000 8.65700 14.26200 5.55400 5.36100 6.78500 2.78700 5.01500 -0.79300 2.23800 3.73300 3.93700 0.40700 -0.16300 0.90500 3.29600 2.89900
21.00000 9.14500 15.72700 6.04200 4.87300 6.78500 1.81100 5.99200 -0.79300 0.77300 3.73300 4.91300 1.38300 -1.13900 -0.07100 4.27200 1.92300
22.00000 8.65700 15.23800 5.55400 4.38400 4.83200 -1.11900 6.48000 0.18300 -1.18000 1.78000 6.37800 2.36000 -2.60400 -1.04800 5.24900 1.43400
23.00000 6.70400 12.30900 4.57800 3.40800 2.39100 -5.51400 6.96800 1.64800 -4.11000 -1.14900 7.35500 3.82500 -4.06900 -2.51300 5.24900 0.94600
24.00000 4.75100 7.91400 3.11300 2.43100 -0.05100 -9.90800 6.96800 3.11300 -6.06300 -4.56700 7.35500 4.31300 -5.04600 -3.48900 4.27200 -0.03100
25.00000 3.77400 4.49600 1.64800 1.94300 -1.51600 -11.86100 6.96800 3.60100 -7.03900 -5.54400 5.89000 3.82500 -5.04600 -3.00100 2.31900 -1.49500
26.00000 4.75100 4.49600 1.64800 1.94300 -0.53900 -8.93100 6.48000 3.60100 -5.57500 -3.59100 4.42500 2.36000 -5.53400 -2.51300 -0.12200 -2.96000
27.00000 6.70400 6.93800 1.16000 2.43100 1.41400 -2.58400 5.99200 3.11300 -3.13300 -0.17300 2.47200 0.89500 -5.04600 -2.02400 -2.56300 -3.93700
28.00000 7.19200 9.37900 0.67100 1.94300 3.85500 3.27600 5.50300 2.62500 -0.20300 2.26800 1.00700 -0.57000 -4.55700 -1.53600 -4.02800 -4.91300
29.00000 6.21500 9.86700 -0.30500 1.45500 4.83200 5.22900 4.52700 2.13600 2.23800 3.24500 0.03100 -1.05800 -3.58100 -1.53600 -5.00500 -4.91300
30.00000 3.77400 7.91400 -0.79300 0.96600 4.34400 3.27600 3.55000 2.62500 3.21500 2.75700 0.51900 -0.57000 -2.11600 -1.04800 -5.00500 -4.42500
31.00000 1.82100 5.47300 -0.79300 0.96600 2.87900 -0.63100 3.55000 3.11300 4.19100 1.78000 1.98400 1.38300 -0.16300 -0.07100 -4.02800 -2.96000
32.00000 1.82100 4.49600 -0.30500 0.96600 2.39100 -3.07200 4.03800 4.08900 4.67900 2.26800 3.93700 2.36000 2.27900 2.37000 -2.56300 -1.98400
33.00000 2.79700 4.98500 0.67100 0.47800 1.90200 -2.58400 5.01500 4.57800 5.65600 4.71000 5.40200 3.33700 4.23200 5.30000 -1.09900 -1.00700
34.00000 4.26200 6.44900 0.67100 0.47800 1.90200 -0.63100 5.50300 4.08900 6.14400 7.64000 5.89000 3.33700 5.69700 7.74100 -1.09900 -0.03100
35.00000 4.75100 6.93800 -0.30500 -0.49800 1.90200 0.83400 5.01500 3.11300 6.63200 9.59300 5.40200 2.84800 7.16100 9.20600 -1.58700 0.94600
36.00000 4.26200 6.44900 -1.77000 -0.98700 0.92600 0.34600 4.03800 2.13600 6.63200 10.08100 4.91300 2.36000 8.13800 10.67100 -1.09900 2.41100
37.00000 3.77400 5.47300 -1.77000 -1.47500 -0.05100 -2.58400 3.55000 1.16000 6.63200 9.10400 4.91300 2.36000 9.11500 11.64800 -0.61000 4.85200
38.00000 4.26200 5.47300 -1.77000 -0.49800 -0.53900 -5.02500 3.55000 0.67100 6.63200 7.64000 5.40200 1.87200 10.09100 12.13600 0.36600 6.31700
39.00000 5.72700 6.93800 -0.79300 -0.01000 -0.05100 -5.51400 4.52700 0.18300 7.12100 6.66300 5.89000 1.87200 10.09100 12.62400 1.34300 6.31700
40.00000 7.68000 9.37900 0.18300 0.96600 1.41400 -4.04900 5.01500 -0.79300 7.60900 6.66300 5.40200 0.89500 9.11500 11.64800 0.36600 4.85200
41.00000 9.63300 11.82000 1.16000 1.94300 3.36700 -2.09600 5.50300 -1.77000 7.60900 8.12800 3.44800 -1.05800 7.16100 10.18300 -1.58700 1.92300
42.00000 11.09800 13.28500 2.62500 3.40800 5.32000 0.34600 5.50300 -2.25800 7.60900 9.10400 0.51900 -2.52300 5.69700 8.23000 -4.51700 -1.00700
43.00000 11.58700 13.77400 4.08900 5.36100 6.78500 1.32200 5.01500 -1.77000 7.60900 9.59300 -1.92300 -3.98800 3.74300 5.78800 -6.95800 -2.96000
44.00000 12.56300 13.77400 5.55400 6.82600 8.25000 0.83400 4.52700 -1.28200 6.63200 8.61600 -3.38700 -3.98800 1.79000 3.83500 -8.42300 -4.42500
45.00000 12.07500 13.28500 6.53100 7.31400 7.76200 0.34600 4.52700 0.18300 4.19100 5.68600 -4.36400 -3.49900 -0.16300 0.41700 -8.91100 -5.89000
46.00000 11.58700 11.82000 6.53100 6.82600 6.29700 -0.63100 4.52700 1.16000 1.26100 1.29200 -4.36400 -3.49900 -3.09200 -3.00100 -8.91100 -7.35500
47.00000 10.12200 9.86700 5.06600 5.36100 3.85500 -1.11900 4.03800 2.13600 -2.15700 -3.10300 -4.85200 -3.01100 -6.02200 -6.90700 -9.39900 -9.79600
48.00000 8.65700 7.42600 4.08900 4.38400 1.41400 -2.09600 3.06200 2.13600 -5.57500 -6.52100 -5.34100 -3.01100 -8.46400 -10.32500 -10.37600 -11.74900
49.00000 8.65700 6.44900 3.60100 3.40800 -0.05100 -2.58400 3.06200 2.13600 -7.52800 -7.49700 -5.82900 -3.49900 -9.44000 -11.79000 -10.37600 -12.23800
50.00000 9.14500 6.93800 4.57800 3.40800 -0.53900 -2.58400 3.55000 2.13600 -8.01600 -6.03200 -5.34100 -3.01100 -9.44000 -11.79000 -8.91100 -11.74900
51.00000 11.09800 8.89100 6.53100 3.89600 -0.53900 -2.58400 5.01500 2.62500 -7.52800 -3.59100 -3.87600 -2.03500 -8.95200 -10.32500 -6.47000 -9.79600
52.00000 13.05100 10.84400 8.48400 4.38400 -0.53900 -2.58400 6.96800 2.62500 -6.06300 -1.14900 -1.92300 -1.54600 -7.97500 -8.37200 -4.51700 -8.33100
53.00000 14.02800 12.30900 9.94900 4.38400 -0.53900 -1.60700 8.43300 3.11300 -5.08600 0.80400 0.03100 -0.57000 -6.99900 -6.41900 -2.56300 -7.35500
54.00000 14.51600 13.28500 10.43700 4.38400 -0.05100 -0.63100 8.92100 3.11300 -3.62100 1.29200 0.51900 -1.05800 -6.02200 -5.44200 -2.56300 -6.86600
55.00000 14.02800 13.28500 9.94900 4.38400 1.41400 0.83400 8.43300 3.11300 -1.66800 1.78000 0.03100 -1.05800 -5.04600 -4.46600 -3.05200 -6.37800
56.00000 13.54000 13.77400 9.46000 3.89600 3.36700 2.29900 7.45600 3.11300 0.28500 3.24500 -0.45800 -1.05800 -3.58100 -3.97700 -3.05200 -5.89000
57.00000 13.05100 13.77400 7.99600 3.40800 5.32000 3.27600 7.45600 3.11300 2.72600 4.71000 0.03100 -0.57000 -2.11600 -2.51300 -2.07500 -4.42500
58.00000 12.07500 14.26200 7.50700 3.40800 6.78500 3.76400 7.45600 3.60100 4.67900 7.15100 1.98400 0.40700 -0.16300 -0.55900 -0.61000 -2.96000
59.00000 12.56300 14.75000 7.01900 3.40800 6.78500 3.76400 7.94500 4.08900 6.14400 9.10400 3.93700 1.38300 1.30200 1.39400 1.34300 -1.00700
60.00000 13.05100 14.75000 8.48400 4.87300 6.78500 4.25200 8.92100 4.57800 6.63200 10.56900 6.37800 2.84800 2.76700 3.34700 3.29600 0.45800
61.00000 14.51600 14.26200 9.94900 5.84900 6.78500 4.74000 9.41000 5.06600 7.12100 10.56900 7.35500 3.82500 4.23200 4.32300 4.76100 2.41100
62.00000 15.98100 14.75000 10.92500 6.82600 7.27300 4.74000 9.89800 5.06600 7.60900 10.08100 8.33100 4.80100 4.72000 5.30000 6.22600 4.36400
63.00000 16.46900 14.75000 10.92500 6.82600 6.78500 4.74000 9.41000 4.08900 7.60900 9.10400 9.30800 4.80100 5.69700 5.78800 7.20200 5.82900
64.00000 15.98100 14.75000 8.97200 5.84900 6.29700 4.25200 8.92100 2.62500 7.60900 8.12800 9.30800 4.31300 5.69700 5.78800 7.69000 6.80500
65.00000 15.00400 13.77400 7.50700 3.89600 5.32000 3.76400 7.45600 0.67100 7.12100 6.66300 9.30800 3.82500 5.69700 6.27600 7.69000 6.31700
66.00000 13.05100 11.82000 6.04200 2.43100 3.36700 3.27600 5.50300 -1.28200 6.63200 5.68600 7.84300 2.36000 5.20800 5.78800 6.71400 5.82900
67.00000 12.07500 9.86700 5.55400 1.45500 2.39100 2.78700 4.03800 -2.25800 5.65600 5.19800 6.37800 1.38300 5.20800 5.78800 5.24900 4.85200
68.00000 11.09800 8.40300 5.55400 0.96600 1.41400 1.32200 3.55000 -2.74700 4.67900 5.19800 4.91300 0.89500 4.72000 4.81200 4.27200 4.85200
69.00000 10.61000 7.42600 5.55400 0.47800 0.92600 -0.14200 3.55000 -1.77000 3.70300 5.19800 4.42500 1.87200 4.23200 4.32300 4.27200 4.85200
70.00000 9.63300 6.44900 4.57800 -0.49800 0.92600 -1.60700 4.03800 -0.79300 2.72600 5.19800 3.93700 2.84800 3.25500 3.34700 4.27200 4.85200
71.00000 9.14500 6.93800 3.11300 -0.98700 0.92600 -1.60700 4.03800 0.18300 1.75000 4.22200 4.42500 3.33700 2.27900 2.85800 4.27200 4.36400
72.00000 8.65700 7.91400 2.62500 -0.98700 1.41400 -0.63100 3.55000 1.16000 0.77300 3.24500 4.42500 2.84800 -0.16300 1.88200 3.29600 3.38700
73.00000 9.14500 9.37900 2.62500 -0.01000 1.41400 0.34600 3.06200 1.16000 -0.20300 1.29200 3.44800 1.87200 -1.13900 0.41700 1.83100 1.43400
74.00000 9.63300 10.35600 3.11300 0.96600 1.41400 0.83400 2.57400 1.64800 -1.66800 -0.17300 2.96000 0.89500 -3.09200 -1.04800 1.34300 -0.03100
75.00000 10.61000 10.84400 2.62500 1.94300 0.92600 -0.63100 2.57400 2.13600 -3.13300 -0.66100 2.47200 0.89500 -4.06900 -2.51300 0.85400 -0.03100
76.00000 11.09800 10.35600 2.62500 1.45500 -0.53900 -3.07200 3.55000 3.11300 -3.62100 0.31500 3.44800 1.87200 -3.58100 -2.02400 2.31900 0.94600
77.00000 11.58700 10.35600 2.62500 1.45500 -1.51600 -5.02500 5.50300 4.57800 -3.62100 2.75700 5.89000 4.31300 -1.13900 0.41700 5.24900 4.36400
78.00000 12.56300 10.84400 3.60100 1.45500 -2.00400 -5.02500 7.45600 6.04200 -3.13300 5.19800 8.33100 6.75500 1.79000 4.32300 9.15500 8.27000
79.00000 13.54000 11.33200 5.06600 2.43100 -2.49200 -3.56000 9.89800 7.01900 -1.66800 6.66300 11.26100 9.68400 4.72000 8.71800 12.08500 11.68800
80.00000 14.02800 11.82000 6.53100 3.40800 -2.00400 -1.60700 11.36300 7.99600 -0.20300 7.15100 13.21400 11.14900 6.67300 12.13600 14.03800 14.61800
81.00000 13.54000 10.84400 6.53100 3.89600 -2.00400 -0.63100 12.33900 7.99600 0.77300 6.17500 13.21400 11.14900 7.65000 13.11200 14.03800 15.59400
82.00000 11.58700 9.37900 5.55400 2.92000 -2.00400 -2.09600 11.85100 7.50700 1.75000 6.17500 12.23800 9.68400 7.16100 12.13600 13.06200 14.61800
83.00000 10.12200 7.42600 4.08900 1.94300 -2.00400 -3.56000 10.87400 7.01900 2.23800 6.17500 10.77300 8.21900 6.67300 10.18300 10.13200 12.66500
84.00000 10.12200 7.91400 4.57800 1.45500 -1.02700 -3.56000 10.38600 6.04200 3.21500 7.15100 9.30800 6.75500 5.69700 8.23000 8.17900 10.22300
85.00000 12.56300 10.35600 7.01900 2.43100 0.92600 -1.60700 10.38600 5.55400 4.67900 8.61600 8.33100 5.29000 5.20800 7.74100 6.71400 8.75900
86.00000 15.98100 14.26200 9.94900 3.89600 2.87900 2.29900 10.38600 4.08900 6.14400 8.61600 7.35500 4.31300 5.20800 7.74100 6.22600 8.27000
87.00000 17.93400 16.70300 11.41400 4.87300 4.83200 5.71700 9.41000 3.11300 7.12100 7.15100 6.37800 2.84800 5.20800 7.25300 5.24900 7.78200
88.00000 17.44600 15.72700 8.97200 4.38400 4.83200 5.71700 6.96800 0.67100 8.09700 6.17500 4.42500 0.40700 4.72000 5.78800 3.78400 6.80500
89.00000 14.02800 11.82000 4.08900 1.94300 3.36700 2.29900 3.55000 -1.28200 7.60900 4.22200 1.49500 -1.54600 3.74300 3.83500 0.36600 3.87600
90.00000 10.12200 6.93800 -0.79300 -0.49800 1.41400 -2.58400 0.13200 -3.23500 6.63200 2.26800 -2.41100 -3.98800 2.27900 0.90500 -3.54000 -0.03100
91.00000 7.19200 3.52000 -4.21100 -2.45200 -0.53900 -6.97800 -2.79700 -4.70000 4.67900 1.29200 -4.85200 -5.45200 0.32600 -2.02400 -6.47000 -4.42500
92.00000 6.21500 3.52000 -5.18800 -3.42800 -2.49200 -9.42000 -4.26200 -5.67600 3.70300 -0.17300 -5.82900 -5.45200 -1.13900 -3.48900 -7.44600 -5.89000
93.00000 6.70400 4.49600 -4.21100 -3.42800 -4.44500 -9.90800 -4.75100 -5.67600 2.23800 -1.63800 -5.34100 -4.96400 -1.13900 -3.97700 -6.47000 -5.89000
94.00000 6.21500 4.98500 -3.23500 -3.42800 -5.91000 -9.90800 -3.77400 -4.21100 0.77300 -2.61400 -3.38700 -3.01100 -0.16300 -3.97700 -4.02800 -3.44800
95.00000 4.75100 3.52000 -2.74700 -4.40500 -7.37500 -10.39600 -2.79700 -2.25800 -0.20300 -4.56700 -0.94600 -0.57000 -0.16300 -3.48900 -1.58700 -1.00700
96.00000 3.28600 1.07800 -3.23500 -3.91600 -8.35200 -11.37300 -0.84400 0.18300 -1.18000 -6.03200 1.49500 1.87200 0.32600 -3.97700 -0.12200 -0.03100
97.00000 2.79700 -0.87500 -3.23500 -3.91600 -8.84000 -12.83800 0.62100 2.13600 -2.64500 -7.00900 2.96000 3.82500 -0.16300 -4.95400 0.36600 -1.00700
98.00000 3.28600 -0.87500 -2.74700 -3.91600 -8.84000 -13.81400 2.08500 3.11300 -3.62100 -7.98500 3.44800 4.80100 -1.62800 -6.41900 -1.09900 -2.96000
99.00000 3.77400 0.59000 -1.77000 -3.91600 -8.35200 -14.30300 2.57400 3.11300 -4.59800 -8.96200 2.96000 4.31300 -3.58100 -8.37200 -2.07500 -5.89000
100.00000 4.26200 2.05500 -1.28200 -3.42800 -7.86300 -14.79100 2.08500 2.62500 -5.57500 -8.96200 2.96000 3.82500 -5.04600 -9.83700 -3.05200 -7.35500
101.00000 4.75100 3.03100 -0.30500 -2.45200 -6.88700 -14.30300 2.57400 3.11300 -6.06300 -9.45000 3.44800 4.31300 -6.51000 -10.32500 -3.05200 -7.84300
102.00000 6.21500 3.52000 1.64800 -0.49800 -5.91000 -12.83800 4.52700 4.57800 -6.55100 -8.96200 5.89000 5.29000 -6.99900 -9.34900 -1.58700 -6.86600
103.00000 9.14500 4.49600 5.06600 2.43100 -3.95700 -10.39600 7.94500 7.01900 -6.06300 -7.00900 9.30800 7.73100 -6.51000 -6.90700 0.85400 -4.91300
104.00000 12.56300 6.44900 8.48400 5.36100 -2.00400 -7.46700 12.82800 9.94900 -5.08600 -3.59100 13.21400 9.19600 -5.04600 -3.97700 3.29600 -1.98400
105.00000 15.98100 8.40300 11.90200 7.80200 -1.02700 -3.56000 16.24600 10.92500 -4.59800 -0.17300 16.14400 10.66100 -3.58100 -1.04800 5.73700 0.45800
106.00000 17.44600 10.35600 13.36700 8.77900 -0.53900 -0.14200 17.22200 11.41400 -3.13300 3.24500 16.63200 10.66100 -1.62800 1.88200 7.20200 3.38700
107.00000 17.44600 10.84400 13.36700 8.77900 -0.05100 2.78700 16.73400 10.43700 -1.66800 6.17500 15.65600 10.17300 0.81400 4.32300 7.20200 5.34100
108.00000 16.46900 10.35600 12.39000 8.29100 0.43700 3.76400 14.78100 9.46000 0.77300 8.12800 13.70200 9.19600 3.25500 7.25300 7.20200 7.29400
109.00000 15.98100 9.86700 11.41400 7.80200 1.90200 3.76400 13.31600 8.48400 3.21500 9.59300 12.23800 8.70800 5.69700 9.69400 7.20200 7.78200
110.00000 15.98100 9.86700 11.41400 7.80200 2.87900 3.27600 13.31600 7.50700 5.65600 10.56900 11.26100 8.21900 7.16100 11.15900 7.20200 8.27000
111.00000 16.46900 10.84400 11.90200 7.31400 3.85500 2.78700 13.31600 6.04200 7.60900 10.56900 11.74900 7.73100 7.65000 10.67100 7.20200 8.27000
112.00000 15.98100 11.33200 11.90200 6.33700 3.36700 3.27600 13.31600 4.57800 8.58600 10.08100 12.23800 7.24300 8.13800 9.20600 7.20200 7.29400
113.00000 14.51600 11.33200 10.43700 4.38400 1.90200 4.25200 11.36300 2.13600 8.58600 8.12800 10.77300 6.26600 7.65000 6.76500 6.22600 5.82900
114.00000 13.05100 10.35600 7.50700 2.43100 0.92600 5.22900 8.43300 -0.30500 7.60900 6.17500 8.33100 4.31300 6.18500 4.32300 4.27200 3.87600
115.00000 11.58700 8.89100 4.08900 0.96600 0.43700 4.74000 4.52700 -2.74700 7.12100 4.22200 4.42500 1.38300 4.72000 2.37000 0.85400 0.45800
116.00000 10.61000 6.93800 1.16000 -0.01000 0.43700 2.78700 0.62100 -5.18800 6.63200 3.24500 0.03100 -2.03500 2.76700 -0.07100 -3.05200 -3.44800
117.00000 9.63300 5.96100 -0.30500 -0.49800 0.92600 -0.14200 -2.30900 -6.65300 5.65600 2.26800 -4.36400 -4.96400 0.81400 -2.02400 -6.95800 -5.89000
118.00000 9.63300 5.96100 -0.30500 -0.98700 0.43700 -3.07200 -3.77400 -7.14100 4.67900 2.26800 -6.80500 -6.42900 -0.16300 -3.48900 -8.42300 -7.35500
119.00000 9.14500 6.44900 -0.30500 -0.49800 -1.02700 -4.53700 -3.77400 -6.16500 3.21500 1.29200 -7.78200 -6.91700 -1.13900 -3.97700 -8.91100 -6.86600
120.00000 9.14500 6.93800 -0.30500 -0.49800 -2.00400 -5.02500 -3.28600 -4.21100 1.26100 -0.66100 -7.29400 -5.94100 -1.13900 -4.46600 -8.42300 -6.37800
121.00000 8.65700 6.93800 -0.79300 -0.49800 -3.46900 -4.04900 -2.30900 -2.74700 -0.20300 -2.61400 -6.31700 -4.96400 -2.11600 -4.95400 -7.93500 -6.86600
122.00000 8.16900 5.96100 -0.79300 -0.98700 -4.44500 -3.56000 -2.30900 -1.77000 -1.18000 -3.59100 -5.82900 -4.47600 -3.58100 -5.93100 -8.42300 -8.33100
123.00000 7.68000 5.47300 -1.28200 -1.47500 -4.44500 -3.07200 -2.30900 -1.77000 -2.15700 -3.59100 -5.82900 -4.47600 -5.04600 -7.39500 -9.39900 -9.79600
124.00000 7.19200 5.96100 -0.79300 -2.45200 -3.46900 -2.58400 -1.82100 -1.77000 -2.64500 -2.61400 -5.34100 -3.98800 -5.53400 -8.37200 -9.39900 -10.77300
125.00000 8.16900 6.93800 0.18300 -1.96300 -2.00400 -3.07200 -0.84400 -1.77000 -3.13300 -1.63800 -3.87600 -3.01100 -5.53400 -7.39500 -7.44600 -8.82000
126.00000 9.63300 9.37900 1.64800 -0.98700 -0.05100 -2.09600 1.59700 -0.30500 -2.15700 -0.66100 -1.92300 -1.54600 -4.55700 -5.44200 -5.00500 -6.37800
127.00000 12.56300 11.33200 3.11300 1.45500 1.90200 -0.14200 4.52700 1.16000 -1.18000 -0.66100 1.00700 -0.08100 -4.06900 -3.00100 -2.56300 -3.93700
128.00000 15.49300 12.30900 5.06600 3.89600 3.85500 1.81100 6.96800 3.11300 -0.20300 -0.66100 2.96000 0.40700 -4.06900 -1.53600 -1.58700 -2.96000
129.00000 17.44600 12.79700 7.01900 6.33700 5.32000 3.76400 8.92100 4.57800 0.28500 -0.17300 4.91300 0.89500 -5.53400 -1.04800 -1.09900 -2.96000
130.00000 18.42200 13.28500 8.97200 7.80200 5.32000 4.25200 10.38600 5.06600 -0.69200 1.29200 6.86600 1.38300 -6.02200 -1.04800 -0.61000 -2.47200
131.00000 18.91100 13.28500 10.92500 8.77900 4.83200 3.27600 12.33900 6.53100 -1.18000 4.22200 9.30800 2.36000 -6.51000 -0.55900 1.34300 -1.00700
132.00000 18.91100 13.77400 12.39000 9.26700 4.34400 1.81100 14.29200 7.50700 -1.66800 7.15100 11.26100 3.33700 -5.04600 0.41700 3.78400 1.43400
133.00000 19.39900 14.26200 13.85500 9.75500 3.85500 1.81100 15.26900 8.97200 -1.18000 8.61600 12.72600 4.80100 -2.60400 2.85800 5.24900 3.87600
134.00000 20.37600 14.75000 15.32000 10.24400 4.83200 3.27600 15.75700 8.97200 0.77300 7.64000 12.23800 4.31300 -0.65100 4.81200 5.24900 4.36400
135.00000 21.35200 14.75000 16.29600 10.73200 5.32000 5.71700 14.29200 7.99600 2.72600 5.68600 9.30800 2.84800 0.81400 5.78800 3.29600 3.38700
136.00000 20.37600 13.77400 15.32000 9.75500 5.32000 6.20500 11.36300 5.55400 4.19100 3.24500 5.40200 0.89500 1.30200 4.32300 0.36600 0.94600
137.00000 17.93400 10.84400 11.90200 7.31400 3.85500 4.25200 6.96800 2.62500 4.19100 0.80400 0.51900 -1.54600 0.81400 0.90500 -3.05200 -1.49500
138.00000 13.05100 6.93800 6.04200 3.40800 1.41400 -1.11900 2.57400 -1.28200 3.21500 -1.14900 -3.38700 -3.49900 -0.16300 -3.00100 -5.49300 -3.93700
139.00000 7.19200 2.05500 -0.79300 -0.98700 -1.51600 -7.46700 -2.30900 -4.70000 1.75000 -3.59100 -6.31700 -5.45200 -1.13900 -6.90700 -7.93500 -6.37800
140.00000 2.79700 -1.85100 -6.65300 -4.40500 -3.95700 -12.34900 -6.21500 -7.14100 0.77300 -6.52100 -9.24700 -6.91700 -1.62800 -9.83700 -10.37600 -9.30800
141.00000 0.84400 -4.29300 -9.58300 -6.35800 -5.91000 -14.30300 -9.14500 -8.60600 -0.20300 -8.96200 -12.17700 -8.38200 -2.11600 -11.30200 -12.32900 -11.74900
142.00000 0.84400 -4.29300 -9.58300 -6.84600 -6.39900 -13.32600 -10.61000 -8.60600 -0.69200 -10.91500 -13.64100 -8.87000 -2.60400 -12.27800 -13.79400 -12.72600
143.00000 1.82100 -4.29300 -8.11800 -6.84600 -6.39900 -12.34900 -10.61000 -8.11800 -1.66800 -11.40300 -14.13000 -8.38200 -2.60400 -12.27800 -13.79400 -13.21400
144.00000 1.82100 -4.78100 -5.67600 -6.35800 -6.88700 -12.83800 -9.63300 -6.65300 -1.66800 -10.91500 -12.66500 -6.42900 -3.09200 -11.79000 -11.84100 -11.74900
145.00000 0.84400 -6.24600 -4.21100 -6.35800 -7.37500 -15.27900 -7.68000 -4.21100 -2.64500 -9.93900 -9.73500 -3.49900 -3.09200 -11.30200 -9.39900 -10.77300
146.00000 -0.13200 -7.71100 -3.72300 -6.35800 -7.86300 -17.23200 -5.23900 -2.25800 -2.64500 -9.45000 -6.80500 -1.05800 -3.09200 -11.30200 -7.44600 -9.79600
147.00000 -0.62100 -7.22200 -3.72300 -5.38100 -7.86300 -17.72100 -3.28600 -0.30500 -2.64500 -8.47400 -4.36400 -0.08100 -4.06900 -11.30200 -6.47000 -9.30800
148.00000 1.33300 -4.29300 -3.23500 -4.40500 -6.88700 -14.79100 -1.33300 0.67100 -2.64500 -7.98500 -2.41100 0.40700 -4.55700 -11.30200 -5.49300 -9.30800
149.00000 3.77400 0.59000 -1.77000 -2.94000 -4.93400 -9.90800 -0.35600 1.16000 -2.64500 -7.49700 -0.94600 0.89500 -5.53400 -11.30200 -5.00500 -9.30800
150.00000 6.70400 5.47300 -0.30500 -1.47500 -3.46900 -5.51400 0.62100 1.64800 -3.13300 -6.52100 0.03100 0.89500 -6.02200 -10.81300 -4.02800 -8.82000
151.00000 8.65700 8.40300 1.64800 -0.01000 -2.49200 -3.07200 1.59700 2.13600 -3.62100 -5.54400 1.00700 1.38300 -6.51000 -9.83700 -2.56300 -7.84300
152.00000 10.12200 9.86700 3.11300 0.96600 -1.51600 -2.09600 2.57400 2.62500 -3.62100 -4.07900 2.47200 1.87200 -6.51000 -8.37200 -1.58700 -6.37800
153.00000 11.58700 10.35600 4.08900 1.45500 -0.53900 -2.58400 4.03800 3.60100 -2.64500 -1.63800 3.44800 1.87200 -6.02200 -6.90700 -0.61000 -4.91300
154.00000 14.51600 12.79700 5.06600 2.92000 -0.05100 -2.58400 5.50300 4.57800 -1.66800 2.26800 4.91300 2.36000 -5.04600 -4.46600 0.36600 -2.96000
155.00000 16.95800 15.72700 6.53100 3.89600 0.92600 -1.11900 6.96800 5.55400 -0.69200 5.68600 6.37800 2.84800 -4.06900 -1.53600 1.34300 -1.00700
156.00000 18.91100 18.65600 8.48400 5.36100 1.90200 1.32200 8.92100 6.04200 0.77300 9.10400 8.82000 3.82500 -2.11600 2.37000 3.29600 1.43400
157.00000 19.88700 20.12100 10.43700 6.33700 2.87900 3.27600 10.87400 6.53100 1.75000 10.08100 10.28400 3.82500 -0.65100 5.30000 5.24900 3.38700
158.00000 19.39900 19.63300 12.39000 6.82600 4.34400 5.71700 11.36300 6.53100 2.72600 9.59300 11.74900 4.31300 0.81400 6.76500 7.20200 5.34100
159.00000 18.91100 17.68000 13.36700 7.31400 4.83200 6.20500 11.36300 6.04200 3.70300 8.61600 10.77300 3.33700 2.27900 6.76500 7.20200 6.31700
160.00000 18.42200 16.21500 12.87800 7.31400 5.32000 5.71700 9.89800 4.57800 4.67900 7.64000 8.82000 2.36000 2.76700 5.78800 6.22600 5.34100
161.00000 17.44600 14.75000 10.92500 6.33700 4.83200 4.25200 6.96800 3.11300 5.65600 7.15100 5.89000 0.89500 3.25500 4.32300 3.78400 3.87600
162.00000 16.46900 13.77400 8.48400 4.87300 3.85500 3.27600 4.03800 0.67100 6.63200 7.15100 2.96000 -0.08100 3.74300 3.83500 0.85400 2.41100
163.00000 15.00400 12.79700 5.55400 2.92000 3.36700 3.27600 1.59700 -1.28200 7.12100 7.15100 1.49500 -0.57000 4.23200 3.34700 -0.61000 1.92300
164.00000 13.54000 12.30900 3.60100 1.45500 3.36700 3.27600 0.62100 -2.74700 7.12100 6.66300 1.00700 -1.05800 4.23200 3.34700 -0.61000 1.92300
165.00000 13.54000 11.33200 2.13600 0.96600 3.36700 2.78700 0.13200 -4.21100 7.12100 6.17500 0.51900 -1.05800 4.23200 1.88200 -0.61000 1.92300
166.00000 13.54000 11.33200 1.16000 -0.01000 2.87900 1.81100 -0.84400 -5.67600 6.14400 4.71000 -0.94600 -2.52300 3.25500 -0.55900 -1.09900 0.45800
167.00000 13.54000 10.84400 0.18300 -0.98700 0.92600 0.34600 -2.30900 -7.14100 4.67900 3.24500 -4.36400 -4.47600 1.30200 -3.97700 -4.02800 -2.96000
168.00000 12.56300 9.86700 -1.28200 -2.45200 -1.51600 -2.09600 -5.23900 -8.11800 2.72600 1.29200 -7.78200 -6.91700 -1.13900 -7.39500 -7.93500 -7.84300
169.00000 10.61000 7.91400 -2.74700 -3.42800 -3.46900 -4.04900 -7.68000 -8.60600 0.77300 -0.66100 -10.71200 -8.38200 -3.58100 -10.32500 -11.84100 -12.23800
170.00000 8.65700 6.93800 -3.23500 -3.42800 -4.44500 -6.00200 -8.16900 -7.14100 -0.69200 -3.10300 -11.20000 -7.89400 -4.55700 -12.27800 -13.30600 -14.67900
171.00000 8.65700 6.44900 -1.77000 -1.96300 -3.46900 -6.49000 -6.21500 -4.21100 -1.18000 -4.56700 -9.24700 -5.45200 -5.53400 -12.27800 -11.84100 -13.70200
172.00000 10.61000 7.91400 1.16000 0.47800 -2.00400 -6.00200 -2.79700 -0.79300 -1.18000 -4.56700 -5.82900 -2.52300 -5.04600 -11.30200 -9.39900 -12.23800
173.00000 13.54000 10.84400 5.06600 3.40800 -0.05100 -4.04900 1.10900 2.13600 -1.18000 -3.10300 -2.89900 -0.08100 -5.04600 -10.81300 -6.47000 -10.28400
174.00000 16.46900 13.28500 8.48400 5.84900 0.92600 -2.58400 4.52700 4.08900 -1.18000 -2.61400 -0.94600 0.40700 -5.53400 -9.83700 -5.49300 -8.82000
175.00000 17.44600 14.75000 9.94900 6.82600 1.41400 -2.58400 5.99200 4.57800 -2.15700 -2.61400 0.03100 -0.08100 -6.99900 -9.83700 -5.98100 -9.30800
176.00000 17.44600 15.23800 10.43700 7.31400 0.92600 -2.58400 6.48000 4.57800 -3.13300 -4.56700 0.51900 -0.57000 -8.46400 -9.83700 -6.47000 -9.30800
177.00000 16.95800 15.23800 10.43700 7.31400 0.92600 -2.58400 7.45600 5.06600 -4.11000 -5.54400 1.49500 -0.08100 -9.44000 -10.32500 -6.47000 -8.82000
178.00000 16.95800 15.72700 10.92500 8.29100 1.41400 -2.09600 8.92100 6.04200 -4.11000 -3.59100 3.44800 0.89500 -9.44000 -8.86000 -5.00500 -7.84300
179.00000 18.42200 17.19200 12.39000 8.77900 2.39100 0.34600 10.87400 7.01900 -3.62100 0.80400 5.89000 2.36000 -7.97500 -7.39500 -2.56300 -6.86600
180.00000 20.37600 19.14500 14.34300 9.26700 3.36700 3.27600 12.82800 7.50700 -1.66800 6.66300 7.84300 3.33700 -6.51000 -4.95400 -0.61000 -4.91300
181.00000 22.32900 20.12100 15.32000 9.26700 4.34400 6.20500 13.80400 7.50700 0.77300 11.05800 8.82000 3.33700 -4.06900 -1.53600 1.34300 -2.96000
182.00000 23.79400 20.61000 15.80800 8.77900 4.34400 9.13500 13.80400 7.01900 2.72600 12.03400 8.82000 2.84800 -1.62800 1.39400 2.80800 -0.03100
183.00000 24.28200 20.12100 15.32000 8.77900 4.34400 11.08800 13.31600 6.53100 4.19100 10.56900 8.82000 2.84800 0.81400 4.32300 4.27200 3.87600
184.00000 23.30500 18.65600 14.83200 7.80200 4.34400 12.06500 12.33900 6.04200 5.65600 8.61600 8.82000 2.36000 1.79000 6.27600 5.73700 6.80500
185.00000 21.84000 17.68000 14.83200 7.80200 4.34400 11.08800 11.85100 5.06600 6.14400 8.61600 8.33100 2.36000 2.27900 7.74100 5.73700 7.78200
186.00000 20.37600 17.19200 14.34300 7.80200 4.34400 8.15800 10.87400 4.08900 6.63200 10.56900 7.35500 0.89500 1.79000 7.25300 4.27200 5.82900
187.00000 18.91100 17.19200 13.36700 7.31400 4.83200 5.22900 8.92100 2.62500 6.63200 13.01100 5.89000 -1.54600 0.81400 6.27600 1.34300 2.89900
188.00000 18.42200 17.19200 10.92500 6.33700 4.83200 2.29900 6.48000 0.18300 6.63200 13.01100 3.44800 -3.49900 0.32600 4.81200 -1.58700 -0.03100
189.00000 17.44600 17.68000 7.50700 4.87300 4.83200 1.81100 3.55000 -2.74700 6.63200 10.08100 0.51900 -5.45200 -0.16300 2.85800 -3.54000 -1.49500
190.00000 15.98100 16.70300 3.11300 2.43100 4.34400 1.81100 0.13200 -5.18800 6.63200 6.17500 -1.92300 -6.42900 0.81400 1.39400 -3.54000 -1.00700
191.00000 14.02800 14.75000 -0.30500 -0.01000 3.85500 2.78700 -3.28600 -7.14100 6.14400 2.26800 -3.87600 -6.42900 0.81400 -0.55900 -2.07500 -0.51900
192.00000 12.56300 12.79700 -2.25800 -0.98700 3.36700 1.81100 -5.72700 -8.11800 5.65600 -0.17300 -5.34100 -6.42900 0.81400 -2.51300 -1.58700 -1.00700
193.00000 13.05100 11.82000 -1.77000 -0.98700 3.36700 0.34600 -7.19200 -8.60600 5.16800 -1.14900 -7.29400 -6.91700 -0.16300 -4.95400 -3.05200 -3.44800
194.00000 14.51600 12.30900 0.67100 0.47800 3.85500 -1.60700 -7.68000 -8.11800 4.19100 -1.63800 -8.75900 -7.40600 -1.62800 -7.39500 -5.98100 -6.37800
195.00000 16.46900 13.28500 2.13600 2.43100 3.85500 -2.09600 -7.19200 -7.14100 3.21500 -1.63800 -10.71200 -7.89400 -3.58100 -9.83700 -8.91100 -9.79600
196.00000 18.42200 14.75000 3.11300 3.40800 4.34400 -0.14200 -6.21500 -5.18800 1.75000 -2.61400 -11.20000 -7.89400 -5.53400 -12.27800 -10.86400 -11.74900
197.00000 18.91100 15.23800 2.62500 3.89600 3.85500 2.78700 -4.75100 -3.72300 -0.20300 -3.59100 -10.71200 -6.91700 -7.48700 -14.23100 -10.86400 -12.72600
198.00000 18.42200 15.72700 1.64800 3.89600 2.87900 4.74000 -3.28600 -1.77000 -2.15700 -5.54400 -9.24700 -5.94100 -9.92800 -16.18400 -10.37600 -14.19100
199.00000 17.44600 16.21500 2.13600 4.87300 2.87900 5.22900 -1.82100 -0.30500 -4.11000 -7.49700 -7.78200 -4.47600 -11.88200 -18.13800 -9.88800 -15.16700
200.00000 17.93400 16.70300 4.08900 5.84900 2.39100 3.76400 -0.35600 0.67100 -5.08600 -8.47400 -6.31700 -3.98800 -13.34600 -19.60200 -10.37600 -16.63200
201.00000 19.39900 17.19200 7.01900 7.31400 2.87900 0.83400 1.10900 1.16000 -5.57500 -8.47400 -5.82900 -4.47600 -14.32300 -20.09100 -10.86400 -17.60900
202.00000 20.86400 17.19200 9.94900 8.77900 2.87900 -2.09600 2.08500 1.64800 -4.59800 -7.00900 -5.34100 -4.96400 -14.32300 -19.11400 -11.35300 -17.60900
203.00000 21.84000 17.19200 11.90200 9.26700 3.36700 -4.53700 3.06200 2.13600 -3.62100 -5.54400 -4.36400 -4.96400 -13.34600 -17.16100 -10.86400 -16.63200
204.00000 22.32900 17.19200 12.87800 10.24400 3.36700 -5.02500 4.52700 2.62500 -2.15700 -4.07900 -3.38700 -4.96400 -11.88200 -14.23100 -9.88800 -15.16700
205.00000 22.81700 18.16800 13.36700 10.73200 4.34400 -3.07200 5.99200 3.60100 -1.18000 -2.61400 -1.92300 -4.96400 -10.90500 -11.79000 -8.42300 -14.19100
206.00000 22.81700 19.14500 14.83200 11.22000 4.83200 0.34600 7.94500 3.60100 0.28500 -1.14900 -0.45800 -4.96400 -10.41700 -9.34900 -7.44600 -13.21400
207.00000 22.81700 20.12100 15.80800 11.22000 5.32000 4.74000 9.41000 4.08900 1.26100 0.80400 0.51900 -5.45200 -9.92800 -7.88400 -6.47000 -11.74900
208.00000 22.32900 20.12100 15.80800 10.73200 4.83200 8.15800 10.38600 4.08900 2.23800 4.22200 0.51900 -5.45200 -8.46400 -5.44200 -5.49300 -9.30800
209.00000 21.84000 20.12100 14.83200 9.75500 3.85500 9.62300 10.87400 3.60100 2.72600 6.66300 1.49500 -4.47600 -6.99900 -3.48900 -3.54000 -5.89000
210.00000 20.86400 19.63300 12.39000 8.29100 2.87900 8.15800 10.87400 3.11300 3.70300 8.12800 2.96000 -3.49900 -5.04600 -0.55900 -0.61000 -2.47200
211.00000 20.37600 20.12100 10.92500 7.80200 2.87900 6.20500 11.36300 2.62500 4.67900 8.61600 4.91300 -2.03500 -2.60400 2.37000 1.34300 0.94600
212.00000 19.88700 21.09800 9.94900 6.82600 3.36700 5.22900 10.87400 2.13600 6.63200 9.10400 6.37800 -2.03500 -0.16300 4.32300 3.29600 2.89900
213.00000 18.91100 21.58600 10.43700 6.33700 4.83200 5.71700 10.38600 0.67100 8.09700 10.08100 6.37800 -2.03500 2.27900 5.78800 3.78400 3.87600
214.00000 18.42200 21.09800 10.43700 4.87300 5.80900 7.18200 8.43300 -1.77000 8.58600 12.03400 5.40200 -3.49900 3.25500 6.27600 2.31900 4.36400
215.00000 16.95800 20.12100 9.94900 3.40800 5.32000 7.67000 6.48000 -3.72300 9.07400 12.52200 2.96000 -4.96400 3.74300 5.78800 0.36600 3.87600
216.00000 15.49300 18.65600 8.48400 2.43100 3.36700 5.71700 4.03800 -5.67600 7.60900 11.05800 0.51900 -6.42900 2.76700 4.32300 -1.09900 2.89900
217.00000 14.02800 18.16800 6.53100 1.45500 1.41400 2.29900 2.08500 -6.65300 6.14400 6.66300 -0.94600 -7.40600 1.79000 2.85800 -1.58700 1.43400
218.00000 13.05100 17.68000 5.06600 0.96600 -0.05100 -1.11900 0.62100 -6.65300 4.19100 1.78000 -2.41100 -7.89400 0.32600 0.41700 -1.58700 -0.03100
219.00000 12.56300 17.19200 4.57800 0.96600 -1.02700 -2.58400 0.13200 -6.16500 2.72600 -2.12600 -2.41100 -7.40600 -1.13900 -2.02400 -0.61000 -1.00700
220.00000 12.07500 15.23800 4.57800 0.96600 -0.53900 -1.60700 -0.35600 -5.18800 1.26100 -3.59100 -2.89900 -6.42900 -2.60400 -4.46600 -0.12200 -1.49500
221.00000 11.58700 13.28500 5.06600 1.45500 -0.05100 -0.63100 -0.35600 -4.21100 -0.20300 -3.10300 -3.38700 -4.96400 -4.06900 -6.41900 0.36600 -1.49500
222.00000 11.09800 11.33200 5.55400 1.94300 -0.05100 -0.14200 -0.35600 -2.25800 -1.66800 -2.12600 -3.38700 -3.49900 -5.04600 -8.86000 0.36600 -2.47200
223.00000 10.61000 9.86700 5.55400 2.92000 -0.53900 -2.09600 0.62100 -0.79300 -3.13300 -1.14900 -3.87600 -2.52300 -6.51000 -11.79000 -0.61000 -4.42500
224.00000 10.12200 9.37900 4.57800 2.92000 -1.02700 -4.53700 1.10900 0.18300 -4.59800 -2.12600 -3.87600 -2.52300 -7.97500 -14.72000 -2.07500 -7.35500
225.00000 9.63300 8.40300 3.11300 1.94300 -2.49200 -6.49000 1.10900 1.16000 -5.08600 -4.56700 -3.87600 -2.52300 -8.95200 -17.64900 -3.54000 -10.28400
226.00000 8.65700 6.93800 1.16000 0.47800 -3.95700 -8.44300 0.62100 0.67100 -5.57500 -7.49700 -4.36400 -2.52300 -9.44000 -19.60200 -4.51700 -12.72600
227.00000 7.19200 4.98500 -0.30500 -0.49800 -4.93400 -10.39600 0.62100 0.18300 -5.08600 -10.42700 -3.87600 -2.03500 -8.95200 -19.60200 -4.51700 -12.72600
228.00000 5.23900 2.54300 -0.79300 -0.98700 -5.42200 -13.32600 0.62100 0.67100 -4.11000 -12.38000 -1.92300 -1.05800 -8.46400 -18.13800 -2.56300 -10.77300
229.00000 4.26200 0.59000 0.67100 -0.01000 -4.93400 -16.25600 2.08500 1.64800 -3.13300 -13.35700 1.00700 -0.08100 -7.48700 -15.20800 0.85400 -7.35500
230.00000 4.26200 0.10200 2.13600 1.45500 -2.98100 -18.69700 4.52700 3.11300 -2.15700 -12.38000 4.91300 0.89500 -6.51000 -12.27800 5.24900 -3.44800
231.00000 5.23900 1.07800 4.08900 3.40800 -1.51600 -17.72100 7.94500 4.57800 -0.69200 -11.40300 8.82000 1.87200 -5.04600 -8.86000 9.15500 0.94600
232.00000 6.70400 3.03100 5.55400 4.38400 -0.05100 -13.32600 10.38600 5.06600 0.77300 -8.96200 11.26100 2.36000 -3.58100 -5.44200 12.08500 4.36400
233.00000 7.68000 4.49600 7.01900 5.84900 1.90200 -7.46700 11.36300 5.55400 2.72600 -6.03200 12.23800 2.84800 -2.11600 -2.02400 13.55000 6.80500
234.00000 8.65700 6.44900 7.99600 6.33700 2.87900 -2.09600 11.36300 5.55400 4.19100 -2.12600 11.74900 2.36000 -0.65100 0.41700 13.06200 7.78200
235.00000 9.63300 7.91400 8.97200 7.31400 4.34400 1.32200 10.87400 4.57800 5.65600 2.26800 10.28400 1.38300 -0.65100 2.37000 10.62000 6.80500
236.00000 11.58700 10.35600 10.92500 8.29100 6.29700 2.78700 10.38600 4.08900 7.12100 6.66300 8.33100 -0.57000 -0.65100 3.34700 7.69000 4.85200
237.00000 14.51600 12.30900 11.41400 9.26700 8.73800 3.76400 9.41000 3.11300 8.09700 9.59300 6.37800 -2.03500 -1.62800 2.85800 3.78400 1.43400
238.00000 16.46900 14.26200 11.41400 9.26700 10.20300 5.22900 7.94500 1.64800 9.07400 11.05800 4.91300 -3.49900 -2.11600 2.37000 1.34300 -1.00700
239.00000 17.44600 14.75000 9.94900 8.77900 11.18000 7.18200 6.48000 0.18300 9.56200 9.59300 2.96000 -3.98800 -2.11600 1.39400 -1.58700 -2.96000
240.00000 15.98100 14.26200 7.99600 8.29100 11.18000 8.15800 4.52700 -0.79300 9.07400 8.12800 0.51900 -4.47600 -2.11600 -0.07100 -3.54000 -3.93700
241.00000 14.02800 12.79700 7.01900 7.80200 9.71500 6.69400 2.57400 -1.77000 8.58600 6.66300 -1.43400 -6.42900 -3.09200 -1.53600 -5.98100 -5.40200
242.00000 12.07500 11.82000 7.01900 8.29100 8.73800 3.27600 1.10900 -2.74700 7.12100 5.68600 -3.87600 -8.38200 -4.06900 -3.00100 -8.91100 -7.35500
243.00000 11.09800 11.33200 7.99600 8.77900 7.76200 -0.14200 0.13200 -2.74700 5.65600 4.71000 -5.82900 -10.33500 -6.02200 -4.46600 -11.84100 -9.30800
244.00000 11.58700 11.82000 9.46000 9.26700 7.76200 -3.07200 0.13200 -2.74700 3.70300 2.75700 -7.29400 -11.80000 -6.99900 -5.93100 -13.30600 -9.79600
245.00000 11.58700 11.82000 10.92500 10.24400 6.78500 -4.04900 1.10900 -1.28200 1.75000 -0.17300 -7.29400 -11.80000 -7.48700 -6.41900 -12.81700 -8.82000
246.00000 11.58700 11.33200 10.92500 10.24400 5.80900 -3.56000 3.06200 0.18300 -0.69200 -2.12600 -5.82900 -9.84700 -7.97500 -6.41900 -10.37600 -7.35500
247.00000 11.09800 10.35600 11.41400 9.75500 4.34400 -3.07200 4.52700 2.13600 -2.64500 -2.12600 -2.41100 -6.42900 -8.46400 -6.41900 -6.95800 -5.89000
248.00000 10.12200 9.37900 10.92500 8.77900 2.39100 -2.58400 6.96800 3.60100 -4.11000 0.31500 1.00700 -3.01100 -8.46400 -6.41900 -4.02800 -5.40200
249.00000 9.14500 8.40300 9.94900 7.31400 0.92600 -2.58400 8.92100 4.57800 -4.11000 3.24500 3.93700 -0.57000 -7.97500 -7.39500 -1.58700 -4.91300
250.00000 7.68000 7.42600 7.99600 5.36100 -0.05100 -3.07200 9.89800 4.57800 -2.64500 3.73300 5.40200 1.38300 -7.48700 -8.37200 -0.61000 -4.91300
251.00000 5.23900 5.96100 6.04200 3.89600 -1.02700 -4.04900 9.41000 4.08900 -1.18000 1.78000 4.91300 1.87200 -6.51000 -9.34900 -0.61000 -5.89000
252.00000 3.28600 3.52000 5.06600 2.92000 -2.00400 -5.51400 8.43300 4.08900 0.28500 -1.63800 3.44800 1.87200 -6.02200 -10.81300 -1.09900 -6.86600
253.00000 1.82100 1.56700 5.06600 2.43100 -2.98100 -7.46700 6.96800 3.60100 0.77300 -4.56700 1.98400 0.89500 -6.02200 -11.79000 -2.07500 -8.33100
254.00000 1.33300 0.59000 6.04200 2.43100 -3.95700 -8.44300 5.99200 3.60100 0.77300 -5.05600 1.49500 0.40700 -6.51000 -12.27800 -2.56300 -9.79600
255.00000 2.30900 0.59000 7.01900 2.92000 -3.46900 -7.95500 5.99200 3.60100 0.77300 -3.10300 1.98400 -0.08100 -6.51000 -11.30200 -1.58700 -9.30800
256.00000 3.28600 1.07800 7.50700 3.40800 -2.49200 -6.49000 6.96800 3.60100 1.75000 -0.17300 3.93700 0.40700 -5.04600 -9.34900 1.34300 -7.35500
