1.00000 -3.70300 -2.74700 -3.57100 -2.65500 -0.54900 0.11200 -6.63200 -3.36700 -2.71600 -6.25600 -18.01600 -8.41300 -5.37100 -17.62900 -16.50000 -10.91500
2.00000 -2.23800 -0.79300 -3.08200 -2.16700 1.89200 0.60000 -4.67900 -1.90200 -0.76300 -3.32600 -12.15600 -4.99500 -4.39500 -12.74600 -12.10500 -8.47400
3.00000 0.69200 2.13600 -1.61700 -1.19000 3.35700 1.57700 -3.21500 -0.92600 0.70200 -0.39700 -5.80900 -2.06500 -2.93000 -6.88700 -7.71100 -5.54400
4.00000 2.64500 3.60100 -0.64100 -0.21400 4.33300 3.04200 -2.72600 -0.43700 1.67800 2.04500 -0.43700 -0.11200 -1.46500 -2.49200 -2.82800 -2.12600
5.00000 3.13300 2.62500 -0.15300 0.27500 3.84500 4.01800 -2.72600 0.05100 1.67800 2.53300 3.95700 1.84100 0.00000 2.39100 2.05500 0.80400
6.00000 2.64500 1.16000 0.33600 0.27500 2.38000 4.99500 -2.23800 0.05100 1.19000 2.04500 7.37500 3.30600 0.97700 5.32000 5.96100 3.73300
7.00000 1.66800 -0.79300 0.82400 1.25100 0.91600 4.50600 -0.77300 0.53900 0.21400 1.06800 9.81600 4.28300 0.97700 7.76200 8.40300 5.68600
8.00000 0.69200 -1.28200 2.28900 2.71600 -0.54900 3.04200 2.15700 2.00400 -0.27500 0.09200 11.28100 4.28300 0.00000 8.73800 8.40300 5.19800
9.00000 0.69200 -0.79300 3.26500 3.69300 -2.01400 1.08800 4.59800 2.98100 -0.76300 -0.39700 12.25800 3.30600 -1.46500 8.25000 6.44900 3.73300
10.00000 1.18000 0.67100 4.24200 4.66900 -2.01400 0.11200 6.55100 2.98100 -0.76300 -0.39700 11.77000 2.33000 -2.44100 7.27300 4.49600 1.78000
11.00000 1.66800 2.13600 3.75400 4.18100 -2.01400 0.60000 7.03900 2.98100 -0.76300 0.58000 11.77000 1.84100 -2.93000 6.29700 3.03100 0.80400
12.00000 2.64500 2.62500 3.26500 2.71600 -1.03800 3.04200 7.52800 3.46900 0.21400 2.04500 12.25800 2.33000 -2.93000 6.29700 3.03100 0.31500
13.00000 3.62100 2.62500 3.26500 1.25100 -0.54900 4.99500 7.52800 3.95700 0.70200 3.99800 12.25800 3.30600 -2.44100 5.80900 4.00800 0.31500
14.00000 3.62100 1.64800 3.26500 0.27500 -1.03800 4.99500 7.52800 4.93400 1.19000 4.48600 11.77000 3.79400 -2.44100 4.83200 3.03100 -0.66100
15.00000 2.15700 -0.30500 3.26500 -0.21400 -2.50200 3.04200 7.03900 5.42200 0.70200 3.51000 9.81600 3.79400 -2.93000 2.39100 1.07800 -2.61400
16.00000 0.20300 -1.77000 2.28900 -0.21400 -3.47900 0.60000 4.59800 4.93400 0.21400 0.09200 6.39900 1.84100 -3.41800 -2.00400 -1.85100 -5.05600
17.00000 -1.75000 -2.25800 0.82400 0.27500 -3.47900 0.11200 1.66800 3.95700 -0.76300 -3.81500 2.49200 0.37600 -3.41800 -5.91000 -4.78100 -7.00900
18.00000 -2.23800 -1.77000 -0.15300 0.76300 -2.50200 2.55300 -0.77300 2.98100 -0.76300 -5.76800 -0.92600 -1.08800 -3.41800 -8.84000 -6.24600 -7.00900
19.00000 -1.26100 0.18300 -0.64100 1.25100 -0.54900 5.97100 -1.75000 2.49200 0.21400 -5.76800 -2.87900 -1.57700 -1.95300 -9.81600 -6.24600 -6.52100
20.00000 1.18000 3.60100 -0.15300 1.25100 1.40400 7.92400 -1.75000 2.49200 1.19000 -3.81500 -3.85500 -1.08800 -0.48800 -9.81600 -5.26900 -5.05600
21.00000 3.13300 6.04200 0.82400 1.25100 3.35700 8.41300 -0.77300 2.00400 2.65500 -0.39700 -5.32000 -0.60000 0.97700 -8.35200 -4.29300 -3.10300
22.00000 4.11000 7.50700 0.82400 0.27500 3.35700 7.43600 -1.75000 1.51600 2.65500 1.06800 -7.27300 -1.08800 2.44100 -7.86300 -5.26900 -2.12600
23.00000 4.11000 7.01900 -0.15300 -0.70200 2.86900 6.46000 -4.19100 0.05100 2.16700 0.58000 -10.69100 -3.04200 2.44100 -7.37500 -7.71100 -2.61400
24.00000 3.13300 5.55400 -1.12900 -0.70200 2.38000 6.94800 -7.60900 -0.92600 0.70200 -1.37300 -14.10900 -5.48300 1.46500 -7.86300 -11.12900 -3.10300
25.00000 3.13300 4.57800 -0.15300 0.27500 2.38000 7.92400 -9.07400 -1.90200 -1.25100 -3.81500 -16.06200 -6.94800 0.48800 -8.84000 -13.57000 -5.05600
26.00000 4.11000 4.57800 2.28900 2.71600 2.86900 8.41300 -7.12100 -1.41400 -2.71600 -4.79100 -14.10900 -6.94800 -0.97700 -9.32800 -13.08200 -5.05600
27.00000 6.06300 5.55400 6.68300 5.15700 3.84500 8.41300 -2.23800 0.53900 -2.71600 -3.32600 -8.25000 -4.99500 -1.95300 -7.86300 -8.68700 -3.59100
28.00000 8.50400 7.99600 11.07800 7.59900 5.31000 8.90100 4.59800 2.49200 -2.22800 -0.39700 0.05100 -0.60000 -1.46500 -3.46900 -1.36300 0.31500
29.00000 10.45700 9.94900 13.51900 8.08700 7.26300 11.34200 9.48100 3.46900 -0.27500 3.99800 8.84000 4.28300 0.97700 1.90200 7.42600 4.71000
30.00000 11.92200 11.41400 14.00800 7.11100 8.72800 15.24900 11.92200 3.95700 1.67800 7.41600 15.18800 7.70100 3.41800 7.27300 13.77400 9.10400
31.00000 10.94600 10.92500 11.56600 5.15700 9.21600 18.17800 11.43400 3.46900 3.63200 10.34500 17.14100 9.16500 4.88300 10.69100 16.21500 11.05800
32.00000 8.50400 7.99600 8.14800 3.20400 7.75100 17.69000 8.01600 2.49200 4.12000 10.83400 14.69900 8.18900 4.88300 10.69100 13.28500 9.10400
33.00000 5.08600 4.08900 4.24200 1.74000 4.82200 12.80700 4.11000 1.02700 4.12000 8.39200 9.81600 5.25900 3.41800 6.29700 7.42600 3.73300
34.00000 1.66800 0.67100 1.31200 0.76300 1.40400 6.46000 0.69200 0.53900 2.65500 4.48600 3.95700 1.35300 0.00000 -0.05100 0.10200 -4.07900
35.00000 0.20300 -1.28200 0.33600 1.25100 -0.54900 2.55300 -1.75000 0.53900 1.19000 0.09200 -0.43700 -2.06500 -3.41800 -6.88700 -6.73400 -11.89200
36.00000 -0.28500 -0.79300 0.33600 1.74000 -1.03800 2.55300 -2.72600 1.51600 0.70200 -2.35000 -3.36700 -4.50600 -6.34800 -11.28100 -12.59400 -16.77400
37.00000 0.20300 1.64800 1.31200 2.22800 0.42700 6.46000 -3.21500 2.49200 1.67800 -2.35000 -4.83200 -4.99500 -6.83600 -12.74600 -16.50000 -18.72800
38.00000 0.20300 3.60100 1.31200 1.74000 2.38000 10.36600 -2.72600 2.98100 3.14300 0.09200 -5.80900 -5.48300 -5.85900 -11.28100 -18.94100 -18.23900
39.00000 -0.28500 4.57800 -0.15300 0.27500 3.35700 11.34200 -2.72600 2.49200 4.60800 2.53300 -6.29700 -5.97100 -4.39500 -9.81600 -19.91800 -16.77400
40.00000 -1.75000 3.11300 -2.10600 -2.16700 2.86900 7.92400 -3.21500 1.51600 4.60800 2.53300 -7.27300 -6.46000 -4.88300 -9.32800 -19.91800 -15.79800
41.00000 -4.19100 0.67100 -4.05900 -4.12000 0.91600 3.04200 -3.70300 -0.43700 2.65500 -0.39700 -7.76200 -8.41300 -6.83600 -11.77000 -19.43000 -16.77400
42.00000 -5.65600 -1.77000 -5.03500 -4.60800 -1.52600 -1.84100 -5.16800 -1.41400 0.21400 -5.28000 -9.22600 -10.36600 -10.74200 -15.18800 -18.94100 -19.70400
43.00000 -5.65600 -3.23500 -5.03500 -3.63200 -2.50200 -4.28300 -5.65600 -1.41400 -2.71600 -9.67400 -10.20300 -11.83100 -13.67200 -18.60600 -19.91800 -22.14600
44.00000 -5.16800 -2.74700 -4.54700 -0.70200 -2.01400 -3.79400 -5.65600 -0.43700 -3.69300 -11.13900 -11.18000 -12.31900 -14.64800 -20.55900 -21.38300 -23.61000
45.00000 -3.70300 -1.28200 -3.08200 1.25100 -1.03800 -0.86500 -4.67900 0.53900 -2.71600 -10.16200 -11.18000 -10.85400 -13.67200 -19.58200 -21.87100 -23.12200
46.00000 -1.75000 0.18300 -1.61700 2.22800 0.42700 2.55300 -2.72600 1.51600 -0.76300 -6.74400 -9.71500 -8.41300 -10.74200 -17.14100 -20.40600 -20.68100
47.00000 -1.26100 1.64800 -0.64100 1.25100 0.91600 5.48300 -1.26100 2.00400 1.19000 -3.81500 -7.27300 -5.97100 -8.30100 -13.72300 -16.98800 -17.75100
48.00000 -1.75000 1.64800 -0.64100 -1.19000 -0.06100 5.48300 -1.75000 0.53900 1.67800 -2.83800 -5.32000 -4.50600 -6.83600 -11.77000 -14.05800 -16.28600
49.00000 -3.70300 0.67100 -2.59400 -3.63200 -1.52600 2.55300 -4.67900 -1.41400 0.21400 -4.79100 -6.29700 -5.48300 -7.32400 -12.25800 -13.57000 -16.77400
50.00000 -6.14400 -0.79300 -6.98900 -5.09600 -2.01400 -1.84100 -9.07400 -3.36700 -1.25100 -8.20900 -9.71500 -7.92400 -9.27700 -14.69900 -16.01200 -18.72800
51.00000 -8.58600 -1.77000 -10.40600 -4.60800 -2.01400 -5.74700 -13.46800 -4.83200 -3.20400 -12.11500 -13.13300 -10.85400 -11.23000 -18.11700 -19.43000 -21.16900
52.00000 -9.07400 -2.25800 -12.84800 -3.63200 -1.52600 -8.18900 -15.91000 -4.83200 -4.18100 -14.55700 -15.08600 -11.83100 -12.69500 -20.55900 -21.87100 -23.12200
53.00000 -8.58600 -1.77000 -11.87100 -1.19000 -0.54900 -8.18900 -15.42200 -3.85500 -4.18100 -15.04500 -14.10900 -10.85400 -12.20700 -21.04700 -20.40600 -23.12200
54.00000 -7.12100 -1.28200 -8.94200 0.27500 -0.54900 -6.23600 -12.00400 -2.87900 -4.18100 -13.58000 -10.20300 -8.41300 -11.23000 -19.58200 -16.50000 -20.68100
55.00000 -5.65600 -1.28200 -5.03500 0.27500 -1.52600 -3.30600 -7.60900 -0.92600 -3.69300 -11.62700 -5.32000 -4.99500 -9.27700 -16.16400 -11.12900 -17.75100
56.00000 -5.16800 -1.28200 -2.59400 -0.21400 -2.99100 -1.35300 -4.19100 -0.92600 -3.20400 -9.18600 -1.41400 -2.55300 -7.81200 -12.74600 -7.22200 -14.82100
57.00000 -4.67900 -1.77000 -2.10600 -2.16700 -4.94400 -0.86500 -3.21500 -1.41400 -2.71600 -8.69800 0.05100 -1.57700 -6.83600 -10.79300 -6.24600 -13.35700
58.00000 -5.65600 -2.74700 -3.57100 -4.60800 -5.92000 -1.35300 -4.67900 -2.87900 -2.71600 -9.18600 0.05100 -2.06500 -6.83600 -10.30500 -7.22200 -13.84500
59.00000 -6.63200 -3.72300 -6.50000 -6.56100 -5.92000 -3.79400 -6.63200 -4.34400 -2.71600 -10.65100 -1.90200 -3.53000 -7.81200 -11.28100 -9.66400 -15.31000
60.00000 -8.09700 -4.70000 -7.96500 -6.56100 -5.43200 -6.72400 -9.07400 -4.34400 -2.71600 -12.11500 -3.85500 -4.99500 -9.27700 -12.25800 -12.59400 -16.77400
61.00000 -8.58600 -4.70000 -7.96500 -4.60800 -4.45600 -9.65400 -9.07400 -2.87900 -2.22800 -12.60400 -5.32000 -6.46000 -9.27700 -12.74600 -14.54700 -17.26300
62.00000 -8.58600 -3.72300 -6.01200 -1.67800 -3.47900 -10.14200 -7.60900 -0.43700 -2.22800 -12.60400 -5.32000 -5.48300 -8.78900 -11.28100 -14.54700 -16.28600
63.00000 -6.63200 -2.25800 -2.59400 0.76300 -3.47900 -9.16500 -4.67900 2.00400 -1.74000 -11.13900 -2.39100 -2.55300 -7.32400 -8.35200 -11.61700 -12.86800
64.00000 -4.67900 -0.30500 -0.15300 1.74000 -3.47900 -5.25900 -1.26100 3.95700 -1.25100 -9.18600 1.02700 0.86500 -4.88300 -5.42200 -6.73400 -9.45000
65.00000 -3.21500 1.16000 0.82400 0.76300 -3.47900 -0.86500 0.69200 4.93400 -0.27500 -6.74400 4.44500 3.79400 -3.41800 -2.49200 -1.85100 -6.52100
66.00000 -2.72600 1.16000 -0.15300 -1.19000 -2.99100 3.53000 1.18000 3.46900 0.70200 -4.30300 6.39900 4.77100 -2.44100 -1.02700 0.59000 -5.05600
67.00000 -2.23800 1.64800 -1.61700 -3.14300 -2.01400 5.48300 -0.28500 2.49200 1.19000 -2.83800 5.42200 3.79400 -2.93000 0.43700 0.10200 -5.05600
68.00000 -1.75000 2.13600 -2.59400 -3.14300 -1.03800 5.48300 -1.75000 1.51600 1.19000 -1.37300 3.46900 1.84100 -2.93000 0.92600 -2.34000 -5.54400
69.00000 -1.26100 3.60100 -2.59400 -1.67800 -0.54900 3.53000 -1.75000 1.51600 1.67800 -0.39700 2.49200 1.35300 -2.44100 0.92600 -4.29300 -5.54400
70.00000 -0.28500 5.06600 -1.12900 0.76300 -0.54900 1.57700 -0.77300 2.98100 2.16700 -0.39700 2.98100 2.33000 -1.46500 1.90200 -3.80500 -4.07900
71.00000 0.20300 6.04200 -0.15300 2.22800 -1.52600 0.60000 0.69200 4.44500 2.16700 -0.39700 5.42200 4.28300 0.00000 2.39100 -0.87500 -2.12600
72.00000 0.20300 6.53100 0.82400 2.71600 -2.99100 1.08800 1.66800 4.93400 2.16700 0.09200 7.86300 6.23600 1.95300 2.87900 2.54300 -0.66100
73.00000 -0.28500 6.53100 0.82400 1.25100 -4.45600 3.04200 1.66800 4.44500 2.65500 0.58000 8.35200 6.23600 2.93000 3.36700 4.00800 -0.17300
74.00000 -0.77300 6.53100 -0.64100 -0.21400 -4.94400 4.99500 0.20300 3.46900 2.16700 0.58000 6.39900 4.77100 2.93000 3.36700 2.54300 -0.66100
75.00000 -0.28500 7.50700 -1.12900 -0.70200 -4.45600 6.94800 -1.75000 2.00400 1.67800 0.09200 2.98100 2.33000 1.95300 1.90200 -0.38700 -2.12600
76.00000 0.69200 9.94900 -0.64100 -0.21400 -2.99100 7.43600 -3.21500 1.02700 1.19000 -1.37300 0.05100 0.37600 0.00000 -1.02700 -3.80500 -4.56700
77.00000 2.64500 11.90200 0.33600 1.74000 -1.52600 6.94800 -3.70300 0.53900 0.70200 -3.32600 -1.41400 -1.08800 -1.95300 -3.95700 -5.75800 -7.00900
78.00000 3.62100 13.85500 1.31200 3.69300 -0.06100 5.48300 -3.70300 0.53900 0.21400 -5.28000 -1.41400 -1.57700 -3.90600 -6.88700 -6.73400 -8.96200
79.00000 4.11000 14.34300 2.28900 4.18100 0.91600 3.04200 -3.70300 0.53900 -0.27500 -6.25600 -0.92600 -2.06500 -4.88300 -7.86300 -6.73400 -9.45000
80.00000 3.62100 14.34300 2.28900 3.69300 -0.06100 1.08800 -3.70300 0.05100 -0.76300 -6.25600 -0.92600 -1.57700 -5.37100 -6.88700 -6.24600 -9.45000
81.00000 2.64500 13.36700 1.31200 1.74000 -1.03800 -0.37600 -4.19100 -0.92600 -1.25100 -5.76800 -0.92600 -1.57700 -4.39500 -4.93400 -5.75800 -7.98500
82.00000 1.18000 12.87800 0.33600 -0.21400 -2.99100 -0.86500 -4.67900 -1.41400 -2.22800 -5.76800 -1.41400 -0.60000 -3.41800 -3.95700 -4.78100 -7.00900
83.00000 0.69200 12.39000 -0.15300 -1.19000 -4.94400 -0.37600 -4.19100 -1.41400 -2.71600 -5.28000 -1.90200 -0.11200 -2.93000 -3.46900 -4.29300 -5.54400
84.00000 0.69200 11.90200 0.33600 -0.70200 -5.92000 0.60000 -3.70300 -0.92600 -2.22800 -4.79100 -1.90200 -0.11200 -2.93000 -4.44500 -4.78100 -6.03200
85.00000 1.18000 12.87800 1.80100 0.76300 -4.94400 2.55300 -3.21500 0.05100 -1.25100 -4.79100 -2.39100 -1.08800 -3.41800 -5.91000 -7.22200 -7.98500
86.00000 2.15700 13.36700 2.77700 2.71600 -2.99100 3.53000 -3.21500 1.02700 -0.27500 -4.30300 -3.36700 -2.06500 -3.90600 -6.88700 -10.15200 -9.45000
87.00000 2.15700 14.34300 3.26500 4.66900 -0.06100 3.53000 -2.72600 2.00400 1.19000 -4.30300 -3.85500 -3.04200 -3.90600 -6.88700 -12.10500 -10.91500
88.00000 2.64500 14.83200 3.75400 5.64600 1.40400 2.55300 -2.23800 2.49200 1.67800 -4.79100 -3.36700 -2.55300 -3.90600 -6.39900 -11.12900 -10.91500
89.00000 3.13300 15.32000 5.70700 5.64600 0.91600 1.08800 -0.77300 3.46900 1.19000 -4.30300 -1.41400 -0.60000 -3.90600 -5.91000 -7.71100 -10.42700
90.00000 4.11000 14.83200 7.66000 5.64600 -1.52600 0.60000 1.66800 4.44500 1.19000 -3.81500 1.51600 2.33000 -3.41800 -6.39900 -4.29300 -9.45000
91.00000 5.08600 14.34300 10.10100 4.66900 -3.96700 2.06500 3.62100 5.91000 0.70200 -2.35000 3.95700 4.28300 -3.41800 -6.39900 -1.85100 -9.45000
92.00000 5.08600 12.87800 10.59000 4.18100 -5.92000 4.50600 5.08600 6.39900 0.21400 -1.37300 5.42200 5.25900 -3.41800 -6.88700 -2.34000 -9.93900
93.00000 4.59800 11.90200 9.12500 3.69300 -6.89700 6.46000 5.08600 6.39900 0.21400 -0.88500 3.95700 4.28300 -3.90600 -7.37500 -5.26900 -11.40300
94.00000 3.62100 11.41400 5.70700 3.20400 -5.92000 5.97100 3.13300 5.42200 -0.76300 -2.35000 1.51600 2.33000 -5.37100 -8.84000 -8.68700 -12.86800
95.00000 3.13300 11.90200 2.77700 3.69300 -3.96700 3.04200 0.69200 3.95700 -1.74000 -4.79100 -1.41400 -0.11200 -7.81200 -11.28100 -11.12900 -14.33300
96.00000 4.11000 13.36700 1.80100 5.15700 -1.52600 -0.37600 -1.26100 3.46900 -2.22800 -7.72100 -3.36700 -2.06500 -9.76600 -14.21100 -12.10500 -16.28600
97.00000 6.55100 15.80800 3.26500 6.62200 0.91600 -1.84100 -2.23800 2.98100 -2.22800 -8.69800 -3.85500 -3.04200 -10.74200 -16.16400 -11.61700 -17.26300
98.00000 8.99300 17.27300 6.19500 8.57500 2.86900 -0.37600 -1.75000 3.46900 -1.25100 -8.20900 -2.39100 -3.04200 -10.25400 -15.67600 -11.12900 -17.26300
99.00000 10.45700 17.76100 10.10100 9.06400 3.35700 2.06500 0.69200 4.44500 -0.27500 -6.25600 -0.43700 -1.08800 -7.32400 -13.23400 -9.66400 -15.31000
100.00000 9.96900 15.80800 12.05400 8.08700 0.91600 4.01800 3.13300 4.93400 0.21400 -4.79100 2.98100 1.84100 -4.39500 -9.32800 -6.73400 -10.42700
101.00000 7.52800 12.39000 12.05400 5.64600 -2.99100 3.04200 5.57500 5.42200 0.21400 -4.30300 6.39900 4.28300 -1.46500 -5.42200 -2.34000 -5.05600
102.00000 4.11000 8.48400 9.61300 2.71600 -7.38500 0.11200 6.55100 5.42200 -0.76300 -4.79100 9.32800 6.23600 0.00000 -2.00400 3.03100 0.80400
103.00000 0.69200 5.55400 5.70700 0.27500 -10.31500 -1.84100 5.57500 4.44500 -2.22800 -5.76800 10.30500 6.72400 0.48800 -0.53900 6.44900 4.22200
104.00000 -1.75000 3.60100 1.80100 -1.67800 -11.29200 -2.33000 2.15700 2.98100 -3.20400 -5.76800 8.84000 5.25900 0.00000 0.43700 7.42600 5.68600
105.00000 -1.75000 4.08900 -1.12900 -1.67800 -8.85000 -0.37600 -1.75000 1.51600 -3.20400 -5.28000 5.91000 3.30600 -1.46500 0.43700 4.49600 3.73300
106.00000 0.69200 6.53100 -1.61700 0.27500 -4.94400 3.04200 -4.19100 0.53900 -3.20400 -3.81500 1.51600 0.86500 -2.44100 -0.53900 -0.38700 0.31500
107.00000 4.11000 9.94900 -0.15300 2.71600 -1.52600 4.99500 -5.16800 0.53900 -2.71600 -2.35000 -1.90200 -0.60000 -3.90600 -2.49200 -4.29300 -3.59100
108.00000 6.55100 12.87800 2.28900 5.15700 0.91600 5.48300 -4.19100 2.00400 -2.22800 -1.37300 -2.87900 -1.08800 -5.37100 -4.44500 -6.24600 -7.00900
109.00000 7.03900 13.36700 4.73000 5.15700 -0.06100 4.50600 -2.23800 2.49200 -2.71600 -2.35000 -1.90200 -0.11200 -5.85900 -5.91000 -6.24600 -9.45000
110.00000 5.08600 11.90200 4.73000 3.20400 -2.50200 2.06500 -0.77300 2.98100 -3.20400 -2.83800 1.02700 1.35300 -6.34800 -6.88700 -4.78100 -9.93900
111.00000 1.66800 8.97200 3.75400 0.27500 -5.92000 0.11200 -0.28500 2.49200 -3.69300 -4.30300 3.46900 2.33000 -6.34800 -6.39900 -3.80500 -9.93900
112.00000 -1.26100 6.53100 1.31200 -3.14300 -9.33800 -0.86500 -0.77300 2.00400 -4.66900 -5.28000 4.44500 2.33000 -6.34800 -6.88700 -3.80500 -9.93900
113.00000 -2.72600 5.06600 -0.64100 -4.60800 -11.29200 -0.86500 -2.23800 1.51600 -5.15700 -5.76800 3.46900 1.35300 -6.83600 -7.37500 -5.26900 -10.91500
114.00000 -2.72600 5.06600 -1.61700 -3.14300 -10.80300 0.60000 -3.21500 2.00400 -4.18100 -5.76800 1.02700 -0.11200 -6.83600 -8.84000 -8.19900 -12.86800
115.00000 -2.23800 5.55400 -1.61700 -1.19000 -9.82700 2.06500 -4.19100 2.98100 -2.71600 -5.28000 -0.92600 -1.08800 -6.83600 -9.32800 -10.64000 -13.84500
116.00000 -1.75000 6.53100 -1.61700 0.27500 -7.38500 3.04200 -4.67900 3.46900 -0.27500 -3.81500 -2.39100 -0.60000 -5.37100 -9.32800 -11.61700 -14.82100
117.00000 -2.72600 7.01900 -2.59400 0.27500 -5.92000 2.55300 -5.16800 3.46900 2.16700 -2.35000 -2.39100 -0.11200 -3.41800 -7.86300 -11.61700 -13.84500
118.00000 -3.70300 7.01900 -3.57100 -1.19000 -5.43200 1.57700 -5.65600 2.49200 3.63200 -0.88500 -1.90200 0.86500 -1.95300 -5.42200 -10.15200 -11.89200
119.00000 -4.19100 7.01900 -5.03500 -3.63200 -5.43200 0.11200 -5.65600 1.51600 4.12000 -0.88500 -1.41400 1.35300 -0.48800 -4.44500 -8.68700 -9.93900
120.00000 -4.67900 6.04200 -6.01200 -5.58500 -7.38500 -0.37600 -5.65600 0.53900 2.65500 -2.35000 -1.90200 0.86500 -0.97700 -4.93400 -8.19900 -9.45000
121.00000 -5.65600 3.60100 -6.98900 -6.56100 -9.33800 -0.86500 -6.63200 -0.43700 1.19000 -5.28000 -3.36700 -0.60000 -2.44100 -6.88700 -9.17600 -10.91500
122.00000 -7.12100 -0.30500 -7.47700 -6.07300 -11.29200 -1.35300 -8.58600 -0.43700 -0.76300 -7.23300 -4.83200 -2.06500 -3.90600 -8.84000 -11.12900 -12.86800
123.00000 -9.07400 -4.21100 -8.45300 -5.58500 -12.26800 -1.84100 -10.53900 -1.41400 -1.25100 -7.72100 -6.29700 -3.04200 -4.88300 -9.32800 -12.59400 -14.33300
124.00000 -9.56200 -6.16500 -8.45300 -4.60800 -11.29200 -2.81800 -12.00400 -1.41400 -0.76300 -6.74400 -6.78500 -3.53000 -3.90600 -7.86300 -12.59400 -13.35700
125.00000 -9.07400 -5.18800 -8.45300 -4.12000 -8.85000 -3.30600 -12.00400 -1.90200 0.70200 -4.79100 -6.78500 -3.04200 -1.95300 -4.44500 -11.12900 -9.93900
126.00000 -6.63200 -2.74700 -7.47700 -3.63200 -6.89700 -2.33000 -11.02700 -1.90200 1.67800 -2.35000 -5.80900 -3.04200 0.00000 -1.51600 -9.66400 -6.52100
127.00000 -4.19100 0.18300 -5.52400 -2.65500 -4.94400 -1.35300 -9.56200 -1.90200 2.16700 -1.37300 -5.80900 -3.04200 0.48800 -0.53900 -9.66400 -5.54400
128.00000 -1.75000 2.62500 -3.57100 -1.19000 -4.45600 -0.37600 -8.09700 -1.90200 1.67800 -2.35000 -6.78500 -4.01800 -0.48800 -2.00400 -10.64000 -6.52100
129.00000 -0.77300 3.60100 -2.59400 -0.21400 -4.45600 -0.37600 -7.60900 -2.39100 0.21400 -4.30300 -7.76200 -5.48300 -3.41800 -4.44500 -12.59400 -9.45000
130.00000 -0.77300 3.11300 -2.59400 0.76300 -4.45600 -2.33000 -9.07400 -2.87900 -1.25100 -6.74400 -8.73800 -6.94800 -5.85900 -7.37500 -14.05800 -12.86800
131.00000 -1.75000 1.64800 -4.54700 0.76300 -5.43200 -4.77100 -11.51500 -2.87900 -2.22800 -9.18600 -9.22600 -7.92400 -7.81200 -9.81600 -15.03500 -14.82100
132.00000 -3.21500 -0.30500 -6.50000 0.76300 -6.40900 -7.21200 -13.46800 -2.87900 -2.71600 -11.13900 -10.20300 -7.92400 -8.30100 -11.28100 -15.03500 -15.31000
133.00000 -5.16800 -2.25800 -7.96500 -0.21400 -7.87400 -7.70100 -14.93300 -2.87900 -3.69300 -12.60400 -10.69100 -7.92400 -8.30100 -11.77000 -14.05800 -14.33300
134.00000 -6.63200 -3.23500 -8.45300 -1.19000 -9.33800 -7.21200 -15.42200 -2.87900 -3.69300 -13.09200 -10.69100 -6.94800 -7.32400 -12.25800 -13.57000 -13.35700
135.00000 -6.63200 -2.25800 -6.98900 -1.19000 -10.80300 -6.23600 -14.44500 -2.39100 -3.69300 -12.60400 -10.69100 -5.97100 -6.83600 -11.77000 -12.59400 -12.86800
136.00000 -4.67900 -1.28200 -4.54700 -0.21400 -10.80300 -6.23600 -12.00400 -1.90200 -3.69300 -11.13900 -9.71500 -4.50600 -5.85900 -11.28100 -12.10500 -11.89200
137.00000 -1.75000 0.18300 -1.12900 0.76300 -10.31500 -7.21200 -9.56200 0.05100 -3.20400 -9.67400 -8.25000 -3.04200 -4.88300 -10.79300 -11.61700 -11.89200
138.00000 0.20300 0.18300 0.82400 2.22800 -10.31500 -9.16500 -7.60900 1.51600 -3.20400 -9.67400 -6.78500 -2.06500 -5.37100 -10.79300 -11.61700 -12.38000
139.00000 0.20300 -1.28200 1.31200 2.22800 -10.31500 -11.11900 -5.65600 2.00400 -3.69300 -11.13900 -5.32000 -2.06500 -6.34800 -11.77000 -12.10500 -13.84500
140.00000 -1.75000 -3.72300 -0.15300 1.74000 -11.29200 -10.14200 -5.65600 2.00400 -4.66900 -12.60400 -5.32000 -3.04200 -7.81200 -13.72300 -13.57000 -15.79800
141.00000 -4.19100 -4.70000 -2.10600 0.76300 -11.29200 -7.70100 -5.65600 1.51600 -5.15700 -14.06900 -5.32000 -4.01800 -9.76600 -15.18800 -14.54700 -17.75100
142.00000 -4.67900 -4.21100 -3.57100 -0.21400 -10.80300 -3.79400 -6.63200 0.53900 -5.15700 -14.06900 -5.80900 -4.99500 -11.23000 -16.65200 -15.52300 -19.70400
143.00000 -2.72600 -2.25800 -3.57100 -0.21400 -9.33800 -1.35300 -7.12100 0.05100 -4.18100 -12.60400 -5.80900 -4.99500 -11.23000 -16.65200 -15.52300 -19.70400
144.00000 -1.26100 -0.79300 -2.59400 -0.21400 -7.87400 -0.86500 -6.63200 0.05100 -3.20400 -10.65100 -4.83200 -4.50600 -10.74200 -15.67600 -15.03500 -18.72800
145.00000 -0.77300 -1.77000 -1.12900 -0.21400 -7.87400 -3.79400 -6.14400 0.05100 -2.22800 -10.16200 -4.34400 -3.53000 -9.27700 -14.21100 -13.57000 -16.77400
146.00000 -1.75000 -3.72300 -1.12900 -0.70200 -8.85000 -7.21200 -6.14400 0.05100 -2.22800 -10.16200 -3.85500 -2.55300 -7.81200 -12.74600 -12.10500 -14.33300
147.00000 -4.19100 -5.67600 -1.61700 -1.19000 -10.80300 -10.14200 -5.65600 0.05100 -2.71600 -11.13900 -3.36700 -2.06500 -6.34800 -11.77000 -10.64000 -11.89200
148.00000 -4.67900 -6.16500 -3.08200 -1.67800 -11.29200 -10.14200 -5.65600 0.53900 -2.71600 -10.65100 -2.87900 -1.57700 -5.37100 -10.30500 -9.17600 -9.93900
149.00000 -3.21500 -4.21100 -4.05900 -0.70200 -10.80300 -8.18900 -5.16800 0.53900 -1.25100 -8.69800 -2.39100 -1.57700 -4.39500 -8.35200 -7.71100 -7.98500
150.00000 -1.26100 -2.25800 -4.05900 0.76300 -8.85000 -4.77100 -3.70300 1.51600 -0.27500 -5.76800 -0.92600 -1.08800 -3.41800 -6.88700 -7.71100 -6.03200
151.00000 0.20300 -0.30500 -3.08200 1.25100 -6.40900 -0.86500 -2.23800 1.51600 0.70200 -3.32600 0.05100 -0.60000 -2.44100 -4.93400 -6.73400 -4.56700
152.00000 0.20300 -0.30500 -1.61700 1.25100 -5.43200 2.55300 -1.26100 1.51600 1.19000 -1.86200 1.51600 -0.11200 -1.46500 -3.95700 -5.75800 -3.59100
153.00000 -0.77300 -1.28200 -0.64100 -0.21400 -5.92000 4.99500 -0.28500 1.51600 1.19000 -1.37300 2.49200 0.86500 -0.48800 -2.98100 -3.80500 -2.61400
154.00000 -0.77300 -0.79300 -0.15300 -2.16700 -6.89700 5.97100 0.20300 1.02700 0.70200 -0.88500 2.98100 1.35300 0.00000 -2.49200 -2.34000 -1.63800
155.00000 0.20300 0.67100 0.33600 -2.65500 -7.87400 5.48300 0.20300 1.02700 0.70200 -0.39700 2.98100 1.35300 0.00000 -2.00400 -0.87500 -0.66100
156.00000 1.66800 3.11300 0.33600 -2.16700 -8.85000 3.04200 0.20300 1.02700 0.21400 -0.39700 2.98100 0.86500 -0.48800 -1.51600 -0.87500 -0.17300
157.00000 2.64500 5.06600 0.82400 -0.70200 -8.36200 0.60000 0.20300 0.53900 0.21400 -0.39700 2.49200 -0.60000 -1.46500 -1.02700 -2.34000 -0.17300
158.00000 1.66800 6.53100 1.31200 1.25100 -7.38500 -0.86500 0.20300 0.53900 0.21400 -0.88500 2.00400 -2.06500 -3.41800 -2.00400 -3.80500 -1.63800
159.00000 1.18000 7.01900 2.28900 3.20400 -5.43200 -0.37600 0.69200 1.51600 -0.27500 -1.37300 1.51600 -3.04200 -5.37100 -3.95700 -5.26900 -4.07900
160.00000 0.20300 6.53100 2.28900 4.18100 -3.96700 1.08800 1.18000 2.00400 0.21400 -1.86200 2.00400 -3.53000 -6.83600 -5.42200 -5.75800 -7.00900
161.00000 0.20300 6.04200 2.28900 4.66900 -2.50200 3.04200 1.66800 3.46900 1.19000 -0.88500 2.49200 -3.53000 -7.32400 -5.91000 -5.75800 -9.45000
162.00000 0.20300 5.55400 2.28900 3.69300 -2.50200 4.50600 1.66800 3.95700 2.65500 0.09200 3.46900 -2.55300 -5.85900 -5.42200 -5.75800 -9.93900
163.00000 -0.28500 5.06600 1.80100 1.74000 -3.47900 4.50600 1.66800 3.95700 3.63200 1.06800 3.46900 -0.60000 -3.41800 -3.95700 -5.26900 -8.96200
164.00000 -1.26100 3.60100 1.31200 -0.21400 -5.43200 4.50600 1.18000 3.46900 4.12000 1.55600 3.95700 0.86500 -0.48800 -2.49200 -4.29300 -7.00900
165.00000 -1.75000 2.13600 0.82400 -2.16700 -7.38500 4.01800 0.20300 2.98100 3.63200 0.58000 3.95700 2.81800 0.97700 -2.00400 -2.82800 -4.56700
166.00000 -1.26100 1.64800 1.80100 -3.14300 -8.85000 3.04200 -0.77300 2.49200 2.65500 -0.88500 3.95700 3.30600 1.46500 -2.00400 -1.36300 -3.59100
167.00000 0.20300 2.13600 2.28900 -2.16700 -8.36200 2.06500 -1.75000 2.00400 1.67800 -1.86200 3.46900 2.81800 0.00000 -3.46900 -0.87500 -4.56700
168.00000 1.66800 3.60100 2.77700 -1.19000 -7.38500 1.08800 -2.72600 1.51600 0.70200 -2.35000 2.49200 1.35300 -1.46500 -4.44500 -1.36300 -5.54400
169.00000 3.13300 5.55400 2.77700 0.76300 -5.43200 1.08800 -3.21500 0.53900 0.70200 -2.35000 1.51600 -0.11200 -2.44100 -4.44500 -1.85100 -6.03200
170.00000 4.11000 7.99600 3.26500 2.22800 -3.47900 3.53000 -2.23800 0.53900 1.67800 -0.88500 1.51600 -0.60000 -1.46500 -2.49200 -1.36300 -4.07900
171.00000 5.57500 10.92500 4.24200 3.69300 -2.01400 7.92400 -0.28500 1.51600 3.14300 2.04500 2.49200 0.37600 0.97700 1.41400 1.07800 0.31500
172.00000 7.03900 13.36700 7.17200 5.15700 -0.06100 13.78400 3.13300 2.49200 5.58500 6.43900 5.42200 2.81800 4.39500 5.80900 4.49600 5.19800
173.00000 9.96900 15.80800 10.59000 5.64600 1.40400 18.17800 6.55100 3.95700 7.53800 11.81000 8.35200 4.77100 7.32400 10.69100 7.42600 9.59300
174.00000 11.43400 16.29600 13.51900 6.13400 1.40400 18.66700 9.48100 4.93400 8.51400 15.22800 10.79300 6.23600 8.30100 13.13300 8.40300 11.54600
175.00000 10.94600 14.83200 14.00800 5.15700 -0.54900 14.76000 9.96900 4.93400 7.53800 15.22800 10.79300 6.23600 7.32400 12.64400 6.93800 10.08100
176.00000 8.50400 10.43700 12.54300 3.20400 -3.47900 7.92400 8.50400 4.44500 4.60800 11.32200 8.84000 4.77100 4.39500 8.73800 3.52000 6.17500
177.00000 4.59800 5.55400 8.63600 0.27500 -7.38500 1.57700 5.08600 2.98100 1.19000 4.48600 5.42200 3.30600 0.48800 2.87900 -0.38700 1.78000
178.00000 0.20300 1.64800 4.24200 -2.16700 -10.31500 -2.81800 1.18000 1.02700 -1.74000 -1.86200 2.98100 1.35300 -2.44100 -2.49200 -1.85100 -2.12600
179.00000 -2.23800 -1.28200 0.82400 -3.63200 -10.80300 -3.79400 -1.26100 0.05100 -3.20400 -5.28000 1.51600 0.37600 -3.90600 -5.42200 -1.85100 -3.59100
180.00000 -2.72600 -1.77000 -0.15300 -4.12000 -10.31500 -2.33000 -2.23800 -0.43700 -2.71600 -4.30300 2.49200 0.37600 -3.90600 -4.93400 -0.38700 -3.10300
181.00000 -1.26100 -0.30500 0.33600 -2.65500 -8.36200 1.08800 -1.26100 -0.43700 -1.25100 -0.88500 3.95700 0.86500 -2.44100 -2.00400 2.05500 -1.14900
182.00000 1.18000 3.60100 2.77700 -0.21400 -6.40900 5.48300 1.18000 0.53900 -0.27500 3.02100 5.91000 1.35300 -1.46500 1.90200 4.00800 0.31500
183.00000 5.08600 8.48400 6.19500 3.20400 -4.45600 10.85400 4.59800 2.00400 0.70200 6.43900 7.86300 1.84100 -1.46500 4.83200 4.49600 1.29200
184.00000 9.48100 14.34300 10.10100 6.13400 -2.50200 15.24900 7.52800 3.46900 2.16700 9.36900 9.32800 1.84100 -1.46500 6.78500 4.49600 2.26800
185.00000 13.38700 18.73800 14.00800 8.57500 -0.54900 18.66700 10.94600 4.93400 3.63200 11.81000 10.30500 1.35300 -0.48800 8.73800 4.00800 2.75700
186.00000 16.31700 21.66700 15.96100 10.04000 2.38000 20.62000 13.38700 5.91000 5.58500 15.71700 12.25800 1.84100 0.97700 11.66800 4.00800 4.71000
187.00000 17.29300 22.15600 16.93700 11.01700 4.33300 20.62000 14.36400 5.91000 7.05000 19.13500 14.21100 2.81800 2.93000 15.08600 5.47300 6.66300
188.00000 17.29300 21.66700 16.44900 11.01700 4.82200 19.15500 14.36400 6.39900 8.02600 21.08800 15.67600 4.28300 4.88300 17.52700 7.91400 8.61600
189.00000 15.82800 19.71400 14.49600 11.01700 3.84500 17.20200 12.89900 5.91000 7.53800 19.62300 15.67600 5.25900 5.37100 17.03900 9.86700 8.61600
190.00000 12.41000 15.80800 11.56600 9.06400 1.40400 14.27200 8.99300 4.93400 6.07300 15.71700 13.72300 4.77100 3.41800 13.13300 8.89100 6.17500
191.00000 7.52800 10.92500 8.14800 6.13400 -3.47900 10.36600 4.59800 3.46900 3.63200 9.36900 9.32800 2.81800 0.00000 6.29700 4.98500 0.80400
192.00000 1.66800 4.57800 4.24200 2.22800 -7.38500 5.97100 0.69200 2.00400 1.19000 3.51000 4.93400 0.37600 -3.41800 -0.53900 -0.87500 -5.05600
193.00000 -3.70300 -1.28200 0.33600 -2.16700 -10.80300 2.06500 -2.23800 0.05100 -0.27500 -0.88500 1.51600 -2.06500 -6.34800 -5.91000 -5.26900 -9.45000
194.00000 -7.60900 -6.16500 -3.08200 -5.09600 -13.24500 -0.86500 -3.21500 -0.92600 -0.76300 -2.83800 0.53900 -2.06500 -6.83600 -7.86300 -6.73400 -11.40300
195.00000 -9.56200 -8.60600 -5.52400 -7.05000 -14.22100 -2.81800 -3.21500 -0.92600 -0.76300 -3.32600 2.00400 -0.60000 -5.37100 -7.86300 -4.78100 -9.45000
196.00000 -10.05000 -8.60600 -6.98900 -8.02600 -14.70900 -3.30600 -2.72600 -0.92600 -0.76300 -2.83800 3.95700 2.33000 -2.93000 -5.91000 0.10200 -6.03200
197.00000 -10.53900 -8.11800 -7.96500 -8.02600 -15.68600 -4.28300 -3.70300 0.05100 -0.76300 -1.86200 4.93400 4.77100 0.00000 -3.95700 3.52000 -2.12600
198.00000 -10.53900 -7.62900 -8.45300 -8.51400 -16.17400 -4.77100 -4.67900 0.05100 -0.76300 -1.37300 4.93400 6.23600 2.44100 -2.00400 5.47300 0.80400
199.00000 -9.56200 -6.65300 -7.47700 -7.53800 -16.66300 -4.28300 -6.14400 0.05100 -0.76300 -0.88500 3.95700 6.23600 3.41800 -0.53900 4.98500 2.26800
200.00000 -7.60900 -4.70000 -4.54700 -6.07300 -16.17400 -2.33000 -6.63200 0.05100 -0.76300 -0.88500 2.98100 5.25900 3.41800 0.43700 4.00800 2.75700
201.00000 -3.70300 -1.28200 -0.64100 -3.63200 -14.70900 1.08800 -5.16800 0.05100 -1.25100 -0.39700 3.46900 4.77100 2.93000 0.92600 4.00800 2.75700
202.00000 1.18000 2.62500 4.24200 -0.70200 -12.26800 4.50600 -2.72600 0.05100 -0.76300 0.09200 4.44500 4.28300 1.95300 0.92600 4.00800 2.26800
203.00000 5.57500 7.01900 7.17200 1.74000 -9.82700 6.46000 -0.28500 0.53900 0.21400 1.06800 5.42200 3.79400 1.46500 0.43700 3.52000 0.80400
204.00000 7.52800 8.97200 8.14800 2.71600 -8.36200 6.46000 1.18000 0.05100 1.67800 2.53300 4.44500 2.33000 0.97700 0.43700 1.07800 -1.63800
205.00000 7.52800 8.97200 6.68300 2.71600 -6.89700 5.48300 0.69200 -0.92600 2.65500 3.51000 2.00400 -0.60000 0.00000 -0.53900 -3.31600 -4.56700
206.00000 5.57500 7.50700 4.73000 1.74000 -6.89700 3.53000 -0.77300 -1.90200 3.14300 3.51000 -0.92600 -4.50600 -1.46500 -1.51600 -7.22200 -7.49700
207.00000 3.13300 5.06600 2.77700 1.25100 -7.87400 3.04200 -2.72600 -2.39100 3.14300 3.02100 -3.36700 -7.43600 -3.41800 -2.00400 -9.66400 -8.96200
208.00000 1.18000 3.11300 2.77700 0.76300 -8.85000 3.53000 -3.70300 -1.41400 2.16700 2.04500 -3.85500 -7.92400 -4.88300 -2.49200 -8.68700 -8.47400
209.00000 0.20300 2.13600 3.75400 0.76300 -10.31500 4.50600 -2.72600 0.53900 1.19000 2.04500 -1.90200 -5.97100 -4.88300 -2.00400 -6.24600 -6.52100
210.00000 0.20300 2.13600 5.70700 0.27500 -11.29200 5.97100 0.20300 2.98100 0.21400 2.04500 1.51600 -2.55300 -3.90600 -0.53900 -2.82800 -3.59100
211.00000 0.69200 2.13600 7.17200 -0.21400 -11.78000 7.43600 3.13300 4.93400 0.21400 3.51000 5.42200 1.35300 -1.95300 1.90200 -0.38700 -1.14900
212.00000 2.15700 2.13600 8.14800 -0.70200 -11.29200 8.90100 5.57500 5.91000 0.70200 4.97400 6.88700 3.30600 0.00000 3.85500 0.59000 0.31500
213.00000 3.62100 3.11300 9.12500 -0.21400 -10.80300 10.36600 6.55100 4.93400 1.67800 6.43900 7.37500 3.30600 1.46500 4.83200 0.59000 -0.17300
214.00000 5.57500 5.55400 10.59000 0.76300 -9.33800 11.34200 7.03900 3.46900 2.16700 7.41600 5.91000 2.33000 2.44100 5.32000 -0.87500 -0.66100
215.00000 7.52800 7.99600 11.56600 2.22800 -7.87400 10.36600 6.55100 2.49200 3.14300 7.90400 3.95700 0.37600 1.95300 4.83200 -2.34000 -2.12600
216.00000 8.99300 9.94900 12.54300 3.69300 -7.38500 7.43600 6.55100 2.98100 3.14300 7.41600 3.46900 -0.11200 0.97700 3.36700 -3.80500 -3.10300
217.00000 8.99300 10.43700 12.54300 4.66900 -7.87400 4.50600 7.03900 3.46900 2.65500 5.46300 3.46900 -0.60000 -0.48800 0.92600 -3.80500 -4.07900
218.00000 8.01600 8.97200 12.54300 5.15700 -8.36200 2.06500 7.03900 4.44500 1.19000 3.02100 3.95700 -0.60000 -2.44100 -2.00400 -4.29300 -5.54400
219.00000 7.03900 7.50700 11.07800 4.66900 -8.36200 2.06500 6.55100 4.44500 -0.27500 0.09200 3.95700 -0.60000 -3.90600 -4.93400 -4.29300 -7.00900
220.00000 6.55100 7.50700 9.61300 4.66900 -7.38500 4.50600 4.59800 3.46900 -1.25100 -1.86200 2.00400 -2.06500 -5.85900 -7.37500 -5.75800 -8.96200
221.00000 6.55100 8.97200 8.14800 3.69300 -5.43200 6.94800 1.66800 1.51600 -1.25100 -3.32600 -1.90200 -4.01800 -7.32400 -9.81600 -8.68700 -11.40300
222.00000 6.55100 10.92500 5.70700 2.71600 -3.47900 8.41300 -2.23800 -0.92600 -1.25100 -3.81500 -6.78500 -6.46000 -7.81200 -12.25800 -12.59400 -13.84500
223.00000 5.57500 11.41400 3.26500 1.25100 -2.99100 6.94800 -7.12100 -2.87900 -0.76300 -4.79100 -11.18000 -8.90100 -8.30100 -13.72300 -15.03500 -15.79800
224.00000 3.62100 8.97200 0.33600 0.27500 -3.47900 3.53000 -10.53900 -4.83200 -0.76300 -5.76800 -13.13300 -9.38900 -7.32400 -14.69900 -15.03500 -15.31000
225.00000 1.18000 5.06600 -2.10600 -1.19000 -4.94400 0.60000 -12.49200 -5.32000 -0.27500 -5.76800 -11.66800 -8.90100 -6.34800 -13.23400 -12.59400 -13.35700
226.00000 -0.28500 2.13600 -2.59400 -1.67800 -5.92000 -1.35300 -12.00400 -4.83200 0.21400 -4.79100 -8.73800 -6.46000 -4.39500 -11.28100 -8.68700 -10.42700
227.00000 -0.77300 0.67100 -2.10600 -1.67800 -6.89700 -0.86500 -9.07400 -2.87900 0.70200 -2.83800 -5.32000 -4.01800 -2.93000 -7.86300 -5.26900 -7.49700
228.00000 -0.28500 1.64800 -0.64100 -2.16700 -7.87400 0.11200 -5.65600 -0.92600 1.19000 -1.37300 -3.36700 -2.06500 -0.97700 -5.42200 -3.80500 -5.54400
229.00000 -1.26100 1.64800 0.33600 -2.65500 -8.85000 -0.37600 -2.72600 0.05100 0.21400 -1.86200 -2.39100 -1.08800 -0.48800 -4.93400 -3.80500 -5.05600
230.00000 -2.23800 0.18300 1.31200 -3.63200 -10.31500 -1.84100 -1.26100 1.51600 -0.76300 -3.81500 -1.90200 -0.60000 0.00000 -4.93400 -4.29300 -5.54400
231.00000 -3.70300 -1.28200 0.82400 -4.12000 -11.29200 -2.81800 -1.26100 1.02700 -1.25100 -6.25600 -2.39100 -1.57700 -0.97700 -5.91000 -5.26900 -6.03200
232.00000 -4.19100 -2.25800 -0.15300 -4.12000 -11.29200 -2.81800 -2.23800 0.05100 -1.74000 -7.72100 -3.36700 -3.53000 -1.95300 -6.39900 -7.22200 -7.00900
233.00000 -3.21500 -0.79300 -0.64100 -3.14300 -9.33800 -0.86500 -3.70300 -0.92600 -1.25100 -7.23300 -5.32000 -6.46000 -3.90600 -6.88700 -10.64000 -8.96200
234.00000 -0.77300 2.13600 0.33600 -1.67800 -6.40900 1.57700 -4.67900 -1.90200 -0.27500 -5.76800 -7.27300 -9.87800 -7.32400 -7.37500 -15.52300 -12.38000
235.00000 2.15700 5.55400 2.77700 0.76300 -2.99100 3.53000 -4.67900 -1.90200 0.70200 -3.81500 -8.73800 -12.80700 -9.76600 -7.86300 -19.43000 -15.79800
236.00000 5.08600 7.99600 5.21900 2.71600 -1.03800 5.48300 -2.72600 -1.41400 0.70200 -1.86200 -8.25000 -12.80700 -11.71900 -8.35200 -20.40600 -18.23900
237.00000 7.03900 9.46000 7.17200 4.18100 -0.54900 5.97100 0.20300 0.53900 1.19000 -0.39700 -5.32000 -10.85400 -11.71900 -7.86300 -16.50000 -17.26300
238.00000 7.52800 9.46000 7.66000 4.66900 -1.52600 5.97100 3.13300 2.00400 0.70200 1.06800 0.05100 -6.46000 -9.27700 -6.39900 -9.66400 -12.86800
239.00000 7.03900 8.48400 6.19500 3.69300 -3.47900 4.99500 4.59800 3.46900 1.67800 2.53300 4.44500 -2.06500 -5.37100 -3.46900 -2.34000 -7.49700
240.00000 4.59800 5.55400 4.24200 1.74000 -5.92000 3.04200 4.11000 3.46900 2.16700 3.02100 5.91000 0.37600 -0.97700 -0.53900 0.59000 -2.61400
241.00000 1.18000 2.13600 2.28900 -0.21400 -8.36200 0.11200 1.66800 2.49200 2.65500 2.04500 4.44500 0.86500 1.46500 0.92600 0.10200 -0.66100
242.00000 -1.26100 -0.79300 1.31200 -1.67800 -9.33800 -0.86500 -0.77300 2.00400 1.67800 0.09200 2.00400 -0.11200 1.95300 -0.05100 -2.34000 -1.63800
243.00000 -1.26100 -1.28200 2.28900 -1.19000 -9.33800 -0.37600 -1.26100 2.00400 0.21400 -1.86200 0.53900 -0.60000 0.48800 -2.98100 -4.29300 -4.56700
244.00000 0.69200 -0.30500 3.75400 0.27500 -8.85000 0.60000 0.20300 2.98100 -1.74000 -3.81500 1.51600 -0.11200 -2.44100 -6.88700 -3.31600 -7.00900
245.00000 3.62100 1.64800 6.19500 2.22800 -9.33800 1.08800 2.64500 4.44500 -3.69300 -4.79100 3.95700 1.35300 -4.88300 -10.30500 -1.36300 -8.96200
246.00000 5.08600 2.62500 7.17200 2.71600 -10.31500 -0.37600 3.62100 4.93400 -5.15700 -5.76800 5.42200 1.84100 -6.83600 -12.74600 -0.87500 -9.93900
247.00000 3.13300 0.18300 6.68300 1.74000 -11.78000 -3.79400 2.15700 3.46900 -5.64600 -8.20900 3.95700 0.86500 -8.78900 -14.69900 -3.80500 -11.89200
248.00000 -0.77300 -4.21100 4.24200 0.27500 -13.24500 -8.18900 -2.23800 1.02700 -5.64600 -11.62700 -1.41400 -2.55300 -9.76600 -17.14100 -9.17600 -15.31000
249.00000 -5.16800 -8.60600 0.33600 -2.16700 -13.73300 -12.58300 -8.09700 -1.90200 -5.15700 -14.55700 -8.25000 -6.94800 -10.74200 -19.58200 -15.52300 -19.21600
250.00000 -8.09700 -10.07100 -4.54700 -3.63200 -12.75600 -14.53700 -13.95700 -4.83200 -3.69300 -16.02200 -15.08600 -11.34200 -11.23000 -21.53500 -20.89400 -22.63400
251.00000 -8.58600 -9.09400 -8.94200 -4.12000 -11.29200 -13.56000 -18.35100 -6.29700 -2.71600 -15.53300 -19.48000 -14.27200 -11.23000 -22.51200 -23.82400 -24.09900
252.00000 -7.60900 -6.16500 -11.87100 -4.12000 -9.82700 -10.14200 -20.30400 -6.78500 -2.71600 -14.06900 -20.94500 -15.73700 -10.25400 -22.02400 -24.31200 -23.61000
253.00000 -6.14400 -3.23500 -12.84800 -4.12000 -9.33800 -5.74700 -20.79300 -6.78500 -2.71600 -12.11500 -19.96900 -14.76000 -9.76600 -20.07000 -22.35900 -21.16900
254.00000 -5.16800 -1.77000 -12.84800 -4.60800 -9.33800 -2.33000 -19.81600 -6.29700 -3.20400 -11.13900 -17.52700 -12.80700 -8.78900 -18.11700 -19.91800 -18.23900
255.00000 -5.65600 -1.77000 -12.84800 -5.58500 -9.33800 -1.35300 -18.35100 -5.80900 -3.69300 -11.13900 -14.59800 -10.36600 -8.78900 -16.65200 -17.47600 -16.28600
256.00000 -6.63200 -2.25800 -13.82400 -6.56100 -9.33800 -2.33000 -17.37500 -4.83200 -4.18100 -12.11500 -12.15600 -8.90100 -9.27700 -16.16400 -15.52300 -15.31000
