1.00000 10.55900 3.65200 4.23200 11.64800 1.22100 -9.55200 -9.25700 -0.38700 -6.65300 -9.51100 -9.48100 -9.33800 -7.84300 -8.89100 -11.14900 -7.43600
2.00000 7.62900 2.67500 3.74300 11.15900 1.22100 -10.52900 -10.72200 -0.87500 -6.16500 -9.51100 -10.45700 -8.85000 -6.37800 -7.42600 -9.19600 -4.99500
3.00000 1.77000 -0.25400 0.32600 7.74100 0.73200 -11.50500 -12.18700 -1.85100 -4.70000 -9.02300 -9.96900 -6.40900 -2.47200 -5.96100 -6.26600 -1.57700
4.00000 -4.08900 -4.64900 -3.58100 2.85800 -0.24400 -11.99300 -12.67500 -2.82800 -2.74700 -8.53500 -8.99300 -2.99100 0.94600 -4.98500 -3.33700 -0.11200
5.00000 -7.50700 -7.09000 -6.51000 -1.04800 -0.73200 -12.48200 -12.18700 -3.31600 -0.79300 -8.04600 -7.52800 0.42700 2.89900 -4.49600 -1.87200 0.37600
6.00000 -7.50700 -8.06700 -6.02200 -3.48900 -0.73200 -13.45800 -10.23400 -3.80500 0.67100 -8.04600 -6.06300 2.38000 3.38700 -4.49600 -0.89500 0.37600
7.00000 -4.57800 -7.09000 -3.58100 -3.48900 -1.22100 -13.94700 -7.79200 -4.29300 1.16000 -8.04600 -4.11000 3.35700 3.38700 -4.00800 0.08100 0.86500
8.00000 -1.64800 -5.13700 -1.13900 -2.02400 -1.70900 -13.94700 -6.32700 -4.29300 0.67100 -8.53500 -3.13300 2.38000 2.89900 -3.52000 0.08100 1.35300
9.00000 0.30500 -3.67200 -0.16300 -0.55900 -2.19700 -13.45800 -6.32700 -4.29300 0.18300 -8.53500 -3.13300 -0.06100 1.43400 -3.03100 -0.40700 0.86500
10.00000 -0.18300 -3.67200 -0.65100 0.41700 -2.68600 -12.97000 -7.30400 -3.80500 -0.30500 -7.55800 -4.59800 -2.50200 0.45800 -3.52000 -3.33700 -0.60000
11.00000 -1.16000 -4.64900 -2.11600 1.39400 -1.70900 -13.45800 -8.28000 -2.34000 0.67100 -6.09300 -6.55100 -3.96700 0.45800 -3.03100 -6.26600 -2.06500
12.00000 -3.11300 -6.60200 -3.09200 0.90500 -1.22100 -14.92300 -7.79200 -0.38700 1.64800 -4.14000 -6.55100 -3.47900 0.94600 -2.05500 -7.24300 -1.57700
13.00000 -4.57800 -8.55500 -4.06900 -0.55900 -0.73200 -16.38800 -6.32700 1.07800 2.13600 -3.16400 -5.08600 -1.03800 1.92300 -0.10200 -6.26600 -0.60000
14.00000 -6.04200 -10.02000 -6.02200 -2.02400 -1.22100 -17.36500 -5.35100 1.56700 1.16000 -3.16400 -3.13300 1.40400 2.41100 0.38700 -4.80100 0.37600
15.00000 -6.53100 -9.53200 -7.97500 -3.00100 -1.70900 -15.41100 -5.83900 1.07800 -0.30500 -4.14000 -3.13300 1.89200 1.43400 -1.07800 -4.31300 -0.11200
16.00000 -6.04200 -7.09000 -9.44000 -2.51300 -2.19700 -12.48200 -7.30400 0.10200 -2.25800 -6.09300 -4.59800 -0.06100 -1.49500 -4.49600 -6.26600 -3.04200
17.00000 -3.60100 -3.67200 -7.97500 -0.55900 -1.22100 -9.55200 -7.79200 0.10200 -3.72300 -6.58200 -7.03900 -3.47900 -4.42500 -7.91400 -9.19600 -6.46000
18.00000 -1.16000 -0.25400 -3.09200 2.37000 0.24400 -7.59900 -6.81600 1.56700 -4.70000 -5.60500 -7.52800 -5.43200 -5.89000 -8.89100 -10.66100 -7.92400
19.00000 0.79300 0.72200 2.27900 3.83500 1.70900 -7.59900 -3.88600 3.52000 -5.18800 -3.65200 -6.06300 -4.94400 -4.91300 -6.93800 -9.19600 -5.48300
20.00000 0.30500 -1.23100 5.20800 4.32300 2.68600 -9.06400 -1.44400 5.47300 -5.18800 -2.18700 -3.13300 -2.99100 -2.47200 -3.52000 -5.77800 -1.57700
21.00000 -1.64800 -4.16100 4.23200 3.34700 2.68600 -10.52900 -0.46800 5.47300 -4.70000 -1.69900 -0.69200 -1.03800 -0.03100 -1.07800 -2.84800 1.35300
22.00000 -3.11300 -6.11400 1.79000 2.37000 1.70900 -10.04000 -1.93300 4.00800 -3.72300 -2.67500 0.28500 -0.54900 1.43400 -0.10200 -0.89500 2.33000
23.00000 -3.11300 -5.13700 -0.16300 2.37000 1.22100 -8.57500 -3.39800 2.54300 -2.25800 -3.65200 -0.20300 -1.03800 1.92300 -1.56700 -0.40700 1.35300
24.00000 -1.16000 -1.71900 0.81400 2.85800 1.70900 -7.59900 -3.39800 1.07800 -0.79300 -3.16400 -0.69200 -2.01400 2.41100 -2.54300 -0.89500 0.37600
25.00000 0.79300 0.23400 2.27900 3.83500 2.19700 -8.57500 -3.39800 0.59000 -0.30500 -1.21100 -0.69200 -1.52600 2.41100 -2.05500 -0.40700 0.86500
26.00000 0.79300 -0.25400 2.76700 2.37000 1.70900 -11.99300 -2.90900 1.07800 0.18300 0.25400 -0.69200 -0.54900 3.38700 -0.59000 0.57000 2.33000
27.00000 -2.13600 -3.67200 0.32600 0.41700 0.73200 -15.41100 -3.88600 1.07800 0.18300 0.74300 -1.18000 0.42700 4.36400 0.87500 1.05800 3.30600
28.00000 -5.55400 -8.06700 -3.58100 -1.53600 0.24400 -16.87600 -5.83900 1.07800 0.67100 0.25400 -1.66800 1.40400 4.85200 1.36300 1.05800 3.30600
29.00000 -7.01900 -9.53200 -5.53400 -2.02400 0.24400 -14.43500 -7.30400 1.07800 1.16000 0.74300 -1.66800 2.38000 4.85200 0.87500 0.57000 2.81800
30.00000 -5.55400 -8.06700 -4.06900 -0.55900 1.70900 -10.52900 -6.81600 1.07800 2.13600 2.69600 0.28500 3.35700 4.85200 0.87500 1.54600 2.81800
31.00000 -1.64800 -3.67200 0.32600 1.88200 4.15000 -7.11100 -3.39800 1.07800 3.11300 6.11400 3.21500 4.82200 4.85200 2.34000 3.01100 3.79400
32.00000 1.77000 -0.25400 4.72000 3.34700 5.61500 -6.13400 0.50900 1.07800 4.08900 9.53200 6.63200 5.31000 5.34100 3.80500 4.96400 5.25900
33.00000 2.74700 1.21100 6.18500 3.34700 5.12700 -8.08700 2.46200 1.56700 4.08900 10.99700 8.09700 5.31000 4.85200 4.29300 5.94100 6.23600
34.00000 0.79300 -0.74300 4.72000 1.39400 3.17400 -11.50500 1.97300 1.56700 3.11300 7.57900 7.12100 3.84500 3.38700 2.82800 4.96400 5.25900
35.00000 -2.62500 -4.16100 1.79000 -1.04800 0.73200 -14.92300 -0.95600 1.56700 0.67100 1.71900 4.19100 0.91600 1.43400 -0.59000 3.01100 2.81800
36.00000 -5.55400 -8.06700 -1.13900 -1.53600 -1.22100 -17.85300 -4.37400 1.56700 -2.25800 -4.62800 0.77300 -2.01400 -1.98400 -4.49600 1.05800 0.86500
37.00000 -6.53100 -10.02000 -2.11600 -0.07100 -1.22100 -19.31800 -5.35100 2.05500 -4.70000 -8.04600 -1.18000 -2.99100 -3.93700 -7.42600 0.57000 -0.11200
38.00000 -6.04200 -9.53200 -1.62800 1.88200 0.24400 -19.31800 -4.37400 2.54300 -4.70000 -7.07000 -0.69200 -2.99100 -3.93700 -7.91400 1.54600 0.86500
39.00000 -4.08900 -7.57900 0.81400 4.81200 3.17400 -16.87600 -0.95600 4.00800 -3.23500 -2.67500 1.75000 -1.03800 -1.98400 -5.47300 3.01100 2.81800
40.00000 -2.13600 -3.67200 2.76700 6.27600 5.61500 -11.99300 1.97300 5.47300 0.18300 2.69600 4.19100 0.91600 1.43400 -1.56700 3.98800 5.25900
41.00000 -0.18300 0.23400 3.74300 6.76500 6.59200 -6.62200 4.41500 6.44900 3.11300 7.09000 5.65600 1.89200 4.36400 1.85100 3.98800 6.72400
42.00000 0.79300 2.18700 3.74300 4.81200 6.10400 -3.20400 4.41500 6.44900 5.06600 8.55500 5.16800 2.38000 6.31700 4.29300 3.01100 7.21200
43.00000 0.30500 1.69900 1.79000 2.37000 3.66200 -3.20400 3.43800 5.47300 4.57800 8.06700 2.72600 1.40400 6.80500 4.29300 0.57000 5.74700
44.00000 -0.67100 -0.74300 -1.13900 -1.04800 1.22100 -6.62200 0.99700 3.52000 2.62500 5.62500 0.28500 0.42700 5.82900 1.85100 -0.89500 4.28300
45.00000 -3.11300 -4.16100 -4.55700 -3.48900 -0.73200 -11.50500 -1.93300 0.59000 0.67100 2.69600 -1.66800 -0.54900 4.36400 -1.07800 -2.84800 2.33000
46.00000 -6.04200 -7.09000 -6.02200 -3.97700 -1.70900 -14.92300 -3.88600 -0.87500 0.18300 -0.23400 -2.64500 -0.54900 2.89900 -4.00800 -3.33700 0.86500
47.00000 -7.01900 -7.57900 -5.53400 -3.00100 -0.73200 -14.92300 -4.37400 -0.87500 0.18300 -2.67500 -2.15700 0.91600 2.89900 -4.98500 -2.84800 0.86500
48.00000 -6.04200 -6.11400 -3.09200 -0.07100 1.70900 -12.48200 -3.39800 0.10200 1.16000 -3.65200 -0.69200 2.86900 3.87600 -4.00800 -0.40700 2.33000
49.00000 -2.62500 -3.18400 -0.16300 2.85800 3.66200 -9.06400 -0.46800 2.05500 2.13600 -3.65200 1.75000 5.31000 5.34100 -2.05500 2.52300 5.25900
50.00000 1.28200 -0.25400 3.74300 4.81200 5.12700 -7.59900 2.46200 4.49600 2.13600 -2.18700 4.19100 7.26300 6.31700 0.87500 5.94100 9.16500
51.00000 4.21100 1.21100 5.69700 5.30000 4.63900 -8.57500 4.41500 5.96100 1.16000 -0.72200 6.63200 8.72800 6.80500 1.85100 8.38200 11.11900
52.00000 5.67600 1.21100 6.67300 5.30000 3.17400 -10.52900 4.90300 6.44900 -0.79300 0.25400 7.60900 9.21600 5.82900 1.85100 9.35900 12.09500
53.00000 5.67600 1.21100 6.18500 4.81200 2.19700 -11.01700 4.41500 7.42600 -2.25800 0.74300 8.09700 8.72800 4.36400 0.87500 8.87000 11.11900
54.00000 6.16500 2.67500 4.72000 5.30000 3.17400 -8.08700 3.92700 7.91400 -2.74700 1.71900 7.60900 7.75100 2.89900 -0.10200 7.89400 9.65400
55.00000 7.14100 5.60500 2.76700 6.27600 6.10400 -4.18100 3.92700 7.91400 -2.25800 3.67200 7.12100 6.77500 2.89900 -0.59000 7.89400 8.67700
56.00000 9.09400 8.53500 2.27900 7.74100 9.52100 -0.27500 4.41500 6.93800 -0.30500 5.62500 6.63200 6.28700 3.87600 0.38700 7.89400 9.16500
57.00000 10.07100 10.00000 3.74300 9.20600 11.96300 0.70200 5.39100 6.44900 1.64800 7.09000 6.63200 5.31000 5.82900 1.85100 8.38200 9.16500
58.00000 10.07100 9.51100 7.16100 9.69400 11.47500 -1.74000 6.36800 5.96100 3.11300 7.57900 6.14400 5.31000 6.80500 2.82800 8.38200 9.65400
59.00000 9.58300 7.07000 10.57900 9.69400 9.03300 -5.15700 6.85600 6.93800 3.11300 7.09000 5.16800 5.79800 7.78200 2.82800 7.89400 9.16500
60.00000 9.09400 5.60500 12.53300 9.69400 6.59200 -7.11100 6.36800 7.42600 3.11300 5.62500 4.67900 6.77500 7.78200 3.31600 7.89400 8.67700
61.00000 9.09400 5.11700 10.57900 8.71800 5.61500 -7.11100 5.39100 7.91400 3.11300 4.64900 3.70300 7.26300 7.29400 2.82800 7.89400 8.18900
62.00000 9.58300 6.09300 6.67300 7.25300 7.56800 -5.15700 3.43800 6.93800 4.08900 4.64900 2.23800 6.28700 6.80500 2.82800 6.91700 7.70100
63.00000 9.09400 8.04600 1.79000 5.78800 10.01000 -3.20400 0.99700 4.49600 4.57800 5.13700 -0.20300 3.84500 6.31700 1.85100 4.47600 6.23600
64.00000 8.60600 8.53500 -1.13900 4.32300 11.96300 -2.71600 -0.95600 2.54300 5.55400 4.64900 -3.13300 1.40400 5.82900 0.38700 0.57000 3.79400
65.00000 7.14100 7.55800 -2.11600 4.32300 11.47500 -4.18100 -3.39800 1.56700 5.55400 3.18400 -6.06300 -0.54900 4.36400 -2.54300 -3.33700 0.86500
66.00000 5.18800 5.11700 -1.62800 4.81200 9.03300 -8.08700 -4.86200 2.54300 4.08900 -0.23400 -8.50400 -1.52600 3.38700 -4.98500 -6.75500 -1.57700
67.00000 3.72300 2.18700 -1.62800 4.81200 6.10400 -11.01700 -5.35100 4.49600 2.62500 -3.16400 -8.99300 -2.01400 2.41100 -6.93800 -8.21900 -3.04200
68.00000 3.23500 0.72200 -1.13900 4.81200 5.12700 -11.01700 -4.86200 5.96100 2.13600 -4.62800 -8.50400 -0.54900 1.43400 -7.91400 -7.73100 -3.04200
69.00000 4.70000 1.69900 -0.16300 5.30000 7.08000 -7.59900 -2.90900 7.42600 3.11300 -3.65200 -6.55100 0.42700 1.92300 -7.42600 -5.77800 -1.57700
70.00000 7.14100 5.11700 2.27900 6.76500 10.98600 -1.25100 0.50900 7.91400 4.08900 -0.23400 -3.62100 1.89200 2.41100 -5.47300 -3.33700 -0.11200
71.00000 10.55900 8.53500 6.67300 9.20600 14.40400 3.63200 4.41500 8.89100 5.55400 3.67200 -0.69200 3.84500 3.38700 -3.03100 -0.89500 1.84100
72.00000 12.02400 10.00000 9.60300 11.64800 14.89300 3.63200 6.85600 9.86700 5.06600 5.62500 1.26100 4.82200 3.87600 -1.07800 0.57000 2.81800
73.00000 11.04700 8.04600 10.09100 13.11200 12.45100 -0.76300 7.34500 10.35600 3.11300 4.64900 2.72600 5.79800 3.38700 -0.10200 1.54600 3.30600
74.00000 8.60600 4.14000 7.65000 13.11200 9.03300 -6.62200 5.88000 10.35600 1.16000 1.71900 2.72600 5.31000 3.38700 -0.10200 2.03500 3.30600
75.00000 6.65300 1.69900 4.23200 11.64800 6.59200 -11.01700 3.92700 9.86700 -0.30500 -1.69900 2.72600 4.33300 2.89900 -0.59000 2.03500 3.79400
76.00000 6.16500 2.67500 1.79000 10.18300 7.56800 -11.50500 3.43800 9.37900 0.67100 -2.67500 2.72600 3.35700 3.87600 -0.10200 2.52300 4.28300
77.00000 7.62900 7.07000 1.79000 9.20600 10.49800 -9.06400 3.43800 8.40300 4.08900 -1.69900 3.21500 3.35700 5.34100 0.38700 3.49900 5.74700
78.00000 9.58300 11.46400 2.76700 8.23000 12.45100 -6.62200 4.41500 7.91400 7.50700 1.23100 3.70300 4.33300 7.78200 1.85100 4.47600 7.21200
79.00000 9.58300 12.44100 4.23200 7.25300 12.45100 -4.18100 4.41500 6.93800 10.92500 4.16100 3.21500 5.31000 9.24700 3.31600 5.45200 7.70100
80.00000 8.60600 10.00000 4.72000 5.30000 9.52100 -3.20400 3.43800 5.47300 11.90200 6.11400 2.72600 5.79800 9.73500 3.31600 5.94100 7.70100
81.00000 7.14100 5.60500 5.20800 3.83500 5.61500 -2.22800 1.97300 4.98500 9.46000 6.11400 2.23800 6.77500 8.75900 2.82800 5.45200 6.23600
82.00000 5.67600 1.69900 5.20800 2.37000 2.19700 -2.71600 1.97300 5.47300 5.55400 4.16100 2.23800 7.26300 6.80500 0.38700 4.47600 4.77100
83.00000 4.70000 0.23400 4.23200 1.39400 -0.24400 -5.15700 1.97300 6.44900 1.16000 0.74300 2.23800 7.26300 3.87600 -2.05500 2.52300 2.81800
84.00000 3.23500 0.23400 1.30200 -0.55900 -1.22100 -9.55200 1.97300 7.42600 -1.28200 -2.67500 2.23800 7.75100 1.92300 -4.49600 0.57000 0.37600
85.00000 0.30500 0.23400 -3.58100 -3.48900 -2.19700 -13.94700 0.99700 7.91400 -1.77000 -5.11700 1.26100 7.26300 0.94600 -5.96100 -0.89500 -1.08800
86.00000 -3.11300 -1.23100 -8.46400 -6.90700 -2.68600 -15.90000 -1.44400 6.93800 0.18300 -6.09300 -0.20300 6.77500 1.92300 -5.96100 -1.87200 -2.06500
87.00000 -6.04200 -3.67200 -10.41700 -9.34900 -3.17400 -14.43500 -3.88600 5.96100 3.11300 -6.09300 -2.15700 5.79800 2.89900 -5.47300 -1.87200 -2.06500
88.00000 -6.53100 -6.11400 -8.46400 -10.32500 -3.66200 -11.99300 -4.86200 4.98500 4.08900 -5.60500 -2.64500 4.82200 3.87600 -5.47300 -2.36000 -2.06500
89.00000 -4.57800 -7.09000 -4.06900 -9.34900 -3.66200 -11.01700 -3.39800 5.96100 2.62500 -7.07000 -2.64500 4.82200 3.38700 -6.44900 -2.84800 -3.53000
90.00000 -1.64800 -5.62500 0.32600 -7.88400 -3.66200 -13.45800 -0.95600 6.93800 -0.79300 -9.51100 -1.66800 4.82200 0.45800 -8.89100 -3.82500 -5.48300
91.00000 0.30500 -4.64900 1.30200 -6.90700 -3.17400 -17.36500 0.99700 7.42600 -4.21100 -12.44100 -1.66800 4.33300 -2.96000 -11.82000 -5.29000 -7.92400
92.00000 0.79300 -3.67200 -1.13900 -7.88400 -2.68600 -19.80600 0.02000 5.96100 -6.65300 -14.39400 -2.15700 3.35700 -5.40200 -13.77400 -7.24300 -9.87800
93.00000 0.30500 -4.16100 -4.55700 -8.86000 -1.70900 -19.31800 -3.39800 3.03100 -6.65300 -14.88200 -4.59800 0.91600 -6.86600 -14.26200 -8.70800 -11.34200
94.00000 -0.18300 -5.13700 -6.99900 -9.83700 -0.24400 -16.87600 -7.30400 -0.38700 -5.67600 -14.88200 -7.03900 -1.52600 -6.86600 -13.77400 -10.17300 -11.83100
95.00000 -0.18300 -5.13700 -7.48700 -9.34900 1.22100 -14.92300 -10.72200 -3.31600 -3.72300 -14.88200 -9.48100 -3.96700 -5.89000 -12.79700 -10.66100 -11.34200
96.00000 0.79300 -3.67200 -6.02200 -8.37200 1.70900 -14.43500 -11.21000 -5.26900 -1.77000 -13.90600 -9.48100 -4.94400 -3.93700 -12.30900 -9.19600 -9.87800
97.00000 1.28200 -2.20700 -5.04600 -7.88400 0.73200 -15.41100 -9.25700 -5.75800 0.67100 -11.95300 -7.03900 -3.96700 -1.00700 -10.84400 -6.26600 -6.94800
98.00000 1.28200 -0.74300 -4.06900 -8.37200 -1.22100 -15.41100 -6.32700 -5.75800 3.60100 -8.04600 -3.62100 -0.54900 2.89900 -7.91400 -2.36000 -3.04200
99.00000 1.28200 0.23400 -3.58100 -9.34900 -4.15000 -13.45800 -3.39800 -4.78100 5.06600 -3.16400 0.77300 2.86900 6.80500 -3.03100 2.03500 1.84100
100.00000 1.28200 -0.25400 -3.09200 -10.32500 -6.59200 -9.55200 -1.44400 -2.82800 6.04200 1.71900 4.19100 6.28700 10.22300 2.34000 6.42900 7.21200
101.00000 1.77000 -0.74300 -3.09200 -10.81300 -7.08000 -6.13400 0.02000 -0.87500 5.06600 4.16100 5.16800 8.24000 11.20000 5.75800 8.38200 10.14200
102.00000 1.77000 -1.71900 -3.58100 -10.32500 -5.61500 -5.15700 0.50900 1.07800 3.11300 3.67200 4.67900 9.21600 10.22300 6.24600 8.38200 11.11900
103.00000 1.28200 -1.71900 -4.06900 -10.32500 -3.66200 -6.62200 0.99700 3.03100 0.67100 1.71900 3.70300 8.72800 7.29400 3.80500 6.42900 9.16500
104.00000 0.79300 -1.23100 -3.58100 -10.81300 -1.70900 -8.57500 1.48500 4.00800 -0.30500 -0.72200 2.23800 8.24000 4.36400 -0.59000 3.49900 5.74700
105.00000 0.30500 -0.25400 -2.11600 -11.30200 -0.73200 -9.55200 1.48500 4.00800 -0.30500 -2.67500 1.75000 7.75100 1.92300 -4.49600 1.54600 1.84100
106.00000 1.77000 2.18700 0.81400 -10.81300 0.24400 -8.08700 1.48500 4.00800 0.18300 -3.16400 1.26100 7.26300 0.94600 -6.93800 0.08100 -0.11200
107.00000 4.21100 4.62800 3.74300 -9.34900 1.70900 -5.15700 1.48500 4.00800 -0.30500 -3.16400 0.77300 6.77500 0.45800 -7.42600 0.08100 -0.11200
108.00000 7.14100 7.07000 5.20800 -7.88400 2.68600 -1.74000 1.48500 4.98500 -0.79300 -1.69900 0.28500 6.77500 0.45800 -5.96100 1.54600 1.84100
109.00000 8.60600 8.04600 3.25500 -7.88400 3.17400 1.19000 2.46200 5.47300 -2.25800 0.25400 1.26100 7.26300 0.94600 -4.00800 3.49900 4.28300
110.00000 8.11800 8.04600 -0.16300 -9.34900 2.68600 3.14300 3.43800 5.96100 -3.23500 3.18400 2.23800 7.26300 1.43400 -1.56700 4.96400 6.23600
111.00000 6.16500 6.58200 -3.09200 -10.81300 2.19700 4.12000 3.92700 5.47300 -2.74700 4.64900 3.21500 7.26300 2.89900 -0.10200 5.45200 6.72400
112.00000 5.18800 6.09300 -3.09200 -10.81300 1.70900 3.63200 3.92700 4.00800 -2.25800 3.67200 2.72600 5.31000 3.38700 -0.59000 4.47600 5.74700
113.00000 5.67600 6.09300 -1.13900 -8.37200 1.70900 1.67800 2.46200 1.56700 -2.25800 0.25400 0.28500 1.89200 2.41100 -3.03100 1.54600 3.30600
114.00000 6.16500 6.58200 0.81400 -5.44200 3.17400 -1.25100 0.50900 -0.87500 -2.74700 -4.62800 -3.62100 -2.99100 0.45800 -6.93800 -2.84800 -0.11200
115.00000 6.16500 5.60500 0.81400 -3.97700 4.15000 -5.15700 -2.42100 -3.31600 -4.70000 -9.02300 -7.52800 -6.89700 -2.47200 -10.84400 -6.75500 -3.53000
116.00000 4.21100 4.14000 -2.11600 -4.95400 4.63900 -7.11100 -4.37400 -4.78100 -6.16500 -10.48800 -9.96900 -8.85000 -4.91300 -13.28500 -9.19600 -5.48300
117.00000 1.28200 1.69900 -6.02200 -8.86000 4.15000 -7.11100 -4.37400 -5.26900 -6.16500 -9.51100 -9.96900 -8.36200 -4.91300 -12.79700 -9.19600 -5.97100
118.00000 -1.16000 0.72200 -8.95200 -12.27800 2.68600 -5.64600 -3.39800 -4.78100 -3.72300 -5.60500 -7.03900 -5.92000 -2.96000 -9.86700 -7.24300 -4.50600
119.00000 -1.16000 1.21100 -9.44000 -14.23100 1.70900 -2.71600 -0.95600 -3.31600 0.18300 -0.72200 -3.62100 -2.01400 0.94600 -5.96100 -3.82500 -1.08800
120.00000 -0.18300 3.16400 -7.97500 -14.23100 0.73200 -0.27500 1.48500 -0.87500 3.60100 3.67200 -0.69200 1.40400 4.85200 -1.56700 0.08100 2.81800
121.00000 1.28200 3.65200 -6.99900 -12.76700 -0.73200 0.21400 2.95000 0.59000 5.55400 6.60200 1.75000 5.31000 7.78200 1.85100 3.49900 6.72400
122.00000 0.30500 2.18700 -6.99900 -12.76700 -2.68600 -0.76300 3.43800 3.03100 5.06600 7.57900 3.21500 8.24000 10.22300 3.80500 5.94100 9.16500
123.00000 -2.62500 -1.23100 -7.97500 -14.23100 -5.12700 -2.71600 3.92700 4.49600 3.11300 6.11400 4.19100 11.16900 10.71200 4.29300 7.40600 10.14200
124.00000 -6.53100 -5.62500 -9.44000 -15.69600 -6.59200 -6.62200 3.92700 5.96100 1.16000 2.20700 4.67900 12.63400 9.73500 2.82800 6.91700 8.67700
125.00000 -9.46000 -9.04300 -10.90500 -15.69600 -7.56800 -10.04000 3.43800 6.93800 -0.79300 -2.67500 3.70300 12.14600 7.29400 -0.59000 4.47600 5.74700
126.00000 -10.43700 -10.50800 -11.88200 -14.23100 -6.59200 -13.45800 1.48500 6.93800 -1.28200 -7.07000 0.77300 10.19300 3.38700 -5.47300 0.57000 0.86500
127.00000 -10.43700 -10.50800 -13.83500 -12.27800 -4.63900 -14.92300 -0.95600 5.96100 -1.77000 -8.53500 -3.62100 6.28700 -0.03100 -9.37900 -4.80100 -4.01800
128.00000 -8.97200 -9.53200 -16.27600 -10.81300 -2.68600 -15.41100 -3.88600 4.00800 -1.28200 -7.55800 -7.52800 2.86900 -1.98400 -11.82000 -8.21900 -7.43600
129.00000 -7.50700 -8.55500 -18.22900 -11.30200 -0.73200 -14.92300 -5.83900 2.05500 -0.79300 -5.11700 -9.96900 1.40400 -1.98400 -11.33200 -9.68400 -8.41300
130.00000 -6.04200 -7.57900 -17.74100 -13.74300 -0.24400 -13.45800 -6.81600 0.59000 0.18300 -2.67500 -9.48100 0.91600 -0.03100 -8.89100 -7.73100 -5.97100
131.00000 -4.57800 -6.60200 -14.81100 -14.23100 -0.73200 -12.97000 -5.83900 -0.38700 -0.30500 -2.18700 -7.52800 1.40400 1.43400 -6.44900 -5.29000 -3.04200
132.00000 -3.11300 -6.60200 -10.90500 -12.76700 -1.70900 -13.45800 -4.86200 -0.87500 -1.77000 -4.14000 -6.55100 0.42700 1.43400 -5.47300 -3.82500 -1.08800
133.00000 -3.11300 -6.60200 -7.97500 -9.34900 -1.22100 -13.45800 -4.37400 -1.36300 -3.72300 -7.55800 -7.52800 -2.50200 -1.49500 -6.93800 -4.80100 -2.06500
134.00000 -4.08900 -6.11400 -7.97500 -5.44200 0.24400 -12.48200 -4.86200 -2.34000 -4.70000 -10.00000 -9.48100 -5.92000 -4.42500 -10.35600 -7.24300 -4.99500
135.00000 -6.04200 -6.11400 -10.41700 -4.46600 2.19700 -11.50500 -5.83900 -3.31600 -4.70000 -10.48800 -11.92200 -8.36200 -6.37800 -13.77400 -10.66100 -8.41300
136.00000 -8.97200 -7.57900 -14.81100 -7.39500 2.19700 -11.50500 -6.81600 -4.29300 -3.23500 -10.00000 -12.89900 -9.33800 -6.86600 -15.23800 -12.12600 -10.36600
137.00000 -12.39000 -10.02000 -19.20600 -13.25500 -0.24400 -13.94700 -8.28000 -5.26900 -1.28200 -9.02300 -13.38700 -8.36200 -5.40200 -14.75000 -12.61400 -10.36600
138.00000 -15.32000 -14.41400 -22.62400 -18.62600 -5.61500 -18.34100 -10.23400 -5.26900 -0.30500 -9.02300 -13.87500 -7.38500 -4.42500 -14.26200 -12.61400 -9.87800
139.00000 -18.25000 -18.80900 -25.06500 -21.55600 -10.01000 -21.75900 -12.67500 -5.26900 -1.28200 -10.48800 -15.34000 -6.89700 -4.91300 -14.75000 -13.10200 -9.87800
140.00000 -18.73800 -21.25000 -26.04200 -21.06700 -10.98600 -22.73600 -14.14000 -4.29300 -3.23500 -12.92900 -16.80500 -6.40900 -6.37800 -16.70300 -14.56700 -11.34200
141.00000 -17.27300 -20.27400 -24.57700 -17.64900 -8.05700 -21.27100 -14.62800 -3.31600 -4.70000 -13.90600 -17.29300 -5.43200 -7.84300 -18.65600 -15.05500 -12.80700
142.00000 -14.83200 -17.83200 -21.64700 -14.72000 -4.63900 -19.80600 -11.69800 -0.87500 -3.72300 -13.41800 -14.36400 -1.52600 -6.37800 -18.16800 -13.10200 -12.31900
143.00000 -12.87800 -16.36800 -19.20600 -14.23100 -4.63900 -20.29400 -7.79200 1.56700 -2.25800 -10.97600 -9.96900 3.84500 -2.96000 -14.75000 -9.19600 -8.90100
144.00000 -14.34300 -17.83200 -19.69400 -17.64900 -9.03300 -23.22400 -5.35100 4.00800 -0.79300 -8.04600 -5.08600 8.72800 1.92300 -10.35600 -5.29000 -4.99500
145.00000 -18.73800 -22.22700 -24.08900 -23.02000 -15.86900 -26.15400 -5.83900 4.49600 -0.30500 -6.58200 -4.11000 9.70500 4.36400 -7.42600 -4.31300 -2.55300
146.00000 -24.10900 -26.13300 -31.90100 -28.39200 -19.77500 -24.68900 -10.23400 2.54300 -0.79300 -6.58200 -7.03900 6.28700 3.38700 -7.42600 -7.24300 -4.01800
147.00000 -27.03900 -26.13300 -38.24900 -30.83300 -17.33400 -19.80600 -16.09300 -1.36300 -1.77000 -7.07000 -13.38700 -0.06100 -0.51900 -10.84400 -12.12600 -8.90100
148.00000 -25.57400 -22.22700 -39.22500 -30.34500 -9.52100 -12.48200 -19.99900 -5.26900 -2.25800 -8.53500 -18.27000 -5.43200 -4.42500 -14.26200 -16.52000 -13.29500
149.00000 -20.69100 -16.85600 -33.85400 -27.41500 -1.70900 -8.08700 -19.51100 -6.24600 -2.25800 -8.53500 -19.24600 -6.40900 -5.89000 -15.72700 -16.52000 -14.27200
150.00000 -15.32000 -14.90300 -24.08900 -23.99700 0.73200 -10.04000 -14.62800 -4.29300 -2.74700 -7.55800 -14.85200 -1.52600 -4.42500 -14.26200 -12.61400 -10.85400
151.00000 -11.90200 -16.85600 -15.78800 -21.55600 -3.66200 -15.90000 -7.30400 -0.87500 -3.23500 -6.09300 -7.03900 5.79800 -0.51900 -10.35600 -5.77800 -4.99500
152.00000 -11.41400 -20.76200 -11.88200 -21.06700 -11.96300 -22.24700 -1.93300 1.56700 -3.72300 -4.62800 -1.18000 11.16900 2.89900 -6.44900 -0.40700 -0.60000
153.00000 -11.41400 -22.22700 -13.34600 -21.06700 -17.82200 -24.20000 0.02000 1.56700 -3.23500 -3.16400 1.26100 11.65800 4.85200 -4.00800 1.05800 0.37600
154.00000 -8.97200 -16.85600 -16.27600 -20.09100 -16.35700 -21.27100 -1.93300 -0.87500 -1.28200 -1.69900 -1.18000 6.77500 4.36400 -4.00800 -1.87200 -1.08800
155.00000 -4.08900 -6.60200 -16.76400 -16.67300 -8.05700 -14.43500 -4.86200 -3.80500 1.64800 -1.21100 -5.57500 -0.06100 2.89900 -5.47300 -5.77800 -4.50600
156.00000 2.25800 2.67500 -13.83500 -12.27800 3.17400 -7.59900 -6.81600 -5.75800 5.06600 0.25400 -8.99300 -4.94400 0.45800 -6.93800 -9.68400 -6.46000
157.00000 5.67600 6.58200 -9.92800 -7.88400 12.45100 -3.69300 -5.83900 -5.26900 6.53100 0.74300 -9.96900 -6.89700 -1.00700 -7.91400 -10.17300 -6.94800
158.00000 4.70000 2.67500 -7.48700 -6.90700 14.89300 -2.71600 -3.39800 -3.80500 6.04200 1.23100 -8.01600 -4.94400 -1.49500 -8.40300 -9.19600 -5.48300
159.00000 -0.67100 -6.11400 -8.46400 -9.34900 11.47500 -4.66900 -0.95600 -2.34000 4.08900 0.74300 -6.06300 -2.01400 -0.51900 -7.91400 -7.24300 -4.50600
160.00000 -7.50700 -14.90300 -11.88200 -15.20800 3.66200 -8.08700 0.02000 -1.85100 2.13600 -0.23400 -4.59800 0.91600 0.94600 -7.91400 -5.29000 -3.04200
161.00000 -12.39000 -19.78600 -15.29900 -21.06700 -4.15000 -11.50500 -0.46800 -1.85100 1.16000 -1.69900 -5.08600 2.38000 1.92300 -7.91400 -4.80100 -3.53000
162.00000 -12.39000 -18.32100 -16.27600 -23.50900 -10.01000 -14.43500 -1.93300 -1.85100 0.67100 -3.16400 -6.06300 2.38000 2.41100 -8.40300 -5.77800 -4.01800
163.00000 -7.01900 -12.46100 -13.83500 -21.55600 -11.96300 -15.41100 -3.39800 -1.36300 0.67100 -3.65200 -7.52800 1.89200 0.94600 -9.37900 -6.75500 -4.99500
164.00000 1.28200 -5.13700 -10.90500 -16.18400 -10.01000 -14.43500 -4.37400 -0.87500 0.18300 -4.14000 -8.01600 1.40400 -1.00700 -11.33200 -8.21900 -5.97100
165.00000 7.62900 0.72200 -9.44000 -10.81300 -6.10400 -13.94700 -5.35100 -0.87500 -0.79300 -4.62800 -8.50400 -0.06100 -3.44800 -12.79700 -10.17300 -7.43600
166.00000 9.09400 1.21100 -11.88200 -8.86000 -2.19700 -14.43500 -6.81600 -1.85100 -1.28200 -6.58200 -8.99300 -1.52600 -4.91300 -14.26200 -11.63700 -8.90100
167.00000 4.21100 -3.18400 -17.74100 -12.27800 0.73200 -17.85300 -9.25700 -3.80500 -1.77000 -9.02300 -10.94600 -2.50200 -5.89000 -15.23800 -12.61400 -9.87800
168.00000 -5.55400 -10.99700 -24.57700 -18.13800 2.68600 -21.75900 -12.18700 -5.75800 -1.28200 -11.95300 -12.89900 -3.47900 -5.89000 -16.70300 -14.07900 -10.85400
169.00000 -13.85500 -17.34400 -29.94800 -23.02000 2.68600 -24.20000 -15.11600 -6.73400 -0.79300 -13.90600 -14.85200 -4.45600 -5.40200 -17.19200 -15.05500 -11.83100
170.00000 -16.78500 -18.80900 -31.90100 -24.48500 2.68600 -22.24700 -16.09300 -6.73400 -0.79300 -12.92900 -15.34000 -4.94400 -4.91300 -17.19200 -14.56700 -11.83100
171.00000 -12.39000 -14.90300 -29.46000 -22.04400 2.19700 -16.87600 -15.11600 -5.75800 -1.28200 -9.02300 -13.38700 -3.96700 -2.96000 -15.23800 -13.10200 -10.36600
172.00000 -3.11300 -8.06700 -24.57700 -17.64900 0.24400 -11.50500 -11.69800 -4.78100 -1.28200 -3.16400 -9.96900 -1.03800 0.94600 -10.84400 -8.70800 -6.46000
173.00000 5.67600 -2.69600 -17.74100 -14.72000 -3.66200 -10.04000 -6.81600 -3.31600 -0.79300 2.20700 -4.59800 2.38000 4.85200 -4.98500 -2.84800 -0.11200
174.00000 10.07100 -1.71900 -12.37000 -13.74300 -8.05700 -11.99300 -1.93300 -1.85100 -0.30500 6.11400 0.28500 6.77500 8.75900 0.87500 3.49900 6.23600
175.00000 9.58300 -4.64900 -9.92800 -14.72000 -12.45100 -15.90000 1.97300 -0.38700 0.18300 6.60200 3.70300 10.19300 10.71200 4.78100 7.89400 10.63000
176.00000 5.67600 -7.57900 -9.92800 -15.69600 -12.93900 -17.36500 3.43800 0.59000 1.16000 5.13700 5.65600 11.16900 10.71200 5.26900 9.84700 12.09500
177.00000 2.25800 -8.06700 -11.88200 -16.18400 -7.08000 -13.45800 2.46200 0.59000 2.13600 2.69600 4.67900 10.19300 9.24700 3.80500 7.89400 10.14200
178.00000 0.79300 -3.67200 -15.29900 -15.69600 3.17400 -6.13400 0.02000 -0.87500 4.08900 1.23100 2.23800 7.75100 7.78200 1.36300 4.96400 7.70100
179.00000 1.28200 2.18700 -17.25300 -15.69600 13.42800 0.21400 -2.42100 -2.82800 5.55400 1.71900 -0.20300 5.79800 7.29400 0.38700 3.01100 6.23600
180.00000 3.23500 6.09300 -17.25300 -16.18400 19.77500 2.16700 -3.88600 -3.31600 6.04200 4.16100 -1.66800 5.31000 8.27000 0.87500 3.01100 6.72400
181.00000 4.70000 6.09300 -14.81100 -17.16100 18.79900 -1.25100 -1.93300 -2.34000 5.06600 6.60200 -0.69200 6.77500 9.73500 2.34000 4.96400 8.67700
182.00000 6.65300 1.69900 -10.90500 -16.67300 11.47500 -7.59900 0.99700 0.59000 2.62500 7.57900 2.23800 9.21600 10.71200 3.31600 7.40600 10.14200
183.00000 8.11800 -3.18400 -7.48700 -15.69600 2.19700 -12.97000 4.90300 4.00800 0.18300 6.11400 5.65600 11.16900 10.71200 3.80500 8.87000 11.60700
184.00000 8.11800 -6.60200 -6.99900 -14.23100 -5.12700 -14.92300 7.34500 5.96100 -1.28200 3.18400 8.58600 12.63400 10.71200 3.80500 9.84700 12.09500
185.00000 7.14100 -8.55500 -8.95200 -13.74300 -9.03300 -14.92300 7.34500 6.44900 -0.79300 1.23100 9.56200 12.63400 10.71200 3.80500 10.33500 12.09500
186.00000 5.18800 -9.04300 -10.90500 -14.23100 -9.52100 -14.43500 6.36800 5.47300 0.18300 0.25400 9.07400 12.14600 11.20000 4.29300 10.82400 12.58300
187.00000 3.72300 -9.04300 -11.88200 -15.20800 -9.03300 -13.45800 5.88000 4.00800 0.67100 1.71900 8.58600 11.65800 11.20000 5.26900 11.31200 14.53700
188.00000 3.72300 -8.06700 -11.39300 -16.18400 -7.08000 -12.97000 5.39100 3.03100 0.67100 3.67200 7.12100 11.16900 11.20000 5.75800 11.31200 15.02500
189.00000 6.65300 -5.13700 -9.92800 -15.69600 -2.68600 -11.01700 5.39100 2.54300 1.16000 4.64900 6.14400 10.68100 10.22300 5.75800 10.33500 14.53700
190.00000 9.58300 -0.25400 -10.41700 -14.72000 4.15000 -7.11100 3.92700 1.56700 2.13600 4.64900 4.67900 9.21600 9.24700 3.80500 7.89400 12.58300
191.00000 11.53600 4.62800 -13.34600 -14.72000 10.98600 -3.20400 0.99700 0.10200 5.06600 4.64900 2.72600 7.26300 8.75900 2.82800 5.45200 10.14200
192.00000 10.55900 6.09300 -17.25300 -16.18400 16.35700 0.21400 -2.42100 -2.34000 8.97200 6.60200 0.77300 5.79800 9.73500 2.82800 3.49900 8.18900
193.00000 7.62900 4.14000 -20.18200 -18.13800 16.84600 1.19000 -5.35100 -3.80500 11.41400 10.02000 0.28500 5.31000 11.68800 4.29300 3.49900 8.67700
194.00000 4.70000 -0.25400 -21.64700 -20.09100 13.42800 -1.25100 -5.35100 -3.80500 11.90200 12.95000 0.77300 6.28700 13.15300 6.73400 4.47600 9.65400
195.00000 3.23500 -4.64900 -20.18200 -20.09100 8.05700 -5.15700 -3.39800 -2.82800 9.94900 12.95000 2.72600 7.26300 13.64100 7.71100 5.94100 11.11900
196.00000 4.21100 -7.09000 -18.71700 -18.13800 4.15000 -9.06400 -0.46800 -0.87500 7.50700 10.50800 4.19100 8.72800 12.17700 7.22200 7.40600 11.11900
197.00000 7.14100 -6.60200 -16.27600 -15.69600 3.17400 -11.01700 1.97300 0.59000 6.04200 6.60200 5.16800 9.21600 10.71200 5.75800 8.38200 11.11900
198.00000 9.09400 -4.16100 -14.32300 -13.25500 4.63900 -10.52900 3.43800 2.05500 5.55400 4.16100 5.16800 10.19300 9.73500 5.26900 9.84700 11.60700
199.00000 10.07100 -1.23100 -12.37000 -12.27800 6.59200 -7.59900 3.92700 3.03100 6.53100 5.13700 5.65600 11.65800 10.71200 6.24600 11.80000 14.04800
200.00000 9.09400 0.23400 -10.90500 -11.79000 6.59200 -5.15700 3.43800 3.52000 7.50700 7.09000 6.63200 13.61100 12.66500 8.19900 13.75300 16.49000
201.00000 8.11800 -0.74300 -10.90500 -11.79000 5.12700 -4.18100 2.95000 4.49600 7.50700 8.06700 7.60900 15.07600 13.64100 8.68700 15.21800 17.46600
202.00000 6.65300 -2.69600 -13.34600 -11.79000 3.17400 -6.62200 1.48500 4.49600 7.01900 5.62500 8.09700 15.56400 12.66500 6.24600 15.21800 16.00100
203.00000 6.16500 -5.62500 -16.76400 -12.76700 1.70900 -11.50500 0.02000 4.49600 6.04200 0.25400 7.12100 14.58700 9.73500 1.36300 13.26500 13.07200
204.00000 5.18800 -8.06700 -19.20600 -13.74300 1.70900 -16.38800 -0.95600 3.52000 6.04200 -4.14000 6.14400 12.63400 7.29400 -3.03100 11.80000 9.65400
205.00000 4.70000 -9.53200 -19.20600 -15.20800 2.19700 -18.82900 0.02000 3.52000 7.50700 -5.60500 5.65600 11.16900 5.82900 -4.98500 10.82400 8.67700
206.00000 4.70000 -9.53200 -16.76400 -16.18400 2.19700 -17.85300 2.95000 4.00800 8.97200 -2.67500 6.63200 11.16900 6.80500 -4.00800 11.31200 10.14200
207.00000 6.16500 -7.57900 -12.85800 -15.69600 0.73200 -14.92300 7.34500 4.98500 9.46000 2.20700 8.09700 12.63400 8.75900 -0.10200 12.28800 12.58300
208.00000 8.60600 -4.64900 -8.95200 -13.25500 -0.73200 -11.50500 10.27400 6.44900 7.99600 6.60200 9.56200 13.61100 10.22300 2.34000 12.28800 14.04800
209.00000 12.02400 -1.71900 -7.48700 -8.86000 -1.22100 -9.55200 11.25100 6.93800 5.55400 7.09000 9.56200 13.61100 9.73500 2.82800 10.82400 13.07200
210.00000 13.48900 -0.25400 -7.97500 -5.44200 -0.24400 -9.06400 9.78600 6.93800 3.11300 4.64900 7.60900 12.63400 7.78200 0.87500 7.89400 10.14200
211.00000 13.97700 0.23400 -9.92800 -3.48900 3.17400 -10.04000 7.83300 6.44900 3.11300 2.20700 5.16800 11.65800 6.31700 -0.59000 4.96400 7.70100
212.00000 13.00000 -0.74300 -10.41700 -4.95400 6.59200 -11.50500 7.83300 5.96100 4.57800 1.71900 4.67900 11.16900 6.31700 -0.59000 3.98800 7.21200
213.00000 12.02400 -2.20700 -9.92800 -7.39500 9.03300 -11.50500 10.27400 5.96100 7.01900 4.16100 6.63200 12.14600 7.78200 1.36300 5.94100 8.18900
214.00000 12.51200 -2.20700 -7.97500 -8.86000 9.52100 -11.01700 13.69200 6.93800 8.97200 8.06700 10.05000 14.09900 9.73500 3.80500 8.87000 10.63000
215.00000 13.97700 -1.23100 -6.51000 -8.37200 8.05700 -10.04000 16.62200 7.91400 9.94900 10.50800 12.98000 15.56400 10.71200 5.26900 11.80000 12.09500
216.00000 16.41800 0.72200 -5.53400 -6.41900 6.59200 -9.55200 17.59800 8.40300 9.94900 10.99700 13.95700 15.56400 10.71200 4.78100 12.77700 12.58300
217.00000 17.88300 2.67500 -5.53400 -3.48900 5.61500 -9.55200 16.13400 7.91400 9.46000 9.04300 12.49200 15.07600 9.24700 3.31600 11.31200 11.60700
218.00000 17.88300 2.67500 -5.53400 -2.51300 5.12700 -10.52900 14.18100 7.91400 8.48400 7.09000 9.56200 14.09900 7.29400 0.87500 9.35900 9.65400
219.00000 16.41800 1.21100 -5.53400 -3.48900 4.15000 -10.52900 11.73900 7.91400 7.50700 6.11400 7.12100 13.12300 5.82900 -0.59000 7.89400 8.18900
220.00000 13.97700 -1.71900 -6.02200 -5.44200 3.66200 -10.04000 10.76300 8.40300 5.55400 5.62500 4.67900 13.12300 4.85200 -2.54300 6.42900 6.23600
221.00000 11.53600 -5.13700 -7.48700 -7.88400 3.17400 -10.04000 9.78600 8.40300 4.08900 5.13700 3.70300 13.61100 4.36400 -3.52000 5.45200 4.77100
222.00000 9.09400 -8.06700 -10.90500 -9.34900 2.68600 -11.99300 8.80900 8.40300 3.11300 3.67200 3.70300 13.61100 4.36400 -4.49600 4.96400 3.79400
223.00000 6.65300 -10.50800 -14.81100 -11.30200 2.19700 -15.41100 7.83300 7.42600 4.57800 1.71900 4.19100 13.61100 5.82900 -4.98500 4.47600 3.30600
224.00000 4.70000 -11.97300 -18.22900 -13.25500 1.70900 -18.34100 7.83300 6.44900 6.53100 0.74300 5.16800 13.12300 8.27000 -4.49600 5.45200 4.28300
225.00000 3.23500 -11.97300 -19.20600 -15.69600 0.24400 -19.80600 8.80900 5.47300 8.48400 1.71900 6.14400 12.63400 11.20000 -3.03100 6.91700 6.23600
226.00000 2.74700 -11.48500 -17.25300 -17.64900 -1.70900 -18.82900 10.27400 4.98500 8.97200 3.67200 6.63200 11.65800 13.15300 -1.56700 7.89400 7.70100
227.00000 3.72300 -10.02000 -12.85800 -17.16100 -4.15000 -15.90000 11.25100 4.98500 7.99600 5.62500 6.14400 10.19300 13.15300 -0.10200 7.40600 8.18900
228.00000 5.67600 -9.53200 -8.46400 -15.20800 -5.12700 -13.94700 11.25100 4.98500 6.53100 6.60200 4.67900 8.72800 12.17700 0.38700 4.96400 7.21200
229.00000 7.62900 -9.53200 -6.51000 -11.79000 -5.12700 -14.43500 10.76300 5.47300 6.04200 6.11400 3.21500 8.72800 11.20000 0.87500 3.01100 5.74700
230.00000 8.60600 -10.50800 -6.51000 -9.83700 -4.63900 -15.90000 10.76300 5.47300 6.04200 5.13700 3.21500 9.70500 10.22300 0.87500 2.03500 4.77100
231.00000 8.11800 -12.46100 -9.44000 -10.81300 -4.63900 -18.34100 10.76300 5.96100 6.04200 3.67200 4.67900 12.14600 9.73500 0.87500 3.01100 5.25900
232.00000 5.18800 -13.92600 -13.83500 -14.23100 -4.63900 -19.80600 10.76300 6.44900 5.55400 2.20700 6.63200 14.58700 9.24700 0.87500 4.96400 6.23600
233.00000 1.77000 -16.36800 -18.22900 -18.13800 -5.61500 -21.75900 10.27400 5.96100 4.08900 0.74300 6.63200 15.07600 7.78200 -0.59000 5.94100 5.74700
234.00000 -2.62500 -17.83200 -21.64700 -21.06700 -5.61500 -24.68900 9.29800 5.47300 3.11300 -0.72200 5.16800 13.12300 5.34100 -2.54300 4.47600 3.79400
235.00000 -5.55400 -19.78600 -23.60000 -22.04400 -5.61500 -28.10700 7.83300 4.49600 3.11300 -2.67500 2.23800 10.19300 2.41100 -5.47300 1.05800 0.37600
236.00000 -7.99600 -21.73900 -24.08900 -21.06700 -4.63900 -31.03600 6.85600 4.00800 3.60100 -4.62800 -0.69200 7.26300 -0.03100 -7.91400 -2.84800 -3.53000
237.00000 -8.48400 -23.20400 -23.60000 -19.60200 -4.15000 -31.52500 5.88000 4.00800 4.08900 -6.09300 -3.13300 4.33300 -1.00700 -10.35600 -6.26600 -5.97100
238.00000 -8.48400 -23.69200 -23.11200 -18.13800 -4.63900 -29.08300 4.90300 4.00800 3.60100 -6.58200 -5.08600 2.86900 -0.51900 -11.82000 -8.21900 -7.43600
239.00000 -8.97200 -24.18000 -23.60000 -18.13800 -5.61500 -26.15400 2.95000 3.03100 2.62500 -7.07000 -6.55100 1.89200 0.45800 -12.79700 -9.19600 -7.92400
240.00000 -9.94900 -24.18000 -25.55300 -19.11400 -6.59200 -24.20000 0.02000 2.05500 3.11300 -7.07000 -7.52800 1.40400 1.43400 -13.28500 -9.19600 -7.43600
241.00000 -11.41400 -23.69200 -27.99500 -20.57900 -6.59200 -24.68900 -2.42100 0.59000 4.08900 -6.09300 -8.01600 1.89200 2.41100 -12.30900 -8.70800 -6.94800
242.00000 -12.39000 -23.69200 -30.43600 -22.53200 -6.10400 -26.64200 -4.37400 -0.38700 6.04200 -5.60500 -7.52800 2.86900 3.38700 -11.33200 -7.24300 -5.97100
243.00000 -12.87800 -23.69200 -31.41300 -23.99700 -4.63900 -28.59500 -5.83900 -0.38700 7.50700 -5.11700 -6.55100 3.84500 3.38700 -10.35600 -6.26600 -5.48300
244.00000 -11.90200 -24.18000 -31.90100 -23.99700 -4.15000 -30.06000 -6.81600 -0.38700 7.01900 -5.60500 -6.55100 4.33300 3.38700 -9.86700 -5.77800 -4.99500
245.00000 -11.41400 -25.15700 -31.41300 -23.99700 -5.12700 -31.52500 -7.79200 -0.38700 4.57800 -7.07000 -7.52800 3.35700 2.89900 -10.35600 -6.26600 -5.48300
246.00000 -11.90200 -26.13300 -31.41300 -23.02000 -6.59200 -33.47800 -9.74500 -0.87500 2.13600 -9.02300 -10.45700 1.89200 2.41100 -12.30900 -7.73100 -6.46000
247.00000 -13.36700 -27.59800 -32.38900 -22.53200 -8.54500 -35.91900 -11.21000 -1.36300 0.67100 -10.97600 -13.38700 0.42700 2.41100 -13.77400 -9.19600 -8.41300
248.00000 -15.32000 -29.06300 -34.34200 -22.04400 -9.52100 -38.84900 -11.69800 -1.36300 0.67100 -11.95300 -14.36400 -0.06100 1.92300 -15.23800 -10.66100 -9.38900
249.00000 -16.78500 -30.52800 -35.80700 -23.02000 -10.01000 -40.80200 -11.21000 -1.36300 1.16000 -12.92900 -14.36400 -0.54900 0.94600 -16.21500 -11.14900 -10.36600
250.00000 -16.78500 -31.50400 -36.29600 -23.50900 -10.49800 -40.80200 -9.74500 -0.87500 1.16000 -13.41800 -13.38700 -0.54900 -0.51900 -18.16800 -11.63700 -11.83100
251.00000 -15.80800 -31.50400 -35.80700 -23.99700 -11.47500 -39.82500 -8.76900 -0.87500 0.18300 -15.37100 -12.89900 -0.54900 -2.96000 -19.63300 -12.61400 -13.29500
252.00000 -15.32000 -31.01600 -35.31900 -24.97400 -12.93900 -38.36100 -8.76900 -1.36300 -1.77000 -17.81200 -13.38700 -1.52600 -4.42500 -21.58600 -15.05500 -14.76000
253.00000 -15.80800 -31.01600 -35.31900 -25.46200 -14.40400 -38.36100 -10.72200 -1.36300 -3.23500 -18.78900 -15.34000 -2.01400 -5.89000 -23.05100 -17.00800 -16.22500
254.00000 -17.27300 -31.99300 -35.80700 -25.95000 -15.38100 -39.82500 -12.67500 -1.85100 -4.70000 -19.27700 -16.80500 -2.01400 -6.86600 -23.53900 -18.47300 -17.20200
255.00000 -19.71400 -33.94600 -35.31900 -26.43800 -15.86900 -42.75500 -14.62800 -2.82800 -5.18800 -19.27700 -17.78200 -2.01400 -7.84300 -24.51600 -18.96200 -18.66700
256.00000 -21.66700 -36.38700 -35.31900 -26.43800 -16.35700 -45.68500 -16.09300 -3.80500 -5.67600 -20.74200 -18.27000 -2.50200 -8.82000 -25.49200 -18.96200 -19.64300
