1.00000 -3.14300 -5.50300 2.75700 1.47500 -6.47000 -11.96300 7.06000 4.79100 -5.18800 -1.41400 -0.64100 2.66500 -2.98100 -5.57500 0.78300 -0.89500
2.00000 -3.63200 -6.48000 4.71000 0.98700 -6.95800 -10.98600 11.45400 5.28000 -5.18800 -4.83200 0.82400 3.64200 -2.98100 -6.55100 4.69000 0.08100
3.00000 -3.14300 -7.45600 6.66300 -0.47800 -6.95800 -7.08000 13.40700 4.30300 -4.21100 -9.22600 1.80100 4.13000 -0.53900 -5.57500 6.15400 0.57000
4.00000 -2.65500 -7.45600 7.15100 -1.45500 -6.95800 -4.15000 11.94300 2.83800 -2.74700 -8.73800 1.31200 4.13000 1.41400 -3.13300 5.17800 0.08100
5.00000 -1.67800 -6.48000 6.17500 -2.92000 -5.49300 -3.17400 6.08300 1.37300 -1.28200 -1.41400 1.31200 3.64200 2.87900 -1.18000 2.73600 -1.38300
6.00000 -1.67800 -5.50300 4.71000 -3.89600 -3.54000 -4.63900 -0.75300 -0.09200 -0.30500 6.88700 -0.64100 3.15300 2.39100 -0.20300 0.29500 -2.84800
7.00000 -2.65500 -5.50300 2.75700 -4.38400 -2.07500 -6.10400 -7.10000 -1.55600 0.67100 8.35200 -2.10600 2.66500 0.92600 -1.18000 -1.65800 -2.84800
8.00000 -5.09600 -5.50300 0.80400 -4.87300 -2.07500 -5.12700 -10.03000 -2.53300 1.16000 1.02700 -4.54700 2.17700 -0.05100 -3.13300 -1.17000 -1.87200
9.00000 -6.56100 -5.50300 -1.63800 -5.84900 -2.07500 -1.22100 -9.54200 -3.02100 1.64800 -9.71500 -6.01200 2.66500 -0.05100 -4.11000 0.78300 0.08100
10.00000 -6.56100 -3.55000 -3.59100 -6.82600 -2.56300 3.17400 -7.58900 -3.02100 2.13600 -14.59800 -6.50000 3.15300 0.92600 -3.62100 3.22500 3.01100
11.00000 -4.60800 -0.62100 -4.56700 -6.82600 -1.58700 6.10400 -5.14700 -2.04500 2.62500 -9.22600 -4.54700 3.64200 2.39100 -2.15700 5.66600 5.45200
12.00000 -3.14300 1.82100 -4.07900 -5.84900 -0.12200 6.10400 -4.65900 -1.55600 2.13600 2.98100 -1.61700 4.13000 2.87900 -0.20300 7.61900 7.40600
13.00000 -2.16700 2.79700 -3.10300 -4.38400 1.34300 3.66200 -5.63600 -1.55600 1.64800 12.74600 -0.15300 3.64200 1.90200 0.28500 7.13100 7.40600
14.00000 -3.14300 1.82100 -3.10300 -2.92000 1.34300 0.24400 -6.12400 -3.02100 1.16000 12.25800 -0.64100 2.66500 0.43700 0.28500 5.17800 5.94100
15.00000 -4.12000 -0.62100 -4.07900 -2.43100 1.34300 -1.70900 -6.61200 -4.97400 1.64800 2.49200 -3.08200 0.71200 -1.02700 -0.69200 1.76000 3.01100
16.00000 -3.14300 -1.59700 -5.05600 -3.89600 0.36600 -2.19700 -6.12400 -6.92700 2.62500 -7.27300 -6.50000 -0.26400 -0.53900 -1.18000 -1.65800 0.08100
17.00000 -1.19000 -1.59700 -4.56700 -5.36100 -0.12200 -1.70900 -5.14700 -6.92700 2.62500 -9.22600 -8.94200 -0.26400 0.92600 -0.20300 -3.12300 -1.38300
18.00000 0.76300 -0.62100 -1.63800 -7.31400 -1.09900 -1.22100 -4.17100 -6.43900 2.62500 -2.39100 -8.94200 1.20000 2.39100 1.26100 -2.14600 -0.89500
19.00000 0.76300 -0.62100 1.29200 -7.80200 -2.56300 0.24400 -4.17100 -4.97400 1.64800 4.93400 -6.01200 3.15300 3.85500 3.21500 0.78300 1.54600
20.00000 -2.65500 -1.59700 3.24500 -6.82600 -4.02800 1.70900 -4.65900 -3.51000 1.64800 4.93400 -2.59400 5.10700 4.34400 4.67900 4.20100 4.96400
21.00000 -7.05000 -4.52700 2.26800 -6.33700 -5.49300 3.17400 -5.14700 -3.02100 1.64800 -2.87900 -1.12900 5.10700 4.34400 4.67900 4.69000 6.91700
22.00000 -9.97900 -6.48000 -0.66100 -4.87300 -5.98100 3.17400 -5.14700 -3.51000 2.13600 -10.69100 -2.59400 3.64200 3.36700 3.70300 2.24800 6.91700
23.00000 -10.46800 -6.96800 -2.61400 -4.87300 -5.49300 1.22100 -5.14700 -3.51000 3.11300 -10.69100 -6.01200 1.20000 2.87900 2.23800 -3.61100 4.96400
24.00000 -8.51400 -6.48000 -3.59100 -5.36100 -4.51700 -2.68600 -4.65900 -3.99800 3.11300 -0.43700 -8.94200 -1.24100 1.90200 0.28500 -8.98200 2.03500
25.00000 -7.05000 -5.99200 -2.61400 -5.84900 -4.51700 -7.08000 -5.14700 -3.99800 2.13600 11.28100 -9.43000 -2.21800 1.90200 -0.69200 -12.40000 -0.40700
26.00000 -8.02600 -5.99200 -1.63800 -7.31400 -5.49300 -10.49800 -4.65900 -3.51000 0.67100 14.21100 -6.98900 -1.24100 1.41400 -0.20300 -12.40000 -2.36000
27.00000 -11.44400 -7.45600 -0.66100 -8.29100 -6.95800 -11.47500 -4.17100 -2.04500 -0.30500 5.91000 -4.05900 0.71200 1.90200 1.26100 -9.47100 -2.84800
28.00000 -14.86200 -9.41000 -0.66100 -9.26700 -7.93500 -10.98600 -2.70600 -1.06800 -0.30500 -7.27300 -2.10600 2.17700 2.87900 2.72600 -7.02900 -2.36000
29.00000 -14.86200 -10.38600 -0.66100 -10.24400 -7.93500 -9.03300 -1.24100 -0.09200 0.67100 -13.62100 -3.08200 2.66500 3.36700 3.70300 -5.56400 -0.89500
30.00000 -12.42100 -10.38600 -0.66100 -10.24400 -6.95800 -5.61500 0.71200 -0.09200 2.62500 -8.73800 -5.52400 2.17700 4.34400 3.70300 -6.05300 0.08100
31.00000 -8.02600 -8.92100 -0.66100 -9.75500 -5.49300 -1.70900 2.17700 -1.06800 3.60100 4.44500 -7.47700 2.17700 4.83200 2.72600 -6.54100 1.54600
32.00000 -4.60800 -6.96800 -1.63800 -8.29100 -4.02800 2.19700 4.13000 -1.55600 3.11300 15.67600 -6.50000 2.17700 4.83200 2.72600 -6.05300 2.52300
33.00000 -3.14300 -4.52700 -2.61400 -5.84900 -3.54000 4.15000 5.10700 -1.55600 2.13600 16.65200 -4.05900 3.15300 4.34400 2.72600 -4.10000 3.49900
34.00000 -4.60800 -3.55000 -3.10300 -4.87300 -3.54000 3.66200 4.13000 -1.06800 0.18300 7.86300 -2.10600 3.15300 4.34400 3.70300 -2.63500 4.47600
35.00000 -6.56100 -4.03800 -2.61400 -4.87300 -3.54000 0.24400 2.17700 -1.06800 -0.79300 -2.39100 -1.61700 3.15300 4.34400 5.16800 -1.65800 4.47600
36.00000 -8.02600 -5.01500 -2.12600 -5.84900 -4.51700 -3.66200 0.71200 -1.06800 0.18300 -6.78500 -2.59400 1.68900 4.34400 5.16800 -2.14600 3.98800
37.00000 -7.53800 -6.48000 -2.12600 -6.33700 -5.00500 -7.56800 0.22400 -1.55600 2.13600 -3.85500 -4.05900 1.20000 4.34400 5.16800 -2.63500 3.01100
38.00000 -7.05000 -6.96800 -2.61400 -5.84900 -5.00500 -9.03300 2.17700 -1.55600 3.60100 2.00400 -4.05900 1.20000 4.34400 3.70300 -2.63500 2.03500
39.00000 -6.56100 -6.48000 -2.61400 -4.87300 -4.51700 -9.03300 5.10700 -2.04500 4.08900 5.91000 -2.59400 1.20000 3.85500 3.21500 -1.65800 1.05800
40.00000 -6.56100 -5.50300 -3.10300 -3.89600 -4.02800 -7.08000 6.57100 -2.04500 3.60100 4.93400 -2.10600 1.20000 3.36700 2.72600 -1.17000 -0.40700
41.00000 -7.05000 -4.52700 -3.59100 -3.89600 -3.05200 -4.15000 4.61800 -2.53300 2.62500 0.53900 -3.57100 -0.26400 2.39100 2.72600 -1.65800 -1.38300
42.00000 -7.05000 -2.57400 -6.03200 -5.84900 -2.56300 -0.24400 -0.26400 -3.99800 2.13600 -2.87900 -7.47700 -1.72900 1.41400 2.72600 -3.12300 -2.36000
43.00000 -5.58500 -1.59700 -8.96200 -8.29100 -2.56300 3.66200 -5.14700 -5.46300 2.13600 -3.36700 -10.89500 -4.17100 0.43700 1.75000 -5.56400 -3.82500
44.00000 -2.65500 -0.13200 -11.40300 -9.26700 -2.07500 6.59200 -6.61200 -6.43900 2.62500 -0.92600 -12.84800 -5.63600 -1.51600 -1.18000 -7.02900 -5.29000
45.00000 0.27500 1.33300 -11.89200 -8.29100 -1.58700 7.08000 -3.68200 -6.43900 2.62500 3.46900 -12.84800 -6.61200 -3.46900 -5.08600 -8.98200 -7.24300
46.00000 2.71600 2.79700 -10.42700 -5.36100 -0.12200 5.61500 0.22400 -5.46300 2.62500 7.86300 -12.84800 -7.58900 -5.42200 -8.01600 -10.93500 -9.68400
47.00000 3.20400 3.77400 -8.47400 -2.43100 1.34300 2.68600 3.64200 -3.99800 2.13600 10.79300 -13.82400 -8.07700 -6.88700 -9.48100 -11.91200 -10.66100
48.00000 2.71600 3.28600 -7.98500 -0.47800 2.31900 -0.73200 3.15300 -3.51000 2.62500 10.79300 -16.26600 -8.07700 -6.39900 -8.50400 -12.40000 -10.66100
49.00000 0.76300 2.79700 -8.96200 -0.47800 1.83100 -2.68600 0.71200 -3.51000 2.62500 7.37500 -17.73100 -7.58900 -4.44500 -5.57500 -10.93500 -8.70800
50.00000 -0.21400 2.30900 -10.91500 -1.45500 1.34300 -3.66200 -1.24100 -3.51000 3.11300 1.51600 -17.24200 -6.12400 -2.49200 -2.15700 -8.00600 -5.77800
51.00000 -0.70200 1.82100 -11.40300 -2.92000 0.85400 -3.17400 -1.72900 -3.51000 2.62500 -5.80900 -14.31300 -4.17100 -1.02700 -0.69200 -5.07600 -3.33700
52.00000 -0.70200 2.30900 -9.93900 -3.89600 0.85400 -0.73200 -1.24100 -3.51000 2.13600 -10.69100 -11.87100 -2.70600 -1.02700 -0.69200 -5.07600 -3.82500
53.00000 -1.19000 2.30900 -7.98500 -4.38400 1.34300 1.70900 -0.75300 -3.02100 0.67100 -12.15600 -11.38300 -2.70600 -2.49200 -2.15700 -8.49400 -6.26600
54.00000 -1.67800 1.82100 -7.00900 -4.38400 0.36600 3.66200 -1.72900 -3.51000 -0.79300 -10.69100 -13.82400 -4.17100 -3.95700 -5.08600 -13.37700 -10.17300
55.00000 -3.63200 0.35600 -7.49700 -3.89600 -1.58700 3.66200 -2.70600 -3.51000 -2.74700 -7.76200 -16.75400 -5.14700 -5.91000 -8.01600 -16.79500 -13.10200
56.00000 -5.09600 -2.08500 -8.96200 -3.89600 -4.02800 0.24400 -3.68200 -3.51000 -4.21100 -5.80900 -19.68400 -5.63600 -6.39900 -11.43400 -17.77100 -14.07900
57.00000 -6.07300 -4.52700 -9.93900 -4.87300 -6.47000 -5.61500 -2.70600 -3.51000 -4.70000 -3.36700 -20.17200 -5.63600 -6.88700 -13.87500 -16.79500 -13.59000
58.00000 -5.09600 -5.01500 -9.45000 -5.84900 -6.47000 -11.47500 -1.24100 -3.02100 -4.21100 -0.92600 -19.68400 -5.14700 -6.88700 -15.82800 -15.33000 -12.12600
59.00000 -3.14300 -4.52700 -9.45000 -7.31400 -5.49300 -13.91600 -0.75300 -3.51000 -3.23500 1.51600 -19.19600 -4.65900 -6.88700 -15.82800 -15.81800 -11.63700
60.00000 -0.21400 -2.08500 -9.93900 -7.80200 -3.05200 -12.45100 -1.24100 -3.51000 -1.77000 2.00400 -19.68400 -5.14700 -6.88700 -14.85200 -17.28300 -12.12600
61.00000 1.74000 0.35600 -9.93900 -6.33700 -1.09900 -8.05700 -3.68200 -3.51000 -1.28200 0.53900 -20.66000 -5.63600 -7.37500 -13.38700 -18.74800 -13.59000
62.00000 3.69300 2.30900 -7.98500 -2.92000 -0.12200 -4.15000 -6.12400 -2.53300 -2.25800 -2.87900 -21.14900 -5.63600 -7.86300 -12.89900 -19.72500 -15.05500
63.00000 5.15700 4.26200 -3.59100 0.49800 -0.61000 -2.19700 -6.61200 -0.58000 -3.23500 -6.78500 -21.14900 -5.14700 -8.84000 -14.36400 -19.23600 -16.52000
64.00000 7.11100 5.23900 1.78000 2.94000 -1.09900 -2.19700 -6.12400 1.86200 -4.21100 -9.71500 -20.17200 -4.17100 -9.81600 -16.31700 -17.77100 -17.00800
65.00000 8.57500 5.72700 3.73300 3.42800 -1.09900 -2.19700 -4.65900 3.81500 -4.21100 -11.66800 -19.19600 -3.68200 -8.84000 -17.29300 -16.30700 -16.03200
66.00000 8.57500 4.75100 2.26800 1.47500 -1.58700 -1.70900 -3.68200 4.79100 -3.23500 -13.62100 -18.70700 -3.19400 -6.88700 -15.82800 -15.81800 -14.56700
67.00000 7.59900 3.77400 -1.63800 0.01000 -1.58700 -0.24400 -3.19400 3.81500 -1.77000 -15.57400 -18.70700 -2.70600 -3.95700 -13.38700 -14.84200 -12.12600
68.00000 5.64600 2.30900 -4.56700 -0.96600 -2.07500 0.73200 -3.19400 3.32600 -0.79300 -16.06200 -18.21900 -2.21800 -2.98100 -10.94600 -13.86500 -9.68400
69.00000 5.15700 2.30900 -4.56700 -0.47800 -2.07500 -0.24400 -2.70600 1.86200 -0.79300 -13.13300 -16.75400 -1.24100 -2.98100 -10.45700 -12.88900 -8.70800
70.00000 7.11100 3.77400 -2.12600 0.98700 -2.07500 -1.70900 -2.70600 1.37300 -0.79300 -5.80900 -14.80100 -0.75300 -4.93400 -11.92200 -11.91200 -9.19600
71.00000 10.04000 6.21500 0.31500 2.45200 -1.09900 -2.68600 -3.19400 1.37300 -1.28200 2.00400 -14.31300 -0.75300 -6.88700 -14.36400 -12.40000 -10.17300
72.00000 12.48200 8.16900 0.31500 2.45200 -0.12200 -1.22100 -3.68200 1.37300 -1.28200 5.42200 -15.77800 -2.21800 -7.86300 -16.31700 -13.37700 -10.66100
73.00000 11.99300 8.65700 -1.14900 1.47500 0.36600 1.70900 -4.17100 1.86200 -0.30500 2.00400 -18.70700 -3.19400 -7.86300 -16.80500 -15.33000 -11.14900
74.00000 8.57500 7.68000 -3.10300 -0.47800 0.36600 4.15000 -3.68200 1.37300 0.67100 -6.29700 -21.14900 -4.17100 -7.37500 -15.34000 -15.81800 -10.17300
75.00000 4.66900 5.72700 -3.10300 -2.43100 -0.12200 4.63900 -2.70600 1.37300 1.64800 -13.62100 -21.14900 -4.17100 -6.39900 -13.38700 -15.81800 -9.19600
76.00000 3.20400 4.26200 -1.63800 -2.92000 -0.61000 4.15000 -2.21800 0.39700 2.13600 -14.10900 -18.70700 -3.19400 -5.91000 -11.43400 -15.33000 -8.70800
77.00000 5.15700 4.26200 -0.66100 -2.92000 -0.12200 3.66200 -3.68200 -0.09200 1.64800 -7.76200 -15.77800 -2.70600 -5.42200 -11.43400 -14.84200 -8.70800
78.00000 8.57500 5.72700 -1.14900 -2.43100 0.85400 4.15000 -7.10000 -0.58000 -0.30500 -0.43700 -14.31300 -2.70600 -4.93400 -11.92200 -13.86500 -8.21900
79.00000 10.52900 6.70400 -2.12600 -1.94300 1.34300 4.63900 -10.03000 -1.06800 -1.28200 0.53900 -15.77800 -2.70600 -4.93400 -12.89900 -12.88900 -6.75500
80.00000 9.06400 6.70400 -2.61400 -1.94300 1.34300 3.66200 -11.98300 -1.55600 -1.77000 -8.25000 -17.73100 -3.19400 -4.93400 -14.36400 -11.42400 -5.29000
81.00000 4.66900 4.75100 -2.12600 -2.43100 0.85400 0.73200 -11.49500 -1.06800 -0.79300 -22.41000 -19.19600 -2.70600 -4.93400 -15.82800 -10.44700 -3.82500
82.00000 0.27500 1.82100 -2.61400 -2.43100 -0.12200 -2.68600 -9.05400 -0.58000 0.18300 -31.68700 -18.70700 -2.21800 -4.93400 -15.82800 -10.44700 -4.80100
83.00000 -2.16700 -1.10900 -5.05600 -2.43100 -1.58700 -4.63900 -7.10000 0.39700 1.64800 -27.78100 -17.24200 -1.72900 -4.44500 -15.34000 -12.40000 -7.24300
84.00000 -1.19000 -3.06200 -8.96200 -2.43100 -1.58700 -4.15000 -6.12400 0.88500 2.13600 -11.66800 -16.26600 -1.72900 -3.46900 -14.36400 -15.33000 -9.68400
85.00000 0.76300 -4.03800 -12.86800 -2.92000 -1.58700 -3.66200 -7.10000 1.37300 2.13600 7.37500 -16.75400 -2.21800 -2.49200 -12.89900 -18.26000 -11.14900
86.00000 1.25100 -5.01500 -13.84500 -5.36100 -2.07500 -4.63900 -8.56500 0.39700 1.64800 15.67600 -17.73100 -1.72900 -1.51600 -11.92200 -18.74800 -10.66100
87.00000 -1.19000 -5.99200 -11.40300 -8.29100 -3.05200 -8.54500 -10.03000 -0.09200 1.64800 7.86300 -17.73100 -0.75300 -1.51600 -11.43400 -17.28300 -9.68400
88.00000 -5.58500 -8.43300 -7.98500 -11.22000 -4.02800 -11.96300 -10.03000 -0.58000 1.64800 -10.69100 -15.77800 1.20000 -2.49200 -12.41000 -15.81800 -8.70800
89.00000 -9.49100 -10.38600 -6.52100 -11.70900 -5.98100 -12.45100 -9.54200 -0.58000 0.67100 -26.31600 -12.36000 2.66500 -2.98100 -13.87500 -15.81800 -10.17300
90.00000 -11.44400 -11.36300 -8.47400 -9.75500 -6.95800 -10.01000 -8.07700 0.88500 -0.30500 -28.75800 -8.94200 3.64200 -3.95700 -15.34000 -17.28300 -12.12600
91.00000 -10.95600 -11.36300 -12.86800 -7.31400 -7.44600 -7.08000 -7.10000 2.35000 -0.79300 -18.50400 -8.45300 3.64200 -3.95700 -15.82800 -18.74800 -14.07900
92.00000 -9.97900 -11.36300 -16.28600 -5.36100 -6.95800 -8.05700 -6.12400 3.32600 -1.28200 -6.78500 -8.94200 3.64200 -2.98100 -14.85200 -19.23600 -13.10200
93.00000 -9.97900 -11.85100 -17.75100 -5.36100 -7.93500 -13.42800 -6.12400 4.30300 -1.28200 -5.80900 -10.40600 3.64200 -2.00400 -12.41000 -17.28300 -10.66100
94.00000 -11.93200 -14.29200 -17.75100 -6.82600 -9.39900 -20.75200 -7.58900 4.30300 -1.77000 -16.55100 -11.87100 4.61800 -0.53900 -10.45700 -14.84200 -7.73100
95.00000 -15.35000 -17.22200 -18.23900 -7.80200 -11.84100 -26.61100 -9.05400 4.30300 -3.23500 -31.19900 -12.36000 6.08300 -0.05100 -9.48100 -13.37700 -6.26600
96.00000 -18.28000 -19.66300 -20.19200 -7.80200 -13.79400 -27.58800 -10.51800 4.30300 -4.21100 -38.52300 -13.33600 6.57100 0.43700 -10.45700 -13.86500 -7.73100
97.00000 -18.76800 -20.64000 -23.61000 -8.29100 -14.28200 -25.63500 -11.98300 3.32600 -4.21100 -33.64100 -15.28900 5.59500 -0.05100 -12.89900 -16.79500 -10.66100
98.00000 -18.28000 -19.66300 -26.05200 -9.26700 -13.30600 -23.68200 -13.44800 2.35000 -3.23500 -20.45700 -17.73100 3.15300 -1.02700 -14.85200 -20.21300 -13.59000
99.00000 -16.81500 -19.17500 -26.54000 -11.22000 -11.35300 -23.68200 -15.40100 0.39700 -1.77000 -9.71500 -20.17200 1.20000 -2.00400 -16.31700 -22.16600 -15.54400
100.00000 -15.83900 -18.68700 -24.58700 -12.19700 -9.88800 -24.65800 -18.33100 -1.55600 -1.28200 -8.73800 -21.14900 -0.26400 -2.49200 -15.82800 -23.63100 -16.03200
101.00000 -15.83900 -19.66300 -22.63400 -12.19700 -9.88800 -24.65800 -21.26100 -2.04500 -1.77000 -15.08600 -21.63700 -0.75300 -2.49200 -15.34000 -23.63100 -16.03200
102.00000 -16.32700 -21.12800 -22.14600 -10.73200 -10.37600 -23.68200 -21.74900 -2.04500 -3.23500 -21.92200 -22.12500 -0.75300 -2.00400 -14.36400 -24.60700 -15.54400
103.00000 -17.30300 -21.61700 -22.14600 -9.26700 -11.35300 -22.21700 -20.28400 -1.55600 -4.21100 -22.89800 -23.10200 -1.24100 -1.51600 -14.36400 -25.58400 -15.54400
104.00000 -17.79200 -20.64000 -22.14600 -8.77900 -11.35300 -21.24000 -17.35400 -0.58000 -4.21100 -18.01600 -24.07800 -1.72900 -1.02700 -13.87500 -26.07200 -15.05500
105.00000 -16.32700 -18.68700 -19.70400 -9.26700 -10.37600 -20.75200 -14.42500 -0.58000 -2.74700 -11.18000 -25.05500 -1.72900 -1.02700 -13.87500 -25.09600 -14.07900
106.00000 -13.39700 -15.75700 -15.79800 -8.77900 -7.93500 -20.26400 -12.96000 -0.58000 -1.28200 -8.25000 -24.56700 -1.72900 -1.02700 -13.38700 -22.65400 -12.61400
107.00000 -9.49100 -11.85100 -10.91500 -6.82600 -5.98100 -18.31100 -12.47200 -0.58000 -0.30500 -8.73800 -22.61400 -1.72900 -1.51600 -12.41000 -20.70100 -11.63700
108.00000 -6.07300 -8.92100 -6.52100 -2.43100 -4.02800 -14.40400 -11.49500 0.39700 -0.30500 -10.20300 -20.17200 -1.24100 -2.00400 -11.43400 -19.72500 -10.66100
109.00000 -3.63200 -6.96800 -4.56700 0.98700 -2.56300 -10.49800 -9.54200 2.83800 -1.28200 -10.20300 -18.70700 -1.24100 -2.00400 -9.48100 -20.21300 -9.68400
110.00000 -2.65500 -5.01500 -3.10300 2.94000 -2.07500 -7.56800 -5.63600 5.76800 -1.77000 -9.71500 -16.26600 -0.75300 -1.51600 -7.52800 -20.21300 -8.70800
111.00000 -2.65500 -4.52700 -2.61400 2.45200 -1.58700 -6.59200 -0.75300 8.69800 -1.28200 -10.69100 -13.33600 0.22400 -1.51600 -6.55100 -18.74800 -6.75500
112.00000 -2.16700 -3.55000 -1.14900 0.49800 -1.58700 -5.61500 3.64200 10.16200 -0.79300 -14.10900 -9.43000 2.66500 -1.51600 -6.55100 -15.33000 -5.29000
113.00000 -0.70200 -2.57400 -0.17300 -0.96600 -1.09900 -3.17400 7.06000 11.13900 -0.79300 -15.57400 -5.52400 5.10700 -1.51600 -6.06300 -11.91200 -4.31300
114.00000 1.74000 -1.59700 0.80400 -1.45500 -1.09900 -0.24400 9.50100 11.62700 -0.79300 -10.20300 -2.59400 7.06000 -1.02700 -6.06300 -9.95900 -4.31300
115.00000 3.69300 -0.62100 1.78000 0.01000 -1.09900 2.19700 10.96600 11.13900 -1.28200 2.00400 -2.10600 7.54800 -0.53900 -4.59800 -10.93500 -5.29000
116.00000 4.18100 -1.10900 3.24500 1.47500 -2.56300 1.70900 11.45400 11.62700 -2.25800 14.69900 -3.57100 7.54800 0.92600 -2.64500 -12.40000 -5.29000
117.00000 2.71600 -2.57400 3.73300 1.47500 -4.02800 -2.19700 11.45400 12.11500 -2.25800 17.62900 -5.52400 7.54800 2.87900 -1.18000 -12.88900 -3.33700
118.00000 -0.21400 -4.52700 3.73300 0.98700 -5.98100 -7.08000 9.98900 13.09200 -1.77000 7.37500 -6.50000 8.03600 3.85500 -0.20300 -10.93500 -0.40700
119.00000 -3.14300 -5.99200 2.75700 -0.47800 -6.95800 -9.52100 9.01300 13.58000 -1.28200 -10.20300 -5.52400 9.50100 4.83200 -0.69200 -7.51700 2.52300
120.00000 -4.60800 -6.96800 0.31500 -1.94300 -6.47000 -8.05700 8.52500 14.06900 -1.28200 -22.89800 -4.05900 10.47800 4.83200 -1.18000 -5.07600 3.98800
121.00000 -4.12000 -5.99200 -1.63800 -2.43100 -5.49300 -4.15000 9.01300 13.58000 -1.28200 -21.92200 -3.08200 10.47800 4.34400 -2.15700 -5.07600 3.01100
122.00000 -2.65500 -4.52700 -2.12600 -2.43100 -4.51700 -0.24400 9.98900 13.09200 -1.77000 -6.29700 -3.57100 9.98900 3.36700 -2.15700 -7.02900 1.54600
123.00000 -2.16700 -3.06200 -1.14900 -2.92000 -4.51700 0.24400 9.98900 12.60400 -2.74700 11.77000 -5.03500 8.52500 2.87900 -2.15700 -8.98200 0.08100
124.00000 -2.16700 -3.06200 -0.17300 -3.40800 -5.00500 -2.19700 9.01300 12.11500 -4.21100 20.55900 -6.50000 8.03600 2.39100 -2.15700 -8.98200 0.57000
125.00000 -3.63200 -3.55000 -0.66100 -4.38400 -6.47000 -5.61500 6.08300 11.62700 -4.70000 14.21100 -7.47700 9.01300 2.87900 -2.15700 -7.02900 2.52300
126.00000 -4.60800 -4.52700 -2.61400 -4.87300 -7.44600 -7.08000 3.15300 10.65100 -4.21100 -2.39100 -7.47700 9.98900 3.85500 -1.66800 -4.58800 4.96400
127.00000 -4.60800 -5.50300 -4.56700 -5.36100 -8.42300 -5.61500 1.68900 10.16200 -2.74700 -17.03900 -7.47700 11.45400 5.32000 -1.18000 -3.12300 6.42900
128.00000 -3.63200 -5.99200 -6.52100 -5.36100 -8.42300 -2.68600 2.17700 8.69800 -1.28200 -20.45700 -7.96500 11.45400 6.78500 -0.69200 -3.61100 6.42900
129.00000 -1.67800 -5.99200 -7.49700 -4.87300 -8.42300 -2.68600 3.15300 8.20900 0.18300 -11.18000 -8.94200 10.96600 7.27300 -0.69200 -5.56400 5.45200
130.00000 -1.19000 -6.48000 -8.47400 -4.87300 -8.42300 -6.59200 3.15300 8.20900 0.67100 2.49200 -10.89500 9.50100 6.78500 -1.18000 -7.02900 3.98800
131.00000 -3.14300 -7.45600 -10.42700 -5.36100 -7.93500 -11.47500 1.20000 7.72100 0.67100 11.28100 -11.87100 8.52500 6.29700 -2.15700 -8.00600 3.49900
132.00000 -6.07300 -8.43300 -12.86800 -6.33700 -6.95800 -14.89300 -2.21800 7.23300 1.64800 8.35200 -13.33600 7.54800 5.32000 -3.13300 -8.00600 3.49900
133.00000 -9.49100 -9.89800 -13.84500 -7.31400 -6.47000 -12.93900 -5.63600 6.25600 2.62500 -1.90200 -13.82400 7.06000 4.83200 -4.11000 -7.51700 3.49900
134.00000 -10.46800 -10.38600 -12.86800 -6.82600 -5.98100 -8.54500 -6.61200 5.76800 3.60100 -11.18000 -14.31300 7.06000 4.83200 -5.08600 -7.51700 3.49900
135.00000 -9.97900 -10.38600 -10.42700 -5.36100 -5.98100 -3.66200 -5.63600 5.28000 4.57800 -12.15600 -14.80100 7.06000 4.83200 -5.57500 -8.49400 3.98800
136.00000 -8.51400 -10.38600 -8.47400 -4.38400 -6.95800 -2.68600 -3.68200 5.76800 4.57800 -6.29700 -14.31300 7.06000 5.80900 -6.06300 -8.98200 3.98800
137.00000 -7.53800 -9.89800 -7.49700 -4.38400 -7.93500 -6.10400 -2.70600 5.76800 4.08900 0.05100 -13.33600 7.54800 6.78500 -5.08600 -8.00600 3.98800
138.00000 -7.53800 -9.89800 -7.00900 -5.84900 -8.42300 -10.49800 -2.21800 5.76800 3.60100 1.02700 -11.38300 8.03600 7.76200 -3.13300 -6.54100 3.98800
139.00000 -9.00300 -9.89800 -5.54400 -7.80200 -8.42300 -12.45100 -1.72900 5.76800 3.11300 -4.83200 -8.94200 8.52500 8.25000 -1.18000 -4.58800 3.98800
140.00000 -9.97900 -10.87400 -3.59100 -8.77900 -7.93500 -11.47500 0.22400 6.74400 2.62500 -13.13300 -7.47700 8.52500 7.76200 -0.20300 -4.10000 3.01100
141.00000 -10.46800 -11.85100 -2.61400 -7.80200 -7.93500 -9.03300 2.17700 7.72100 2.13600 -18.50400 -6.50000 8.03600 5.32000 -2.15700 -5.56400 1.05800
142.00000 -10.46800 -12.82800 -2.61400 -5.84900 -8.91100 -8.05700 3.64200 8.69800 2.13600 -18.01600 -7.47700 7.06000 2.87900 -5.57500 -8.00600 -0.89500
143.00000 -9.97900 -14.29200 -4.07900 -5.36100 -10.86400 -11.47500 2.17700 8.69800 1.64800 -12.64400 -8.94200 6.08300 2.39100 -8.01600 -9.95900 -1.38300
144.00000 -9.49100 -15.75700 -5.05600 -6.33700 -12.81700 -17.82200 -1.72900 7.23300 0.67100 -8.73800 -9.91800 6.08300 2.87900 -8.99300 -9.95900 -0.89500
145.00000 -9.49100 -17.22200 -4.07900 -8.29100 -14.77100 -22.70500 -7.10000 5.28000 0.18300 -9.22600 -9.91800 6.57100 4.34400 -7.52800 -8.00600 0.57000
146.00000 -9.49100 -17.71000 -2.12600 -9.75500 -15.74700 -23.68200 -11.00700 4.30300 -0.79300 -14.10900 -7.96500 7.54800 5.80900 -5.08600 -5.56400 3.01100
147.00000 -9.97900 -17.71000 -1.14900 -10.24400 -15.74700 -20.75200 -11.98300 4.30300 -1.28200 -19.48000 -6.50000 8.52500 6.29700 -3.62100 -4.58800 3.98800
148.00000 -11.44400 -17.22200 -2.61400 -10.24400 -16.23500 -15.86900 -10.51800 4.79100 -1.77000 -21.43400 -6.98900 9.01300 4.83200 -4.11000 -5.56400 3.49900
149.00000 -13.88500 -17.22200 -7.49700 -10.73200 -16.23500 -12.93900 -9.05400 5.28000 -1.77000 -18.01600 -8.94200 8.03600 3.36700 -6.06300 -7.51700 2.03500
150.00000 -15.83900 -17.22200 -12.86800 -12.19700 -16.72400 -13.91600 -8.56500 4.79100 -1.77000 -10.69100 -10.89500 7.06000 2.39100 -8.01600 -8.49400 0.08100
151.00000 -16.32700 -17.71000 -16.28600 -14.15000 -16.23500 -17.33400 -10.51800 3.32600 -1.77000 -3.85500 -12.36000 6.57100 2.39100 -8.99300 -8.49400 -1.38300
152.00000 -15.83900 -17.71000 -17.26300 -15.61500 -15.74700 -20.75200 -11.49500 2.35000 -1.77000 -1.90200 -13.33600 6.08300 2.87900 -8.99300 -8.00600 -1.87200
153.00000 -14.37400 -17.71000 -16.77400 -15.12700 -14.77100 -21.72900 -11.00700 1.86200 -1.28200 -5.80900 -13.33600 6.08300 2.39100 -8.99300 -8.49400 -1.87200
154.00000 -13.39700 -16.73400 -16.77400 -13.66200 -13.79400 -19.77500 -8.56500 2.35000 -1.28200 -12.64400 -13.82400 5.59500 1.90200 -8.99300 -8.98200 -1.38300
155.00000 -13.39700 -16.73400 -18.23900 -13.17300 -13.79400 -16.84600 -6.12400 1.86200 -1.28200 -17.52700 -13.82400 5.10700 0.43700 -8.50400 -8.98200 -1.38300
156.00000 -14.86200 -16.73400 -20.19200 -14.63800 -14.28200 -15.86900 -5.14700 0.88500 -1.28200 -17.03900 -13.82400 4.61800 0.43700 -7.52800 -8.00600 -1.38300
157.00000 -15.83900 -18.19900 -20.68100 -17.08000 -14.28200 -17.33400 -6.12400 -0.09200 -0.79300 -11.66800 -13.82400 4.61800 0.92600 -6.55100 -7.02900 -1.38300
158.00000 -16.32700 -19.66300 -18.72800 -18.05600 -14.77100 -19.77500 -7.58900 -0.09200 -1.28200 -6.78500 -12.36000 4.13000 0.92600 -6.55100 -6.05300 -2.36000
159.00000 -15.35000 -20.15200 -14.82100 -15.61500 -13.79400 -20.26400 -7.58900 1.37300 -1.77000 -6.29700 -12.36000 3.15300 -0.53900 -7.52800 -7.02900 -3.33700
160.00000 -12.90900 -19.66300 -11.89200 -11.22000 -13.79400 -18.31100 -5.63600 3.32600 -2.74700 -11.18000 -12.84800 2.17700 -2.98100 -8.99300 -9.95900 -4.31300
161.00000 -10.95600 -18.68700 -9.93900 -7.80200 -14.28200 -15.38100 -2.21800 4.79100 -4.21100 -17.52700 -14.80100 1.20000 -4.93400 -10.94600 -12.40000 -4.31300
162.00000 -10.46800 -17.71000 -10.42700 -7.31400 -14.28200 -12.93900 0.22400 4.30300 -4.70000 -18.99200 -17.24200 0.71200 -5.42200 -10.94600 -13.86500 -3.82500
163.00000 -11.44400 -18.19900 -12.38000 -10.73200 -13.79400 -12.93900 -1.24100 2.83800 -3.23500 -14.10900 -18.21900 0.22400 -5.42200 -11.43400 -13.86500 -4.31300
164.00000 -13.88500 -19.66300 -12.86800 -15.12700 -12.81700 -13.91600 -4.17100 1.37300 -0.79300 -5.80900 -18.70700 0.22400 -4.93400 -11.92200 -14.35300 -6.75500
165.00000 -16.32700 -20.64000 -12.38000 -17.08000 -11.35300 -14.89300 -7.58900 1.37300 1.64800 -0.92600 -17.24200 0.22400 -5.42200 -12.89900 -15.81800 -9.68400
166.00000 -16.32700 -19.17500 -9.93900 -15.12700 -10.86400 -14.89300 -7.10000 2.83800 1.64800 -3.36700 -15.77800 -0.26400 -6.88700 -13.87500 -17.28300 -12.61400
167.00000 -15.35000 -16.73400 -7.49700 -11.70900 -10.86400 -12.93900 -3.68200 4.30300 -0.30500 -11.18000 -14.31300 -0.26400 -8.35200 -14.36400 -17.28300 -12.61400
168.00000 -13.39700 -14.29200 -6.52100 -9.26700 -12.32900 -11.47500 -0.26400 5.28000 -2.74700 -17.52700 -13.82400 0.22400 -7.86300 -13.38700 -15.33000 -9.68400
169.00000 -11.93200 -12.82800 -7.98500 -10.24400 -12.81700 -11.47500 -0.26400 4.79100 -4.70000 -17.52700 -14.31300 0.71200 -6.39900 -11.43400 -11.91200 -5.29000
170.00000 -12.42100 -13.80400 -11.89200 -14.15000 -12.32900 -12.45100 -4.17100 2.83800 -4.21100 -10.69100 -14.80100 0.71200 -4.44500 -9.48100 -9.47100 -2.36000
171.00000 -14.37400 -15.75700 -16.28600 -17.56800 -10.37600 -14.40400 -9.54200 0.88500 -1.28200 -1.90200 -15.28900 0.22400 -3.95700 -8.99300 -9.47100 -2.84800
172.00000 -16.81500 -17.71000 -18.72800 -17.08000 -8.42300 -15.86900 -11.49500 -0.09200 0.67100 1.51600 -15.28900 -1.24100 -4.44500 -9.48100 -11.91200 -5.29000
173.00000 -17.30300 -17.22200 -17.26300 -13.66200 -7.93500 -15.86900 -8.56500 1.37300 1.64800 -1.90200 -14.80100 -1.72900 -5.42200 -10.45700 -15.81800 -8.21900
174.00000 -15.83900 -15.26900 -12.86800 -9.26700 -8.91100 -15.38100 -2.70600 3.32600 0.18300 -10.69100 -14.31300 -1.72900 -5.91000 -10.45700 -18.26000 -8.21900
175.00000 -12.90900 -12.82800 -7.98500 -6.82600 -9.39900 -13.42800 1.68900 5.28000 -1.28200 -18.50400 -14.31300 -1.24100 -4.93400 -9.48100 -18.74800 -6.75500
176.00000 -9.97900 -11.85100 -4.56700 -7.80200 -9.39900 -11.47500 1.68900 5.76800 -1.28200 -21.92200 -15.28900 -0.26400 -3.46900 -8.01600 -17.77100 -4.80100
177.00000 -8.02600 -11.85100 -4.07900 -10.24400 -8.42300 -10.01000 -1.72900 5.76800 -0.79300 -20.45700 -15.77800 -0.26400 -2.00400 -6.55100 -16.30700 -4.31300
178.00000 -7.05000 -12.33900 -5.54400 -12.19700 -6.95800 -9.03300 -4.17100 5.28000 0.18300 -15.08600 -16.26600 0.22400 -2.00400 -5.57500 -15.33000 -5.77800
179.00000 -7.05000 -11.85100 -7.98500 -11.70900 -5.98100 -8.54500 -3.68200 5.76800 0.18300 -8.25000 -15.28900 0.71200 -2.98100 -6.06300 -15.33000 -8.21900
180.00000 -7.53800 -10.38600 -9.93900 -10.24400 -6.47000 -9.03300 -0.75300 6.25600 -0.79300 0.05100 -13.82400 1.20000 -4.44500 -7.52800 -14.84200 -9.19600
181.00000 -8.51400 -8.92100 -11.40300 -9.26700 -6.95800 -9.03300 1.68900 6.25600 -1.77000 6.88700 -12.84800 1.68900 -5.42200 -8.99300 -13.86500 -9.68400
182.00000 -9.97900 -9.41000 -11.40300 -9.75500 -7.44600 -9.52100 0.71200 5.76800 -1.28200 9.32800 -11.87100 1.68900 -5.42200 -10.45700 -12.88900 -8.70800
183.00000 -11.44400 -11.36300 -9.93900 -11.22000 -6.95800 -10.98600 -3.68200 4.79100 1.16000 4.44500 -12.84800 1.68900 -4.93400 -10.94600 -12.40000 -8.70800
184.00000 -11.44400 -12.82800 -7.00900 -11.70900 -5.98100 -12.93900 -7.58900 4.79100 3.11300 -5.32000 -14.80100 0.71200 -4.44500 -10.94600 -12.40000 -9.19600
185.00000 -10.46800 -12.33900 -5.54400 -10.73200 -5.00500 -13.91600 -7.58900 5.76800 3.60100 -15.57400 -15.77800 0.22400 -4.93400 -9.96900 -12.88900 -9.68400
186.00000 -9.00300 -10.38600 -5.05600 -8.77900 -5.00500 -12.93900 -3.68200 7.23300 2.62500 -17.52700 -16.26600 0.22400 -4.93400 -9.48100 -13.86500 -9.68400
187.00000 -8.02600 -7.94500 -6.52100 -7.80200 -5.49300 -10.01000 0.71200 7.72100 0.18300 -10.20300 -15.77800 0.71200 -5.42200 -8.99300 -14.35300 -8.70800
188.00000 -8.51400 -6.96800 -7.49700 -8.29100 -5.49300 -5.61500 3.15300 7.23300 -1.28200 1.51600 -15.28900 1.20000 -4.93400 -8.99300 -14.35300 -6.75500
189.00000 -10.46800 -7.45600 -5.54400 -10.24400 -5.00500 -1.70900 2.17700 6.25600 -1.28200 8.35200 -15.28900 2.17700 -4.44500 -8.99300 -13.86500 -4.31300
190.00000 -11.44400 -8.43300 -1.14900 -11.22000 -4.51700 -0.24400 -0.26400 5.76800 -0.79300 5.91000 -15.77800 2.66500 -2.98100 -8.50400 -12.88900 -2.36000
191.00000 -11.93200 -8.43300 3.73300 -10.73200 -4.02800 -1.22100 -1.24100 5.28000 0.18300 -3.85500 -16.75400 3.15300 -1.51600 -6.55100 -11.42400 -0.89500
192.00000 -9.49100 -6.96800 6.17500 -8.77900 -3.54000 -2.68600 -0.26400 5.76800 1.16000 -12.15600 -16.26600 3.15300 -0.53900 -4.11000 -9.47100 0.08100
193.00000 -6.56100 -4.52700 5.68600 -5.84900 -3.05200 -2.68600 0.71200 6.25600 2.13600 -11.18000 -14.31300 3.64200 -0.05100 -2.15700 -7.51700 0.57000
194.00000 -3.14300 -3.06200 3.24500 -4.38400 -2.56300 -1.70900 2.17700 6.25600 3.60100 -0.92600 -11.87100 3.15300 -0.05100 -1.66800 -6.54100 -0.89500
195.00000 -0.70200 -3.06200 2.26800 -3.89600 -2.07500 -0.24400 2.17700 6.74400 4.57800 10.79300 -9.91800 2.66500 -0.53900 -2.64500 -7.02900 -3.33700
196.00000 0.27500 -4.03800 4.22200 -4.87300 -1.58700 -0.24400 3.64200 7.23300 4.57800 15.18800 -9.43000 2.66500 -2.00400 -4.59800 -8.98200 -6.26600
197.00000 0.27500 -4.03800 7.15100 -5.84900 -1.58700 -1.22100 6.57100 8.20900 4.08900 10.30500 -9.91800 2.17700 -2.98100 -5.57500 -10.93500 -7.73100
198.00000 -1.19000 -3.06200 8.12800 -6.33700 -2.07500 -1.70900 10.96600 10.16200 2.13600 2.00400 -10.40600 3.15300 -2.98100 -5.57500 -11.91200 -6.75500
199.00000 -3.14300 -2.08500 6.66300 -5.84900 -2.07500 -1.70900 13.89600 11.62700 0.67100 -2.87900 -10.40600 4.13000 -2.49200 -4.59800 -10.93500 -3.82500
200.00000 -4.60800 -1.59700 3.24500 -5.36100 -2.07500 0.73200 13.89600 12.60400 0.18300 -2.39100 -9.43000 4.61800 -1.51600 -3.62100 -8.98200 -1.38300
201.00000 -5.58500 -2.08500 0.80400 -4.38400 -1.09900 3.17400 10.96600 13.09200 0.18300 0.53900 -8.45300 4.61800 -1.51600 -4.11000 -8.49400 -1.87200
202.00000 -5.58500 -3.06200 0.80400 -2.92000 -0.61000 4.63900 7.54800 12.60400 1.64800 1.02700 -8.45300 3.64200 -2.49200 -5.57500 -9.95900 -5.29000
203.00000 -4.12000 -3.55000 2.75700 -1.45500 -0.12200 4.15000 5.59500 12.11500 3.11300 -2.39100 -9.43000 1.68900 -3.46900 -7.03900 -13.37700 -10.17300
204.00000 -3.14300 -2.57400 5.19800 0.01000 -0.12200 2.19700 6.08300 11.62700 4.08900 -4.83200 -10.89500 -0.26400 -4.93400 -7.52800 -16.30700 -14.07900
205.00000 -2.16700 -0.62100 6.66300 0.49800 -0.12200 0.24400 9.01300 11.62700 4.08900 -2.87900 -11.38300 -0.75300 -5.42200 -7.03900 -17.77100 -15.05500
206.00000 -1.67800 1.33300 6.17500 0.01000 -0.61000 -0.24400 11.45400 11.13900 3.11300 3.95700 -10.40600 0.22400 -5.91000 -6.55100 -16.30700 -13.59000
207.00000 -2.16700 2.79700 6.17500 -0.96600 -0.12200 0.73200 12.43100 11.13900 2.13600 9.32800 -8.94200 1.68900 -5.91000 -7.03900 -12.88900 -11.14900
208.00000 -2.65500 3.77400 6.66300 -1.94300 0.36600 1.70900 11.45400 11.13900 0.67100 7.37500 -7.47700 3.64200 -6.39900 -7.52800 -9.47100 -8.21900
209.00000 -2.16700 3.28600 8.12800 -2.92000 0.85400 2.19700 9.50100 11.13900 -0.79300 -2.87900 -7.47700 4.61800 -6.39900 -8.01600 -7.02900 -5.77800
210.00000 -1.67800 2.30900 8.12800 -3.40800 0.36600 0.73200 8.52500 10.65100 -1.77000 -12.64400 -8.45300 4.61800 -5.91000 -7.03900 -7.02900 -3.82500
211.00000 -0.70200 0.35600 7.15100 -3.89600 -1.58700 -0.73200 7.06000 10.16200 -2.25800 -15.57400 -10.40600 3.64200 -5.42200 -6.06300 -9.47100 -3.33700
212.00000 -0.70200 -1.59700 4.71000 -4.87300 -4.02800 -2.19700 6.08300 9.67400 -2.74700 -7.27300 -12.36000 1.68900 -5.42200 -6.55100 -13.37700 -4.31300
213.00000 -0.70200 -4.52700 2.26800 -5.36100 -5.98100 -3.17400 4.13000 9.18600 -2.74700 4.93400 -14.80100 -0.75300 -7.37500 -8.99300 -17.28300 -6.75500
214.00000 -1.67800 -6.48000 0.80400 -4.38400 -6.95800 -3.66200 1.68900 9.18600 -2.74700 10.30500 -16.26600 -2.70600 -9.81600 -13.87500 -19.72500 -9.19600
215.00000 -2.65500 -6.96800 0.80400 -1.94300 -6.47000 -3.66200 0.22400 9.67400 -2.74700 4.44500 -16.75400 -3.19400 -12.25800 -17.29300 -19.23600 -10.17300
216.00000 -3.63200 -5.99200 2.26800 0.01000 -5.00500 -3.17400 0.22400 10.65100 -2.25800 -8.25000 -15.77800 -2.21800 -11.77000 -18.27000 -16.79500 -8.70800
217.00000 -3.63200 -4.03800 3.24500 1.47500 -3.54000 -2.19700 1.68900 10.65100 -2.25800 -17.03900 -14.31300 -1.24100 -10.79300 -15.34000 -13.86500 -5.77800
218.00000 -3.14300 -1.59700 3.73300 0.98700 -1.58700 -0.73200 3.64200 10.16200 -0.79300 -14.10900 -12.84800 -0.75300 -8.84000 -10.94600 -12.88900 -3.82500
219.00000 -2.16700 0.84400 2.75700 0.49800 -0.12200 -0.24400 4.61800 8.69800 0.18300 -1.41400 -13.33600 -2.21800 -8.35200 -8.01600 -14.84200 -5.29000
220.00000 -1.19000 1.82100 1.29200 -0.47800 0.85400 0.24400 3.64200 7.72100 1.16000 10.30500 -16.75400 -5.14700 -9.32800 -8.01600 -19.23600 -9.68400
221.00000 -1.19000 1.33300 -0.66100 0.01000 0.85400 -0.24400 1.68900 7.23300 1.16000 12.25800 -21.63700 -8.56500 -11.77000 -10.94600 -24.11900 -15.54400
222.00000 -1.67800 0.35600 -1.63800 0.49800 0.36600 -0.73200 0.22400 7.23300 0.18300 2.49200 -26.03100 -10.51800 -13.72300 -13.87500 -27.53700 -19.93800
223.00000 -3.14300 -1.59700 -1.14900 1.47500 -0.61000 -1.22100 0.22400 7.72100 -1.28200 -11.18000 -27.49600 -10.51800 -13.23400 -14.85200 -28.02500 -19.93800
224.00000 -4.12000 -3.06200 0.80400 0.98700 -1.58700 -1.22100 1.20000 9.18600 -2.25800 -17.52700 -25.54300 -8.56500 -11.77000 -13.87500 -25.58400 -16.03200
225.00000 -3.63200 -3.55000 2.75700 0.01000 -1.09900 -0.24400 2.66500 9.18600 -1.28200 -12.64400 -22.61400 -6.61200 -9.81600 -11.92200 -22.65400 -11.63700
226.00000 -2.16700 -3.55000 3.24500 -0.96600 0.85400 0.73200 2.17700 8.69800 1.16000 -0.43700 -20.66000 -6.12400 -9.32800 -10.45700 -21.67800 -8.70800
227.00000 -0.70200 -2.08500 2.75700 -0.96600 2.80800 2.19700 0.22400 7.23300 4.08900 10.30500 -21.63700 -7.58900 -9.81600 -10.45700 -22.65400 -9.19600
228.00000 -1.19000 -1.10900 0.80400 0.49800 4.76100 2.19700 -2.70600 5.76800 5.06600 11.77000 -23.59000 -9.54200 -11.77000 -11.43400 -25.09600 -12.12600
229.00000 -3.14300 -0.62100 -0.66100 1.96300 4.76100 1.22100 -5.14700 4.79100 4.08900 5.42200 -25.54300 -11.00700 -13.23400 -12.89900 -27.53700 -14.56700
230.00000 -5.58500 -1.10900 -0.66100 2.94000 3.29600 -1.22100 -4.65900 4.79100 2.13600 -2.39100 -25.05500 -11.49500 -13.72300 -14.36400 -28.51400 -16.03200
231.00000 -6.56100 -2.08500 1.29200 3.42800 0.36600 -4.15000 -2.21800 6.25600 0.18300 -7.27300 -23.10200 -11.00700 -14.69900 -15.82800 -28.51400 -16.03200
232.00000 -6.07300 -2.57400 3.24500 2.45200 -1.58700 -6.10400 0.71200 7.72100 -0.79300 -6.29700 -20.17200 -10.03000 -15.18800 -16.31700 -27.53700 -16.03200
233.00000 -4.12000 -3.06200 4.71000 0.49800 -2.07500 -6.10400 2.17700 8.69800 -0.30500 -3.85500 -19.19600 -8.56500 -15.18800 -15.82800 -26.07200 -15.54400
234.00000 -3.14300 -3.55000 5.19800 -1.45500 -2.07500 -4.15000 1.68900 9.18600 0.18300 -3.85500 -19.68400 -7.10000 -14.21100 -13.87500 -24.60700 -14.56700
235.00000 -4.60800 -4.52700 4.22200 -2.92000 -2.07500 -1.70900 0.22400 8.69800 0.18300 -7.27300 -20.66000 -5.14700 -12.25800 -10.94600 -21.67800 -12.61400
236.00000 -7.53800 -5.50300 2.26800 -3.89600 -2.56300 0.24400 -0.26400 8.20900 -0.30500 -11.18000 -20.66000 -2.70600 -9.81600 -8.01600 -19.23600 -10.17300
237.00000 -9.97900 -6.48000 0.80400 -3.89600 -3.05200 1.22100 0.22400 7.72100 0.18300 -12.15600 -17.73100 -1.24100 -7.86300 -7.03900 -16.30700 -8.21900
238.00000 -9.97900 -6.96800 -0.17300 -3.40800 -3.54000 0.24400 2.17700 8.20900 1.64800 -9.22600 -13.33600 -0.26400 -6.88700 -8.01600 -15.33000 -7.24300
239.00000 -7.53800 -5.50300 0.31500 -2.92000 -3.05200 -0.73200 4.61800 8.69800 3.11300 -2.87900 -9.91800 0.22400 -6.88700 -9.48100 -14.84200 -7.73100
240.00000 -4.12000 -3.06200 1.78000 -2.43100 -2.56300 -1.22100 6.57100 9.18600 3.60100 3.95700 -8.94200 0.22400 -7.37500 -10.45700 -14.35300 -8.21900
241.00000 -2.65500 -1.59700 4.22200 -1.45500 -2.07500 -0.73200 7.54800 9.67400 2.62500 10.30500 -10.89500 0.71200 -6.88700 -9.48100 -13.86500 -7.73100
242.00000 -4.12000 -1.10900 6.17500 -0.96600 -2.56300 0.24400 8.52500 10.65100 0.67100 14.21100 -12.84800 0.71200 -5.91000 -7.03900 -13.37700 -6.75500
243.00000 -7.05000 -1.59700 7.15100 -0.96600 -4.02800 0.24400 8.03600 11.62700 -0.79300 13.23400 -14.31300 0.22400 -4.93400 -5.08600 -12.88900 -5.29000
244.00000 -9.00300 -3.06200 6.17500 -1.94300 -4.51700 -0.24400 6.57100 11.62700 -1.28200 8.35200 -13.82400 -0.26400 -4.44500 -4.59800 -13.86500 -5.29000
245.00000 -8.51400 -3.55000 3.73300 -4.38400 -3.54000 -1.22100 3.64200 10.65100 0.18300 1.51600 -13.33600 -1.72900 -5.42200 -5.57500 -15.33000 -5.29000
246.00000 -5.58500 -3.06200 1.29200 -7.31400 -1.58700 -0.73200 -0.75300 8.69800 2.13600 -3.85500 -13.82400 -2.70600 -7.37500 -7.52800 -16.79500 -6.26600
247.00000 -3.63200 -1.59700 -0.17300 -8.77900 0.36600 1.22100 -4.17100 6.25600 3.60100 -5.32000 -15.77800 -3.19400 -8.35200 -8.99300 -17.28300 -7.24300
248.00000 -2.65500 -0.62100 0.80400 -8.29100 1.83100 3.17400 -5.63600 5.28000 3.60100 -2.87900 -17.24200 -3.19400 -8.35200 -8.99300 -16.79500 -7.24300
249.00000 -3.63200 0.35600 4.22200 -5.84900 1.83100 3.66200 -3.68200 5.28000 2.62500 0.05100 -18.21900 -3.19400 -8.35200 -9.48100 -16.30700 -7.73100
250.00000 -4.60800 0.35600 8.12800 -2.92000 0.36600 2.19700 -0.26400 6.74400 1.16000 1.02700 -17.24200 -3.19400 -7.86300 -9.96900 -17.28300 -8.70800
251.00000 -4.12000 -0.13200 11.05800 -0.96600 -1.09900 -0.73200 2.17700 8.20900 0.18300 -0.92600 -15.77800 -3.68200 -8.35200 -11.43400 -19.23600 -10.66100
252.00000 -2.65500 -0.62100 10.08100 -0.96600 -2.07500 -3.66200 2.17700 8.69800 0.18300 -4.34400 -14.80100 -4.65900 -9.32800 -13.38700 -21.18900 -12.12600
253.00000 -0.70200 -1.10900 7.15100 -1.94300 -2.07500 -5.61500 -0.75300 8.69800 0.67100 -6.78500 -15.28900 -5.14700 -10.30500 -13.87500 -22.65400 -12.61400
254.00000 -0.70200 -1.59700 3.24500 -2.43100 -1.09900 -5.61500 -3.68200 7.72100 1.16000 -7.76200 -16.75400 -6.12400 -10.30500 -13.87500 -22.65400 -12.12600
255.00000 -1.67800 -2.08500 1.78000 -2.43100 -0.12200 -6.59200 -4.65900 6.74400 1.64800 -6.78500 -17.24200 -7.10000 -9.32800 -12.89900 -22.65400 -12.12600
256.00000 -3.63200 -2.08500 2.26800 -1.45500 1.34300 -7.56800 -2.70600 6.25600 2.13600 -5.32000 -16.75400 -8.07700 -9.32800 -13.38700 -24.11900 -14.07900
