1.00000 -1.48500 1.32200 -2.65500 -1.01700 -0.53900 -4.75100 -3.83500 -2.63500 0.43700 7.13100 -7.25300 -7.83300 -0.98700 -3.08200 -10.49800 -3.25500
2.00000 2.90900 2.29900 -2.16700 -2.48200 1.41400 -4.26200 -4.32300 -2.63500 -1.02700 6.15400 -9.20600 -8.80900 1.94300 0.82400 -11.47500 1.13900
3.00000 7.30400 3.27600 -0.70200 -1.01700 1.41400 -2.30900 -2.85800 -1.65800 -1.51600 3.71300 -10.18300 -7.83300 5.36100 5.70700 -9.52100 5.04600
4.00000 8.28000 3.76400 1.25100 1.42400 -0.05100 -0.35600 0.07100 -0.68200 -0.53900 3.71300 -9.69400 -6.85600 7.80200 11.07800 -6.59200 7.48700
5.00000 5.83900 2.78700 2.22800 3.86600 -1.51600 0.13200 1.53600 0.29500 1.90200 6.64300 -8.71800 -5.39100 9.26700 14.49600 -4.63900 8.46400
6.00000 1.93300 1.32200 1.74000 4.84200 -0.53900 -1.82100 1.04800 0.78300 3.85500 9.08400 -9.20600 -5.39100 8.77900 14.98400 -6.10400 7.97500
7.00000 -0.50900 0.83400 -0.70200 3.37700 4.34400 -4.75100 -2.37000 -0.19300 5.80900 7.13100 -10.67100 -6.85600 6.33700 12.54300 -10.01000 5.53400
8.00000 -0.02000 0.83400 -4.12000 1.42400 10.20300 -7.19200 -6.76500 -2.14600 7.27300 0.78300 -12.62400 -8.32100 3.40800 8.63600 -12.93900 3.58100
9.00000 2.42100 1.32200 -7.05000 -1.99400 14.10900 -7.68000 -8.71800 -3.61100 7.76200 -5.56400 -12.13600 -8.80900 0.96600 5.70700 -12.45100 1.62800
10.00000 4.86200 2.78700 -6.07300 -3.45900 13.62100 -4.75100 -6.27600 -3.12300 5.80900 -6.05300 -7.74100 -5.39100 0.47800 6.19500 -5.61500 1.62800
11.00000 5.83900 4.25200 -0.21400 -2.97000 7.76200 0.62100 -0.41700 -0.68200 1.90200 0.78300 0.07100 -0.99700 1.45500 8.63600 3.17400 3.09200
12.00000 5.83900 5.71700 7.59900 -0.52900 -0.53900 6.48000 5.93100 2.73600 -3.46900 11.03700 7.88400 3.88600 2.43100 9.61300 10.01000 4.55700
13.00000 5.35100 7.18200 13.45800 2.88900 -6.88700 8.43300 8.86000 5.66600 -8.84000 16.89700 12.76700 6.32700 0.96600 7.17200 10.49800 5.04600
14.00000 5.83900 6.69400 13.45800 5.33000 -8.84000 4.52700 6.90700 5.66600 -11.28100 12.99000 12.76700 5.35100 -2.94000 1.31200 6.10400 3.58100
15.00000 5.83900 3.76400 7.59900 4.84200 -7.37500 -1.33300 2.51300 4.20100 -10.30500 3.22500 8.86000 2.42100 -6.84600 -5.03500 0.73200 0.65100
16.00000 4.37400 -0.14200 -0.70200 1.42400 -3.46900 -5.23900 -0.41700 0.78300 -6.88700 -6.54100 4.95400 0.46800 -8.79900 -8.94200 -0.73200 -1.30200
17.00000 0.46800 -3.07200 -6.07300 -3.94700 -1.02700 -4.26200 0.07100 -1.65800 -2.98100 -8.49400 3.97700 0.46800 -7.33400 -6.98900 2.19700 -1.30200
18.00000 -3.92700 -3.56000 -7.05000 -7.36500 -0.05100 0.13200 3.00100 -2.63500 -0.53900 -3.61100 4.95400 2.42100 -2.45200 -1.12900 7.08000 0.16300
19.00000 -6.85600 -2.09600 -4.60800 -7.36500 -0.05100 3.06200 4.46600 -1.17000 -0.05100 3.22500 5.93100 3.88600 1.94300 3.26500 10.01000 2.60400
20.00000 -5.88000 0.34600 -3.14300 -2.97000 0.92600 1.10900 2.02400 0.78300 -0.05100 4.69000 4.46600 3.39800 3.89600 4.73000 8.54500 3.58100
21.00000 -1.97300 1.32200 -4.12000 2.40100 3.85500 -5.23900 -2.37000 2.73600 -0.05100 -0.19300 0.55900 0.95600 2.92000 2.28900 4.15000 2.60400
22.00000 2.90900 0.83400 -6.56100 6.30700 6.29700 -10.12200 -5.30000 3.22500 -1.02700 -7.02900 -3.83500 -2.46200 0.47800 -1.12900 -0.73200 0.65100
23.00000 6.32700 1.32200 -7.05000 6.30700 6.78500 -9.14500 -3.83500 1.76000 -2.00400 -9.47100 -6.76500 -4.41500 -0.98700 -2.59400 -3.17400 -0.81400
24.00000 7.30400 3.76400 -3.63200 3.37700 3.36700 -1.82100 1.04800 -0.19300 -4.44500 -5.07600 -7.25300 -5.39100 -0.98700 -1.61700 -4.15000 -1.30200
25.00000 6.32700 7.67000 2.71600 -0.04100 -1.51600 5.99200 5.93100 -1.65800 -6.39900 3.22500 -7.25300 -5.88000 -0.49800 -0.15300 -4.63900 -1.30200
26.00000 3.39800 10.60000 8.08700 -1.99400 -4.93400 9.89800 5.93100 -2.63500 -6.88700 9.57200 -8.23000 -6.36800 -0.49800 -0.15300 -5.61500 -1.79000
27.00000 0.95600 10.60000 8.57500 -0.52900 -2.98100 6.48000 1.04800 -2.63500 -5.42200 9.57200 -9.69400 -6.85600 -1.47500 -2.59400 -7.08000 -3.25500
28.00000 -0.02000 6.69400 4.66900 0.93600 1.90200 -0.35600 -5.30000 -2.14600 -2.00400 4.20100 -11.15900 -6.85600 -1.96300 -4.05900 -6.59200 -4.23200
29.00000 0.46800 1.81100 -1.67800 1.42400 6.78500 -6.21500 -8.71800 -2.14600 0.92600 -2.63500 -10.18300 -5.88000 -0.98700 -3.57100 -4.63900 -3.25500
30.00000 1.44400 -1.60700 -6.56100 -0.04100 7.27300 -7.68000 -6.27600 -2.14600 1.90200 -6.05300 -7.74100 -3.92700 1.45500 -1.61700 -2.19700 -1.30200
31.00000 1.93300 -1.60700 -8.02600 -2.48200 3.85500 -5.23900 -0.90500 -2.14600 0.43700 -4.10000 -4.32300 -1.97300 3.40800 1.31200 -0.24400 0.65100
32.00000 -0.02000 -0.14200 -7.05000 -3.94700 -1.51600 -2.79700 3.97700 -1.17000 -2.00400 -0.19300 -2.37000 -0.02000 3.40800 1.31200 -0.73200 0.16300
33.00000 -3.92700 0.83400 -7.05000 -2.48200 -4.44500 -2.79700 4.95400 0.78300 -3.95700 2.73600 -1.39400 0.95600 1.45500 -1.61700 -2.19700 -3.25500
34.00000 -8.32100 0.34600 -8.51400 -0.04100 -3.46900 -5.72700 2.51300 3.22500 -4.44500 1.76000 -1.88200 1.93300 -0.98700 -5.52400 -3.17400 -7.65000
35.00000 -9.78600 -1.60700 -9.49100 1.91200 -0.05100 -8.65700 -0.90500 4.20100 -4.44500 -2.63500 -1.88200 1.93300 -2.45200 -7.96500 -2.68600 -8.62600
36.00000 -6.36800 -2.58400 -8.02600 1.42400 3.36700 -9.63300 -2.37000 4.20100 -4.44500 -7.51700 -1.39400 1.93300 -2.94000 -8.45300 -1.70900 -5.69700
37.00000 0.46800 -0.63100 -3.63200 -1.01700 3.85500 -8.16900 -1.39400 2.73600 -5.42200 -10.93500 -1.88200 0.46800 -2.94000 -7.47700 -1.70900 -0.81400
38.00000 6.81600 2.78700 1.74000 -3.45900 1.41400 -5.23900 -0.41700 0.78300 -7.86300 -11.42400 -4.32300 -2.46200 -3.91600 -6.50000 -4.15000 2.11600
39.00000 10.23400 5.71700 3.69300 -3.94700 -1.51600 -2.79700 -0.41700 -1.65800 -9.81600 -10.44700 -8.23000 -6.85600 -6.35800 -6.98900 -8.05700 1.13900
40.00000 9.25700 6.69400 1.74000 -1.99400 -3.46900 -1.82100 -2.85800 -4.58800 -9.81600 -9.47100 -13.11200 -11.25100 -8.79900 -8.94200 -12.93900 -4.23200
41.00000 6.81600 4.74000 -2.16700 -0.04100 -2.49200 -2.30900 -6.27600 -7.51700 -9.32800 -8.49400 -17.99500 -15.64500 -11.24100 -10.40600 -16.84600 -11.55600
42.00000 4.37400 2.29900 -5.58500 0.44800 0.43700 -2.79700 -10.18300 -10.44700 -7.37500 -7.51700 -22.87800 -19.06300 -12.21700 -11.87100 -20.26400 -16.92700
43.00000 3.39800 1.81100 -6.56100 -1.01700 3.36700 -2.79700 -13.60100 -12.40000 -6.88700 -5.56400 -26.78400 -21.99300 -12.21700 -12.36000 -23.68200 -19.85700
44.00000 1.93300 3.27600 -5.09600 -2.97000 4.83200 -1.33300 -15.55400 -12.88900 -6.39900 -3.12300 -30.20200 -23.94600 -11.72900 -11.87100 -26.12300 -19.85700
45.00000 -0.02000 5.22900 -4.60800 -3.45900 4.83200 0.62100 -15.55400 -11.42400 -5.42200 -1.17000 -31.17900 -24.43400 -11.24100 -11.38300 -28.07600 -19.36800
46.00000 -2.46200 5.71700 -6.56100 -1.99400 2.87900 2.08500 -13.60100 -8.49400 -4.44500 -0.68200 -30.20200 -22.97000 -10.26400 -11.38300 -27.58800 -18.88000
47.00000 -4.41500 4.74000 -9.00300 0.44800 -0.05100 1.10900 -10.67100 -5.07600 -2.98100 -2.14600 -26.29600 -19.55200 -8.79900 -10.89500 -24.17000 -16.92700
48.00000 -5.39100 1.81100 -9.49100 0.93600 -3.46900 -0.84400 -7.74100 -2.14600 -2.00400 -3.12300 -20.92500 -15.15700 -6.84600 -9.43000 -18.79900 -13.99700
49.00000 -3.92700 0.83400 -5.09600 -0.04100 -4.93400 -2.79700 -4.81200 0.29500 -1.51600 -2.63500 -16.04200 -11.25100 -4.89300 -7.96500 -12.93900 -10.09100
50.00000 -2.46200 1.32200 2.22800 -1.99400 -4.44500 -3.77400 -2.37000 0.78300 -2.49200 0.29500 -13.60100 -8.80900 -4.40500 -7.47700 -10.01000 -8.13800
51.00000 -0.99700 3.27600 8.08700 -1.99400 -2.98100 -2.30900 -0.41700 0.29500 -3.46900 2.73600 -13.60100 -8.32100 -5.38100 -7.96500 -10.01000 -9.11500
52.00000 0.46800 4.74000 9.55200 -0.52900 -0.53900 -0.35600 1.53600 -0.68200 -3.95700 3.22500 -15.06600 -9.78600 -7.33400 -9.91800 -12.45100 -12.53300
53.00000 3.39800 5.71700 7.11100 1.42400 0.92600 1.10900 2.02400 -2.63500 -3.95700 0.29500 -17.50700 -11.73900 -9.28800 -13.33600 -16.35700 -17.90400
54.00000 7.30400 6.20500 2.71600 1.91200 1.41400 1.59700 -0.41700 -5.07600 -3.95700 -4.10000 -19.46000 -14.18100 -11.72900 -16.75400 -20.26400 -21.81000
55.00000 11.21000 6.20500 -0.21400 -0.04100 0.92600 1.59700 -5.78800 -8.00600 -4.44500 -6.54100 -21.41300 -16.62200 -13.68200 -19.68400 -23.19300 -23.76300
56.00000 14.14000 6.69400 -0.21400 -2.48200 0.92600 2.08500 -11.15900 -9.47100 -5.42200 -5.56400 -22.39000 -17.11000 -14.65900 -21.14900 -24.17000 -23.76300
57.00000 14.62800 6.69400 1.74000 -3.45900 1.41400 3.55000 -14.57700 -9.95900 -6.88700 -2.63500 -22.39000 -16.62200 -15.14700 -21.14900 -22.70500 -22.78600
58.00000 10.72200 5.71700 2.22800 -2.48200 3.36700 4.03800 -15.06600 -8.49400 -8.35200 -0.19300 -21.41300 -14.18100 -15.14700 -20.66000 -19.77500 -22.29800
59.00000 4.86200 3.76400 0.76300 0.44800 5.32000 2.08500 -12.62400 -6.05300 -8.35200 -1.65800 -18.97200 -11.25100 -15.14700 -21.14900 -16.35700 -22.29800
60.00000 -0.50900 1.32200 -2.16700 1.91200 6.29700 -1.33300 -9.69400 -3.61100 -6.39900 -7.51700 -16.04200 -8.32100 -14.17000 -21.14900 -12.93900 -21.81000
61.00000 -2.46200 0.34600 -4.12000 1.42400 5.32000 -4.26200 -7.74100 -1.17000 -4.44500 -13.37700 -13.11200 -5.88000 -11.72900 -20.17200 -10.98600 -18.88000
62.00000 -1.48500 2.29900 -4.12000 -1.50600 1.90200 -3.77400 -6.76500 0.29500 -2.98100 -14.84200 -10.18300 -3.92700 -7.33400 -15.28900 -8.05700 -13.99700
63.00000 0.46800 5.22900 -2.65500 -4.43500 -2.00400 0.13200 -5.30000 1.27200 -2.00400 -8.98200 -7.74100 -1.97300 -2.45200 -7.47700 -6.10400 -7.65000
64.00000 0.46800 7.67000 -0.70200 -5.41200 -4.93400 6.48000 -2.85800 1.27200 -1.51600 1.27200 -5.30000 -0.02000 1.94300 0.33600 -3.17400 -1.79000
65.00000 -1.97300 7.67000 0.76300 -3.94700 -4.44500 11.36300 0.07100 0.29500 -1.51600 11.03700 -3.34700 1.44400 4.87300 4.73000 -0.73200 1.13900
66.00000 -7.34500 5.71700 1.25100 -1.50600 -1.51600 11.85100 0.55900 -1.17000 -1.02700 15.43200 -2.37000 1.44400 4.87300 4.73000 0.73200 0.65100
67.00000 -12.22700 2.78700 1.25100 -0.04100 1.90200 8.43300 -1.39400 -2.63500 -0.53900 12.01400 -2.85800 -0.02000 2.92000 0.33600 0.73200 -2.27900
68.00000 -13.69200 -0.14200 0.76300 -0.04100 3.36700 3.06200 -6.27600 -4.10000 -1.02700 4.69000 -4.81200 -1.97300 -0.49800 -5.03500 0.24400 -6.18500
69.00000 -10.27400 -2.09600 0.27500 -1.99400 1.41400 -0.35600 -10.18300 -5.56400 -2.98100 -2.63500 -7.25300 -3.43800 -3.91600 -8.94200 -1.22100 -9.11500
70.00000 -2.46200 -2.58400 0.27500 -3.45900 -2.98100 -1.33300 -12.13600 -7.02900 -5.91000 -5.56400 -9.69400 -3.92700 -5.38100 -9.91800 -3.66200 -10.57900
71.00000 6.32700 -2.09600 1.74000 -4.92400 -6.39900 -0.35600 -10.67100 -8.49400 -8.35200 -4.10000 -11.15900 -4.41500 -5.87000 -7.96500 -6.59200 -10.57900
72.00000 11.21000 -0.14200 2.71600 -5.41200 -6.39900 1.10900 -8.71800 -9.47100 -8.84000 0.29500 -12.13600 -4.90300 -5.38100 -5.03500 -10.01000 -9.11500
73.00000 11.69800 3.27600 4.18100 -5.41200 -2.98100 3.55000 -7.25300 -8.49400 -6.88700 4.20100 -11.64800 -4.90300 -2.94000 -2.10600 -11.47500 -6.67300
74.00000 8.28000 7.67000 5.64600 -4.92400 0.92600 5.99200 -6.27600 -6.54100 -3.95700 6.64300 -9.69400 -4.41500 0.47800 1.31200 -8.54500 -2.27900
75.00000 4.37400 10.60000 6.62200 -3.94700 3.36700 8.92100 -5.78800 -3.61100 -1.02700 8.10800 -6.27600 -1.97300 4.38400 4.73000 -2.19700 3.09200
76.00000 2.42100 11.57600 8.57500 -2.97000 3.36700 11.85100 -4.32300 -0.19300 1.41400 9.08400 -2.37000 1.44400 7.80200 7.66000 5.12700 6.99900
77.00000 3.88600 10.60000 11.50500 -1.01700 2.39100 13.31600 -1.88200 2.24800 1.90200 9.57200 0.55900 3.88600 8.77900 9.12500 9.03300 7.97500
78.00000 6.32700 8.64700 13.94700 0.44800 1.90200 12.82800 0.55900 3.22500 1.90200 10.54900 2.02400 4.37400 7.80200 8.14800 7.56800 5.04600
79.00000 8.28000 7.67000 16.38800 0.93600 2.39100 11.85100 2.02400 2.73600 1.90200 11.03700 0.55900 2.90900 4.87300 5.70700 0.73200 -0.81400
80.00000 7.30400 8.15800 17.36500 1.42400 3.36700 10.87400 2.51300 2.24800 1.90200 12.01400 -2.37000 -0.02000 1.94300 3.26500 -6.10400 -6.67300
81.00000 4.86200 8.64700 17.36500 0.44800 3.36700 10.38600 2.02400 1.27200 2.39100 12.99000 -5.78800 -2.95000 0.47800 2.28900 -10.98600 -10.09100
82.00000 2.90900 6.69400 16.38800 0.44800 2.39100 9.41000 1.04800 -0.68200 1.41400 12.50200 -8.23000 -5.39100 -0.01000 1.80100 -12.45100 -10.09100
83.00000 1.44400 3.27600 14.43500 0.44800 0.43700 6.48000 0.07100 -2.63500 -0.05100 10.06100 -9.20600 -6.85600 -0.01000 0.82400 -11.47500 -9.11500
84.00000 0.46800 -0.63100 11.99300 1.42400 -0.53900 2.57400 -1.88200 -4.10000 -2.49200 4.69000 -9.69400 -7.83300 -1.47500 -1.61700 -10.49800 -9.11500
85.00000 -1.97300 -1.60700 10.04000 2.88900 -0.05100 -0.35600 -3.34700 -4.58800 -4.93400 -2.63500 -9.69400 -8.32100 -3.91600 -4.54700 -10.98600 -10.57900
86.00000 -4.41500 0.83400 9.55200 3.86600 0.92600 0.13200 -5.30000 -4.10000 -5.91000 -8.98200 -10.18300 -8.32100 -6.35800 -7.47700 -11.96300 -12.53300
87.00000 -4.90300 6.69400 11.50500 4.35400 1.90200 5.01500 -5.78800 -2.63500 -5.91000 -10.93500 -11.15900 -8.32100 -6.84600 -6.98900 -12.45100 -13.02100
88.00000 -0.99700 11.57600 15.90000 4.35400 1.90200 12.82800 -4.32300 -1.17000 -3.95700 -5.56400 -11.64800 -7.83300 -4.89300 -3.57100 -12.45100 -10.57900
89.00000 7.30400 14.01800 20.29400 2.88900 2.39100 18.68700 -1.39400 -0.19300 -1.02700 5.17800 -11.64800 -7.34500 -1.47500 1.31200 -12.45100 -6.67300
90.00000 15.60500 12.55300 22.24700 1.42400 3.85500 20.64000 2.51300 -0.68200 1.90200 16.89700 -10.18300 -6.85600 1.94300 6.68300 -11.96300 -2.27900
91.00000 20.48700 10.60000 21.75900 -0.04100 6.29700 18.68700 5.44200 -1.17000 4.34400 24.22100 -7.74100 -6.36800 4.87300 9.61300 -10.98600 -0.32600
92.00000 18.04600 8.64700 19.31800 -0.52900 7.76200 15.75700 6.41900 -1.17000 6.29700 24.70900 -5.78800 -5.88000 5.84900 10.10100 -9.52100 0.16300
93.00000 11.21000 8.64700 17.36500 0.93600 7.27300 14.29200 4.46600 -1.17000 7.27300 19.82600 -5.30000 -5.88000 5.36100 8.14800 -7.56800 -1.30200
94.00000 5.35100 10.60000 16.87600 2.88900 5.80900 16.73400 1.04800 -1.17000 6.29700 14.94300 -7.25300 -7.34500 3.89600 4.24200 -7.56800 -4.72000
95.00000 3.39800 13.04100 17.36500 5.33000 4.34400 20.15200 -2.37000 -1.65800 4.83200 12.99000 -12.13600 -9.78600 0.47800 -0.64100 -11.47500 -9.11500
96.00000 5.35100 14.99400 18.34100 6.30700 5.80900 22.59300 -5.30000 -2.63500 2.87900 13.96700 -17.99500 -13.20400 -3.42800 -5.52400 -17.33400 -13.50900
97.00000 8.28000 14.99400 17.36500 5.81900 8.25000 21.12800 -7.25300 -3.61100 0.92600 14.94300 -22.39000 -16.13400 -7.33400 -9.91800 -23.68200 -18.39200
98.00000 7.30400 13.52900 15.41100 3.86600 10.20300 17.22200 -7.74100 -4.10000 -1.02700 12.50200 -23.36600 -17.59800 -11.24100 -13.33600 -26.61100 -21.32200
99.00000 2.90900 10.60000 12.48200 1.42400 9.71500 12.82800 -7.74100 -3.61100 -3.46900 6.15400 -21.41300 -16.62200 -13.19400 -14.80100 -25.63500 -22.29800
100.00000 -2.95000 7.18200 10.04000 -0.04100 6.29700 9.89800 -6.76500 -2.14600 -5.91000 -0.68200 -17.50700 -14.18100 -13.68200 -14.80100 -21.72900 -21.32200
101.00000 -5.39100 4.74000 9.55200 -1.01700 1.41400 10.38600 -4.81200 -0.68200 -7.86300 -3.61100 -14.08900 -11.25100 -13.19400 -15.28900 -17.82200 -20.34500
102.00000 -3.43800 4.74000 11.99300 -1.01700 -1.02700 11.85100 -2.85800 0.29500 -8.35200 -2.14600 -12.13600 -9.78600 -12.70500 -15.28900 -15.86900 -20.34500
103.00000 1.44400 5.71700 16.38800 -1.01700 -0.05100 14.29200 -1.39400 0.29500 -6.88700 2.24800 -11.15900 -8.80900 -12.21700 -14.80100 -15.86900 -20.83300
104.00000 6.81600 7.67000 21.27100 -1.99400 2.87900 15.75700 -0.90500 -0.19300 -4.44500 6.64300 -11.64800 -8.32100 -11.24100 -13.33600 -16.35700 -20.83300
105.00000 9.74500 8.64700 24.20000 -1.99400 5.80900 16.73400 -1.39400 -0.68200 -1.51600 9.08400 -11.64800 -7.83300 -9.28800 -10.40600 -15.38100 -18.88000
106.00000 10.23400 7.67000 23.22400 -1.99400 6.78500 16.73400 -3.34700 -1.65800 0.92600 10.54900 -12.13600 -7.83300 -6.35800 -6.50000 -12.93900 -14.97400
107.00000 9.74500 6.69400 19.80600 -1.01700 6.29700 17.22200 -5.30000 -2.63500 2.87900 11.03700 -12.62400 -8.32100 -3.42800 -2.59400 -11.47500 -10.09100
108.00000 8.76900 7.18200 16.38800 0.93600 5.32000 17.71000 -6.27600 -3.12300 3.85500 12.50200 -13.11200 -8.80900 -0.98700 -0.15300 -11.47500 -7.65000
109.00000 7.79200 8.15800 15.90000 2.88900 4.34400 17.71000 -7.25300 -3.12300 3.85500 12.01400 -14.08900 -10.27400 -0.01000 -0.15300 -13.42800 -7.65000
110.00000 6.81600 9.62300 18.82900 4.35400 3.85500 17.22200 -6.76500 -2.63500 3.36700 10.06100 -15.06600 -11.25100 -0.49800 -1.12900 -15.86900 -10.57900
111.00000 5.83900 10.11100 23.22400 3.86600 2.87900 15.75700 -5.30000 -1.65800 1.90200 6.15400 -16.04200 -11.25100 -1.96300 -3.08200 -16.84600 -14.48600
112.00000 5.35100 7.67000 24.68900 3.37700 1.41400 13.80400 -3.83500 -0.68200 -0.53900 3.22500 -15.55400 -10.76300 -2.94000 -4.54700 -15.86900 -16.43900
113.00000 4.37400 4.74000 23.22400 2.40100 -0.05100 12.33900 -2.37000 -1.17000 -2.98100 1.27200 -14.57700 -9.78600 -3.91600 -5.52400 -12.93900 -15.46200
114.00000 2.90900 2.29900 19.80600 1.42400 -0.05100 11.85100 -1.88200 -2.63500 -4.44500 0.29500 -14.08900 -9.29800 -4.40500 -6.50000 -10.49800 -13.50900
115.00000 0.46800 2.29900 16.38800 1.42400 0.92600 11.85100 -2.85800 -5.07600 -5.42200 -0.19300 -14.08900 -10.27400 -4.89300 -8.45300 -10.01000 -12.04400
116.00000 -2.46200 4.25200 15.41100 1.42400 2.39100 11.85100 -5.78800 -7.51700 -5.42200 -0.68200 -15.55400 -12.22700 -6.35800 -10.40600 -12.45100 -13.02100
117.00000 -5.39100 5.71700 15.90000 1.42400 3.36700 12.33900 -9.69400 -9.47100 -4.44500 0.29500 -18.97200 -14.66900 -7.33400 -11.87100 -16.35700 -14.97400
118.00000 -5.39100 5.71700 16.38800 0.44800 3.36700 12.33900 -13.11200 -9.95900 -3.46900 5.17800 -21.90100 -16.62200 -8.31100 -11.87100 -20.26400 -16.92700
119.00000 -2.46200 4.74000 15.90000 -0.04100 2.39100 13.31600 -15.06600 -9.47100 -2.00400 12.01400 -23.36600 -17.11000 -7.82300 -9.43000 -22.21700 -17.41500
120.00000 3.88600 3.76400 15.41100 -0.52900 2.39100 14.78100 -14.08900 -7.51700 -0.05100 17.87300 -22.87800 -16.62200 -6.35800 -6.01200 -22.21700 -16.43900
121.00000 10.23400 4.74000 16.87600 -0.52900 2.39100 16.24600 -11.15900 -5.07600 0.92600 18.85000 -20.92500 -15.15700 -4.40500 -2.59400 -20.75200 -14.97400
122.00000 14.62800 7.67000 20.29400 -0.52900 2.87900 17.22200 -7.25300 -3.12300 1.90200 14.45500 -18.48300 -13.69200 -4.40500 -1.61700 -19.28700 -14.97400
123.00000 15.60500 10.11100 24.68900 -0.52900 3.36700 16.73400 -5.30000 -1.65800 1.41400 7.13100 -17.50700 -13.20400 -5.38100 -3.57100 -18.79900 -16.92700
124.00000 13.16300 11.57600 26.64200 -0.52900 2.39100 15.75700 -4.32300 -1.17000 -1.02700 1.27200 -17.99500 -13.69200 -8.79900 -8.45300 -19.28700 -20.34500
125.00000 10.23400 10.60000 26.15400 -0.04100 0.92600 14.29200 -5.30000 -2.14600 -3.46900 -0.19300 -19.46000 -15.15700 -12.70500 -13.82400 -20.75200 -23.76300
126.00000 8.76900 8.64700 23.22400 0.93600 -0.05100 13.80400 -5.30000 -2.63500 -5.91000 1.76000 -19.46000 -16.13400 -16.61200 -19.19600 -22.21700 -26.20400
127.00000 8.28000 7.18200 20.29400 1.91200 -0.05100 14.29200 -5.30000 -3.12300 -8.35200 3.71300 -18.48300 -16.13400 -19.05300 -22.61400 -23.19300 -28.15800
128.00000 7.30400 6.20500 19.31800 2.40100 0.92600 14.29200 -4.32300 -3.61100 -9.32800 2.24800 -17.01900 -15.15700 -20.03000 -23.59000 -23.68200 -28.64600
129.00000 4.86200 5.71700 19.31800 1.42400 1.90200 13.80400 -3.83500 -3.61100 -9.81600 -0.68200 -16.04200 -13.69200 -19.05300 -23.59000 -22.70500 -27.66900
130.00000 1.93300 5.71700 19.31800 -0.52900 1.90200 12.82800 -5.30000 -4.58800 -9.81600 -1.65800 -16.53000 -12.71600 -17.10000 -21.63700 -21.24000 -26.20400
131.00000 -0.50900 5.22900 17.85300 -2.48200 0.92600 12.33900 -7.25300 -6.54100 -9.32800 0.29500 -17.50700 -12.71600 -15.14700 -19.19600 -19.28700 -23.76300
132.00000 -0.99700 5.22900 16.38800 -2.48200 0.92600 13.31600 -9.20600 -8.00600 -8.35200 5.17800 -17.50700 -12.22700 -12.70500 -16.75400 -16.84600 -20.34500
133.00000 0.95600 5.71700 15.41100 -0.52900 1.41400 15.26900 -9.69400 -8.49400 -6.88700 9.08400 -15.55400 -11.73900 -10.26400 -14.31300 -13.91600 -17.41500
134.00000 3.39800 6.20500 16.87600 1.91200 2.39100 16.73400 -8.71800 -7.51700 -3.95700 10.06100 -12.13600 -9.78600 -7.33400 -10.89500 -11.47500 -14.48600
135.00000 5.35100 7.18200 19.80600 4.35400 3.36700 17.22200 -6.76500 -4.58800 -2.00400 8.59600 -9.20600 -8.32100 -5.38100 -7.96500 -9.03300 -11.55600
136.00000 5.83900 8.15800 23.22400 4.84200 3.85500 17.22200 -5.30000 -3.12300 -0.53900 5.66600 -6.76500 -6.36800 -2.94000 -5.03500 -8.05700 -9.11500
137.00000 6.32700 10.11100 25.66500 4.35400 3.85500 16.73400 -4.81200 -1.65800 0.43700 4.20100 -6.76500 -6.36800 -1.47500 -2.59400 -7.08000 -7.65000
138.00000 8.28000 11.57600 27.13000 3.37700 2.87900 18.19900 -3.83500 -1.17000 0.43700 3.71300 -7.74100 -6.85600 -0.49800 -1.61700 -7.08000 -6.18500
139.00000 10.23400 12.55300 27.13000 2.40100 1.90200 19.66300 -2.37000 -2.14600 -0.05100 3.22500 -8.23000 -7.34500 -0.49800 -1.12900 -7.08000 -6.67300
140.00000 9.25700 11.57600 26.15400 1.42400 1.41400 20.64000 -1.39400 -3.12300 -0.53900 3.22500 -9.20600 -7.83300 -1.47500 -2.59400 -7.56800 -8.62600
141.00000 6.32700 9.13500 23.22400 -0.04100 0.92600 19.66300 -1.39400 -4.58800 -1.51600 4.69000 -9.69400 -8.32100 -2.94000 -4.54700 -9.03300 -11.06800
142.00000 2.42100 6.20500 19.31800 -1.50600 0.43700 16.73400 -3.34700 -5.07600 -2.49200 8.59600 -11.15900 -8.80900 -5.38100 -6.98900 -11.96300 -13.99700
143.00000 1.93300 4.25200 16.38800 -2.97000 -0.05100 14.78100 -5.78800 -6.05300 -2.98100 13.96700 -13.11200 -10.27400 -7.33400 -9.43000 -14.89300 -16.43900
144.00000 5.83900 4.74000 15.90000 -3.45900 0.43700 14.78100 -7.74100 -6.05300 -3.46900 17.87300 -14.57700 -12.22700 -9.28800 -9.91800 -16.84600 -17.41500
145.00000 11.21000 6.69400 17.85300 -2.48200 0.92600 17.71000 -7.25300 -6.54100 -3.46900 16.89700 -14.08900 -13.69200 -9.28800 -9.43000 -16.84600 -16.43900
146.00000 14.14000 9.13500 22.73600 -0.04100 1.41400 22.10500 -5.30000 -7.02900 -3.46900 11.03700 -12.13600 -13.20400 -8.31100 -6.98900 -13.91600 -13.50900
147.00000 13.16300 11.08800 28.10700 2.40100 1.90200 25.52300 -3.34700 -8.00600 -2.98100 4.69000 -9.20600 -11.73900 -5.87000 -3.57100 -9.03300 -9.60300
148.00000 10.23400 11.57600 31.03600 3.86600 1.90200 25.52300 -2.37000 -8.49400 -2.49200 2.24800 -6.27600 -8.80900 -2.45200 -1.12900 -4.15000 -6.67300
149.00000 8.28000 11.08800 31.52500 4.35400 1.41400 23.57000 -2.37000 -8.49400 -2.00400 6.64300 -3.83500 -6.36800 -0.49800 0.82400 -1.22100 -5.69700
150.00000 10.23400 11.08800 29.08300 3.86600 0.43700 21.12800 -2.37000 -7.51700 -1.51600 13.47900 -2.37000 -3.92700 -0.01000 0.82400 -1.22100 -6.67300
151.00000 13.65200 12.06500 26.15400 3.37700 -0.53900 20.64000 -1.39400 -5.07600 -1.51600 18.36100 -0.41700 -2.46200 -0.49800 0.33600 -3.17400 -8.13800
152.00000 16.09300 13.04100 25.17700 2.88900 -0.53900 21.61700 0.55900 -2.14600 -2.00400 18.85000 0.55900 -1.97300 -1.47500 -1.12900 -5.61500 -8.62600
153.00000 15.60500 14.01800 26.15400 2.88900 -0.05100 23.57000 2.02400 -0.68200 -2.98100 14.94300 1.04800 -1.48500 -2.94000 -1.61700 -6.59200 -7.65000
154.00000 13.16300 14.01800 28.10700 2.40100 1.41400 24.54600 2.02400 -0.19300 -3.95700 12.01400 0.07100 -2.46200 -4.40500 -2.59400 -6.10400 -5.69700
155.00000 10.23400 14.01800 28.10700 1.42400 2.39100 25.03500 0.55900 -1.65800 -4.93400 11.03700 -2.85800 -4.41500 -5.38100 -3.08200 -5.61500 -4.72000
156.00000 9.25700 13.52900 25.66500 -0.04100 3.85500 25.52300 -2.85800 -3.61100 -5.42200 13.47900 -6.27600 -6.36800 -6.35800 -4.54700 -5.61500 -5.69700
157.00000 8.28000 14.01800 21.27100 -1.99400 4.83200 26.49900 -6.27600 -5.07600 -5.42200 15.43200 -8.71800 -8.32100 -6.84600 -5.03500 -6.59200 -8.13800
158.00000 6.32700 15.48300 17.36500 -2.48200 5.32000 28.94100 -8.23000 -5.56400 -3.95700 15.43200 -9.69400 -8.80900 -5.87000 -4.54700 -8.05700 -9.60300
159.00000 4.86200 16.94700 17.36500 -1.50600 5.80900 32.84700 -8.71800 -5.07600 -2.98100 13.96700 -8.71800 -7.34500 -3.91600 -2.59400 -8.05700 -8.62600
160.00000 6.32700 19.38900 22.73600 0.93600 6.29700 36.26500 -7.25300 -4.58800 -1.51600 12.50200 -5.30000 -5.88000 -1.47500 0.82400 -6.59200 -6.67300
161.00000 12.18700 21.83000 31.03600 3.37700 6.29700 37.73000 -4.81200 -4.10000 -0.53900 12.99000 -1.88200 -3.92700 -0.49800 4.24200 -3.66200 -4.72000
162.00000 20.97600 24.76000 37.87200 4.84200 6.29700 37.73000 -1.88200 -4.58800 -0.05100 13.96700 1.04800 -3.43800 -0.01000 5.21900 -1.22100 -4.23200
163.00000 27.32300 27.20100 39.82500 4.84200 6.29700 37.24200 0.55900 -5.07600 0.92600 15.92000 2.02400 -3.43800 -0.98700 4.24200 -0.24400 -5.20800
164.00000 28.30000 28.17800 35.91900 3.86600 7.27300 37.24200 1.53600 -6.05300 1.90200 17.87300 1.53600 -4.41500 -1.96300 2.77700 -2.19700 -7.16100
165.00000 23.90500 27.69000 29.57200 2.88900 8.73800 37.73000 1.53600 -6.54100 3.36700 21.29100 -0.90500 -5.88000 -1.96300 1.31200 -6.10400 -8.13800
166.00000 17.55800 25.73600 24.68900 2.40100 10.69100 38.21800 0.55900 -7.02900 4.34400 25.19700 -4.32300 -7.83300 -1.47500 1.80100 -10.98600 -8.62600
167.00000 14.14000 22.80700 23.71200 1.91200 11.66800 37.73000 -1.88200 -8.00600 4.83200 27.63900 -8.23000 -9.29800 -0.49800 3.26500 -14.89300 -8.62600
168.00000 15.11600 19.87700 25.66500 0.93600 10.69100 35.28800 -4.81200 -8.00600 3.85500 26.17400 -10.18300 -9.78600 -0.01000 3.75400 -15.86900 -8.62600
169.00000 17.55800 16.45900 26.64200 -1.01700 7.27300 31.38200 -7.74100 -7.51700 1.41400 20.31500 -11.15900 -9.78600 -0.49800 3.26500 -14.40400 -9.11500
170.00000 17.55800 14.01800 26.15400 -2.97000 2.87900 27.47600 -9.20600 -6.54100 -1.51600 12.99000 -9.69400 -8.32100 -1.47500 0.82400 -10.49800 -9.11500
171.00000 14.62800 12.55300 24.68900 -2.97000 -1.02700 24.05800 -8.23000 -4.10000 -3.95700 8.59600 -7.25300 -6.85600 -2.94000 -2.10600 -6.59200 -8.62600
172.00000 10.23400 12.55300 24.68900 -1.01700 -2.49200 23.57000 -4.32300 -2.14600 -4.93400 9.57200 -4.81200 -4.90300 -4.40500 -3.57100 -4.63900 -8.62600
173.00000 8.28000 14.50600 27.13000 1.91200 -1.02700 25.52300 1.04800 -0.68200 -4.93400 14.45500 -3.83500 -3.92700 -4.40500 -3.57100 -4.15000 -9.11500
174.00000 8.76900 16.94700 31.52500 5.33000 2.39100 29.42900 4.95400 -0.19300 -3.46900 18.85000 -3.34700 -4.90300 -4.40500 -3.08200 -5.12700 -11.06800
175.00000 11.69800 19.87700 34.94300 6.30700 5.80900 31.87100 4.95400 -2.14600 -2.00400 19.82600 -4.32300 -6.85600 -4.40500 -2.10600 -7.08000 -14.48600
176.00000 15.11600 22.31900 34.94300 5.33000 8.25000 33.33500 0.55900 -5.07600 -0.53900 16.40800 -5.78800 -9.78600 -4.89300 -2.59400 -8.05700 -16.92700
177.00000 18.53400 24.27200 32.99000 3.37700 8.25000 32.35900 -5.30000 -8.98200 -1.02700 11.52500 -7.25300 -12.22700 -6.35800 -4.54700 -9.03300 -16.92700
178.00000 22.92900 26.22500 31.52500 1.91200 7.76200 31.38200 -9.20600 -11.42400 -2.49200 9.08400 -7.74100 -13.69200 -8.31100 -7.47700 -9.03300 -14.48600
179.00000 26.83500 27.20100 32.01300 2.40100 6.29700 30.40600 -8.71800 -11.91200 -4.44500 10.54900 -7.74100 -13.69200 -10.26400 -9.43000 -8.54500 -10.09100
180.00000 29.27700 27.20100 34.45400 3.86600 5.32000 29.91700 -4.81200 -9.95900 -6.39900 12.50200 -6.76500 -11.73900 -10.26400 -8.94200 -7.56800 -5.69700
181.00000 28.30000 24.76000 35.43100 5.33000 3.85500 29.42900 1.04800 -7.02900 -7.37500 14.45500 -4.81200 -8.80900 -7.82300 -6.01200 -4.63900 -3.25500
182.00000 24.39400 21.34200 34.94300 4.84200 2.39100 27.96400 5.44200 -4.10000 -6.88700 13.47900 -1.88200 -4.90300 -4.40500 -2.59400 -0.73200 -2.27900
183.00000 20.48700 17.43600 33.47800 2.88900 0.43700 26.01100 5.93100 -1.65800 -6.39900 11.03700 1.53600 -1.48500 -0.98700 0.82400 4.15000 -1.79000
184.00000 17.55800 14.99400 31.03600 -1.01700 -1.51600 24.05800 3.97700 -1.17000 -6.39900 8.10800 4.95400 0.46800 -0.01000 1.31200 8.05700 -1.30200
185.00000 17.06900 14.01800 30.54800 -5.41200 -2.49200 23.08100 1.53600 -1.17000 -6.88700 6.15400 6.41900 1.44400 -1.96300 -0.64100 9.52100 -0.81400
186.00000 16.09300 13.52900 31.03600 -8.34100 -2.49200 24.05800 0.07100 -2.14600 -7.86300 5.17800 5.93100 -0.02000 -5.38100 -4.05900 7.56800 -1.79000
187.00000 14.14000 14.01800 31.03600 -8.34100 -1.51600 25.52300 0.55900 -4.10000 -7.86300 5.66600 2.02400 -2.46200 -7.82300 -7.47700 1.70900 -5.69700
188.00000 11.21000 15.48300 30.54800 -5.41200 0.92600 27.47600 1.04800 -5.56400 -5.91000 8.10800 -2.85800 -4.90300 -7.82300 -8.94200 -5.12700 -11.06800
189.00000 10.72200 18.90100 30.54800 -0.04100 3.85500 29.42900 2.02400 -6.54100 -3.46900 12.99000 -7.74100 -6.85600 -5.87000 -7.96500 -10.01000 -14.97400
190.00000 13.16300 23.29500 31.03600 5.81900 5.80900 30.40600 1.04800 -6.54100 -0.53900 18.85000 -9.69400 -7.83300 -3.42800 -5.52400 -10.98600 -14.97400
191.00000 18.53400 26.71300 32.99000 9.72500 7.27300 30.89400 -0.41700 -5.07600 0.43700 23.24400 -9.69400 -7.34500 -1.47500 -3.57100 -8.05700 -11.55600
192.00000 22.92900 27.69000 35.43100 10.21300 8.25000 30.89400 -3.34700 -4.10000 -0.05100 22.26800 -8.23000 -6.36800 -0.98700 -2.59400 -4.63900 -7.16100
193.00000 23.90500 25.24800 36.40700 8.74800 7.27300 29.91700 -5.78800 -3.61100 -1.51600 16.40800 -7.25300 -6.85600 -2.45200 -3.57100 -3.66200 -5.20800
194.00000 22.44100 21.83000 35.91900 5.33000 5.80900 29.42900 -7.25300 -4.58800 -2.98100 9.57200 -8.71800 -8.32100 -4.89300 -5.03500 -7.08000 -7.65000
195.00000 20.48700 18.90100 34.45400 2.88900 4.34400 28.94100 -6.76500 -6.05300 -4.44500 5.17800 -11.64800 -10.76300 -6.84600 -6.98900 -13.42800 -12.53300
196.00000 20.48700 17.92400 32.50100 1.91200 2.87900 27.96400 -5.78800 -7.02900 -4.93400 6.15400 -14.08900 -12.71600 -8.31100 -8.45300 -18.79900 -16.92700
197.00000 22.44100 18.90100 32.01300 1.91200 1.90200 26.98800 -3.34700 -6.54100 -5.91000 10.54900 -14.08900 -12.71600 -9.28800 -8.94200 -19.28700 -18.39200
198.00000 22.92900 19.38900 32.01300 2.88900 1.90200 26.01100 -0.90500 -4.10000 -6.88700 14.94300 -11.15900 -10.27400 -8.79900 -8.94200 -13.91600 -15.46200
199.00000 20.97600 18.90100 32.01300 2.88900 1.41400 25.03500 1.53600 -2.14600 -6.88700 16.40800 -5.30000 -5.88000 -7.33400 -8.45300 -5.12700 -10.57900
200.00000 17.55800 18.41200 31.52500 1.91200 0.92600 25.52300 3.00100 -1.17000 -6.39900 14.94300 -0.41700 -1.97300 -4.40500 -7.47700 2.19700 -6.18500
201.00000 15.60500 18.90100 30.54800 0.44800 0.43700 26.01100 3.48900 -2.14600 -4.44500 13.47900 2.02400 -0.02000 -1.47500 -6.98900 4.15000 -4.23200
202.00000 17.06900 21.34200 30.06000 -0.52900 0.43700 28.45300 2.51300 -4.58800 -2.98100 12.50200 0.55900 -0.50900 -0.01000 -6.01200 1.22100 -4.72000
203.00000 21.95200 24.76000 31.03600 -1.01700 1.90200 31.38200 0.55900 -8.00600 -1.51600 12.50200 -3.34700 -3.43800 0.47800 -5.03500 -4.15000 -6.67300
204.00000 26.34700 27.20100 33.47800 -0.52900 4.34400 33.33500 -1.88200 -10.44700 -1.51600 12.50200 -8.23000 -6.85600 -0.49800 -4.54700 -8.05700 -8.13800
205.00000 27.81200 28.17800 36.40700 0.44800 7.27300 35.28800 -2.85800 -11.42400 -2.98100 12.01400 -12.13600 -9.29800 -2.45200 -5.03500 -9.52100 -8.62600
206.00000 25.85900 27.69000 39.82500 2.40100 9.71500 36.75300 -2.85800 -10.93500 -4.44500 10.54900 -13.60100 -11.25100 -4.89300 -5.52400 -9.03300 -8.62600
207.00000 22.92900 27.20100 41.77900 4.84200 10.20300 37.24200 -2.37000 -9.47100 -5.91000 9.57200 -13.60100 -12.71600 -6.35800 -6.01200 -9.03300 -9.11500
208.00000 20.97600 26.71300 41.29000 6.79500 9.22600 36.26500 -3.34700 -8.00600 -6.88700 9.08400 -13.60100 -14.18100 -8.31100 -6.98900 -10.98600 -10.57900
209.00000 20.48700 25.73600 38.84900 7.28400 7.27300 34.31200 -5.30000 -7.02900 -8.35200 8.59600 -13.60100 -15.64500 -10.26400 -7.96500 -13.91600 -12.53300
210.00000 20.97600 22.80700 35.91900 7.28400 3.85500 31.38200 -7.74100 -5.56400 -9.81600 8.10800 -12.62400 -15.15700 -12.70500 -9.91800 -14.89300 -13.99700
211.00000 20.97600 19.38900 32.99000 6.30700 0.43700 27.96400 -9.20600 -5.07600 -11.28100 7.61900 -11.15900 -12.71600 -14.17000 -11.38300 -11.96300 -14.48600
212.00000 20.97600 16.45900 31.52500 5.33000 -2.00400 25.03500 -7.25300 -3.61100 -12.74600 8.10800 -7.74100 -8.80900 -13.68200 -11.87100 -6.10400 -13.99700
213.00000 20.48700 15.97100 31.52500 4.35400 -3.46900 24.54600 -3.83500 -2.14600 -12.74600 9.57200 -4.81200 -5.39100 -11.72900 -11.38300 -1.70900 -12.04400
214.00000 20.48700 17.92400 32.50100 3.86600 -3.46900 25.03500 -0.41700 -1.65800 -11.77000 11.52500 -2.37000 -3.43800 -8.31100 -9.43000 0.73200 -9.60300
215.00000 20.48700 20.85400 32.50100 2.88900 -1.51600 26.98800 1.53600 -1.65800 -8.84000 12.99000 -1.39400 -3.43800 -4.40500 -6.50000 0.24400 -6.67300
216.00000 19.99900 22.31900 31.52500 0.93600 0.92600 28.94100 0.55900 -3.12300 -4.93400 13.47900 -1.88200 -3.92700 -0.98700 -4.54700 -1.70900 -4.23200
217.00000 19.02300 22.80700 31.03600 -1.01700 2.87900 31.38200 -1.88200 -4.58800 -2.00400 12.99000 -2.37000 -4.41500 1.45500 -2.59400 -2.68600 -2.27900
218.00000 18.53400 21.83000 31.52500 -1.99400 4.34400 32.84700 -2.37000 -6.54100 -0.05100 13.47900 -2.85800 -4.41500 3.40800 -1.12900 -2.68600 -0.81400
219.00000 19.02300 22.31900 33.96600 -1.50600 4.83200 34.80000 -1.39400 -8.00600 0.92600 16.40800 -3.34700 -4.41500 4.38400 -0.15300 -3.17400 -1.30200
220.00000 20.48700 24.27200 37.38400 0.93600 5.80900 37.73000 0.55900 -8.49400 0.92600 20.80300 -3.83500 -4.90300 3.89600 0.82400 -4.63900 -2.76700
221.00000 22.44100 27.20100 39.33700 3.86600 6.78500 40.17100 2.02400 -8.98200 0.43700 25.68600 -5.78800 -5.88000 3.40800 1.31200 -7.56800 -5.20800
222.00000 24.39400 30.13100 40.31400 6.79500 7.76200 41.63600 0.55900 -8.98200 -0.05100 28.12700 -7.25300 -7.83300 1.94300 1.31200 -10.01000 -7.16100
223.00000 25.37000 31.59600 39.82500 8.74800 9.22600 42.12400 -2.37000 -8.49400 -0.53900 27.15000 -8.23000 -9.29800 -0.49800 0.33600 -10.49800 -8.13800
224.00000 27.32300 32.57200 39.82500 10.21300 10.20300 41.63600 -4.81200 -7.51700 -2.49200 23.24400 -8.71800 -11.25100 -2.94000 -1.61700 -10.49800 -8.62600
225.00000 31.23000 33.54900 41.77900 12.16600 10.69100 41.14800 -5.30000 -6.54100 -4.44500 18.85000 -9.20600 -13.20400 -6.35800 -4.54700 -10.98600 -10.09100
226.00000 37.08900 34.52600 44.70800 13.63100 10.69100 40.66000 -4.32300 -5.56400 -6.39900 15.43200 -10.67100 -15.15700 -9.28800 -7.96500 -12.93900 -13.02100
227.00000 41.97200 34.03700 46.66100 14.11900 10.69100 40.66000 -2.37000 -5.56400 -7.86300 12.01400 -12.13600 -16.62200 -11.72900 -11.87100 -15.86900 -16.92700
228.00000 42.94800 33.06100 46.17300 13.63100 10.20300 40.17100 -1.88200 -5.56400 -7.86300 9.08400 -13.60100 -16.62200 -12.70500 -13.82400 -17.33400 -18.88000
229.00000 36.60100 30.61900 42.26700 11.67800 8.73800 38.70600 -2.85800 -6.05300 -6.39900 6.15400 -13.60100 -14.66900 -11.24100 -13.33600 -16.84600 -18.39200
230.00000 26.34700 27.69000 36.89600 8.74800 7.76200 36.75300 -3.83500 -5.56400 -4.44500 4.69000 -12.13600 -12.22700 -7.82300 -10.40600 -13.91600 -15.46200
231.00000 17.06900 26.71300 32.99000 5.81900 6.78500 36.26500 -3.83500 -4.58800 -2.49200 7.61900 -9.69400 -9.29800 -2.94000 -6.01200 -10.49800 -10.09100
232.00000 16.09300 27.20100 32.99000 4.35400 6.78500 37.24200 -1.39400 -4.10000 -0.53900 15.43200 -6.27600 -6.85600 0.96600 -2.10600 -7.56800 -5.20800
233.00000 22.92900 30.61900 36.89600 3.86600 8.25000 40.17100 2.51300 -4.58800 0.92600 25.19700 -2.85800 -5.39100 3.40800 0.33600 -5.61500 -2.27900
234.00000 34.64800 35.01400 42.75500 4.35400 10.69100 44.56600 5.44200 -6.05300 1.41400 33.49800 -0.41700 -3.92700 3.40800 0.33600 -3.66200 -1.79000
235.00000 41.97200 38.92000 47.15000 5.81900 13.62100 47.49600 4.95400 -8.00600 1.41400 34.47500 1.04800 -3.92700 1.94300 -1.12900 -2.19700 -2.76700
236.00000 41.48400 41.36100 47.63800 7.28400 16.06200 49.44900 1.53600 -10.44700 0.43700 29.10400 0.55900 -4.41500 -0.98700 -2.59400 -2.19700 -5.69700
237.00000 32.69400 40.87300 43.73200 9.23700 17.03900 48.96000 -3.83500 -11.91200 -1.51600 21.29100 -1.88200 -7.34500 -4.40500 -4.54700 -4.15000 -9.11500
238.00000 22.92900 37.45500 37.38400 10.70100 15.57400 46.03100 -6.76500 -12.40000 -3.95700 15.92000 -5.30000 -10.76300 -7.33400 -6.01200 -7.08000 -12.53300
239.00000 17.55800 32.57200 31.52500 10.70100 12.15600 42.61300 -6.76500 -11.42400 -6.39900 14.94300 -8.71800 -13.69200 -9.77600 -7.96500 -10.98600 -14.97400
240.00000 19.02300 27.20100 30.06000 8.74800 8.25000 37.73000 -4.32300 -9.95900 -8.84000 16.40800 -10.67100 -14.66900 -11.24100 -9.91800 -12.93900 -16.43900
241.00000 23.90500 23.29500 32.50100 5.33000 4.34400 33.33500 -1.88200 -8.00600 -10.30500 15.92000 -10.67100 -13.69200 -11.72900 -11.38300 -12.93900 -16.43900
242.00000 27.32300 22.31900 37.38400 1.91200 2.39100 30.40600 -1.39400 -6.54100 -10.79300 12.01400 -9.20600 -11.25100 -11.72900 -11.38300 -11.47500 -14.97400
243.00000 27.32300 24.27200 40.80200 -0.52900 2.39100 29.91700 -2.85800 -5.07600 -10.79300 6.15400 -7.25300 -8.80900 -10.26400 -10.40600 -9.03300 -13.50900
244.00000 24.88200 26.22500 40.80200 -1.01700 4.83200 32.35900 -3.83500 -4.10000 -8.84000 2.73600 -5.78800 -6.85600 -8.31100 -7.96500 -6.59200 -12.04400
245.00000 22.44100 29.15400 37.87200 0.44800 7.27300 36.26500 -2.85800 -3.12300 -6.88700 5.17800 -4.81200 -4.90300 -5.38100 -5.03500 -4.63900 -10.57900
246.00000 22.44100 31.10800 34.45400 1.91200 9.22600 39.68300 0.07100 -2.14600 -4.44500 12.01400 -4.32300 -2.95000 -2.94000 -2.10600 -2.68600 -9.11500
247.00000 23.90500 32.57200 33.47800 2.40100 9.22600 41.63600 3.48900 -1.17000 -2.49200 18.85000 -3.83500 -1.48500 -0.01000 0.33600 -1.70900 -6.67300
248.00000 25.85900 33.06100 34.94300 1.91200 8.25000 40.66000 5.44200 -0.68200 -1.02700 23.73300 -4.32300 -0.02000 1.94300 2.77700 -1.22100 -4.23200
249.00000 25.37000 31.59600 36.89600 0.44800 5.32000 38.70600 4.46600 -1.17000 -0.53900 23.73300 -4.81200 0.46800 3.89600 4.24200 -1.22100 -0.81400
250.00000 23.90500 27.69000 37.87200 -0.52900 2.87900 36.75300 2.02400 -2.14600 -1.02700 19.82600 -5.30000 0.46800 5.36100 5.21900 -0.73200 1.62800
251.00000 23.41700 23.78300 36.89600 0.44800 0.43700 35.77700 0.55900 -3.12300 -2.49200 14.94300 -3.83500 0.46800 5.84900 4.73000 1.22100 2.11600
252.00000 24.39400 20.85400 34.94300 2.88900 -0.53900 35.77700 1.53600 -3.12300 -3.95700 10.54900 -1.39400 0.95600 5.36100 3.75400 4.15000 2.11600
253.00000 25.85900 21.34200 35.91900 6.79500 -0.05100 36.26500 4.46600 -2.14600 -6.39900 8.59600 2.02400 1.93300 3.89600 2.28900 7.08000 1.13900
254.00000 26.83500 25.24800 39.82500 10.70100 2.39100 37.24200 7.39500 -0.19300 -6.88700 9.57200 4.46600 2.42100 2.92000 1.31200 8.54500 -0.32600
255.00000 26.83500 30.13100 44.70800 13.63100 6.78500 39.68300 9.34900 1.76000 -5.91000 14.45500 3.97700 1.44400 2.43100 1.31200 6.59200 -1.30200
256.00000 27.32300 34.52600 49.10300 13.63100 11.18000 42.12400 8.37200 1.27200 -3.46900 21.29100 0.55900 -1.48500 1.94300 1.31200 1.70900 -3.74300
