1.00000 20.90500 -4.05900 7.92400 -3.98800 -7.14100 -4.32300 -1.40400 7.24300 -3.67200 -16.41800 4.42500 9.78600 -0.81400 -4.97400 4.01800 1.92300
2.00000 14.06900 -4.05900 1.57700 -4.96400 -6.65300 -6.76500 2.01400 7.24300 -4.16100 -15.93000 7.84300 11.73900 -2.27900 -6.92700 7.92400 3.38700
3.00000 -1.55600 -4.54700 -5.25900 -5.45200 -4.70000 -5.30000 5.43200 6.26600 -4.64900 -8.11800 10.77300 12.71600 -2.76700 -6.43900 10.85400 3.38700
4.00000 -12.29900 -4.54700 -8.18900 -5.45200 -2.74700 0.07100 8.36200 5.29000 -3.67200 1.64800 11.74900 11.25100 -1.30200 -3.99800 11.34200 3.38700
5.00000 -11.32200 -3.57100 -6.23600 -4.47600 -0.79300 4.95400 8.85000 3.82500 -2.20700 8.48400 11.26100 8.80900 1.13900 0.39700 10.36600 4.36400
6.00000 -2.53300 -3.57100 -2.81800 -3.49900 -0.79300 6.41900 8.36200 2.36000 0.72200 8.97200 8.82000 6.85600 3.58100 5.76800 8.41300 7.78200
7.00000 1.86200 -5.52400 -1.35300 -2.52300 -1.77000 3.97700 5.92000 0.89500 3.65200 6.53100 5.40200 5.39100 6.02200 11.62700 6.94800 10.71200
8.00000 -3.99800 -7.96500 -3.79400 -2.03500 -2.25800 1.04800 3.47900 -0.08100 6.58200 5.06600 1.98400 3.92700 8.46400 15.53300 5.48300 11.68800
9.00000 -15.71700 -10.40600 -4.77100 -2.52300 -1.28200 -0.90500 2.01400 -2.03500 7.55800 6.53100 -1.43400 2.46200 9.92800 16.51000 3.53000 9.73500
10.00000 -21.57600 -10.40600 -1.84100 -3.49900 2.13600 0.55900 2.01400 -2.52300 7.55800 8.97200 -3.38700 0.50900 9.92800 14.55700 1.57700 5.82900
11.00000 -14.25200 -6.50000 5.48300 -3.98800 5.06600 3.48900 2.50200 -2.52300 6.09300 9.94900 -3.38700 -0.46800 8.46400 10.65100 0.11200 2.41100
12.00000 3.32600 1.31200 12.80700 -3.98800 6.04200 6.41900 4.94400 -0.57000 4.14000 8.97200 -1.43400 0.02000 6.99900 7.23300 -0.37600 1.43400
13.00000 18.95100 11.07800 15.73700 -3.49900 4.57800 8.86000 6.89700 1.38300 3.16400 8.97200 1.00700 2.46200 6.02200 6.25600 0.60000 2.41100
14.00000 23.83400 19.37900 12.80700 -3.01100 1.64800 10.32500 8.85000 3.33700 3.16400 11.90200 4.42500 5.39100 6.51000 8.20900 3.53000 5.34100
15.00000 17.48700 21.33200 7.43600 -1.54600 -0.30500 12.27800 9.82700 4.31300 4.62800 15.32000 8.33100 8.80900 8.46400 12.11500 7.43600 9.24700
16.00000 7.23300 16.93700 4.99500 0.40700 0.67100 13.74300 10.80300 4.80100 6.09300 14.34300 12.72600 12.22700 10.90500 14.55700 11.34200 12.17700
17.00000 1.37300 7.17200 6.46000 3.33700 4.08900 13.25500 12.75600 4.80100 6.58200 6.53100 17.12000 14.18100 11.39300 14.06900 14.27200 13.64100
18.00000 0.88500 -2.10600 8.90100 6.26600 7.01900 10.81300 14.70900 5.29000 5.60500 -5.67600 19.07300 14.18100 9.44000 9.67400 15.24900 11.20000
19.00000 3.32600 -7.47700 10.36600 8.21900 7.99600 6.90700 15.19800 4.80100 2.67500 -15.44200 17.60900 12.22700 5.04600 2.83800 13.29500 5.82900
20.00000 1.86200 -6.01200 9.38900 7.73100 6.53100 3.48900 13.24500 4.31300 -1.23100 -14.95400 13.21400 8.32100 -0.32600 -3.51000 9.38900 -1.98400
21.00000 -2.53300 -1.61700 8.41300 6.26600 3.60100 1.04800 7.87400 1.87200 -5.13700 -5.67600 6.86600 3.43800 -4.72000 -7.90400 4.50600 -7.84300
22.00000 -7.90400 3.75400 8.41300 5.29000 0.18300 -1.39400 1.03800 -0.08100 -8.06700 6.53100 1.00700 -0.46800 -7.65000 -9.85700 1.08800 -8.82000
23.00000 -9.36900 6.19500 8.90100 4.80100 -2.74700 -2.85800 -3.84500 -1.54600 -8.06700 11.90200 -2.41100 -2.42100 -8.62600 -8.88100 -0.86500 -5.40200
24.00000 -4.97400 4.73000 6.46000 4.80100 -4.21100 -4.32300 -4.82200 -1.05800 -7.09000 7.99600 -2.89900 -2.90900 -7.65000 -7.41600 -1.84100 -0.51900
25.00000 2.83800 1.31200 1.08800 2.36000 -5.18800 -4.81200 -3.35700 -0.08100 -5.13700 -1.77000 -1.92300 -1.93300 -5.69700 -4.97400 -2.33000 1.43400
26.00000 11.13900 -1.61700 -4.77100 -2.52300 -6.16500 -2.37000 -0.42700 0.89500 -3.18400 -8.60600 -0.94600 -0.46800 -3.25500 -3.51000 -3.30600 -0.51900
27.00000 16.02200 -2.59400 -6.72400 -8.87000 -6.65300 1.04800 1.52600 1.38300 -1.71900 -8.11800 0.03100 1.48500 -0.32600 -1.55600 -3.30600 -4.42500
28.00000 14.55700 -2.10600 -2.33000 -13.26500 -6.65300 5.44200 2.50200 0.89500 -0.74300 -1.28200 1.49500 4.41500 2.60400 0.39700 -0.86500 -4.91300
29.00000 6.25600 -1.12900 5.48300 -13.26500 -5.18800 7.88400 3.47900 0.89500 -0.25400 5.55400 4.42500 7.34500 4.55700 2.35000 4.50600 -1.98400
30.00000 -6.92700 -0.15300 11.34200 -8.38200 -3.23500 6.90700 5.92000 1.87200 0.72200 7.50700 7.84300 10.27400 5.53400 3.32600 9.87800 3.87600
31.00000 -20.11100 -0.64100 11.34200 -1.05800 -1.77000 3.48900 9.33800 4.31300 1.21100 4.08900 11.26100 12.22700 5.53400 3.81500 13.29500 7.78200
32.00000 -26.94700 -2.59400 5.97100 5.29000 -1.28200 0.07100 11.29200 6.26600 1.69900 -1.28200 13.70200 13.69200 5.04600 3.32600 13.78400 8.27000
33.00000 -23.52900 -5.03500 1.08800 6.75500 -1.28200 -0.90500 10.80300 7.73100 1.21100 -4.70000 14.19100 14.18100 5.53400 2.83800 12.80700 6.80500
34.00000 -9.85700 -6.98900 0.11200 3.82500 -2.25800 0.55900 8.85000 7.24300 1.21100 -5.18800 13.21400 14.18100 7.48700 2.83800 12.31900 6.31700
35.00000 7.72100 -8.94200 3.04200 -2.03500 -4.21100 2.02400 6.89700 5.77800 1.69900 -4.21100 11.74900 14.66900 9.92800 4.30300 13.29500 7.78200
36.00000 21.39300 -9.91800 5.97100 -7.40600 -6.16500 1.53600 6.40900 3.82500 2.18700 -3.23500 11.26100 14.66900 12.85800 6.74400 14.27200 10.71200
37.00000 24.81100 -10.89500 4.50600 -11.31200 -8.11800 -0.90500 6.89700 2.36000 3.16400 -2.74700 10.28400 14.18100 15.29900 9.67400 14.76000 12.17700
38.00000 16.51000 -10.89500 -1.84100 -12.28800 -8.60600 -3.83500 6.89700 1.38300 3.16400 0.18300 8.82000 12.22700 16.27600 12.11500 13.29500 11.68800
39.00000 0.88500 -8.94200 -9.65400 -12.28800 -7.14100 -3.83500 4.94400 0.40700 3.16400 5.55400 6.37800 10.27400 16.76400 12.60400 10.36600 8.75900
40.00000 -14.74000 -5.03500 -13.56000 -10.33500 -3.72300 0.55900 1.52600 -1.05800 3.16400 11.90200 3.93700 8.32100 16.27600 12.60400 7.92400 6.80500
41.00000 -23.04100 -1.12900 -12.09500 -8.38200 -0.30500 6.90700 -1.40400 -2.52300 3.65200 13.85500 1.98400 5.88000 15.78800 11.13900 6.46000 6.80500
42.00000 -22.55200 1.80100 -6.23600 -6.42900 1.64800 12.27800 -1.89200 -3.01100 5.60500 10.43700 0.03100 4.41500 14.32300 9.67400 5.48300 8.27000
43.00000 -16.69300 2.28900 1.08800 -3.49900 1.64800 13.74300 0.06100 -2.52300 7.07000 3.11300 -1.92300 1.97300 11.88200 8.20900 3.04200 8.75900
44.00000 -11.81000 1.31200 6.46000 -1.05800 1.64800 10.81300 2.99100 -1.05800 7.55800 -2.74700 -4.36400 -0.46800 8.46400 6.74400 -0.37600 6.31700
45.00000 -9.85700 -0.15300 7.92400 1.38300 2.62500 6.90700 4.45600 0.40700 6.58200 -1.77000 -6.80500 -2.90900 5.04600 4.30300 -3.30600 1.43400
46.00000 -8.39200 0.33600 6.46000 3.33700 5.55400 3.48900 3.47900 1.38300 4.14000 5.55400 -8.27000 -3.88600 1.13900 1.37300 -4.77100 -2.96000
47.00000 -3.51000 2.77700 4.50600 2.36000 7.99600 3.00100 2.01400 1.38300 1.69900 12.87800 -8.27000 -3.39800 -1.30200 -1.06800 -4.28300 -5.40200
48.00000 8.69800 5.70700 3.53000 0.40700 8.48400 4.95400 2.01400 1.38300 0.72200 16.29600 -6.80500 -1.44400 -2.27900 -2.04500 -1.35300 -4.42500
49.00000 21.88100 6.68300 3.04200 -2.03500 6.04200 7.39500 3.96700 1.38300 0.72200 12.87800 -4.85200 0.99700 -1.79000 -0.58000 0.60000 -1.98400
50.00000 27.74000 4.73000 2.55300 -2.52300 3.11300 9.83700 6.40900 2.36000 1.69900 6.04200 -2.89900 2.95000 -0.81400 2.35000 1.08800 0.45800
51.00000 20.90500 1.31200 1.57700 -1.05800 1.64800 11.30200 7.87400 3.33700 1.69900 -0.30500 -1.92300 3.92700 0.16300 4.30300 0.60000 1.43400
52.00000 5.28000 -2.59400 0.11200 1.38300 1.16000 12.27800 7.38500 3.82500 1.21100 -5.18800 -1.43400 4.41500 0.65100 3.81500 -0.37600 0.45800
53.00000 -8.39200 -5.03500 -0.37600 2.36000 0.67100 11.79000 4.94400 3.33700 -0.74300 -8.60600 -0.94600 4.41500 -0.32600 0.88500 0.11200 -1.00700
54.00000 -11.32200 -6.98900 -0.37600 -1.05800 -1.28200 9.34900 2.01400 2.36000 -2.69600 -12.02400 0.03100 5.39100 -1.30200 -3.51000 2.55300 -1.49500
55.00000 -4.48600 -7.47700 0.11200 -6.91700 -5.18800 5.93100 -0.42700 0.89500 -4.16100 -12.02400 0.51900 5.39100 -2.27900 -6.43900 4.50600 -1.49500
56.00000 3.32600 -7.47700 0.11200 -11.80000 -8.60600 2.02400 -1.40400 0.40700 -3.67200 -7.14100 -0.94600 4.90300 -1.79000 -7.41600 4.50600 -1.98400
57.00000 2.35000 -6.01200 -0.37600 -11.80000 -9.09400 -0.41700 -2.38000 -0.08100 -1.71900 3.11300 -3.38700 3.43800 -0.32600 -6.43900 2.55300 -1.98400
58.00000 -11.32200 -2.59400 0.11200 -7.40600 -5.67600 0.07100 -2.38000 0.40700 1.69900 13.85500 -5.82900 2.46200 2.60400 -3.02100 -0.37600 -1.98400
59.00000 -30.36500 0.82400 0.60000 -2.03500 -0.79300 3.00100 -1.89200 0.89500 5.11700 18.73800 -6.80500 2.46200 6.02200 -1.06800 -1.35300 -1.98400
60.00000 -44.52500 2.77700 -0.37600 -0.08100 1.64800 7.39500 -1.40400 0.89500 6.58200 14.83200 -5.34100 2.95000 8.46400 -1.06800 0.11200 -1.98400
61.00000 -45.01300 -0.64100 -4.28300 -3.01100 -0.79300 10.32500 -0.42700 0.40700 6.58200 5.06600 -2.89900 3.92700 9.44000 -2.04500 2.55300 -2.47200
62.00000 -29.38800 -8.45300 -10.14200 -8.38200 -4.21100 9.34900 -0.91600 -0.57000 5.11700 -4.70000 -0.94600 4.41500 8.95200 -3.99800 4.50600 -3.93700
63.00000 -3.99800 -16.75400 -15.02500 -13.75300 -5.67600 5.44200 -3.35700 -2.03500 2.67500 -8.60600 -0.94600 3.43800 7.48700 -4.97400 4.01800 -5.89000
64.00000 19.44000 -20.66000 -16.00100 -16.19500 -4.21100 0.55900 -6.77500 -3.49900 0.72200 -6.16500 -2.89900 1.48500 5.53400 -4.48600 2.06500 -6.86600
65.00000 30.18200 -16.75400 -11.60700 -15.70600 -0.30500 -2.37000 -10.19300 -5.45200 -0.25400 -0.79300 -5.82900 0.02000 4.06900 -2.53300 0.11200 -4.91300
66.00000 24.32300 -6.50000 -4.77100 -13.75300 2.13600 -1.39400 -10.19300 -6.42900 -0.25400 4.08900 -6.31700 0.02000 4.06900 0.39700 0.60000 -0.03100
67.00000 7.23300 3.75400 0.60000 -11.31200 0.67100 3.00100 -7.26300 -5.94100 0.72200 6.04200 -4.85200 1.97300 5.04600 3.32600 3.53000 5.82900
68.00000 -8.88100 8.63600 2.06500 -9.84700 -2.25800 9.34900 -1.89200 -3.49900 2.18700 6.53100 -0.45800 5.39100 6.99900 5.76800 7.43600 9.73500
69.00000 -15.22800 6.68300 -0.37600 -8.38200 -3.72300 14.23100 3.47900 -0.08100 3.65200 7.01900 3.93700 8.32100 8.95200 6.74400 10.85400 10.22300
70.00000 -14.74000 0.82400 -2.81800 -5.94100 -1.28200 16.67300 6.89700 2.84800 5.60500 7.99600 7.35500 10.27400 9.92800 6.74400 11.83100 7.78200
71.00000 -15.22800 -4.54700 -3.30600 -2.52300 3.60100 15.69600 6.89700 4.80100 7.07000 7.99600 7.84300 9.78600 8.95200 5.76800 9.38900 4.36400
72.00000 -22.55200 -6.01200 -1.84100 1.38300 7.50700 13.74300 3.96700 4.80100 7.07000 5.06600 5.89000 7.34500 6.02200 3.32600 4.99500 1.43400
73.00000 -32.31800 -4.54700 -0.86500 4.80100 6.53100 11.30200 1.03800 3.33700 6.09300 -0.30500 1.49500 3.92700 2.60400 0.88500 0.11200 -0.03100
74.00000 -28.90000 -2.10600 -0.86500 6.26600 3.11300 10.32500 -0.91600 1.87200 4.62800 -5.67600 -2.41100 0.50900 0.16300 -0.58000 -3.30600 -1.49500
75.00000 -4.48600 0.82400 -0.37600 4.31300 -0.30500 11.30200 -0.91600 0.89500 3.65200 -6.65300 -4.85200 -1.44400 -0.32600 -0.58000 -4.28300 -2.47200
76.00000 33.60000 5.70700 2.55300 -0.08100 0.67100 14.23100 1.03800 -0.08100 3.65200 -1.77000 -4.36400 -2.42100 1.13900 0.88500 -3.30600 -2.96000
77.00000 62.89700 14.00800 8.90100 -3.49900 6.53100 16.67300 2.99100 -0.57000 3.65200 8.48400 -2.41100 -1.93300 3.09200 3.81500 -0.86500 -3.44800
78.00000 62.89700 23.77300 15.24900 -3.49900 11.90200 19.11400 4.45600 -0.57000 4.14000 18.73800 -0.45800 -1.44400 4.55700 5.28000 1.08800 -1.98400
79.00000 32.13500 28.65600 16.22500 0.89500 14.83200 19.60200 4.94400 -0.57000 3.16400 23.13200 0.51900 -0.46800 4.06900 5.76800 1.57700 0.45800
80.00000 -10.34500 24.26100 9.38900 7.24300 12.87800 18.62600 3.96700 -1.05800 1.69900 19.22600 0.03100 0.02000 3.09200 4.30300 0.60000 2.89900
81.00000 -38.66600 11.56600 -2.81800 10.66100 8.48400 15.20800 1.03800 -1.05800 -0.25400 8.97200 -0.94600 0.50900 2.60400 1.86200 -0.37600 2.41100
82.00000 -38.17700 -3.08200 -13.07200 9.19600 4.08900 10.32500 -2.38000 -1.05800 -0.74300 -1.77000 -1.92300 1.48500 3.09200 -0.09200 -0.86500 0.45800
83.00000 -15.71700 -11.87100 -15.51300 3.33700 1.64800 5.93100 -5.31000 -1.05800 0.72200 -7.62900 -1.43400 2.46200 5.04600 0.39700 0.11200 -1.98400
84.00000 11.13900 -8.94200 -8.18900 -3.49900 1.16000 3.00100 -6.28700 -1.05800 4.14000 -6.65300 -0.94600 4.41500 7.48700 2.83800 1.08800 -3.44800
85.00000 26.76400 0.82400 4.50600 -8.38200 1.64800 3.48900 -3.84500 -0.08100 7.55800 1.16000 0.03100 5.88000 10.41700 5.76800 2.55300 -2.96000
86.00000 28.71700 10.59000 14.76000 -9.84700 2.62500 6.90700 1.03800 1.87200 10.00000 9.94900 0.51900 7.34500 11.39300 7.72100 3.04200 -0.51900
87.00000 22.36900 14.00800 16.71300 -8.38200 3.60100 12.27800 6.40900 3.33700 10.97600 17.27300 1.00700 8.32100 11.39300 7.23300 4.01800 2.41100
88.00000 14.06900 9.61300 11.34200 -5.45200 4.57800 16.18400 9.33800 4.80100 9.51100 19.22600 1.00700 8.32100 9.44000 3.81500 4.50600 3.87600
89.00000 6.25600 1.80100 3.53000 -2.52300 4.57800 17.16100 9.82700 5.77800 7.55800 15.32000 1.49500 7.34500 6.99900 -0.58000 4.01800 2.89900
90.00000 -3.99800 -5.03500 -0.86500 1.38300 2.62500 14.23100 6.89700 4.80100 5.11700 7.50700 0.51900 4.41500 4.06900 -3.51000 2.55300 0.45800
91.00000 -17.18100 -9.43000 -1.35300 6.26600 0.67100 9.34900 3.47900 2.36000 1.69900 -2.74700 -1.43400 1.48500 1.13900 -3.99800 -0.37600 -1.49500
92.00000 -27.92400 -12.36000 -0.86500 10.17300 -0.79300 4.46600 1.03800 -0.08100 -0.74300 -11.04700 -5.34100 -2.42100 -1.30200 -2.53300 -4.77100 -2.47200
93.00000 -31.34200 -14.31300 -1.84100 11.63700 0.18300 1.53600 0.54900 -2.52300 -3.18400 -15.93000 -8.75900 -5.35100 -2.27900 -1.06800 -9.16500 -2.47200
94.00000 -22.06400 -12.84800 -4.28300 9.68400 2.62500 1.04800 2.01400 -3.98800 -4.64900 -14.46500 -10.22300 -6.32700 -3.25500 -0.58000 -11.11900 -2.47200
95.00000 -1.55600 -6.01200 -2.81800 3.82500 5.55400 3.97700 4.45600 -3.98800 -4.64900 -7.14100 -8.27000 -4.86200 -2.76700 -1.55600 -10.14200 -2.47200
96.00000 22.36900 7.17200 4.01800 -3.98800 6.53100 8.86000 7.38500 -2.03500 -2.69600 4.57800 -3.87600 -1.44400 -0.81400 -1.55600 -5.74700 -1.98400
97.00000 38.48300 21.33200 13.29500 -10.33500 5.55400 15.69600 9.33800 0.40700 0.23400 15.80800 1.00700 2.95000 2.60400 0.39700 -0.37600 -0.03100
98.00000 37.99400 28.65600 19.15500 -12.77700 3.60100 21.55600 8.85000 1.87200 3.16400 21.17900 3.44800 5.88000 6.51000 4.30300 4.01800 2.89900
99.00000 21.39300 25.72600 15.24900 -10.33500 1.64800 23.02000 6.89700 2.36000 6.58200 19.71400 3.44800 6.85600 9.44000 8.20900 5.48300 5.82900
100.00000 -3.51000 13.51900 4.01800 -5.45200 1.64800 19.60200 4.45600 1.87200 7.55800 12.39000 1.00700 5.88000 10.90500 11.13900 4.01800 6.80500
101.00000 -23.52900 0.33600 -7.70100 -1.05800 3.60100 12.76700 2.50200 1.38300 8.04600 4.57800 -1.92300 3.92700 10.41700 10.65100 1.08800 5.34100
102.00000 -31.34200 -7.47700 -13.56000 2.84800 5.06600 6.41900 2.99100 0.89500 7.07000 0.18300 -3.38700 1.97300 8.46400 8.20900 0.11200 2.89900
103.00000 -26.94700 -7.96500 -11.60700 5.77800 5.06600 3.97700 4.45600 0.89500 5.11700 1.64800 -3.38700 0.99700 6.02200 5.28000 -0.86500 0.45800
104.00000 -15.22800 -4.54700 -3.79400 7.73100 3.60100 6.41900 6.89700 1.87200 3.16400 6.04200 -1.92300 1.48500 3.09200 1.86200 -0.37600 -0.51900
105.00000 -3.02100 -0.15300 4.01800 7.73100 1.64800 11.30200 7.38500 2.84800 1.21100 8.97200 -0.45800 2.46200 1.62800 -0.09200 0.60000 -0.03100
106.00000 9.18600 1.80100 9.87800 3.82500 -0.79300 15.20800 6.40900 2.84800 -0.25400 7.50700 0.03100 3.92700 1.13900 -2.04500 1.57700 -0.03100
107.00000 20.90500 3.26500 14.27200 -3.01100 -1.28200 15.20800 3.96700 1.87200 -1.23100 2.13600 0.03100 4.41500 1.13900 -3.99800 1.57700 -1.49500
108.00000 31.15800 5.21900 15.73700 -9.84700 -0.30500 12.27800 2.01400 0.40700 -1.23100 -2.25800 -1.43400 3.43800 1.13900 -5.46300 0.60000 -3.93700
109.00000 34.08800 7.66000 13.29500 -12.77700 1.16000 7.88400 0.54900 -1.54600 -0.25400 -3.23500 -3.87600 1.97300 1.13900 -5.95100 -1.84100 -5.89000
110.00000 24.81100 8.14800 7.43600 -10.33500 2.13600 4.95400 0.54900 -3.01100 0.72200 -0.79300 -7.29400 -0.46800 1.13900 -4.97400 -5.25900 -7.35500
111.00000 5.76800 4.24200 -0.86500 -3.49900 2.13600 3.97700 1.03800 -3.98800 1.69900 0.67100 -10.71200 -2.90900 0.65100 -3.51000 -9.16500 -7.84300
112.00000 -15.71700 -2.59400 -7.70100 3.33700 0.67100 4.46600 1.52600 -3.98800 2.67500 -0.79300 -13.15300 -4.37400 0.65100 -2.53300 -12.09500 -8.33100
113.00000 -26.94700 -9.43000 -10.14200 6.26600 -1.28200 5.93100 2.50200 -2.52300 3.65200 -4.21100 -12.66500 -4.86200 1.13900 -2.04500 -13.07200 -10.28400
114.00000 -22.55200 -11.38300 -7.70100 4.80100 -2.74700 6.41900 2.99100 -1.05800 3.65200 -6.16500 -11.20000 -3.88600 1.13900 -3.51000 -11.60700 -11.26100
115.00000 -6.43900 -6.50000 -2.33000 0.89500 -2.74700 6.90700 4.45600 -0.08100 2.67500 -3.23500 -8.75900 -2.42100 0.16300 -5.95100 -9.16500 -10.77300
116.00000 11.13900 1.80100 3.04200 -3.49900 -1.77000 6.90700 5.43200 0.89500 1.21100 3.11300 -7.29400 -1.44400 -0.81400 -8.39200 -7.21200 -8.33100
117.00000 20.41600 8.14800 6.94800 -6.42900 -0.30500 6.90700 4.45600 0.40700 -0.74300 7.99600 -7.78200 -1.93300 -3.25500 -10.83400 -7.70100 -5.89000
118.00000 17.97500 9.12500 7.43600 -7.89400 0.18300 5.93100 1.03800 -1.54600 -3.18400 5.55400 -9.73500 -3.39800 -5.69700 -12.78700 -10.14200 -5.89000
119.00000 6.25600 2.77700 4.50600 -8.38200 -1.28200 4.46600 -4.33300 -3.98800 -4.64900 -3.72300 -13.15300 -5.35100 -7.65000 -14.25200 -13.56000 -10.28400
120.00000 -8.88100 -6.50000 -2.33000 -8.87000 -3.72300 1.53600 -9.21600 -6.42900 -5.13700 -14.95400 -15.10600 -6.81600 -8.13800 -15.22800 -16.49000 -15.65600
121.00000 -21.57600 -12.36000 -10.63000 -7.89400 -5.67600 -0.90500 -10.68100 -7.89400 -4.64900 -19.83600 -15.59400 -6.81600 -8.13800 -14.74000 -16.49000 -18.09700
122.00000 -27.92400 -11.87100 -16.97800 -5.94100 -5.18800 -1.39400 -7.75100 -7.40600 -3.18400 -14.46500 -13.15300 -4.37400 -6.18500 -13.27500 -12.58300 -15.65600
123.00000 -27.92400 -7.47700 -17.95500 -2.52300 -2.74700 0.07100 -1.40400 -5.45200 -1.23100 -2.74700 -8.75900 -1.44400 -4.23200 -10.34500 -7.70100 -9.79600
124.00000 -21.57600 -4.05900 -12.09500 0.89500 0.67100 3.48900 4.94400 -2.52300 0.72200 8.48400 -3.87600 1.48500 -1.79000 -6.92700 -3.79400 -4.42500
125.00000 -9.85700 -5.03500 -1.84100 2.36000 4.08900 5.44200 8.36200 -0.08100 2.67500 11.90200 -0.94600 2.46200 -0.81400 -4.97400 -2.81800 -3.93700
126.00000 3.81500 -8.94200 6.46000 0.89500 6.53100 5.93100 7.87400 0.89500 3.16400 7.99600 -1.92300 0.99700 -1.30200 -4.97400 -5.74700 -9.30800
127.00000 16.02200 -9.91800 9.87800 -3.49900 7.01900 5.44200 4.45600 0.40700 3.16400 3.11300 -5.82900 -1.44400 -2.27900 -5.95100 -10.14200 -16.63200
128.00000 24.32300 -4.05900 7.43600 -8.38200 5.55400 5.93100 0.54900 -0.08100 1.21100 1.64800 -8.75900 -2.90900 -3.74300 -7.41600 -12.58300 -20.05000
129.00000 27.25200 7.17200 3.04200 -10.82400 1.16000 8.86000 -0.42700 -0.08100 -1.23100 5.55400 -9.24700 -2.42100 -4.23200 -8.39200 -11.11900 -17.12000
130.00000 23.83400 17.42600 1.08800 -9.84700 -3.72300 13.25500 2.01400 1.38300 -3.18400 10.92500 -4.85200 0.99700 -3.74300 -7.90400 -6.23600 -8.82000
131.00000 15.04500 18.89000 2.55300 -5.94100 -6.65300 16.67300 5.43200 3.33700 -3.67200 10.92500 1.49500 5.39100 -2.27900 -5.95100 -0.37600 0.45800
132.00000 3.81500 11.07800 5.48300 -1.05800 -6.16500 15.69600 8.36200 5.29000 -2.69600 3.60100 7.35500 8.32100 -0.81400 -3.99800 4.01800 5.82900
133.00000 -6.92700 0.82400 5.48300 1.87200 -2.25800 11.30200 9.33800 5.29000 -1.23100 -9.09400 9.30800 8.80900 0.16300 -2.04500 4.99500 6.31700
134.00000 -14.25200 -5.03500 1.08800 2.36000 2.62500 4.95400 8.85000 3.82500 0.23400 -19.83600 6.86600 6.36800 0.16300 -1.06800 2.55300 0.94600
135.00000 -17.18100 -3.57100 -6.23600 1.38300 4.57800 0.55900 6.89700 2.36000 0.23400 -22.27800 2.47200 3.92700 0.16300 -1.55600 -0.86500 -5.89000
136.00000 -17.18100 0.82400 -11.60700 -0.08100 2.62500 -1.39400 5.43200 0.89500 -0.25400 -14.95400 -1.92300 1.97300 -0.81400 -3.02100 -3.79400 -11.26100
137.00000 -14.74000 2.28900 -12.58300 -2.52300 -2.25800 -0.90500 3.96700 0.40700 -1.23100 -2.25800 -2.89900 1.97300 -0.81400 -5.46300 -4.28300 -13.70200
138.00000 -9.85700 -0.15300 -8.18900 -5.94100 -6.65300 1.04800 2.99100 0.89500 -1.71900 10.92500 -0.94600 4.41500 -0.32600 -6.92700 -2.33000 -11.74900
139.00000 -2.53300 -3.57100 -2.33000 -10.33500 -9.09400 2.51300 2.50200 1.38300 -1.71900 16.78500 2.47200 7.83300 1.62800 -7.41600 0.60000 -6.37800
140.00000 7.23300 -3.57100 2.06500 -14.24200 -9.58300 3.97700 3.47900 1.87200 -0.74300 14.83200 4.91300 10.27400 3.58100 -5.95100 4.50600 0.45800
141.00000 15.53300 0.33600 4.01800 -15.70600 -8.60600 6.41900 4.45600 2.84800 -0.25400 7.99600 5.40200 11.73900 4.55700 -3.51000 5.97100 5.34100
142.00000 16.02200 4.73000 3.53000 -13.26500 -7.62900 8.37200 5.92000 2.84800 0.23400 0.67100 3.93700 11.25100 4.55700 -1.55600 4.99500 6.31700
143.00000 7.72100 4.24200 2.06500 -7.40600 -6.16500 8.86000 5.92000 2.84800 -0.25400 -2.74700 1.49500 8.32100 3.09200 -1.55600 1.57700 2.41100
144.00000 -6.92700 -2.59400 -1.84100 -1.54600 -3.23500 6.41900 3.96700 1.38300 -0.74300 -2.74700 -2.41100 4.41500 -0.32600 -3.99800 -3.79400 -4.91300
145.00000 -20.59900 -11.87100 -8.67700 1.38300 0.18300 2.51300 -0.91600 -1.54600 -1.23100 -2.25800 -7.29400 -0.95600 -4.23200 -7.90400 -9.65400 -11.74900
146.00000 -24.99400 -17.24200 -17.46600 -1.54600 2.13600 -2.37000 -5.79800 -4.96400 -2.20700 -3.72300 -12.66500 -6.32700 -7.16100 -11.81000 -15.02500 -16.63200
147.00000 -20.11100 -15.77800 -24.30200 -7.40600 0.67100 -4.81200 -9.21600 -7.40600 -2.20700 -6.16500 -16.57100 -8.76900 -7.65000 -13.27500 -17.95500 -18.09700
148.00000 -10.83400 -8.94200 -24.79000 -13.75300 -2.74700 -4.81200 -10.19300 -8.38200 -2.20700 -8.11800 -18.52400 -8.76900 -6.67300 -13.76300 -17.95500 -17.12000
149.00000 -4.97400 -1.12900 -18.93100 -16.68300 -5.18800 -1.39400 -8.24000 -6.91700 -1.71900 -7.14100 -16.57100 -6.32700 -4.72000 -12.78700 -15.02500 -15.16700
150.00000 -4.97400 2.77700 -8.67700 -14.24200 -5.18800 1.53600 -4.33300 -3.49900 -0.74300 -3.72300 -11.20000 -1.93300 -2.76700 -11.81000 -11.11900 -12.72600
151.00000 -6.92700 1.80100 1.08800 -7.89400 -2.25800 4.95400 0.06100 -0.08100 0.23400 -0.79300 -4.36400 2.95000 -1.30200 -10.83400 -6.72400 -10.28400
152.00000 -2.53300 -1.61700 7.92400 -1.54600 1.64800 6.90700 3.47900 2.36000 0.72200 -1.77000 1.00700 5.88000 -0.81400 -8.88100 -2.81800 -7.35500
153.00000 10.65100 -2.59400 10.85400 2.36000 3.60100 8.37200 5.92000 3.33700 1.21100 -5.18800 2.96000 6.85600 -0.81400 -5.95100 -1.35300 -4.91300
154.00000 25.29900 1.31200 9.87800 3.33700 1.64800 9.83700 6.89700 2.36000 1.21100 -8.60600 1.98400 6.36800 -0.81400 -2.53300 -1.35300 -4.42500
155.00000 29.69400 8.63600 7.43600 3.33700 -0.79300 10.81300 6.40900 0.89500 1.69900 -6.65300 0.03100 5.39100 -0.32600 -0.09200 -2.33000 -4.91300
156.00000 18.95100 14.98400 3.04200 1.38300 -1.28200 11.30200 4.45600 -0.57000 2.67500 0.18300 -1.92300 3.92700 0.65100 0.39700 -4.28300 -5.89000
157.00000 -1.55600 14.98400 -3.79400 -2.03500 0.67100 10.32500 2.01400 -1.05800 3.65200 8.48400 -2.41100 2.46200 0.65100 -1.55600 -5.25900 -6.37800
158.00000 -16.69300 8.14800 -10.14200 -6.42900 3.60100 7.88400 0.06100 -1.54600 4.14000 13.85500 -1.92300 1.48500 0.65100 -4.48600 -5.74700 -5.89000
159.00000 -16.69300 -1.61700 -12.58300 -10.33500 3.60100 3.97700 -0.42700 -2.03500 3.16400 13.36700 -1.92300 0.99700 0.16300 -6.92700 -5.74700 -4.91300
160.00000 -5.46300 -7.47700 -9.65400 -12.28800 -0.30500 1.04800 0.54900 -2.03500 1.69900 7.01900 -2.89900 0.02000 -0.32600 -7.90400 -6.23600 -6.86600
161.00000 4.30300 -6.98900 -3.79400 -11.31200 -5.18800 -0.41700 2.01400 -2.03500 0.23400 -0.79300 -4.85200 -1.44400 -0.81400 -7.90400 -7.70100 -10.77300
162.00000 0.39700 -0.64100 0.60000 -6.91700 -7.62900 1.04800 2.99100 -2.52300 -0.74300 -5.18800 -6.80500 -2.42100 -1.30200 -6.92700 -9.65400 -14.19100
163.00000 -13.27500 5.70700 0.60000 -3.49900 -6.65300 3.97700 3.96700 -3.01100 -0.25400 -4.21100 -8.27000 -3.39800 -1.79000 -6.43900 -11.11900 -14.67900
164.00000 -23.04100 8.63600 -3.30600 -2.03500 -1.77000 7.39500 4.45600 -2.52300 0.72200 -0.79300 -7.29400 -2.90900 -1.79000 -5.46300 -11.11900 -10.77300
165.00000 -17.67000 7.66000 -7.70100 -3.49900 2.62500 10.81300 5.43200 -2.52300 2.18700 2.13600 -4.85200 -0.46800 -0.32600 -4.48600 -8.18900 -3.93700
166.00000 2.83800 5.70700 -9.16500 -6.42900 5.06600 13.74300 5.92000 -2.52300 3.16400 3.11300 -0.94600 2.46200 1.62800 -2.04500 -3.79400 1.92300
167.00000 23.83400 4.73000 -5.25900 -10.33500 4.57800 16.18400 6.40900 -2.52300 4.14000 4.08900 1.98400 5.39100 3.58100 0.88500 -0.37600 3.87600
168.00000 30.67000 5.21900 1.57700 -11.80000 2.62500 18.13800 6.40900 -3.01100 4.14000 7.01900 3.93700 5.88000 5.04600 3.81500 1.57700 1.92300
169.00000 18.95100 5.21900 6.46000 -12.28800 0.18300 18.62600 4.94400 -3.49900 4.62800 12.39000 2.96000 4.41500 6.02200 5.76800 1.08800 -0.51900
170.00000 -1.55600 2.28900 4.99500 -12.77700 -2.74700 15.69600 3.47900 -3.98800 4.62800 16.78500 1.00700 1.97300 6.02200 5.76800 -0.86500 -1.98400
171.00000 -17.67000 -4.05900 -1.35300 -13.26500 -6.65300 9.83700 2.50200 -3.98800 3.16400 15.32000 -1.92300 0.02000 4.55700 3.32600 -2.81800 -1.00700
172.00000 -21.08800 -9.91800 -7.21200 -13.75300 -11.53600 2.51300 1.52600 -3.49900 1.69900 7.99600 -3.87600 -0.46800 3.58100 0.39700 -3.30600 -0.03100
173.00000 -13.27500 -10.89500 -7.70100 -13.26500 -14.46500 -1.39400 1.52600 -3.01100 -0.74300 -1.28200 -3.38700 0.50900 1.62800 -3.02100 -3.79400 -1.49500
174.00000 -1.55600 -5.52400 -2.33000 -11.80000 -13.48900 -0.41700 1.52600 -2.03500 -2.20700 -4.70000 -2.41100 1.48500 0.16300 -4.97400 -3.30600 -4.91300
175.00000 8.20900 2.77700 5.48300 -10.33500 -8.11800 5.44200 2.50200 -1.54600 -2.20700 -0.30500 -0.94600 1.97300 -0.81400 -5.95100 -3.79400 -8.33100
176.00000 12.60400 9.12500 8.41300 -9.84700 -1.28200 13.25500 2.99100 -2.03500 -1.23100 7.01900 -0.94600 0.99700 -0.81400 -6.43900 -4.77100 -9.79600
177.00000 12.60400 9.61300 4.01800 -10.33500 4.57800 18.13800 3.96700 -3.01100 1.21100 10.92500 -2.89900 -0.46800 -0.32600 -6.43900 -5.74700 -6.86600
178.00000 9.67400 5.21900 -4.28300 -10.33500 6.53100 19.11400 4.45600 -3.49900 3.16400 6.04200 -4.85200 -0.95600 0.65100 -5.95100 -6.23600 -1.98400
179.00000 4.79100 1.31200 -10.14200 -9.35900 6.53100 17.16100 4.94400 -3.98800 4.14000 -1.77000 -5.82900 0.02000 1.62800 -4.97400 -5.25900 1.43400
180.00000 -2.04500 3.26500 -9.65400 -5.94100 6.04200 14.72000 5.43200 -3.49900 4.14000 -5.67600 -4.36400 1.48500 1.62800 -3.99800 -3.79400 1.92300
181.00000 -7.90400 11.56600 -4.77100 -2.52300 5.55400 14.23100 5.43200 -3.01100 2.67500 -0.30500 -1.43400 2.95000 0.65100 -3.51000 -2.33000 -1.00700
182.00000 -9.36900 21.33200 -0.86500 -1.54600 4.57800 15.69600 5.43200 -3.01100 1.21100 11.41400 0.03100 3.43800 -0.81400 -3.99800 -1.35300 -4.42500
183.00000 -3.99800 25.23800 -1.35300 -5.45200 0.18300 17.16100 3.96700 -3.98800 -0.25400 19.71400 0.03100 2.95000 -1.79000 -5.95100 -1.35300 -6.37800
184.00000 5.76800 19.37900 -3.30600 -12.77700 -6.65300 15.69600 0.06100 -4.47600 -2.20700 17.27300 -2.41100 2.46200 -2.27900 -7.90400 -2.33000 -6.86600
185.00000 13.09200 6.19500 -4.28300 -20.58900 -13.48900 10.32500 -4.33300 -5.94100 -3.67200 4.08900 -5.34100 1.97300 -2.27900 -9.85700 -4.28300 -6.86600
186.00000 12.60400 -8.45300 -3.30600 -24.49500 -18.86000 1.53600 -9.21600 -6.42900 -5.13700 -11.53600 -6.80500 0.99700 -1.79000 -9.85700 -5.74700 -7.84300
187.00000 1.86200 -17.24200 -2.81800 -23.03100 -20.32500 -7.74100 -11.65800 -6.91700 -6.11400 -21.79000 -7.78200 0.50900 -1.30200 -8.88100 -7.70100 -9.30800
188.00000 -12.78700 -18.21900 -6.23600 -19.12400 -18.37200 -13.60100 -11.16900 -6.42900 -6.11400 -22.27800 -6.80500 -0.46800 -1.79000 -6.92700 -9.65400 -10.28400
189.00000 -24.01700 -14.31300 -13.56000 -15.21800 -13.97700 -13.11200 -8.24000 -5.45200 -5.62500 -15.44200 -6.80500 -0.95600 -2.27900 -6.92700 -10.14200 -9.30800
190.00000 -24.99400 -10.40600 -20.39600 -13.26500 -9.58300 -6.76500 -4.33300 -4.47600 -4.16100 -7.14100 -6.31700 -0.95600 -3.74300 -8.39200 -10.14200 -6.37800
191.00000 -17.18100 -8.45300 -21.86100 -13.75300 -4.70000 2.51300 -1.89200 -3.49900 -3.18400 -0.30500 -5.82900 -0.46800 -5.69700 -11.32200 -8.67700 -4.42500
192.00000 -7.90400 -6.98900 -17.46600 -13.75300 -0.79300 9.83700 -0.42700 -3.01100 -3.18400 3.60100 -4.36400 0.50900 -7.16100 -14.74000 -6.72400 -4.91300
193.00000 -4.48600 -5.03500 -10.63000 -11.80000 1.64800 11.30200 0.06100 -3.01100 -3.67200 4.57800 -2.41100 1.48500 -8.62600 -16.20500 -5.74700 -8.33100
194.00000 -7.41600 -1.61700 -5.74700 -7.89400 0.67100 7.39500 1.03800 -3.01100 -4.16100 2.62500 -0.45800 1.97300 -8.13800 -15.22800 -5.25900 -12.72600
195.00000 -10.83400 1.80100 -3.79400 -5.45200 -2.25800 1.53600 0.54900 -3.01100 -5.13700 -3.23500 0.03100 2.95000 -6.67300 -12.78700 -5.74700 -15.16700
196.00000 -7.90400 0.82400 -4.77100 -6.42900 -6.65300 -1.39400 -0.91600 -4.47600 -4.64900 -10.07100 -0.94600 1.97300 -3.74300 -8.88100 -7.21200 -13.70200
197.00000 2.83800 -3.57100 -7.21200 -12.77700 -10.55900 -0.41700 -3.35700 -5.94100 -3.67200 -14.95400 -3.38700 1.48500 -0.32600 -6.43900 -8.18900 -10.28400
198.00000 14.06900 -7.96500 -9.65400 -20.58900 -12.51200 3.00100 -7.26300 -7.40600 -2.20700 -14.46500 -5.34100 0.02000 2.60400 -4.48600 -9.16500 -6.37800
199.00000 16.02200 -8.45300 -13.07200 -25.96000 -12.51200 5.44200 -10.19300 -8.87000 -0.74300 -8.60600 -7.78200 -1.93300 3.09200 -3.51000 -10.14200 -3.44800
200.00000 5.28000 -5.52400 -16.97800 -25.96000 -11.53600 4.95400 -11.16900 -9.84700 0.23400 -0.79300 -10.22300 -4.37400 2.11600 -3.51000 -11.11900 -2.47200
201.00000 -12.78700 -1.12900 -18.93100 -21.56600 -10.07100 2.51300 -10.68100 -9.35900 -0.25400 4.57800 -12.66500 -7.30400 -0.81400 -3.51000 -12.58300 -2.96000
202.00000 -25.48200 0.82400 -18.44300 -15.70600 -8.11800 0.55900 -10.19300 -8.87000 -1.23100 6.04200 -15.59400 -10.23400 -3.74300 -4.97400 -15.02500 -4.91300
203.00000 -24.50600 -1.12900 -14.53700 -12.28800 -5.18800 1.04800 -10.68100 -7.89400 -1.71900 5.06600 -18.03600 -12.67500 -5.69700 -6.43900 -17.46600 -8.33100
204.00000 -12.29900 -4.54700 -11.11900 -12.28800 -2.74700 3.00100 -13.12300 -8.38200 -1.71900 3.60100 -19.01200 -14.14000 -6.18500 -7.41600 -18.93100 -12.23800
205.00000 0.39700 -8.45300 -11.60700 -13.75300 -1.77000 3.97700 -16.54100 -9.35900 -0.25400 3.60100 -19.01200 -14.62800 -4.72000 -7.41600 -18.93100 -14.67900
206.00000 2.35000 -11.38300 -16.49000 -14.24200 -3.23500 3.00100 -19.95800 -10.33500 0.72200 4.08900 -18.52400 -13.16300 -2.27900 -5.95100 -16.97800 -14.67900
207.00000 -7.41600 -14.31300 -22.34900 -13.26500 -5.18800 -0.41700 -21.42300 -10.82400 1.69900 4.57800 -17.05900 -10.72200 1.13900 -3.51000 -14.53700 -11.26100
208.00000 -20.11100 -16.75400 -24.79000 -12.77700 -7.62900 -2.85800 -20.93500 -10.82400 2.18700 3.11300 -15.59400 -6.32700 3.58100 -2.04500 -10.63000 -5.40200
209.00000 -25.97000 -17.24200 -20.88400 -14.24200 -8.60600 -3.34700 -18.98200 -9.84700 2.67500 0.67100 -13.64100 -1.93300 5.53400 -2.53300 -8.18900 -0.03100
210.00000 -22.06400 -16.26600 -14.04800 -17.66000 -9.09400 -0.41700 -15.56400 -8.38200 2.18700 -4.21100 -10.71200 1.48500 5.53400 -5.95100 -7.21200 1.92300
211.00000 -13.76300 -13.33600 -9.16500 -20.58900 -10.55900 3.00100 -11.16900 -6.91700 1.21100 -11.53600 -8.27000 2.95000 3.09200 -10.83400 -9.16500 -0.51900
212.00000 -8.88100 -11.38300 -10.63000 -20.10100 -12.51200 5.44200 -7.26300 -5.45200 -0.25400 -20.32500 -6.31700 1.48500 -1.30200 -16.20500 -13.07200 -6.37800
213.00000 -10.34500 -10.40600 -16.00100 -16.68300 -14.95400 5.44200 -2.86900 -3.98800 -1.71900 -26.18400 -6.31700 -1.44400 -7.16100 -19.62300 -16.97800 -13.70200
214.00000 -14.25200 -8.45300 -21.86100 -12.77700 -15.93000 4.46600 0.06100 -3.01100 -3.18400 -23.74300 -6.80500 -3.88600 -11.55600 -20.59900 -19.41900 -20.05000
215.00000 -14.25200 -4.54700 -23.32600 -11.31200 -13.97700 3.97700 2.50200 -2.52300 -4.16100 -10.55900 -6.80500 -5.35100 -13.50900 -18.64600 -17.95500 -24.44500
216.00000 -7.41600 2.77700 -20.88400 -13.26500 -9.58300 4.95400 2.99100 -3.01100 -3.67200 8.97200 -5.34100 -4.37400 -13.02100 -15.22800 -14.53700 -23.95600
217.00000 1.86200 8.14800 -16.00100 -17.17100 -4.21100 6.90700 2.01400 -3.49900 -2.20700 23.62100 -1.92300 -2.42100 -10.57900 -10.83400 -9.65400 -20.05000
218.00000 7.72100 9.12500 -11.11900 -21.07700 0.18300 7.88400 0.06100 -4.47600 -0.25400 25.57400 0.03100 -0.46800 -7.16100 -6.43900 -6.23600 -13.21400
219.00000 5.76800 3.75400 -8.18900 -23.03100 2.62500 6.90700 -1.40400 -5.45200 1.69900 13.85500 0.03100 -0.95600 -3.25500 -2.53300 -6.23600 -6.37800
220.00000 -3.02100 -4.54700 -7.70100 -22.54200 2.62500 5.93100 -3.84500 -6.91700 2.67500 -3.23500 -3.87600 -3.39800 0.16300 0.39700 -8.18900 -2.47200
221.00000 -12.78700 -10.89500 -9.65400 -19.61300 1.64800 4.46600 -7.75100 -8.38200 3.16400 -15.44200 -10.22300 -7.30400 2.60400 1.37300 -12.09500 -1.98400
222.00000 -19.13500 -11.87100 -14.04800 -15.70600 -0.79300 4.95400 -12.63400 -9.84700 2.67500 -17.88300 -17.05900 -11.21000 4.06900 -0.09200 -16.00100 -3.93700
223.00000 -21.08800 -8.94200 -19.90800 -12.28800 -3.72300 5.44200 -18.49400 -11.31200 2.18700 -13.48900 -22.91900 -13.65200 5.04600 -3.02100 -18.44300 -5.40200
224.00000 -20.11100 -6.01200 -26.25500 -10.82400 -6.65300 6.41900 -23.37600 -11.80000 1.21100 -7.62900 -25.84800 -14.62800 4.06900 -6.92700 -19.41900 -5.40200
225.00000 -19.13500 -5.52400 -29.18500 -10.82400 -9.58300 5.93100 -25.33000 -11.80000 0.72200 -5.18800 -26.33700 -14.14000 3.09200 -9.36900 -19.90800 -3.93700
226.00000 -17.67000 -7.96500 -27.72000 -12.77700 -10.55900 4.46600 -23.86500 -10.82400 0.23400 -4.70000 -24.87200 -13.16300 1.13900 -10.83400 -20.39600 -3.93700
227.00000 -13.76300 -8.94200 -22.83700 -15.21800 -10.07100 3.97700 -19.47000 -9.35900 -0.25400 -3.23500 -22.43000 -11.69800 -1.30200 -11.81000 -20.39600 -6.86600
228.00000 -5.46300 -6.98900 -16.49000 -17.66000 -7.14100 4.95400 -13.61100 -7.89400 -1.23100 1.16000 -18.52400 -9.74500 -3.74300 -12.78700 -18.93100 -11.26100
229.00000 5.76800 -3.57100 -11.11900 -20.10100 -3.23500 7.39500 -9.21600 -6.91700 -2.20700 5.55400 -13.64100 -6.32700 -6.67300 -13.27500 -15.51300 -14.19100
230.00000 13.58000 -2.59400 -7.21200 -21.56600 -0.79300 8.86000 -7.75100 -6.91700 -2.69600 7.50700 -8.75900 -2.90900 -8.62600 -12.78700 -11.11900 -14.19100
231.00000 12.60400 -6.01200 -5.74700 -21.56600 0.67100 9.34900 -9.21600 -7.40600 -2.69600 6.04200 -4.36400 -0.46800 -10.57900 -10.83400 -7.70100 -11.74900
232.00000 1.86200 -11.38300 -7.70100 -19.12400 1.16000 7.88400 -10.19300 -7.40600 -2.20700 2.13600 -1.92300 0.02000 -12.04400 -9.36900 -7.21200 -10.28400
233.00000 -13.76300 -12.84800 -13.07200 -14.73000 0.67100 6.41900 -10.19300 -6.91700 -1.71900 -1.28200 -2.41100 -1.93300 -13.02100 -9.85700 -10.14200 -11.26100
234.00000 -24.50600 -6.50000 -20.39600 -11.31200 -0.30500 6.90700 -8.72800 -6.42900 -1.23100 -1.28200 -4.85200 -3.39800 -13.02100 -11.32200 -13.56000 -14.67900
235.00000 -25.48200 5.70700 -26.74400 -11.31200 -1.77000 9.34900 -7.75100 -5.45200 -1.23100 0.67100 -7.29400 -3.88600 -11.55600 -12.29900 -15.51300 -17.12000
236.00000 -18.15800 16.44900 -27.72000 -14.73000 -3.72300 13.74300 -8.24000 -5.45200 -0.74300 2.13600 -7.29400 -2.90900 -8.62600 -10.34500 -14.04800 -16.63200
237.00000 -9.85700 16.93700 -23.32600 -20.10100 -5.67600 16.18400 -9.21600 -5.94100 0.23400 2.62500 -5.82900 -0.46800 -4.23200 -4.97400 -10.14200 -12.72600
238.00000 -6.43900 7.17200 -16.49000 -23.51900 -7.14100 16.18400 -9.70500 -5.94100 0.72200 2.13600 -3.38700 1.48500 -1.30200 0.88500 -5.74700 -6.37800
239.00000 -8.39200 -6.50000 -10.63000 -22.05400 -6.16500 14.23100 -7.26300 -4.96400 0.72200 3.60100 -1.43400 1.48500 -0.32600 2.83800 -4.28300 -1.98400
240.00000 -11.32200 -14.31300 -8.18900 -16.68300 -1.77000 12.27800 -2.38000 -3.98800 -0.25400 7.99600 -1.92300 -0.95600 -2.27900 0.39700 -6.23600 -1.49500
241.00000 -9.36900 -10.40600 -8.18900 -9.84700 5.06600 12.27800 1.52600 -2.52300 -1.71900 13.36700 -4.36400 -4.37400 -5.20800 -5.95100 -10.14200 -4.42500
242.00000 -1.55600 1.80100 -7.70100 -4.96400 11.90200 14.72000 2.01400 -2.52300 -1.23100 16.29600 -7.78200 -8.28000 -8.13800 -12.78700 -15.02500 -8.82000
243.00000 9.18600 13.51900 -4.77100 -3.01100 15.32000 17.64900 -2.38000 -3.98800 -0.25400 13.36700 -11.68800 -11.21000 -9.60300 -17.67000 -18.93100 -14.19100
244.00000 16.02200 18.40200 -2.81800 -3.01100 14.34300 19.60200 -9.21600 -5.94100 1.69900 4.57800 -16.08300 -14.62800 -10.09100 -20.11100 -22.34900 -19.07300
245.00000 16.02200 15.47200 -5.25900 -3.49900 9.94900 20.09100 -15.56400 -7.89400 2.18700 -6.16500 -20.47700 -17.55800 -10.57900 -21.57600 -26.25500 -22.98000
246.00000 9.18600 8.63600 -13.56000 -3.01100 3.60100 18.62600 -18.98200 -9.84700 1.69900 -13.97700 -25.36000 -20.97600 -11.55600 -22.06400 -30.65000 -26.39800
247.00000 -3.02100 1.80100 -22.83700 -3.98800 -1.77000 16.18400 -20.44700 -11.31200 0.72200 -16.90700 -28.77800 -22.92900 -12.53300 -21.57600 -34.55600 -27.86300
248.00000 -16.69300 -3.57100 -28.69700 -8.38200 -5.67600 12.27800 -19.47000 -12.28800 0.23400 -14.46500 -30.24300 -21.46400 -11.06800 -18.15800 -35.53300 -26.88600
249.00000 -28.41200 -8.94200 -27.72000 -17.17100 -8.11800 8.37200 -18.00500 -13.26500 1.21100 -8.60600 -26.82500 -17.06900 -7.16100 -11.32200 -32.11500 -22.49100
250.00000 -33.78300 -13.82400 -22.83700 -27.42500 -9.09400 5.44200 -16.05200 -13.26500 3.65200 -1.28200 -19.50100 -9.74500 -1.30200 -2.04500 -23.32600 -14.19100
251.00000 -30.85300 -17.24200 -20.39600 -35.72600 -9.58300 4.95400 -13.61100 -12.77700 6.09300 8.48400 -10.71200 -1.44400 5.04600 6.25600 -12.09500 -3.93700
252.00000 -20.59900 -16.26600 -23.32600 -37.67900 -8.11800 7.39500 -12.14600 -11.80000 6.58200 18.25000 -2.41100 3.92700 8.95200 12.11500 -2.33000 4.85200
253.00000 -8.39200 -10.89500 -29.18500 -33.77300 -5.18800 11.79000 -11.65800 -11.31200 6.09300 25.57400 1.49500 6.36800 10.41700 14.55700 4.01800 10.71200
254.00000 0.88500 -3.57100 -30.16200 -26.44900 -0.79300 17.16100 -11.65800 -10.82400 4.14000 26.06200 1.98400 4.90300 8.95200 15.04500 6.94800 12.66500
255.00000 5.28000 2.77700 -21.86100 -17.66000 4.57800 22.04400 -12.14600 -9.84700 2.18700 19.71400 0.51900 1.97300 6.51000 14.55700 7.92400 12.17700
256.00000 8.20900 8.14800 -6.72400 -9.35900 8.97200 26.43800 -11.65800 -8.38200 0.72200 9.46000 -0.94600 -1.44400 3.09200 12.11500 7.43600 11.20000
